C0G620 1992060101 -9999 -9999 -9999 -9996
C0G620 1992060102 -9999 -9999 -9999 -9996
C0G620 1992060103 -9999 -9999 -9999 1.0
C0G620 1992060104 -9999 -9999 -9999 5.5
C0G620 1992060105 -9999 -9999 -9999 27.0
C0G620 1992060106 -9999 -9999 -9999 1.0
C0G620 1992060107 -9999 -9999 -9999 0.0
C0G620 1992060108 -9999 -9999 -9999 0.0
C0G620 1992060109 -9999 -9999 -9999 0.0
C0G620 1992060110 -9999 -9999 -9999 0.0
C0G620 1992060111 -9999 -9999 -9999 0.0
C0G620 1992060112 -9999 -9999 -9999 0.0
C0G620 1992060113 -9999 -9999 -9999 0.0
C0G620 1992060114 -9999 -9999 -9999 0.0
C0G620 1992060115 -9999 -9999 -9999 0.0
C0G620 1992060116 -9999 -9999 -9999 0.0
C0G620 1992060117 -9999 -9999 -9999 0.0
C0G620 1992060118 -9999 -9999 -9999 0.0
C0G620 1992060119 -9999 -9999 -9999 0.0
C0G620 1992060120 -9999 -9999 -9999 0.0
C0G620 1992060121 -9999 -9999 -9999 0.0
C0G620 1992060122 -9999 -9999 -9999 0.0
C0G620 1992060123 -9999 -9999 -9999 0.0
C0G620 1992060124 -9999 -9999 -9999 0.0
C0G620 1992060201 -9999 -9999 -9999 0.0
C0G620 1992060202 -9999 -9999 -9999 0.0
C0G620 1992060203 -9999 -9999 -9999 0.0
C0G620 1992060204 -9999 -9999 -9999 0.0
C0G620 1992060205 -9999 -9999 -9999 0.0
C0G620 1992060206 -9999 -9999 -9999 0.0
C0G620 1992060207 -9999 -9999 -9999 0.0
C0G620 1992060208 -9999 -9999 -9999 0.0
C0G620 1992060209 -9999 -9999 -9999 0.0
C0G620 1992060210 -9999 -9999 -9999 0.0
C0G620 1992060211 -9999 -9999 -9999 0.0
C0G620 1992060212 -9999 -9999 -9999 0.0
C0G620 1992060213 -9999 -9999 -9999 0.0
C0G620 1992060214 -9999 -9999 -9999 0.0
C0G620 1992060215 -9999 -9999 -9999 0.0
C0G620 1992060216 -9999 -9999 -9999 0.0
C0G620 1992060217 -9999 -9999 -9999 0.0
C0G620 1992060218 -9999 -9999 -9999 0.0
C0G620 1992060219 -9999 -9999 -9999 0.0
C0G620 1992060220 -9999 -9999 -9999 -9996
C0G620 1992060221 -9999 -9999 -9999 -9996
C0G620 1992060222 -9999 -9999 -9999 -9996
C0G620 1992060223 -9999 -9999 -9999 -9996
C0G620 1992060224 -9999 -9999 -9999 -9996
C0G620 1992060301 -9999 -9999 -9999 0.0
C0G620 1992060302 -9999 -9999 -9999 0.0
C0G620 1992060303 -9999 -9999 -9999 0.0
C0G620 1992060304 -9999 -9999 -9999 0.0
C0G620 1992060305 -9999 -9999 -9999 0.0
C0G620 1992060306 -9999 -9999 -9999 0.0
C0G620 1992060307 -9999 -9999 -9999 0.0
C0G620 1992060308 -9999 -9999 -9999 0.0
C0G620 1992060309 -9999 -9999 -9999 0.0
C0G620 1992060310 -9999 -9999 -9999 0.0
C0G620 1992060311 -9999 -9999 -9999 0.0
C0G620 1992060312 -9999 -9999 -9999 0.0
C0G620 1992060313 -9999 -9999 -9999 0.0
C0G620 1992060314 -9999 -9999 -9999 0.0
C0G620 1992060315 -9999 -9999 -9999 0.0
C0G620 1992060316 -9999 -9999 -9999 0.0
C0G620 1992060317 -9999 -9999 -9999 0.0
C0G620 1992060318 -9999 -9999 -9999 0.0
C0G620 1992060319 -9999 -9999 -9999 0.0
C0G620 1992060320 -9999 -9999 -9999 -9996
C0G620 1992060321 -9999 -9999 -9999 -9996
C0G620 1992060322 -9999 -9999 -9999 -9996
C0G620 1992060323 -9999 -9999 -9999 -9996
C0G620 1992060324 -9999 -9999 -9999 -9996
C0G620 1992060401 -9999 -9999 -9999 0.0
C0G620 1992060402 -9999 -9999 -9999 0.0
C0G620 1992060403 -9999 -9999 -9999 0.0
C0G620 1992060404 -9999 -9999 -9999 0.0
C0G620 1992060405 -9999 -9999 -9999 0.0
C0G620 1992060406 -9999 -9999 -9999 0.0
C0G620 1992060407 -9999 -9999 -9999 0.0
C0G620 1992060408 -9999 -9999 -9999 -9996
C0G620 1992060409 -9999 -9999 -9999 -9996
C0G620 1992060410 -9999 -9999 -9999 -9996
C0G620 1992060411 -9999 -9999 -9999 -9996
C0G620 1992060412 -9999 -9999 -9999 -9996
C0G620 1992060413 -9999 -9999 -9999 -9996
C0G620 1992060414 -9999 -9999 -9999 -9996
C0G620 1992060415 -9999 -9999 -9999 -9996
C0G620 1992060416 -9999 -9999 -9999 -9996
C0G620 1992060417 -9999 -9999 -9999 -9996
C0G620 1992060418 -9999 -9999 -9999 -9996
C0G620 1992060419 -9999 -9999 -9999 -9996
C0G620 1992060420 -9999 -9999 -9999 -9996
C0G620 1992060421 -9999 -9999 -9999 -9996
C0G620 1992060422 -9999 -9999 -9999 -9996
C0G620 1992060423 -9999 -9999 -9999 -9996
C0G620 1992060424 -9999 -9999 -9999 -9996
C0G620 1992060501 -9999 -9999 -9999 -9996
C0G620 1992060502 -9999 -9999 -9999 -9996
C0G620 1992060503 -9999 -9999 -9999 -9996
C0G620 1992060504 -9999 -9999 -9999 -9996
C0G620 1992060505 -9999 -9999 -9999 -9996
C0G620 1992060506 -9999 -9999 -9999 -9996
C0G620 1992060507 -9999 -9999 -9999 -9996
C0G620 1992060508 -9999 -9999 -9999 -9996
C0G620 1992060509 -9999 -9999 -9999 -9996
C0G620 1992060510 -9999 -9999 -9999 -9996
C0G620 1992060511 -9999 -9999 -9999 -9996
C0G620 1992060512 -9999 -9999 -9999 -9996
C0G620 1992060513 -9999 -9999 -9999 -9996
C0G620 1992060514 -9999 -9999 -9999 -9996
C0G620 1992060515 -9999 -9999 -9999 -9996
C0G620 1992060516 -9999 -9999 -9999 -9996
C0G620 1992060517 -9999 -9999 -9999 -9996
C0G620 1992060518 -9999 -9999 -9999 -9996
C0G620 1992060519 -9999 -9999 -9999 -9996
C0G620 1992060520 -9999 -9999 -9999 -9996
C0G620 1992060521 -9999 -9999 -9999 -9996
C0G620 1992060522 -9999 -9999 -9999 -9996
C0G620 1992060523 -9999 -9999 -9999 -9996
C0G620 1992060524 -9999 -9999 -9999 -9996
C0G620 1992060601 -9999 -9999 -9999 -9996
C0G620 1992060602 -9999 -9999 -9999 -9996
C0G620 1992060603 -9999 -9999 -9999 -9996
C0G620 1992060604 -9999 -9999 -9999 -9996
C0G620 1992060605 -9999 -9999 -9999 -9996
C0G620 1992060606 -9999 -9999 -9999 -9996
C0G620 1992060607 -9999 -9999 -9999 -9996
C0G620 1992060608 -9999 -9999 -9999 -9996
C0G620 1992060609 -9999 -9999 -9999 -9996
C0G620 1992060610 -9999 -9999 -9999 -9996
C0G620 1992060611 -9999 -9999 -9999 -9996
C0G620 1992060612 -9999 -9999 -9999 -9996
C0G620 1992060613 -9999 -9999 -9999 -9996
C0G620 1992060614 -9999 -9999 -9999 -9996
C0G620 1992060615 -9999 -9999 -9999 -9996
C0G620 1992060616 -9999 -9999 -9999 -9996
C0G620 1992060617 -9999 -9999 -9999 -9996
C0G620 1992060618 -9999 -9999 -9999 -9996
C0G620 1992060619 -9999 -9999 -9999 -9996
C0G620 1992060620 -9999 -9999 -9999 -9996
C0G620 1992060621 -9999 -9999 -9999 -9996
C0G620 1992060622 -9999 -9999 -9999 -9996
C0G620 1992060623 -9999 -9999 -9999 -9996
C0G620 1992060624 -9999 -9999 -9999 -9996
C0G620 1992060701 -9999 -9999 -9999 -9996
C0G620 1992060702 -9999 -9999 -9999 -9996
C0G620 1992060703 -9999 -9999 -9999 -9996
C0G620 1992060704 -9999 -9999 -9999 -9996
C0G620 1992060705 -9999 -9999 -9999 -9996
C0G620 1992060706 -9999 -9999 -9999 -9996
C0G620 1992060707 -9999 -9999 -9999 -9996
C0G620 1992060708 -9999 -9999 -9999 -9996
C0G620 1992060709 -9999 -9999 -9999 -9996
C0G620 1992060710 -9999 -9999 -9999 -9996
C0G620 1992060711 -9999 -9999 -9999 -9996
C0G620 1992060712 -9999 -9999 -9999 -9996
C0G620 1992060713 -9999 -9999 -9999 -9996
C0G620 1992060714 -9999 -9999 -9999 -9996
C0G620 1992060715 -9999 -9999 -9999 -9996
C0G620 1992060716 -9999 -9999 -9999 -9996
C0G620 1992060717 -9999 -9999 -9999 -9996
C0G620 1992060718 -9999 -9999 -9999 -9996
C0G620 1992060719 -9999 -9999 -9999 -9996
C0G620 1992060720 -9999 -9999 -9999 -9996
C0G620 1992060721 -9999 -9999 -9999 -9996
C0G620 1992060722 -9999 -9999 -9999 -9996
C0G620 1992060723 -9999 -9999 -9999 -9996
C0G620 1992060724 -9999 -9999 -9999 -9996
C0G620 1992060801 -9999 -9999 -9999 -9996
C0G620 1992060802 -9999 -9999 -9999 -9996
C0G620 1992060803 -9999 -9999 -9999 -9996
C0G620 1992060804 -9999 -9999 -9999 -9996
C0G620 1992060805 -9999 -9999 -9999 -9996
C0G620 1992060806 -9999 -9999 -9999 -9996
C0G620 1992060807 -9999 -9999 -9999 -9996
C0G620 1992060808 -9999 -9999 -9999 -9996
C0G620 1992060809 -9999 -9999 -9999 -9996
C0G620 1992060810 -9999 -9999 -9999 -9996
C0G620 1992060811 -9999 -9999 -9999 -9996
C0G620 1992060812 -9999 -9999 -9999 28.0
C0G620 1992060813 -9999 -9999 -9999 -9996
C0G620 1992060814 -9999 -9999 -9999 -9996
C0G620 1992060815 -9999 -9999 -9999 -9996
C0G620 1992060816 -9999 -9999 -9999 -9996
C0G620 1992060817 -9999 -9999 -9999 0.5
C0G620 1992060818 -9999 -9999 -9999 0.5
C0G620 1992060819 -9999 -9999 -9999 0.5
C0G620 1992060820 -9999 -9999 -9999 -9996
C0G620 1992060821 -9999 -9999 -9999 1.0
C0G620 1992060822 -9999 -9999 -9999 2.0
C0G620 1992060823 -9999 -9999 -9999 -9996
C0G620 1992060824 -9999 -9999 -9999 0.5
C0G620 1992060901 -9999 -9999 -9999 -9996
C0G620 1992060902 -9999 -9999 -9999 0.5
C0G620 1992060903 -9999 -9999 -9999 -9996
C0G620 1992060904 -9999 -9999 -9999 -9996
C0G620 1992060905 -9999 -9999 -9999 -9996
C0G620 1992060906 -9999 -9999 -9999 -9996
C0G620 1992060907 -9999 -9999 -9999 -9996
C0G620 1992060908 -9999 -9999 -9999 -9996
C0G620 1992060909 -9999 -9999 -9999 13.5
C0G620 1992060910 -9999 -9999 -9999 2.0
C0G620 1992060911 -9999 -9999 -9999 -9996
C0G620 1992060912 -9999 -9999 -9999 -9996
C0G620 1992060913 -9999 -9999 -9999 -9996
C0G620 1992060914 -9999 -9999 -9999 -9996
C0G620 1992060915 -9999 -9999 -9999 -9996
C0G620 1992060916 -9999 -9999 -9999 -9996
C0G620 1992060917 -9999 -9999 -9999 -9996
C0G620 1992060918 -9999 -9999 -9999 -9996
C0G620 1992060919 -9999 -9999 -9999 -9996
C0G620 1992060920 -9999 -9999 -9999 -9996
C0G620 1992060921 -9999 -9999 -9999 -9996
C0G620 1992060922 -9999 -9999 -9999 -9996
C0G620 1992060923 -9999 -9999 -9999 -9996
C0G620 1992060924 -9999 -9999 -9999 -9996
C0G620 1992061001 -9999 -9999 -9999 -9996
C0G620 1992061002 -9999 -9999 -9999 -9996
C0G620 1992061003 -9999 -9999 -9999 -9996
C0G620 1992061004 -9999 -9999 -9999 0.0
C0G620 1992061005 -9999 -9999 -9999 -9996
C0G620 1992061006 -9999 -9999 -9999 -9996
C0G620 1992061007 -9999 -9999 -9999 0.5
C0G620 1992061008 -9999 -9999 -9999 -9996
C0G620 1992061009 -9999 -9999 -9999 -9996
C0G620 1992061010 -9999 -9999 -9999 -9996
C0G620 1992061011 -9999 -9999 -9999 0.5
C0G620 1992061012 -9999 -9999 -9999 -9996
C0G620 1992061013 -9999 -9999 -9999 -9996
C0G620 1992061014 -9999 -9999 -9999 -9996
C0G620 1992061015 -9999 -9999 -9999 2.0
C0G620 1992061016 -9999 -9999 -9999 -9996
C0G620 1992061017 -9999 -9999 -9999 -9996
C0G620 1992061018 -9999 -9999 -9999 0.5
C0G620 1992061019 -9999 -9999 -9999 -9996
C0G620 1992061020 -9999 -9999 -9999 -9996
C0G620 1992061021 -9999 -9999 -9999 -9996
C0G620 1992061022 -9999 -9999 -9999 -9996
C0G620 1992061023 -9999 -9999 -9999 0.5
C0G620 1992061024 -9999 -9999 -9999 0.0
C0G620 1992061101 -9999 -9999 -9999 0.0
C0G620 1992061102 -9999 -9999 -9999 0.0
C0G620 1992061103 -9999 -9999 -9999 0.0
C0G620 1992061104 -9999 -9999 -9999 0.0
C0G620 1992061105 -9999 -9999 -9999 0.0
C0G620 1992061106 -9999 -9999 -9999 0.0
C0G620 1992061107 -9999 -9999 -9999 0.0
C0G620 1992061108 -9999 -9999 -9999 0.0
C0G620 1992061109 -9999 -9999 -9999 0.0
C0G620 1992061110 -9999 -9999 -9999 0.0
C0G620 1992061111 -9999 -9999 -9999 0.0
C0G620 1992061112 -9999 -9999 -9999 0.0
C0G620 1992061113 -9999 -9999 -9999 0.0
C0G620 1992061114 -9999 -9999 -9999 0.0
C0G620 1992061115 -9999 -9999 -9999 0.0
C0G620 1992061116 -9999 -9999 -9999 0.0
C0G620 1992061117 -9999 -9999 -9999 0.0
C0G620 1992061118 -9999 -9999 -9999 0.0
C0G620 1992061119 -9999 -9999 -9999 0.0
C0G620 1992061120 -9999 -9999 -9999 0.0
C0G620 1992061121 -9999 -9999 -9999 0.0
C0G620 1992061122 -9999 -9999 -9999 0.0
C0G620 1992061123 -9999 -9999 -9999 0.0
C0G620 1992061124 -9999 -9999 -9999 0.0
C0G620 1992061201 -9999 -9999 -9999 0.0
C0G620 1992061202 -9999 -9999 -9999 0.0
C0G620 1992061203 -9999 -9999 -9999 0.0
C0G620 1992061204 -9999 -9999 -9999 0.0
C0G620 1992061205 -9999 -9999 -9999 0.0
C0G620 1992061206 -9999 -9999 -9999 0.0
C0G620 1992061207 -9999 -9999 -9999 0.0
C0G620 1992061208 -9999 -9999 -9999 0.0
C0G620 1992061209 -9999 -9999 -9999 0.0
C0G620 1992061210 -9999 -9999 -9999 0.0
C0G620 1992061211 -9999 -9999 -9999 0.0
C0G620 1992061212 -9999 -9999 -9999 0.0
C0G620 1992061213 -9999 -9999 -9999 0.0
C0G620 1992061214 -9999 -9999 -9999 0.0
C0G620 1992061215 -9999 -9999 -9999 0.0
C0G620 1992061216 -9999 -9999 -9999 0.0
C0G620 1992061217 -9999 -9999 -9999 0.0
C0G620 1992061218 -9999 -9999 -9999 0.0
C0G620 1992061219 -9999 -9999 -9999 0.0
C0G620 1992061220 -9999 -9999 -9999 0.0
C0G620 1992061221 -9999 -9999 -9999 0.0
C0G620 1992061222 -9999 -9999 -9999 0.0
C0G620 1992061223 -9999 -9999 -9999 0.0
C0G620 1992061224 -9999 -9999 -9999 0.0
C0G620 1992061301 -9999 -9999 -9999 0.0
C0G620 1992061302 -9999 -9999 -9999 0.0
C0G620 1992061303 -9999 -9999 -9999 0.0
C0G620 1992061304 -9999 -9999 -9999 0.0
C0G620 1992061305 -9999 -9999 -9999 0.0
C0G620 1992061306 -9999 -9999 -9999 0.0
C0G620 1992061307 -9999 -9999 -9999 0.0
C0G620 1992061308 -9999 -9999 -9999 0.0
C0G620 1992061309 -9999 -9999 -9999 0.0
C0G620 1992061310 -9999 -9999 -9999 0.0
C0G620 1992061311 -9999 -9999 -9999 0.0
C0G620 1992061312 -9999 -9999 -9999 0.0
C0G620 1992061313 -9999 -9999 -9999 0.0
C0G620 1992061314 -9999 -9999 -9999 0.0
C0G620 1992061315 -9999 -9999 -9999 0.0
C0G620 1992061316 -9999 -9999 -9999 0.0
C0G620 1992061317 -9999 -9999 -9999 0.0
C0G620 1992061318 -9999 -9999 -9999 0.0
C0G620 1992061319 -9999 -9999 -9999 0.0
C0G620 1992061320 -9999 -9999 -9999 0.0
C0G620 1992061321 -9999 -9999 -9999 0.0
C0G620 1992061322 -9999 -9999 -9999 0.0
C0G620 1992061323 -9999 -9999 -9999 0.0
C0G620 1992061324 -9999 -9999 -9999 0.0
C0G620 1992061401 -9999 -9999 -9999 0.0
C0G620 1992061402 -9999 -9999 -9999 0.0
C0G620 1992061403 -9999 -9999 -9999 0.0
C0G620 1992061404 -9999 -9999 -9999 0.0
C0G620 1992061405 -9999 -9999 -9999 0.0
C0G620 1992061406 -9999 -9999 -9999 0.0
C0G620 1992061407 -9999 -9999 -9999 0.0
C0G620 1992061408 -9999 -9999 -9999 0.0
C0G620 1992061409 -9999 -9999 -9999 0.0
C0G620 1992061410 -9999 -9999 -9999 0.0
C0G620 1992061411 -9999 -9999 -9999 0.0
C0G620 1992061412 -9999 -9999 -9999 0.0
C0G620 1992061413 -9999 -9999 -9999 -9996
C0G620 1992061414 -9999 -9999 -9999 -9996
C0G620 1992061415 -9999 -9999 -9999 -9996
C0G620 1992061416 -9999 -9999 -9999 -9996
C0G620 1992061417 -9999 -9999 -9999 -9996
C0G620 1992061418 -9999 -9999 -9999 -9996
C0G620 1992061419 -9999 -9999 -9999 -9996
C0G620 1992061420 -9999 -9999 -9999 0.5
C0G620 1992061421 -9999 -9999 -9999 0.0
C0G620 1992061422 -9999 -9999 -9999 0.0
C0G620 1992061423 -9999 -9999 -9999 0.0
C0G620 1992061424 -9999 -9999 -9999 0.0
C0G620 1992061501 -9999 -9999 -9999 0.0
C0G620 1992061502 -9999 -9999 -9999 0.0
C0G620 1992061503 -9999 -9999 -9999 0.0
C0G620 1992061504 -9999 -9999 -9999 0.0
C0G620 1992061505 -9999 -9999 -9999 0.0
C0G620 1992061506 -9999 -9999 -9999 0.0
C0G620 1992061507 -9999 -9999 -9999 0.0
C0G620 1992061508 -9999 -9999 -9999 0.0
C0G620 1992061509 -9999 -9999 -9999 0.0
C0G620 1992061510 -9999 -9999 -9999 0.0
C0G620 1992061511 -9999 -9999 -9999 0.0
C0G620 1992061512 -9999 -9999 -9999 0.0
C0G620 1992061513 -9999 -9999 -9999 0.0
C0G620 1992061514 -9999 -9999 -9999 0.0
C0G620 1992061515 -9999 -9999 -9999 0.0
C0G620 1992061516 -9999 -9999 -9999 0.0
C0G620 1992061517 -9999 -9999 -9999 0.0
C0G620 1992061518 -9999 -9999 -9999 0.0
C0G620 1992061519 -9999 -9999 -9999 0.0
C0G620 1992061520 -9999 -9999 -9999 0.0
C0G620 1992061521 -9999 -9999 -9999 0.0
C0G620 1992061522 -9999 -9999 -9999 0.0
C0G620 1992061523 -9999 -9999 -9999 0.0
C0G620 1992061524 -9999 -9999 -9999 0.0
C0G620 1992061601 -9999 -9999 -9999 0.0
C0G620 1992061602 -9999 -9999 -9999 0.0
C0G620 1992061603 -9999 -9999 -9999 0.0
C0G620 1992061604 -9999 -9999 -9999 0.0
C0G620 1992061605 -9999 -9999 -9999 0.0
C0G620 1992061606 -9999 -9999 -9999 0.0
C0G620 1992061607 -9999 -9999 -9999 0.0
C0G620 1992061608 -9999 -9999 -9999 0.0
C0G620 1992061609 -9999 -9999 -9999 0.0
C0G620 1992061610 -9999 -9999 -9999 0.0
C0G620 1992061611 -9999 -9999 -9999 0.0
C0G620 1992061612 -9999 -9999 -9999 0.0
C0G620 1992061613 -9999 -9999 -9999 0.0
C0G620 1992061614 -9999 -9999 -9999 0.0
C0G620 1992061615 -9999 -9999 -9999 0.0
C0G620 1992061616 -9999 -9999 -9999 0.0
C0G620 1992061617 -9999 -9999 -9999 0.0
C0G620 1992061618 -9999 -9999 -9999 0.0
C0G620 1992061619 -9999 -9999 -9999 0.0
C0G620 1992061620 -9999 -9999 -9999 0.0
C0G620 1992061621 -9999 -9999 -9999 0.0
C0G620 1992061622 -9999 -9999 -9999 0.0
C0G620 1992061623 -9999 -9999 -9999 0.0
C0G620 1992061624 -9999 -9999 -9999 0.0
C0G620 1992061701 -9999 -9999 -9999 0.0
C0G620 1992061702 -9999 -9999 -9999 0.0
C0G620 1992061703 -9999 -9999 -9999 0.0
C0G620 1992061704 -9999 -9999 -9999 0.0
C0G620 1992061705 -9999 -9999 -9999 0.0
C0G620 1992061706 -9999 -9999 -9999 0.0
C0G620 1992061707 -9999 -9999 -9999 0.0
C0G620 1992061708 -9999 -9999 -9999 0.0
C0G620 1992061709 -9999 -9999 -9999 0.0
C0G620 1992061710 -9999 -9999 -9999 -9996
C0G620 1992061711 -9999 -9999 -9999 -9996
C0G620 1992061712 -9999 -9999 -9999 -9996
C0G620 1992061713 -9999 -9999 -9999 0.5
C0G620 1992061714 -9999 -9999 -9999 0.0
C0G620 1992061715 -9999 -9999 -9999 0.0
C0G620 1992061716 -9999 -9999 -9999 0.0
C0G620 1992061717 -9999 -9999 -9999 0.0
C0G620 1992061718 -9999 -9999 -9999 0.0
C0G620 1992061719 -9999 -9999 -9999 0.0
C0G620 1992061720 -9999 -9999 -9999 -9996
C0G620 1992061721 -9999 -9999 -9999 -9996
C0G620 1992061722 -9999 -9999 -9999 -9996
C0G620 1992061723 -9999 -9999 -9999 -9996
C0G620 1992061724 -9999 -9999 -9999 -9996
C0G620 1992061801 -9999 -9999 -9999 0.0
C0G620 1992061802 -9999 -9999 -9999 -9996
C0G620 1992061803 -9999 -9999 -9999 -9996
C0G620 1992061804 -9999 -9999 -9999 -9996
C0G620 1992061805 -9999 -9999 -9999 -9996
C0G620 1992061806 -9999 -9999 -9999 2.0
C0G620 1992061807 -9999 -9999 -9999 5.0
C0G620 1992061808 -9999 -9999 -9999 17.0
C0G620 1992061809 -9999 -9999 -9999 4.0
C0G620 1992061810 -9999 -9999 -9999 2.0
C0G620 1992061811 -9999 -9999 -9999 0.5
C0G620 1992061812 -9999 -9999 -9999 -9996
C0G620 1992061813 -9999 -9999 -9999 -9996
C0G620 1992061814 -9999 -9999 -9999 -9996
C0G620 1992061815 -9999 -9999 -9999 -9996
C0G620 1992061816 -9999 -9999 -9999 -9996
C0G620 1992061817 -9999 -9999 -9999 -9996
C0G620 1992061818 -9999 -9999 -9999 -9996
C0G620 1992061819 -9999 -9999 -9999 -9996
C0G620 1992061820 -9999 -9999 -9999 -9996
C0G620 1992061821 -9999 -9999 -9999 0.5
C0G620 1992061822 -9999 -9999 -9999 0.0
C0G620 1992061823 -9999 -9999 -9999 0.0
C0G620 1992061824 -9999 -9999 -9999 0.0
C0G620 1992061901 -9999 -9999 -9999 0.0
C0G620 1992061902 -9999 -9999 -9999 0.0
C0G620 1992061903 -9999 -9999 -9999 0.0
C0G620 1992061904 -9999 -9999 -9999 0.0
C0G620 1992061905 -9999 -9999 -9999 0.0
C0G620 1992061906 -9999 -9999 -9999 0.0
C0G620 1992061907 -9999 -9999 -9999 0.0
C0G620 1992061908 -9999 -9999 -9999 0.0
C0G620 1992061909 -9999 -9999 -9999 0.0
C0G620 1992061910 -9999 -9999 -9999 0.0
C0G620 1992061911 -9999 -9999 -9999 0.0
C0G620 1992061912 -9999 -9999 -9999 0.0
C0G620 1992061913 -9999 -9999 -9999 0.0
C0G620 1992061914 -9999 -9999 -9999 0.0
C0G620 1992061915 -9999 -9999 -9999 0.0
C0G620 1992061916 -9999 -9999 -9999 0.0
C0G620 1992061917 -9999 -9999 -9999 0.0
C0G620 1992061918 -9999 -9999 -9999 0.0
C0G620 1992061919 -9999 -9999 -9999 0.0
C0G620 1992061920 -9999 -9999 -9999 0.0
C0G620 1992061921 -9999 -9999 -9999 0.0
C0G620 1992061922 -9999 -9999 -9999 0.0
C0G620 1992061923 -9999 -9999 -9999 0.0
C0G620 1992061924 -9999 -9999 -9999 0.0
C0G620 1992062001 -9999 -9999 -9999 0.0
C0G620 1992062002 -9999 -9999 -9999 0.0
C0G620 1992062003 -9999 -9999 -9999 0.0
C0G620 1992062004 -9999 -9999 -9999 0.0
C0G620 1992062005 -9999 -9999 -9999 0.0
C0G620 1992062006 -9999 -9999 -9999 0.0
C0G620 1992062007 -9999 -9999 -9999 0.0
C0G620 1992062008 -9999 -9999 -9999 0.0
C0G620 1992062009 -9999 -9999 -9999 0.0
C0G620 1992062010 -9999 -9999 -9999 0.0
C0G620 1992062011 -9999 -9999 -9999 0.0
C0G620 1992062012 -9999 -9999 -9999 0.0
C0G620 1992062013 -9999 -9999 -9999 0.0
C0G620 1992062014 -9999 -9999 -9999 0.0
C0G620 1992062015 -9999 -9999 -9999 0.0
C0G620 1992062016 -9999 -9999 -9999 0.0
C0G620 1992062017 -9999 -9999 -9999 0.0
C0G620 1992062018 -9999 -9999 -9999 0.0
C0G620 1992062019 -9999 -9999 -9999 0.0
C0G620 1992062020 -9999 -9999 -9999 0.0
C0G620 1992062021 -9999 -9999 -9999 0.0
C0G620 1992062022 -9999 -9999 -9999 0.0
C0G620 1992062023 -9999 -9999 -9999 0.0
C0G620 1992062024 -9999 -9999 -9999 0.0
C0G620 1992062101 -9999 -9999 -9999 0.0
C0G620 1992062102 -9999 -9999 -9999 0.0
C0G620 1992062103 -9999 -9999 -9999 0.0
C0G620 1992062104 -9999 -9999 -9999 0.0
C0G620 1992062105 -9999 -9999 -9999 0.0
C0G620 1992062106 -9999 -9999 -9999 0.0
C0G620 1992062107 -9999 -9999 -9999 0.0
C0G620 1992062108 -9999 -9999 -9999 0.0
C0G620 1992062109 -9999 -9999 -9999 0.0
C0G620 1992062110 -9999 -9999 -9999 0.0
C0G620 1992062111 -9999 -9999 -9999 0.0
C0G620 1992062112 -9999 -9999 -9999 0.0
C0G620 1992062113 -9999 -9999 -9999 0.0
C0G620 1992062114 -9999 -9999 -9999 0.0
C0G620 1992062115 -9999 -9999 -9999 0.0
C0G620 1992062116 -9999 -9999 -9999 0.0
C0G620 1992062117 -9999 -9999 -9999 0.0
C0G620 1992062118 -9999 -9999 -9999 0.0
C0G620 1992062119 -9999 -9999 -9999 0.0
C0G620 1992062120 -9999 -9999 -9999 0.0
C0G620 1992062121 -9999 -9999 -9999 0.0
C0G620 1992062122 -9999 -9999 -9999 0.0
C0G620 1992062123 -9999 -9999 -9999 0.0
C0G620 1992062124 -9999 -9999 -9999 0.0
C0G620 1992062201 -9999 -9999 -9999 0.0
C0G620 1992062202 -9999 -9999 -9999 0.0
C0G620 1992062203 -9999 -9999 -9999 0.0
C0G620 1992062204 -9999 -9999 -9999 0.0
C0G620 1992062205 -9999 -9999 -9999 0.0
C0G620 1992062206 -9999 -9999 -9999 0.0
C0G620 1992062207 -9999 -9999 -9999 0.0
C0G620 1992062208 -9999 -9999 -9999 0.0
C0G620 1992062209 -9999 -9999 -9999 0.0
C0G620 1992062210 -9999 -9999 -9999 0.0
C0G620 1992062211 -9999 -9999 -9999 0.0
C0G620 1992062212 -9999 -9999 -9999 0.0
C0G620 1992062213 -9999 -9999 -9999 0.0
C0G620 1992062214 -9999 -9999 -9999 0.0
C0G620 1992062215 -9999 -9999 -9999 0.0
C0G620 1992062216 -9999 -9999 -9999 0.0
C0G620 1992062217 -9999 -9999 -9999 0.0
C0G620 1992062218 -9999 -9999 -9999 0.0
C0G620 1992062219 -9999 -9999 -9999 0.0
C0G620 1992062220 -9999 -9999 -9999 0.0
C0G620 1992062221 -9999 -9999 -9999 0.0
C0G620 1992062222 -9999 -9999 -9999 0.0
C0G620 1992062223 -9999 -9999 -9999 0.0
C0G620 1992062224 -9999 -9999 -9999 0.0
C0G620 1992062301 -9999 -9999 -9999 0.0
C0G620 1992062302 -9999 -9999 -9999 0.0
C0G620 1992062303 -9999 -9999 -9999 0.0
C0G620 1992062304 -9999 -9999 -9999 0.0
C0G620 1992062305 -9999 -9999 -9999 0.0
C0G620 1992062306 -9999 -9999 -9999 0.0
C0G620 1992062307 -9999 -9999 -9999 0.0
C0G620 1992062308 -9999 -9999 -9999 0.0
C0G620 1992062309 -9999 -9999 -9999 0.0
C0G620 1992062310 -9999 -9999 -9999 0.0
C0G620 1992062311 -9999 -9999 -9999 0.0
C0G620 1992062312 -9999 -9999 -9999 0.0
C0G620 1992062313 -9999 -9999 -9999 0.0
C0G620 1992062314 -9999 -9999 -9999 0.0
C0G620 1992062315 -9999 -9999 -9999 0.0
C0G620 1992062316 -9999 -9999 -9999 0.0
C0G620 1992062317 -9999 -9999 -9999 0.0
C0G620 1992062318 -9999 -9999 -9999 0.0
C0G620 1992062319 -9999 -9999 -9999 0.0
C0G620 1992062320 -9999 -9999 -9999 0.0
C0G620 1992062321 -9999 -9999 -9999 0.0
C0G620 1992062322 -9999 -9999 -9999 0.0
C0G620 1992062323 -9999 -9999 -9999 0.0
C0G620 1992062324 -9999 -9999 -9999 0.0
C0G620 1992062401 -9999 -9999 -9999 0.0
C0G620 1992062402 -9999 -9999 -9999 0.0
C0G620 1992062403 -9999 -9999 -9999 0.0
C0G620 1992062404 -9999 -9999 -9999 0.0
C0G620 1992062405 -9999 -9999 -9999 0.0
C0G620 1992062406 -9999 -9999 -9999 0.0
C0G620 1992062407 -9999 -9999 -9999 0.0
C0G620 1992062408 -9999 -9999 -9999 0.0
C0G620 1992062409 -9999 -9999 -9999 0.0
C0G620 1992062410 -9999 -9999 -9999 0.0
C0G620 1992062411 -9999 -9999 -9999 0.0
C0G620 1992062412 -9999 -9999 -9999 0.0
C0G620 1992062413 -9999 -9999 -9999 0.0
C0G620 1992062414 -9999 -9999 -9999 0.0
C0G620 1992062415 -9999 -9999 -9999 0.0
C0G620 1992062416 -9999 -9999 -9999 0.0
C0G620 1992062417 -9999 -9999 -9999 0.0
C0G620 1992062418 -9999 -9999 -9999 0.0
C0G620 1992062419 -9999 -9999 -9999 0.0
C0G620 1992062420 -9999 -9999 -9999 0.0
C0G620 1992062421 -9999 -9999 -9999 0.0
C0G620 1992062422 -9999 -9999 -9999 0.0
C0G620 1992062423 -9999 -9999 -9999 0.0
C0G620 1992062424 -9999 -9999 -9999 0.0
C0G620 1992062501 -9999 -9999 -9999 0.0
C0G620 1992062502 -9999 -9999 -9999 0.0
C0G620 1992062503 -9999 -9999 -9999 0.0
C0G620 1992062504 -9999 -9999 -9999 0.0
C0G620 1992062505 -9999 -9999 -9999 0.0
C0G620 1992062506 -9999 -9999 -9999 0.0
C0G620 1992062507 -9999 -9999 -9999 0.0
C0G620 1992062508 -9999 -9999 -9999 0.0
C0G620 1992062509 -9999 -9999 -9999 0.0
C0G620 1992062510 -9999 -9999 -9999 0.0
C0G620 1992062511 -9999 -9999 -9999 0.0
C0G620 1992062512 -9999 -9999 -9999 0.0
C0G620 1992062513 -9999 -9999 -9999 0.0
C0G620 1992062514 -9999 -9999 -9999 0.0
C0G620 1992062515 -9999 -9999 -9999 0.0
C0G620 1992062516 -9999 -9999 -9999 0.0
C0G620 1992062517 -9999 -9999 -9999 0.0
C0G620 1992062518 -9999 -9999 -9999 0.0
C0G620 1992062519 -9999 -9999 -9999 0.0
C0G620 1992062520 -9999 -9999 -9999 0.0
C0G620 1992062521 -9999 -9999 -9999 0.0
C0G620 1992062522 -9999 -9999 -9999 0.0
C0G620 1992062523 -9999 -9999 -9999 0.0
C0G620 1992062524 -9999 -9999 -9999 0.0
C0G620 1992062601 -9999 -9999 -9999 0.0
C0G620 1992062602 -9999 -9999 -9999 0.0
C0G620 1992062603 -9999 -9999 -9999 0.0
C0G620 1992062604 -9999 -9999 -9999 0.0
C0G620 1992062605 -9999 -9999 -9999 0.0
C0G620 1992062606 -9999 -9999 -9999 0.0
C0G620 1992062607 -9999 -9999 -9999 0.0
C0G620 1992062608 -9999 -9999 -9999 0.0
C0G620 1992062609 -9999 -9999 -9999 0.0
C0G620 1992062610 -9999 -9999 -9999 0.0
C0G620 1992062611 -9999 -9999 -9999 0.0
C0G620 1992062612 -9999 -9999 -9999 0.0
C0G620 1992062613 -9999 -9999 -9999 0.0
C0G620 1992062614 -9999 -9999 -9999 0.0
C0G620 1992062615 -9999 -9999 -9999 0.0
C0G620 1992062616 -9999 -9999 -9999 0.0
C0G620 1992062617 -9999 -9999 -9999 0.0
C0G620 1992062618 -9999 -9999 -9999 0.0
C0G620 1992062619 -9999 -9999 -9999 0.0
C0G620 1992062620 -9999 -9999 -9999 0.0
C0G620 1992062621 -9999 -9999 -9999 0.0
C0G620 1992062622 -9999 -9999 -9999 0.0
C0G620 1992062623 -9999 -9999 -9999 0.0
C0G620 1992062624 -9999 -9999 -9999 0.0
C0G620 1992062701 -9999 -9999 -9999 0.0
C0G620 1992062702 -9999 -9999 -9999 0.0
C0G620 1992062703 -9999 -9999 -9999 0.0
C0G620 1992062704 -9999 -9999 -9999 0.0
C0G620 1992062705 -9999 -9999 -9999 0.0
C0G620 1992062706 -9999 -9999 -9999 0.0
C0G620 1992062707 -9999 -9999 -9999 0.0
C0G620 1992062708 -9999 -9999 -9999 0.0
C0G620 1992062709 -9999 -9999 -9999 0.0
C0G620 1992062710 -9999 -9999 -9999 0.0
C0G620 1992062711 -9999 -9999 -9999 0.0
C0G620 1992062712 -9999 -9999 -9999 0.0
C0G620 1992062713 -9999 -9999 -9999 0.0
C0G620 1992062714 -9999 -9999 -9999 0.0
C0G620 1992062715 -9999 -9999 -9999 0.0
C0G620 1992062716 -9999 -9999 -9999 0.0
C0G620 1992062717 -9999 -9999 -9999 0.0
C0G620 1992062718 -9999 -9999 -9999 0.0
C0G620 1992062719 -9999 -9999 -9999 0.0
C0G620 1992062720 -9999 -9999 -9999 0.0
C0G620 1992062721 -9999 -9999 -9999 0.0
C0G620 1992062722 -9999 -9999 -9999 0.0
C0G620 1992062723 -9999 -9999 -9999 0.0
C0G620 1992062724 -9999 -9999 -9999 0.0
C0G620 1992062801 -9999 -9999 -9999 0.0
C0G620 1992062802 -9999 -9999 -9999 0.0
C0G620 1992062803 -9999 -9999 -9999 0.0
C0G620 1992062804 -9999 -9999 -9999 0.0
C0G620 1992062805 -9999 -9999 -9999 0.0
C0G620 1992062806 -9999 -9999 -9999 0.0
C0G620 1992062807 -9999 -9999 -9999 0.0
C0G620 1992062808 -9999 -9999 -9999 0.0
C0G620 1992062809 -9999 -9999 -9999 0.0
C0G620 1992062810 -9999 -9999 -9999 0.0
C0G620 1992062811 -9999 -9999 -9999 0.0
C0G620 1992062812 -9999 -9999 -9999 0.0
C0G620 1992062813 -9999 -9999 -9999 0.0
C0G620 1992062814 -9999 -9999 -9999 0.0
C0G620 1992062815 -9999 -9999 -9999 0.0
C0G620 1992062816 -9999 -9999 -9999 0.0
C0G620 1992062817 -9999 -9999 -9999 0.0
C0G620 1992062818 -9999 -9999 -9999 0.0
C0G620 1992062819 -9999 -9999 -9999 0.0
C0G620 1992062820 -9999 -9999 -9999 0.0
C0G620 1992062821 -9999 -9999 -9999 0.0
C0G620 1992062822 -9999 -9999 -9999 0.0
C0G620 1992062823 -9999 -9999 -9999 0.0
C0G620 1992062824 -9999 -9999 -9999 0.0
C0G620 1992062901 -9999 -9999 -9999 0.0
C0G620 1992062902 -9999 -9999 -9999 0.0
C0G620 1992062903 -9999 -9999 -9999 0.0
C0G620 1992062904 -9999 -9999 -9999 0.0
C0G620 1992062905 -9999 -9999 -9999 0.0
C0G620 1992062906 -9999 -9999 -9999 0.0
C0G620 1992062907 -9999 -9999 -9999 0.0
C0G620 1992062908 -9999 -9999 -9999 0.0
C0G620 1992062909 -9999 -9999 -9999 0.0
C0G620 1992062910 -9999 -9999 -9999 0.0
C0G620 1992062911 -9999 -9999 -9999 0.0
C0G620 1992062912 -9999 -9999 -9999 0.0
C0G620 1992062913 -9999 -9999 -9999 0.0
C0G620 1992062914 -9999 -9999 -9999 0.0
C0G620 1992062915 -9999 -9999 -9999 0.0
C0G620 1992062916 -9999 -9999 -9999 0.0
C0G620 1992062917 -9999 -9999 -9999 0.0
C0G620 1992062918 -9999 -9999 -9999 0.0
C0G620 1992062919 -9999 -9999 -9999 0.0
C0G620 1992062920 -9999 -9999 -9999 0.0
C0G620 1992062921 -9999 -9999 -9999 0.0
C0G620 1992062922 -9999 -9999 -9999 0.0
C0G620 1992062923 -9999 -9999 -9999 0.0
C0G620 1992062924 -9999 -9999 -9999 0.0
C0G620 1992063001 -9999 -9999 -9999 0.0
C0G620 1992063002 -9999 -9999 -9999 0.0
C0G620 1992063003 -9999 -9999 -9999 0.0
C0G620 1992063004 -9999 -9999 -9999 0.0
C0G620 1992063005 -9999 -9999 -9999 0.0
C0G620 1992063006 -9999 -9999 -9999 0.0
C0G620 1992063007 -9999 -9999 -9999 0.0
C0G620 1992063008 -9999 -9999 -9999 0.0
C0G620 1992063009 -9999 -9999 -9999 0.0
C0G620 1992063010 -9999 -9999 -9999 0.0
C0G620 1992063011 -9999 -9999 -9999 0.0
C0G620 1992063012 -9999 -9999 -9999 0.0
C0G620 1992063013 -9999 -9999 -9999 0.0
C0G620 1992063014 -9999 -9999 -9999 0.0
C0G620 1992063015 -9999 -9999 -9999 0.0
C0G620 1992063016 -9999 -9999 -9999 0.0
C0G620 1992063017 -9999 -9999 -9999 0.0
C0G620 1992063018 -9999 -9999 -9999 0.0
C0G620 1992063019 -9999 -9999 -9999 0.0
C0G620 1992063020 -9999 -9999 -9999 0.0
C0G620 1992063021 -9999 -9999 -9999 0.0
C0G620 1992063022 -9999 -9999 -9999 0.0
C0G620 1992063023 -9999 -9999 -9999 0.0
C0G620 1992063024 -9999 -9999 -9999 0.0
