C0G620 1993110101 -9999 -9999 -9999 0.0
C0G620 1993110102 -9999 -9999 -9999 0.0
C0G620 1993110103 -9999 -9999 -9999 0.0
C0G620 1993110104 -9999 -9999 -9999 0.0
C0G620 1993110105 -9999 -9999 -9999 0.0
C0G620 1993110106 -9999 -9999 -9999 0.0
C0G620 1993110107 -9999 -9999 -9999 0.0
C0G620 1993110108 -9999 -9999 -9999 0.0
C0G620 1993110109 -9999 -9999 -9999 0.0
C0G620 1993110110 -9999 -9999 -9999 0.0
C0G620 1993110111 -9999 -9999 -9999 0.0
C0G620 1993110112 -9999 -9999 -9999 0.0
C0G620 1993110113 -9999 -9999 -9999 0.0
C0G620 1993110114 -9999 -9999 -9999 0.0
C0G620 1993110115 -9999 -9999 -9999 0.0
C0G620 1993110116 -9999 -9999 -9999 0.0
C0G620 1993110117 -9999 -9999 -9999 0.0
C0G620 1993110118 -9999 -9999 -9999 0.0
C0G620 1993110119 -9999 -9999 -9999 0.0
C0G620 1993110120 -9999 -9999 -9999 -9996
C0G620 1993110121 -9999 -9999 -9999 -9996
C0G620 1993110122 -9999 -9999 -9999 -9996
C0G620 1993110123 -9999 -9999 -9999 -9996
C0G620 1993110124 -9999 -9999 -9999 -9996
C0G620 1993110201 -9999 -9999 -9999 0.0
C0G620 1993110202 -9999 -9999 -9999 0.0
C0G620 1993110203 -9999 -9999 -9999 0.0
C0G620 1993110204 -9999 -9999 -9999 0.0
C0G620 1993110205 -9999 -9999 -9999 0.0
C0G620 1993110206 -9999 -9999 -9999 0.0
C0G620 1993110207 -9999 -9999 -9999 0.0
C0G620 1993110208 -9999 -9999 -9999 0.0
C0G620 1993110209 -9999 -9999 -9999 0.0
C0G620 1993110210 -9999 -9999 -9999 0.0
C0G620 1993110211 -9999 -9999 -9999 0.0
C0G620 1993110212 -9999 -9999 -9999 0.0
C0G620 1993110213 -9999 -9999 -9999 0.0
C0G620 1993110214 -9999 -9999 -9999 0.0
C0G620 1993110215 -9999 -9999 -9999 0.0
C0G620 1993110216 -9999 -9999 -9999 0.0
C0G620 1993110217 -9999 -9999 -9999 0.0
C0G620 1993110218 -9999 -9999 -9999 0.0
C0G620 1993110219 -9999 -9999 -9999 0.0
C0G620 1993110220 -9999 -9999 -9999 0.0
C0G620 1993110221 -9999 -9999 -9999 0.0
C0G620 1993110222 -9999 -9999 -9999 0.0
C0G620 1993110223 -9999 -9999 -9999 0.0
C0G620 1993110224 -9999 -9999 -9999 0.0
C0G620 1993110301 -9999 -9999 -9999 0.0
C0G620 1993110302 -9999 -9999 -9999 0.0
C0G620 1993110303 -9999 -9999 -9999 0.0
C0G620 1993110304 -9999 -9999 -9999 0.0
C0G620 1993110305 -9999 -9999 -9999 0.0
C0G620 1993110306 -9999 -9999 -9999 0.0
C0G620 1993110307 -9999 -9999 -9999 0.0
C0G620 1993110308 -9999 -9999 -9999 0.0
C0G620 1993110309 -9999 -9999 -9999 0.0
C0G620 1993110310 -9999 -9999 -9999 0.0
C0G620 1993110311 -9999 -9999 -9999 0.0
C0G620 1993110312 -9999 -9999 -9999 0.0
C0G620 1993110313 -9999 -9999 -9999 0.0
C0G620 1993110314 -9999 -9999 -9999 0.0
C0G620 1993110315 -9999 -9999 -9999 0.0
C0G620 1993110316 -9999 -9999 -9999 0.0
C0G620 1993110317 -9999 -9999 -9999 0.0
C0G620 1993110318 -9999 -9999 -9999 0.0
C0G620 1993110319 -9999 -9999 -9999 0.0
C0G620 1993110320 -9999 -9999 -9999 0.0
C0G620 1993110321 -9999 -9999 -9999 0.0
C0G620 1993110322 -9999 -9999 -9999 0.0
C0G620 1993110323 -9999 -9999 -9999 0.0
C0G620 1993110324 -9999 -9999 -9999 0.0
C0G620 1993110401 -9999 -9999 -9999 0.0
C0G620 1993110402 -9999 -9999 -9999 0.0
C0G620 1993110403 -9999 -9999 -9999 0.0
C0G620 1993110404 -9999 -9999 -9999 0.0
C0G620 1993110405 -9999 -9999 -9999 0.0
C0G620 1993110406 -9999 -9999 -9999 0.0
C0G620 1993110407 -9999 -9999 -9999 0.0
C0G620 1993110408 -9999 -9999 -9999 0.0
C0G620 1993110409 -9999 -9999 -9999 0.0
C0G620 1993110410 -9999 -9999 -9999 0.0
C0G620 1993110411 -9999 -9999 -9999 0.0
C0G620 1993110412 -9999 -9999 -9999 0.0
C0G620 1993110413 -9999 -9999 -9999 0.0
C0G620 1993110414 -9999 -9999 -9999 0.0
C0G620 1993110415 -9999 -9999 -9999 0.0
C0G620 1993110416 -9999 -9999 -9999 0.0
C0G620 1993110417 -9999 -9999 -9999 0.0
C0G620 1993110418 -9999 -9999 -9999 0.0
C0G620 1993110419 -9999 -9999 -9999 0.0
C0G620 1993110420 -9999 -9999 -9999 0.0
C0G620 1993110421 -9999 -9999 -9999 0.0
C0G620 1993110422 -9999 -9999 -9999 0.0
C0G620 1993110423 -9999 -9999 -9999 0.0
C0G620 1993110424 -9999 -9999 -9999 0.0
C0G620 1993110501 -9999 -9999 -9999 0.0
C0G620 1993110502 -9999 -9999 -9999 0.0
C0G620 1993110503 -9999 -9999 -9999 0.0
C0G620 1993110504 -9999 -9999 -9999 0.0
C0G620 1993110505 -9999 -9999 -9999 0.0
C0G620 1993110506 -9999 -9999 -9999 0.0
C0G620 1993110507 -9999 -9999 -9999 0.0
C0G620 1993110508 -9999 -9999 -9999 0.0
C0G620 1993110509 -9999 -9999 -9999 0.0
C0G620 1993110510 -9999 -9999 -9999 0.0
C0G620 1993110511 -9999 -9999 -9999 0.0
C0G620 1993110512 -9999 -9999 -9999 0.0
C0G620 1993110513 -9999 -9999 -9999 0.0
C0G620 1993110514 -9999 -9999 -9999 0.0
C0G620 1993110515 -9999 -9999 -9999 0.0
C0G620 1993110516 -9999 -9999 -9999 0.0
C0G620 1993110517 -9999 -9999 -9999 0.0
C0G620 1993110518 -9999 -9999 -9999 0.0
C0G620 1993110519 -9999 -9999 -9999 0.0
C0G620 1993110520 -9999 -9999 -9999 0.0
C0G620 1993110521 -9999 -9999 -9999 0.0
C0G620 1993110522 -9999 -9999 -9999 0.0
C0G620 1993110523 -9999 -9999 -9999 0.0
C0G620 1993110524 -9999 -9999 -9999 0.0
C0G620 1993110601 -9999 -9999 -9999 0.0
C0G620 1993110602 -9999 -9999 -9999 0.0
C0G620 1993110603 -9999 -9999 -9999 0.0
C0G620 1993110604 -9999 -9999 -9999 0.0
C0G620 1993110605 -9999 -9999 -9999 0.0
C0G620 1993110606 -9999 -9999 -9999 0.0
C0G620 1993110607 -9999 -9999 -9999 0.0
C0G620 1993110608 -9999 -9999 -9999 0.0
C0G620 1993110609 -9999 -9999 -9999 0.0
C0G620 1993110610 -9999 -9999 -9999 0.0
C0G620 1993110611 -9999 -9999 -9999 0.0
C0G620 1993110612 -9999 -9999 -9999 0.0
C0G620 1993110613 -9999 -9999 -9999 0.0
C0G620 1993110614 -9999 -9999 -9999 0.0
C0G620 1993110615 -9999 -9999 -9999 0.0
C0G620 1993110616 -9999 -9999 -9999 0.0
C0G620 1993110617 -9999 -9999 -9999 0.0
C0G620 1993110618 -9999 -9999 -9999 0.0
C0G620 1993110619 -9999 -9999 -9999 0.0
C0G620 1993110620 -9999 -9999 -9999 0.0
C0G620 1993110621 -9999 -9999 -9999 0.0
C0G620 1993110622 -9999 -9999 -9999 0.0
C0G620 1993110623 -9999 -9999 -9999 0.0
C0G620 1993110624 -9999 -9999 -9999 0.0
C0G620 1993110701 -9999 -9999 -9999 0.0
C0G620 1993110702 -9999 -9999 -9999 0.0
C0G620 1993110703 -9999 -9999 -9999 0.0
C0G620 1993110704 -9999 -9999 -9999 0.0
C0G620 1993110705 -9999 -9999 -9999 0.0
C0G620 1993110706 -9999 -9999 -9999 0.0
C0G620 1993110707 -9999 -9999 -9999 0.0
C0G620 1993110708 -9999 -9999 -9999 0.0
C0G620 1993110709 -9999 -9999 -9999 0.0
C0G620 1993110710 -9999 -9999 -9999 0.0
C0G620 1993110711 -9999 -9999 -9999 0.0
C0G620 1993110712 -9999 -9999 -9999 0.0
C0G620 1993110713 -9999 -9999 -9999 0.0
C0G620 1993110714 -9999 -9999 -9999 0.0
C0G620 1993110715 -9999 -9999 -9999 0.0
C0G620 1993110716 -9999 -9999 -9999 0.0
C0G620 1993110717 -9999 -9999 -9999 0.0
C0G620 1993110718 -9999 -9999 -9999 0.0
C0G620 1993110719 -9999 -9999 -9999 0.0
C0G620 1993110720 -9999 -9999 -9999 0.0
C0G620 1993110721 -9999 -9999 -9999 0.0
C0G620 1993110722 -9999 -9999 -9999 0.0
C0G620 1993110723 -9999 -9999 -9999 0.0
C0G620 1993110724 -9999 -9999 -9999 0.0
C0G620 1993110801 -9999 -9999 -9999 0.0
C0G620 1993110802 -9999 -9999 -9999 0.0
C0G620 1993110803 -9999 -9999 -9999 0.0
C0G620 1993110804 -9999 -9999 -9999 0.0
C0G620 1993110805 -9999 -9999 -9999 0.0
C0G620 1993110806 -9999 -9999 -9999 0.0
C0G620 1993110807 -9999 -9999 -9999 0.0
C0G620 1993110808 -9999 -9999 -9999 0.0
C0G620 1993110809 -9999 -9999 -9999 0.0
C0G620 1993110810 -9999 -9999 -9999 0.0
C0G620 1993110811 -9999 -9999 -9999 0.0
C0G620 1993110812 -9999 -9999 -9999 0.0
C0G620 1993110813 -9999 -9999 -9999 0.0
C0G620 1993110814 -9999 -9999 -9999 0.0
C0G620 1993110815 -9999 -9999 -9999 0.0
C0G620 1993110816 -9999 -9999 -9999 0.0
C0G620 1993110817 -9999 -9999 -9999 0.0
C0G620 1993110818 -9999 -9999 -9999 0.0
C0G620 1993110819 -9999 -9999 -9999 0.0
C0G620 1993110820 -9999 -9999 -9999 0.0
C0G620 1993110821 -9999 -9999 -9999 0.0
C0G620 1993110822 -9999 -9999 -9999 0.0
C0G620 1993110823 -9999 -9999 -9999 0.0
C0G620 1993110824 -9999 -9999 -9999 0.0
C0G620 1993110901 -9999 -9999 -9999 0.0
C0G620 1993110902 -9999 -9999 -9999 0.0
C0G620 1993110903 -9999 -9999 -9999 0.0
C0G620 1993110904 -9999 -9999 -9999 0.0
C0G620 1993110905 -9999 -9999 -9999 0.0
C0G620 1993110906 -9999 -9999 -9999 0.0
C0G620 1993110907 -9999 -9999 -9999 0.0
C0G620 1993110908 -9999 -9999 -9999 0.0
C0G620 1993110909 -9999 -9999 -9999 0.0
C0G620 1993110910 -9999 -9999 -9999 0.0
C0G620 1993110911 -9999 -9999 -9999 0.0
C0G620 1993110912 -9999 -9999 -9999 0.0
C0G620 1993110913 -9999 -9999 -9999 0.0
C0G620 1993110914 -9999 -9999 -9999 0.0
C0G620 1993110915 -9999 -9999 -9999 0.0
C0G620 1993110916 -9999 -9999 -9999 0.0
C0G620 1993110917 -9999 -9999 -9999 0.0
C0G620 1993110918 -9999 -9999 -9999 0.0
C0G620 1993110919 -9999 -9999 -9999 0.0
C0G620 1993110920 -9999 -9999 -9999 0.0
C0G620 1993110921 -9999 -9999 -9999 0.0
C0G620 1993110922 -9999 -9999 -9999 0.0
C0G620 1993110923 -9999 -9999 -9999 0.0
C0G620 1993110924 -9999 -9999 -9999 0.0
C0G620 1993111001 -9999 -9999 -9999 0.0
C0G620 1993111002 -9999 -9999 -9999 0.0
C0G620 1993111003 -9999 -9999 -9999 0.0
C0G620 1993111004 -9999 -9999 -9999 0.0
C0G620 1993111005 -9999 -9999 -9999 0.0
C0G620 1993111006 -9999 -9999 -9999 0.0
C0G620 1993111007 -9999 -9999 -9999 0.0
C0G620 1993111008 -9999 -9999 -9999 0.0
C0G620 1993111009 -9999 -9999 -9999 0.0
C0G620 1993111010 -9999 -9999 -9999 0.0
C0G620 1993111011 -9999 -9999 -9999 0.0
C0G620 1993111012 -9999 -9999 -9999 0.0
C0G620 1993111013 -9999 -9999 -9999 0.0
C0G620 1993111014 -9999 -9999 -9999 0.0
C0G620 1993111015 -9999 -9999 -9999 0.0
C0G620 1993111016 -9999 -9999 -9999 0.0
C0G620 1993111017 -9999 -9999 -9999 0.0
C0G620 1993111018 -9999 -9999 -9999 0.0
C0G620 1993111019 -9999 -9999 -9999 0.0
C0G620 1993111020 -9999 -9999 -9999 0.0
C0G620 1993111021 -9999 -9999 -9999 0.0
C0G620 1993111022 -9999 -9999 -9999 0.0
C0G620 1993111023 -9999 -9999 -9999 0.0
C0G620 1993111024 -9999 -9999 -9999 0.0
C0G620 1993111101 -9999 -9999 -9999 0.0
C0G620 1993111102 -9999 -9999 -9999 0.0
C0G620 1993111103 -9999 -9999 -9999 0.0
C0G620 1993111104 -9999 -9999 -9999 0.0
C0G620 1993111105 -9999 -9999 -9999 0.0
C0G620 1993111106 -9999 -9999 -9999 0.0
C0G620 1993111107 -9999 -9999 -9999 0.0
C0G620 1993111108 -9999 -9999 -9999 0.0
C0G620 1993111109 -9999 -9999 -9999 0.0
C0G620 1993111110 -9999 -9999 -9999 0.0
C0G620 1993111111 -9999 -9999 -9999 0.0
C0G620 1993111112 -9999 -9999 -9999 0.0
C0G620 1993111113 -9999 -9999 -9999 0.0
C0G620 1993111114 -9999 -9999 -9999 0.0
C0G620 1993111115 -9999 -9999 -9999 0.0
C0G620 1993111116 -9999 -9999 -9999 0.0
C0G620 1993111117 -9999 -9999 -9999 0.0
C0G620 1993111118 -9999 -9999 -9999 0.0
C0G620 1993111119 -9999 -9999 -9999 0.0
C0G620 1993111120 -9999 -9999 -9999 0.0
C0G620 1993111121 -9999 -9999 -9999 0.0
C0G620 1993111122 -9999 -9999 -9999 0.0
C0G620 1993111123 -9999 -9999 -9999 0.0
C0G620 1993111124 -9999 -9999 -9999 0.0
C0G620 1993111201 -9999 -9999 -9999 0.0
C0G620 1993111202 -9999 -9999 -9999 0.0
C0G620 1993111203 -9999 -9999 -9999 0.0
C0G620 1993111204 -9999 -9999 -9999 0.0
C0G620 1993111205 -9999 -9999 -9999 0.0
C0G620 1993111206 -9999 -9999 -9999 0.0
C0G620 1993111207 -9999 -9999 -9999 0.0
C0G620 1993111208 -9999 -9999 -9999 0.0
C0G620 1993111209 -9999 -9999 -9999 0.0
C0G620 1993111210 -9999 -9999 -9999 0.0
C0G620 1993111211 -9999 -9999 -9999 0.0
C0G620 1993111212 -9999 -9999 -9999 0.0
C0G620 1993111213 -9999 -9999 -9999 0.0
C0G620 1993111214 -9999 -9999 -9999 0.0
C0G620 1993111215 -9999 -9999 -9999 0.0
C0G620 1993111216 -9999 -9999 -9999 0.0
C0G620 1993111217 -9999 -9999 -9999 0.0
C0G620 1993111218 -9999 -9999 -9999 0.0
C0G620 1993111219 -9999 -9999 -9999 0.0
C0G620 1993111220 -9999 -9999 -9999 0.0
C0G620 1993111221 -9999 -9999 -9999 0.0
C0G620 1993111222 -9999 -9999 -9999 0.0
C0G620 1993111223 -9999 -9999 -9999 0.0
C0G620 1993111224 -9999 -9999 -9999 0.0
C0G620 1993111301 -9999 -9999 -9999 0.0
C0G620 1993111302 -9999 -9999 -9999 0.0
C0G620 1993111303 -9999 -9999 -9999 0.0
C0G620 1993111304 -9999 -9999 -9999 0.0
C0G620 1993111305 -9999 -9999 -9999 0.0
C0G620 1993111306 -9999 -9999 -9999 0.0
C0G620 1993111307 -9999 -9999 -9999 0.0
C0G620 1993111308 -9999 -9999 -9999 0.0
C0G620 1993111309 -9999 -9999 -9999 0.0
C0G620 1993111310 -9999 -9999 -9999 0.0
C0G620 1993111311 -9999 -9999 -9999 0.0
C0G620 1993111312 -9999 -9999 -9999 0.0
C0G620 1993111313 -9999 -9999 -9999 0.0
C0G620 1993111314 -9999 -9999 -9999 0.0
C0G620 1993111315 -9999 -9999 -9999 0.0
C0G620 1993111316 -9999 -9999 -9999 0.0
C0G620 1993111317 -9999 -9999 -9999 0.0
C0G620 1993111318 -9999 -9999 -9999 0.0
C0G620 1993111319 -9999 -9999 -9999 0.0
C0G620 1993111320 -9999 -9999 -9999 0.0
C0G620 1993111321 -9999 -9999 -9999 0.0
C0G620 1993111322 -9999 -9999 -9999 0.0
C0G620 1993111323 -9999 -9999 -9999 0.0
C0G620 1993111324 -9999 -9999 -9999 0.0
C0G620 1993111401 -9999 -9999 -9999 0.0
C0G620 1993111402 -9999 -9999 -9999 0.0
C0G620 1993111403 -9999 -9999 -9999 0.0
C0G620 1993111404 -9999 -9999 -9999 0.0
C0G620 1993111405 -9999 -9999 -9999 0.0
C0G620 1993111406 -9999 -9999 -9999 0.0
C0G620 1993111407 -9999 -9999 -9999 0.0
C0G620 1993111408 -9999 -9999 -9999 0.0
C0G620 1993111409 -9999 -9999 -9999 0.0
C0G620 1993111410 -9999 -9999 -9999 0.0
C0G620 1993111411 -9999 -9999 -9999 0.0
C0G620 1993111412 -9999 -9999 -9999 0.0
C0G620 1993111413 -9999 -9999 -9999 0.0
C0G620 1993111414 -9999 -9999 -9999 0.0
C0G620 1993111415 -9999 -9999 -9999 0.0
C0G620 1993111416 -9999 -9999 -9999 0.0
C0G620 1993111417 -9999 -9999 -9999 0.0
C0G620 1993111418 -9999 -9999 -9999 0.0
C0G620 1993111419 -9999 -9999 -9999 0.0
C0G620 1993111420 -9999 -9999 -9999 0.0
C0G620 1993111421 -9999 -9999 -9999 0.0
C0G620 1993111422 -9999 -9999 -9999 0.0
C0G620 1993111423 -9999 -9999 -9999 0.0
C0G620 1993111424 -9999 -9999 -9999 0.0
C0G620 1993111501 -9999 -9999 -9999 0.0
C0G620 1993111502 -9999 -9999 -9999 0.0
C0G620 1993111503 -9999 -9999 -9999 0.0
C0G620 1993111504 -9999 -9999 -9999 0.0
C0G620 1993111505 -9999 -9999 -9999 0.0
C0G620 1993111506 -9999 -9999 -9999 0.0
C0G620 1993111507 -9999 -9999 -9999 0.0
C0G620 1993111508 -9999 -9999 -9999 0.0
C0G620 1993111509 -9999 -9999 -9999 0.0
C0G620 1993111510 -9999 -9999 -9999 0.0
C0G620 1993111511 -9999 -9999 -9999 0.0
C0G620 1993111512 -9999 -9999 -9999 0.0
C0G620 1993111513 -9999 -9999 -9999 0.0
C0G620 1993111514 -9999 -9999 -9999 0.0
C0G620 1993111515 -9999 -9999 -9999 0.0
C0G620 1993111516 -9999 -9999 -9999 0.0
C0G620 1993111517 -9999 -9999 -9999 0.0
C0G620 1993111518 -9999 -9999 -9999 0.0
C0G620 1993111519 -9999 -9999 -9999 0.0
C0G620 1993111520 -9999 -9999 -9999 0.0
C0G620 1993111521 -9999 -9999 -9999 0.0
C0G620 1993111522 -9999 -9999 -9999 0.0
C0G620 1993111523 -9999 -9999 -9999 0.0
C0G620 1993111524 -9999 -9999 -9999 0.0
C0G620 1993111601 -9999 -9999 -9999 0.0
C0G620 1993111602 -9999 -9999 -9999 0.0
C0G620 1993111603 -9999 -9999 -9999 0.0
C0G620 1993111604 -9999 -9999 -9999 0.0
C0G620 1993111605 -9999 -9999 -9999 0.0
C0G620 1993111606 -9999 -9999 -9999 0.0
C0G620 1993111607 -9999 -9999 -9999 0.0
C0G620 1993111608 -9999 -9999 -9999 0.0
C0G620 1993111609 -9999 -9999 -9999 0.0
C0G620 1993111610 -9999 -9999 -9999 0.0
C0G620 1993111611 -9999 -9999 -9999 0.0
C0G620 1993111612 -9999 -9999 -9999 -9996
C0G620 1993111613 -9999 -9999 -9999 -9996
C0G620 1993111614 -9999 -9999 -9999 -9996
C0G620 1993111615 -9999 -9999 -9999 -9996
C0G620 1993111616 -9999 -9999 -9999 2.0
C0G620 1993111617 -9999 -9999 -9999 0.5
C0G620 1993111618 -9999 -9999 -9999 -9996
C0G620 1993111619 -9999 -9999 -9999 -9996
C0G620 1993111620 -9999 -9999 -9999 -9996
C0G620 1993111621 -9999 -9999 -9999 1.5
C0G620 1993111622 -9999 -9999 -9999 0.5
C0G620 1993111623 -9999 -9999 -9999 0.5
C0G620 1993111624 -9999 -9999 -9999 2.0
C0G620 1993111701 -9999 -9999 -9999 3.5
C0G620 1993111702 -9999 -9999 -9999 1.5
C0G620 1993111703 -9999 -9999 -9999 0.0
C0G620 1993111704 -9999 -9999 -9999 0.0
C0G620 1993111705 -9999 -9999 -9999 0.0
C0G620 1993111706 -9999 -9999 -9999 0.0
C0G620 1993111707 -9999 -9999 -9999 0.0
C0G620 1993111708 -9999 -9999 -9999 0.5
C0G620 1993111709 -9999 -9999 -9999 0.5
C0G620 1993111710 -9999 -9999 -9999 6.0
C0G620 1993111711 -9999 -9999 -9999 4.5
C0G620 1993111712 -9999 -9999 -9999 1.5
C0G620 1993111713 -9999 -9999 -9999 2.0
C0G620 1993111714 -9999 -9999 -9999 0.5
C0G620 1993111715 -9999 -9999 -9999 0.5
C0G620 1993111716 -9999 -9999 -9999 0.0
C0G620 1993111717 -9999 -9999 -9999 0.0
C0G620 1993111718 -9999 -9999 -9999 0.0
C0G620 1993111719 -9999 -9999 -9999 0.0
C0G620 1993111720 -9999 -9999 -9999 0.0
C0G620 1993111721 -9999 -9999 -9999 0.0
C0G620 1993111722 -9999 -9999 -9999 0.0
C0G620 1993111723 -9999 -9999 -9999 0.0
C0G620 1993111724 -9999 -9999 -9999 0.0
C0G620 1993111801 -9999 -9999 -9999 0.0
C0G620 1993111802 -9999 -9999 -9999 0.0
C0G620 1993111803 -9999 -9999 -9999 0.0
C0G620 1993111804 -9999 -9999 -9999 0.0
C0G620 1993111805 -9999 -9999 -9999 0.0
C0G620 1993111806 -9999 -9999 -9999 0.0
C0G620 1993111807 -9999 -9999 -9999 0.0
C0G620 1993111808 -9999 -9999 -9999 0.0
C0G620 1993111809 -9999 -9999 -9999 0.0
C0G620 1993111810 -9999 -9999 -9999 0.0
C0G620 1993111811 -9999 -9999 -9999 0.0
C0G620 1993111812 -9999 -9999 -9999 0.0
C0G620 1993111813 -9999 -9999 -9999 0.0
C0G620 1993111814 -9999 -9999 -9999 0.0
C0G620 1993111815 -9999 -9999 -9999 0.0
C0G620 1993111816 -9999 -9999 -9999 0.0
C0G620 1993111817 -9999 -9999 -9999 0.0
C0G620 1993111818 -9999 -9999 -9999 0.0
C0G620 1993111819 -9999 -9999 -9999 0.0
C0G620 1993111820 -9999 -9999 -9999 0.0
C0G620 1993111821 -9999 -9999 -9999 0.0
C0G620 1993111822 -9999 -9999 -9999 0.0
C0G620 1993111823 -9999 -9999 -9999 0.0
C0G620 1993111824 -9999 -9999 -9999 0.0
C0G620 1993111901 -9999 -9999 -9999 0.0
C0G620 1993111902 -9999 -9999 -9999 0.0
C0G620 1993111903 -9999 -9999 -9999 0.0
C0G620 1993111904 -9999 -9999 -9999 0.0
C0G620 1993111905 -9999 -9999 -9999 0.0
C0G620 1993111906 -9999 -9999 -9999 0.0
C0G620 1993111907 -9999 -9999 -9999 0.0
C0G620 1993111908 -9999 -9999 -9999 0.0
C0G620 1993111909 -9999 -9999 -9999 0.0
C0G620 1993111910 -9999 -9999 -9999 0.0
C0G620 1993111911 -9999 -9999 -9999 0.0
C0G620 1993111912 -9999 -9999 -9999 0.0
C0G620 1993111913 -9999 -9999 -9999 0.0
C0G620 1993111914 -9999 -9999 -9999 0.0
C0G620 1993111915 -9999 -9999 -9999 0.0
C0G620 1993111916 -9999 -9999 -9999 0.0
C0G620 1993111917 -9999 -9999 -9999 0.0
C0G620 1993111918 -9999 -9999 -9999 0.0
C0G620 1993111919 -9999 -9999 -9999 0.0
C0G620 1993111920 -9999 -9999 -9999 0.0
C0G620 1993111921 -9999 -9999 -9999 0.0
C0G620 1993111922 -9999 -9999 -9999 0.0
C0G620 1993111923 -9999 -9999 -9999 0.0
C0G620 1993111924 -9999 -9999 -9999 0.0
C0G620 1993112001 -9999 -9999 -9999 0.0
C0G620 1993112002 -9999 -9999 -9999 0.0
C0G620 1993112003 -9999 -9999 -9999 0.0
C0G620 1993112004 -9999 -9999 -9999 0.0
C0G620 1993112005 -9999 -9999 -9999 0.0
C0G620 1993112006 -9999 -9999 -9999 0.0
C0G620 1993112007 -9999 -9999 -9999 0.0
C0G620 1993112008 -9999 -9999 -9999 0.0
C0G620 1993112009 -9999 -9999 -9999 0.0
C0G620 1993112010 -9999 -9999 -9999 0.0
C0G620 1993112011 -9999 -9999 -9999 0.0
C0G620 1993112012 -9999 -9999 -9999 0.0
C0G620 1993112013 -9999 -9999 -9999 0.0
C0G620 1993112014 -9999 -9999 -9999 0.0
C0G620 1993112015 -9999 -9999 -9999 0.0
C0G620 1993112016 -9999 -9999 -9999 0.0
C0G620 1993112017 -9999 -9999 -9999 0.0
C0G620 1993112018 -9999 -9999 -9999 0.0
C0G620 1993112019 -9999 -9999 -9999 0.0
C0G620 1993112020 -9999 -9999 -9999 0.0
C0G620 1993112021 -9999 -9999 -9999 0.0
C0G620 1993112022 -9999 -9999 -9999 0.0
C0G620 1993112023 -9999 -9999 -9999 0.0
C0G620 1993112024 -9999 -9999 -9999 0.0
C0G620 1993112101 -9999 -9999 -9999 0.0
C0G620 1993112102 -9999 -9999 -9999 0.0
C0G620 1993112103 -9999 -9999 -9999 0.0
C0G620 1993112104 -9999 -9999 -9999 0.0
C0G620 1993112105 -9999 -9999 -9999 0.0
C0G620 1993112106 -9999 -9999 -9999 0.0
C0G620 1993112107 -9999 -9999 -9999 0.0
C0G620 1993112108 -9999 -9999 -9999 0.0
C0G620 1993112109 -9999 -9999 -9999 0.0
C0G620 1993112110 -9999 -9999 -9999 0.0
C0G620 1993112111 -9999 -9999 -9999 0.0
C0G620 1993112112 -9999 -9999 -9999 0.0
C0G620 1993112113 -9999 -9999 -9999 0.0
C0G620 1993112114 -9999 -9999 -9999 0.0
C0G620 1993112115 -9999 -9999 -9999 0.0
C0G620 1993112116 -9999 -9999 -9999 0.0
C0G620 1993112117 -9999 -9999 -9999 0.0
C0G620 1993112118 -9999 -9999 -9999 0.0
C0G620 1993112119 -9999 -9999 -9999 0.0
C0G620 1993112120 -9999 -9999 -9999 0.0
C0G620 1993112121 -9999 -9999 -9999 0.0
C0G620 1993112122 -9999 -9999 -9999 0.0
C0G620 1993112123 -9999 -9999 -9999 0.0
C0G620 1993112124 -9999 -9999 -9999 0.0
C0G620 1993112201 -9999 -9999 -9999 0.0
C0G620 1993112202 -9999 -9999 -9999 0.0
C0G620 1993112203 -9999 -9999 -9999 0.0
C0G620 1993112204 -9999 -9999 -9999 0.0
C0G620 1993112205 -9999 -9999 -9999 0.0
C0G620 1993112206 -9999 -9999 -9999 0.0
C0G620 1993112207 -9999 -9999 -9999 0.0
C0G620 1993112208 -9999 -9999 -9999 0.0
C0G620 1993112209 -9999 -9999 -9999 0.0
C0G620 1993112210 -9999 -9999 -9999 0.0
C0G620 1993112211 -9999 -9999 -9999 0.0
C0G620 1993112212 -9999 -9999 -9999 0.0
C0G620 1993112213 -9999 -9999 -9999 0.0
C0G620 1993112214 -9999 -9999 -9999 0.0
C0G620 1993112215 -9999 -9999 -9999 0.0
C0G620 1993112216 -9999 -9999 -9999 0.0
C0G620 1993112217 -9999 -9999 -9999 0.0
C0G620 1993112218 -9999 -9999 -9999 0.0
C0G620 1993112219 -9999 -9999 -9999 0.0
C0G620 1993112220 -9999 -9999 -9999 0.0
C0G620 1993112221 -9999 -9999 -9999 0.0
C0G620 1993112222 -9999 -9999 -9999 0.0
C0G620 1993112223 -9999 -9999 -9999 0.0
C0G620 1993112224 -9999 -9999 -9999 0.0
C0G620 1993112301 -9999 -9999 -9999 0.0
C0G620 1993112302 -9999 -9999 -9999 0.0
C0G620 1993112303 -9999 -9999 -9999 0.0
C0G620 1993112304 -9999 -9999 -9999 0.0
C0G620 1993112305 -9999 -9999 -9999 0.0
C0G620 1993112306 -9999 -9999 -9999 0.0
C0G620 1993112307 -9999 -9999 -9999 0.0
C0G620 1993112308 -9999 -9999 -9999 0.0
C0G620 1993112309 -9999 -9999 -9999 0.0
C0G620 1993112310 -9999 -9999 -9999 0.0
C0G620 1993112311 -9999 -9999 -9999 0.0
C0G620 1993112312 -9999 -9999 -9999 0.0
C0G620 1993112313 -9999 -9999 -9999 0.0
C0G620 1993112314 -9999 -9999 -9999 0.0
C0G620 1993112315 -9999 -9999 -9999 0.0
C0G620 1993112316 -9999 -9999 -9999 0.0
C0G620 1993112317 -9999 -9999 -9999 0.0
C0G620 1993112318 -9999 -9999 -9999 0.0
C0G620 1993112319 -9999 -9999 -9999 0.0
C0G620 1993112320 -9999 -9999 -9999 0.0
C0G620 1993112321 -9999 -9999 -9999 0.0
C0G620 1993112322 -9999 -9999 -9999 0.0
C0G620 1993112323 -9999 -9999 -9999 0.0
C0G620 1993112324 -9999 -9999 -9999 0.0
C0G620 1993112401 -9999 -9999 -9999 0.0
C0G620 1993112402 -9999 -9999 -9999 0.0
C0G620 1993112403 -9999 -9999 -9999 0.0
C0G620 1993112404 -9999 -9999 -9999 0.0
C0G620 1993112405 -9999 -9999 -9999 0.0
C0G620 1993112406 -9999 -9999 -9999 0.0
C0G620 1993112407 -9999 -9999 -9999 0.0
C0G620 1993112408 -9999 -9999 -9999 0.0
C0G620 1993112409 -9999 -9999 -9999 0.0
C0G620 1993112410 -9999 -9999 -9999 0.0
C0G620 1993112411 -9999 -9999 -9999 0.0
C0G620 1993112412 -9999 -9999 -9999 0.0
C0G620 1993112413 -9999 -9999 -9999 0.0
C0G620 1993112414 -9999 -9999 -9999 0.0
C0G620 1993112415 -9999 -9999 -9999 0.0
C0G620 1993112416 -9999 -9999 -9999 0.0
C0G620 1993112417 -9999 -9999 -9999 0.0
C0G620 1993112418 -9999 -9999 -9999 0.0
C0G620 1993112419 -9999 -9999 -9999 0.0
C0G620 1993112420 -9999 -9999 -9999 0.0
C0G620 1993112421 -9999 -9999 -9999 0.0
C0G620 1993112422 -9999 -9999 -9999 0.0
C0G620 1993112423 -9999 -9999 -9999 0.0
C0G620 1993112424 -9999 -9999 -9999 0.0
C0G620 1993112501 -9999 -9999 -9999 0.0
C0G620 1993112502 -9999 -9999 -9999 0.0
C0G620 1993112503 -9999 -9999 -9999 0.0
C0G620 1993112504 -9999 -9999 -9999 0.0
C0G620 1993112505 -9999 -9999 -9999 0.0
C0G620 1993112506 -9999 -9999 -9999 0.0
C0G620 1993112507 -9999 -9999 -9999 0.0
C0G620 1993112508 -9999 -9999 -9999 0.0
C0G620 1993112509 -9999 -9999 -9999 0.0
C0G620 1993112510 -9999 -9999 -9999 0.0
C0G620 1993112511 -9999 -9999 -9999 0.0
C0G620 1993112512 -9999 -9999 -9999 0.0
C0G620 1993112513 -9999 -9999 -9999 0.0
C0G620 1993112514 -9999 -9999 -9999 0.0
C0G620 1993112515 -9999 -9999 -9999 0.0
C0G620 1993112516 -9999 -9999 -9999 0.0
C0G620 1993112517 -9999 -9999 -9999 -9996
C0G620 1993112518 -9999 -9999 -9999 0.5
C0G620 1993112519 -9999 -9999 -9999 0.5
C0G620 1993112520 -9999 -9999 -9999 -9996
C0G620 1993112521 -9999 -9999 -9999 -9996
C0G620 1993112522 -9999 -9999 -9999 -9996
C0G620 1993112523 -9999 -9999 -9999 -9996
C0G620 1993112524 -9999 -9999 -9999 0.5
C0G620 1993112601 -9999 -9999 -9999 0.0
C0G620 1993112602 -9999 -9999 -9999 0.0
C0G620 1993112603 -9999 -9999 -9999 0.0
C0G620 1993112604 -9999 -9999 -9999 0.0
C0G620 1993112605 -9999 -9999 -9999 0.0
C0G620 1993112606 -9999 -9999 -9999 0.0
C0G620 1993112607 -9999 -9999 -9999 -9996
C0G620 1993112608 -9999 -9999 -9999 -9996
C0G620 1993112609 -9999 -9999 -9999 -9996
C0G620 1993112610 -9999 -9999 -9999 -9996
C0G620 1993112611 -9999 -9999 -9999 -9996
C0G620 1993112612 -9999 -9999 -9999 0.5
C0G620 1993112613 -9999 -9999 -9999 0.0
C0G620 1993112614 -9999 -9999 -9999 0.0
C0G620 1993112615 -9999 -9999 -9999 0.0
C0G620 1993112616 -9999 -9999 -9999 0.0
C0G620 1993112617 -9999 -9999 -9999 0.0
C0G620 1993112618 -9999 -9999 -9999 0.0
C0G620 1993112619 -9999 -9999 -9999 -9996
C0G620 1993112620 -9999 -9999 -9999 -9996
C0G620 1993112621 -9999 -9999 -9999 -9996
C0G620 1993112622 -9999 -9999 -9999 0.5
C0G620 1993112623 -9999 -9999 -9999 2.0
C0G620 1993112624 -9999 -9999 -9999 2.0
C0G620 1993112701 -9999 -9999 -9999 1.0
C0G620 1993112702 -9999 -9999 -9999 0.0
C0G620 1993112703 -9999 -9999 -9999 0.0
C0G620 1993112704 -9999 -9999 -9999 0.0
C0G620 1993112705 -9999 -9999 -9999 0.0
C0G620 1993112706 -9999 -9999 -9999 0.0
C0G620 1993112707 -9999 -9999 -9999 0.0
C0G620 1993112708 -9999 -9999 -9999 0.0
C0G620 1993112709 -9999 -9999 -9999 0.0
C0G620 1993112710 -9999 -9999 -9999 0.0
C0G620 1993112711 -9999 -9999 -9999 0.0
C0G620 1993112712 -9999 -9999 -9999 0.0
C0G620 1993112713 -9999 -9999 -9999 0.0
C0G620 1993112714 -9999 -9999 -9999 0.0
C0G620 1993112715 -9999 -9999 -9999 0.0
C0G620 1993112716 -9999 -9999 -9999 0.0
C0G620 1993112717 -9999 -9999 -9999 0.0
C0G620 1993112718 -9999 -9999 -9999 0.0
C0G620 1993112719 -9999 -9999 -9999 0.0
C0G620 1993112720 -9999 -9999 -9999 0.0
C0G620 1993112721 -9999 -9999 -9999 0.0
C0G620 1993112722 -9999 -9999 -9999 0.0
C0G620 1993112723 -9999 -9999 -9999 0.0
C0G620 1993112724 -9999 -9999 -9999 0.0
C0G620 1993112801 -9999 -9999 -9999 0.0
C0G620 1993112802 -9999 -9999 -9999 0.0
C0G620 1993112803 -9999 -9999 -9999 0.0
C0G620 1993112804 -9999 -9999 -9999 0.0
C0G620 1993112805 -9999 -9999 -9999 0.0
C0G620 1993112806 -9999 -9999 -9999 0.0
C0G620 1993112807 -9999 -9999 -9999 0.0
C0G620 1993112808 -9999 -9999 -9999 0.0
C0G620 1993112809 -9999 -9999 -9999 0.0
C0G620 1993112810 -9999 -9999 -9999 0.0
C0G620 1993112811 -9999 -9999 -9999 0.0
C0G620 1993112812 -9999 -9999 -9999 0.0
C0G620 1993112813 -9999 -9999 -9999 0.0
C0G620 1993112814 -9999 -9999 -9999 0.0
C0G620 1993112815 -9999 -9999 -9999 0.0
C0G620 1993112816 -9999 -9999 -9999 0.0
C0G620 1993112817 -9999 -9999 -9999 0.0
C0G620 1993112818 -9999 -9999 -9999 0.0
C0G620 1993112819 -9999 -9999 -9999 0.0
C0G620 1993112820 -9999 -9999 -9999 0.0
C0G620 1993112821 -9999 -9999 -9999 0.0
C0G620 1993112822 -9999 -9999 -9999 0.0
C0G620 1993112823 -9999 -9999 -9999 0.0
C0G620 1993112824 -9999 -9999 -9999 0.0
C0G620 1993112901 -9999 -9999 -9999 0.0
C0G620 1993112902 -9999 -9999 -9999 0.0
C0G620 1993112903 -9999 -9999 -9999 0.0
C0G620 1993112904 -9999 -9999 -9999 0.0
C0G620 1993112905 -9999 -9999 -9999 0.0
C0G620 1993112906 -9999 -9999 -9999 0.0
C0G620 1993112907 -9999 -9999 -9999 0.0
C0G620 1993112908 -9999 -9999 -9999 0.0
C0G620 1993112909 -9999 -9999 -9999 0.0
C0G620 1993112910 -9999 -9999 -9999 0.0
C0G620 1993112911 -9999 -9999 -9999 0.0
C0G620 1993112912 -9999 -9999 -9999 0.0
C0G620 1993112913 -9999 -9999 -9999 0.0
C0G620 1993112914 -9999 -9999 -9999 0.0
C0G620 1993112915 -9999 -9999 -9999 0.0
C0G620 1993112916 -9999 -9999 -9999 0.0
C0G620 1993112917 -9999 -9999 -9999 0.0
C0G620 1993112918 -9999 -9999 -9999 0.0
C0G620 1993112919 -9999 -9999 -9999 0.0
C0G620 1993112920 -9999 -9999 -9999 0.0
C0G620 1993112921 -9999 -9999 -9999 0.0
C0G620 1993112922 -9999 -9999 -9999 0.0
C0G620 1993112923 -9999 -9999 -9999 0.0
C0G620 1993112924 -9999 -9999 -9999 0.0
C0G620 1993113001 -9999 -9999 -9999 0.0
C0G620 1993113002 -9999 -9999 -9999 0.0
C0G620 1993113003 -9999 -9999 -9999 0.0
C0G620 1993113004 -9999 -9999 -9999 0.0
C0G620 1993113005 -9999 -9999 -9999 0.0
C0G620 1993113006 -9999 -9999 -9999 0.0
C0G620 1993113007 -9999 -9999 -9999 0.0
C0G620 1993113008 -9999 -9999 -9999 0.0
C0G620 1993113009 -9999 -9999 -9999 0.0
C0G620 1993113010 -9999 -9999 -9999 0.0
C0G620 1993113011 -9999 -9999 -9999 0.0
C0G620 1993113012 -9999 -9999 -9999 0.0
C0G620 1993113013 -9999 -9999 -9999 0.0
C0G620 1993113014 -9999 -9999 -9999 0.0
C0G620 1993113015 -9999 -9999 -9999 0.0
C0G620 1993113016 -9999 -9999 -9999 0.0
C0G620 1993113017 -9999 -9999 -9999 0.0
C0G620 1993113018 -9999 -9999 -9999 0.0
C0G620 1993113019 -9999 -9999 -9999 0.0
C0G620 1993113020 -9999 -9999 -9999 0.0
C0G620 1993113021 -9999 -9999 -9999 0.0
C0G620 1993113022 -9999 -9999 -9999 0.0
C0G620 1993113023 -9999 -9999 -9999 0.0
C0G620 1993113024 -9999 -9999 -9999 0.0
C0G650 1993110101 17.2 -9999 0.1 0.0
C0G650 1993110102 17.3 -9999 0.0 0.0
C0G650 1993110103 18.1 -9999 0.0 0.0
C0G650 1993110104 18.2 -9999 1.0 0.0
C0G650 1993110105 18.0 -9999 0.0 0.0
C0G650 1993110106 17.8 -9999 0.0 0.0
C0G650 1993110107 17.6 -9999 0.0 0.0
C0G650 1993110108 19.0 -9999 0.0 0.0
C0G650 1993110109 21.3 -9999 0.0 0.0
C0G650 1993110110 23.4 -9999 0.0 0.0
C0G650 1993110111 24.4 -9999 0.0 0.0
C0G650 1993110112 25.2 -9999 1.2 0.0
C0G650 1993110113 25.9 -9999 0.9 0.0
C0G650 1993110114 25.7 -9999 0.1 0.0
C0G650 1993110115 24.9 -9999 1.8 0.0
C0G650 1993110116 24.1 -9999 0.5 0.0
C0G650 1993110117 23.5 -9999 0.0 0.0
C0G650 1993110118 22.6 -9999 0.0 0.0
C0G650 1993110119 20.8 -9999 0.0 0.0
C0G650 1993110120 19.9 -9999 0.0 0.0
C0G650 1993110121 20.1 -9999 0.0 0.0
C0G650 1993110122 19.6 -9999 0.0 0.0
C0G650 1993110123 18.6 -9999 0.9 0.0
C0G650 1993110124 18.5 -9999 0.0 0.0
C0G650 1993110201 18.7 -9999 0.3 0.0
C0G650 1993110202 19.5 -9999 0.0 0.0
C0G650 1993110203 20.2 -9999 0.0 0.0
C0G650 1993110204 19.9 -9999 0.8 0.0
C0G650 1993110205 20.0 -9999 0.0 0.0
C0G650 1993110206 20.6 -9999 0.3 0.0
C0G650 1993110207 20.2 -9999 0.0 0.0
C0G650 1993110208 21.7 -9999 0.0 0.0
C0G650 1993110209 23.3 -9999 0.0 0.0
C0G650 1993110210 24.8 -9999 1.0 0.0
C0G650 1993110211 26.2 -9999 -9997 0.0
C0G650 1993110212 26.7 -9999 0.0 0.0
C0G650 1993110213 26.8 -9999 0.2 0.0
C0G650 1993110214 27.6 -9999 0.1 0.0
C0G650 1993110215 26.6 -9999 0.2 0.0
C0G650 1993110216 25.0 -9999 0.2 0.0
C0G650 1993110217 24.3 -9999 1.9 0.0
C0G650 1993110218 23.1 -9999 0.0 0.0
C0G650 1993110219 22.7 -9999 1.3 0.0
C0G650 1993110220 22.5 -9999 0.1 0.0
C0G650 1993110221 22.4 -9999 1.0 0.0
C0G650 1993110222 22.5 -9999 1.4 0.0
C0G650 1993110223 22.7 -9999 1.4 0.0
C0G650 1993110224 22.3 -9999 0.6 0.0
C0G650 1993110301 21.9 -9999 0.0 0.0
C0G650 1993110302 21.2 -9999 0.0 0.0
C0G650 1993110303 21.5 -9999 0.0 0.0
C0G650 1993110304 20.8 -9999 0.0 0.0
C0G650 1993110305 21.1 -9999 0.3 0.0
C0G650 1993110306 21.5 -9999 0.4 0.0
C0G650 1993110307 21.5 -9999 0.0 0.0
C0G650 1993110308 22.4 -9999 1.6 0.0
C0G650 1993110309 23.8 -9999 0.0 0.0
C0G650 1993110310 26.3 -9999 0.7 0.0
C0G650 1993110311 29.1 -9999 0.0 0.0
C0G650 1993110312 30.8 -9999 0.3 0.0
C0G650 1993110313 30.8 -9999 0.6 0.0
C0G650 1993110314 30.0 -9999 0.1 0.0
C0G650 1993110315 31.9 -9999 -9997 0.0
C0G650 1993110316 29.0 -9999 0.2 0.0
C0G650 1993110317 26.6 -9999 0.1 0.0
C0G650 1993110318 25.0 -9999 0.0 0.0
C0G650 1993110319 24.2 -9999 0.0 0.0
C0G650 1993110320 23.9 -9999 0.0 0.0
C0G650 1993110321 23.3 -9999 0.0 0.0
C0G650 1993110322 22.7 -9999 0.0 0.0
C0G650 1993110323 22.4 -9999 0.0 0.0
C0G650 1993110324 22.1 -9999 0.0 0.0
C0G650 1993110401 22.1 -9999 0.0 0.0
C0G650 1993110402 21.8 -9999 0.0 0.0
C0G650 1993110403 21.4 -9999 0.0 0.0
C0G650 1993110404 21.3 -9999 0.0 0.0
C0G650 1993110405 21.1 -9999 0.0 0.0
C0G650 1993110406 20.8 -9999 0.0 0.0
C0G650 1993110407 20.9 -9999 0.0 0.0
C0G650 1993110408 23.0 -9999 0.0 0.0
C0G650 1993110409 -9997 -9999 -9997 0.0
C0G650 1993110410 28.2 -9999 0.1 0.0
C0G650 1993110411 28.9 -9999 1.0 0.0
C0G650 1993110412 30.5 -9999 0.2 0.0
C0G650 1993110413 29.3 -9999 1.8 0.0
C0G650 1993110414 28.1 -9999 0.7 0.0
C0G650 1993110415 28.7 -9999 0.0 0.0
C0G650 1993110416 27.3 -9999 0.1 0.0
C0G650 1993110417 26.1 -9999 0.0 0.0
C0G650 1993110418 25.1 -9999 0.0 0.0
C0G650 1993110419 24.6 -9999 0.0 0.0
C0G650 1993110420 24.5 -9999 0.0 0.0
C0G650 1993110421 24.6 -9999 0.0 0.0
C0G650 1993110422 24.6 -9999 0.0 0.0
C0G650 1993110423 24.6 -9999 0.0 0.0
C0G650 1993110424 24.6 -9999 0.0 0.0
C0G650 1993110501 24.3 -9999 0.0 0.0
C0G650 1993110502 24.2 -9999 0.0 0.0
C0G650 1993110503 24.2 -9999 0.0 0.0
C0G650 1993110504 24.0 -9999 0.0 0.0
C0G650 1993110505 23.5 -9999 0.0 0.0
C0G650 1993110506 23.4 -9999 0.0 0.0
C0G650 1993110507 23.9 -9999 0.0 0.0
C0G650 1993110508 24.1 -9999 0.0 0.0
C0G650 1993110509 24.4 -9999 0.0 0.0
C0G650 1993110510 26.7 -9999 0.1 0.0
C0G650 1993110511 29.1 -9999 0.3 0.0
C0G650 1993110512 28.3 -9999 1.0 0.0
C0G650 1993110513 29.8 -9999 0.6 0.0
C0G650 1993110514 29.7 -9999 0.2 0.0
C0G650 1993110515 29.7 -9999 0.5 0.0
C0G650 1993110516 28.1 -9999 0.3 0.0
C0G650 1993110517 26.4 -9999 0.0 0.0
C0G650 1993110518 25.3 -9999 0.0 0.0
C0G650 1993110519 24.3 -9999 0.0 0.0
C0G650 1993110520 23.6 -9999 0.0 0.0
C0G650 1993110521 22.8 -9999 0.0 0.0
C0G650 1993110522 22.5 -9999 0.0 0.0
C0G650 1993110523 22.7 -9999 0.0 0.0
C0G650 1993110524 23.1 -9999 0.0 0.0
C0G650 1993110601 23.4 -9999 0.0 0.0
C0G650 1993110602 23.3 -9999 0.0 0.0
C0G650 1993110603 23.1 -9999 0.0 0.0
C0G650 1993110604 22.7 -9999 0.0 0.0
C0G650 1993110605 22.6 -9999 0.0 0.0
C0G650 1993110606 22.0 -9999 0.0 0.0
C0G650 1993110607 22.3 -9999 0.0 0.0
C0G650 1993110608 23.7 -9999 0.0 0.0
C0G650 1993110609 25.7 -9999 0.1 0.0
C0G650 1993110610 27.2 -9999 0.2 0.0
C0G650 1993110611 29.2 -9999 0.0 0.0
C0G650 1993110612 30.7 -9999 0.1 0.0
C0G650 1993110613 29.7 -9999 1.4 0.0
C0G650 1993110614 30.2 -9999 0.1 0.0
C0G650 1993110615 29.4 -9999 0.1 0.0
C0G650 1993110616 27.3 -9999 0.3 0.0
C0G650 1993110617 25.6 -9999 0.1 0.0
C0G650 1993110618 24.7 -9999 0.1 0.0
C0G650 1993110619 24.2 -9999 0.0 0.0
C0G650 1993110620 23.4 -9999 0.0 0.0
C0G650 1993110621 22.9 -9999 0.0 0.0
C0G650 1993110622 22.5 -9999 0.0 0.0
C0G650 1993110623 22.2 -9999 0.0 -9996
C0G650 1993110624 22.3 -9999 0.0 -9996
C0G650 1993110701 22.4 -9999 0.0 -9996
C0G650 1993110702 22.7 -9999 0.1 -9996
C0G650 1993110703 22.5 -9999 0.0 -9996
C0G650 1993110704 23.0 -9999 0.0 -9996
C0G650 1993110705 23.2 -9999 -9997 -9996
C0G650 1993110706 23.1 -9999 0.0 -9996
C0G650 1993110707 23.0 -9999 0.0 -9996
C0G650 1993110708 22.9 -9999 0.2 -9996
C0G650 1993110709 23.9 -9999 0.0 -9996
C0G650 1993110710 24.5 -9999 0.0 -9996
C0G650 1993110711 25.5 -9999 0.7 -9996
C0G650 1993110712 26.8 -9999 0.3 0.0
C0G650 1993110713 27.3 -9999 0.4 0.0
C0G650 1993110714 28.1 -9999 0.1 0.0
C0G650 1993110715 28.0 -9999 0.0 0.0
C0G650 1993110716 27.0 -9999 0.0 0.0
C0G650 1993110717 25.4 -9999 0.1 0.0
C0G650 1993110718 24.7 -9999 0.0 0.0
C0G650 1993110719 24.1 -9999 0.6 0.0
C0G650 1993110720 23.9 -9999 0.1 0.0
C0G650 1993110721 23.7 -9999 0.1 0.0
C0G650 1993110722 23.1 -9999 0.0 0.0
C0G650 1993110723 22.0 -9999 0.0 0.0
C0G650 1993110724 21.6 -9999 0.0 0.0
C0G650 1993110801 21.4 -9999 0.0 0.0
C0G650 1993110802 21.9 -9999 0.0 0.0
C0G650 1993110803 22.1 -9999 1.0 0.0
C0G650 1993110804 22.0 -9999 0.0 0.0
C0G650 1993110805 22.1 -9999 0.0 0.0
C0G650 1993110806 22.0 -9999 0.2 0.0
C0G650 1993110807 21.9 -9999 0.0 0.0
C0G650 1993110808 22.5 -9999 0.0 0.0
C0G650 1993110809 24.4 -9999 0.3 0.0
C0G650 1993110810 27.8 -9999 0.1 0.0
C0G650 1993110811 27.7 -9999 0.1 0.0
C0G650 1993110812 28.9 -9999 0.1 0.0
C0G650 1993110813 30.3 -9999 0.0 0.0
C0G650 1993110814 30.2 -9999 0.0 -9996
C0G650 1993110815 28.4 -9999 0.4 -9996
C0G650 1993110816 27.3 -9999 0.3 -9996
C0G650 1993110817 -9997 -9999 -9997 -9996
C0G650 1993110818 -9997 -9999 -9997 -9996
C0G650 1993110819 -9997 -9999 -9997 -9996
C0G650 1993110820 -9997 -9999 -9997 -9996
C0G650 1993110821 -9997 -9999 -9997 -9996
C0G650 1993110822 -9997 -9999 -9997 -9996
C0G650 1993110823 -9997 -9999 -9997 -9996
C0G650 1993110824 -9997 -9999 -9997 -9996
C0G650 1993110901 -9997 -9999 -9997 -9996
C0G650 1993110902 -9997 -9999 -9997 -9996
C0G650 1993110903 -9997 -9999 -9997 -9996
C0G650 1993110904 -9997 -9999 -9997 -9996
C0G650 1993110905 -9997 -9999 -9997 -9996
C0G650 1993110906 -9997 -9999 -9997 -9996
C0G650 1993110907 -9997 -9999 -9997 -9996
C0G650 1993110908 -9997 -9999 -9997 -9996
C0G650 1993110909 -9997 -9999 -9997 -9996
C0G650 1993110910 -9997 -9999 -9997 -9996
C0G650 1993110911 -9997 -9999 -9997 -9996
C0G650 1993110912 -9997 -9999 -9997 -9996
C0G650 1993110913 -9997 -9999 -9997 -9996
C0G650 1993110914 -9997 -9999 -9997 -9996
C0G650 1993110915 -9997 -9999 -9997 -9996
C0G650 1993110916 -9997 -9999 -9997 -9996
C0G650 1993110917 -9997 -9999 -9997 -9996
C0G650 1993110918 -9997 -9999 -9997 -9996
C0G650 1993110919 -9997 -9999 -9997 -9996
C0G650 1993110920 -9997 -9999 -9997 -9996
C0G650 1993110921 -9997 -9999 -9997 -9996
C0G650 1993110922 -9997 -9999 -9997 -9996
C0G650 1993110923 -9997 -9999 -9997 -9996
C0G650 1993110924 -9997 -9999 -9997 -9996
C0G650 1993111001 -9997 -9999 -9997 -9996
C0G650 1993111002 -9997 -9999 -9997 -9996
C0G650 1993111003 -9997 -9999 -9997 -9996
C0G650 1993111004 -9997 -9999 -9997 -9996
C0G650 1993111005 -9997 -9999 -9997 -9996
C0G650 1993111006 -9997 -9999 -9997 -9996
C0G650 1993111007 -9997 -9999 -9997 -9996
C0G650 1993111008 -9997 -9999 -9997 -9996
C0G650 1993111009 -9997 -9999 -9997 -9996
C0G650 1993111010 -9997 -9999 -9997 -9996
C0G650 1993111011 -9997 -9999 -9997 -9996
C0G650 1993111012 -9997 -9999 -9997 -9996
C0G650 1993111013 29.0 -9999 1.2 -9996
C0G650 1993111014 28.7 -9999 1.1 -9996
C0G650 1993111015 27.8 -9999 0.5 -9996
C0G650 1993111016 26.7 -9999 0.7 -9996
C0G650 1993111017 25.6 -9999 0.9 0.0
C0G650 1993111018 24.6 -9999 0.1 0.0
C0G650 1993111019 24.0 -9999 0.0 0.0
C0G650 1993111020 23.4 -9999 0.0 0.0
C0G650 1993111021 22.6 -9999 0.0 0.0
C0G650 1993111022 22.2 -9999 0.0 0.0
C0G650 1993111023 22.0 -9999 0.0 0.0
C0G650 1993111024 21.5 -9999 0.0 0.0
C0G650 1993111101 21.9 -9999 0.0 0.0
C0G650 1993111102 21.9 -9999 0.0 0.0
C0G650 1993111103 22.5 -9999 0.0 0.0
C0G650 1993111104 22.1 -9999 0.0 0.0
C0G650 1993111105 21.2 -9999 0.0 0.0
C0G650 1993111106 20.4 -9999 0.0 0.0
C0G650 1993111107 20.4 -9999 0.0 0.0
C0G650 1993111108 22.6 -9999 0.0 0.0
C0G650 1993111109 25.3 -9999 0.1 0.0
C0G650 1993111110 27.7 -9999 0.0 0.0
C0G650 1993111111 28.4 -9999 0.2 0.0
C0G650 1993111112 29.6 -9999 0.4 0.0
C0G650 1993111113 29.0 -9999 0.2 0.0
C0G650 1993111114 29.4 -9999 1.4 0.0
C0G650 1993111115 28.5 -9999 1.0 0.0
C0G650 1993111116 27.6 -9999 0.7 0.0
C0G650 1993111117 25.8 -9999 0.1 0.0
C0G650 1993111118 24.8 -9999 0.1 0.0
C0G650 1993111119 23.6 -9999 0.0 0.0
C0G650 1993111120 22.5 -9999 0.0 0.0
C0G650 1993111121 21.9 -9999 0.0 0.0
C0G650 1993111122 21.4 -9999 0.0 0.0
C0G650 1993111123 21.3 -9999 0.0 0.0
C0G650 1993111124 20.7 -9999 0.0 0.0
C0G650 1993111201 20.5 -9999 0.0 0.0
C0G650 1993111202 20.1 -9999 0.0 0.0
C0G650 1993111203 20.1 -9999 0.0 0.0
C0G650 1993111204 19.3 -9999 0.0 0.0
C0G650 1993111205 19.3 -9999 0.0 0.0
C0G650 1993111206 18.8 -9999 0.0 0.0
C0G650 1993111207 20.1 -9999 0.0 0.0
C0G650 1993111208 21.7 -9999 0.0 0.0
C0G650 1993111209 24.7 -9999 0.5 0.0
C0G650 1993111210 26.6 -9999 0.6 0.0
C0G650 1993111211 28.2 -9999 0.3 0.0
C0G650 1993111212 28.8 -9999 1.3 0.0
C0G650 1993111213 28.5 -9999 0.4 0.0
C0G650 1993111214 28.2 -9999 0.3 0.0
C0G650 1993111215 26.7 -9999 0.5 0.0
C0G650 1993111216 25.5 -9999 1.6 0.0
C0G650 1993111217 24.7 -9999 0.1 0.0
C0G650 1993111218 24.1 -9999 0.0 0.0
C0G650 1993111219 22.3 -9999 0.0 0.0
C0G650 1993111220 21.6 -9999 0.0 0.0
C0G650 1993111221 21.6 -9999 0.0 0.0
C0G650 1993111222 21.5 -9999 -9997 0.0
C0G650 1993111223 21.4 -9999 0.0 0.0
C0G650 1993111224 20.6 -9999 0.0 0.0
C0G650 1993111301 20.5 -9999 0.0 0.0
C0G650 1993111302 21.4 -9999 0.6 0.0
C0G650 1993111303 21.5 -9999 0.2 0.0
C0G650 1993111304 21.1 -9999 0.0 0.0
C0G650 1993111305 20.5 -9999 0.1 0.0
C0G650 1993111306 20.0 -9999 0.1 0.0
C0G650 1993111307 20.8 -9999 1.2 0.0
C0G650 1993111308 21.7 -9999 0.3 0.0
C0G650 1993111309 23.5 -9999 0.6 0.0
C0G650 1993111310 25.1 -9999 0.7 0.0
C0G650 1993111311 26.7 -9999 1.9 0.0
C0G650 1993111312 27.9 -9999 1.3 0.0
C0G650 1993111313 28.1 -9999 2.2 0.0
C0G650 1993111314 28.7 -9999 1.0 0.0
C0G650 1993111315 28.1 -9999 0.4 0.0
C0G650 1993111316 26.5 -9999 1.1 0.0
C0G650 1993111317 24.4 -9999 0.3 0.0
C0G650 1993111318 22.8 -9999 0.0 0.0
C0G650 1993111319 21.5 -9999 0.0 0.0
C0G650 1993111320 -9997 -9999 0.0 0.0
C0G650 1993111321 20.1 -9999 0.1 0.0
C0G650 1993111322 20.1 -9999 0.0 0.0
C0G650 1993111323 19.8 -9999 0.0 0.0
C0G650 1993111324 19.3 -9999 0.0 0.0
C0G650 1993111401 19.6 -9999 0.0 0.0
C0G650 1993111402 19.1 -9999 0.0 0.0
C0G650 1993111403 19.3 -9999 0.0 0.0
C0G650 1993111404 19.3 -9999 0.0 0.0
C0G650 1993111405 18.3 -9999 0.0 0.0
C0G650 1993111406 18.6 -9999 0.0 0.0
C0G650 1993111407 18.5 -9999 0.0 0.0
C0G650 1993111408 -9997 -9999 0.0 0.0
C0G650 1993111409 23.6 -9999 0.0 0.0
C0G650 1993111410 25.3 -9999 1.1 0.0
C0G650 1993111411 26.8 -9999 0.4 0.0
C0G650 1993111412 28.4 -9999 0.2 0.0
C0G650 1993111413 29.2 -9999 0.0 0.0
C0G650 1993111414 29.3 -9999 0.4 0.0
C0G650 1993111415 28.1 -9999 0.5 0.0
C0G650 1993111416 26.7 -9999 0.1 0.0
C0G650 1993111417 25.5 -9999 0.0 0.0
C0G650 1993111418 24.6 -9999 0.2 0.0
C0G650 1993111419 23.5 -9999 0.0 0.0
C0G650 1993111420 23.0 -9999 0.0 0.0
C0G650 1993111421 22.8 -9999 0.0 0.0
C0G650 1993111422 22.3 -9999 0.0 0.0
C0G650 1993111423 21.6 -9999 0.0 -9996
C0G650 1993111424 21.1 -9999 0.0 -9996
C0G650 1993111501 -9997 -9999 -9997 -9996
C0G650 1993111502 -9997 -9999 -9997 -9996
C0G650 1993111503 -9997 -9999 -9997 -9996
C0G650 1993111504 -9997 -9999 -9997 -9996
C0G650 1993111505 -9997 -9999 -9997 -9996
C0G650 1993111506 -9997 -9999 -9997 -9996
C0G650 1993111507 -9997 -9999 -9997 -9996
C0G650 1993111508 -9997 -9999 -9997 -9996
C0G650 1993111509 24.8 -9999 1.2 -9996
C0G650 1993111510 26.5 -9999 0.5 -9996
C0G650 1993111511 28.4 -9999 0.5 -9996
C0G650 1993111512 29.4 -9999 0.8 0.0
C0G650 1993111513 28.8 -9999 1.7 0.0
C0G650 1993111514 28.6 -9999 1.3 0.0
C0G650 1993111515 27.7 -9999 2.9 0.0
C0G650 1993111516 27.1 -9999 1.9 0.0
C0G650 1993111517 25.2 -9999 0.8 0.0
C0G650 1993111518 24.0 -9999 0.8 0.0
C0G650 1993111519 23.1 -9999 -9997 0.0
C0G650 1993111520 21.9 -9999 0.0 0.0
C0G650 1993111521 20.7 -9999 0.0 0.0
C0G650 1993111522 20.2 -9999 0.0 0.0
C0G650 1993111523 19.8 -9999 0.0 0.0
C0G650 1993111524 19.4 -9999 0.0 0.0
C0G650 1993111601 19.3 -9999 0.0 0.0
C0G650 1993111602 19.9 -9999 0.0 0.0
C0G650 1993111603 19.2 -9999 0.0 0.0
C0G650 1993111604 19.7 -9999 -9997 0.0
C0G650 1993111605 19.7 -9999 0.0 0.0
C0G650 1993111606 19.8 -9999 0.0 0.0
C0G650 1993111607 20.6 -9999 0.2 0.0
C0G650 1993111608 22.9 -9999 0.0 0.0
C0G650 1993111609 25.3 -9999 1.8 0.0
C0G650 1993111610 27.3 -9999 0.9 0.0
C0G650 1993111611 28.1 -9999 0.7 0.0
C0G650 1993111612 27.9 -9999 0.0 0.0
C0G650 1993111613 27.5 -9999 0.0 0.0
C0G650 1993111614 27.1 -9999 0.3 0.0
C0G650 1993111615 -9997 -9999 0.3 2.0
C0G650 1993111616 21.8 -9999 0.5 2.0
C0G650 1993111617 21.4 -9999 0.1 1.0
C0G650 1993111618 20.9 -9999 0.0 0.0
C0G650 1993111619 20.9 -9999 0.1 0.0
C0G650 1993111620 20.8 -9999 0.2 0.0
C0G650 1993111621 20.5 -9999 0.1 1.5
C0G650 1993111622 20.9 -9999 0.0 0.5
C0G650 1993111623 20.6 -9999 1.3 0.5
C0G650 1993111624 20.3 -9999 0.0 2.0
C0G650 1993111701 20.6 -9999 0.4 2.5
C0G650 1993111702 20.5 -9999 0.2 1.0
C0G650 1993111703 20.3 -9999 0.1 0.0
C0G650 1993111704 20.4 -9999 -9997 0.0
C0G650 1993111705 20.8 -9999 0.4 0.0
C0G650 1993111706 21.5 -9999 0.1 0.0
C0G650 1993111707 21.3 -9999 0.0 0.0
C0G650 1993111708 21.5 -9999 1.8 0.5
C0G650 1993111709 22.1 -9999 1.2 0.0
C0G650 1993111710 20.8 -9999 0.4 3.5
C0G650 1993111711 20.5 -9999 0.2 2.5
C0G650 1993111712 20.9 -9999 0.3 2.5
C0G650 1993111713 -9997 -9999 -9997 2.0
C0G650 1993111714 20.1 -9999 2.0 1.5
C0G650 1993111715 21.5 -9999 0.2 0.0
C0G650 1993111716 21.3 -9999 0.0 0.5
C0G650 1993111717 21.5 -9999 1.3 0.0
C0G650 1993111718 21.3 -9999 1.3 0.0
C0G650 1993111719 21.4 -9999 1.2 0.0
C0G650 1993111720 21.4 -9999 1.0 0.0
C0G650 1993111721 21.0 -9999 0.5 0.0
C0G650 1993111722 20.7 -9999 0.0 0.0
C0G650 1993111723 19.8 -9999 0.0 0.0
C0G650 1993111724 19.1 -9999 0.0 0.0
C0G650 1993111801 18.7 -9999 0.0 0.0
C0G650 1993111802 18.0 -9999 0.0 0.0
C0G650 1993111803 17.6 -9999 0.0 0.0
C0G650 1993111804 17.3 -9999 0.0 0.0
C0G650 1993111805 18.8 -9999 0.0 0.0
C0G650 1993111806 19.2 -9999 0.4 0.0
C0G650 1993111807 19.7 -9999 0.5 0.0
C0G650 1993111808 21.0 -9999 0.3 0.0
C0G650 1993111809 22.5 -9999 0.6 0.0
C0G650 1993111810 24.5 -9999 0.9 0.0
C0G650 1993111811 26.7 -9999 0.1 0.0
C0G650 1993111812 27.8 -9999 0.3 0.0
C0G650 1993111813 28.6 -9999 0.2 0.0
C0G650 1993111814 29.5 -9999 0.5 0.0
C0G650 1993111815 28.0 -9999 1.7 0.0
C0G650 1993111816 26.0 -9999 2.4 0.0
C0G650 1993111817 24.4 -9999 -9997 0.0
C0G650 1993111818 22.8 -9999 1.0 0.0
C0G650 1993111819 -9997 -9999 0.2 0.0
C0G650 1993111820 21.1 -9999 0.1 0.0
C0G650 1993111821 20.5 -9999 0.4 0.0
C0G650 1993111822 19.9 -9999 0.0 0.0
C0G650 1993111823 19.7 -9999 -9997 0.0
C0G650 1993111824 18.5 -9999 0.0 0.0
C0G650 1993111901 18.7 -9999 0.0 0.0
C0G650 1993111902 19.0 -9999 0.0 0.0
C0G650 1993111903 19.0 -9999 0.0 0.0
C0G650 1993111904 18.9 -9999 0.1 0.0
C0G650 1993111905 19.1 -9999 0.2 0.0
C0G650 1993111906 19.5 -9999 1.2 0.0
C0G650 1993111907 21.5 -9999 0.3 0.0
C0G650 1993111908 21.7 -9999 1.6 0.0
C0G650 1993111909 23.8 -9999 1.3 0.0
C0G650 1993111910 25.2 -9999 1.3 0.0
C0G650 1993111911 27.6 -9999 0.8 0.0
C0G650 1993111912 27.8 -9999 -9997 0.0
C0G650 1993111913 29.2 -9999 0.3 0.0
C0G650 1993111914 30.8 -9999 0.7 0.0
C0G650 1993111915 26.2 -9999 1.3 0.0
C0G650 1993111916 25.3 -9999 1.3 0.0
C0G650 1993111917 24.8 -9999 0.0 0.0
C0G650 1993111918 23.7 -9999 0.0 0.0
C0G650 1993111919 22.9 -9999 0.2 0.0
C0G650 1993111920 22.1 -9999 0.0 0.0
C0G650 1993111921 21.8 -9999 0.2 0.0
C0G650 1993111922 21.3 -9999 0.0 0.0
C0G650 1993111923 20.7 -9999 0.0 0.0
C0G650 1993111924 20.5 -9999 0.0 0.0
C0G650 1993112001 20.3 -9999 0.0 0.0
C0G650 1993112002 20.3 -9999 0.0 0.0
C0G650 1993112003 20.3 -9999 0.0 0.0
C0G650 1993112004 20.3 -9999 0.0 0.0
C0G650 1993112005 20.1 -9999 0.0 0.0
C0G650 1993112006 20.0 -9999 0.0 0.0
C0G650 1993112007 20.2 -9999 0.0 0.0
C0G650 1993112008 22.5 -9999 0.0 0.0
C0G650 1993112009 25.9 -9999 0.2 0.0
C0G650 1993112010 27.0 -9999 0.2 0.0
C0G650 1993112011 27.9 -9999 0.1 0.0
C0G650 1993112012 29.8 -9999 0.4 0.0
C0G650 1993112013 29.4 -9999 0.4 0.0
C0G650 1993112014 29.3 -9999 0.0 0.0
C0G650 1993112015 27.7 -9999 0.1 0.0
C0G650 1993112016 25.9 -9999 0.5 0.0
C0G650 1993112017 25.1 -9999 0.0 0.0
C0G650 1993112018 24.3 -9999 0.2 0.0
C0G650 1993112019 24.3 -9999 1.0 0.0
C0G650 1993112020 24.1 -9999 0.3 0.0
C0G650 1993112021 23.4 -9999 0.1 0.0
C0G650 1993112022 23.6 -9999 0.0 0.0
C0G650 1993112023 22.7 -9999 0.0 0.0
C0G650 1993112024 22.4 -9999 0.0 0.0
C0G650 1993112101 22.4 -9999 0.0 0.0
C0G650 1993112102 21.7 -9999 0.0 0.0
C0G650 1993112103 21.1 -9999 0.2 0.0
C0G650 1993112104 20.7 -9999 0.0 0.0
C0G650 1993112105 20.6 -9999 0.0 0.0
C0G650 1993112106 20.3 -9999 0.0 0.0
C0G650 1993112107 21.2 -9999 0.2 0.0
C0G650 1993112108 22.3 -9999 0.4 0.0
C0G650 1993112109 24.6 -9999 2.2 0.0
C0G650 1993112110 24.0 -9999 2.2 0.0
C0G650 1993112111 24.5 -9999 2.5 0.0
C0G650 1993112112 24.4 -9999 3.9 0.0
C0G650 1993112113 23.5 -9999 3.4 0.0
C0G650 1993112114 22.4 -9999 3.6 0.0
C0G650 1993112115 21.5 -9999 3.1 0.0
C0G650 1993112116 20.2 -9999 2.2 0.0
C0G650 1993112117 18.4 -9999 2.9 0.0
C0G650 1993112118 16.7 -9999 3.1 0.0
C0G650 1993112119 16.3 -9999 2.7 0.0
C0G650 1993112120 16.0 -9999 2.8 0.0
C0G650 1993112121 15.6 -9999 2.0 0.0
C0G650 1993112122 15.0 -9999 2.3 0.0
C0G650 1993112123 14.8 -9999 1.6 0.0
C0G650 1993112124 15.1 -9999 1.3 0.0
C0G650 1993112201 14.8 -9999 1.5 0.0
C0G650 1993112202 14.5 -9999 1.6 0.0
C0G650 1993112203 14.4 -9999 2.4 0.0
C0G650 1993112204 14.7 -9999 2.0 0.0
C0G650 1993112205 14.7 -9999 0.7 0.0
C0G650 1993112206 15.0 -9999 0.5 0.0
C0G650 1993112207 15.2 -9999 0.1 0.0
C0G650 1993112208 15.9 -9999 0.1 0.0
C0G650 1993112209 16.7 -9999 0.0 0.0
C0G650 1993112210 17.9 -9999 0.8 0.0
C0G650 1993112211 18.3 -9999 0.9 0.0
C0G650 1993112212 19.6 -9999 1.2 0.0
C0G650 1993112213 21.1 -9999 0.4 0.0
C0G650 1993112214 22.9 -9999 0.0 0.0
C0G650 1993112215 23.0 -9999 0.1 133.0
C0G650 1993112216 23.3 -9999 -9997 0.0
C0G650 1993112217 21.2 -9999 0.0 0.0
C0G650 1993112218 19.8 -9999 0.0 0.0
C0G650 1993112219 18.9 -9999 0.0 0.0
C0G650 1993112220 19.2 -9999 0.0 0.0
C0G650 1993112221 18.1 -9999 0.0 0.0
C0G650 1993112222 18.8 -9999 0.0 0.0
C0G650 1993112223 18.2 -9999 0.0 0.0
C0G650 1993112224 18.4 -9999 0.0 0.0
C0G650 1993112301 18.5 -9999 0.0 0.0
C0G650 1993112302 18.6 -9999 0.0 0.0
C0G650 1993112303 18.6 -9999 0.0 0.0
C0G650 1993112304 18.7 -9999 0.6 0.0
C0G650 1993112305 18.8 -9999 0.6 0.0
C0G650 1993112306 18.2 -9999 0.5 0.0
C0G650 1993112307 18.4 -9999 0.8 0.0
C0G650 1993112308 19.3 -9999 2.1 0.0
C0G650 1993112309 20.0 -9999 2.8 0.0
C0G650 1993112310 21.4 -9999 2.8 0.0
C0G650 1993112311 22.7 -9999 1.9 0.0
C0G650 1993112312 24.8 -9999 0.6 0.0
C0G650 1993112313 24.7 -9999 0.7 0.0
C0G650 1993112314 24.2 -9999 1.7 0.0
C0G650 1993112315 24.0 -9999 1.7 0.0
C0G650 1993112316 22.8 -9999 1.7 0.0
C0G650 1993112317 20.7 -9999 3.6 0.0
C0G650 1993112318 19.4 -9999 3.4 0.0
C0G650 1993112319 18.4 -9999 3.1 0.0
C0G650 1993112320 17.7 -9999 3.1 0.0
C0G650 1993112321 16.8 -9999 2.4 0.0
C0G650 1993112322 17.2 -9999 1.0 0.0
C0G650 1993112323 17.1 -9999 0.7 0.0
C0G650 1993112324 16.8 -9999 0.5 0.0
C0G650 1993112401 16.7 -9999 0.5 0.0
C0G650 1993112402 16.5 -9999 0.9 0.0
C0G650 1993112403 16.1 -9999 0.7 0.0
C0G650 1993112404 15.8 -9999 1.7 0.0
C0G650 1993112405 15.4 -9999 1.1 0.0
C0G650 1993112406 15.0 -9999 0.8 0.0
C0G650 1993112407 15.0 -9999 0.8 0.0
C0G650 1993112408 15.7 -9999 0.5 0.0
C0G650 1993112409 16.3 -9999 0.6 0.0
C0G650 1993112410 17.1 -9999 0.7 0.0
C0G650 1993112411 17.4 -9999 1.9 0.0
C0G650 1993112412 18.1 -9999 1.1 0.0
C0G650 1993112413 19.3 -9999 0.1 0.0
C0G650 1993112414 19.4 -9999 0.8 0.0
C0G650 1993112415 19.7 -9999 1.1 0.0
C0G650 1993112416 19.5 -9999 1.7 0.0
C0G650 1993112417 18.8 -9999 0.2 0.0
C0G650 1993112418 18.0 -9999 0.3 0.0
C0G650 1993112419 17.7 -9999 1.1 0.0
C0G650 1993112420 17.3 -9999 0.3 0.0
C0G650 1993112421 17.3 -9999 0.0 0.0
C0G650 1993112422 16.9 -9999 0.0 0.0
C0G650 1993112423 16.7 -9999 0.0 0.0
C0G650 1993112424 16.6 -9999 0.0 0.0
C0G650 1993112501 16.7 -9999 0.0 0.0
C0G650 1993112502 16.7 -9999 0.0 0.0
C0G650 1993112503 16.6 -9999 0.0 0.0
C0G650 1993112504 16.8 -9999 0.0 0.0
C0G650 1993112505 16.7 -9999 0.0 0.0
C0G650 1993112506 17.2 -9999 0.0 0.0
C0G650 1993112507 17.2 -9999 0.0 0.0
C0G650 1993112508 17.9 -9999 0.0 0.0
C0G650 1993112509 19.5 -9999 0.7 0.0
C0G650 1993112510 20.9 -9999 0.1 0.0
C0G650 1993112511 22.4 -9999 0.1 0.0
C0G650 1993112512 22.9 -9999 0.3 0.0
C0G650 1993112513 23.0 -9999 0.1 0.0
C0G650 1993112514 22.6 -9999 0.0 0.0
C0G650 1993112515 21.8 -9999 0.0 0.0
C0G650 1993112516 21.3 -9999 0.4 0.5
C0G650 1993112517 20.5 -9999 0.0 0.0
C0G650 1993112518 19.9 -9999 0.0 0.5
C0G650 1993112519 19.8 -9999 0.6 0.0
C0G650 1993112520 19.8 -9999 1.2 0.0
C0G650 1993112521 19.7 -9999 0.5 0.5
C0G650 1993112522 19.6 -9999 0.6 0.0
C0G650 1993112523 19.5 -9999 0.0 0.5
C0G650 1993112524 19.6 -9999 0.0 0.0
C0G650 1993112601 19.6 -9999 0.0 0.0
C0G650 1993112602 19.4 -9999 0.0 0.0
C0G650 1993112603 19.3 -9999 0.0 0.0
C0G650 1993112604 19.4 -9999 0.4 0.0
C0G650 1993112605 19.8 -9999 0.0 0.0
C0G650 1993112606 20.3 -9999 0.8 0.0
C0G650 1993112607 20.1 -9999 0.2 0.0
C0G650 1993112608 22.3 -9999 0.5 0.0
C0G650 1993112609 21.2 -9999 0.9 0.0
C0G650 1993112610 21.6 -9999 2.2 0.0
C0G650 1993112611 21.8 -9999 1.6 0.5
C0G650 1993112612 21.6 -9999 1.3 0.0
C0G650 1993112613 22.3 -9999 0.0 0.0
C0G650 1993112614 21.7 -9999 0.5 0.5
C0G650 1993112615 21.7 -9999 0.0 0.0
C0G650 1993112616 22.4 -9999 1.4 0.0
C0G650 1993112617 22.2 -9999 1.2 0.0
C0G650 1993112618 21.5 -9999 0.0 0.0
C0G650 1993112619 21.7 -9999 0.4 0.0
C0G650 1993112620 21.6 -9999 0.5 0.0
C0G650 1993112621 22.6 -9999 1.1 0.0
C0G650 1993112622 20.6 -9999 0.0 0.0
C0G650 1993112623 19.9 -9999 0.1 1.5
C0G650 1993112624 19.7 -9999 0.1 0.5
C0G650 1993112701 19.8 -9999 0.2 1.0
C0G650 1993112702 19.7 -9999 0.3 0.0
C0G650 1993112703 19.4 -9999 0.0 0.0
C0G650 1993112704 19.2 -9999 0.9 0.0
C0G650 1993112705 19.2 -9999 -9997 0.0
C0G650 1993112706 19.1 -9999 1.0 0.0
C0G650 1993112707 19.3 -9999 1.1 0.5
C0G650 1993112708 19.7 -9999 0.5 0.0
C0G650 1993112709 20.6 -9999 1.0 0.0
C0G650 1993112710 22.4 -9999 1.9 0.0
C0G650 1993112711 22.1 -9999 2.0 0.0
C0G650 1993112712 22.3 -9999 1.6 0.0
C0G650 1993112713 23.2 -9999 1.2 0.0
C0G650 1993112714 24.2 -9999 0.7 0.0
C0G650 1993112715 24.3 -9999 0.3 0.0
C0G650 1993112716 22.6 -9999 1.6 0.0
C0G650 1993112717 21.9 -9999 0.3 0.0
C0G650 1993112718 21.0 -9999 0.1 0.0
C0G650 1993112719 20.4 -9999 0.1 0.0
C0G650 1993112720 19.5 -9999 0.0 0.0
C0G650 1993112721 19.6 -9999 0.1 0.0
C0G650 1993112722 19.7 -9999 0.1 0.0
C0G650 1993112723 19.8 -9999 0.2 0.0
C0G650 1993112724 20.0 -9999 0.0 0.0
C0G650 1993112801 19.8 -9999 0.0 0.0
C0G650 1993112802 19.8 -9999 0.0 0.0
C0G650 1993112803 19.9 -9999 0.0 0.0
C0G650 1993112804 19.9 -9999 0.5 0.0
C0G650 1993112805 19.8 -9999 0.1 0.0
C0G650 1993112806 19.5 -9999 0.0 0.0
C0G650 1993112807 19.8 -9999 0.3 0.0
C0G650 1993112808 20.8 -9999 0.1 0.0
C0G650 1993112809 21.7 -9999 1.1 0.0
C0G650 1993112810 22.6 -9999 1.4 0.0
C0G650 1993112811 23.1 -9999 1.4 0.0
C0G650 1993112812 24.2 -9999 0.0 0.0
C0G650 1993112813 24.8 -9999 0.2 0.0
C0G650 1993112814 24.5 -9999 0.7 0.0
C0G650 1993112815 25.2 -9999 0.0 0.0
C0G650 1993112816 24.4 -9999 0.0 0.0
C0G650 1993112817 22.7 -9999 0.0 0.0
C0G650 1993112818 21.9 -9999 0.0 0.0
C0G650 1993112819 21.1 -9999 0.0 0.0
C0G650 1993112820 20.5 -9999 0.0 0.0
C0G650 1993112821 20.0 -9999 0.0 0.0
C0G650 1993112822 19.6 -9999 0.2 0.0
C0G650 1993112823 19.3 -9999 0.0 0.0
C0G650 1993112824 19.2 -9999 0.0 0.0
C0G650 1993112901 19.4 -9999 0.0 0.0
C0G650 1993112902 19.5 -9999 0.0 0.0
C0G650 1993112903 19.5 -9999 0.1 0.0
C0G650 1993112904 19.4 -9999 0.0 0.0
C0G650 1993112905 18.6 -9999 0.0 0.0
C0G650 1993112906 18.7 -9999 0.0 0.0
C0G650 1993112907 19.2 -9999 0.0 0.0
C0G650 1993112908 20.4 -9999 0.0 0.0
C0G650 1993112909 22.4 -9999 0.7 0.0
C0G650 1993112910 24.2 -9999 0.9 0.0
C0G650 1993112911 25.8 -9999 1.6 0.0
C0G650 1993112912 26.0 -9999 2.2 0.0
C0G650 1993112913 25.1 -9999 0.8 0.0
C0G650 1993112914 24.4 -9999 2.0 0.0
C0G650 1993112915 24.2 -9999 2.0 0.0
C0G650 1993112916 23.5 -9999 1.6 0.0
C0G650 1993112917 22.9 -9999 1.3 0.0
C0G650 1993112918 22.6 -9999 0.5 0.0
C0G650 1993112919 22.5 -9999 0.2 0.0
C0G650 1993112920 22.3 -9999 0.0 0.0
C0G650 1993112921 22.3 -9999 0.0 0.0
C0G650 1993112922 22.1 -9999 0.0 0.0
C0G650 1993112923 22.0 -9999 0.0 0.0
C0G650 1993112924 21.9 -9999 0.0 0.0
C0G650 1993113001 21.5 -9999 1.1 0.0
C0G650 1993113002 21.4 -9999 0.2 0.0
C0G650 1993113003 21.2 -9999 0.0 0.0
C0G650 1993113004 21.0 -9999 0.3 0.0
C0G650 1993113005 20.8 -9999 1.2 0.0
C0G650 1993113006 21.1 -9999 1.9 0.0
C0G650 1993113007 21.2 -9999 1.8 0.0
C0G650 1993113008 22.0 -9999 0.9 0.0
C0G650 1993113009 22.7 -9999 1.8 0.0
C0G650 1993113010 23.3 -9999 1.1 0.0
C0G650 1993113011 22.8 -9999 0.1 0.0
C0G650 1993113012 24.1 -9999 0.0 0.0
C0G650 1993113013 25.1 -9999 0.0 0.0
C0G650 1993113014 25.2 -9999 0.6 0.0
C0G650 1993113015 25.5 -9999 0.3 0.0
C0G650 1993113016 -9997 -9999 0.1 0.0
C0G650 1993113017 23.3 -9999 0.1 0.0
C0G650 1993113018 22.2 -9999 0.9 0.0
C0G650 1993113019 21.5 -9999 0.2 0.0
C0G650 1993113020 22.0 -9999 0.2 0.0
C0G650 1993113021 21.7 -9999 1.3 0.0
C0G650 1993113022 21.3 -9999 1.0 0.0
C0G650 1993113023 -9997 -9999 -9997 0.0
C0G650 1993113024 21.5 -9999 1.0 0.0
C0G660 1993110101 -9999 -9999 -9999 0.0
C0G660 1993110102 -9999 -9999 -9999 0.0
C0G660 1993110103 -9999 -9999 -9999 0.0
C0G660 1993110104 -9999 -9999 -9999 0.0
C0G660 1993110105 -9999 -9999 -9999 0.0
C0G660 1993110106 -9999 -9999 -9999 0.0
C0G660 1993110107 -9999 -9999 -9999 0.0
C0G660 1993110108 -9999 -9999 -9999 0.0
C0G660 1993110109 -9999 -9999 -9999 0.0
C0G660 1993110110 -9999 -9999 -9999 0.0
C0G660 1993110111 -9999 -9999 -9999 0.0
C0G660 1993110112 -9999 -9999 -9999 0.0
C0G660 1993110113 -9999 -9999 -9999 0.0
C0G660 1993110114 -9999 -9999 -9999 0.0
C0G660 1993110115 -9999 -9999 -9999 0.0
C0G660 1993110116 -9999 -9999 -9999 0.0
C0G660 1993110117 -9999 -9999 -9999 0.0
C0G660 1993110118 -9999 -9999 -9999 0.0
C0G660 1993110119 -9999 -9999 -9999 0.0
C0G660 1993110120 -9999 -9999 -9999 0.0
C0G660 1993110121 -9999 -9999 -9999 0.0
C0G660 1993110122 -9999 -9999 -9999 0.0
C0G660 1993110123 -9999 -9999 -9999 0.0
C0G660 1993110124 -9999 -9999 -9999 0.0
C0G660 1993110201 -9999 -9999 -9999 0.0
C0G660 1993110202 -9999 -9999 -9999 0.0
C0G660 1993110203 -9999 -9999 -9999 0.0
C0G660 1993110204 -9999 -9999 -9999 0.0
C0G660 1993110205 -9999 -9999 -9999 0.0
C0G660 1993110206 -9999 -9999 -9999 0.0
C0G660 1993110207 -9999 -9999 -9999 0.0
C0G660 1993110208 -9999 -9999 -9999 0.0
C0G660 1993110209 -9999 -9999 -9999 0.0
C0G660 1993110210 -9999 -9999 -9999 0.0
C0G660 1993110211 -9999 -9999 -9999 0.0
C0G660 1993110212 -9999 -9999 -9999 0.0
C0G660 1993110213 -9999 -9999 -9999 0.0
C0G660 1993110214 -9999 -9999 -9999 0.0
C0G660 1993110215 -9999 -9999 -9999 0.0
C0G660 1993110216 -9999 -9999 -9999 0.0
C0G660 1993110217 -9999 -9999 -9999 0.0
C0G660 1993110218 -9999 -9999 -9999 0.0
C0G660 1993110219 -9999 -9999 -9999 0.0
C0G660 1993110220 -9999 -9999 -9999 0.0
C0G660 1993110221 -9999 -9999 -9999 0.0
C0G660 1993110222 -9999 -9999 -9999 0.0
C0G660 1993110223 -9999 -9999 -9999 0.0
C0G660 1993110224 -9999 -9999 -9999 0.0
C0G660 1993110301 -9999 -9999 -9999 0.0
C0G660 1993110302 -9999 -9999 -9999 0.0
C0G660 1993110303 -9999 -9999 -9999 0.0
C0G660 1993110304 -9999 -9999 -9999 0.0
C0G660 1993110305 -9999 -9999 -9999 0.0
C0G660 1993110306 -9999 -9999 -9999 0.0
C0G660 1993110307 -9999 -9999 -9999 0.0
C0G660 1993110308 -9999 -9999 -9999 0.0
C0G660 1993110309 -9999 -9999 -9999 0.0
C0G660 1993110310 -9999 -9999 -9999 0.0
C0G660 1993110311 -9999 -9999 -9999 0.0
C0G660 1993110312 -9999 -9999 -9999 0.0
C0G660 1993110313 -9999 -9999 -9999 0.0
C0G660 1993110314 -9999 -9999 -9999 0.0
C0G660 1993110315 -9999 -9999 -9999 0.0
C0G660 1993110316 -9999 -9999 -9999 0.0
C0G660 1993110317 -9999 -9999 -9999 0.0
C0G660 1993110318 -9999 -9999 -9999 0.0
C0G660 1993110319 -9999 -9999 -9999 0.0
C0G660 1993110320 -9999 -9999 -9999 0.0
C0G660 1993110321 -9999 -9999 -9999 0.0
C0G660 1993110322 -9999 -9999 -9999 0.0
C0G660 1993110323 -9999 -9999 -9999 0.0
C0G660 1993110324 -9999 -9999 -9999 0.0
C0G660 1993110401 -9999 -9999 -9999 0.0
C0G660 1993110402 -9999 -9999 -9999 0.0
C0G660 1993110403 -9999 -9999 -9999 0.0
C0G660 1993110404 -9999 -9999 -9999 0.0
C0G660 1993110405 -9999 -9999 -9999 0.0
C0G660 1993110406 -9999 -9999 -9999 0.0
C0G660 1993110407 -9999 -9999 -9999 0.0
C0G660 1993110408 -9999 -9999 -9999 0.0
C0G660 1993110409 -9999 -9999 -9999 0.0
C0G660 1993110410 -9999 -9999 -9999 0.0
C0G660 1993110411 -9999 -9999 -9999 0.0
C0G660 1993110412 -9999 -9999 -9999 0.0
C0G660 1993110413 -9999 -9999 -9999 0.0
C0G660 1993110414 -9999 -9999 -9999 0.0
C0G660 1993110415 -9999 -9999 -9999 0.0
C0G660 1993110416 -9999 -9999 -9999 0.0
C0G660 1993110417 -9999 -9999 -9999 0.0
C0G660 1993110418 -9999 -9999 -9999 0.0
C0G660 1993110419 -9999 -9999 -9999 0.0
C0G660 1993110420 -9999 -9999 -9999 -9996
C0G660 1993110421 -9999 -9999 -9999 -9996
C0G660 1993110422 -9999 -9999 -9999 -9996
C0G660 1993110423 -9999 -9999 -9999 -9996
C0G660 1993110424 -9999 -9999 -9999 -9996
C0G660 1993110501 -9999 -9999 -9999 0.0
C0G660 1993110502 -9999 -9999 -9999 0.0
C0G660 1993110503 -9999 -9999 -9999 0.0
C0G660 1993110504 -9999 -9999 -9999 0.0
C0G660 1993110505 -9999 -9999 -9999 0.0
C0G660 1993110506 -9999 -9999 -9999 0.0
C0G660 1993110507 -9999 -9999 -9999 0.0
C0G660 1993110508 -9999 -9999 -9999 0.0
C0G660 1993110509 -9999 -9999 -9999 0.0
C0G660 1993110510 -9999 -9999 -9999 0.0
C0G660 1993110511 -9999 -9999 -9999 0.0
C0G660 1993110512 -9999 -9999 -9999 0.0
C0G660 1993110513 -9999 -9999 -9999 0.0
C0G660 1993110514 -9999 -9999 -9999 0.0
C0G660 1993110515 -9999 -9999 -9999 0.0
C0G660 1993110516 -9999 -9999 -9999 0.0
C0G660 1993110517 -9999 -9999 -9999 0.0
C0G660 1993110518 -9999 -9999 -9999 0.0
C0G660 1993110519 -9999 -9999 -9999 0.0
C0G660 1993110520 -9999 -9999 -9999 0.0
C0G660 1993110521 -9999 -9999 -9999 0.0
C0G660 1993110522 -9999 -9999 -9999 0.0
C0G660 1993110523 -9999 -9999 -9999 0.0
C0G660 1993110524 -9999 -9999 -9999 0.0
C0G660 1993110601 -9999 -9999 -9999 0.0
C0G660 1993110602 -9999 -9999 -9999 0.0
C0G660 1993110603 -9999 -9999 -9999 0.0
C0G660 1993110604 -9999 -9999 -9999 0.0
C0G660 1993110605 -9999 -9999 -9999 0.0
C0G660 1993110606 -9999 -9999 -9999 0.0
C0G660 1993110607 -9999 -9999 -9999 0.0
C0G660 1993110608 -9999 -9999 -9999 0.0
C0G660 1993110609 -9999 -9999 -9999 0.0
C0G660 1993110610 -9999 -9999 -9999 0.0
C0G660 1993110611 -9999 -9999 -9999 0.0
C0G660 1993110612 -9999 -9999 -9999 0.0
C0G660 1993110613 -9999 -9999 -9999 0.0
C0G660 1993110614 -9999 -9999 -9999 0.0
C0G660 1993110615 -9999 -9999 -9999 0.0
C0G660 1993110616 -9999 -9999 -9999 0.0
C0G660 1993110617 -9999 -9999 -9999 0.0
C0G660 1993110618 -9999 -9999 -9999 0.0
C0G660 1993110619 -9999 -9999 -9999 0.0
C0G660 1993110620 -9999 -9999 -9999 0.0
C0G660 1993110621 -9999 -9999 -9999 0.0
C0G660 1993110622 -9999 -9999 -9999 0.0
C0G660 1993110623 -9999 -9999 -9999 0.0
C0G660 1993110624 -9999 -9999 -9999 0.0
C0G660 1993110701 -9999 -9999 -9999 0.0
C0G660 1993110702 -9999 -9999 -9999 0.0
C0G660 1993110703 -9999 -9999 -9999 0.0
C0G660 1993110704 -9999 -9999 -9999 0.0
C0G660 1993110705 -9999 -9999 -9999 0.0
C0G660 1993110706 -9999 -9999 -9999 0.0
C0G660 1993110707 -9999 -9999 -9999 0.0
C0G660 1993110708 -9999 -9999 -9999 0.0
C0G660 1993110709 -9999 -9999 -9999 0.0
C0G660 1993110710 -9999 -9999 -9999 0.0
C0G660 1993110711 -9999 -9999 -9999 0.0
C0G660 1993110712 -9999 -9999 -9999 0.0
C0G660 1993110713 -9999 -9999 -9999 0.0
C0G660 1993110714 -9999 -9999 -9999 0.0
C0G660 1993110715 -9999 -9999 -9999 0.0
C0G660 1993110716 -9999 -9999 -9999 0.0
C0G660 1993110717 -9999 -9999 -9999 0.0
C0G660 1993110718 -9999 -9999 -9999 0.0
C0G660 1993110719 -9999 -9999 -9999 0.0
C0G660 1993110720 -9999 -9999 -9999 0.0
C0G660 1993110721 -9999 -9999 -9999 0.0
C0G660 1993110722 -9999 -9999 -9999 0.0
C0G660 1993110723 -9999 -9999 -9999 0.0
C0G660 1993110724 -9999 -9999 -9999 0.0
C0G660 1993110801 -9999 -9999 -9999 0.0
C0G660 1993110802 -9999 -9999 -9999 0.0
C0G660 1993110803 -9999 -9999 -9999 0.0
C0G660 1993110804 -9999 -9999 -9999 0.0
C0G660 1993110805 -9999 -9999 -9999 0.0
C0G660 1993110806 -9999 -9999 -9999 0.0
C0G660 1993110807 -9999 -9999 -9999 0.0
C0G660 1993110808 -9999 -9999 -9999 0.0
C0G660 1993110809 -9999 -9999 -9999 0.0
C0G660 1993110810 -9999 -9999 -9999 0.0
C0G660 1993110811 -9999 -9999 -9999 0.0
C0G660 1993110812 -9999 -9999 -9999 0.0
C0G660 1993110813 -9999 -9999 -9999 0.0
C0G660 1993110814 -9999 -9999 -9999 0.0
C0G660 1993110815 -9999 -9999 -9999 0.0
C0G660 1993110816 -9999 -9999 -9999 0.0
C0G660 1993110817 -9999 -9999 -9999 0.0
C0G660 1993110818 -9999 -9999 -9999 0.0
C0G660 1993110819 -9999 -9999 -9999 0.0
C0G660 1993110820 -9999 -9999 -9999 0.0
C0G660 1993110821 -9999 -9999 -9999 0.0
C0G660 1993110822 -9999 -9999 -9999 0.0
C0G660 1993110823 -9999 -9999 -9999 0.0
C0G660 1993110824 -9999 -9999 -9999 0.0
C0G660 1993110901 -9999 -9999 -9999 0.0
C0G660 1993110902 -9999 -9999 -9999 0.0
C0G660 1993110903 -9999 -9999 -9999 0.0
C0G660 1993110904 -9999 -9999 -9999 0.0
C0G660 1993110905 -9999 -9999 -9999 0.0
C0G660 1993110906 -9999 -9999 -9999 0.0
C0G660 1993110907 -9999 -9999 -9999 0.0
C0G660 1993110908 -9999 -9999 -9999 0.0
C0G660 1993110909 -9999 -9999 -9999 0.0
C0G660 1993110910 -9999 -9999 -9999 0.0
C0G660 1993110911 -9999 -9999 -9999 0.0
C0G660 1993110912 -9999 -9999 -9999 0.0
C0G660 1993110913 -9999 -9999 -9999 0.0
C0G660 1993110914 -9999 -9999 -9999 0.0
C0G660 1993110915 -9999 -9999 -9999 0.0
C0G660 1993110916 -9999 -9999 -9999 0.0
C0G660 1993110917 -9999 -9999 -9999 0.0
C0G660 1993110918 -9999 -9999 -9999 0.0
C0G660 1993110919 -9999 -9999 -9999 0.0
C0G660 1993110920 -9999 -9999 -9999 0.0
C0G660 1993110921 -9999 -9999 -9999 0.0
C0G660 1993110922 -9999 -9999 -9999 0.0
C0G660 1993110923 -9999 -9999 -9999 0.0
C0G660 1993110924 -9999 -9999 -9999 0.0
C0G660 1993111001 -9999 -9999 -9999 0.0
C0G660 1993111002 -9999 -9999 -9999 0.0
C0G660 1993111003 -9999 -9999 -9999 0.0
C0G660 1993111004 -9999 -9999 -9999 0.0
C0G660 1993111005 -9999 -9999 -9999 0.0
C0G660 1993111006 -9999 -9999 -9999 0.0
C0G660 1993111007 -9999 -9999 -9999 0.0
C0G660 1993111008 -9999 -9999 -9999 0.0
C0G660 1993111009 -9999 -9999 -9999 0.0
C0G660 1993111010 -9999 -9999 -9999 0.0
C0G660 1993111011 -9999 -9999 -9999 0.0
C0G660 1993111012 -9999 -9999 -9999 0.0
C0G660 1993111013 -9999 -9999 -9999 0.0
C0G660 1993111014 -9999 -9999 -9999 0.0
C0G660 1993111015 -9999 -9999 -9999 0.0
C0G660 1993111016 -9999 -9999 -9999 0.0
C0G660 1993111017 -9999 -9999 -9999 0.0
C0G660 1993111018 -9999 -9999 -9999 0.0
C0G660 1993111019 -9999 -9999 -9999 0.0
C0G660 1993111020 -9999 -9999 -9999 -9996
C0G660 1993111021 -9999 -9999 -9999 -9996
C0G660 1993111022 -9999 -9999 -9999 -9996
C0G660 1993111023 -9999 -9999 -9999 -9996
C0G660 1993111024 -9999 -9999 -9999 -9996
C0G660 1993111101 -9999 -9999 -9999 0.0
C0G660 1993111102 -9999 -9999 -9999 0.0
C0G660 1993111103 -9999 -9999 -9999 0.0
C0G660 1993111104 -9999 -9999 -9999 0.0
C0G660 1993111105 -9999 -9999 -9999 0.0
C0G660 1993111106 -9999 -9999 -9999 0.0
C0G660 1993111107 -9999 -9999 -9999 0.0
C0G660 1993111108 -9999 -9999 -9999 0.0
C0G660 1993111109 -9999 -9999 -9999 0.0
C0G660 1993111110 -9999 -9999 -9999 0.0
C0G660 1993111111 -9999 -9999 -9999 0.0
C0G660 1993111112 -9999 -9999 -9999 0.0
C0G660 1993111113 -9999 -9999 -9999 0.0
C0G660 1993111114 -9999 -9999 -9999 0.0
C0G660 1993111115 -9999 -9999 -9999 0.0
C0G660 1993111116 -9999 -9999 -9999 0.0
C0G660 1993111117 -9999 -9999 -9999 0.0
C0G660 1993111118 -9999 -9999 -9999 0.0
C0G660 1993111119 -9999 -9999 -9999 0.0
C0G660 1993111120 -9999 -9999 -9999 0.0
C0G660 1993111121 -9999 -9999 -9999 0.0
C0G660 1993111122 -9999 -9999 -9999 0.0
C0G660 1993111123 -9999 -9999 -9999 0.0
C0G660 1993111124 -9999 -9999 -9999 0.0
C0G660 1993111201 -9999 -9999 -9999 0.0
C0G660 1993111202 -9999 -9999 -9999 0.0
C0G660 1993111203 -9999 -9999 -9999 0.0
C0G660 1993111204 -9999 -9999 -9999 0.0
C0G660 1993111205 -9999 -9999 -9999 0.0
C0G660 1993111206 -9999 -9999 -9999 0.0
C0G660 1993111207 -9999 -9999 -9999 0.0
C0G660 1993111208 -9999 -9999 -9999 0.0
C0G660 1993111209 -9999 -9999 -9999 0.0
C0G660 1993111210 -9999 -9999 -9999 0.0
C0G660 1993111211 -9999 -9999 -9999 0.0
C0G660 1993111212 -9999 -9999 -9999 0.0
C0G660 1993111213 -9999 -9999 -9999 0.0
C0G660 1993111214 -9999 -9999 -9999 0.0
C0G660 1993111215 -9999 -9999 -9999 0.0
C0G660 1993111216 -9999 -9999 -9999 0.0
C0G660 1993111217 -9999 -9999 -9999 0.0
C0G660 1993111218 -9999 -9999 -9999 0.0
C0G660 1993111219 -9999 -9999 -9999 0.0
C0G660 1993111220 -9999 -9999 -9999 0.0
C0G660 1993111221 -9999 -9999 -9999 0.0
C0G660 1993111222 -9999 -9999 -9999 0.0
C0G660 1993111223 -9999 -9999 -9999 0.0
C0G660 1993111224 -9999 -9999 -9999 0.0
C0G660 1993111301 -9999 -9999 -9999 0.0
C0G660 1993111302 -9999 -9999 -9999 0.0
C0G660 1993111303 -9999 -9999 -9999 0.0
C0G660 1993111304 -9999 -9999 -9999 0.0
C0G660 1993111305 -9999 -9999 -9999 0.0
C0G660 1993111306 -9999 -9999 -9999 0.0
C0G660 1993111307 -9999 -9999 -9999 0.0
C0G660 1993111308 -9999 -9999 -9999 0.0
C0G660 1993111309 -9999 -9999 -9999 0.0
C0G660 1993111310 -9999 -9999 -9999 0.0
C0G660 1993111311 -9999 -9999 -9999 0.0
C0G660 1993111312 -9999 -9999 -9999 0.0
C0G660 1993111313 -9999 -9999 -9999 0.0
C0G660 1993111314 -9999 -9999 -9999 0.0
C0G660 1993111315 -9999 -9999 -9999 0.0
C0G660 1993111316 -9999 -9999 -9999 0.0
C0G660 1993111317 -9999 -9999 -9999 0.0
C0G660 1993111318 -9999 -9999 -9999 0.0
C0G660 1993111319 -9999 -9999 -9999 0.0
C0G660 1993111320 -9999 -9999 -9999 0.0
C0G660 1993111321 -9999 -9999 -9999 0.0
C0G660 1993111322 -9999 -9999 -9999 0.0
C0G660 1993111323 -9999 -9999 -9999 0.0
C0G660 1993111324 -9999 -9999 -9999 0.0
C0G660 1993111401 -9999 -9999 -9999 0.0
C0G660 1993111402 -9999 -9999 -9999 0.0
C0G660 1993111403 -9999 -9999 -9999 0.0
C0G660 1993111404 -9999 -9999 -9999 0.0
C0G660 1993111405 -9999 -9999 -9999 0.0
C0G660 1993111406 -9999 -9999 -9999 0.0
C0G660 1993111407 -9999 -9999 -9999 0.0
C0G660 1993111408 -9999 -9999 -9999 0.0
C0G660 1993111409 -9999 -9999 -9999 0.0
C0G660 1993111410 -9999 -9999 -9999 0.0
C0G660 1993111411 -9999 -9999 -9999 0.0
C0G660 1993111412 -9999 -9999 -9999 0.0
C0G660 1993111413 -9999 -9999 -9999 0.0
C0G660 1993111414 -9999 -9999 -9999 0.0
C0G660 1993111415 -9999 -9999 -9999 0.0
C0G660 1993111416 -9999 -9999 -9999 0.0
C0G660 1993111417 -9999 -9999 -9999 0.0
C0G660 1993111418 -9999 -9999 -9999 0.0
C0G660 1993111419 -9999 -9999 -9999 0.0
C0G660 1993111420 -9999 -9999 -9999 0.0
C0G660 1993111421 -9999 -9999 -9999 0.0
C0G660 1993111422 -9999 -9999 -9999 0.0
C0G660 1993111423 -9999 -9999 -9999 0.0
C0G660 1993111424 -9999 -9999 -9999 0.0
C0G660 1993111501 -9999 -9999 -9999 0.0
C0G660 1993111502 -9999 -9999 -9999 0.0
C0G660 1993111503 -9999 -9999 -9999 0.0
C0G660 1993111504 -9999 -9999 -9999 0.0
C0G660 1993111505 -9999 -9999 -9999 0.0
C0G660 1993111506 -9999 -9999 -9999 0.0
C0G660 1993111507 -9999 -9999 -9999 0.0
C0G660 1993111508 -9999 -9999 -9999 0.0
C0G660 1993111509 -9999 -9999 -9999 0.0
C0G660 1993111510 -9999 -9999 -9999 0.0
C0G660 1993111511 -9999 -9999 -9999 0.0
C0G660 1993111512 -9999 -9999 -9999 0.0
C0G660 1993111513 -9999 -9999 -9999 0.0
C0G660 1993111514 -9999 -9999 -9999 0.0
C0G660 1993111515 -9999 -9999 -9999 0.0
C0G660 1993111516 -9999 -9999 -9999 0.0
C0G660 1993111517 -9999 -9999 -9999 0.0
C0G660 1993111518 -9999 -9999 -9999 0.0
C0G660 1993111519 -9999 -9999 -9999 0.0
C0G660 1993111520 -9999 -9999 -9999 0.0
C0G660 1993111521 -9999 -9999 -9999 0.0
C0G660 1993111522 -9999 -9999 -9999 0.0
C0G660 1993111523 -9999 -9999 -9999 0.0
C0G660 1993111524 -9999 -9999 -9999 0.0
C0G660 1993111601 -9999 -9999 -9999 0.0
C0G660 1993111602 -9999 -9999 -9999 0.0
C0G660 1993111603 -9999 -9999 -9999 0.0
C0G660 1993111604 -9999 -9999 -9999 0.0
C0G660 1993111605 -9999 -9999 -9999 0.0
C0G660 1993111606 -9999 -9999 -9999 0.0
C0G660 1993111607 -9999 -9999 -9999 0.0
C0G660 1993111608 -9999 -9999 -9999 0.0
C0G660 1993111609 -9999 -9999 -9999 0.0
C0G660 1993111610 -9999 -9999 -9999 0.0
C0G660 1993111611 -9999 -9999 -9999 0.0
C0G660 1993111612 -9999 -9999 -9999 0.0
C0G660 1993111613 -9999 -9999 -9999 0.0
C0G660 1993111614 -9999 -9999 -9999 -9996
C0G660 1993111615 -9999 -9999 -9999 -9996
C0G660 1993111616 -9999 -9999 -9999 0.5
C0G660 1993111617 -9999 -9999 -9999 -9996
C0G660 1993111618 -9999 -9999 -9999 -9996
C0G660 1993111619 -9999 -9999 -9999 -9996
C0G660 1993111620 -9999 -9999 -9999 0.5
C0G660 1993111621 -9999 -9999 -9999 2.0
C0G660 1993111622 -9999 -9999 -9999 0.5
C0G660 1993111623 -9999 -9999 -9999 0.5
C0G660 1993111624 -9999 -9999 -9999 1.5
C0G660 1993111701 -9999 -9999 -9999 3.5
C0G660 1993111702 -9999 -9999 -9999 0.0
C0G660 1993111703 -9999 -9999 -9999 0.0
C0G660 1993111704 -9999 -9999 -9999 0.0
C0G660 1993111705 -9999 -9999 -9999 0.0
C0G660 1993111706 -9999 -9999 -9999 0.0
C0G660 1993111707 -9999 -9999 -9999 0.0
C0G660 1993111708 -9999 -9999 -9999 1.0
C0G660 1993111709 -9999 -9999 -9999 1.0
C0G660 1993111710 -9999 -9999 -9999 10.0
C0G660 1993111711 -9999 -9999 -9999 5.0
C0G660 1993111712 -9999 -9999 -9999 2.5
C0G660 1993111713 -9999 -9999 -9999 2.5
C0G660 1993111714 -9999 -9999 -9999 0.5
C0G660 1993111715 -9999 -9999 -9999 0.0
C0G660 1993111716 -9999 -9999 -9999 0.0
C0G660 1993111717 -9999 -9999 -9999 0.0
C0G660 1993111718 -9999 -9999 -9999 0.0
C0G660 1993111719 -9999 -9999 -9999 0.0
C0G660 1993111720 -9999 -9999 -9999 0.0
C0G660 1993111721 -9999 -9999 -9999 0.5
C0G660 1993111722 -9999 -9999 -9999 0.0
C0G660 1993111723 -9999 -9999 -9999 0.0
C0G660 1993111724 -9999 -9999 -9999 0.0
C0G660 1993111801 -9999 -9999 -9999 0.0
C0G660 1993111802 -9999 -9999 -9999 0.0
C0G660 1993111803 -9999 -9999 -9999 0.0
C0G660 1993111804 -9999 -9999 -9999 0.0
C0G660 1993111805 -9999 -9999 -9999 0.0
C0G660 1993111806 -9999 -9999 -9999 0.0
C0G660 1993111807 -9999 -9999 -9999 0.0
C0G660 1993111808 -9999 -9999 -9999 0.0
C0G660 1993111809 -9999 -9999 -9999 0.0
C0G660 1993111810 -9999 -9999 -9999 0.0
C0G660 1993111811 -9999 -9999 -9999 0.0
C0G660 1993111812 -9999 -9999 -9999 0.0
C0G660 1993111813 -9999 -9999 -9999 0.0
C0G660 1993111814 -9999 -9999 -9999 0.0
C0G660 1993111815 -9999 -9999 -9999 0.0
C0G660 1993111816 -9999 -9999 -9999 0.0
C0G660 1993111817 -9999 -9999 -9999 0.0
C0G660 1993111818 -9999 -9999 -9999 0.0
C0G660 1993111819 -9999 -9999 -9999 0.0
C0G660 1993111820 -9999 -9999 -9999 0.0
C0G660 1993111821 -9999 -9999 -9999 0.0
C0G660 1993111822 -9999 -9999 -9999 0.0
C0G660 1993111823 -9999 -9999 -9999 0.0
C0G660 1993111824 -9999 -9999 -9999 0.0
C0G660 1993111901 -9999 -9999 -9999 0.0
C0G660 1993111902 -9999 -9999 -9999 0.0
C0G660 1993111903 -9999 -9999 -9999 0.0
C0G660 1993111904 -9999 -9999 -9999 0.0
C0G660 1993111905 -9999 -9999 -9999 0.0
C0G660 1993111906 -9999 -9999 -9999 0.0
C0G660 1993111907 -9999 -9999 -9999 0.0
C0G660 1993111908 -9999 -9999 -9999 0.0
C0G660 1993111909 -9999 -9999 -9999 0.0
C0G660 1993111910 -9999 -9999 -9999 0.0
C0G660 1993111911 -9999 -9999 -9999 0.0
C0G660 1993111912 -9999 -9999 -9999 0.0
C0G660 1993111913 -9999 -9999 -9999 0.0
C0G660 1993111914 -9999 -9999 -9999 0.0
C0G660 1993111915 -9999 -9999 -9999 0.0
C0G660 1993111916 -9999 -9999 -9999 0.0
C0G660 1993111917 -9999 -9999 -9999 0.0
C0G660 1993111918 -9999 -9999 -9999 0.0
C0G660 1993111919 -9999 -9999 -9999 0.0
C0G660 1993111920 -9999 -9999 -9999 0.0
C0G660 1993111921 -9999 -9999 -9999 0.0
C0G660 1993111922 -9999 -9999 -9999 0.0
C0G660 1993111923 -9999 -9999 -9999 0.0
C0G660 1993111924 -9999 -9999 -9999 0.0
C0G660 1993112001 -9999 -9999 -9999 0.0
C0G660 1993112002 -9999 -9999 -9999 0.0
C0G660 1993112003 -9999 -9999 -9999 0.0
C0G660 1993112004 -9999 -9999 -9999 0.0
C0G660 1993112005 -9999 -9999 -9999 0.0
C0G660 1993112006 -9999 -9999 -9999 0.0
C0G660 1993112007 -9999 -9999 -9999 0.0
C0G660 1993112008 -9999 -9999 -9999 0.0
C0G660 1993112009 -9999 -9999 -9999 0.0
C0G660 1993112010 -9999 -9999 -9999 0.0
C0G660 1993112011 -9999 -9999 -9999 0.0
C0G660 1993112012 -9999 -9999 -9999 0.0
C0G660 1993112013 -9999 -9999 -9999 0.0
C0G660 1993112014 -9999 -9999 -9999 0.0
C0G660 1993112015 -9999 -9999 -9999 0.0
C0G660 1993112016 -9999 -9999 -9999 0.0
C0G660 1993112017 -9999 -9999 -9999 0.0
C0G660 1993112018 -9999 -9999 -9999 0.0
C0G660 1993112019 -9999 -9999 -9999 0.0
C0G660 1993112020 -9999 -9999 -9999 0.0
C0G660 1993112021 -9999 -9999 -9999 0.0
C0G660 1993112022 -9999 -9999 -9999 0.0
C0G660 1993112023 -9999 -9999 -9999 0.0
C0G660 1993112024 -9999 -9999 -9999 0.0
C0G660 1993112101 -9999 -9999 -9999 0.0
C0G660 1993112102 -9999 -9999 -9999 0.0
C0G660 1993112103 -9999 -9999 -9999 0.0
C0G660 1993112104 -9999 -9999 -9999 0.0
C0G660 1993112105 -9999 -9999 -9999 0.0
C0G660 1993112106 -9999 -9999 -9999 0.0
C0G660 1993112107 -9999 -9999 -9999 0.0
C0G660 1993112108 -9999 -9999 -9999 0.0
C0G660 1993112109 -9999 -9999 -9999 0.0
C0G660 1993112110 -9999 -9999 -9999 0.0
C0G660 1993112111 -9999 -9999 -9999 0.0
C0G660 1993112112 -9999 -9999 -9999 0.0
C0G660 1993112113 -9999 -9999 -9999 0.0
C0G660 1993112114 -9999 -9999 -9999 0.0
C0G660 1993112115 -9999 -9999 -9999 0.0
C0G660 1993112116 -9999 -9999 -9999 0.0
C0G660 1993112117 -9999 -9999 -9999 0.0
C0G660 1993112118 -9999 -9999 -9999 0.0
C0G660 1993112119 -9999 -9999 -9999 0.0
C0G660 1993112120 -9999 -9999 -9999 0.0
C0G660 1993112121 -9999 -9999 -9999 0.0
C0G660 1993112122 -9999 -9999 -9999 0.0
C0G660 1993112123 -9999 -9999 -9999 0.0
C0G660 1993112124 -9999 -9999 -9999 0.0
C0G660 1993112201 -9999 -9999 -9999 0.0
C0G660 1993112202 -9999 -9999 -9999 0.0
C0G660 1993112203 -9999 -9999 -9999 0.0
C0G660 1993112204 -9999 -9999 -9999 0.0
C0G660 1993112205 -9999 -9999 -9999 0.0
C0G660 1993112206 -9999 -9999 -9999 0.0
C0G660 1993112207 -9999 -9999 -9999 0.0
C0G660 1993112208 -9999 -9999 -9999 0.0
C0G660 1993112209 -9999 -9999 -9999 0.0
C0G660 1993112210 -9999 -9999 -9999 0.0
C0G660 1993112211 -9999 -9999 -9999 0.0
C0G660 1993112212 -9999 -9999 -9999 0.0
C0G660 1993112213 -9999 -9999 -9999 0.0
C0G660 1993112214 -9999 -9999 -9999 0.0
C0G660 1993112215 -9999 -9999 -9999 0.0
C0G660 1993112216 -9999 -9999 -9999 0.0
C0G660 1993112217 -9999 -9999 -9999 0.0
C0G660 1993112218 -9999 -9999 -9999 0.0
C0G660 1993112219 -9999 -9999 -9999 0.0
C0G660 1993112220 -9999 -9999 -9999 0.0
C0G660 1993112221 -9999 -9999 -9999 0.0
C0G660 1993112222 -9999 -9999 -9999 0.0
C0G660 1993112223 -9999 -9999 -9999 0.0
C0G660 1993112224 -9999 -9999 -9999 0.0
C0G660 1993112301 -9999 -9999 -9999 0.0
C0G660 1993112302 -9999 -9999 -9999 0.0
C0G660 1993112303 -9999 -9999 -9999 0.0
C0G660 1993112304 -9999 -9999 -9999 0.0
C0G660 1993112305 -9999 -9999 -9999 0.0
C0G660 1993112306 -9999 -9999 -9999 0.0
C0G660 1993112307 -9999 -9999 -9999 0.0
C0G660 1993112308 -9999 -9999 -9999 0.0
C0G660 1993112309 -9999 -9999 -9999 0.0
C0G660 1993112310 -9999 -9999 -9999 0.0
C0G660 1993112311 -9999 -9999 -9999 0.0
C0G660 1993112312 -9999 -9999 -9999 0.0
C0G660 1993112313 -9999 -9999 -9999 0.0
C0G660 1993112314 -9999 -9999 -9999 0.0
C0G660 1993112315 -9999 -9999 -9999 0.0
C0G660 1993112316 -9999 -9999 -9999 0.0
C0G660 1993112317 -9999 -9999 -9999 0.0
C0G660 1993112318 -9999 -9999 -9999 0.0
C0G660 1993112319 -9999 -9999 -9999 0.0
C0G660 1993112320 -9999 -9999 -9999 0.0
C0G660 1993112321 -9999 -9999 -9999 0.0
C0G660 1993112322 -9999 -9999 -9999 0.0
C0G660 1993112323 -9999 -9999 -9999 0.0
C0G660 1993112324 -9999 -9999 -9999 0.0
C0G660 1993112401 -9999 -9999 -9999 0.0
C0G660 1993112402 -9999 -9999 -9999 0.0
C0G660 1993112403 -9999 -9999 -9999 0.0
C0G660 1993112404 -9999 -9999 -9999 0.0
C0G660 1993112405 -9999 -9999 -9999 0.0
C0G660 1993112406 -9999 -9999 -9999 0.0
C0G660 1993112407 -9999 -9999 -9999 0.0
C0G660 1993112408 -9999 -9999 -9999 0.0
C0G660 1993112409 -9999 -9999 -9999 0.0
C0G660 1993112410 -9999 -9999 -9999 0.0
C0G660 1993112411 -9999 -9999 -9999 0.0
C0G660 1993112412 -9999 -9999 -9999 0.0
C0G660 1993112413 -9999 -9999 -9999 0.0
C0G660 1993112414 -9999 -9999 -9999 0.0
C0G660 1993112415 -9999 -9999 -9999 0.0
C0G660 1993112416 -9999 -9999 -9999 0.0
C0G660 1993112417 -9999 -9999 -9999 0.0
C0G660 1993112418 -9999 -9999 -9999 0.0
C0G660 1993112419 -9999 -9999 -9999 0.0
C0G660 1993112420 -9999 -9999 -9999 0.0
C0G660 1993112421 -9999 -9999 -9999 0.0
C0G660 1993112422 -9999 -9999 -9999 0.0
C0G660 1993112423 -9999 -9999 -9999 0.0
C0G660 1993112424 -9999 -9999 -9999 0.0
C0G660 1993112501 -9999 -9999 -9999 0.0
C0G660 1993112502 -9999 -9999 -9999 0.0
C0G660 1993112503 -9999 -9999 -9999 0.0
C0G660 1993112504 -9999 -9999 -9999 0.0
C0G660 1993112505 -9999 -9999 -9999 0.0
C0G660 1993112506 -9999 -9999 -9999 0.0
C0G660 1993112507 -9999 -9999 -9999 0.0
C0G660 1993112508 -9999 -9999 -9999 0.0
C0G660 1993112509 -9999 -9999 -9999 0.0
C0G660 1993112510 -9999 -9999 -9999 0.0
C0G660 1993112511 -9999 -9999 -9999 0.0
C0G660 1993112512 -9999 -9999 -9999 0.0
C0G660 1993112513 -9999 -9999 -9999 0.0
C0G660 1993112514 -9999 -9999 -9999 0.0
C0G660 1993112515 -9999 -9999 -9999 0.0
C0G660 1993112516 -9999 -9999 -9999 0.0
C0G660 1993112517 -9999 -9999 -9999 0.0
C0G660 1993112518 -9999 -9999 -9999 0.0
C0G660 1993112519 -9999 -9999 -9999 0.5
C0G660 1993112520 -9999 -9999 -9999 -9996
C0G660 1993112521 -9999 -9999 -9999 -9996
C0G660 1993112522 -9999 -9999 -9999 -9996
C0G660 1993112523 -9999 -9999 -9999 0.5
C0G660 1993112524 -9999 -9999 -9999 0.0
C0G660 1993112601 -9999 -9999 -9999 0.0
C0G660 1993112602 -9999 -9999 -9999 0.0
C0G660 1993112603 -9999 -9999 -9999 0.0
C0G660 1993112604 -9999 -9999 -9999 0.0
C0G660 1993112605 -9999 -9999 -9999 0.0
C0G660 1993112606 -9999 -9999 -9999 0.0
C0G660 1993112607 -9999 -9999 -9999 0.0
C0G660 1993112608 -9999 -9999 -9999 0.0
C0G660 1993112609 -9999 -9999 -9999 0.0
C0G660 1993112610 -9999 -9999 -9999 0.0
C0G660 1993112611 -9999 -9999 -9999 0.0
C0G660 1993112612 -9999 -9999 -9999 0.0
C0G660 1993112613 -9999 -9999 -9999 0.5
C0G660 1993112614 -9999 -9999 -9999 0.0
C0G660 1993112615 -9999 -9999 -9999 0.0
C0G660 1993112616 -9999 -9999 -9999 0.0
C0G660 1993112617 -9999 -9999 -9999 0.0
C0G660 1993112618 -9999 -9999 -9999 0.0
C0G660 1993112619 -9999 -9999 -9999 0.0
C0G660 1993112620 -9999 -9999 -9999 0.0
C0G660 1993112621 -9999 -9999 -9999 -9996
C0G660 1993112622 -9999 -9999 -9999 -9996
C0G660 1993112623 -9999 -9999 -9999 1.5
C0G660 1993112624 -9999 -9999 -9999 1.0
C0G660 1993112701 -9999 -9999 -9999 0.5
C0G660 1993112702 -9999 -9999 -9999 1.0
C0G660 1993112703 -9999 -9999 -9999 0.0
C0G660 1993112704 -9999 -9999 -9999 0.0
C0G660 1993112705 -9999 -9999 -9999 0.0
C0G660 1993112706 -9999 -9999 -9999 0.0
C0G660 1993112707 -9999 -9999 -9999 0.0
C0G660 1993112708 -9999 -9999 -9999 0.0
C0G660 1993112709 -9999 -9999 -9999 0.0
C0G660 1993112710 -9999 -9999 -9999 0.0
C0G660 1993112711 -9999 -9999 -9999 0.0
C0G660 1993112712 -9999 -9999 -9999 0.0
C0G660 1993112713 -9999 -9999 -9999 0.0
C0G660 1993112714 -9999 -9999 -9999 0.0
C0G660 1993112715 -9999 -9999 -9999 0.0
C0G660 1993112716 -9999 -9999 -9999 0.0
C0G660 1993112717 -9999 -9999 -9999 0.0
C0G660 1993112718 -9999 -9999 -9999 0.0
C0G660 1993112719 -9999 -9999 -9999 0.0
C0G660 1993112720 -9999 -9999 -9999 0.0
C0G660 1993112721 -9999 -9999 -9999 0.0
C0G660 1993112722 -9999 -9999 -9999 0.0
C0G660 1993112723 -9999 -9999 -9999 0.0
C0G660 1993112724 -9999 -9999 -9999 0.0
C0G660 1993112801 -9999 -9999 -9999 0.0
C0G660 1993112802 -9999 -9999 -9999 0.0
C0G660 1993112803 -9999 -9999 -9999 0.0
C0G660 1993112804 -9999 -9999 -9999 0.0
C0G660 1993112805 -9999 -9999 -9999 0.0
C0G660 1993112806 -9999 -9999 -9999 0.0
C0G660 1993112807 -9999 -9999 -9999 0.0
C0G660 1993112808 -9999 -9999 -9999 0.0
C0G660 1993112809 -9999 -9999 -9999 0.0
C0G660 1993112810 -9999 -9999 -9999 0.0
C0G660 1993112811 -9999 -9999 -9999 0.0
C0G660 1993112812 -9999 -9999 -9999 0.0
C0G660 1993112813 -9999 -9999 -9999 0.0
C0G660 1993112814 -9999 -9999 -9999 0.0
C0G660 1993112815 -9999 -9999 -9999 0.0
C0G660 1993112816 -9999 -9999 -9999 0.0
C0G660 1993112817 -9999 -9999 -9999 0.0
C0G660 1993112818 -9999 -9999 -9999 0.0
C0G660 1993112819 -9999 -9999 -9999 0.0
C0G660 1993112820 -9999 -9999 -9999 0.0
C0G660 1993112821 -9999 -9999 -9999 0.0
C0G660 1993112822 -9999 -9999 -9999 0.0
C0G660 1993112823 -9999 -9999 -9999 0.0
C0G660 1993112824 -9999 -9999 -9999 0.0
C0G660 1993112901 -9999 -9999 -9999 0.0
C0G660 1993112902 -9999 -9999 -9999 0.0
C0G660 1993112903 -9999 -9999 -9999 0.0
C0G660 1993112904 -9999 -9999 -9999 0.0
C0G660 1993112905 -9999 -9999 -9999 0.0
C0G660 1993112906 -9999 -9999 -9999 0.0
C0G660 1993112907 -9999 -9999 -9999 0.0
C0G660 1993112908 -9999 -9999 -9999 0.0
C0G660 1993112909 -9999 -9999 -9999 0.0
C0G660 1993112910 -9999 -9999 -9999 0.0
C0G660 1993112911 -9999 -9999 -9999 0.0
C0G660 1993112912 -9999 -9999 -9999 0.0
C0G660 1993112913 -9999 -9999 -9999 0.0
C0G660 1993112914 -9999 -9999 -9999 0.0
C0G660 1993112915 -9999 -9999 -9999 0.0
C0G660 1993112916 -9999 -9999 -9999 0.0
C0G660 1993112917 -9999 -9999 -9999 0.0
C0G660 1993112918 -9999 -9999 -9999 0.0
C0G660 1993112919 -9999 -9999 -9999 0.0
C0G660 1993112920 -9999 -9999 -9999 0.0
C0G660 1993112921 -9999 -9999 -9999 0.0
C0G660 1993112922 -9999 -9999 -9999 0.0
C0G660 1993112923 -9999 -9999 -9999 0.0
C0G660 1993112924 -9999 -9999 -9999 0.0
C0G660 1993113001 -9999 -9999 -9999 0.0
C0G660 1993113002 -9999 -9999 -9999 0.0
C0G660 1993113003 -9999 -9999 -9999 0.0
C0G660 1993113004 -9999 -9999 -9999 0.0
C0G660 1993113005 -9999 -9999 -9999 0.0
C0G660 1993113006 -9999 -9999 -9999 0.0
C0G660 1993113007 -9999 -9999 -9999 0.0
C0G660 1993113008 -9999 -9999 -9999 0.0
C0G660 1993113009 -9999 -9999 -9999 0.0
C0G660 1993113010 -9999 -9999 -9999 0.0
C0G660 1993113011 -9999 -9999 -9999 0.0
C0G660 1993113012 -9999 -9999 -9999 0.0
C0G660 1993113013 -9999 -9999 -9999 0.0
C0G660 1993113014 -9999 -9999 -9999 0.0
C0G660 1993113015 -9999 -9999 -9999 0.0
C0G660 1993113016 -9999 -9999 -9999 0.0
C0G660 1993113017 -9999 -9999 -9999 0.0
C0G660 1993113018 -9999 -9999 -9999 0.0
C0G660 1993113019 -9999 -9999 -9999 0.0
C0G660 1993113020 -9999 -9999 -9999 0.0
C0G660 1993113021 -9999 -9999 -9999 0.0
C0G660 1993113022 -9999 -9999 -9999 0.0
C0G660 1993113023 -9999 -9999 -9999 0.0
C0G660 1993113024 -9999 -9999 -9999 0.0
