C0G620 1993010101 -9999 -9999 -9999 0.0
C0G620 1993010102 -9999 -9999 -9999 0.0
C0G620 1993010103 -9999 -9999 -9999 0.0
C0G620 1993010104 -9999 -9999 -9999 0.0
C0G620 1993010105 -9999 -9999 -9999 0.0
C0G620 1993010106 -9999 -9999 -9999 0.0
C0G620 1993010107 -9999 -9999 -9999 0.0
C0G620 1993010108 -9999 -9999 -9999 0.0
C0G620 1993010109 -9999 -9999 -9999 0.0
C0G620 1993010110 -9999 -9999 -9999 0.0
C0G620 1993010111 -9999 -9999 -9999 0.0
C0G620 1993010112 -9999 -9999 -9999 0.0
C0G620 1993010113 -9999 -9999 -9999 0.0
C0G620 1993010114 -9999 -9999 -9999 0.0
C0G620 1993010115 -9999 -9999 -9999 0.0
C0G620 1993010116 -9999 -9999 -9999 0.0
C0G620 1993010117 -9999 -9999 -9999 0.0
C0G620 1993010118 -9999 -9999 -9999 0.0
C0G620 1993010119 -9999 -9999 -9999 0.0
C0G620 1993010120 -9999 -9999 -9999 0.0
C0G620 1993010121 -9999 -9999 -9999 0.0
C0G620 1993010122 -9999 -9999 -9999 0.0
C0G620 1993010123 -9999 -9999 -9999 0.0
C0G620 1993010124 -9999 -9999 -9999 0.0
C0G620 1993010201 -9999 -9999 -9999 0.0
C0G620 1993010202 -9999 -9999 -9999 0.0
C0G620 1993010203 -9999 -9999 -9999 0.0
C0G620 1993010204 -9999 -9999 -9999 0.0
C0G620 1993010205 -9999 -9999 -9999 -9996
C0G620 1993010206 -9999 -9999 -9999 -9996
C0G620 1993010207 -9999 -9999 -9999 0.5
C0G620 1993010208 -9999 -9999 -9999 0.0
C0G620 1993010209 -9999 -9999 -9999 0.0
C0G620 1993010210 -9999 -9999 -9999 0.0
C0G620 1993010211 -9999 -9999 -9999 0.0
C0G620 1993010212 -9999 -9999 -9999 0.0
C0G620 1993010213 -9999 -9999 -9999 0.0
C0G620 1993010214 -9999 -9999 -9999 0.0
C0G620 1993010215 -9999 -9999 -9999 0.0
C0G620 1993010216 -9999 -9999 -9999 0.0
C0G620 1993010217 -9999 -9999 -9999 0.0
C0G620 1993010218 -9999 -9999 -9999 0.0
C0G620 1993010219 -9999 -9999 -9999 0.0
C0G620 1993010220 -9999 -9999 -9999 -9996
C0G620 1993010221 -9999 -9999 -9999 -9996
C0G620 1993010222 -9999 -9999 -9999 -9996
C0G620 1993010223 -9999 -9999 -9999 -9996
C0G620 1993010224 -9999 -9999 -9999 -9996
C0G620 1993010301 -9999 -9999 -9999 0.0
C0G620 1993010302 -9999 -9999 -9999 0.0
C0G620 1993010303 -9999 -9999 -9999 0.0
C0G620 1993010304 -9999 -9999 -9999 0.0
C0G620 1993010305 -9999 -9999 -9999 0.0
C0G620 1993010306 -9999 -9999 -9999 0.0
C0G620 1993010307 -9999 -9999 -9999 0.0
C0G620 1993010308 -9999 -9999 -9999 0.0
C0G620 1993010309 -9999 -9999 -9999 0.0
C0G620 1993010310 -9999 -9999 -9999 0.0
C0G620 1993010311 -9999 -9999 -9999 0.0
C0G620 1993010312 -9999 -9999 -9999 0.0
C0G620 1993010313 -9999 -9999 -9999 0.0
C0G620 1993010314 -9999 -9999 -9999 0.0
C0G620 1993010315 -9999 -9999 -9999 0.0
C0G620 1993010316 -9999 -9999 -9999 0.0
C0G620 1993010317 -9999 -9999 -9999 0.0
C0G620 1993010318 -9999 -9999 -9999 0.0
C0G620 1993010319 -9999 -9999 -9999 0.0
C0G620 1993010320 -9999 -9999 -9999 0.0
C0G620 1993010321 -9999 -9999 -9999 0.0
C0G620 1993010322 -9999 -9999 -9999 0.0
C0G620 1993010323 -9999 -9999 -9999 0.0
C0G620 1993010324 -9999 -9999 -9999 0.0
C0G620 1993010401 -9999 -9999 -9999 0.0
C0G620 1993010402 -9999 -9999 -9999 0.0
C0G620 1993010403 -9999 -9999 -9999 0.0
C0G620 1993010404 -9999 -9999 -9999 0.0
C0G620 1993010405 -9999 -9999 -9999 0.0
C0G620 1993010406 -9999 -9999 -9999 0.0
C0G620 1993010407 -9999 -9999 -9999 0.0
C0G620 1993010408 -9999 -9999 -9999 0.0
C0G620 1993010409 -9999 -9999 -9999 0.0
C0G620 1993010410 -9999 -9999 -9999 0.0
C0G620 1993010411 -9999 -9999 -9999 0.0
C0G620 1993010412 -9999 -9999 -9999 0.0
C0G620 1993010413 -9999 -9999 -9999 0.0
C0G620 1993010414 -9999 -9999 -9999 0.0
C0G620 1993010415 -9999 -9999 -9999 0.0
C0G620 1993010416 -9999 -9999 -9999 0.0
C0G620 1993010417 -9999 -9999 -9999 0.0
C0G620 1993010418 -9999 -9999 -9999 0.0
C0G620 1993010419 -9999 -9999 -9999 0.0
C0G620 1993010420 -9999 -9999 -9999 0.0
C0G620 1993010421 -9999 -9999 -9999 0.0
C0G620 1993010422 -9999 -9999 -9999 0.0
C0G620 1993010423 -9999 -9999 -9999 0.0
C0G620 1993010424 -9999 -9999 -9999 0.0
C0G620 1993010501 -9999 -9999 -9999 0.0
C0G620 1993010502 -9999 -9999 -9999 0.0
C0G620 1993010503 -9999 -9999 -9999 0.0
C0G620 1993010504 -9999 -9999 -9999 0.0
C0G620 1993010505 -9999 -9999 -9999 0.0
C0G620 1993010506 -9999 -9999 -9999 0.0
C0G620 1993010507 -9999 -9999 -9999 0.0
C0G620 1993010508 -9999 -9999 -9999 0.0
C0G620 1993010509 -9999 -9999 -9999 0.0
C0G620 1993010510 -9999 -9999 -9999 0.0
C0G620 1993010511 -9999 -9999 -9999 0.0
C0G620 1993010512 -9999 -9999 -9999 0.0
C0G620 1993010513 -9999 -9999 -9999 0.0
C0G620 1993010514 -9999 -9999 -9999 0.0
C0G620 1993010515 -9999 -9999 -9999 0.0
C0G620 1993010516 -9999 -9999 -9999 0.0
C0G620 1993010517 -9999 -9999 -9999 0.0
C0G620 1993010518 -9999 -9999 -9999 0.0
C0G620 1993010519 -9999 -9999 -9999 0.0
C0G620 1993010520 -9999 -9999 -9999 0.0
C0G620 1993010521 -9999 -9999 -9999 0.0
C0G620 1993010522 -9999 -9999 -9999 0.0
C0G620 1993010523 -9999 -9999 -9999 0.0
C0G620 1993010524 -9999 -9999 -9999 0.0
C0G620 1993010601 -9999 -9999 -9999 0.0
C0G620 1993010602 -9999 -9999 -9999 0.0
C0G620 1993010603 -9999 -9999 -9999 0.0
C0G620 1993010604 -9999 -9999 -9999 0.0
C0G620 1993010605 -9999 -9999 -9999 0.0
C0G620 1993010606 -9999 -9999 -9999 0.0
C0G620 1993010607 -9999 -9999 -9999 0.0
C0G620 1993010608 -9999 -9999 -9999 0.0
C0G620 1993010609 -9999 -9999 -9999 0.0
C0G620 1993010610 -9999 -9999 -9999 0.0
C0G620 1993010611 -9999 -9999 -9999 0.0
C0G620 1993010612 -9999 -9999 -9999 0.0
C0G620 1993010613 -9999 -9999 -9999 0.0
C0G620 1993010614 -9999 -9999 -9999 0.0
C0G620 1993010615 -9999 -9999 -9999 0.0
C0G620 1993010616 -9999 -9999 -9999 0.0
C0G620 1993010617 -9999 -9999 -9999 0.0
C0G620 1993010618 -9999 -9999 -9999 0.0
C0G620 1993010619 -9999 -9999 -9999 0.0
C0G620 1993010620 -9999 -9999 -9999 0.0
C0G620 1993010621 -9999 -9999 -9999 0.0
C0G620 1993010622 -9999 -9999 -9999 0.0
C0G620 1993010623 -9999 -9999 -9999 0.0
C0G620 1993010624 -9999 -9999 -9999 0.0
C0G620 1993010701 -9999 -9999 -9999 0.0
C0G620 1993010702 -9999 -9999 -9999 0.0
C0G620 1993010703 -9999 -9999 -9999 0.0
C0G620 1993010704 -9999 -9999 -9999 0.0
C0G620 1993010705 -9999 -9999 -9999 0.0
C0G620 1993010706 -9999 -9999 -9999 0.0
C0G620 1993010707 -9999 -9999 -9999 0.0
C0G620 1993010708 -9999 -9999 -9999 0.0
C0G620 1993010709 -9999 -9999 -9999 0.0
C0G620 1993010710 -9999 -9999 -9999 0.0
C0G620 1993010711 -9999 -9999 -9999 0.0
C0G620 1993010712 -9999 -9999 -9999 0.0
C0G620 1993010713 -9999 -9999 -9999 0.0
C0G620 1993010714 -9999 -9999 -9999 0.0
C0G620 1993010715 -9999 -9999 -9999 0.0
C0G620 1993010716 -9999 -9999 -9999 0.0
C0G620 1993010717 -9999 -9999 -9999 0.0
C0G620 1993010718 -9999 -9999 -9999 0.0
C0G620 1993010719 -9999 -9999 -9999 0.0
C0G620 1993010720 -9999 -9999 -9999 0.0
C0G620 1993010721 -9999 -9999 -9999 0.0
C0G620 1993010722 -9999 -9999 -9999 0.0
C0G620 1993010723 -9999 -9999 -9999 0.0
C0G620 1993010724 -9999 -9999 -9999 0.0
C0G620 1993010801 -9999 -9999 -9999 0.0
C0G620 1993010802 -9999 -9999 -9999 0.0
C0G620 1993010803 -9999 -9999 -9999 0.0
C0G620 1993010804 -9999 -9999 -9999 0.0
C0G620 1993010805 -9999 -9999 -9999 0.0
C0G620 1993010806 -9999 -9999 -9999 0.0
C0G620 1993010807 -9999 -9999 -9999 0.0
C0G620 1993010808 -9999 -9999 -9999 0.0
C0G620 1993010809 -9999 -9999 -9999 0.0
C0G620 1993010810 -9999 -9999 -9999 0.0
C0G620 1993010811 -9999 -9999 -9999 0.0
C0G620 1993010812 -9999 -9999 -9999 0.0
C0G620 1993010813 -9999 -9999 -9999 0.0
C0G620 1993010814 -9999 -9999 -9999 0.0
C0G620 1993010815 -9999 -9999 -9999 0.0
C0G620 1993010816 -9999 -9999 -9999 0.0
C0G620 1993010817 -9999 -9999 -9999 0.0
C0G620 1993010818 -9999 -9999 -9999 0.0
C0G620 1993010819 -9999 -9999 -9999 0.0
C0G620 1993010820 -9999 -9999 -9999 0.0
C0G620 1993010821 -9999 -9999 -9999 0.0
C0G620 1993010822 -9999 -9999 -9999 0.0
C0G620 1993010823 -9999 -9999 -9999 0.0
C0G620 1993010824 -9999 -9999 -9999 0.0
C0G620 1993010901 -9999 -9999 -9999 0.0
C0G620 1993010902 -9999 -9999 -9999 0.0
C0G620 1993010903 -9999 -9999 -9999 0.0
C0G620 1993010904 -9999 -9999 -9999 0.0
C0G620 1993010905 -9999 -9999 -9999 0.0
C0G620 1993010906 -9999 -9999 -9999 0.0
C0G620 1993010907 -9999 -9999 -9999 0.0
C0G620 1993010908 -9999 -9999 -9999 0.0
C0G620 1993010909 -9999 -9999 -9999 0.0
C0G620 1993010910 -9999 -9999 -9999 0.0
C0G620 1993010911 -9999 -9999 -9999 0.0
C0G620 1993010912 -9999 -9999 -9999 0.0
C0G620 1993010913 -9999 -9999 -9999 0.0
C0G620 1993010914 -9999 -9999 -9999 0.0
C0G620 1993010915 -9999 -9999 -9999 0.0
C0G620 1993010916 -9999 -9999 -9999 0.0
C0G620 1993010917 -9999 -9999 -9999 0.0
C0G620 1993010918 -9999 -9999 -9999 0.0
C0G620 1993010919 -9999 -9999 -9999 0.0
C0G620 1993010920 -9999 -9999 -9999 0.0
C0G620 1993010921 -9999 -9999 -9999 0.0
C0G620 1993010922 -9999 -9999 -9999 0.0
C0G620 1993010923 -9999 -9999 -9999 0.0
C0G620 1993010924 -9999 -9999 -9999 0.0
C0G620 1993011001 -9999 -9999 -9999 0.0
C0G620 1993011002 -9999 -9999 -9999 0.0
C0G620 1993011003 -9999 -9999 -9999 0.0
C0G620 1993011004 -9999 -9999 -9999 0.0
C0G620 1993011005 -9999 -9999 -9999 0.0
C0G620 1993011006 -9999 -9999 -9999 0.0
C0G620 1993011007 -9999 -9999 -9999 0.0
C0G620 1993011008 -9999 -9999 -9999 0.0
C0G620 1993011009 -9999 -9999 -9999 0.0
C0G620 1993011010 -9999 -9999 -9999 0.0
C0G620 1993011011 -9999 -9999 -9999 0.0
C0G620 1993011012 -9999 -9999 -9999 0.0
C0G620 1993011013 -9999 -9999 -9999 0.0
C0G620 1993011014 -9999 -9999 -9999 0.0
C0G620 1993011015 -9999 -9999 -9999 0.0
C0G620 1993011016 -9999 -9999 -9999 0.0
C0G620 1993011017 -9999 -9999 -9999 0.0
C0G620 1993011018 -9999 -9999 -9999 0.0
C0G620 1993011019 -9999 -9999 -9999 0.0
C0G620 1993011020 -9999 -9999 -9999 0.0
C0G620 1993011021 -9999 -9999 -9999 0.0
C0G620 1993011022 -9999 -9999 -9999 0.0
C0G620 1993011023 -9999 -9999 -9999 0.0
C0G620 1993011024 -9999 -9999 -9999 0.0
C0G620 1993011101 -9999 -9999 -9999 0.0
C0G620 1993011102 -9999 -9999 -9999 0.0
C0G620 1993011103 -9999 -9999 -9999 0.0
C0G620 1993011104 -9999 -9999 -9999 0.0
C0G620 1993011105 -9999 -9999 -9999 0.0
C0G620 1993011106 -9999 -9999 -9999 0.0
C0G620 1993011107 -9999 -9999 -9999 0.0
C0G620 1993011108 -9999 -9999 -9999 0.0
C0G620 1993011109 -9999 -9999 -9999 0.0
C0G620 1993011110 -9999 -9999 -9999 0.0
C0G620 1993011111 -9999 -9999 -9999 0.0
C0G620 1993011112 -9999 -9999 -9999 0.0
C0G620 1993011113 -9999 -9999 -9999 0.0
C0G620 1993011114 -9999 -9999 -9999 0.0
C0G620 1993011115 -9999 -9999 -9999 0.0
C0G620 1993011116 -9999 -9999 -9999 0.0
C0G620 1993011117 -9999 -9999 -9999 0.0
C0G620 1993011118 -9999 -9999 -9999 0.0
C0G620 1993011119 -9999 -9999 -9999 0.0
C0G620 1993011120 -9999 -9999 -9999 0.0
C0G620 1993011121 -9999 -9999 -9999 0.0
C0G620 1993011122 -9999 -9999 -9999 0.0
C0G620 1993011123 -9999 -9999 -9999 0.0
C0G620 1993011124 -9999 -9999 -9999 0.0
C0G620 1993011201 -9999 -9999 -9999 0.0
C0G620 1993011202 -9999 -9999 -9999 0.0
C0G620 1993011203 -9999 -9999 -9999 0.0
C0G620 1993011204 -9999 -9999 -9999 0.0
C0G620 1993011205 -9999 -9999 -9999 0.0
C0G620 1993011206 -9999 -9999 -9999 0.0
C0G620 1993011207 -9999 -9999 -9999 0.0
C0G620 1993011208 -9999 -9999 -9999 0.0
C0G620 1993011209 -9999 -9999 -9999 0.0
C0G620 1993011210 -9999 -9999 -9999 0.0
C0G620 1993011211 -9999 -9999 -9999 0.0
C0G620 1993011212 -9999 -9999 -9999 0.0
C0G620 1993011213 -9999 -9999 -9999 0.0
C0G620 1993011214 -9999 -9999 -9999 0.0
C0G620 1993011215 -9999 -9999 -9999 0.0
C0G620 1993011216 -9999 -9999 -9999 0.0
C0G620 1993011217 -9999 -9999 -9999 0.0
C0G620 1993011218 -9999 -9999 -9999 0.0
C0G620 1993011219 -9999 -9999 -9999 0.0
C0G620 1993011220 -9999 -9999 -9999 0.0
C0G620 1993011221 -9999 -9999 -9999 0.0
C0G620 1993011222 -9999 -9999 -9999 0.0
C0G620 1993011223 -9999 -9999 -9999 0.0
C0G620 1993011224 -9999 -9999 -9999 0.0
C0G620 1993011301 -9999 -9999 -9999 0.0
C0G620 1993011302 -9999 -9999 -9999 0.0
C0G620 1993011303 -9999 -9999 -9999 0.0
C0G620 1993011304 -9999 -9999 -9999 0.0
C0G620 1993011305 -9999 -9999 -9999 0.0
C0G620 1993011306 -9999 -9999 -9999 0.0
C0G620 1993011307 -9999 -9999 -9999 0.0
C0G620 1993011308 -9999 -9999 -9999 0.0
C0G620 1993011309 -9999 -9999 -9999 0.0
C0G620 1993011310 -9999 -9999 -9999 0.0
C0G620 1993011311 -9999 -9999 -9999 0.0
C0G620 1993011312 -9999 -9999 -9999 0.0
C0G620 1993011313 -9999 -9999 -9999 0.0
C0G620 1993011314 -9999 -9999 -9999 0.0
C0G620 1993011315 -9999 -9999 -9999 0.0
C0G620 1993011316 -9999 -9999 -9999 0.0
C0G620 1993011317 -9999 -9999 -9999 0.0
C0G620 1993011318 -9999 -9999 -9999 0.0
C0G620 1993011319 -9999 -9999 -9999 0.0
C0G620 1993011320 -9999 -9999 -9999 0.0
C0G620 1993011321 -9999 -9999 -9999 0.0
C0G620 1993011322 -9999 -9999 -9999 0.0
C0G620 1993011323 -9999 -9999 -9999 0.0
C0G620 1993011324 -9999 -9999 -9999 0.0
C0G620 1993011401 -9999 -9999 -9999 0.0
C0G620 1993011402 -9999 -9999 -9999 0.0
C0G620 1993011403 -9999 -9999 -9999 0.0
C0G620 1993011404 -9999 -9999 -9999 0.0
C0G620 1993011405 -9999 -9999 -9999 0.0
C0G620 1993011406 -9999 -9999 -9999 0.0
C0G620 1993011407 -9999 -9999 -9999 0.0
C0G620 1993011408 -9999 -9999 -9999 0.0
C0G620 1993011409 -9999 -9999 -9999 0.0
C0G620 1993011410 -9999 -9999 -9999 0.0
C0G620 1993011411 -9999 -9999 -9999 0.0
C0G620 1993011412 -9999 -9999 -9999 0.0
C0G620 1993011413 -9999 -9999 -9999 0.0
C0G620 1993011414 -9999 -9999 -9999 0.0
C0G620 1993011415 -9999 -9999 -9999 0.0
C0G620 1993011416 -9999 -9999 -9999 0.0
C0G620 1993011417 -9999 -9999 -9999 0.0
C0G620 1993011418 -9999 -9999 -9999 0.0
C0G620 1993011419 -9999 -9999 -9999 0.0
C0G620 1993011420 -9999 -9999 -9999 0.0
C0G620 1993011421 -9999 -9999 -9999 0.0
C0G620 1993011422 -9999 -9999 -9999 0.5
C0G620 1993011423 -9999 -9999 -9999 -9996
C0G620 1993011424 -9999 -9999 -9999 -9996
C0G620 1993011501 -9999 -9999 -9999 0.5
C0G620 1993011502 -9999 -9999 -9999 -9996
C0G620 1993011503 -9999 -9999 -9999 0.5
C0G620 1993011504 -9999 -9999 -9999 0.0
C0G620 1993011505 -9999 -9999 -9999 0.0
C0G620 1993011506 -9999 -9999 -9999 0.0
C0G620 1993011507 -9999 -9999 -9999 0.0
C0G620 1993011508 -9999 -9999 -9999 0.0
C0G620 1993011509 -9999 -9999 -9999 0.0
C0G620 1993011510 -9999 -9999 -9999 0.0
C0G620 1993011511 -9999 -9999 -9999 0.0
C0G620 1993011512 -9999 -9999 -9999 0.0
C0G620 1993011513 -9999 -9999 -9999 0.0
C0G620 1993011514 -9999 -9999 -9999 0.0
C0G620 1993011515 -9999 -9999 -9999 0.0
C0G620 1993011516 -9999 -9999 -9999 0.0
C0G620 1993011517 -9999 -9999 -9999 0.0
C0G620 1993011518 -9999 -9999 -9999 0.0
C0G620 1993011519 -9999 -9999 -9999 0.0
C0G620 1993011520 -9999 -9999 -9999 0.0
C0G620 1993011521 -9999 -9999 -9999 0.0
C0G620 1993011522 -9999 -9999 -9999 0.0
C0G620 1993011523 -9999 -9999 -9999 0.0
C0G620 1993011524 -9999 -9999 -9999 0.0
C0G620 1993011601 -9999 -9999 -9999 0.0
C0G620 1993011602 -9999 -9999 -9999 0.0
C0G620 1993011603 -9999 -9999 -9999 0.0
C0G620 1993011604 -9999 -9999 -9999 -9996
C0G620 1993011605 -9999 -9999 -9999 -9996
C0G620 1993011606 -9999 -9999 -9999 3.0
C0G620 1993011607 -9999 -9999 -9999 1.5
C0G620 1993011608 -9999 -9999 -9999 0.5
C0G620 1993011609 -9999 -9999 -9999 -9996
C0G620 1993011610 -9999 -9999 -9999 -9996
C0G620 1993011611 -9999 -9999 -9999 0.5
C0G620 1993011612 -9999 -9999 -9999 0.0
C0G620 1993011613 -9999 -9999 -9999 0.0
C0G620 1993011614 -9999 -9999 -9999 0.0
C0G620 1993011615 -9999 -9999 -9999 0.0
C0G620 1993011616 -9999 -9999 -9999 0.0
C0G620 1993011617 -9999 -9999 -9999 0.0
C0G620 1993011618 -9999 -9999 -9999 0.0
C0G620 1993011619 -9999 -9999 -9999 0.0
C0G620 1993011620 -9999 -9999 -9999 0.0
C0G620 1993011621 -9999 -9999 -9999 0.0
C0G620 1993011622 -9999 -9999 -9999 0.0
C0G620 1993011623 -9999 -9999 -9999 0.0
C0G620 1993011624 -9999 -9999 -9999 0.0
C0G620 1993011701 -9999 -9999 -9999 0.0
C0G620 1993011702 -9999 -9999 -9999 0.0
C0G620 1993011703 -9999 -9999 -9999 0.0
C0G620 1993011704 -9999 -9999 -9999 0.0
C0G620 1993011705 -9999 -9999 -9999 0.0
C0G620 1993011706 -9999 -9999 -9999 0.0
C0G620 1993011707 -9999 -9999 -9999 0.0
C0G620 1993011708 -9999 -9999 -9999 0.0
C0G620 1993011709 -9999 -9999 -9999 0.0
C0G620 1993011710 -9999 -9999 -9999 0.0
C0G620 1993011711 -9999 -9999 -9999 0.0
C0G620 1993011712 -9999 -9999 -9999 0.0
C0G620 1993011713 -9999 -9999 -9999 0.0
C0G620 1993011714 -9999 -9999 -9999 0.0
C0G620 1993011715 -9999 -9999 -9999 0.0
C0G620 1993011716 -9999 -9999 -9999 0.0
C0G620 1993011717 -9999 -9999 -9999 0.0
C0G620 1993011718 -9999 -9999 -9999 0.0
C0G620 1993011719 -9999 -9999 -9999 0.0
C0G620 1993011720 -9999 -9999 -9999 0.0
C0G620 1993011721 -9999 -9999 -9999 0.0
C0G620 1993011722 -9999 -9999 -9999 0.0
C0G620 1993011723 -9999 -9999 -9999 0.0
C0G620 1993011724 -9999 -9999 -9999 0.0
C0G620 1993011801 -9999 -9999 -9999 0.0
C0G620 1993011802 -9999 -9999 -9999 0.0
C0G620 1993011803 -9999 -9999 -9999 0.0
C0G620 1993011804 -9999 -9999 -9999 0.0
C0G620 1993011805 -9999 -9999 -9999 0.0
C0G620 1993011806 -9999 -9999 -9999 0.0
C0G620 1993011807 -9999 -9999 -9999 -9996
C0G620 1993011808 -9999 -9999 -9999 0.5
C0G620 1993011809 -9999 -9999 -9999 0.0
C0G620 1993011810 -9999 -9999 -9999 0.0
C0G620 1993011811 -9999 -9999 -9999 0.0
C0G620 1993011812 -9999 -9999 -9999 0.0
C0G620 1993011813 -9999 -9999 -9999 0.0
C0G620 1993011814 -9999 -9999 -9999 0.0
C0G620 1993011815 -9999 -9999 -9999 0.0
C0G620 1993011816 -9999 -9999 -9999 0.0
C0G620 1993011817 -9999 -9999 -9999 0.0
C0G620 1993011818 -9999 -9999 -9999 0.0
C0G620 1993011819 -9999 -9999 -9999 0.0
C0G620 1993011820 -9999 -9999 -9999 0.0
C0G620 1993011821 -9999 -9999 -9999 0.5
C0G620 1993011822 -9999 -9999 -9999 -9996
C0G620 1993011823 -9999 -9999 -9999 1.0
C0G620 1993011824 -9999 -9999 -9999 -9996
C0G620 1993011901 -9999 -9999 -9999 -9996
C0G620 1993011902 -9999 -9999 -9999 -9996
C0G620 1993011903 -9999 -9999 -9999 0.5
C0G620 1993011904 -9999 -9999 -9999 0.0
C0G620 1993011905 -9999 -9999 -9999 0.0
C0G620 1993011906 -9999 -9999 -9999 0.0
C0G620 1993011907 -9999 -9999 -9999 0.0
C0G620 1993011908 -9999 -9999 -9999 0.0
C0G620 1993011909 -9999 -9999 -9999 0.0
C0G620 1993011910 -9999 -9999 -9999 0.0
C0G620 1993011911 -9999 -9999 -9999 0.0
C0G620 1993011912 -9999 -9999 -9999 0.0
C0G620 1993011913 -9999 -9999 -9999 0.0
C0G620 1993011914 -9999 -9999 -9999 0.0
C0G620 1993011915 -9999 -9999 -9999 0.0
C0G620 1993011916 -9999 -9999 -9999 0.0
C0G620 1993011917 -9999 -9999 -9999 0.0
C0G620 1993011918 -9999 -9999 -9999 0.0
C0G620 1993011919 -9999 -9999 -9999 0.0
C0G620 1993011920 -9999 -9999 -9999 0.0
C0G620 1993011921 -9999 -9999 -9999 0.0
C0G620 1993011922 -9999 -9999 -9999 0.0
C0G620 1993011923 -9999 -9999 -9999 0.0
C0G620 1993011924 -9999 -9999 -9999 0.0
C0G620 1993012001 -9999 -9999 -9999 0.0
C0G620 1993012002 -9999 -9999 -9999 0.0
C0G620 1993012003 -9999 -9999 -9999 0.0
C0G620 1993012004 -9999 -9999 -9999 0.0
C0G620 1993012005 -9999 -9999 -9999 0.0
C0G620 1993012006 -9999 -9999 -9999 0.0
C0G620 1993012007 -9999 -9999 -9999 0.0
C0G620 1993012008 -9999 -9999 -9999 0.0
C0G620 1993012009 -9999 -9999 -9999 0.0
C0G620 1993012010 -9999 -9999 -9999 0.0
C0G620 1993012011 -9999 -9999 -9999 0.0
C0G620 1993012012 -9999 -9999 -9999 0.0
C0G620 1993012013 -9999 -9999 -9999 0.0
C0G620 1993012014 -9999 -9999 -9999 0.0
C0G620 1993012015 -9999 -9999 -9999 0.0
C0G620 1993012016 -9999 -9999 -9999 0.0
C0G620 1993012017 -9999 -9999 -9999 0.0
C0G620 1993012018 -9999 -9999 -9999 0.0
C0G620 1993012019 -9999 -9999 -9999 0.0
C0G620 1993012020 -9999 -9999 -9999 0.0
C0G620 1993012021 -9999 -9999 -9999 0.0
C0G620 1993012022 -9999 -9999 -9999 0.0
C0G620 1993012023 -9999 -9999 -9999 0.0
C0G620 1993012024 -9999 -9999 -9999 0.0
C0G620 1993012101 -9999 -9999 -9999 0.0
C0G620 1993012102 -9999 -9999 -9999 0.0
C0G620 1993012103 -9999 -9999 -9999 0.0
C0G620 1993012104 -9999 -9999 -9999 0.0
C0G620 1993012105 -9999 -9999 -9999 0.0
C0G620 1993012106 -9999 -9999 -9999 0.0
C0G620 1993012107 -9999 -9999 -9999 0.0
C0G620 1993012108 -9999 -9999 -9999 0.0
C0G620 1993012109 -9999 -9999 -9999 0.0
C0G620 1993012110 -9999 -9999 -9999 0.0
C0G620 1993012111 -9999 -9999 -9999 0.0
C0G620 1993012112 -9999 -9999 -9999 0.0
C0G620 1993012113 -9999 -9999 -9999 0.0
C0G620 1993012114 -9999 -9999 -9999 0.0
C0G620 1993012115 -9999 -9999 -9999 0.0
C0G620 1993012116 -9999 -9999 -9999 0.0
C0G620 1993012117 -9999 -9999 -9999 0.0
C0G620 1993012118 -9999 -9999 -9999 0.0
C0G620 1993012119 -9999 -9999 -9999 0.0
C0G620 1993012120 -9999 -9999 -9999 0.0
C0G620 1993012121 -9999 -9999 -9999 0.0
C0G620 1993012122 -9999 -9999 -9999 0.0
C0G620 1993012123 -9999 -9999 -9999 0.0
C0G620 1993012124 -9999 -9999 -9999 0.0
C0G620 1993012201 -9999 -9999 -9999 0.0
C0G620 1993012202 -9999 -9999 -9999 0.0
C0G620 1993012203 -9999 -9999 -9999 0.0
C0G620 1993012204 -9999 -9999 -9999 0.0
C0G620 1993012205 -9999 -9999 -9999 0.0
C0G620 1993012206 -9999 -9999 -9999 0.0
C0G620 1993012207 -9999 -9999 -9999 0.0
C0G620 1993012208 -9999 -9999 -9999 0.0
C0G620 1993012209 -9999 -9999 -9999 0.0
C0G620 1993012210 -9999 -9999 -9999 0.0
C0G620 1993012211 -9999 -9999 -9999 0.0
C0G620 1993012212 -9999 -9999 -9999 0.0
C0G620 1993012213 -9999 -9999 -9999 0.0
C0G620 1993012214 -9999 -9999 -9999 0.0
C0G620 1993012215 -9999 -9999 -9999 0.0
C0G620 1993012216 -9999 -9999 -9999 0.0
C0G620 1993012217 -9999 -9999 -9999 0.0
C0G620 1993012218 -9999 -9999 -9999 0.0
C0G620 1993012219 -9999 -9999 -9999 0.0
C0G620 1993012220 -9999 -9999 -9999 0.0
C0G620 1993012221 -9999 -9999 -9999 0.0
C0G620 1993012222 -9999 -9999 -9999 0.0
C0G620 1993012223 -9999 -9999 -9999 0.0
C0G620 1993012224 -9999 -9999 -9999 0.0
C0G620 1993012301 -9999 -9999 -9999 0.0
C0G620 1993012302 -9999 -9999 -9999 0.0
C0G620 1993012303 -9999 -9999 -9999 0.0
C0G620 1993012304 -9999 -9999 -9999 0.0
C0G620 1993012305 -9999 -9999 -9999 0.0
C0G620 1993012306 -9999 -9999 -9999 0.0
C0G620 1993012307 -9999 -9999 -9999 0.0
C0G620 1993012308 -9999 -9999 -9999 0.0
C0G620 1993012309 -9999 -9999 -9999 0.0
C0G620 1993012310 -9999 -9999 -9999 0.0
C0G620 1993012311 -9999 -9999 -9999 0.0
C0G620 1993012312 -9999 -9999 -9999 0.0
C0G620 1993012313 -9999 -9999 -9999 0.0
C0G620 1993012314 -9999 -9999 -9999 0.0
C0G620 1993012315 -9999 -9999 -9999 0.0
C0G620 1993012316 -9999 -9999 -9999 0.0
C0G620 1993012317 -9999 -9999 -9999 0.0
C0G620 1993012318 -9999 -9999 -9999 0.0
C0G620 1993012319 -9999 -9999 -9999 0.0
C0G620 1993012320 -9999 -9999 -9999 0.0
C0G620 1993012321 -9999 -9999 -9999 0.0
C0G620 1993012322 -9999 -9999 -9999 0.0
C0G620 1993012323 -9999 -9999 -9999 0.0
C0G620 1993012324 -9999 -9999 -9999 -9996
C0G620 1993012401 -9999 -9999 -9999 1.5
C0G620 1993012402 -9999 -9999 -9999 0.0
C0G620 1993012403 -9999 -9999 -9999 0.0
C0G620 1993012404 -9999 -9999 -9999 0.0
C0G620 1993012405 -9999 -9999 -9999 0.0
C0G620 1993012406 -9999 -9999 -9999 0.0
C0G620 1993012407 -9999 -9999 -9999 0.0
C0G620 1993012408 -9999 -9999 -9999 0.0
C0G620 1993012409 -9999 -9999 -9999 0.0
C0G620 1993012410 -9999 -9999 -9999 0.0
C0G620 1993012411 -9999 -9999 -9999 0.0
C0G620 1993012412 -9999 -9999 -9999 0.0
C0G620 1993012413 -9999 -9999 -9999 0.0
C0G620 1993012414 -9999 -9999 -9999 0.0
C0G620 1993012415 -9999 -9999 -9999 0.0
C0G620 1993012416 -9999 -9999 -9999 0.0
C0G620 1993012417 -9999 -9999 -9999 0.0
C0G620 1993012418 -9999 -9999 -9999 0.0
C0G620 1993012419 -9999 -9999 -9999 0.0
C0G620 1993012420 -9999 -9999 -9999 0.0
C0G620 1993012421 -9999 -9999 -9999 0.0
C0G620 1993012422 -9999 -9999 -9999 0.0
C0G620 1993012423 -9999 -9999 -9999 0.0
C0G620 1993012424 -9999 -9999 -9999 0.0
C0G620 1993012501 -9999 -9999 -9999 0.0
C0G620 1993012502 -9999 -9999 -9999 0.0
C0G620 1993012503 -9999 -9999 -9999 0.0
C0G620 1993012504 -9999 -9999 -9999 0.0
C0G620 1993012505 -9999 -9999 -9999 0.0
C0G620 1993012506 -9999 -9999 -9999 0.0
C0G620 1993012507 -9999 -9999 -9999 0.0
C0G620 1993012508 -9999 -9999 -9999 0.0
C0G620 1993012509 -9999 -9999 -9999 0.0
C0G620 1993012510 -9999 -9999 -9999 0.0
C0G620 1993012511 -9999 -9999 -9999 0.0
C0G620 1993012512 -9999 -9999 -9999 0.0
C0G620 1993012513 -9999 -9999 -9999 0.0
C0G620 1993012514 -9999 -9999 -9999 0.0
C0G620 1993012515 -9999 -9999 -9999 -9996
C0G620 1993012516 -9999 -9999 -9999 -9996
C0G620 1993012517 -9999 -9999 -9999 0.5
C0G620 1993012518 -9999 -9999 -9999 0.0
C0G620 1993012519 -9999 -9999 -9999 0.0
C0G620 1993012520 -9999 -9999 -9999 0.0
C0G620 1993012521 -9999 -9999 -9999 0.0
C0G620 1993012522 -9999 -9999 -9999 0.0
C0G620 1993012523 -9999 -9999 -9999 0.0
C0G620 1993012524 -9999 -9999 -9999 0.0
C0G620 1993012601 -9999 -9999 -9999 0.0
C0G620 1993012602 -9999 -9999 -9999 0.0
C0G620 1993012603 -9999 -9999 -9999 0.0
C0G620 1993012604 -9999 -9999 -9999 0.0
C0G620 1993012605 -9999 -9999 -9999 0.0
C0G620 1993012606 -9999 -9999 -9999 0.0
C0G620 1993012607 -9999 -9999 -9999 0.0
C0G620 1993012608 -9999 -9999 -9999 0.0
C0G620 1993012609 -9999 -9999 -9999 0.0
C0G620 1993012610 -9999 -9999 -9999 0.0
C0G620 1993012611 -9999 -9999 -9999 0.0
C0G620 1993012612 -9999 -9999 -9999 0.0
C0G620 1993012613 -9999 -9999 -9999 0.0
C0G620 1993012614 -9999 -9999 -9999 0.0
C0G620 1993012615 -9999 -9999 -9999 0.0
C0G620 1993012616 -9999 -9999 -9999 0.0
C0G620 1993012617 -9999 -9999 -9999 0.0
C0G620 1993012618 -9999 -9999 -9999 0.0
C0G620 1993012619 -9999 -9999 -9999 0.0
C0G620 1993012620 -9999 -9999 -9999 0.0
C0G620 1993012621 -9999 -9999 -9999 0.0
C0G620 1993012622 -9999 -9999 -9999 0.0
C0G620 1993012623 -9999 -9999 -9999 0.0
C0G620 1993012624 -9999 -9999 -9999 0.0
C0G620 1993012701 -9999 -9999 -9999 0.0
C0G620 1993012702 -9999 -9999 -9999 0.0
C0G620 1993012703 -9999 -9999 -9999 0.0
C0G620 1993012704 -9999 -9999 -9999 0.0
C0G620 1993012705 -9999 -9999 -9999 0.0
C0G620 1993012706 -9999 -9999 -9999 0.0
C0G620 1993012707 -9999 -9999 -9999 0.0
C0G620 1993012708 -9999 -9999 -9999 0.0
C0G620 1993012709 -9999 -9999 -9999 0.0
C0G620 1993012710 -9999 -9999 -9999 0.0
C0G620 1993012711 -9999 -9999 -9999 0.0
C0G620 1993012712 -9999 -9999 -9999 0.0
C0G620 1993012713 -9999 -9999 -9999 0.0
C0G620 1993012714 -9999 -9999 -9999 0.0
C0G620 1993012715 -9999 -9999 -9999 0.0
C0G620 1993012716 -9999 -9999 -9999 0.0
C0G620 1993012717 -9999 -9999 -9999 0.0
C0G620 1993012718 -9999 -9999 -9999 0.0
C0G620 1993012719 -9999 -9999 -9999 0.0
C0G620 1993012720 -9999 -9999 -9999 0.0
C0G620 1993012721 -9999 -9999 -9999 0.0
C0G620 1993012722 -9999 -9999 -9999 0.0
C0G620 1993012723 -9999 -9999 -9999 0.0
C0G620 1993012724 -9999 -9999 -9999 0.0
C0G620 1993012801 -9999 -9999 -9999 0.0
C0G620 1993012802 -9999 -9999 -9999 0.0
C0G620 1993012803 -9999 -9999 -9999 0.0
C0G620 1993012804 -9999 -9999 -9999 0.0
C0G620 1993012805 -9999 -9999 -9999 0.0
C0G620 1993012806 -9999 -9999 -9999 0.0
C0G620 1993012807 -9999 -9999 -9999 0.0
C0G620 1993012808 -9999 -9999 -9999 0.0
C0G620 1993012809 -9999 -9999 -9999 0.0
C0G620 1993012810 -9999 -9999 -9999 0.0
C0G620 1993012811 -9999 -9999 -9999 0.0
C0G620 1993012812 -9999 -9999 -9999 0.0
C0G620 1993012813 -9999 -9999 -9999 0.0
C0G620 1993012814 -9999 -9999 -9999 0.0
C0G620 1993012815 -9999 -9999 -9999 0.0
C0G620 1993012816 -9999 -9999 -9999 0.0
C0G620 1993012817 -9999 -9999 -9999 0.0
C0G620 1993012818 -9999 -9999 -9999 0.0
C0G620 1993012819 -9999 -9999 -9999 0.0
C0G620 1993012820 -9999 -9999 -9999 0.0
C0G620 1993012821 -9999 -9999 -9999 0.0
C0G620 1993012822 -9999 -9999 -9999 0.0
C0G620 1993012823 -9999 -9999 -9999 0.0
C0G620 1993012824 -9999 -9999 -9999 0.0
C0G620 1993012901 -9999 -9999 -9999 0.0
C0G620 1993012902 -9999 -9999 -9999 0.0
C0G620 1993012903 -9999 -9999 -9999 0.0
C0G620 1993012904 -9999 -9999 -9999 0.0
C0G620 1993012905 -9999 -9999 -9999 0.0
C0G620 1993012906 -9999 -9999 -9999 0.0
C0G620 1993012907 -9999 -9999 -9999 0.0
C0G620 1993012908 -9999 -9999 -9999 0.0
C0G620 1993012909 -9999 -9999 -9999 0.0
C0G620 1993012910 -9999 -9999 -9999 0.0
C0G620 1993012911 -9999 -9999 -9999 0.0
C0G620 1993012912 -9999 -9999 -9999 0.0
C0G620 1993012913 -9999 -9999 -9999 0.0
C0G620 1993012914 -9999 -9999 -9999 0.0
C0G620 1993012915 -9999 -9999 -9999 0.0
C0G620 1993012916 -9999 -9999 -9999 0.0
C0G620 1993012917 -9999 -9999 -9999 0.0
C0G620 1993012918 -9999 -9999 -9999 0.0
C0G620 1993012919 -9999 -9999 -9999 0.0
C0G620 1993012920 -9999 -9999 -9999 0.0
C0G620 1993012921 -9999 -9999 -9999 0.0
C0G620 1993012922 -9999 -9999 -9999 0.0
C0G620 1993012923 -9999 -9999 -9999 0.0
C0G620 1993012924 -9999 -9999 -9999 0.0
C0G620 1993013001 -9999 -9999 -9999 0.0
C0G620 1993013002 -9999 -9999 -9999 0.0
C0G620 1993013003 -9999 -9999 -9999 0.0
C0G620 1993013004 -9999 -9999 -9999 0.0
C0G620 1993013005 -9999 -9999 -9999 0.0
C0G620 1993013006 -9999 -9999 -9999 0.0
C0G620 1993013007 -9999 -9999 -9999 0.0
C0G620 1993013008 -9999 -9999 -9999 0.0
C0G620 1993013009 -9999 -9999 -9999 0.0
C0G620 1993013010 -9999 -9999 -9999 0.0
C0G620 1993013011 -9999 -9999 -9999 0.0
C0G620 1993013012 -9999 -9999 -9999 0.0
C0G620 1993013013 -9999 -9999 -9999 0.0
C0G620 1993013014 -9999 -9999 -9999 0.0
C0G620 1993013015 -9999 -9999 -9999 0.0
C0G620 1993013016 -9999 -9999 -9999 0.0
C0G620 1993013017 -9999 -9999 -9999 0.0
C0G620 1993013018 -9999 -9999 -9999 0.0
C0G620 1993013019 -9999 -9999 -9999 0.0
C0G620 1993013020 -9999 -9999 -9999 0.0
C0G620 1993013021 -9999 -9999 -9999 0.0
C0G620 1993013022 -9999 -9999 -9999 0.0
C0G620 1993013023 -9999 -9999 -9999 0.0
C0G620 1993013024 -9999 -9999 -9999 0.0
C0G620 1993013101 -9999 -9999 -9999 0.0
C0G620 1993013102 -9999 -9999 -9999 0.0
C0G620 1993013103 -9999 -9999 -9999 0.0
C0G620 1993013104 -9999 -9999 -9999 0.0
C0G620 1993013105 -9999 -9999 -9999 0.0
C0G620 1993013106 -9999 -9999 -9999 0.0
C0G620 1993013107 -9999 -9999 -9999 0.0
C0G620 1993013108 -9999 -9999 -9999 0.0
C0G620 1993013109 -9999 -9999 -9999 0.0
C0G620 1993013110 -9999 -9999 -9999 0.0
C0G620 1993013111 -9999 -9999 -9999 0.0
C0G620 1993013112 -9999 -9999 -9999 0.0
C0G620 1993013113 -9999 -9999 -9999 0.0
C0G620 1993013114 -9999 -9999 -9999 0.0
C0G620 1993013115 -9999 -9999 -9999 0.0
C0G620 1993013116 -9999 -9999 -9999 0.0
C0G620 1993013117 -9999 -9999 -9999 0.0
C0G620 1993013118 -9999 -9999 -9999 0.0
C0G620 1993013119 -9999 -9999 -9999 0.0
C0G620 1993013120 -9999 -9999 -9999 0.0
C0G620 1993013121 -9999 -9999 -9999 0.0
C0G620 1993013122 -9999 -9999 -9999 0.0
C0G620 1993013123 -9999 -9999 -9999 0.0
C0G620 1993013124 -9999 -9999 -9999 0.0
C0G650 1993010101 16.1 -9999 0.8 0.0
C0G650 1993010102 15.8 -9999 0.3 0.0
C0G650 1993010103 15.4 -9999 0.1 0.0
C0G650 1993010104 13.8 -9999 0.0 0.0
C0G650 1993010105 13.6 -9999 0.0 0.0
C0G650 1993010106 12.7 -9999 0.0 0.0
C0G650 1993010107 12.5 -9999 0.0 0.0
C0G650 1993010108 14.2 -9999 0.0 0.0
C0G650 1993010109 17.7 -9999 0.1 0.0
C0G650 1993010110 19.1 -9999 0.0 0.0
C0G650 1993010111 21.6 -9999 0.0 0.0
C0G650 1993010112 22.5 -9999 0.4 0.0
C0G650 1993010113 23.2 -9999 0.2 0.0
C0G650 1993010114 23.7 -9999 1.0 0.0
C0G650 1993010115 23.3 -9999 0.8 0.0
C0G650 1993010116 22.2 -9999 1.0 0.0
C0G650 1993010117 21.1 -9999 0.1 0.0
C0G650 1993010118 19.9 -9999 0.3 0.0
C0G650 1993010119 18.6 -9999 0.1 0.0
C0G650 1993010120 17.7 -9999 0.0 0.0
C0G650 1993010121 17.3 -9999 0.0 0.0
C0G650 1993010122 17.2 -9999 0.0 0.0
C0G650 1993010123 17.1 -9999 0.1 0.0
C0G650 1993010124 16.4 -9999 0.0 0.0
C0G650 1993010201 16.3 -9999 0.0 0.0
C0G650 1993010202 16.6 -9999 0.1 0.0
C0G650 1993010203 16.9 -9999 0.0 0.0
C0G650 1993010204 17.0 -9999 0.0 0.0
C0G650 1993010205 17.1 -9999 0.0 0.0
C0G650 1993010206 17.3 -9999 0.0 0.0
C0G650 1993010207 17.1 -9999 0.0 0.0
C0G650 1993010208 18.0 -9999 0.5 0.0
C0G650 1993010209 19.4 -9999 1.3 0.0
C0G650 1993010210 21.2 -9999 1.8 0.0
C0G650 1993010211 22.9 -9999 1.6 0.0
C0G650 1993010212 23.0 -9999 2.3 0.0
C0G650 1993010213 23.9 -9999 2.1 0.0
C0G650 1993010214 24.0 -9999 -9997 0.0
C0G650 1993010215 23.3 -9999 2.8 0.0
C0G650 1993010216 22.6 -9999 2.2 0.0
C0G650 1993010217 21.0 -9999 0.2 0.0
C0G650 1993010218 19.1 -9999 0.1 0.0
C0G650 1993010219 18.3 -9999 0.9 0.0
C0G650 1993010220 17.2 -9999 0.1 -9996
C0G650 1993010221 16.5 -9999 0.0 -9996
C0G650 1993010222 15.5 -9999 0.0 -9996
C0G650 1993010223 15.0 -9999 0.0 -9996
C0G650 1993010224 14.1 -9999 0.0 -9996
C0G650 1993010301 13.6 -9999 0.0 0.0
C0G650 1993010302 13.1 -9999 0.0 0.0
C0G650 1993010303 12.8 -9999 0.0 0.0
C0G650 1993010304 12.2 -9999 0.0 0.0
C0G650 1993010305 12.1 -9999 0.0 0.0
C0G650 1993010306 11.8 -9999 0.0 0.0
C0G650 1993010307 11.4 -9999 0.0 0.0
C0G650 1993010308 13.4 -9999 0.0 0.0
C0G650 1993010309 -9997 -9999 -9997 0.0
C0G650 1993010310 -9997 -9999 -9997 0.0
C0G650 1993010311 -9997 -9999 -9997 0.0
C0G650 1993010312 -9997 -9999 -9997 0.0
C0G650 1993010313 -9997 -9999 -9997 0.0
C0G650 1993010314 -9997 -9999 -9997 0.0
C0G650 1993010315 -9997 -9999 -9997 0.0
C0G650 1993010316 -9997 -9999 -9997 0.0
C0G650 1993010317 -9997 -9999 -9997 0.0
C0G650 1993010318 -9997 -9999 -9997 0.0
C0G650 1993010319 -9997 -9999 -9997 0.0
C0G650 1993010320 -9997 -9999 -9997 0.0
C0G650 1993010321 -9997 -9999 -9997 0.0
C0G650 1993010322 -9997 -9999 -9997 0.0
C0G650 1993010323 -9997 -9999 -9997 0.0
C0G650 1993010324 -9997 -9999 -9997 0.0
C0G650 1993010401 -9997 -9999 -9997 0.0
C0G650 1993010402 -9997 -9999 -9997 0.0
C0G650 1993010403 -9997 -9999 -9997 0.0
C0G650 1993010404 -9997 -9999 -9997 0.0
C0G650 1993010405 -9997 -9999 -9997 0.0
C0G650 1993010406 -9997 -9999 -9997 0.0
C0G650 1993010407 -9997 -9999 -9997 0.0
C0G650 1993010408 -9997 -9999 -9997 0.0
C0G650 1993010409 -9997 -9999 -9997 0.0
C0G650 1993010410 -9997 -9999 -9997 0.0
C0G650 1993010411 -9997 -9999 -9997 0.0
C0G650 1993010412 -9997 -9999 -9997 0.0
C0G650 1993010413 -9997 -9999 -9997 0.0
C0G650 1993010414 -9997 -9999 -9997 0.0
C0G650 1993010415 -9997 -9999 -9997 0.0
C0G650 1993010416 -9997 -9999 -9997 0.0
C0G650 1993010417 -9997 -9999 -9997 0.0
C0G650 1993010418 -9997 -9999 -9997 0.0
C0G650 1993010419 -9997 -9999 -9997 0.0
C0G650 1993010420 -9997 -9999 -9997 0.0
C0G650 1993010421 -9997 -9999 -9997 0.0
C0G650 1993010422 -9997 -9999 -9997 0.0
C0G650 1993010423 -9997 -9999 -9997 0.0
C0G650 1993010424 -9997 -9999 -9997 0.0
C0G650 1993010501 -9997 -9999 -9997 0.0
C0G650 1993010502 -9997 -9999 -9997 0.0
C0G650 1993010503 -9997 -9999 -9997 0.0
C0G650 1993010504 -9997 -9999 -9997 0.0
C0G650 1993010505 -9997 -9999 -9997 0.0
C0G650 1993010506 -9997 -9999 -9997 0.0
C0G650 1993010507 -9997 -9999 -9997 0.0
C0G650 1993010508 -9997 -9999 -9997 0.0
C0G650 1993010509 -9997 -9999 -9997 0.0
C0G650 1993010510 -9997 -9999 -9997 0.0
C0G650 1993010511 -9997 -9999 -9997 0.0
C0G650 1993010512 -9997 -9999 -9997 0.0
C0G650 1993010513 -9997 -9999 -9997 0.0
C0G650 1993010514 -9997 -9999 -9997 0.0
C0G650 1993010515 -9997 -9999 -9997 0.0
C0G650 1993010516 -9997 -9999 -9997 0.0
C0G650 1993010517 -9997 -9999 -9997 0.0
C0G650 1993010518 -9997 -9999 -9997 0.0
C0G650 1993010519 -9997 -9999 -9997 0.0
C0G650 1993010520 -9997 -9999 -9997 0.0
C0G650 1993010521 -9997 -9999 -9997 0.0
C0G650 1993010522 -9997 -9999 -9997 0.0
C0G650 1993010523 -9997 -9999 -9997 0.0
C0G650 1993010524 -9997 -9999 -9997 0.0
C0G650 1993010601 -9997 -9999 -9997 0.0
C0G650 1993010602 -9997 -9999 -9997 0.0
C0G650 1993010603 -9997 -9999 -9997 0.0
C0G650 1993010604 -9997 -9999 -9997 0.0
C0G650 1993010605 -9997 -9999 -9997 0.0
C0G650 1993010606 -9997 -9999 -9997 0.0
C0G650 1993010607 -9997 -9999 -9997 0.0
C0G650 1993010608 -9997 -9999 -9997 0.0
C0G650 1993010609 -9997 -9999 -9997 0.0
C0G650 1993010610 -9997 -9999 -9997 0.0
C0G650 1993010611 -9997 -9999 -9997 0.0
C0G650 1993010612 -9997 -9999 -9997 0.0
C0G650 1993010613 -9997 -9999 -9997 0.0
C0G650 1993010614 -9997 -9999 -9997 0.0
C0G650 1993010615 -9997 -9999 -9997 0.0
C0G650 1993010616 -9997 -9999 -9997 0.0
C0G650 1993010617 -9997 -9999 -9997 0.0
C0G650 1993010618 -9997 -9999 -9997 0.0
C0G650 1993010619 -9997 -9999 -9997 0.0
C0G650 1993010620 -9997 -9999 -9997 0.0
C0G650 1993010621 -9997 -9999 -9997 0.0
C0G650 1993010622 -9997 -9999 -9997 0.0
C0G650 1993010623 -9997 -9999 -9997 0.0
C0G650 1993010624 -9997 -9999 -9997 0.0
C0G650 1993010701 -9997 -9999 -9997 0.0
C0G650 1993010702 -9997 -9999 -9997 0.0
C0G650 1993010703 -9997 -9999 -9997 0.0
C0G650 1993010704 -9997 -9999 -9997 0.0
C0G650 1993010705 -9997 -9999 -9997 0.0
C0G650 1993010706 -9997 -9999 -9997 0.0
C0G650 1993010707 -9997 -9999 -9997 0.0
C0G650 1993010708 -9997 -9999 -9997 0.0
C0G650 1993010709 20.7 -9999 0.0 0.0
C0G650 1993010710 24.4 -9999 0.0 0.0
C0G650 1993010711 24.5 -9999 1.1 0.0
C0G650 1993010712 24.8 -9999 1.0 0.0
C0G650 1993010713 24.2 -9999 2.5 0.0
C0G650 1993010714 -9997 -9999 -9997 0.0
C0G650 1993010715 23.6 -9999 1.8 0.0
C0G650 1993010716 23.9 -9999 1.9 0.0
C0G650 1993010717 23.0 -9999 2.1 0.0
C0G650 1993010718 21.2 -9999 0.1 0.0
C0G650 1993010719 20.0 -9999 0.4 0.0
C0G650 1993010720 19.3 -9999 0.1 0.0
C0G650 1993010721 18.8 -9999 0.0 0.0
C0G650 1993010722 17.4 -9999 0.0 0.0
C0G650 1993010723 16.7 -9999 0.0 0.0
C0G650 1993010724 16.1 -9999 0.0 0.0
C0G650 1993010801 16.5 -9999 0.0 0.0
C0G650 1993010802 16.5 -9999 0.1 0.0
C0G650 1993010803 15.5 -9999 0.0 0.0
C0G650 1993010804 16.2 -9999 0.0 0.0
C0G650 1993010805 14.8 -9999 0.0 0.0
C0G650 1993010806 14.1 -9999 0.1 0.0
C0G650 1993010807 13.8 -9999 0.0 0.0
C0G650 1993010808 15.0 -9999 0.0 0.0
C0G650 1993010809 18.1 -9999 1.0 0.0
C0G650 1993010810 19.8 -9999 0.4 0.0
C0G650 1993010811 21.4 -9999 0.0 0.0
C0G650 1993010812 22.6 -9999 0.5 0.0
C0G650 1993010813 23.5 -9999 0.4 0.0
C0G650 1993010814 23.3 -9999 1.5 0.0
C0G650 1993010815 22.2 -9999 2.4 0.0
C0G650 1993010816 22.1 -9999 0.6 0.0
C0G650 1993010817 21.0 -9999 0.7 0.0
C0G650 1993010818 19.9 -9999 0.4 0.0
C0G650 1993010819 18.9 -9999 0.0 0.0
C0G650 1993010820 18.4 -9999 0.1 0.0
C0G650 1993010821 17.7 -9999 0.0 0.0
C0G650 1993010822 16.2 -9999 0.0 0.0
C0G650 1993010823 15.4 -9999 0.0 0.0
C0G650 1993010824 14.9 -9999 0.0 0.0
C0G650 1993010901 14.4 -9999 0.0 0.0
C0G650 1993010902 14.1 -9999 0.0 0.0
C0G650 1993010903 15.0 -9999 0.0 0.0
C0G650 1993010904 15.6 -9999 0.0 0.0
C0G650 1993010905 15.4 -9999 1.2 0.0
C0G650 1993010906 13.8 -9999 0.0 0.0
C0G650 1993010907 13.8 -9999 0.1 0.0
C0G650 1993010908 14.2 -9999 0.0 0.0
C0G650 1993010909 16.1 -9999 0.0 0.0
C0G650 1993010910 20.2 -9999 0.7 0.0
C0G650 1993010911 22.2 -9999 1.9 0.0
C0G650 1993010912 -9997 -9999 -9997 0.0
C0G650 1993010913 24.3 -9999 0.7 0.0
C0G650 1993010914 25.3 -9999 0.5 0.0
C0G650 1993010915 23.8 -9999 2.7 0.0
C0G650 1993010916 23.2 -9999 0.6 0.0
C0G650 1993010917 21.9 -9999 0.0 0.0
C0G650 1993010918 20.5 -9999 0.0 0.0
C0G650 1993010919 18.0 -9999 0.0 0.0
C0G650 1993010920 16.8 -9999 0.0 0.0
C0G650 1993010921 16.1 -9999 0.0 0.0
C0G650 1993010922 15.6 -9999 0.0 0.0
C0G650 1993010923 15.1 -9999 0.0 0.0
C0G650 1993010924 14.4 -9999 0.0 0.0
C0G650 1993011001 14.0 -9999 0.0 0.0
C0G650 1993011002 13.6 -9999 0.0 0.0
C0G650 1993011003 13.5 -9999 0.0 0.0
C0G650 1993011004 13.3 -9999 0.0 0.0
C0G650 1993011005 13.0 -9999 0.0 0.0
C0G650 1993011006 12.6 -9999 0.0 0.0
C0G650 1993011007 12.8 -9999 0.0 0.0
C0G650 1993011008 14.0 -9999 0.0 0.0
C0G650 1993011009 20.6 -9999 0.0 0.0
C0G650 1993011010 23.3 -9999 0.0 0.0
C0G650 1993011011 24.9 -9999 0.1 0.0
C0G650 1993011012 27.2 -9999 0.2 0.0
C0G650 1993011013 28.4 -9999 0.2 0.0
C0G650 1993011014 27.1 -9999 1.5 0.0
C0G650 1993011015 27.6 -9999 0.7 0.0
C0G650 1993011016 24.4 -9999 2.5 0.0
C0G650 1993011017 22.6 -9999 2.3 0.0
C0G650 1993011018 21.0 -9999 0.2 0.0
C0G650 1993011019 20.3 -9999 0.1 0.0
C0G650 1993011020 18.8 -9999 0.0 -9996
C0G650 1993011021 17.8 -9999 0.0 -9996
C0G650 1993011022 17.2 -9999 0.0 -9996
C0G650 1993011023 17.7 -9999 0.0 -9996
C0G650 1993011024 16.9 -9999 0.0 -9996
C0G650 1993011101 16.7 -9999 0.0 0.0
C0G650 1993011102 16.4 -9999 0.0 0.0
C0G650 1993011103 16.7 -9999 0.4 0.0
C0G650 1993011104 16.8 -9999 1.5 0.0
C0G650 1993011105 16.9 -9999 0.2 0.0
C0G650 1993011106 17.1 -9999 0.3 0.0
C0G650 1993011107 16.9 -9999 0.1 0.0
C0G650 1993011108 18.1 -9999 1.3 0.0
C0G650 1993011109 20.2 -9999 1.0 0.0
C0G650 1993011110 21.6 -9999 1.3 0.0
C0G650 1993011111 24.7 -9999 0.3 0.0
C0G650 1993011112 25.1 -9999 0.6 0.0
C0G650 1993011113 24.8 -9999 1.3 0.0
C0G650 1993011114 24.7 -9999 1.5 0.0
C0G650 1993011115 23.4 -9999 1.4 0.0
C0G650 1993011116 22.0 -9999 1.3 0.0
C0G650 1993011117 20.8 -9999 0.7 0.0
C0G650 1993011118 19.8 -9999 0.0 0.0
C0G650 1993011119 18.9 -9999 0.1 0.0
C0G650 1993011120 18.5 -9999 0.5 0.0
C0G650 1993011121 18.2 -9999 0.1 0.0
C0G650 1993011122 18.1 -9999 0.1 0.0
C0G650 1993011123 17.5 -9999 0.1 0.0
C0G650 1993011124 17.0 -9999 0.0 0.0
C0G650 1993011201 16.2 -9999 0.0 0.0
C0G650 1993011202 15.4 -9999 0.0 0.0
C0G650 1993011203 15.1 -9999 0.0 0.0
C0G650 1993011204 15.0 -9999 0.0 0.0
C0G650 1993011205 14.2 -9999 0.0 0.0
C0G650 1993011206 14.0 -9999 0.5 0.0
C0G650 1993011207 13.6 -9999 0.0 0.0
C0G650 1993011208 16.3 -9999 0.1 0.0
C0G650 1993011209 18.2 -9999 0.0 0.0
C0G650 1993011210 20.9 -9999 0.2 0.0
C0G650 1993011211 22.7 -9999 0.4 0.0
C0G650 1993011212 24.7 -9999 0.8 0.0
C0G650 1993011213 24.4 -9999 0.8 0.0
C0G650 1993011214 24.5 -9999 0.8 0.0
C0G650 1993011215 24.1 -9999 1.6 0.0
C0G650 1993011216 22.9 -9999 0.6 0.0
C0G650 1993011217 21.1 -9999 1.3 0.0
C0G650 1993011218 20.5 -9999 1.0 0.0
C0G650 1993011219 19.8 -9999 0.5 0.0
C0G650 1993011220 19.5 -9999 0.4 0.0
C0G650 1993011221 18.8 -9999 0.3 0.0
C0G650 1993011222 18.9 -9999 0.0 0.0
C0G650 1993011223 19.0 -9999 0.0 0.0
C0G650 1993011224 18.9 -9999 0.1 0.0
C0G650 1993011301 18.2 -9999 0.0 0.0
C0G650 1993011302 18.0 -9999 0.0 0.0
C0G650 1993011303 18.4 -9999 0.0 0.0
C0G650 1993011304 18.7 -9999 0.0 0.0
C0G650 1993011305 18.9 -9999 0.1 0.0
C0G650 1993011306 18.4 -9999 0.0 0.0
C0G650 1993011307 18.7 -9999 0.0 0.0
C0G650 1993011308 18.9 -9999 0.1 0.0
C0G650 1993011309 19.1 -9999 0.5 0.0
C0G650 1993011310 20.1 -9999 0.6 0.0
C0G650 1993011311 21.5 -9999 1.8 0.0
C0G650 1993011312 23.8 -9999 1.1 0.0
C0G650 1993011313 24.6 -9999 1.0 0.0
C0G650 1993011314 25.7 -9999 0.1 0.0
C0G650 1993011315 24.6 -9999 0.7 0.0
C0G650 1993011316 22.6 -9999 0.1 0.0
C0G650 1993011317 21.0 -9999 0.5 0.0
C0G650 1993011318 20.2 -9999 0.3 0.0
C0G650 1993011319 19.8 -9999 0.1 0.0
C0G650 1993011320 19.9 -9999 0.1 0.0
C0G650 1993011321 19.7 -9999 0.1 0.0
C0G650 1993011322 19.3 -9999 0.0 0.0
C0G650 1993011323 18.9 -9999 0.0 0.0
C0G650 1993011324 18.5 -9999 0.0 0.0
C0G650 1993011401 18.5 -9999 0.0 0.0
C0G650 1993011402 18.2 -9999 0.0 0.0
C0G650 1993011403 18.3 -9999 0.0 0.0
C0G650 1993011404 18.4 -9999 0.4 0.0
C0G650 1993011405 18.7 -9999 0.3 0.0
C0G650 1993011406 18.6 -9999 0.5 0.0
C0G650 1993011407 18.7 -9999 0.3 0.0
C0G650 1993011408 19.5 -9999 0.7 0.0
C0G650 1993011409 21.7 -9999 0.2 0.0
C0G650 1993011410 21.4 -9999 0.0 0.0
C0G650 1993011411 22.5 -9999 0.1 0.0
C0G650 1993011412 23.9 -9999 0.1 0.0
C0G650 1993011413 25.0 -9999 0.1 0.0
C0G650 1993011414 24.9 -9999 0.0 0.0
C0G650 1993011415 23.6 -9999 0.0 0.0
C0G650 1993011416 22.1 -9999 1.0 0.0
C0G650 1993011417 22.7 -9999 0.0 0.0
C0G650 1993011418 21.3 -9999 0.6 0.0
C0G650 1993011419 20.6 -9999 0.2 -9996
C0G650 1993011420 19.1 -9999 2.0 -9996
C0G650 1993011421 18.0 -9999 1.8 0.5
C0G650 1993011422 17.1 -9999 4.0 0.5
C0G650 1993011423 15.6 -9999 3.0 0.5
C0G650 1993011424 14.9 -9999 3.8 -9996
C0G650 1993011501 14.4 -9999 1.5 0.5
C0G650 1993011502 14.9 -9999 0.1 0.0
C0G650 1993011503 14.6 -9999 0.3 0.0
C0G650 1993011504 14.4 -9999 1.6 0.0
C0G650 1993011505 14.7 -9999 0.3 0.0
C0G650 1993011506 14.9 -9999 1.6 0.0
C0G650 1993011507 14.6 -9999 1.3 0.0
C0G650 1993011508 15.1 -9999 0.8 0.0
C0G650 1993011509 16.5 -9999 1.0 0.0
C0G650 1993011510 16.8 -9999 2.7 0.0
C0G650 1993011511 17.5 -9999 2.0 0.0
C0G650 1993011512 16.7 -9999 2.0 0.0
C0G650 1993011513 16.7 -9999 2.7 0.0
C0G650 1993011514 15.4 -9999 4.3 0.0
C0G650 1993011515 13.7 -9999 3.5 0.0
C0G650 1993011516 13.3 -9999 2.8 0.0
C0G650 1993011517 12.4 -9999 2.4 0.0
C0G650 1993011518 12.4 -9999 2.0 0.0
C0G650 1993011519 12.3 -9999 2.2 0.0
C0G650 1993011520 11.5 -9999 1.8 0.0
C0G650 1993011521 11.0 -9999 3.8 0.0
C0G650 1993011522 10.6 -9999 3.7 0.0
C0G650 1993011523 10.7 -9999 1.8 0.0
C0G650 1993011524 10.6 -9999 2.9 0.0
C0G650 1993011601 10.4 -9999 2.1 0.0
C0G650 1993011602 10.1 -9999 2.7 0.0
C0G650 1993011603 10.4 -9999 2.2 0.0
C0G650 1993011604 10.0 -9999 3.4 -9996
C0G650 1993011605 9.2 -9999 2.6 -9996
C0G650 1993011606 -9997 -9999 -9997 2.0
C0G650 1993011607 8.5 -9999 1.7 1.5
C0G650 1993011608 8.3 -9999 2.2 0.5
C0G650 1993011609 8.2 -9999 2.3 0.0
C0G650 1993011610 8.6 -9999 2.8 0.0
C0G650 1993011611 8.2 -9999 2.4 0.0
C0G650 1993011612 8.7 -9999 3.2 0.0
C0G650 1993011613 9.6 -9999 2.1 0.0
C0G650 1993011614 10.1 -9999 2.8 0.0
C0G650 1993011615 10.1 -9999 1.7 0.0
C0G650 1993011616 10.2 -9999 2.6 0.0
C0G650 1993011617 9.4 -9999 2.3 0.0
C0G650 1993011618 8.8 -9999 3.3 0.0
C0G650 1993011619 8.5 -9999 1.7 0.0
C0G650 1993011620 8.0 -9999 1.1 0.0
C0G650 1993011621 7.8 -9999 0.6 0.0
C0G650 1993011622 8.0 -9999 2.5 0.0
C0G650 1993011623 8.5 -9999 1.0 0.0
C0G650 1993011624 8.9 -9999 0.2 0.0
C0G650 1993011701 8.6 -9999 0.4 0.0
C0G650 1993011702 8.4 -9999 0.2 0.0
C0G650 1993011703 8.6 -9999 0.5 0.0
C0G650 1993011704 8.8 -9999 0.2 0.0
C0G650 1993011705 8.9 -9999 0.0 0.0
C0G650 1993011706 8.9 -9999 0.1 0.0
C0G650 1993011707 9.4 -9999 2.5 0.0
C0G650 1993011708 9.8 -9999 0.7 0.0
C0G650 1993011709 10.8 -9999 0.4 0.0
C0G650 1993011710 11.5 -9999 1.2 0.0
C0G650 1993011711 13.3 -9999 1.2 0.0
C0G650 1993011712 15.1 -9999 1.4 0.0
C0G650 1993011713 15.4 -9999 1.2 0.0
C0G650 1993011714 14.6 -9999 1.3 0.0
C0G650 1993011715 14.8 -9999 0.7 0.0
C0G650 1993011716 13.6 -9999 1.8 0.0
C0G650 1993011717 13.2 -9999 1.5 0.0
C0G650 1993011718 12.4 -9999 2.0 0.0
C0G650 1993011719 12.2 -9999 1.6 0.0
C0G650 1993011720 11.9 -9999 2.2 0.0
C0G650 1993011721 11.9 -9999 0.9 0.0
C0G650 1993011722 11.5 -9999 1.0 0.0
C0G650 1993011723 11.4 -9999 1.9 0.0
C0G650 1993011724 11.2 -9999 1.4 0.0
C0G650 1993011801 10.9 -9999 0.7 0.0
C0G650 1993011802 10.6 -9999 1.6 0.0
C0G650 1993011803 10.5 -9999 1.2 0.0
C0G650 1993011804 10.4 -9999 0.5 0.0
C0G650 1993011805 10.5 -9999 1.4 0.0
C0G650 1993011806 10.4 -9999 1.4 -9996
C0G650 1993011807 10.3 -9999 1.1 -9996
C0G650 1993011808 10.4 -9999 1.8 -9996
C0G650 1993011809 10.8 -9999 1.2 -9996
C0G650 1993011810 11.2 -9999 1.5 -9996
C0G650 1993011811 12.7 -9999 0.8 -9996
C0G650 1993011812 12.8 -9999 2.5 -9996
C0G650 1993011813 12.3 -9999 2.1 -9996
C0G650 1993011814 11.9 -9999 1.4 -9996
C0G650 1993011815 12.2 -9999 1.6 -9996
C0G650 1993011816 12.0 -9999 1.4 -9996
C0G650 1993011817 11.1 -9999 1.5 -9996
C0G650 1993011818 10.2 -9999 1.3 0.5
C0G650 1993011819 10.2 -9999 0.8 0.5
C0G650 1993011820 10.2 -9999 2.3 -9996
C0G650 1993011821 10.0 -9999 1.6 -9996
C0G650 1993011822 10.1 -9999 2.1 -9996
C0G650 1993011823 9.8 -9999 1.4 1.5
C0G650 1993011824 9.7 -9999 0.4 0.5
C0G650 1993011901 9.8 -9999 0.3 -9996
C0G650 1993011902 9.9 -9999 0.7 -9996
C0G650 1993011903 10.0 -9999 0.2 -9996
C0G650 1993011904 10.0 -9999 0.1 -9996
C0G650 1993011905 10.1 -9999 0.6 -9996
C0G650 1993011906 9.8 -9999 1.6 -9996
C0G650 1993011907 9.4 -9999 3.5 -9996
C0G650 1993011908 10.2 -9999 1.7 -9996
C0G650 1993011909 11.7 -9999 1.4 -9996
C0G650 1993011910 14.0 -9999 0.8 0.5
C0G650 1993011911 15.9 -9999 0.9 0.0
C0G650 1993011912 17.2 -9999 2.6 0.0
C0G650 1993011913 17.5 -9999 1.6 0.0
C0G650 1993011914 17.6 -9999 2.4 0.0
C0G650 1993011915 17.9 -9999 0.8 0.0
C0G650 1993011916 15.3 -9999 2.4 0.0
C0G650 1993011917 14.8 -9999 1.1 0.0
C0G650 1993011918 13.0 -9999 1.0 0.0
C0G650 1993011919 12.4 -9999 0.1 0.0
C0G650 1993011920 12.2 -9999 0.4 0.0
C0G650 1993011921 11.7 -9999 0.0 0.0
C0G650 1993011922 11.2 -9999 0.0 0.0
C0G650 1993011923 12.0 -9999 0.0 0.0
C0G650 1993011924 12.1 -9999 0.7 0.0
C0G650 1993012001 -9997 -9999 -9997 0.0
C0G650 1993012002 -9997 -9999 -9997 0.0
C0G650 1993012003 10.7 -9999 0.0 0.0
C0G650 1993012004 10.0 -9999 0.0 0.0
C0G650 1993012005 9.3 -9999 0.0 0.0
C0G650 1993012006 8.8 -9999 0.0 0.0
C0G650 1993012007 9.3 -9999 0.0 0.0
C0G650 1993012008 12.3 -9999 1.2 0.0
C0G650 1993012009 14.2 -9999 1.7 0.0
C0G650 1993012010 16.7 -9999 0.4 0.0
C0G650 1993012011 18.4 -9999 2.2 0.0
C0G650 1993012012 20.3 -9999 0.4 0.0
C0G650 1993012013 20.4 -9999 1.2 0.0
C0G650 1993012014 19.0 -9999 2.2 0.0
C0G650 1993012015 18.7 -9999 2.5 0.0
C0G650 1993012016 17.8 -9999 1.4 0.0
C0G650 1993012017 16.1 -9999 2.2 0.0
C0G650 1993012018 14.5 -9999 1.0 0.0
C0G650 1993012019 13.6 -9999 0.2 0.0
C0G650 1993012020 13.3 -9999 0.9 0.0
C0G650 1993012021 13.0 -9999 0.2 0.0
C0G650 1993012022 12.5 -9999 0.7 0.0
C0G650 1993012023 -9997 -9999 -9997 0.0
C0G650 1993012024 11.5 -9999 0.0 0.0
C0G650 1993012101 10.8 -9999 0.0 0.0
C0G650 1993012102 10.5 -9999 0.0 0.0
C0G650 1993012103 11.3 -9999 0.9 0.0
C0G650 1993012104 12.4 -9999 1.6 0.0
C0G650 1993012105 12.2 -9999 0.4 0.0
C0G650 1993012106 12.2 -9999 0.2 0.0
C0G650 1993012107 11.8 -9999 0.2 0.0
C0G650 1993012108 13.3 -9999 1.6 0.0
C0G650 1993012109 14.5 -9999 1.0 0.0
C0G650 1993012110 15.4 -9999 1.6 0.0
C0G650 1993012111 16.1 -9999 3.3 0.0
C0G650 1993012112 17.6 -9999 1.8 0.0
C0G650 1993012113 -9997 -9999 2.0 0.0
C0G650 1993012114 19.2 -9999 2.7 0.0
C0G650 1993012115 18.4 -9999 2.9 0.0
C0G650 1993012116 17.3 -9999 2.3 0.0
C0G650 1993012117 15.9 -9999 2.8 0.0
C0G650 1993012118 14.6 -9999 2.1 0.0
C0G650 1993012119 13.7 -9999 0.9 0.0
C0G650 1993012120 13.8 -9999 0.7 0.0
C0G650 1993012121 13.3 -9999 1.3 0.0
C0G650 1993012122 13.1 -9999 1.4 0.0
C0G650 1993012123 12.4 -9999 0.0 0.0
C0G650 1993012124 11.6 -9999 0.0 0.0
C0G650 1993012201 11.1 -9999 0.0 0.0
C0G650 1993012202 11.3 -9999 0.2 0.0
C0G650 1993012203 11.3 -9999 0.0 0.0
C0G650 1993012204 11.9 -9999 0.2 0.0
C0G650 1993012205 11.9 -9999 0.2 0.0
C0G650 1993012206 12.0 -9999 0.1 0.0
C0G650 1993012207 11.8 -9999 0.4 0.0
C0G650 1993012208 12.8 -9999 0.0 0.0
C0G650 1993012209 13.9 -9999 1.3 0.0
C0G650 1993012210 15.7 -9999 0.5 0.0
C0G650 1993012211 17.4 -9999 0.3 0.0
C0G650 1993012212 19.2 -9999 0.8 0.0
C0G650 1993012213 19.9 -9999 1.7 0.0
C0G650 1993012214 19.9 -9999 1.6 0.0
C0G650 1993012215 19.0 -9999 3.2 0.0
C0G650 1993012216 18.2 -9999 1.9 0.0
C0G650 1993012217 16.5 -9999 0.6 0.0
C0G650 1993012218 16.8 -9999 1.9 0.0
C0G650 1993012219 15.0 -9999 1.6 0.0
C0G650 1993012220 14.7 -9999 0.3 0.0
C0G650 1993012221 14.5 -9999 0.5 0.0
C0G650 1993012222 14.5 -9999 2.1 0.0
C0G650 1993012223 13.8 -9999 0.0 0.0
C0G650 1993012224 13.4 -9999 0.0 0.0
C0G650 1993012301 13.5 -9999 0.0 0.0
C0G650 1993012302 13.3 -9999 0.0 0.0
C0G650 1993012303 12.9 -9999 0.0 0.0
C0G650 1993012304 13.1 -9999 0.1 0.0
C0G650 1993012305 13.7 -9999 0.0 0.0
C0G650 1993012306 12.8 -9999 0.0 0.0
C0G650 1993012307 12.9 -9999 0.0 0.0
C0G650 1993012308 13.9 -9999 0.3 0.0
C0G650 1993012309 14.8 -9999 0.3 0.0
C0G650 1993012310 15.6 -9999 0.5 0.0
C0G650 1993012311 16.2 -9999 0.5 0.0
C0G650 1993012312 17.0 -9999 1.4 0.0
C0G650 1993012313 17.4 -9999 1.9 0.0
C0G650 1993012314 16.7 -9999 2.7 0.0
C0G650 1993012315 15.4 -9999 1.5 0.0
C0G650 1993012316 15.2 -9999 1.8 0.0
C0G650 1993012317 14.9 -9999 1.1 0.0
C0G650 1993012318 14.5 -9999 1.0 0.0
C0G650 1993012319 14.2 -9999 1.7 0.0
C0G650 1993012320 14.0 -9999 2.8 0.0
C0G650 1993012321 14.0 -9999 2.2 0.0
C0G650 1993012322 13.7 -9999 2.7 0.0
C0G650 1993012323 13.5 -9999 2.1 0.0
C0G650 1993012324 13.0 -9999 0.2 -9996
C0G650 1993012401 12.6 -9999 1.0 1.5
C0G650 1993012402 12.9 -9999 0.1 0.0
C0G650 1993012403 12.7 -9999 0.3 0.0
C0G650 1993012404 12.8 -9999 1.9 0.0
C0G650 1993012405 12.7 -9999 2.2 0.0
C0G650 1993012406 12.6 -9999 0.9 0.0
C0G650 1993012407 12.4 -9999 1.1 0.0
C0G650 1993012408 12.6 -9999 1.8 0.0
C0G650 1993012409 13.2 -9999 0.0 0.0
C0G650 1993012410 13.5 -9999 1.1 0.0
C0G650 1993012411 13.5 -9999 2.2 0.0
C0G650 1993012412 13.5 -9999 2.6 0.0
C0G650 1993012413 13.3 -9999 2.4 0.0
C0G650 1993012414 13.3 -9999 2.8 0.0
C0G650 1993012415 12.7 -9999 3.1 0.0
C0G650 1993012416 12.5 -9999 2.7 0.0
C0G650 1993012417 11.9 -9999 2.5 0.0
C0G650 1993012418 11.4 -9999 2.5 0.0
C0G650 1993012419 11.3 -9999 3.0 0.0
C0G650 1993012420 11.4 -9999 1.8 0.0
C0G650 1993012421 11.3 -9999 2.8 0.0
C0G650 1993012422 11.3 -9999 1.7 0.0
C0G650 1993012423 10.9 -9999 1.7 0.0
C0G650 1993012424 10.7 -9999 1.1 0.0
C0G650 1993012501 10.9 -9999 1.2 0.0
C0G650 1993012502 11.2 -9999 0.4 0.0
C0G650 1993012503 11.4 -9999 0.0 0.0
C0G650 1993012504 11.5 -9999 0.1 0.0
C0G650 1993012505 11.6 -9999 1.1 0.0
C0G650 1993012506 11.3 -9999 2.5 0.0
C0G650 1993012507 10.9 -9999 3.1 0.0
C0G650 1993012508 10.8 -9999 3.1 0.0
C0G650 1993012509 11.1 -9999 2.6 0.0
C0G650 1993012510 11.3 -9999 2.1 0.0
C0G650 1993012511 12.5 -9999 3.2 0.0
C0G650 1993012512 13.4 -9999 2.4 0.0
C0G650 1993012513 12.6 -9999 3.5 0.0
C0G650 1993012514 13.9 -9999 1.2 0.0
C0G650 1993012515 14.3 -9999 2.2 0.0
C0G650 1993012516 13.5 -9999 2.6 0.0
C0G650 1993012517 12.2 -9999 2.3 0.0
C0G650 1993012518 11.5 -9999 1.5 0.0
C0G650 1993012519 11.0 -9999 1.1 0.0
C0G650 1993012520 10.3 -9999 1.5 0.0
C0G650 1993012521 9.7 -9999 0.0 0.0
C0G650 1993012522 9.7 -9999 0.1 0.0
C0G650 1993012523 9.6 -9999 1.0 0.0
C0G650 1993012524 8.4 -9999 0.0 0.0
C0G650 1993012601 9.1 -9999 0.2 0.0
C0G650 1993012602 7.4 -9999 0.0 0.0
C0G650 1993012603 7.4 -9999 0.0 0.0
C0G650 1993012604 8.2 -9999 0.0 0.0
C0G650 1993012605 8.3 -9999 1.1 0.0
C0G650 1993012606 8.4 -9999 1.5 0.0
C0G650 1993012607 8.5 -9999 0.4 0.0
C0G650 1993012608 10.1 -9999 0.6 0.0
C0G650 1993012609 12.2 -9999 0.1 0.0
C0G650 1993012610 15.3 -9999 2.0 0.0
C0G650 1993012611 17.1 -9999 1.6 0.0
C0G650 1993012612 19.5 -9999 0.2 0.0
C0G650 1993012613 20.4 -9999 0.9 0.0
C0G650 1993012614 18.6 -9999 3.2 0.0
C0G650 1993012615 18.1 -9999 2.3 0.0
C0G650 1993012616 17.3 -9999 1.7 0.0
C0G650 1993012617 16.0 -9999 2.4 0.0
C0G650 1993012618 15.1 -9999 1.4 0.0
C0G650 1993012619 14.5 -9999 0.8 0.0
C0G650 1993012620 13.9 -9999 0.0 0.0
C0G650 1993012621 13.9 -9999 0.8 0.0
C0G650 1993012622 13.7 -9999 0.1 0.0
C0G650 1993012623 13.4 -9999 0.4 0.0
C0G650 1993012624 13.1 -9999 0.0 0.0
C0G650 1993012701 13.4 -9999 1.6 0.0
C0G650 1993012702 13.5 -9999 0.6 0.0
C0G650 1993012703 13.2 -9999 1.4 0.0
C0G650 1993012704 13.1 -9999 3.1 0.0
C0G650 1993012705 13.0 -9999 2.8 0.0
C0G650 1993012706 12.4 -9999 4.3 0.0
C0G650 1993012707 11.8 -9999 3.9 0.0
C0G650 1993012708 11.7 -9999 3.6 0.0
C0G650 1993012709 12.6 -9999 2.2 0.0
C0G650 1993012710 14.1 -9999 2.1 0.0
C0G650 1993012711 15.4 -9999 2.2 0.0
C0G650 1993012712 15.7 -9999 5.5 0.0
C0G650 1993012713 16.6 -9999 3.4 0.0
C0G650 1993012714 16.2 -9999 5.1 0.0
C0G650 1993012715 16.0 -9999 3.3 0.0
C0G650 1993012716 15.9 -9999 4.9 0.0
C0G650 1993012717 14.4 -9999 4.0 0.0
C0G650 1993012718 12.5 -9999 4.7 0.0
C0G650 1993012719 12.2 -9999 4.2 0.0
C0G650 1993012720 12.7 -9999 3.9 -9996
C0G650 1993012721 12.5 -9999 4.2 -9996
C0G650 1993012722 12.2 -9999 3.7 -9996
C0G650 1993012723 11.4 -9999 3.5 -9996
C0G650 1993012724 11.0 -9999 4.3 -9996
C0G650 1993012801 10.5 -9999 3.3 0.0
C0G650 1993012802 10.1 -9999 2.0 0.0
C0G650 1993012803 9.8 -9999 0.9 0.0
C0G650 1993012804 9.8 -9999 1.2 0.0
C0G650 1993012805 9.0 -9999 0.8 0.0
C0G650 1993012806 8.9 -9999 1.2 0.0
C0G650 1993012807 8.8 -9999 2.6 0.0
C0G650 1993012808 9.1 -9999 1.3 0.0
C0G650 1993012809 10.3 -9999 1.7 0.0
C0G650 1993012810 12.3 -9999 2.1 0.0
C0G650 1993012811 14.0 -9999 3.4 0.0
C0G650 1993012812 15.1 -9999 3.1 0.0
C0G650 1993012813 15.6 -9999 4.3 0.0
C0G650 1993012814 16.7 -9999 2.1 0.0
C0G650 1993012815 15.9 -9999 3.3 0.0
C0G650 1993012816 15.5 -9999 2.0 0.0
C0G650 1993012817 13.8 -9999 2.5 0.0
C0G650 1993012818 12.3 -9999 1.5 0.0
C0G650 1993012819 11.1 -9999 1.4 0.0
C0G650 1993012820 10.5 -9999 0.2 0.0
C0G650 1993012821 10.4 -9999 0.0 0.0
C0G650 1993012822 9.6 -9999 0.3 0.0
C0G650 1993012823 9.6 -9999 0.1 0.0
C0G650 1993012824 9.4 -9999 0.2 0.0
C0G650 1993012901 8.9 -9999 0.0 0.0
C0G650 1993012902 7.5 -9999 0.0 0.0
C0G650 1993012903 6.7 -9999 0.0 0.0
C0G650 1993012904 6.4 -9999 0.0 0.0
C0G650 1993012905 6.0 -9999 0.0 0.0
C0G650 1993012906 5.7 -9999 0.0 0.0
C0G650 1993012907 5.8 -9999 0.0 0.0
C0G650 1993012908 8.0 -9999 0.0 0.0
C0G650 1993012909 12.3 -9999 0.0 0.0
C0G650 1993012910 15.6 -9999 0.0 0.0
C0G650 1993012911 -9997 -9999 -9997 0.0
C0G650 1993012912 -9997 -9999 -9997 0.0
C0G650 1993012913 -9997 -9999 -9997 0.0
C0G650 1993012914 -9997 -9999 -9997 0.0
C0G650 1993012915 -9997 -9999 -9997 0.0
C0G650 1993012916 -9997 -9999 -9997 0.0
C0G650 1993012917 -9997 -9999 -9997 0.0
C0G650 1993012918 -9997 -9999 -9997 0.0
C0G650 1993012919 -9997 -9999 -9997 0.0
C0G650 1993012920 -9997 -9999 -9997 0.0
C0G650 1993012921 -9997 -9999 -9997 0.0
C0G650 1993012922 -9997 -9999 -9997 0.0
C0G650 1993012923 -9997 -9999 -9997 0.0
C0G650 1993012924 -9997 -9999 -9997 0.0
C0G650 1993013001 -9997 -9999 -9997 0.0
C0G650 1993013002 -9997 -9999 -9997 0.0
C0G650 1993013003 -9997 -9999 -9997 0.0
C0G650 1993013004 -9997 -9999 -9997 0.0
C0G650 1993013005 -9997 -9999 -9997 0.0
C0G650 1993013006 -9997 -9999 -9997 0.0
C0G650 1993013007 -9997 -9999 -9997 0.0
C0G650 1993013008 -9997 -9999 -9997 0.0
C0G650 1993013009 -9997 -9999 -9997 0.0
C0G650 1993013010 -9997 -9999 -9997 0.0
C0G650 1993013011 -9997 -9999 -9997 0.0
C0G650 1993013012 -9997 -9999 -9997 0.0
C0G650 1993013013 -9997 -9999 -9997 0.0
C0G650 1993013014 -9997 -9999 -9997 0.0
C0G650 1993013015 -9997 -9999 -9997 0.0
C0G650 1993013016 -9997 -9999 -9997 0.0
C0G650 1993013017 -9997 -9999 -9997 0.0
C0G650 1993013018 -9997 -9999 -9997 0.0
C0G650 1993013019 -9997 -9999 -9997 0.0
C0G650 1993013020 -9997 -9999 -9997 0.0
C0G650 1993013021 -9997 -9999 -9997 0.0
C0G650 1993013022 -9997 -9999 -9997 0.0
C0G650 1993013023 -9997 -9999 -9997 0.0
C0G650 1993013024 -9997 -9999 -9997 0.0
C0G650 1993013101 -9997 -9999 -9997 0.0
C0G650 1993013102 -9997 -9999 -9997 0.0
C0G650 1993013103 -9997 -9999 -9997 0.0
C0G650 1993013104 -9997 -9999 -9997 0.0
C0G650 1993013105 -9997 -9999 -9997 0.0
C0G650 1993013106 -9997 -9999 -9997 0.0
C0G650 1993013107 -9997 -9999 -9997 0.0
C0G650 1993013108 -9997 -9999 -9997 0.0
C0G650 1993013109 -9997 -9999 -9997 0.0
C0G650 1993013110 -9997 -9999 -9997 0.0
C0G650 1993013111 -9997 -9999 -9997 0.0
C0G650 1993013112 -9997 -9999 -9997 0.0
C0G650 1993013113 -9997 -9999 -9997 0.0
C0G650 1993013114 -9997 -9999 -9997 0.0
C0G650 1993013115 -9997 -9999 -9997 0.0
C0G650 1993013116 -9997 -9999 -9997 0.0
C0G650 1993013117 -9997 -9999 -9997 0.0
C0G650 1993013118 -9997 -9999 -9997 0.0
C0G650 1993013119 -9997 -9999 -9997 0.0
C0G650 1993013120 -9997 -9999 -9997 0.0
C0G650 1993013121 -9997 -9999 -9997 0.0
C0G650 1993013122 -9997 -9999 -9997 0.0
C0G650 1993013123 -9997 -9999 -9997 0.0
C0G650 1993013124 -9997 -9999 -9997 0.0
C0G660 1993010101 -9999 -9999 -9999 0.0
C0G660 1993010102 -9999 -9999 -9999 0.0
C0G660 1993010103 -9999 -9999 -9999 0.0
C0G660 1993010104 -9999 -9999 -9999 0.0
C0G660 1993010105 -9999 -9999 -9999 0.0
C0G660 1993010106 -9999 -9999 -9999 0.0
C0G660 1993010107 -9999 -9999 -9999 0.0
C0G660 1993010108 -9999 -9999 -9999 0.0
C0G660 1993010109 -9999 -9999 -9999 0.0
C0G660 1993010110 -9999 -9999 -9999 0.0
C0G660 1993010111 -9999 -9999 -9999 0.0
C0G660 1993010112 -9999 -9999 -9999 0.0
C0G660 1993010113 -9999 -9999 -9999 0.0
C0G660 1993010114 -9999 -9999 -9999 0.0
C0G660 1993010115 -9999 -9999 -9999 0.0
C0G660 1993010116 -9999 -9999 -9999 0.0
C0G660 1993010117 -9999 -9999 -9999 0.0
C0G660 1993010118 -9999 -9999 -9999 0.0
C0G660 1993010119 -9999 -9999 -9999 0.0
C0G660 1993010120 -9999 -9999 -9999 -9996
C0G660 1993010121 -9999 -9999 -9999 -9996
C0G660 1993010122 -9999 -9999 -9999 -9996
C0G660 1993010123 -9999 -9999 -9999 -9996
C0G660 1993010124 -9999 -9999 -9999 -9996
C0G660 1993010201 -9999 -9999 -9999 0.0
C0G660 1993010202 -9999 -9999 -9999 0.0
C0G660 1993010203 -9999 -9999 -9999 0.0
C0G660 1993010204 -9999 -9999 -9999 0.0
C0G660 1993010205 -9999 -9999 -9999 0.0
C0G660 1993010206 -9999 -9999 -9999 0.0
C0G660 1993010207 -9999 -9999 -9999 0.0
C0G660 1993010208 -9999 -9999 -9999 0.0
C0G660 1993010209 -9999 -9999 -9999 0.0
C0G660 1993010210 -9999 -9999 -9999 0.0
C0G660 1993010211 -9999 -9999 -9999 0.0
C0G660 1993010212 -9999 -9999 -9999 0.0
C0G660 1993010213 -9999 -9999 -9999 0.0
C0G660 1993010214 -9999 -9999 -9999 0.0
C0G660 1993010215 -9999 -9999 -9999 0.0
C0G660 1993010216 -9999 -9999 -9999 0.0
C0G660 1993010217 -9999 -9999 -9999 0.0
C0G660 1993010218 -9999 -9999 -9999 0.0
C0G660 1993010219 -9999 -9999 -9999 0.0
C0G660 1993010220 -9999 -9999 -9999 0.0
C0G660 1993010221 -9999 -9999 -9999 0.0
C0G660 1993010222 -9999 -9999 -9999 0.0
C0G660 1993010223 -9999 -9999 -9999 0.0
C0G660 1993010224 -9999 -9999 -9999 0.0
C0G660 1993010301 -9999 -9999 -9999 0.0
C0G660 1993010302 -9999 -9999 -9999 0.0
C0G660 1993010303 -9999 -9999 -9999 0.0
C0G660 1993010304 -9999 -9999 -9999 0.0
C0G660 1993010305 -9999 -9999 -9999 0.0
C0G660 1993010306 -9999 -9999 -9999 0.0
C0G660 1993010307 -9999 -9999 -9999 0.0
C0G660 1993010308 -9999 -9999 -9999 0.0
C0G660 1993010309 -9999 -9999 -9999 0.0
C0G660 1993010310 -9999 -9999 -9999 0.0
C0G660 1993010311 -9999 -9999 -9999 0.0
C0G660 1993010312 -9999 -9999 -9999 0.0
C0G660 1993010313 -9999 -9999 -9999 0.0
C0G660 1993010314 -9999 -9999 -9999 0.0
C0G660 1993010315 -9999 -9999 -9999 0.0
C0G660 1993010316 -9999 -9999 -9999 0.0
C0G660 1993010317 -9999 -9999 -9999 0.0
C0G660 1993010318 -9999 -9999 -9999 0.0
C0G660 1993010319 -9999 -9999 -9999 0.0
C0G660 1993010320 -9999 -9999 -9999 0.0
C0G660 1993010321 -9999 -9999 -9999 0.0
C0G660 1993010322 -9999 -9999 -9999 0.0
C0G660 1993010323 -9999 -9999 -9999 0.0
C0G660 1993010324 -9999 -9999 -9999 0.0
C0G660 1993010401 -9999 -9999 -9999 0.0
C0G660 1993010402 -9999 -9999 -9999 0.0
C0G660 1993010403 -9999 -9999 -9999 0.0
C0G660 1993010404 -9999 -9999 -9999 0.0
C0G660 1993010405 -9999 -9999 -9999 0.0
C0G660 1993010406 -9999 -9999 -9999 0.0
C0G660 1993010407 -9999 -9999 -9999 0.0
C0G660 1993010408 -9999 -9999 -9999 0.0
C0G660 1993010409 -9999 -9999 -9999 0.0
C0G660 1993010410 -9999 -9999 -9999 0.0
C0G660 1993010411 -9999 -9999 -9999 0.0
C0G660 1993010412 -9999 -9999 -9999 0.0
C0G660 1993010413 -9999 -9999 -9999 0.0
C0G660 1993010414 -9999 -9999 -9999 0.0
C0G660 1993010415 -9999 -9999 -9999 0.0
C0G660 1993010416 -9999 -9999 -9999 0.0
C0G660 1993010417 -9999 -9999 -9999 0.0
C0G660 1993010418 -9999 -9999 -9999 0.0
C0G660 1993010419 -9999 -9999 -9999 0.0
C0G660 1993010420 -9999 -9999 -9999 0.0
C0G660 1993010421 -9999 -9999 -9999 0.0
C0G660 1993010422 -9999 -9999 -9999 0.0
C0G660 1993010423 -9999 -9999 -9999 0.0
C0G660 1993010424 -9999 -9999 -9999 0.0
C0G660 1993010501 -9999 -9999 -9999 0.0
C0G660 1993010502 -9999 -9999 -9999 0.0
C0G660 1993010503 -9999 -9999 -9999 0.0
C0G660 1993010504 -9999 -9999 -9999 0.0
C0G660 1993010505 -9999 -9999 -9999 0.0
C0G660 1993010506 -9999 -9999 -9999 0.0
C0G660 1993010507 -9999 -9999 -9999 0.0
C0G660 1993010508 -9999 -9999 -9999 0.0
C0G660 1993010509 -9999 -9999 -9999 0.0
C0G660 1993010510 -9999 -9999 -9999 0.0
C0G660 1993010511 -9999 -9999 -9999 0.0
C0G660 1993010512 -9999 -9999 -9999 0.0
C0G660 1993010513 -9999 -9999 -9999 0.0
C0G660 1993010514 -9999 -9999 -9999 0.0
C0G660 1993010515 -9999 -9999 -9999 0.0
C0G660 1993010516 -9999 -9999 -9999 0.0
C0G660 1993010517 -9999 -9999 -9999 0.0
C0G660 1993010518 -9999 -9999 -9999 0.0
C0G660 1993010519 -9999 -9999 -9999 0.0
C0G660 1993010520 -9999 -9999 -9999 0.0
C0G660 1993010521 -9999 -9999 -9999 0.0
C0G660 1993010522 -9999 -9999 -9999 0.0
C0G660 1993010523 -9999 -9999 -9999 0.0
C0G660 1993010524 -9999 -9999 -9999 0.0
C0G660 1993010601 -9999 -9999 -9999 0.0
C0G660 1993010602 -9999 -9999 -9999 0.0
C0G660 1993010603 -9999 -9999 -9999 0.0
C0G660 1993010604 -9999 -9999 -9999 0.0
C0G660 1993010605 -9999 -9999 -9999 0.0
C0G660 1993010606 -9999 -9999 -9999 0.0
C0G660 1993010607 -9999 -9999 -9999 0.0
C0G660 1993010608 -9999 -9999 -9999 0.0
C0G660 1993010609 -9999 -9999 -9999 0.0
C0G660 1993010610 -9999 -9999 -9999 0.0
C0G660 1993010611 -9999 -9999 -9999 0.0
C0G660 1993010612 -9999 -9999 -9999 0.0
C0G660 1993010613 -9999 -9999 -9999 0.0
C0G660 1993010614 -9999 -9999 -9999 0.0
C0G660 1993010615 -9999 -9999 -9999 0.0
C0G660 1993010616 -9999 -9999 -9999 0.0
C0G660 1993010617 -9999 -9999 -9999 0.0
C0G660 1993010618 -9999 -9999 -9999 0.0
C0G660 1993010619 -9999 -9999 -9999 0.0
C0G660 1993010620 -9999 -9999 -9999 0.0
C0G660 1993010621 -9999 -9999 -9999 0.0
C0G660 1993010622 -9999 -9999 -9999 0.0
C0G660 1993010623 -9999 -9999 -9999 0.0
C0G660 1993010624 -9999 -9999 -9999 0.0
C0G660 1993010701 -9999 -9999 -9999 0.0
C0G660 1993010702 -9999 -9999 -9999 0.0
C0G660 1993010703 -9999 -9999 -9999 0.0
C0G660 1993010704 -9999 -9999 -9999 0.0
C0G660 1993010705 -9999 -9999 -9999 0.0
C0G660 1993010706 -9999 -9999 -9999 0.0
C0G660 1993010707 -9999 -9999 -9999 0.0
C0G660 1993010708 -9999 -9999 -9999 0.0
C0G660 1993010709 -9999 -9999 -9999 0.0
C0G660 1993010710 -9999 -9999 -9999 0.0
C0G660 1993010711 -9999 -9999 -9999 0.0
C0G660 1993010712 -9999 -9999 -9999 0.0
C0G660 1993010713 -9999 -9999 -9999 0.0
C0G660 1993010714 -9999 -9999 -9999 0.0
C0G660 1993010715 -9999 -9999 -9999 0.0
C0G660 1993010716 -9999 -9999 -9999 0.0
C0G660 1993010717 -9999 -9999 -9999 0.0
C0G660 1993010718 -9999 -9999 -9999 0.0
C0G660 1993010719 -9999 -9999 -9999 0.0
C0G660 1993010720 -9999 -9999 -9999 0.0
C0G660 1993010721 -9999 -9999 -9999 0.0
C0G660 1993010722 -9999 -9999 -9999 0.0
C0G660 1993010723 -9999 -9999 -9999 0.0
C0G660 1993010724 -9999 -9999 -9999 0.0
C0G660 1993010801 -9999 -9999 -9999 0.0
C0G660 1993010802 -9999 -9999 -9999 0.0
C0G660 1993010803 -9999 -9999 -9999 0.0
C0G660 1993010804 -9999 -9999 -9999 0.0
C0G660 1993010805 -9999 -9999 -9999 0.0
C0G660 1993010806 -9999 -9999 -9999 0.0
C0G660 1993010807 -9999 -9999 -9999 0.0
C0G660 1993010808 -9999 -9999 -9999 0.0
C0G660 1993010809 -9999 -9999 -9999 0.0
C0G660 1993010810 -9999 -9999 -9999 0.0
C0G660 1993010811 -9999 -9999 -9999 0.0
C0G660 1993010812 -9999 -9999 -9999 0.0
C0G660 1993010813 -9999 -9999 -9999 0.0
C0G660 1993010814 -9999 -9999 -9999 0.0
C0G660 1993010815 -9999 -9999 -9999 0.0
C0G660 1993010816 -9999 -9999 -9999 0.0
C0G660 1993010817 -9999 -9999 -9999 0.0
C0G660 1993010818 -9999 -9999 -9999 0.0
C0G660 1993010819 -9999 -9999 -9999 0.0
C0G660 1993010820 -9999 -9999 -9999 0.0
C0G660 1993010821 -9999 -9999 -9999 0.0
C0G660 1993010822 -9999 -9999 -9999 0.0
C0G660 1993010823 -9999 -9999 -9999 0.0
C0G660 1993010824 -9999 -9999 -9999 0.0
C0G660 1993010901 -9999 -9999 -9999 0.0
C0G660 1993010902 -9999 -9999 -9999 0.0
C0G660 1993010903 -9999 -9999 -9999 0.0
C0G660 1993010904 -9999 -9999 -9999 0.0
C0G660 1993010905 -9999 -9999 -9999 0.0
C0G660 1993010906 -9999 -9999 -9999 0.0
C0G660 1993010907 -9999 -9999 -9999 0.0
C0G660 1993010908 -9999 -9999 -9999 0.0
C0G660 1993010909 -9999 -9999 -9999 0.0
C0G660 1993010910 -9999 -9999 -9999 0.0
C0G660 1993010911 -9999 -9999 -9999 0.0
C0G660 1993010912 -9999 -9999 -9999 0.0
C0G660 1993010913 -9999 -9999 -9999 0.0
C0G660 1993010914 -9999 -9999 -9999 0.0
C0G660 1993010915 -9999 -9999 -9999 0.0
C0G660 1993010916 -9999 -9999 -9999 0.0
C0G660 1993010917 -9999 -9999 -9999 0.0
C0G660 1993010918 -9999 -9999 -9999 0.0
C0G660 1993010919 -9999 -9999 -9999 0.0
C0G660 1993010920 -9999 -9999 -9999 0.0
C0G660 1993010921 -9999 -9999 -9999 0.0
C0G660 1993010922 -9999 -9999 -9999 0.0
C0G660 1993010923 -9999 -9999 -9999 0.0
C0G660 1993010924 -9999 -9999 -9999 0.0
C0G660 1993011001 -9999 -9999 -9999 0.0
C0G660 1993011002 -9999 -9999 -9999 0.0
C0G660 1993011003 -9999 -9999 -9999 0.0
C0G660 1993011004 -9999 -9999 -9999 0.0
C0G660 1993011005 -9999 -9999 -9999 0.0
C0G660 1993011006 -9999 -9999 -9999 0.0
C0G660 1993011007 -9999 -9999 -9999 0.0
C0G660 1993011008 -9999 -9999 -9999 0.0
C0G660 1993011009 -9999 -9999 -9999 0.0
C0G660 1993011010 -9999 -9999 -9999 0.0
C0G660 1993011011 -9999 -9999 -9999 0.0
C0G660 1993011012 -9999 -9999 -9999 0.0
C0G660 1993011013 -9999 -9999 -9999 0.0
C0G660 1993011014 -9999 -9999 -9999 0.0
C0G660 1993011015 -9999 -9999 -9999 0.0
C0G660 1993011016 -9999 -9999 -9999 0.0
C0G660 1993011017 -9999 -9999 -9999 0.0
C0G660 1993011018 -9999 -9999 -9999 0.0
C0G660 1993011019 -9999 -9999 -9999 0.0
C0G660 1993011020 -9999 -9999 -9999 0.0
C0G660 1993011021 -9999 -9999 -9999 0.0
C0G660 1993011022 -9999 -9999 -9999 0.0
C0G660 1993011023 -9999 -9999 -9999 0.0
C0G660 1993011024 -9999 -9999 -9999 0.0
C0G660 1993011101 -9999 -9999 -9999 0.0
C0G660 1993011102 -9999 -9999 -9999 0.0
C0G660 1993011103 -9999 -9999 -9999 0.0
C0G660 1993011104 -9999 -9999 -9999 0.0
C0G660 1993011105 -9999 -9999 -9999 0.0
C0G660 1993011106 -9999 -9999 -9999 0.0
C0G660 1993011107 -9999 -9999 -9999 0.0
C0G660 1993011108 -9999 -9999 -9999 0.0
C0G660 1993011109 -9999 -9999 -9999 0.0
C0G660 1993011110 -9999 -9999 -9999 0.0
C0G660 1993011111 -9999 -9999 -9999 0.0
C0G660 1993011112 -9999 -9999 -9999 0.0
C0G660 1993011113 -9999 -9999 -9999 0.0
C0G660 1993011114 -9999 -9999 -9999 0.0
C0G660 1993011115 -9999 -9999 -9999 0.0
C0G660 1993011116 -9999 -9999 -9999 0.0
C0G660 1993011117 -9999 -9999 -9999 0.0
C0G660 1993011118 -9999 -9999 -9999 0.0
C0G660 1993011119 -9999 -9999 -9999 0.0
C0G660 1993011120 -9999 -9999 -9999 0.0
C0G660 1993011121 -9999 -9999 -9999 0.0
C0G660 1993011122 -9999 -9999 -9999 0.0
C0G660 1993011123 -9999 -9999 -9999 0.0
C0G660 1993011124 -9999 -9999 -9999 0.0
C0G660 1993011201 -9999 -9999 -9999 0.0
C0G660 1993011202 -9999 -9999 -9999 0.0
C0G660 1993011203 -9999 -9999 -9999 0.0
C0G660 1993011204 -9999 -9999 -9999 0.0
C0G660 1993011205 -9999 -9999 -9999 0.0
C0G660 1993011206 -9999 -9999 -9999 0.0
C0G660 1993011207 -9999 -9999 -9999 0.0
C0G660 1993011208 -9999 -9999 -9999 0.0
C0G660 1993011209 -9999 -9999 -9999 0.0
C0G660 1993011210 -9999 -9999 -9999 0.0
C0G660 1993011211 -9999 -9999 -9999 0.0
C0G660 1993011212 -9999 -9999 -9999 0.0
C0G660 1993011213 -9999 -9999 -9999 0.0
C0G660 1993011214 -9999 -9999 -9999 0.0
C0G660 1993011215 -9999 -9999 -9999 0.0
C0G660 1993011216 -9999 -9999 -9999 0.0
C0G660 1993011217 -9999 -9999 -9999 0.0
C0G660 1993011218 -9999 -9999 -9999 0.0
C0G660 1993011219 -9999 -9999 -9999 -9996
C0G660 1993011220 -9999 -9999 -9999 -9996
C0G660 1993011221 -9999 -9999 -9999 -9996
C0G660 1993011222 -9999 -9999 -9999 -9996
C0G660 1993011223 -9999 -9999 -9999 -9996
C0G660 1993011224 -9999 -9999 -9999 -9996
C0G660 1993011301 -9999 -9999 -9999 0.0
C0G660 1993011302 -9999 -9999 -9999 0.0
C0G660 1993011303 -9999 -9999 -9999 0.0
C0G660 1993011304 -9999 -9999 -9999 0.0
C0G660 1993011305 -9999 -9999 -9999 0.0
C0G660 1993011306 -9999 -9999 -9999 0.0
C0G660 1993011307 -9999 -9999 -9999 0.0
C0G660 1993011308 -9999 -9999 -9999 0.0
C0G660 1993011309 -9999 -9999 -9999 0.0
C0G660 1993011310 -9999 -9999 -9999 0.0
C0G660 1993011311 -9999 -9999 -9999 0.0
C0G660 1993011312 -9999 -9999 -9999 0.0
C0G660 1993011313 -9999 -9999 -9999 0.0
C0G660 1993011314 -9999 -9999 -9999 0.0
C0G660 1993011315 -9999 -9999 -9999 0.0
C0G660 1993011316 -9999 -9999 -9999 0.0
C0G660 1993011317 -9999 -9999 -9999 0.0
C0G660 1993011318 -9999 -9999 -9999 0.0
C0G660 1993011319 -9999 -9999 -9999 0.0
C0G660 1993011320 -9999 -9999 -9999 0.0
C0G660 1993011321 -9999 -9999 -9999 0.0
C0G660 1993011322 -9999 -9999 -9999 0.0
C0G660 1993011323 -9999 -9999 -9999 0.0
C0G660 1993011324 -9999 -9999 -9999 0.0
C0G660 1993011401 -9999 -9999 -9999 0.0
C0G660 1993011402 -9999 -9999 -9999 0.0
C0G660 1993011403 -9999 -9999 -9999 0.0
C0G660 1993011404 -9999 -9999 -9999 0.0
C0G660 1993011405 -9999 -9999 -9999 0.0
C0G660 1993011406 -9999 -9999 -9999 0.0
C0G660 1993011407 -9999 -9999 -9999 0.0
C0G660 1993011408 -9999 -9999 -9999 0.0
C0G660 1993011409 -9999 -9999 -9999 0.0
C0G660 1993011410 -9999 -9999 -9999 0.0
C0G660 1993011411 -9999 -9999 -9999 0.0
C0G660 1993011412 -9999 -9999 -9999 0.0
C0G660 1993011413 -9999 -9999 -9999 0.0
C0G660 1993011414 -9999 -9999 -9999 0.0
C0G660 1993011415 -9999 -9999 -9999 0.0
C0G660 1993011416 -9999 -9999 -9999 0.0
C0G660 1993011417 -9999 -9999 -9999 0.0
C0G660 1993011418 -9999 -9999 -9999 0.0
C0G660 1993011419 -9999 -9999 -9999 0.0
C0G660 1993011420 -9999 -9999 -9999 0.0
C0G660 1993011421 -9999 -9999 -9999 0.0
C0G660 1993011422 -9999 -9999 -9999 -9996
C0G660 1993011423 -9999 -9999 -9999 -9996
C0G660 1993011424 -9999 -9999 -9999 0.5
C0G660 1993011501 -9999 -9999 -9999 0.0
C0G660 1993011502 -9999 -9999 -9999 0.0
C0G660 1993011503 -9999 -9999 -9999 0.0
C0G660 1993011504 -9999 -9999 -9999 0.0
C0G660 1993011505 -9999 -9999 -9999 0.0
C0G660 1993011506 -9999 -9999 -9999 0.0
C0G660 1993011507 -9999 -9999 -9999 0.0
C0G660 1993011508 -9999 -9999 -9999 0.0
C0G660 1993011509 -9999 -9999 -9999 0.0
C0G660 1993011510 -9999 -9999 -9999 0.0
C0G660 1993011511 -9999 -9999 -9999 0.0
C0G660 1993011512 -9999 -9999 -9999 0.0
C0G660 1993011513 -9999 -9999 -9999 0.0
C0G660 1993011514 -9999 -9999 -9999 0.0
C0G660 1993011515 -9999 -9999 -9999 0.0
C0G660 1993011516 -9999 -9999 -9999 0.0
C0G660 1993011517 -9999 -9999 -9999 0.0
C0G660 1993011518 -9999 -9999 -9999 0.0
C0G660 1993011519 -9999 -9999 -9999 0.0
C0G660 1993011520 -9999 -9999 -9999 -9996
C0G660 1993011521 -9999 -9999 -9999 -9996
C0G660 1993011522 -9999 -9999 -9999 -9996
C0G660 1993011523 -9999 -9999 -9999 -9996
C0G660 1993011524 -9999 -9999 -9999 -9996
C0G660 1993011601 -9999 -9999 -9999 0.0
C0G660 1993011602 -9999 -9999 -9999 -9996
C0G660 1993011603 -9999 -9999 -9999 -9996
C0G660 1993011604 -9999 -9999 -9999 -9996
C0G660 1993011605 -9999 -9999 -9999 -9996
C0G660 1993011606 -9999 -9999 -9999 2.0
C0G660 1993011607 -9999 -9999 -9999 0.5
C0G660 1993011608 -9999 -9999 -9999 -9996
C0G660 1993011609 -9999 -9999 -9999 -9996
C0G660 1993011610 -9999 -9999 -9999 -9996
C0G660 1993011611 -9999 -9999 -9999 0.5
C0G660 1993011612 -9999 -9999 -9999 0.0
C0G660 1993011613 -9999 -9999 -9999 0.0
C0G660 1993011614 -9999 -9999 -9999 0.0
C0G660 1993011615 -9999 -9999 -9999 0.0
C0G660 1993011616 -9999 -9999 -9999 0.0
C0G660 1993011617 -9999 -9999 -9999 0.0
C0G660 1993011618 -9999 -9999 -9999 0.0
C0G660 1993011619 -9999 -9999 -9999 0.0
C0G660 1993011620 -9999 -9999 -9999 0.0
C0G660 1993011621 -9999 -9999 -9999 0.0
C0G660 1993011622 -9999 -9999 -9999 0.0
C0G660 1993011623 -9999 -9999 -9999 0.0
C0G660 1993011624 -9999 -9999 -9999 0.0
C0G660 1993011701 -9999 -9999 -9999 0.0
C0G660 1993011702 -9999 -9999 -9999 0.0
C0G660 1993011703 -9999 -9999 -9999 0.0
C0G660 1993011704 -9999 -9999 -9999 0.0
C0G660 1993011705 -9999 -9999 -9999 0.0
C0G660 1993011706 -9999 -9999 -9999 0.0
C0G660 1993011707 -9999 -9999 -9999 0.0
C0G660 1993011708 -9999 -9999 -9999 0.0
C0G660 1993011709 -9999 -9999 -9999 0.0
C0G660 1993011710 -9999 -9999 -9999 0.0
C0G660 1993011711 -9999 -9999 -9999 0.0
C0G660 1993011712 -9999 -9999 -9999 0.0
C0G660 1993011713 -9999 -9999 -9999 0.0
C0G660 1993011714 -9999 -9999 -9999 0.0
C0G660 1993011715 -9999 -9999 -9999 0.0
C0G660 1993011716 -9999 -9999 -9999 0.0
C0G660 1993011717 -9999 -9999 -9999 0.0
C0G660 1993011718 -9999 -9999 -9999 0.0
C0G660 1993011719 -9999 -9999 -9999 -9996
C0G660 1993011720 -9999 -9999 -9999 -9996
C0G660 1993011721 -9999 -9999 -9999 -9996
C0G660 1993011722 -9999 -9999 -9999 -9996
C0G660 1993011723 -9999 -9999 -9999 -9996
C0G660 1993011724 -9999 -9999 -9999 -9996
C0G660 1993011801 -9999 -9999 -9999 0.0
C0G660 1993011802 -9999 -9999 -9999 0.0
C0G660 1993011803 -9999 -9999 -9999 0.0
C0G660 1993011804 -9999 -9999 -9999 0.0
C0G660 1993011805 -9999 -9999 -9999 0.0
C0G660 1993011806 -9999 -9999 -9999 0.0
C0G660 1993011807 -9999 -9999 -9999 0.0
C0G660 1993011808 -9999 -9999 -9999 0.0
C0G660 1993011809 -9999 -9999 -9999 0.0
C0G660 1993011810 -9999 -9999 -9999 0.0
C0G660 1993011811 -9999 -9999 -9999 0.0
C0G660 1993011812 -9999 -9999 -9999 0.0
C0G660 1993011813 -9999 -9999 -9999 0.0
C0G660 1993011814 -9999 -9999 -9999 -9996
C0G660 1993011815 -9999 -9999 -9999 -9996
C0G660 1993011816 -9999 -9999 -9999 -9996
C0G660 1993011817 -9999 -9999 -9999 -9996
C0G660 1993011818 -9999 -9999 -9999 -9996
C0G660 1993011819 -9999 -9999 -9999 -9996
C0G660 1993011820 -9999 -9999 -9999 -9996
C0G660 1993011821 -9999 -9999 -9999 -9996
C0G660 1993011822 -9999 -9999 -9999 -9996
C0G660 1993011823 -9999 -9999 -9999 2.0
C0G660 1993011824 -9999 -9999 -9999 0.5
C0G660 1993011901 -9999 -9999 -9999 0.0
C0G660 1993011902 -9999 -9999 -9999 0.0
C0G660 1993011903 -9999 -9999 -9999 0.0
C0G660 1993011904 -9999 -9999 -9999 0.0
C0G660 1993011905 -9999 -9999 -9999 0.0
C0G660 1993011906 -9999 -9999 -9999 0.0
C0G660 1993011907 -9999 -9999 -9999 0.0
C0G660 1993011908 -9999 -9999 -9999 0.0
C0G660 1993011909 -9999 -9999 -9999 0.0
C0G660 1993011910 -9999 -9999 -9999 0.0
C0G660 1993011911 -9999 -9999 -9999 0.0
C0G660 1993011912 -9999 -9999 -9999 0.0
C0G660 1993011913 -9999 -9999 -9999 0.0
C0G660 1993011914 -9999 -9999 -9999 0.0
C0G660 1993011915 -9999 -9999 -9999 0.0
C0G660 1993011916 -9999 -9999 -9999 0.0
C0G660 1993011917 -9999 -9999 -9999 0.0
C0G660 1993011918 -9999 -9999 -9999 0.0
C0G660 1993011919 -9999 -9999 -9999 0.0
C0G660 1993011920 -9999 -9999 -9999 -9996
C0G660 1993011921 -9999 -9999 -9999 -9996
C0G660 1993011922 -9999 -9999 -9999 -9996
C0G660 1993011923 -9999 -9999 -9999 -9996
C0G660 1993011924 -9999 -9999 -9999 -9996
C0G660 1993012001 -9999 -9999 -9999 0.0
C0G660 1993012002 -9999 -9999 -9999 0.0
C0G660 1993012003 -9999 -9999 -9999 0.0
C0G660 1993012004 -9999 -9999 -9999 0.0
C0G660 1993012005 -9999 -9999 -9999 0.0
C0G660 1993012006 -9999 -9999 -9999 0.0
C0G660 1993012007 -9999 -9999 -9999 0.0
C0G660 1993012008 -9999 -9999 -9999 0.0
C0G660 1993012009 -9999 -9999 -9999 0.0
C0G660 1993012010 -9999 -9999 -9999 0.0
C0G660 1993012011 -9999 -9999 -9999 0.0
C0G660 1993012012 -9999 -9999 -9999 0.0
C0G660 1993012013 -9999 -9999 -9999 0.0
C0G660 1993012014 -9999 -9999 -9999 0.0
C0G660 1993012015 -9999 -9999 -9999 0.0
C0G660 1993012016 -9999 -9999 -9999 0.0
C0G660 1993012017 -9999 -9999 -9999 0.0
C0G660 1993012018 -9999 -9999 -9999 0.0
C0G660 1993012019 -9999 -9999 -9999 0.0
C0G660 1993012020 -9999 -9999 -9999 0.0
C0G660 1993012021 -9999 -9999 -9999 0.0
C0G660 1993012022 -9999 -9999 -9999 0.0
C0G660 1993012023 -9999 -9999 -9999 0.0
C0G660 1993012024 -9999 -9999 -9999 0.0
C0G660 1993012101 -9999 -9999 -9999 0.0
C0G660 1993012102 -9999 -9999 -9999 0.0
C0G660 1993012103 -9999 -9999 -9999 0.0
C0G660 1993012104 -9999 -9999 -9999 0.0
C0G660 1993012105 -9999 -9999 -9999 0.0
C0G660 1993012106 -9999 -9999 -9999 0.0
C0G660 1993012107 -9999 -9999 -9999 0.0
C0G660 1993012108 -9999 -9999 -9999 0.0
C0G660 1993012109 -9999 -9999 -9999 0.0
C0G660 1993012110 -9999 -9999 -9999 0.0
C0G660 1993012111 -9999 -9999 -9999 0.0
C0G660 1993012112 -9999 -9999 -9999 0.0
C0G660 1993012113 -9999 -9999 -9999 0.0
C0G660 1993012114 -9999 -9999 -9999 0.0
C0G660 1993012115 -9999 -9999 -9999 0.0
C0G660 1993012116 -9999 -9999 -9999 0.0
C0G660 1993012117 -9999 -9999 -9999 0.0
C0G660 1993012118 -9999 -9999 -9999 0.0
C0G660 1993012119 -9999 -9999 -9999 0.0
C0G660 1993012120 -9999 -9999 -9999 0.0
C0G660 1993012121 -9999 -9999 -9999 0.0
C0G660 1993012122 -9999 -9999 -9999 0.0
C0G660 1993012123 -9999 -9999 -9999 0.0
C0G660 1993012124 -9999 -9999 -9999 0.0
C0G660 1993012201 -9999 -9999 -9999 0.0
C0G660 1993012202 -9999 -9999 -9999 0.0
C0G660 1993012203 -9999 -9999 -9999 0.0
C0G660 1993012204 -9999 -9999 -9999 0.0
C0G660 1993012205 -9999 -9999 -9999 0.0
C0G660 1993012206 -9999 -9999 -9999 0.0
C0G660 1993012207 -9999 -9999 -9999 0.0
C0G660 1993012208 -9999 -9999 -9999 0.0
C0G660 1993012209 -9999 -9999 -9999 0.0
C0G660 1993012210 -9999 -9999 -9999 0.0
C0G660 1993012211 -9999 -9999 -9999 0.0
C0G660 1993012212 -9999 -9999 -9999 0.0
C0G660 1993012213 -9999 -9999 -9999 0.0
C0G660 1993012214 -9999 -9999 -9999 0.0
C0G660 1993012215 -9999 -9999 -9999 0.0
C0G660 1993012216 -9999 -9999 -9999 0.0
C0G660 1993012217 -9999 -9999 -9999 0.0
C0G660 1993012218 -9999 -9999 -9999 0.0
C0G660 1993012219 -9999 -9999 -9999 0.0
C0G660 1993012220 -9999 -9999 -9999 0.0
C0G660 1993012221 -9999 -9999 -9999 0.0
C0G660 1993012222 -9999 -9999 -9999 0.0
C0G660 1993012223 -9999 -9999 -9999 0.0
C0G660 1993012224 -9999 -9999 -9999 0.0
C0G660 1993012301 -9999 -9999 -9999 0.0
C0G660 1993012302 -9999 -9999 -9999 0.0
C0G660 1993012303 -9999 -9999 -9999 0.0
C0G660 1993012304 -9999 -9999 -9999 0.0
C0G660 1993012305 -9999 -9999 -9999 0.0
C0G660 1993012306 -9999 -9999 -9999 0.0
C0G660 1993012307 -9999 -9999 -9999 0.0
C0G660 1993012308 -9999 -9999 -9999 0.0
C0G660 1993012309 -9999 -9999 -9999 0.0
C0G660 1993012310 -9999 -9999 -9999 0.0
C0G660 1993012311 -9999 -9999 -9999 0.0
C0G660 1993012312 -9999 -9999 -9999 0.0
C0G660 1993012313 -9999 -9999 -9999 0.0
C0G660 1993012314 -9999 -9999 -9999 0.0
C0G660 1993012315 -9999 -9999 -9999 0.0
C0G660 1993012316 -9999 -9999 -9999 0.0
C0G660 1993012317 -9999 -9999 -9999 0.0
C0G660 1993012318 -9999 -9999 -9999 0.0
C0G660 1993012319 -9999 -9999 -9999 0.0
C0G660 1993012320 -9999 -9999 -9999 0.0
C0G660 1993012321 -9999 -9999 -9999 0.0
C0G660 1993012322 -9999 -9999 -9999 0.0
C0G660 1993012323 -9999 -9999 -9999 0.0
C0G660 1993012324 -9999 -9999 -9999 -9996
C0G660 1993012401 -9999 -9999 -9999 1.0
C0G660 1993012402 -9999 -9999 -9999 -9996
C0G660 1993012403 -9999 -9999 -9999 -9996
C0G660 1993012404 -9999 -9999 -9999 -9996
C0G660 1993012405 -9999 -9999 -9999 0.5
C0G660 1993012406 -9999 -9999 -9999 0.0
C0G660 1993012407 -9999 -9999 -9999 0.0
C0G660 1993012408 -9999 -9999 -9999 0.0
C0G660 1993012409 -9999 -9999 -9999 0.0
C0G660 1993012410 -9999 -9999 -9999 0.0
C0G660 1993012411 -9999 -9999 -9999 0.0
C0G660 1993012412 -9999 -9999 -9999 0.0
C0G660 1993012413 -9999 -9999 -9999 0.0
C0G660 1993012414 -9999 -9999 -9999 0.0
C0G660 1993012415 -9999 -9999 -9999 0.0
C0G660 1993012416 -9999 -9999 -9999 0.0
C0G660 1993012417 -9999 -9999 -9999 0.0
C0G660 1993012418 -9999 -9999 -9999 0.0
C0G660 1993012419 -9999 -9999 -9999 0.0
C0G660 1993012420 -9999 -9999 -9999 0.0
C0G660 1993012421 -9999 -9999 -9999 0.0
C0G660 1993012422 -9999 -9999 -9999 0.0
C0G660 1993012423 -9999 -9999 -9999 0.0
C0G660 1993012424 -9999 -9999 -9999 0.0
C0G660 1993012501 -9999 -9999 -9999 0.0
C0G660 1993012502 -9999 -9999 -9999 0.0
C0G660 1993012503 -9999 -9999 -9999 0.0
C0G660 1993012504 -9999 -9999 -9999 0.0
C0G660 1993012505 -9999 -9999 -9999 0.0
C0G660 1993012506 -9999 -9999 -9999 0.0
C0G660 1993012507 -9999 -9999 -9999 0.0
C0G660 1993012508 -9999 -9999 -9999 0.0
C0G660 1993012509 -9999 -9999 -9999 0.0
C0G660 1993012510 -9999 -9999 -9999 0.0
C0G660 1993012511 -9999 -9999 -9999 0.0
C0G660 1993012512 -9999 -9999 -9999 0.0
C0G660 1993012513 -9999 -9999 -9999 0.0
C0G660 1993012514 -9999 -9999 -9999 0.0
C0G660 1993012515 -9999 -9999 -9999 0.0
C0G660 1993012516 -9999 -9999 -9999 0.0
C0G660 1993012517 -9999 -9999 -9999 0.0
C0G660 1993012518 -9999 -9999 -9999 0.0
C0G660 1993012519 -9999 -9999 -9999 0.0
C0G660 1993012520 -9999 -9999 -9999 0.0
C0G660 1993012521 -9999 -9999 -9999 0.0
C0G660 1993012522 -9999 -9999 -9999 0.0
C0G660 1993012523 -9999 -9999 -9999 0.0
C0G660 1993012524 -9999 -9999 -9999 0.0
C0G660 1993012601 -9999 -9999 -9999 0.0
C0G660 1993012602 -9999 -9999 -9999 0.0
C0G660 1993012603 -9999 -9999 -9999 0.0
C0G660 1993012604 -9999 -9999 -9999 0.0
C0G660 1993012605 -9999 -9999 -9999 0.0
C0G660 1993012606 -9999 -9999 -9999 0.0
C0G660 1993012607 -9999 -9999 -9999 0.0
C0G660 1993012608 -9999 -9999 -9999 0.0
C0G660 1993012609 -9999 -9999 -9999 0.0
C0G660 1993012610 -9999 -9999 -9999 0.0
C0G660 1993012611 -9999 -9999 -9999 0.0
C0G660 1993012612 -9999 -9999 -9999 0.0
C0G660 1993012613 -9999 -9999 -9999 0.0
C0G660 1993012614 -9999 -9999 -9999 0.0
C0G660 1993012615 -9999 -9999 -9999 0.0
C0G660 1993012616 -9999 -9999 -9999 0.0
C0G660 1993012617 -9999 -9999 -9999 0.0
C0G660 1993012618 -9999 -9999 -9999 0.0
C0G660 1993012619 -9999 -9999 -9999 0.0
C0G660 1993012620 -9999 -9999 -9999 0.0
C0G660 1993012621 -9999 -9999 -9999 0.0
C0G660 1993012622 -9999 -9999 -9999 0.0
C0G660 1993012623 -9999 -9999 -9999 0.0
C0G660 1993012624 -9999 -9999 -9999 0.0
C0G660 1993012701 -9999 -9999 -9999 0.0
C0G660 1993012702 -9999 -9999 -9999 0.0
C0G660 1993012703 -9999 -9999 -9999 0.0
C0G660 1993012704 -9999 -9999 -9999 0.0
C0G660 1993012705 -9999 -9999 -9999 0.0
C0G660 1993012706 -9999 -9999 -9999 0.0
C0G660 1993012707 -9999 -9999 -9999 0.0
C0G660 1993012708 -9999 -9999 -9999 0.0
C0G660 1993012709 -9999 -9999 -9999 0.0
C0G660 1993012710 -9999 -9999 -9999 0.0
C0G660 1993012711 -9999 -9999 -9999 0.0
C0G660 1993012712 -9999 -9999 -9999 0.0
C0G660 1993012713 -9999 -9999 -9999 0.0
C0G660 1993012714 -9999 -9999 -9999 0.0
C0G660 1993012715 -9999 -9999 -9999 0.0
C0G660 1993012716 -9999 -9999 -9999 0.0
C0G660 1993012717 -9999 -9999 -9999 0.0
C0G660 1993012718 -9999 -9999 -9999 0.0
C0G660 1993012719 -9999 -9999 -9999 0.0
C0G660 1993012720 -9999 -9999 -9999 0.0
C0G660 1993012721 -9999 -9999 -9999 0.0
C0G660 1993012722 -9999 -9999 -9999 0.0
C0G660 1993012723 -9999 -9999 -9999 0.0
C0G660 1993012724 -9999 -9999 -9999 0.0
C0G660 1993012801 -9999 -9999 -9999 0.0
C0G660 1993012802 -9999 -9999 -9999 0.0
C0G660 1993012803 -9999 -9999 -9999 0.0
C0G660 1993012804 -9999 -9999 -9999 0.0
C0G660 1993012805 -9999 -9999 -9999 0.0
C0G660 1993012806 -9999 -9999 -9999 0.0
C0G660 1993012807 -9999 -9999 -9999 0.0
C0G660 1993012808 -9999 -9999 -9999 0.0
C0G660 1993012809 -9999 -9999 -9999 0.0
C0G660 1993012810 -9999 -9999 -9999 0.0
C0G660 1993012811 -9999 -9999 -9999 0.0
C0G660 1993012812 -9999 -9999 -9999 0.0
C0G660 1993012813 -9999 -9999 -9999 0.0
C0G660 1993012814 -9999 -9999 -9999 0.0
C0G660 1993012815 -9999 -9999 -9999 0.0
C0G660 1993012816 -9999 -9999 -9999 0.0
C0G660 1993012817 -9999 -9999 -9999 0.0
C0G660 1993012818 -9999 -9999 -9999 0.0
C0G660 1993012819 -9999 -9999 -9999 0.0
C0G660 1993012820 -9999 -9999 -9999 0.0
C0G660 1993012821 -9999 -9999 -9999 0.0
C0G660 1993012822 -9999 -9999 -9999 0.0
C0G660 1993012823 -9999 -9999 -9999 0.0
C0G660 1993012824 -9999 -9999 -9999 0.0
C0G660 1993012901 -9999 -9999 -9999 0.0
C0G660 1993012902 -9999 -9999 -9999 0.0
C0G660 1993012903 -9999 -9999 -9999 0.0
C0G660 1993012904 -9999 -9999 -9999 0.0
C0G660 1993012905 -9999 -9999 -9999 0.0
C0G660 1993012906 -9999 -9999 -9999 0.0
C0G660 1993012907 -9999 -9999 -9999 0.0
C0G660 1993012908 -9999 -9999 -9999 0.0
C0G660 1993012909 -9999 -9999 -9999 0.0
C0G660 1993012910 -9999 -9999 -9999 0.0
C0G660 1993012911 -9999 -9999 -9999 0.0
C0G660 1993012912 -9999 -9999 -9999 0.0
C0G660 1993012913 -9999 -9999 -9999 0.0
C0G660 1993012914 -9999 -9999 -9999 0.0
C0G660 1993012915 -9999 -9999 -9999 0.0
C0G660 1993012916 -9999 -9999 -9999 0.0
C0G660 1993012917 -9999 -9999 -9999 0.0
C0G660 1993012918 -9999 -9999 -9999 0.0
C0G660 1993012919 -9999 -9999 -9999 0.0
C0G660 1993012920 -9999 -9999 -9999 0.0
C0G660 1993012921 -9999 -9999 -9999 0.0
C0G660 1993012922 -9999 -9999 -9999 0.0
C0G660 1993012923 -9999 -9999 -9999 0.0
C0G660 1993012924 -9999 -9999 -9999 0.0
C0G660 1993013001 -9999 -9999 -9999 0.0
C0G660 1993013002 -9999 -9999 -9999 0.0
C0G660 1993013003 -9999 -9999 -9999 0.0
C0G660 1993013004 -9999 -9999 -9999 0.0
C0G660 1993013005 -9999 -9999 -9999 0.0
C0G660 1993013006 -9999 -9999 -9999 0.0
C0G660 1993013007 -9999 -9999 -9999 0.0
C0G660 1993013008 -9999 -9999 -9999 0.0
C0G660 1993013009 -9999 -9999 -9999 0.0
C0G660 1993013010 -9999 -9999 -9999 0.0
C0G660 1993013011 -9999 -9999 -9999 0.0
C0G660 1993013012 -9999 -9999 -9999 0.0
C0G660 1993013013 -9999 -9999 -9999 0.0
C0G660 1993013014 -9999 -9999 -9999 0.0
C0G660 1993013015 -9999 -9999 -9999 0.0
C0G660 1993013016 -9999 -9999 -9999 0.0
C0G660 1993013017 -9999 -9999 -9999 0.0
C0G660 1993013018 -9999 -9999 -9999 0.0
C0G660 1993013019 -9999 -9999 -9999 0.0
C0G660 1993013020 -9999 -9999 -9999 0.0
C0G660 1993013021 -9999 -9999 -9999 0.0
C0G660 1993013022 -9999 -9999 -9999 0.0
C0G660 1993013023 -9999 -9999 -9999 0.0
C0G660 1993013024 -9999 -9999 -9999 0.0
C0G660 1993013101 -9999 -9999 -9999 0.0
C0G660 1993013102 -9999 -9999 -9999 0.0
C0G660 1993013103 -9999 -9999 -9999 0.0
C0G660 1993013104 -9999 -9999 -9999 0.0
C0G660 1993013105 -9999 -9999 -9999 0.0
C0G660 1993013106 -9999 -9999 -9999 0.0
C0G660 1993013107 -9999 -9999 -9999 0.0
C0G660 1993013108 -9999 -9999 -9999 0.0
C0G660 1993013109 -9999 -9999 -9999 0.0
C0G660 1993013110 -9999 -9999 -9999 0.0
C0G660 1993013111 -9999 -9999 -9999 0.0
C0G660 1993013112 -9999 -9999 -9999 0.0
C0G660 1993013113 -9999 -9999 -9999 0.0
C0G660 1993013114 -9999 -9999 -9999 0.0
C0G660 1993013115 -9999 -9999 -9999 0.0
C0G660 1993013116 -9999 -9999 -9999 0.0
C0G660 1993013117 -9999 -9999 -9999 0.0
C0G660 1993013118 -9999 -9999 -9999 0.0
C0G660 1993013119 -9999 -9999 -9999 0.0
C0G660 1993013120 -9999 -9999 -9999 0.0
C0G660 1993013121 -9999 -9999 -9999 0.0
C0G660 1993013122 -9999 -9999 -9999 0.0
C0G660 1993013123 -9999 -9999 -9999 0.0
C0G660 1993013124 -9999 -9999 -9999 0.0
