C0G620 1994050101 -9999 -9999 -9999 0.0
C0G620 1994050102 -9999 -9999 -9999 0.0
C0G620 1994050103 -9999 -9999 -9999 0.0
C0G620 1994050104 -9999 -9999 -9999 0.0
C0G620 1994050105 -9999 -9999 -9999 0.0
C0G620 1994050106 -9999 -9999 -9999 0.0
C0G620 1994050107 -9999 -9999 -9999 0.0
C0G620 1994050108 -9999 -9999 -9999 0.0
C0G620 1994050109 -9999 -9999 -9999 0.0
C0G620 1994050110 -9999 -9999 -9999 0.0
C0G620 1994050111 -9999 -9999 -9999 0.0
C0G620 1994050112 -9999 -9999 -9999 0.0
C0G620 1994050113 -9999 -9999 -9999 0.0
C0G620 1994050114 -9999 -9999 -9999 0.0
C0G620 1994050115 -9999 -9999 -9999 0.0
C0G620 1994050116 -9999 -9999 -9999 0.0
C0G620 1994050117 -9999 -9999 -9999 0.0
C0G620 1994050118 -9999 -9999 -9999 0.0
C0G620 1994050119 -9999 -9999 -9999 0.0
C0G620 1994050120 -9999 -9999 -9999 0.0
C0G620 1994050121 -9999 -9999 -9999 0.0
C0G620 1994050122 -9999 -9999 -9999 0.0
C0G620 1994050123 -9999 -9999 -9999 0.0
C0G620 1994050124 -9999 -9999 -9999 0.0
C0G620 1994050201 -9999 -9999 -9999 0.0
C0G620 1994050202 -9999 -9999 -9999 0.0
C0G620 1994050203 -9999 -9999 -9999 0.0
C0G620 1994050204 -9999 -9999 -9999 0.0
C0G620 1994050205 -9999 -9999 -9999 0.0
C0G620 1994050206 -9999 -9999 -9999 0.0
C0G620 1994050207 -9999 -9999 -9999 0.0
C0G620 1994050208 -9999 -9999 -9999 0.0
C0G620 1994050209 -9999 -9999 -9999 0.0
C0G620 1994050210 -9999 -9999 -9999 0.0
C0G620 1994050211 -9999 -9999 -9999 0.0
C0G620 1994050212 -9999 -9999 -9999 0.0
C0G620 1994050213 -9999 -9999 -9999 0.0
C0G620 1994050214 -9999 -9999 -9999 0.0
C0G620 1994050215 -9999 -9999 -9999 0.0
C0G620 1994050216 -9999 -9999 -9999 0.0
C0G620 1994050217 -9999 -9999 -9999 0.0
C0G620 1994050218 -9999 -9999 -9999 0.0
C0G620 1994050219 -9999 -9999 -9999 0.0
C0G620 1994050220 -9999 -9999 -9999 0.0
C0G620 1994050221 -9999 -9999 -9999 0.0
C0G620 1994050222 -9999 -9999 -9999 0.0
C0G620 1994050223 -9999 -9999 -9999 0.0
C0G620 1994050224 -9999 -9999 -9999 0.0
C0G620 1994050301 -9999 -9999 -9999 0.0
C0G620 1994050302 -9999 -9999 -9999 0.0
C0G620 1994050303 -9999 -9999 -9999 0.0
C0G620 1994050304 -9999 -9999 -9999 0.0
C0G620 1994050305 -9999 -9999 -9999 0.0
C0G620 1994050306 -9999 -9999 -9999 -9996
C0G620 1994050307 -9999 -9999 -9999 -9996
C0G620 1994050308 -9999 -9999 -9999 1.5
C0G620 1994050309 -9999 -9999 -9999 0.5
C0G620 1994050310 -9999 -9999 -9999 -9996
C0G620 1994050311 -9999 -9999 -9999 1.0
C0G620 1994050312 -9999 -9999 -9999 2.0
C0G620 1994050313 -9999 -9999 -9999 1.5
C0G620 1994050314 -9999 -9999 -9999 4.0
C0G620 1994050315 -9999 -9999 -9999 7.0
C0G620 1994050316 -9999 -9999 -9999 13.0
C0G620 1994050317 -9999 -9999 -9999 11.0
C0G620 1994050318 -9999 -9999 -9999 31.5
C0G620 1994050319 -9999 -9999 -9999 40.5
C0G620 1994050320 -9999 -9999 -9999 36.0
C0G620 1994050321 -9999 -9999 -9999 36.5
C0G620 1994050322 -9999 -9999 -9999 8.0
C0G620 1994050323 -9999 -9999 -9999 -9996
C0G620 1994050324 -9999 -9999 -9999 -9996
C0G620 1994050401 -9999 -9999 -9999 1.0
C0G620 1994050402 -9999 -9999 -9999 2.5
C0G620 1994050403 -9999 -9999 -9999 -9996
C0G620 1994050404 -9999 -9999 -9999 -9996
C0G620 1994050405 -9999 -9999 -9999 -9996
C0G620 1994050406 -9999 -9999 -9999 -9996
C0G620 1994050407 -9999 -9999 -9999 25.5
C0G620 1994050408 -9999 -9999 -9999 36.0
C0G620 1994050409 -9999 -9999 -9999 23.0
C0G620 1994050410 -9999 -9999 -9999 0.0
C0G620 1994050411 -9999 -9999 -9999 0.0
C0G620 1994050412 -9999 -9999 -9999 0.0
C0G620 1994050413 -9999 -9999 -9999 0.0
C0G620 1994050414 -9999 -9999 -9999 0.0
C0G620 1994050415 -9999 -9999 -9999 0.0
C0G620 1994050416 -9999 -9999 -9999 -9996
C0G620 1994050417 -9999 -9999 -9999 -9996
C0G620 1994050418 -9999 -9999 -9999 -9996
C0G620 1994050419 -9999 -9999 -9999 -9996
C0G620 1994050420 -9999 -9999 -9999 7.0
C0G620 1994050421 -9999 -9999 -9999 12.5
C0G620 1994050422 -9999 -9999 -9999 5.0
C0G620 1994050423 -9999 -9999 -9999 2.0
C0G620 1994050424 -9999 -9999 -9999 4.5
C0G620 1994050501 -9999 -9999 -9999 -9996
C0G620 1994050502 -9999 -9999 -9999 2.5
C0G620 1994050503 -9999 -9999 -9999 -9996
C0G620 1994050504 -9999 -9999 -9999 0.5
C0G620 1994050505 -9999 -9999 -9999 0.0
C0G620 1994050506 -9999 -9999 -9999 0.0
C0G620 1994050507 -9999 -9999 -9999 0.0
C0G620 1994050508 -9999 -9999 -9999 0.0
C0G620 1994050509 -9999 -9999 -9999 0.0
C0G620 1994050510 -9999 -9999 -9999 0.0
C0G620 1994050511 -9999 -9999 -9999 0.0
C0G620 1994050512 -9999 -9999 -9999 0.0
C0G620 1994050513 -9999 -9999 -9999 0.0
C0G620 1994050514 -9999 -9999 -9999 0.0
C0G620 1994050515 -9999 -9999 -9999 0.0
C0G620 1994050516 -9999 -9999 -9999 0.0
C0G620 1994050517 -9999 -9999 -9999 0.0
C0G620 1994050518 -9999 -9999 -9999 0.0
C0G620 1994050519 -9999 -9999 -9999 0.0
C0G620 1994050520 -9999 -9999 -9999 0.0
C0G620 1994050521 -9999 -9999 -9999 0.0
C0G620 1994050522 -9999 -9999 -9999 0.0
C0G620 1994050523 -9999 -9999 -9999 0.0
C0G620 1994050524 -9999 -9999 -9999 0.0
C0G620 1994050601 -9999 -9999 -9999 0.0
C0G620 1994050602 -9999 -9999 -9999 0.0
C0G620 1994050603 -9999 -9999 -9999 0.0
C0G620 1994050604 -9999 -9999 -9999 0.0
C0G620 1994050605 -9999 -9999 -9999 0.0
C0G620 1994050606 -9999 -9999 -9999 0.0
C0G620 1994050607 -9999 -9999 -9999 0.0
C0G620 1994050608 -9999 -9999 -9999 0.0
C0G620 1994050609 -9999 -9999 -9999 0.0
C0G620 1994050610 -9999 -9999 -9999 0.0
C0G620 1994050611 -9999 -9999 -9999 0.0
C0G620 1994050612 -9999 -9999 -9999 0.0
C0G620 1994050613 -9999 -9999 -9999 0.0
C0G620 1994050614 -9999 -9999 -9999 0.0
C0G620 1994050615 -9999 -9999 -9999 0.0
C0G620 1994050616 -9999 -9999 -9999 0.0
C0G620 1994050617 -9999 -9999 -9999 0.0
C0G620 1994050618 -9999 -9999 -9999 0.0
C0G620 1994050619 -9999 -9999 -9999 0.0
C0G620 1994050620 -9999 -9999 -9999 0.0
C0G620 1994050621 -9999 -9999 -9999 0.0
C0G620 1994050622 -9999 -9999 -9999 0.0
C0G620 1994050623 -9999 -9999 -9999 0.0
C0G620 1994050624 -9999 -9999 -9999 0.0
C0G620 1994050701 -9999 -9999 -9999 0.0
C0G620 1994050702 -9999 -9999 -9999 0.0
C0G620 1994050703 -9999 -9999 -9999 0.0
C0G620 1994050704 -9999 -9999 -9999 0.0
C0G620 1994050705 -9999 -9999 -9999 0.0
C0G620 1994050706 -9999 -9999 -9999 0.0
C0G620 1994050707 -9999 -9999 -9999 0.0
C0G620 1994050708 -9999 -9999 -9999 0.0
C0G620 1994050709 -9999 -9999 -9999 0.0
C0G620 1994050710 -9999 -9999 -9999 0.0
C0G620 1994050711 -9999 -9999 -9999 0.0
C0G620 1994050712 -9999 -9999 -9999 0.0
C0G620 1994050713 -9999 -9999 -9999 0.0
C0G620 1994050714 -9999 -9999 -9999 0.0
C0G620 1994050715 -9999 -9999 -9999 0.0
C0G620 1994050716 -9999 -9999 -9999 0.0
C0G620 1994050717 -9999 -9999 -9999 0.0
C0G620 1994050718 -9999 -9999 -9999 0.0
C0G620 1994050719 -9999 -9999 -9999 0.0
C0G620 1994050720 -9999 -9999 -9999 0.0
C0G620 1994050721 -9999 -9999 -9999 0.0
C0G620 1994050722 -9999 -9999 -9999 0.0
C0G620 1994050723 -9999 -9999 -9999 0.0
C0G620 1994050724 -9999 -9999 -9999 0.0
C0G620 1994050801 -9999 -9999 -9999 0.0
C0G620 1994050802 -9999 -9999 -9999 0.0
C0G620 1994050803 -9999 -9999 -9999 0.0
C0G620 1994050804 -9999 -9999 -9999 0.0
C0G620 1994050805 -9999 -9999 -9999 0.0
C0G620 1994050806 -9999 -9999 -9999 0.0
C0G620 1994050807 -9999 -9999 -9999 0.0
C0G620 1994050808 -9999 -9999 -9999 0.0
C0G620 1994050809 -9999 -9999 -9999 0.0
C0G620 1994050810 -9999 -9999 -9999 0.0
C0G620 1994050811 -9999 -9999 -9999 0.0
C0G620 1994050812 -9999 -9999 -9999 0.0
C0G620 1994050813 -9999 -9999 -9999 0.0
C0G620 1994050814 -9999 -9999 -9999 0.0
C0G620 1994050815 -9999 -9999 -9999 0.0
C0G620 1994050816 -9999 -9999 -9999 0.0
C0G620 1994050817 -9999 -9999 -9999 0.0
C0G620 1994050818 -9999 -9999 -9999 0.0
C0G620 1994050819 -9999 -9999 -9999 0.0
C0G620 1994050820 -9999 -9999 -9999 0.0
C0G620 1994050821 -9999 -9999 -9999 0.0
C0G620 1994050822 -9999 -9999 -9999 0.0
C0G620 1994050823 -9999 -9999 -9999 0.0
C0G620 1994050824 -9999 -9999 -9999 0.0
C0G620 1994050901 -9999 -9999 -9999 0.0
C0G620 1994050902 -9999 -9999 -9999 0.0
C0G620 1994050903 -9999 -9999 -9999 0.0
C0G620 1994050904 -9999 -9999 -9999 0.0
C0G620 1994050905 -9999 -9999 -9999 0.0
C0G620 1994050906 -9999 -9999 -9999 0.0
C0G620 1994050907 -9999 -9999 -9999 0.0
C0G620 1994050908 -9999 -9999 -9999 0.0
C0G620 1994050909 -9999 -9999 -9999 0.0
C0G620 1994050910 -9999 -9999 -9999 0.0
C0G620 1994050911 -9999 -9999 -9999 0.0
C0G620 1994050912 -9999 -9999 -9999 0.0
C0G620 1994050913 -9999 -9999 -9999 0.0
C0G620 1994050914 -9999 -9999 -9999 0.0
C0G620 1994050915 -9999 -9999 -9999 0.0
C0G620 1994050916 -9999 -9999 -9999 0.0
C0G620 1994050917 -9999 -9999 -9999 0.0
C0G620 1994050918 -9999 -9999 -9999 0.0
C0G620 1994050919 -9999 -9999 -9999 0.0
C0G620 1994050920 -9999 -9999 -9999 0.0
C0G620 1994050921 -9999 -9999 -9999 0.0
C0G620 1994050922 -9999 -9999 -9999 0.0
C0G620 1994050923 -9999 -9999 -9999 0.0
C0G620 1994050924 -9999 -9999 -9999 0.0
C0G620 1994051001 -9999 -9999 -9999 0.0
C0G620 1994051002 -9999 -9999 -9999 0.0
C0G620 1994051003 -9999 -9999 -9999 0.0
C0G620 1994051004 -9999 -9999 -9999 0.0
C0G620 1994051005 -9999 -9999 -9999 0.0
C0G620 1994051006 -9999 -9999 -9999 0.0
C0G620 1994051007 -9999 -9999 -9999 0.0
C0G620 1994051008 -9999 -9999 -9999 0.0
C0G620 1994051009 -9999 -9999 -9999 0.0
C0G620 1994051010 -9999 -9999 -9999 0.0
C0G620 1994051011 -9999 -9999 -9999 0.0
C0G620 1994051012 -9999 -9999 -9999 0.0
C0G620 1994051013 -9999 -9999 -9999 0.0
C0G620 1994051014 -9999 -9999 -9999 0.0
C0G620 1994051015 -9999 -9999 -9999 0.0
C0G620 1994051016 -9999 -9999 -9999 0.0
C0G620 1994051017 -9999 -9999 -9999 0.0
C0G620 1994051018 -9999 -9999 -9999 0.0
C0G620 1994051019 -9999 -9999 -9999 0.0
C0G620 1994051020 -9999 -9999 -9999 0.0
C0G620 1994051021 -9999 -9999 -9999 0.0
C0G620 1994051022 -9999 -9999 -9999 0.0
C0G620 1994051023 -9999 -9999 -9999 0.0
C0G620 1994051024 -9999 -9999 -9999 0.0
C0G620 1994051101 -9999 -9999 -9999 0.0
C0G620 1994051102 -9999 -9999 -9999 0.0
C0G620 1994051103 -9999 -9999 -9999 0.0
C0G620 1994051104 -9999 -9999 -9999 0.0
C0G620 1994051105 -9999 -9999 -9999 0.0
C0G620 1994051106 -9999 -9999 -9999 -9996
C0G620 1994051107 -9999 -9999 -9999 -9996
C0G620 1994051108 -9999 -9999 -9999 -9996
C0G620 1994051109 -9999 -9999 -9999 -9996
C0G620 1994051110 -9999 -9999 -9999 0.5
C0G620 1994051111 -9999 -9999 -9999 0.5
C0G620 1994051112 -9999 -9999 -9999 2.5
C0G620 1994051113 -9999 -9999 -9999 27.5
C0G620 1994051114 -9999 -9999 -9999 6.5
C0G620 1994051115 -9999 -9999 -9999 0.0
C0G620 1994051116 -9999 -9999 -9999 0.0
C0G620 1994051117 -9999 -9999 -9999 0.0
C0G620 1994051118 -9999 -9999 -9999 0.0
C0G620 1994051119 -9999 -9999 -9999 0.0
C0G620 1994051120 -9999 -9999 -9999 0.0
C0G620 1994051121 -9999 -9999 -9999 0.0
C0G620 1994051122 -9999 -9999 -9999 0.0
C0G620 1994051123 -9999 -9999 -9999 0.0
C0G620 1994051124 -9999 -9999 -9999 0.0
C0G620 1994051201 -9999 -9999 -9999 0.0
C0G620 1994051202 -9999 -9999 -9999 0.0
C0G620 1994051203 -9999 -9999 -9999 0.0
C0G620 1994051204 -9999 -9999 -9999 0.0
C0G620 1994051205 -9999 -9999 -9999 0.0
C0G620 1994051206 -9999 -9999 -9999 0.0
C0G620 1994051207 -9999 -9999 -9999 0.0
C0G620 1994051208 -9999 -9999 -9999 0.0
C0G620 1994051209 -9999 -9999 -9999 0.0
C0G620 1994051210 -9999 -9999 -9999 0.0
C0G620 1994051211 -9999 -9999 -9999 0.0
C0G620 1994051212 -9999 -9999 -9999 0.0
C0G620 1994051213 -9999 -9999 -9999 0.0
C0G620 1994051214 -9999 -9999 -9999 0.0
C0G620 1994051215 -9999 -9999 -9999 0.0
C0G620 1994051216 -9999 -9999 -9999 0.0
C0G620 1994051217 -9999 -9999 -9999 0.0
C0G620 1994051218 -9999 -9999 -9999 0.0
C0G620 1994051219 -9999 -9999 -9999 0.0
C0G620 1994051220 -9999 -9999 -9999 0.0
C0G620 1994051221 -9999 -9999 -9999 0.0
C0G620 1994051222 -9999 -9999 -9999 0.0
C0G620 1994051223 -9999 -9999 -9999 0.0
C0G620 1994051224 -9999 -9999 -9999 0.0
C0G620 1994051301 -9999 -9999 -9999 0.0
C0G620 1994051302 -9999 -9999 -9999 0.0
C0G620 1994051303 -9999 -9999 -9999 0.0
C0G620 1994051304 -9999 -9999 -9999 0.0
C0G620 1994051305 -9999 -9999 -9999 0.0
C0G620 1994051306 -9999 -9999 -9999 0.0
C0G620 1994051307 -9999 -9999 -9999 0.0
C0G620 1994051308 -9999 -9999 -9999 0.0
C0G620 1994051309 -9999 -9999 -9999 0.0
C0G620 1994051310 -9999 -9999 -9999 0.0
C0G620 1994051311 -9999 -9999 -9999 0.0
C0G620 1994051312 -9999 -9999 -9999 0.0
C0G620 1994051313 -9999 -9999 -9999 0.0
C0G620 1994051314 -9999 -9999 -9999 0.0
C0G620 1994051315 -9999 -9999 -9999 0.0
C0G620 1994051316 -9999 -9999 -9999 0.0
C0G620 1994051317 -9999 -9999 -9999 0.0
C0G620 1994051318 -9999 -9999 -9999 0.0
C0G620 1994051319 -9999 -9999 -9999 0.0
C0G620 1994051320 -9999 -9999 -9999 0.0
C0G620 1994051321 -9999 -9999 -9999 0.0
C0G620 1994051322 -9999 -9999 -9999 0.0
C0G620 1994051323 -9999 -9999 -9999 0.0
C0G620 1994051324 -9999 -9999 -9999 0.0
C0G620 1994051401 -9999 -9999 -9999 0.0
C0G620 1994051402 -9999 -9999 -9999 0.0
C0G620 1994051403 -9999 -9999 -9999 0.0
C0G620 1994051404 -9999 -9999 -9999 0.0
C0G620 1994051405 -9999 -9999 -9999 0.0
C0G620 1994051406 -9999 -9999 -9999 0.0
C0G620 1994051407 -9999 -9999 -9999 0.0
C0G620 1994051408 -9999 -9999 -9999 0.0
C0G620 1994051409 -9999 -9999 -9999 0.0
C0G620 1994051410 -9999 -9999 -9999 0.0
C0G620 1994051411 -9999 -9999 -9999 0.0
C0G620 1994051412 -9999 -9999 -9999 0.0
C0G620 1994051413 -9999 -9999 -9999 0.0
C0G620 1994051414 -9999 -9999 -9999 0.0
C0G620 1994051415 -9999 -9999 -9999 0.0
C0G620 1994051416 -9999 -9999 -9999 0.0
C0G620 1994051417 -9999 -9999 -9999 0.0
C0G620 1994051418 -9999 -9999 -9999 0.0
C0G620 1994051419 -9999 -9999 -9999 0.0
C0G620 1994051420 -9999 -9999 -9999 0.0
C0G620 1994051421 -9999 -9999 -9999 0.0
C0G620 1994051422 -9999 -9999 -9999 0.0
C0G620 1994051423 -9999 -9999 -9999 0.0
C0G620 1994051424 -9999 -9999 -9999 0.0
C0G620 1994051501 -9999 -9999 -9999 0.0
C0G620 1994051502 -9999 -9999 -9999 0.0
C0G620 1994051503 -9999 -9999 -9999 0.0
C0G620 1994051504 -9999 -9999 -9999 0.0
C0G620 1994051505 -9999 -9999 -9999 0.0
C0G620 1994051506 -9999 -9999 -9999 0.0
C0G620 1994051507 -9999 -9999 -9999 0.0
C0G620 1994051508 -9999 -9999 -9999 0.0
C0G620 1994051509 -9999 -9999 -9999 0.0
C0G620 1994051510 -9999 -9999 -9999 0.0
C0G620 1994051511 -9999 -9999 -9999 0.0
C0G620 1994051512 -9999 -9999 -9999 0.0
C0G620 1994051513 -9999 -9999 -9999 0.0
C0G620 1994051514 -9999 -9999 -9999 0.0
C0G620 1994051515 -9999 -9999 -9999 0.0
C0G620 1994051516 -9999 -9999 -9999 0.0
C0G620 1994051517 -9999 -9999 -9999 0.0
C0G620 1994051518 -9999 -9999 -9999 0.0
C0G620 1994051519 -9999 -9999 -9999 0.0
C0G620 1994051520 -9999 -9999 -9999 0.0
C0G620 1994051521 -9999 -9999 -9999 0.0
C0G620 1994051522 -9999 -9999 -9999 0.0
C0G620 1994051523 -9999 -9999 -9999 0.0
C0G620 1994051524 -9999 -9999 -9999 0.0
C0G620 1994051601 -9999 -9999 -9999 0.0
C0G620 1994051602 -9999 -9999 -9999 0.0
C0G620 1994051603 -9999 -9999 -9999 0.0
C0G620 1994051604 -9999 -9999 -9999 0.0
C0G620 1994051605 -9999 -9999 -9999 0.0
C0G620 1994051606 -9999 -9999 -9999 0.0
C0G620 1994051607 -9999 -9999 -9999 0.0
C0G620 1994051608 -9999 -9999 -9999 0.0
C0G620 1994051609 -9999 -9999 -9999 0.0
C0G620 1994051610 -9999 -9999 -9999 0.0
C0G620 1994051611 -9999 -9999 -9999 0.0
C0G620 1994051612 -9999 -9999 -9999 0.0
C0G620 1994051613 -9999 -9999 -9999 0.0
C0G620 1994051614 -9999 -9999 -9999 0.0
C0G620 1994051615 -9999 -9999 -9999 0.0
C0G620 1994051616 -9999 -9999 -9999 0.0
C0G620 1994051617 -9999 -9999 -9999 0.0
C0G620 1994051618 -9999 -9999 -9999 0.0
C0G620 1994051619 -9999 -9999 -9999 0.0
C0G620 1994051620 -9999 -9999 -9999 0.0
C0G620 1994051621 -9999 -9999 -9999 0.0
C0G620 1994051622 -9999 -9999 -9999 0.0
C0G620 1994051623 -9999 -9999 -9999 0.0
C0G620 1994051624 -9999 -9999 -9999 0.0
C0G620 1994051701 -9999 -9999 -9999 0.0
C0G620 1994051702 -9999 -9999 -9999 0.0
C0G620 1994051703 -9999 -9999 -9999 0.0
C0G620 1994051704 -9999 -9999 -9999 0.0
C0G620 1994051705 -9999 -9999 -9999 0.0
C0G620 1994051706 -9999 -9999 -9999 0.0
C0G620 1994051707 -9999 -9999 -9999 0.0
C0G620 1994051708 -9999 -9999 -9999 0.0
C0G620 1994051709 -9999 -9999 -9999 0.0
C0G620 1994051710 -9999 -9999 -9999 -9996
C0G620 1994051711 -9999 -9999 -9999 -9996
C0G620 1994051712 -9999 -9999 -9999 1.5
C0G620 1994051713 -9999 -9999 -9999 8.0
C0G620 1994051714 -9999 -9999 -9999 0.0
C0G620 1994051715 -9999 -9999 -9999 0.0
C0G620 1994051716 -9999 -9999 -9999 0.0
C0G620 1994051717 -9999 -9999 -9999 0.0
C0G620 1994051718 -9999 -9999 -9999 0.0
C0G620 1994051719 -9999 -9999 -9999 0.0
C0G620 1994051720 -9999 -9999 -9999 -9996
C0G620 1994051721 -9999 -9999 -9999 -9996
C0G620 1994051722 -9999 -9999 -9999 -9996
C0G620 1994051723 -9999 -9999 -9999 -9996
C0G620 1994051724 -9999 -9999 -9999 -9996
C0G620 1994051801 -9999 -9999 -9999 3.5
C0G620 1994051802 -9999 -9999 -9999 1.5
C0G620 1994051803 -9999 -9999 -9999 0.5
C0G620 1994051804 -9999 -9999 -9999 -9996
C0G620 1994051805 -9999 -9999 -9999 1.0
C0G620 1994051806 -9999 -9999 -9999 3.5
C0G620 1994051807 -9999 -9999 -9999 1.0
C0G620 1994051808 -9999 -9999 -9999 0.5
C0G620 1994051809 -9999 -9999 -9999 2.5
C0G620 1994051810 -9999 -9999 -9999 0.0
C0G620 1994051811 -9999 -9999 -9999 0.0
C0G620 1994051812 -9999 -9999 -9999 0.0
C0G620 1994051813 -9999 -9999 -9999 0.0
C0G620 1994051814 -9999 -9999 -9999 0.0
C0G620 1994051815 -9999 -9999 -9999 0.0
C0G620 1994051816 -9999 -9999 -9999 0.0
C0G620 1994051817 -9999 -9999 -9999 0.0
C0G620 1994051818 -9999 -9999 -9999 0.0
C0G620 1994051819 -9999 -9999 -9999 0.0
C0G620 1994051820 -9999 -9999 -9999 0.0
C0G620 1994051821 -9999 -9999 -9999 0.0
C0G620 1994051822 -9999 -9999 -9999 0.0
C0G620 1994051823 -9999 -9999 -9999 0.0
C0G620 1994051824 -9999 -9999 -9999 0.0
C0G620 1994051901 -9999 -9999 -9999 0.0
C0G620 1994051902 -9999 -9999 -9999 0.0
C0G620 1994051903 -9999 -9999 -9999 0.0
C0G620 1994051904 -9999 -9999 -9999 0.0
C0G620 1994051905 -9999 -9999 -9999 0.0
C0G620 1994051906 -9999 -9999 -9999 0.0
C0G620 1994051907 -9999 -9999 -9999 0.0
C0G620 1994051908 -9999 -9999 -9999 0.0
C0G620 1994051909 -9999 -9999 -9999 0.0
C0G620 1994051910 -9999 -9999 -9999 0.0
C0G620 1994051911 -9999 -9999 -9999 0.0
C0G620 1994051912 -9999 -9999 -9999 0.0
C0G620 1994051913 -9999 -9999 -9999 0.0
C0G620 1994051914 -9999 -9999 -9999 0.0
C0G620 1994051915 -9999 -9999 -9999 0.0
C0G620 1994051916 -9999 -9999 -9999 0.0
C0G620 1994051917 -9999 -9999 -9999 0.0
C0G620 1994051918 -9999 -9999 -9999 0.0
C0G620 1994051919 -9999 -9999 -9999 0.0
C0G620 1994051920 -9999 -9999 -9999 0.0
C0G620 1994051921 -9999 -9999 -9999 0.0
C0G620 1994051922 -9999 -9999 -9999 0.0
C0G620 1994051923 -9999 -9999 -9999 0.0
C0G620 1994051924 -9999 -9999 -9999 0.0
C0G620 1994052001 -9999 -9999 -9999 0.0
C0G620 1994052002 -9999 -9999 -9999 0.0
C0G620 1994052003 -9999 -9999 -9999 0.0
C0G620 1994052004 -9999 -9999 -9999 0.0
C0G620 1994052005 -9999 -9999 -9999 0.0
C0G620 1994052006 -9999 -9999 -9999 0.0
C0G620 1994052007 -9999 -9999 -9999 0.0
C0G620 1994052008 -9999 -9999 -9999 0.0
C0G620 1994052009 -9999 -9999 -9999 0.0
C0G620 1994052010 -9999 -9999 -9999 0.0
C0G620 1994052011 -9999 -9999 -9999 0.0
C0G620 1994052012 -9999 -9999 -9999 0.0
C0G620 1994052013 -9999 -9999 -9999 0.0
C0G620 1994052014 -9999 -9999 -9999 0.0
C0G620 1994052015 -9999 -9999 -9999 0.0
C0G620 1994052016 -9999 -9999 -9999 0.0
C0G620 1994052017 -9999 -9999 -9999 0.0
C0G620 1994052018 -9999 -9999 -9999 0.0
C0G620 1994052019 -9999 -9999 -9999 0.0
C0G620 1994052020 -9999 -9999 -9999 0.0
C0G620 1994052021 -9999 -9999 -9999 0.0
C0G620 1994052022 -9999 -9999 -9999 0.0
C0G620 1994052023 -9999 -9999 -9999 0.0
C0G620 1994052024 -9999 -9999 -9999 0.0
C0G620 1994052101 -9999 -9999 -9999 0.0
C0G620 1994052102 -9999 -9999 -9999 0.0
C0G620 1994052103 -9999 -9999 -9999 0.0
C0G620 1994052104 -9999 -9999 -9999 0.0
C0G620 1994052105 -9999 -9999 -9999 0.0
C0G620 1994052106 -9999 -9999 -9999 0.0
C0G620 1994052107 -9999 -9999 -9999 0.0
C0G620 1994052108 -9999 -9999 -9999 0.0
C0G620 1994052109 -9999 -9999 -9999 0.0
C0G620 1994052110 -9999 -9999 -9999 0.0
C0G620 1994052111 -9999 -9999 -9999 0.0
C0G620 1994052112 -9999 -9999 -9999 0.0
C0G620 1994052113 -9999 -9999 -9999 0.0
C0G620 1994052114 -9999 -9999 -9999 0.0
C0G620 1994052115 -9999 -9999 -9999 0.0
C0G620 1994052116 -9999 -9999 -9999 0.0
C0G620 1994052117 -9999 -9999 -9999 0.0
C0G620 1994052118 -9999 -9999 -9999 0.0
C0G620 1994052119 -9999 -9999 -9999 0.0
C0G620 1994052120 -9999 -9999 -9999 0.0
C0G620 1994052121 -9999 -9999 -9999 0.0
C0G620 1994052122 -9999 -9999 -9999 0.0
C0G620 1994052123 -9999 -9999 -9999 0.0
C0G620 1994052124 -9999 -9999 -9999 0.0
C0G620 1994052201 -9999 -9999 -9999 0.0
C0G620 1994052202 -9999 -9999 -9999 0.0
C0G620 1994052203 -9999 -9999 -9999 0.0
C0G620 1994052204 -9999 -9999 -9999 0.0
C0G620 1994052205 -9999 -9999 -9999 0.0
C0G620 1994052206 -9999 -9999 -9999 0.0
C0G620 1994052207 -9999 -9999 -9999 0.0
C0G620 1994052208 -9999 -9999 -9999 0.0
C0G620 1994052209 -9999 -9999 -9999 0.0
C0G620 1994052210 -9999 -9999 -9999 0.0
C0G620 1994052211 -9999 -9999 -9999 0.0
C0G620 1994052212 -9999 -9999 -9999 0.0
C0G620 1994052213 -9999 -9999 -9999 0.0
C0G620 1994052214 -9999 -9999 -9999 0.0
C0G620 1994052215 -9999 -9999 -9999 0.0
C0G620 1994052216 -9999 -9999 -9999 0.0
C0G620 1994052217 -9999 -9999 -9999 0.0
C0G620 1994052218 -9999 -9999 -9999 0.0
C0G620 1994052219 -9999 -9999 -9999 0.0
C0G620 1994052220 -9999 -9999 -9999 0.0
C0G620 1994052221 -9999 -9999 -9999 0.0
C0G620 1994052222 -9999 -9999 -9999 0.0
C0G620 1994052223 -9999 -9999 -9999 0.0
C0G620 1994052224 -9999 -9999 -9999 0.0
C0G620 1994052301 -9999 -9999 -9999 0.0
C0G620 1994052302 -9999 -9999 -9999 0.0
C0G620 1994052303 -9999 -9999 -9999 0.0
C0G620 1994052304 -9999 -9999 -9999 0.0
C0G620 1994052305 -9999 -9999 -9999 0.0
C0G620 1994052306 -9999 -9999 -9999 0.0
C0G620 1994052307 -9999 -9999 -9999 0.0
C0G620 1994052308 -9999 -9999 -9999 0.0
C0G620 1994052309 -9999 -9999 -9999 0.0
C0G620 1994052310 -9999 -9999 -9999 0.0
C0G620 1994052311 -9999 -9999 -9999 0.0
C0G620 1994052312 -9999 -9999 -9999 0.0
C0G620 1994052313 -9999 -9999 -9999 0.0
C0G620 1994052314 -9999 -9999 -9999 0.0
C0G620 1994052315 -9999 -9999 -9999 0.0
C0G620 1994052316 -9999 -9999 -9999 0.0
C0G620 1994052317 -9999 -9999 -9999 0.0
C0G620 1994052318 -9999 -9999 -9999 0.0
C0G620 1994052319 -9999 -9999 -9999 0.0
C0G620 1994052320 -9999 -9999 -9999 0.0
C0G620 1994052321 -9999 -9999 -9999 0.0
C0G620 1994052322 -9999 -9999 -9999 0.0
C0G620 1994052323 -9999 -9999 -9999 0.0
C0G620 1994052324 -9999 -9999 -9999 0.0
C0G620 1994052401 -9999 -9999 -9999 0.0
C0G620 1994052402 -9999 -9999 -9999 0.0
C0G620 1994052403 -9999 -9999 -9999 0.0
C0G620 1994052404 -9999 -9999 -9999 0.0
C0G620 1994052405 -9999 -9999 -9999 0.0
C0G620 1994052406 -9999 -9999 -9999 0.0
C0G620 1994052407 -9999 -9999 -9999 0.0
C0G620 1994052408 -9999 -9999 -9999 0.0
C0G620 1994052409 -9999 -9999 -9999 0.0
C0G620 1994052410 -9999 -9999 -9999 0.0
C0G620 1994052411 -9999 -9999 -9999 0.0
C0G620 1994052412 -9999 -9999 -9999 0.0
C0G620 1994052413 -9999 -9999 -9999 0.0
C0G620 1994052414 -9999 -9999 -9999 0.0
C0G620 1994052415 -9999 -9999 -9999 0.0
C0G620 1994052416 -9999 -9999 -9999 0.0
C0G620 1994052417 -9999 -9999 -9999 0.0
C0G620 1994052418 -9999 -9999 -9999 0.0
C0G620 1994052419 -9999 -9999 -9999 0.0
C0G620 1994052420 -9999 -9999 -9999 0.0
C0G620 1994052421 -9999 -9999 -9999 0.0
C0G620 1994052422 -9999 -9999 -9999 0.0
C0G620 1994052423 -9999 -9999 -9999 0.0
C0G620 1994052424 -9999 -9999 -9999 0.0
C0G620 1994052501 -9999 -9999 -9999 0.0
C0G620 1994052502 -9999 -9999 -9999 0.0
C0G620 1994052503 -9999 -9999 -9999 0.0
C0G620 1994052504 -9999 -9999 -9999 0.0
C0G620 1994052505 -9999 -9999 -9999 0.0
C0G620 1994052506 -9999 -9999 -9999 0.0
C0G620 1994052507 -9999 -9999 -9999 0.0
C0G620 1994052508 -9999 -9999 -9999 0.0
C0G620 1994052509 -9999 -9999 -9999 0.0
C0G620 1994052510 -9999 -9999 -9999 0.0
C0G620 1994052511 -9999 -9999 -9999 0.0
C0G620 1994052512 -9999 -9999 -9999 0.0
C0G620 1994052513 -9999 -9999 -9999 0.0
C0G620 1994052514 -9999 -9999 -9999 0.0
C0G620 1994052515 -9999 -9999 -9999 0.0
C0G620 1994052516 -9999 -9999 -9999 0.0
C0G620 1994052517 -9999 -9999 -9999 0.0
C0G620 1994052518 -9999 -9999 -9999 0.0
C0G620 1994052519 -9999 -9999 -9999 0.0
C0G620 1994052520 -9999 -9999 -9999 0.0
C0G620 1994052521 -9999 -9999 -9999 0.0
C0G620 1994052522 -9999 -9999 -9999 0.0
C0G620 1994052523 -9999 -9999 -9999 0.0
C0G620 1994052524 -9999 -9999 -9999 0.0
C0G620 1994052601 -9999 -9999 -9999 0.0
C0G620 1994052602 -9999 -9999 -9999 0.0
C0G620 1994052603 -9999 -9999 -9999 0.0
C0G620 1994052604 -9999 -9999 -9999 0.0
C0G620 1994052605 -9999 -9999 -9999 0.0
C0G620 1994052606 -9999 -9999 -9999 0.0
C0G620 1994052607 -9999 -9999 -9999 0.0
C0G620 1994052608 -9999 -9999 -9999 0.0
C0G620 1994052609 -9999 -9999 -9999 0.0
C0G620 1994052610 -9999 -9999 -9999 0.0
C0G620 1994052611 -9999 -9999 -9999 0.0
C0G620 1994052612 -9999 -9999 -9999 0.0
C0G620 1994052613 -9999 -9999 -9999 0.0
C0G620 1994052614 -9999 -9999 -9999 0.0
C0G620 1994052615 -9999 -9999 -9999 0.0
C0G620 1994052616 -9999 -9999 -9999 0.0
C0G620 1994052617 -9999 -9999 -9999 0.0
C0G620 1994052618 -9999 -9999 -9999 0.0
C0G620 1994052619 -9999 -9999 -9999 0.0
C0G620 1994052620 -9999 -9999 -9999 0.0
C0G620 1994052621 -9999 -9999 -9999 0.0
C0G620 1994052622 -9999 -9999 -9999 0.0
C0G620 1994052623 -9999 -9999 -9999 0.0
C0G620 1994052624 -9999 -9999 -9999 0.0
C0G620 1994052701 -9999 -9999 -9999 0.0
C0G620 1994052702 -9999 -9999 -9999 0.0
C0G620 1994052703 -9999 -9999 -9999 0.0
C0G620 1994052704 -9999 -9999 -9999 0.0
C0G620 1994052705 -9999 -9999 -9999 0.0
C0G620 1994052706 -9999 -9999 -9999 0.0
C0G620 1994052707 -9999 -9999 -9999 0.0
C0G620 1994052708 -9999 -9999 -9999 0.0
C0G620 1994052709 -9999 -9999 -9999 0.0
C0G620 1994052710 -9999 -9999 -9999 0.0
C0G620 1994052711 -9999 -9999 -9999 0.0
C0G620 1994052712 -9999 -9999 -9999 0.0
C0G620 1994052713 -9999 -9999 -9999 0.0
C0G620 1994052714 -9999 -9999 -9999 0.0
C0G620 1994052715 -9999 -9999 -9999 0.0
C0G620 1994052716 -9999 -9999 -9999 0.0
C0G620 1994052717 -9999 -9999 -9999 0.0
C0G620 1994052718 -9999 -9999 -9999 0.0
C0G620 1994052719 -9999 -9999 -9999 0.0
C0G620 1994052720 -9999 -9999 -9999 0.0
C0G620 1994052721 -9999 -9999 -9999 0.0
C0G620 1994052722 -9999 -9999 -9999 0.0
C0G620 1994052723 -9999 -9999 -9999 0.0
C0G620 1994052724 -9999 -9999 -9999 -9996
C0G620 1994052801 -9999 -9999 -9999 4.5
C0G620 1994052802 -9999 -9999 -9999 2.0
C0G620 1994052803 -9999 -9999 -9999 -9996
C0G620 1994052804 -9999 -9999 -9999 -9996
C0G620 1994052805 -9999 -9999 -9999 -9996
C0G620 1994052806 -9999 -9999 -9999 2.0
C0G620 1994052807 -9999 -9999 -9999 6.5
C0G620 1994052808 -9999 -9999 -9999 13.0
C0G620 1994052809 -9999 -9999 -9999 3.0
C0G620 1994052810 -9999 -9999 -9999 0.0
C0G620 1994052811 -9999 -9999 -9999 0.0
C0G620 1994052812 -9999 -9999 -9999 0.0
C0G620 1994052813 -9999 -9999 -9999 0.0
C0G620 1994052814 -9999 -9999 -9999 0.0
C0G620 1994052815 -9999 -9999 -9999 0.0
C0G620 1994052816 -9999 -9999 -9999 0.0
C0G620 1994052817 -9999 -9999 -9999 0.0
C0G620 1994052818 -9999 -9999 -9999 0.0
C0G620 1994052819 -9999 -9999 -9999 0.0
C0G620 1994052820 -9999 -9999 -9999 0.0
C0G620 1994052821 -9999 -9999 -9999 0.0
C0G620 1994052822 -9999 -9999 -9999 0.0
C0G620 1994052823 -9999 -9999 -9999 0.0
C0G620 1994052824 -9999 -9999 -9999 0.0
C0G620 1994052901 -9999 -9999 -9999 0.0
C0G620 1994052902 -9999 -9999 -9999 0.0
C0G620 1994052903 -9999 -9999 -9999 0.0
C0G620 1994052904 -9999 -9999 -9999 0.0
C0G620 1994052905 -9999 -9999 -9999 0.0
C0G620 1994052906 -9999 -9999 -9999 0.0
C0G620 1994052907 -9999 -9999 -9999 0.0
C0G620 1994052908 -9999 -9999 -9999 0.0
C0G620 1994052909 -9999 -9999 -9999 0.0
C0G620 1994052910 -9999 -9999 -9999 0.0
C0G620 1994052911 -9999 -9999 -9999 0.0
C0G620 1994052912 -9999 -9999 -9999 0.0
C0G620 1994052913 -9999 -9999 -9999 0.0
C0G620 1994052914 -9999 -9999 -9999 0.0
C0G620 1994052915 -9999 -9999 -9999 0.0
C0G620 1994052916 -9999 -9999 -9999 0.0
C0G620 1994052917 -9999 -9999 -9999 0.0
C0G620 1994052918 -9999 -9999 -9999 0.0
C0G620 1994052919 -9999 -9999 -9999 0.0
C0G620 1994052920 -9999 -9999 -9999 0.0
C0G620 1994052921 -9999 -9999 -9999 0.0
C0G620 1994052922 -9999 -9999 -9999 0.0
C0G620 1994052923 -9999 -9999 -9999 0.0
C0G620 1994052924 -9999 -9999 -9999 0.0
C0G620 1994053001 -9999 -9999 -9999 0.0
C0G620 1994053002 -9999 -9999 -9999 0.0
C0G620 1994053003 -9999 -9999 -9999 0.0
C0G620 1994053004 -9999 -9999 -9999 0.0
C0G620 1994053005 -9999 -9999 -9999 0.0
C0G620 1994053006 -9999 -9999 -9999 0.0
C0G620 1994053007 -9999 -9999 -9999 0.0
C0G620 1994053008 -9999 -9999 -9999 0.0
C0G620 1994053009 -9999 -9999 -9999 0.0
C0G620 1994053010 -9999 -9999 -9999 0.0
C0G620 1994053011 -9999 -9999 -9999 0.0
C0G620 1994053012 -9999 -9999 -9999 0.0
C0G620 1994053013 -9999 -9999 -9999 0.0
C0G620 1994053014 -9999 -9999 -9999 0.0
C0G620 1994053015 -9999 -9999 -9999 0.0
C0G620 1994053016 -9999 -9999 -9999 0.0
C0G620 1994053017 -9999 -9999 -9999 0.0
C0G620 1994053018 -9999 -9999 -9999 0.0
C0G620 1994053019 -9999 -9999 -9999 0.0
C0G620 1994053020 -9999 -9999 -9999 0.0
C0G620 1994053021 -9999 -9999 -9999 0.0
C0G620 1994053022 -9999 -9999 -9999 0.0
C0G620 1994053023 -9999 -9999 -9999 0.0
C0G620 1994053024 -9999 -9999 -9999 0.0
C0G620 1994053101 -9999 -9999 -9999 0.0
C0G620 1994053102 -9999 -9999 -9999 0.0
C0G620 1994053103 -9999 -9999 -9999 0.0
C0G620 1994053104 -9999 -9999 -9999 0.0
C0G620 1994053105 -9999 -9999 -9999 0.0
C0G620 1994053106 -9999 -9999 -9999 0.0
C0G620 1994053107 -9999 -9999 -9999 0.0
C0G620 1994053108 -9999 -9999 -9999 0.0
C0G620 1994053109 -9999 -9999 -9999 0.0
C0G620 1994053110 -9999 -9999 -9999 0.0
C0G620 1994053111 -9999 -9999 -9999 0.0
C0G620 1994053112 -9999 -9999 -9999 0.0
C0G620 1994053113 -9999 -9999 -9999 0.0
C0G620 1994053114 -9999 -9999 -9999 0.0
C0G620 1994053115 -9999 -9999 -9999 0.0
C0G620 1994053116 -9999 -9999 -9999 -9996
C0G620 1994053117 -9999 -9999 -9999 -9996
C0G620 1994053118 -9999 -9999 -9999 -9996
C0G620 1994053119 -9999 -9999 -9999 -9996
C0G620 1994053120 -9999 -9999 -9999 4.0
C0G620 1994053121 -9999 -9999 -9999 0.5
C0G620 1994053122 -9999 -9999 -9999 0.0
C0G620 1994053123 -9999 -9999 -9999 0.0
C0G620 1994053124 -9999 -9999 -9999 0.0
C0G650 1994050101 23.5 -9999 0.0 0.0
C0G650 1994050102 23.1 -9999 0.0 0.0
C0G650 1994050103 23.0 -9999 0.0 0.0
C0G650 1994050104 22.7 -9999 0.0 0.0
C0G650 1994050105 22.5 -9999 0.0 0.0
C0G650 1994050106 22.6 -9999 0.0 0.0
C0G650 1994050107 24.6 -9999 0.0 0.0
C0G650 1994050108 28.0 -9999 0.0 0.0
C0G650 1994050109 28.9 -9999 0.2 0.0
C0G650 1994050110 30.2 -9999 0.5 0.0
C0G650 1994050111 31.0 -9999 1.1 0.0
C0G650 1994050112 31.9 -9999 1.7 0.0
C0G650 1994050113 32.1 -9999 0.8 0.0
C0G650 1994050114 31.4 -9999 0.9 0.0
C0G650 1994050115 31.2 -9999 0.4 0.0
C0G650 1994050116 29.3 -9999 0.7 0.0
C0G650 1994050117 28.1 -9999 0.1 0.0
C0G650 1994050118 27.6 -9999 0.1 0.0
C0G650 1994050119 27.2 -9999 0.0 0.0
C0G650 1994050120 26.0 -9999 0.0 0.0
C0G650 1994050121 25.5 -9999 0.0 0.0
C0G650 1994050122 25.3 -9999 0.0 0.0
C0G650 1994050123 24.8 -9999 0.0 0.0
C0G650 1994050124 24.4 -9999 0.0 0.0
C0G650 1994050201 24.5 -9999 0.0 0.0
C0G650 1994050202 24.7 -9999 0.0 0.0
C0G650 1994050203 25.3 -9999 0.0 0.0
C0G650 1994050204 24.9 -9999 0.0 0.0
C0G650 1994050205 25.0 -9999 0.0 0.0
C0G650 1994050206 25.1 -9999 0.0 0.0
C0G650 1994050207 26.6 -9999 0.0 0.0
C0G650 1994050208 26.7 -9999 0.4 0.0
C0G650 1994050209 28.1 -9999 1.1 0.0
C0G650 1994050210 28.7 -9999 0.1 0.0
C0G650 1994050211 30.6 -9999 1.7 0.0
C0G650 1994050212 31.8 -9999 1.1 0.0
C0G650 1994050213 33.1 -9999 1.6 0.0
C0G650 1994050214 32.9 -9999 1.8 0.0
C0G650 1994050215 31.1 -9999 1.9 0.0
C0G650 1994050216 30.3 -9999 1.7 0.0
C0G650 1994050217 29.2 -9999 1.3 0.0
C0G650 1994050218 28.3 -9999 0.7 0.0
C0G650 1994050219 27.8 -9999 1.0 0.0
C0G650 1994050220 27.3 -9999 1.1 0.0
C0G650 1994050221 26.8 -9999 0.1 0.0
C0G650 1994050222 26.8 -9999 1.5 0.0
C0G650 1994050223 26.3 -9999 1.2 0.0
C0G650 1994050224 25.7 -9999 -9997 0.0
C0G650 1994050301 25.4 -9999 2.1 0.0
C0G650 1994050302 25.4 -9999 2.1 0.0
C0G650 1994050303 25.8 -9999 1.9 0.0
C0G650 1994050304 25.3 -9999 0.8 0.0
C0G650 1994050305 25.2 -9999 1.0 0.0
C0G650 1994050306 25.2 -9999 0.9 0.0
C0G650 1994050307 25.5 -9999 0.7 0.0
C0G650 1994050308 24.5 -9999 0.4 0.5
C0G650 1994050309 25.0 -9999 2.4 0.5
C0G650 1994050310 25.9 -9999 0.0 0.0
C0G650 1994050311 26.4 -9999 0.0 0.0
C0G650 1994050312 -9997 -9999 0.1 0.5
C0G650 1994050313 25.2 -9999 0.0 0.0
C0G650 1994050314 23.7 -9999 0.3 5.0
C0G650 1994050315 22.1 -9999 1.0 11.5
C0G650 1994050316 21.6 -9999 1.7 9.5
C0G650 1994050317 -9997 -9999 -9997 13.5
C0G650 1994050318 20.9 -9999 2.5 176.0
C0G650 1994050319 21.4 -9999 0.9 38.0
C0G650 1994050320 22.1 -9999 2.0 35.0
C0G650 1994050321 22.3 -9999 0.0 21.0
C0G650 1994050322 22.5 -9999 0.0 7.0
C0G650 1994050323 23.0 -9999 0.5 0.5
C0G650 1994050324 23.4 -9999 0.0 0.0
C0G650 1994050401 -9997 -9999 -9997 6.5
C0G650 1994050402 23.8 -9999 0.3 1.5
C0G650 1994050403 23.8 -9999 0.5 0.0
C0G650 1994050404 23.9 -9999 1.7 0.0
C0G650 1994050405 23.9 -9999 1.6 0.0
C0G650 1994050406 23.7 -9999 1.2 0.0
C0G650 1994050407 -9997 -9999 -9997 8.0
C0G650 1994050408 -9997 -9999 -9997 59.0
C0G650 1994050409 23.0 -9999 3.2 8.0
C0G650 1994050410 24.0 -9999 0.5 0.0
C0G650 1994050411 26.2 -9999 0.6 0.0
C0G650 1994050412 30.2 -9999 1.1 0.0
C0G650 1994050413 28.9 -9999 2.1 0.0
C0G650 1994050414 -9997 -9999 -9997 0.0
C0G650 1994050415 24.9 -9999 1.0 0.5
C0G650 1994050416 23.5 -9999 0.3 0.0
C0G650 1994050417 22.5 -9999 -9997 0.0
C0G650 1994050418 22.6 -9999 0.0 160.5
C0G650 1994050419 21.8 -9999 0.1 0.5
C0G650 1994050420 20.6 -9999 0.5 5.5
C0G650 1994050421 20.6 -9999 0.0 15.0
C0G650 1994050422 20.8 -9999 0.0 4.0
C0G650 1994050423 19.5 -9999 2.8 4.0
C0G650 1994050424 18.4 -9999 1.7 5.0
C0G650 1994050501 19.6 -9999 0.5 0.5
C0G650 1994050502 19.5 -9999 0.0 3.0
C0G650 1994050503 19.3 -9999 0.0 2.0
C0G650 1994050504 18.7 -9999 0.1 0.5
C0G650 1994050505 18.6 -9999 0.0 1.5
C0G650 1994050506 18.8 -9999 0.0 0.0
C0G650 1994050507 18.7 -9999 0.2 0.0
C0G650 1994050508 21.2 -9999 0.3 0.0
C0G650 1994050509 22.8 -9999 1.0 0.0
C0G650 1994050510 24.5 -9999 1.1 0.0
C0G650 1994050511 26.0 -9999 3.5 0.0
C0G650 1994050512 26.7 -9999 2.6 0.0
C0G650 1994050513 27.3 -9999 2.5 0.0
C0G650 1994050514 27.6 -9999 1.6 0.0
C0G650 1994050515 27.5 -9999 3.0 0.0
C0G650 1994050516 27.0 -9999 2.2 0.0
C0G650 1994050517 26.4 -9999 1.9 0.0
C0G650 1994050518 25.5 -9999 0.8 0.0
C0G650 1994050519 24.4 -9999 0.7 0.0
C0G650 1994050520 23.8 -9999 0.5 0.0
C0G650 1994050521 22.5 -9999 0.1 0.0
C0G650 1994050522 21.3 -9999 0.0 0.0
C0G650 1994050523 21.3 -9999 0.0 0.0
C0G650 1994050524 21.0 -9999 0.0 0.0
C0G650 1994050601 20.1 -9999 0.0 0.0
C0G650 1994050602 20.1 -9999 0.0 0.0
C0G650 1994050603 20.2 -9999 0.0 0.0
C0G650 1994050604 20.6 -9999 0.0 0.0
C0G650 1994050605 20.4 -9999 0.0 0.0
C0G650 1994050606 20.5 -9999 0.0 0.0
C0G650 1994050607 22.0 -9999 0.0 0.0
C0G650 1994050608 23.4 -9999 0.7 0.0
C0G650 1994050609 24.7 -9999 2.7 0.0
C0G650 1994050610 26.1 -9999 2.3 0.0
C0G650 1994050611 26.7 -9999 1.2 0.0
C0G650 1994050612 27.1 -9999 1.7 0.0
C0G650 1994050613 27.3 -9999 1.0 0.0
C0G650 1994050614 26.8 -9999 0.7 0.0
C0G650 1994050615 26.6 -9999 0.5 0.0
C0G650 1994050616 25.9 -9999 0.3 0.0
C0G650 1994050617 25.6 -9999 0.4 0.0
C0G650 1994050618 -9997 -9999 0.2 0.0
C0G650 1994050619 23.9 -9999 0.0 0.0
C0G650 1994050620 23.7 -9999 0.0 0.0
C0G650 1994050621 23.4 -9999 0.0 0.0
C0G650 1994050622 22.9 -9999 0.0 0.0
C0G650 1994050623 22.9 -9999 0.0 0.0
C0G650 1994050624 22.5 -9999 0.0 0.0
C0G650 1994050701 22.4 -9999 0.0 0.0
C0G650 1994050702 22.1 -9999 0.0 0.0
C0G650 1994050703 22.4 -9999 0.0 0.0
C0G650 1994050704 22.2 -9999 0.0 0.0
C0G650 1994050705 22.4 -9999 0.0 0.0
C0G650 1994050706 22.1 -9999 0.0 0.0
C0G650 1994050707 22.7 -9999 0.0 0.0
C0G650 1994050708 23.9 -9999 0.0 0.0
C0G650 1994050709 25.1 -9999 0.0 0.0
C0G650 1994050710 25.4 -9999 0.0 0.0
C0G650 1994050711 26.3 -9999 0.0 0.0
C0G650 1994050712 26.3 -9999 0.0 0.0
C0G650 1994050713 27.5 -9999 0.0 0.0
C0G650 1994050714 26.6 -9999 0.0 0.0
C0G650 1994050715 26.2 -9999 0.0 0.0
C0G650 1994050716 25.6 -9999 0.2 0.0
C0G650 1994050717 25.6 -9999 0.2 0.0
C0G650 1994050718 25.1 -9999 0.0 0.0
C0G650 1994050719 23.8 -9999 0.0 0.0
C0G650 1994050720 22.8 -9999 0.0 0.0
C0G650 1994050721 21.7 -9999 0.0 0.0
C0G650 1994050722 20.8 -9999 0.0 0.0
C0G650 1994050723 20.2 -9999 0.0 0.0
C0G650 1994050724 19.5 -9999 0.0 0.0
C0G650 1994050801 19.5 -9999 0.0 0.0
C0G650 1994050802 19.0 -9999 0.0 0.0
C0G650 1994050803 19.9 -9999 0.0 0.0
C0G650 1994050804 20.8 -9999 0.0 0.0
C0G650 1994050805 20.5 -9999 0.0 0.0
C0G650 1994050806 21.1 -9999 0.0 0.0
C0G650 1994050807 23.4 -9999 0.5 0.0
C0G650 1994050808 25.1 -9999 1.2 0.0
C0G650 1994050809 26.0 -9999 1.3 0.0
C0G650 1994050810 28.3 -9999 0.1 0.0
C0G650 1994050811 29.1 -9999 0.3 0.0
C0G650 1994050812 28.7 -9999 0.3 0.0
C0G650 1994050813 28.4 -9999 0.3 0.0
C0G650 1994050814 27.3 -9999 0.5 0.0
C0G650 1994050815 27.3 -9999 1.6 0.0
C0G650 1994050816 27.3 -9999 0.5 0.0
C0G650 1994050817 27.2 -9999 0.0 0.0
C0G650 1994050818 26.4 -9999 0.3 0.0
C0G650 1994050819 24.9 -9999 0.0 0.0
C0G650 1994050820 23.1 -9999 0.0 0.0
C0G650 1994050821 22.4 -9999 0.0 0.0
C0G650 1994050822 21.7 -9999 0.0 0.0
C0G650 1994050823 21.3 -9999 0.0 0.0
C0G650 1994050824 21.7 -9999 0.0 0.0
C0G650 1994050901 20.9 -9999 0.0 0.0
C0G650 1994050902 20.4 -9999 0.0 0.0
C0G650 1994050903 20.2 -9999 0.0 0.0
C0G650 1994050904 20.1 -9999 0.0 0.0
C0G650 1994050905 20.2 -9999 0.0 0.0
C0G650 1994050906 20.4 -9999 0.0 0.0
C0G650 1994050907 21.8 -9999 0.0 0.0
C0G650 1994050908 25.5 -9999 0.4 0.0
C0G650 1994050909 26.7 -9999 0.5 0.0
C0G650 1994050910 28.4 -9999 0.4 0.0
C0G650 1994050911 29.3 -9999 0.4 0.0
C0G650 1994050912 30.2 -9999 0.1 0.0
C0G650 1994050913 29.8 -9999 0.7 0.0
C0G650 1994050914 30.2 -9999 0.5 0.0
C0G650 1994050915 29.6 -9999 0.3 0.0
C0G650 1994050916 29.2 -9999 0.2 0.0
C0G650 1994050917 28.3 -9999 0.1 0.0
C0G650 1994050918 27.0 -9999 0.0 0.0
C0G650 1994050919 26.0 -9999 0.1 0.0
C0G650 1994050920 25.5 -9999 0.0 0.0
C0G650 1994050921 24.7 -9999 0.0 0.0
C0G650 1994050922 23.9 -9999 0.0 0.0
C0G650 1994050923 22.8 -9999 0.0 0.0
C0G650 1994050924 22.3 -9999 0.0 0.0
C0G650 1994051001 22.0 -9999 0.0 0.0
C0G650 1994051002 21.9 -9999 0.0 0.0
C0G650 1994051003 22.6 -9999 0.0 0.0
C0G650 1994051004 22.0 -9999 0.0 0.0
C0G650 1994051005 21.9 -9999 0.0 0.0
C0G650 1994051006 21.9 -9999 0.0 0.0
C0G650 1994051007 23.4 -9999 0.0 0.0
C0G650 1994051008 26.5 -9999 0.9 0.0
C0G650 1994051009 27.8 -9999 0.7 0.0
C0G650 1994051010 28.7 -9999 1.4 167.0
C0G650 1994051011 29.6 -9999 0.6 0.0
C0G650 1994051012 30.1 -9999 1.4 0.0
C0G650 1994051013 30.8 -9999 1.8 0.0
C0G650 1994051014 31.3 -9999 1.5 0.0
C0G650 1994051015 31.3 -9999 1.1 0.0
C0G650 1994051016 30.3 -9999 1.6 0.0
C0G650 1994051017 29.2 -9999 1.0 0.0
C0G650 1994051018 28.2 -9999 0.6 0.0
C0G650 1994051019 26.7 -9999 0.1 0.0
C0G650 1994051020 25.3 -9999 0.4 0.0
C0G650 1994051021 24.7 -9999 0.0 0.0
C0G650 1994051022 24.3 -9999 1.0 0.0
C0G650 1994051023 24.5 -9999 0.7 0.0
C0G650 1994051024 24.1 -9999 0.1 0.0
C0G650 1994051101 23.5 -9999 0.0 0.0
C0G650 1994051102 23.1 -9999 0.0 0.0
C0G650 1994051103 23.0 -9999 0.0 0.0
C0G650 1994051104 23.0 -9999 0.0 0.0
C0G650 1994051105 23.3 -9999 0.0 0.0
C0G650 1994051106 23.9 -9999 0.0 0.0
C0G650 1994051107 24.5 -9999 0.0 0.0
C0G650 1994051108 25.6 -9999 0.0 0.0
C0G650 1994051109 26.4 -9999 0.4 0.0
C0G650 1994051110 25.3 -9999 1.1 0.0
C0G650 1994051111 25.9 -9999 0.2 0.0
C0G650 1994051112 22.9 -9999 2.7 4.0
C0G650 1994051113 23.0 -9999 0.6 24.0
C0G650 1994051114 23.5 -9999 0.0 8.0
C0G650 1994051115 24.7 -9999 1.2 0.0
C0G650 1994051116 25.9 -9999 0.0 0.0
C0G650 1994051117 26.4 -9999 0.0 0.0
C0G650 1994051118 26.1 -9999 0.0 0.0
C0G650 1994051119 25.3 -9999 0.0 0.0
C0G650 1994051120 24.8 -9999 0.0 0.0
C0G650 1994051121 24.6 -9999 0.0 0.5
C0G650 1994051122 23.7 -9999 0.0 0.0
C0G650 1994051123 23.4 -9999 0.0 0.0
C0G650 1994051124 23.3 -9999 0.0 0.0
C0G650 1994051201 23.4 -9999 0.0 0.0
C0G650 1994051202 23.6 -9999 0.0 0.0
C0G650 1994051203 23.9 -9999 0.0 0.0
C0G650 1994051204 23.9 -9999 0.0 0.0
C0G650 1994051205 23.7 -9999 0.0 0.0
C0G650 1994051206 23.8 -9999 0.0 0.0
C0G650 1994051207 24.6 -9999 0.0 0.0
C0G650 1994051208 25.8 -9999 0.0 0.0
C0G650 1994051209 27.4 -9999 0.0 0.0
C0G650 1994051210 29.7 -9999 0.5 0.0
C0G650 1994051211 29.4 -9999 0.3 0.5
C0G650 1994051212 30.4 -9999 0.3 0.0
C0G650 1994051213 30.8 -9999 0.9 0.0
C0G650 1994051214 31.5 -9999 0.9 0.0
C0G650 1994051215 31.6 -9999 0.7 0.0
C0G650 1994051216 31.4 -9999 0.6 0.0
C0G650 1994051217 29.8 -9999 0.3 0.0
C0G650 1994051218 28.0 -9999 0.1 0.0
C0G650 1994051219 26.4 -9999 0.0 0.0
C0G650 1994051220 25.5 -9999 0.0 0.0
C0G650 1994051221 24.6 -9999 0.0 0.0
C0G650 1994051222 24.0 -9999 0.0 0.0
C0G650 1994051223 -9997 -9999 -9997 0.0
C0G650 1994051224 23.5 -9999 0.0 0.0
C0G650 1994051301 23.6 -9999 0.0 0.0
C0G650 1994051302 23.5 -9999 0.0 0.0
C0G650 1994051303 23.1 -9999 0.0 0.0
C0G650 1994051304 23.6 -9999 0.0 0.0
C0G650 1994051305 23.7 -9999 0.0 0.0
C0G650 1994051306 24.1 -9999 0.0 0.0
C0G650 1994051307 25.5 -9999 0.0 0.0
C0G650 1994051308 27.7 -9999 0.3 0.0
C0G650 1994051309 28.9 -9999 0.7 0.0
C0G650 1994051310 29.4 -9999 0.6 0.0
C0G650 1994051311 30.5 -9999 0.5 0.0
C0G650 1994051312 30.9 -9999 0.1 0.0
C0G650 1994051313 31.1 -9999 0.4 0.0
C0G650 1994051314 30.6 -9999 1.3 0.0
C0G650 1994051315 31.7 -9999 0.3 0.0
C0G650 1994051316 31.1 -9999 0.9 0.0
C0G650 1994051317 30.4 -9999 0.4 0.0
C0G650 1994051318 28.6 -9999 0.4 0.0
C0G650 1994051319 27.7 -9999 0.0 0.0
C0G650 1994051320 26.4 -9999 0.0 0.0
C0G650 1994051321 25.5 -9999 0.0 0.0
C0G650 1994051322 25.7 -9999 0.0 0.0
C0G650 1994051323 25.0 -9999 0.0 0.0
C0G650 1994051324 24.2 -9999 0.2 0.0
C0G650 1994051401 24.1 -9999 0.0 0.0
C0G650 1994051402 23.7 -9999 0.0 0.0
C0G650 1994051403 24.5 -9999 0.8 0.0
C0G650 1994051404 24.6 -9999 1.1 0.0
C0G650 1994051405 24.6 -9999 1.9 0.0
C0G650 1994051406 24.8 -9999 0.0 0.0
C0G650 1994051407 26.3 -9999 0.4 0.0
C0G650 1994051408 27.1 -9999 1.3 0.0
C0G650 1994051409 28.4 -9999 2.9 0.0
C0G650 1994051410 30.1 -9999 2.3 0.0
C0G650 1994051411 29.3 -9999 2.0 0.0
C0G650 1994051412 30.8 -9999 1.6 0.0
C0G650 1994051413 31.5 -9999 2.2 0.0
C0G650 1994051414 31.7 -9999 1.4 0.0
C0G650 1994051415 31.3 -9999 2.5 0.0
C0G650 1994051416 31.6 -9999 1.9 0.0
C0G650 1994051417 30.8 -9999 2.1 0.0
C0G650 1994051418 29.4 -9999 1.6 0.0
C0G650 1994051419 27.8 -9999 0.2 0.0
C0G650 1994051420 27.2 -9999 0.7 0.0
C0G650 1994051421 26.4 -9999 -9997 0.0
C0G650 1994051422 26.1 -9999 0.0 0.0
C0G650 1994051423 25.4 -9999 0.2 0.0
C0G650 1994051424 25.4 -9999 0.0 0.0
C0G650 1994051501 25.1 -9999 0.0 0.0
C0G650 1994051502 24.8 -9999 0.0 0.0
C0G650 1994051503 24.9 -9999 0.1 0.0
C0G650 1994051504 25.4 -9999 0.0 0.0
C0G650 1994051505 25.5 -9999 0.0 0.0
C0G650 1994051506 26.1 -9999 0.0 0.0
C0G650 1994051507 27.6 -9999 0.0 0.0
C0G650 1994051508 30.0 -9999 0.0 0.0
C0G650 1994051509 31.3 -9999 0.5 0.0
C0G650 1994051510 32.4 -9999 0.3 0.0
C0G650 1994051511 33.6 -9999 0.0 0.0
C0G650 1994051512 32.2 -9999 0.5 0.0
C0G650 1994051513 32.2 -9999 1.4 0.0
C0G650 1994051514 33.1 -9999 0.9 0.0
C0G650 1994051515 32.0 -9999 0.6 0.0
C0G650 1994051516 31.8 -9999 0.4 0.0
C0G650 1994051517 30.6 -9999 0.1 0.0
C0G650 1994051518 29.4 -9999 0.0 0.0
C0G650 1994051519 28.8 -9999 0.1 0.0
C0G650 1994051520 28.4 -9999 0.0 0.0
C0G650 1994051521 27.1 -9999 0.0 0.0
C0G650 1994051522 26.3 -9999 0.0 0.0
C0G650 1994051523 26.0 -9999 0.0 0.0
C0G650 1994051524 25.6 -9999 0.0 0.0
C0G650 1994051601 25.3 -9999 0.0 0.0
C0G650 1994051602 25.3 -9999 0.0 0.0
C0G650 1994051603 25.7 -9999 0.0 0.0
C0G650 1994051604 25.8 -9999 0.0 0.0
C0G650 1994051605 25.6 -9999 1.0 0.0
C0G650 1994051606 25.9 -9999 0.0 0.0
C0G650 1994051607 27.1 -9999 0.2 0.0
C0G650 1994051608 28.5 -9999 1.0 0.0
C0G650 1994051609 29.7 -9999 0.2 0.0
C0G650 1994051610 30.8 -9999 0.6 0.0
C0G650 1994051611 32.6 -9999 0.4 0.0
C0G650 1994051612 32.0 -9999 1.3 0.0
C0G650 1994051613 -9997 -9999 0.6 0.0
C0G650 1994051614 32.7 -9999 0.9 0.0
C0G650 1994051615 32.9 -9999 0.9 0.0
C0G650 1994051616 31.3 -9999 0.2 0.0
C0G650 1994051617 30.5 -9999 0.1 0.0
C0G650 1994051618 29.2 -9999 0.2 0.0
C0G650 1994051619 28.4 -9999 0.0 0.0
C0G650 1994051620 27.9 -9999 0.0 0.0
C0G650 1994051621 27.4 -9999 0.0 0.0
C0G650 1994051622 26.7 -9999 0.8 0.0
C0G650 1994051623 26.6 -9999 0.0 0.0
C0G650 1994051624 25.9 -9999 0.7 0.0
C0G650 1994051701 25.3 -9999 0.0 0.0
C0G650 1994051702 24.7 -9999 0.0 0.0
C0G650 1994051703 25.1 -9999 0.3 0.0
C0G650 1994051704 24.9 -9999 0.1 0.0
C0G650 1994051705 24.7 -9999 0.0 0.0
C0G650 1994051706 25.4 -9999 1.7 0.0
C0G650 1994051707 26.7 -9999 0.2 0.0
C0G650 1994051708 28.7 -9999 1.6 0.0
C0G650 1994051709 28.8 -9999 0.6 0.0
C0G650 1994051710 29.4 -9999 2.0 0.0
C0G650 1994051711 30.5 -9999 1.7 0.0
C0G650 1994051712 28.2 -9999 2.0 0.0
C0G650 1994051713 30.0 -9999 0.9 0.5
C0G650 1994051714 30.7 -9999 1.3 0.0
C0G650 1994051715 30.6 -9999 0.7 0.0
C0G650 1994051716 31.5 -9999 0.2 0.0
C0G650 1994051717 30.8 -9999 0.0 0.0
C0G650 1994051718 29.3 -9999 0.4 0.0
C0G650 1994051719 28.6 -9999 0.0 0.0
C0G650 1994051720 27.0 -9999 0.0 0.0
C0G650 1994051721 26.2 -9999 0.0 0.0
C0G650 1994051722 25.9 -9999 0.0 0.0
C0G650 1994051723 26.1 -9999 0.0 0.0
C0G650 1994051724 26.3 -9999 0.0 0.0
C0G650 1994051801 25.0 -9999 0.8 1.0
C0G650 1994051802 24.2 -9999 0.3 0.5
C0G650 1994051803 24.0 -9999 1.6 0.0
C0G650 1994051804 23.9 -9999 0.6 0.0
C0G650 1994051805 22.9 -9999 0.3 0.5
C0G650 1994051806 22.7 -9999 0.2 0.0
C0G650 1994051807 22.3 -9999 0.1 4.5
C0G650 1994051808 21.9 -9999 0.6 18.5
C0G650 1994051809 22.4 -9999 0.7 2.0
C0G650 1994051810 23.7 -9999 1.0 0.0
C0G650 1994051811 25.2 -9999 0.4 0.0
C0G650 1994051812 25.8 -9999 0.5 0.0
C0G650 1994051813 25.5 -9999 0.4 0.0
C0G650 1994051814 25.7 -9999 0.8 0.0
C0G650 1994051815 27.1 -9999 1.2 0.0
C0G650 1994051816 27.3 -9999 1.4 0.0
C0G650 1994051817 26.5 -9999 1.4 0.0
C0G650 1994051818 25.5 -9999 1.3 75.0
C0G650 1994051819 24.7 -9999 0.2 0.0
C0G650 1994051820 24.2 -9999 0.1 0.0
C0G650 1994051821 23.8 -9999 0.0 0.0
C0G650 1994051822 23.3 -9999 0.0 0.0
C0G650 1994051823 23.2 -9999 0.0 0.0
C0G650 1994051824 23.0 -9999 0.0 0.0
C0G650 1994051901 22.8 -9999 0.0 0.0
C0G650 1994051902 22.3 -9999 0.2 0.0
C0G650 1994051903 22.0 -9999 0.0 0.0
C0G650 1994051904 21.9 -9999 0.0 0.0
C0G650 1994051905 22.2 -9999 0.2 0.0
C0G650 1994051906 22.3 -9999 0.0 0.0
C0G650 1994051907 23.4 -9999 0.0 0.0
C0G650 1994051908 25.1 -9999 0.0 0.0
C0G650 1994051909 26.3 -9999 0.0 0.0
C0G650 1994051910 27.2 -9999 0.1 0.0
C0G650 1994051911 27.8 -9999 0.1 0.0
C0G650 1994051912 29.8 -9999 0.0 0.0
C0G650 1994051913 30.0 -9999 0.2 0.0
C0G650 1994051914 30.0 -9999 0.6 0.0
C0G650 1994051915 30.5 -9999 0.2 0.0
C0G650 1994051916 29.4 -9999 1.7 0.0
C0G650 1994051917 29.1 -9999 0.2 0.0
C0G650 1994051918 27.8 -9999 0.2 0.0
C0G650 1994051919 26.4 -9999 0.0 0.0
C0G650 1994051920 25.6 -9999 0.0 0.0
C0G650 1994051921 24.7 -9999 0.2 0.0
C0G650 1994051922 24.1 -9999 0.0 0.0
C0G650 1994051923 23.8 -9999 0.0 0.0
C0G650 1994051924 23.5 -9999 0.0 0.0
C0G650 1994052001 23.5 -9999 0.0 0.0
C0G650 1994052002 23.7 -9999 0.0 0.0
C0G650 1994052003 23.5 -9999 0.0 0.0
C0G650 1994052004 23.4 -9999 0.0 0.0
C0G650 1994052005 23.3 -9999 0.0 0.0
C0G650 1994052006 23.6 -9999 0.0 0.0
C0G650 1994052007 24.6 -9999 0.0 0.0
C0G650 1994052008 26.8 -9999 1.1 0.0
C0G650 1994052009 28.4 -9999 0.5 0.0
C0G650 1994052010 30.1 -9999 1.9 0.0
C0G650 1994052011 30.7 -9999 1.2 0.0
C0G650 1994052012 31.2 -9999 0.8 0.0
C0G650 1994052013 31.0 -9999 1.8 0.0
C0G650 1994052014 32.6 -9999 0.2 0.0
C0G650 1994052015 30.8 -9999 0.7 0.0
C0G650 1994052016 30.2 -9999 0.6 0.0
C0G650 1994052017 29.7 -9999 0.3 0.0
C0G650 1994052018 28.9 -9999 0.0 0.0
C0G650 1994052019 27.0 -9999 0.1 0.0
C0G650 1994052020 25.6 -9999 0.0 0.0
C0G650 1994052021 25.5 -9999 0.0 0.0
C0G650 1994052022 -9997 -9999 0.0 0.0
C0G650 1994052023 24.9 -9999 0.0 0.0
C0G650 1994052024 24.2 -9999 0.0 0.0
C0G650 1994052101 23.7 -9999 0.0 0.0
C0G650 1994052102 23.4 -9999 0.0 0.0
C0G650 1994052103 23.1 -9999 0.0 0.0
C0G650 1994052104 22.9 -9999 0.0 0.0
C0G650 1994052105 23.0 -9999 0.0 0.0
C0G650 1994052106 23.4 -9999 0.0 0.0
C0G650 1994052107 25.5 -9999 0.1 0.0
C0G650 1994052108 27.6 -9999 1.2 0.0
C0G650 1994052109 29.1 -9999 0.1 0.0
C0G650 1994052110 29.6 -9999 0.1 0.0
C0G650 1994052111 30.3 -9999 1.3 0.0
C0G650 1994052112 31.1 -9999 1.3 0.0
C0G650 1994052113 31.6 -9999 1.7 0.0
C0G650 1994052114 31.2 -9999 1.0 0.0
C0G650 1994052115 30.8 -9999 0.9 0.0
C0G650 1994052116 29.7 -9999 0.5 0.0
C0G650 1994052117 29.0 -9999 0.2 0.0
C0G650 1994052118 27.7 -9999 0.0 0.0
C0G650 1994052119 26.8 -9999 0.0 0.0
C0G650 1994052120 25.9 -9999 0.0 0.0
C0G650 1994052121 24.9 -9999 0.0 0.0
C0G650 1994052122 24.3 -9999 0.0 0.0
C0G650 1994052123 24.1 -9999 0.0 0.0
C0G650 1994052124 24.3 -9999 0.0 0.0
C0G650 1994052201 23.3 -9999 0.0 0.0
C0G650 1994052202 22.7 -9999 0.0 0.0
C0G650 1994052203 22.3 -9999 0.0 0.0
C0G650 1994052204 22.3 -9999 0.0 0.0
C0G650 1994052205 22.2 -9999 0.0 0.0
C0G650 1994052206 23.0 -9999 0.0 0.0
C0G650 1994052207 24.9 -9999 0.0 0.0
C0G650 1994052208 27.9 -9999 0.0 0.0
C0G650 1994052209 29.8 -9999 0.0 0.0
C0G650 1994052210 30.4 -9999 0.1 0.0
C0G650 1994052211 29.8 -9999 0.3 0.0
C0G650 1994052212 31.6 -9999 0.4 0.0
C0G650 1994052213 30.8 -9999 0.6 0.0
C0G650 1994052214 31.4 -9999 0.7 0.0
C0G650 1994052215 30.3 -9999 -9997 0.0
C0G650 1994052216 29.7 -9999 0.6 0.0
C0G650 1994052217 28.8 -9999 0.1 0.0
C0G650 1994052218 27.9 -9999 1.0 0.0
C0G650 1994052219 27.5 -9999 0.3 0.0
C0G650 1994052220 26.9 -9999 0.0 0.0
C0G650 1994052221 26.3 -9999 0.0 0.0
C0G650 1994052222 25.5 -9999 0.0 0.0
C0G650 1994052223 25.1 -9999 0.0 0.0
C0G650 1994052224 24.9 -9999 0.0 0.0
C0G650 1994052301 24.8 -9999 0.0 0.0
C0G650 1994052302 24.8 -9999 0.0 0.0
C0G650 1994052303 24.5 -9999 0.0 0.0
C0G650 1994052304 24.2 -9999 0.0 0.0
C0G650 1994052305 24.2 -9999 0.0 0.0
C0G650 1994052306 24.8 -9999 0.0 0.0
C0G650 1994052307 25.8 -9999 0.0 0.0
C0G650 1994052308 -9997 -9999 0.0 0.0
C0G650 1994052309 27.8 -9999 -9997 0.0
C0G650 1994052310 29.2 -9999 0.9 0.0
C0G650 1994052311 30.1 -9999 1.0 0.0
C0G650 1994052312 31.3 -9999 0.2 0.0
C0G650 1994052313 32.1 -9999 0.3 0.0
C0G650 1994052314 31.8 -9999 0.3 0.0
C0G650 1994052315 30.3 -9999 0.4 0.0
C0G650 1994052316 31.2 -9999 0.4 0.0
C0G650 1994052317 29.5 -9999 0.1 0.0
C0G650 1994052318 28.5 -9999 0.3 0.0
C0G650 1994052319 27.8 -9999 0.0 0.0
C0G650 1994052320 26.5 -9999 0.0 0.0
C0G650 1994052321 25.5 -9999 0.1 0.0
C0G650 1994052322 25.8 -9999 0.0 0.0
C0G650 1994052323 25.0 -9999 0.0 0.0
C0G650 1994052324 24.5 -9999 0.0 0.0
C0G650 1994052401 24.2 -9999 0.0 0.0
C0G650 1994052402 24.0 -9999 0.0 0.0
C0G650 1994052403 24.1 -9999 0.0 0.0
C0G650 1994052404 24.3 -9999 0.0 0.0
C0G650 1994052405 24.4 -9999 0.0 0.0
C0G650 1994052406 25.2 -9999 0.0 0.0
C0G650 1994052407 26.7 -9999 0.0 0.0
C0G650 1994052408 28.8 -9999 0.0 0.0
C0G650 1994052409 30.2 -9999 0.0 0.0
C0G650 1994052410 30.8 -9999 0.4 0.0
C0G650 1994052411 32.0 -9999 0.5 0.0
C0G650 1994052412 32.0 -9999 1.1 0.0
C0G650 1994052413 31.8 -9999 0.6 0.0
C0G650 1994052414 32.9 -9999 0.3 0.0
C0G650 1994052415 32.4 -9999 0.5 0.0
C0G650 1994052416 -9997 -9999 0.4 0.0
C0G650 1994052417 31.2 -9999 0.3 0.0
C0G650 1994052418 30.3 -9999 0.1 0.0
C0G650 1994052419 28.7 -9999 0.0 0.0
C0G650 1994052420 27.8 -9999 0.0 0.0
C0G650 1994052421 26.9 -9999 0.0 0.0
C0G650 1994052422 26.6 -9999 0.0 0.0
C0G650 1994052423 26.4 -9999 0.0 0.0
C0G650 1994052424 26.4 -9999 0.1 0.0
C0G650 1994052501 26.1 -9999 0.0 0.0
C0G650 1994052502 26.2 -9999 0.0 0.0
C0G650 1994052503 25.9 -9999 0.0 0.0
C0G650 1994052504 25.6 -9999 0.0 0.0
C0G650 1994052505 24.9 -9999 0.0 0.0
C0G650 1994052506 25.6 -9999 0.0 0.0
C0G650 1994052507 29.9 -9999 0.0 0.0
C0G650 1994052508 30.8 -9999 1.0 0.0
C0G650 1994052509 31.7 -9999 0.9 0.0
C0G650 1994052510 32.2 -9999 1.9 0.0
C0G650 1994052511 32.1 -9999 1.1 0.0
C0G650 1994052512 33.1 -9999 1.6 0.0
C0G650 1994052513 32.2 -9999 0.4 0.0
C0G650 1994052514 33.3 -9999 1.2 0.0
C0G650 1994052515 32.8 -9999 0.9 0.0
C0G650 1994052516 32.6 -9999 0.5 0.0
C0G650 1994052517 30.9 -9999 0.1 0.0
C0G650 1994052518 29.8 -9999 0.5 0.0
C0G650 1994052519 28.8 -9999 0.1 0.0
C0G650 1994052520 28.1 -9999 0.1 0.0
C0G650 1994052521 -9997 -9999 -9997 0.0
C0G650 1994052522 27.8 -9999 0.0 0.0
C0G650 1994052523 27.3 -9999 0.0 0.0
C0G650 1994052524 27.1 -9999 0.0 0.0
C0G650 1994052601 26.7 -9999 0.0 0.0
C0G650 1994052602 26.4 -9999 0.0 0.0
C0G650 1994052603 26.8 -9999 0.0 0.0
C0G650 1994052604 25.8 -9999 0.0 0.0
C0G650 1994052605 25.5 -9999 0.0 0.0
C0G650 1994052606 26.3 -9999 0.0 0.0
C0G650 1994052607 28.0 -9999 1.2 0.0
C0G650 1994052608 29.7 -9999 0.9 0.0
C0G650 1994052609 30.6 -9999 1.0 0.0
C0G650 1994052610 31.4 -9999 1.1 0.0
C0G650 1994052611 33.1 -9999 0.4 0.0
C0G650 1994052612 31.0 -9999 1.6 0.0
C0G650 1994052613 32.5 -9999 0.4 0.0
C0G650 1994052614 32.9 -9999 0.4 0.0
C0G650 1994052615 32.4 -9999 0.3 0.0
C0G650 1994052616 31.0 -9999 0.4 0.0
C0G650 1994052617 29.9 -9999 0.1 0.0
C0G650 1994052618 29.1 -9999 0.4 0.0
C0G650 1994052619 28.5 -9999 0.2 0.0
C0G650 1994052620 28.1 -9999 0.0 0.0
C0G650 1994052621 27.7 -9999 0.0 0.0
C0G650 1994052622 27.1 -9999 0.0 0.0
C0G650 1994052623 26.5 -9999 0.0 0.0
C0G650 1994052624 26.4 -9999 0.0 0.0
C0G650 1994052701 26.4 -9999 0.0 0.0
C0G650 1994052702 25.9 -9999 0.0 0.0
C0G650 1994052703 25.9 -9999 0.0 0.0
C0G650 1994052704 25.6 -9999 0.0 0.0
C0G650 1994052705 25.4 -9999 0.0 0.0
C0G650 1994052706 25.4 -9999 0.0 0.0
C0G650 1994052707 26.7 -9999 0.2 0.0
C0G650 1994052708 27.7 -9999 1.7 0.0
C0G650 1994052709 30.5 -9999 0.3 0.0
C0G650 1994052710 31.3 -9999 0.1 0.0
C0G650 1994052711 32.4 -9999 0.2 0.0
C0G650 1994052712 31.7 -9999 1.1 0.0
C0G650 1994052713 31.8 -9999 1.9 0.0
C0G650 1994052714 31.8 -9999 1.0 0.0
C0G650 1994052715 30.6 -9999 1.5 0.0
C0G650 1994052716 30.2 -9999 1.4 0.0
C0G650 1994052717 -9997 -9999 0.4 0.0
C0G650 1994052718 28.7 -9999 0.2 0.0
C0G650 1994052719 26.7 -9999 0.1 0.0
C0G650 1994052720 25.6 -9999 0.0 0.0
C0G650 1994052721 25.0 -9999 0.0 0.0
C0G650 1994052722 24.2 -9999 0.0 0.0
C0G650 1994052723 23.9 -9999 0.0 0.0
C0G650 1994052724 23.3 -9999 0.0 1.0
C0G650 1994052801 23.2 -9999 0.0 0.0
C0G650 1994052802 23.3 -9999 0.0 0.0
C0G650 1994052803 23.4 -9999 0.0 0.0
C0G650 1994052804 23.6 -9999 0.0 0.0
C0G650 1994052805 23.6 -9999 0.0 0.0
C0G650 1994052806 23.3 -9999 0.0 21.0
C0G650 1994052807 -9997 -9999 -9997 5.5
C0G650 1994052808 23.9 -9999 0.0 5.0
C0G650 1994052809 25.1 -9999 0.4 0.0
C0G650 1994052810 25.7 -9999 0.7 0.0
C0G650 1994052811 26.5 -9999 0.7 0.0
C0G650 1994052812 27.6 -9999 0.1 0.0
C0G650 1994052813 28.6 -9999 0.6 0.0
C0G650 1994052814 28.2 -9999 0.2 0.0
C0G650 1994052815 27.9 -9999 0.2 0.0
C0G650 1994052816 27.6 -9999 0.2 0.0
C0G650 1994052817 26.9 -9999 0.5 0.0
C0G650 1994052818 26.6 -9999 0.4 0.0
C0G650 1994052819 26.3 -9999 0.0 0.0
C0G650 1994052820 25.9 -9999 0.0 0.0
C0G650 1994052821 25.3 -9999 0.1 0.0
C0G650 1994052822 25.0 -9999 0.0 0.0
C0G650 1994052823 25.0 -9999 0.0 0.0
C0G650 1994052824 25.1 -9999 0.0 0.0
C0G650 1994052901 24.9 -9999 0.0 0.0
C0G650 1994052902 24.8 -9999 0.0 0.0
C0G650 1994052903 24.9 -9999 0.0 0.0
C0G650 1994052904 25.0 -9999 0.4 0.0
C0G650 1994052905 24.9 -9999 0.0 0.0
C0G650 1994052906 25.0 -9999 0.0 0.0
C0G650 1994052907 25.4 -9999 0.0 0.0
C0G650 1994052908 27.2 -9999 0.0 0.0
C0G650 1994052909 28.8 -9999 0.3 0.0
C0G650 1994052910 29.6 -9999 0.6 0.0
C0G650 1994052911 29.3 -9999 1.0 0.0
C0G650 1994052912 29.8 -9999 0.5 0.0
C0G650 1994052913 29.7 -9999 0.8 0.0
C0G650 1994052914 30.2 -9999 1.1 0.0
C0G650 1994052915 29.3 -9999 1.3 0.0
C0G650 1994052916 29.2 -9999 1.1 0.0
C0G650 1994052917 29.3 -9999 0.1 0.0
C0G650 1994052918 28.3 -9999 0.0 0.0
C0G650 1994052919 27.4 -9999 0.0 0.0
C0G650 1994052920 26.4 -9999 0.0 0.0
C0G650 1994052921 26.0 -9999 0.0 0.0
C0G650 1994052922 25.2 -9999 0.0 0.0
C0G650 1994052923 24.7 -9999 0.0 0.0
C0G650 1994052924 25.1 -9999 0.0 0.0
C0G650 1994053001 25.2 -9999 0.0 0.0
C0G650 1994053002 24.8 -9999 0.0 0.0
C0G650 1994053003 24.8 -9999 0.0 0.0
C0G650 1994053004 24.7 -9999 0.0 0.0
C0G650 1994053005 24.6 -9999 0.0 0.0
C0G650 1994053006 25.1 -9999 0.0 0.0
C0G650 1994053007 26.6 -9999 0.4 0.0
C0G650 1994053008 27.6 -9999 0.9 0.0
C0G650 1994053009 29.4 -9999 0.7 0.0
C0G650 1994053010 31.6 -9999 0.1 0.0
C0G650 1994053011 32.2 -9999 0.1 0.0
C0G650 1994053012 32.8 -9999 0.2 0.0
C0G650 1994053013 -9997 -9999 2.0 0.0
C0G650 1994053014 32.4 -9999 0.8 0.0
C0G650 1994053015 31.7 -9999 1.6 0.0
C0G650 1994053016 31.0 -9999 2.7 0.0
C0G650 1994053017 30.9 -9999 0.4 0.0
C0G650 1994053018 29.0 -9999 1.9 0.0
C0G650 1994053019 28.1 -9999 0.0 0.0
C0G650 1994053020 26.8 -9999 0.0 0.0
C0G650 1994053021 26.0 -9999 0.0 0.0
C0G650 1994053022 25.6 -9999 0.9 0.0
C0G650 1994053023 25.5 -9999 0.0 0.0
C0G650 1994053024 25.3 -9999 0.1 0.0
C0G650 1994053101 25.3 -9999 0.4 0.0
C0G650 1994053102 25.2 -9999 0.0 0.0
C0G650 1994053103 25.2 -9999 0.0 0.0
C0G650 1994053104 24.7 -9999 0.0 0.0
C0G650 1994053105 24.3 -9999 0.0 0.0
C0G650 1994053106 24.6 -9999 0.0 0.0
C0G650 1994053107 26.2 -9999 0.0 0.0
C0G650 1994053108 28.6 -9999 0.8 0.0
C0G650 1994053109 29.3 -9999 1.4 0.0
C0G650 1994053110 30.9 -9999 1.6 0.0
C0G650 1994053111 31.7 -9999 0.8 0.0
C0G650 1994053112 31.4 -9999 1.2 0.0
C0G650 1994053113 32.2 -9999 0.8 0.0
C0G650 1994053114 31.9 -9999 1.2 0.0
C0G650 1994053115 30.8 -9999 0.8 0.0
C0G650 1994053116 27.7 -9999 0.8 0.0
C0G650 1994053117 28.3 -9999 0.6 0.0
C0G650 1994053118 28.1 -9999 1.5 0.0
C0G650 1994053119 25.6 -9999 3.7 0.0
C0G650 1994053120 24.5 -9999 0.1 6.0
C0G650 1994053121 24.4 -9999 0.0 0.5
C0G650 1994053122 24.6 -9999 0.0 0.0
C0G650 1994053123 24.7 -9999 0.0 0.0
C0G650 1994053124 24.7 -9999 0.0 0.0
C0G660 1994050101 -9999 -9999 -9999 0.0
C0G660 1994050102 -9999 -9999 -9999 0.0
C0G660 1994050103 -9999 -9999 -9999 0.0
C0G660 1994050104 -9999 -9999 -9999 0.0
C0G660 1994050105 -9999 -9999 -9999 0.0
C0G660 1994050106 -9999 -9999 -9999 0.0
C0G660 1994050107 -9999 -9999 -9999 0.0
C0G660 1994050108 -9999 -9999 -9999 0.0
C0G660 1994050109 -9999 -9999 -9999 0.0
C0G660 1994050110 -9999 -9999 -9999 0.0
C0G660 1994050111 -9999 -9999 -9999 0.0
C0G660 1994050112 -9999 -9999 -9999 0.0
C0G660 1994050113 -9999 -9999 -9999 0.0
C0G660 1994050114 -9999 -9999 -9999 0.0
C0G660 1994050115 -9999 -9999 -9999 0.0
C0G660 1994050116 -9999 -9999 -9999 0.0
C0G660 1994050117 -9999 -9999 -9999 0.0
C0G660 1994050118 -9999 -9999 -9999 0.0
C0G660 1994050119 -9999 -9999 -9999 0.0
C0G660 1994050120 -9999 -9999 -9999 0.0
C0G660 1994050121 -9999 -9999 -9999 0.0
C0G660 1994050122 -9999 -9999 -9999 0.0
C0G660 1994050123 -9999 -9999 -9999 0.0
C0G660 1994050124 -9999 -9999 -9999 0.0
C0G660 1994050201 -9999 -9999 -9999 0.0
C0G660 1994050202 -9999 -9999 -9999 0.0
C0G660 1994050203 -9999 -9999 -9999 0.0
C0G660 1994050204 -9999 -9999 -9999 0.0
C0G660 1994050205 -9999 -9999 -9999 0.0
C0G660 1994050206 -9999 -9999 -9999 0.0
C0G660 1994050207 -9999 -9999 -9999 0.0
C0G660 1994050208 -9999 -9999 -9999 0.0
C0G660 1994050209 -9999 -9999 -9999 0.0
C0G660 1994050210 -9999 -9999 -9999 0.0
C0G660 1994050211 -9999 -9999 -9999 0.0
C0G660 1994050212 -9999 -9999 -9999 0.0
C0G660 1994050213 -9999 -9999 -9999 0.0
C0G660 1994050214 -9999 -9999 -9999 0.0
C0G660 1994050215 -9999 -9999 -9999 0.0
C0G660 1994050216 -9999 -9999 -9999 0.0
C0G660 1994050217 -9999 -9999 -9999 0.0
C0G660 1994050218 -9999 -9999 -9999 0.0
C0G660 1994050219 -9999 -9999 -9999 0.0
C0G660 1994050220 -9999 -9999 -9999 0.0
C0G660 1994050221 -9999 -9999 -9999 0.0
C0G660 1994050222 -9999 -9999 -9999 0.0
C0G660 1994050223 -9999 -9999 -9999 0.0
C0G660 1994050224 -9999 -9999 -9999 0.0
C0G660 1994050301 -9999 -9999 -9999 -9996
C0G660 1994050302 -9999 -9999 -9999 -9996
C0G660 1994050303 -9999 -9999 -9999 -9996
C0G660 1994050304 -9999 -9999 -9999 -9996
C0G660 1994050305 -9999 -9999 -9999 -9996
C0G660 1994050306 -9999 -9999 -9999 -9996
C0G660 1994050307 -9999 -9999 -9999 -9996
C0G660 1994050308 -9999 -9999 -9999 1.0
C0G660 1994050309 -9999 -9999 -9999 -9996
C0G660 1994050310 -9999 -9999 -9999 -9996
C0G660 1994050311 -9999 -9999 -9999 -9996
C0G660 1994050312 -9999 -9999 -9999 0.5
C0G660 1994050313 -9999 -9999 -9999 -9996
C0G660 1994050314 -9999 -9999 -9999 3.0
C0G660 1994050315 -9999 -9999 -9999 14.0
C0G660 1994050316 -9999 -9999 -9999 26.0
C0G660 1994050317 -9999 -9999 -9999 16.5
C0G660 1994050318 -9999 -9999 -9999 52.0
C0G660 1994050319 -9999 -9999 -9999 53.0
C0G660 1994050320 -9999 -9999 -9999 28.5
C0G660 1994050321 -9999 -9999 -9999 19.5
C0G660 1994050322 -9999 -9999 -9999 0.5
C0G660 1994050323 -9999 -9999 -9999 0.5
C0G660 1994050324 -9999 -9999 -9999 0.5
C0G660 1994050401 -9999 -9999 -9999 2.0
C0G660 1994050402 -9999 -9999 -9999 2.5
C0G660 1994050403 -9999 -9999 -9999 -9996
C0G660 1994050404 -9999 -9999 -9999 -9996
C0G660 1994050405 -9999 -9999 -9999 1.0
C0G660 1994050406 -9999 -9999 -9999 -9996
C0G660 1994050407 -9999 -9999 -9999 72.0
C0G660 1994050408 -9999 -9999 -9999 55.5
C0G660 1994050409 -9999 -9999 -9999 1.0
C0G660 1994050410 -9999 -9999 -9999 0.0
C0G660 1994050411 -9999 -9999 -9999 0.0
C0G660 1994050412 -9999 -9999 -9999 0.0
C0G660 1994050413 -9999 -9999 -9999 0.0
C0G660 1994050414 -9999 -9999 -9999 0.0
C0G660 1994050415 -9999 -9999 -9999 0.0
C0G660 1994050416 -9999 -9999 -9999 -9996
C0G660 1994050417 -9999 -9999 -9999 -9996
C0G660 1994050418 -9999 -9999 -9999 -9996
C0G660 1994050419 -9999 -9999 -9999 -9996
C0G660 1994050420 -9999 -9999 -9999 8.0
C0G660 1994050421 -9999 -9999 -9999 6.5
C0G660 1994050422 -9999 -9999 -9999 2.5
C0G660 1994050423 -9999 -9999 -9999 1.5
C0G660 1994050424 -9999 -9999 -9999 2.0
C0G660 1994050501 -9999 -9999 -9999 -9996
C0G660 1994050502 -9999 -9999 -9999 0.5
C0G660 1994050503 -9999 -9999 -9999 -9996
C0G660 1994050504 -9999 -9999 -9999 0.5
C0G660 1994050505 -9999 -9999 -9999 0.0
C0G660 1994050506 -9999 -9999 -9999 0.0
C0G660 1994050507 -9999 -9999 -9999 0.0
C0G660 1994050508 -9999 -9999 -9999 0.0
C0G660 1994050509 -9999 -9999 -9999 0.0
C0G660 1994050510 -9999 -9999 -9999 0.0
C0G660 1994050511 -9999 -9999 -9999 0.0
C0G660 1994050512 -9999 -9999 -9999 0.0
C0G660 1994050513 -9999 -9999 -9999 0.0
C0G660 1994050514 -9999 -9999 -9999 0.0
C0G660 1994050515 -9999 -9999 -9999 0.0
C0G660 1994050516 -9999 -9999 -9999 0.0
C0G660 1994050517 -9999 -9999 -9999 0.0
C0G660 1994050518 -9999 -9999 -9999 0.0
C0G660 1994050519 -9999 -9999 -9999 0.0
C0G660 1994050520 -9999 -9999 -9999 0.0
C0G660 1994050521 -9999 -9999 -9999 0.0
C0G660 1994050522 -9999 -9999 -9999 0.0
C0G660 1994050523 -9999 -9999 -9999 0.0
C0G660 1994050524 -9999 -9999 -9999 0.0
C0G660 1994050601 -9999 -9999 -9999 0.0
C0G660 1994050602 -9999 -9999 -9999 0.0
C0G660 1994050603 -9999 -9999 -9999 0.0
C0G660 1994050604 -9999 -9999 -9999 0.0
C0G660 1994050605 -9999 -9999 -9999 0.0
C0G660 1994050606 -9999 -9999 -9999 0.0
C0G660 1994050607 -9999 -9999 -9999 0.0
C0G660 1994050608 -9999 -9999 -9999 0.0
C0G660 1994050609 -9999 -9999 -9999 0.0
C0G660 1994050610 -9999 -9999 -9999 0.0
C0G660 1994050611 -9999 -9999 -9999 0.0
C0G660 1994050612 -9999 -9999 -9999 0.0
C0G660 1994050613 -9999 -9999 -9999 0.0
C0G660 1994050614 -9999 -9999 -9999 0.0
C0G660 1994050615 -9999 -9999 -9999 0.0
C0G660 1994050616 -9999 -9999 -9999 0.0
C0G660 1994050617 -9999 -9999 -9999 0.0
C0G660 1994050618 -9999 -9999 -9999 0.0
C0G660 1994050619 -9999 -9999 -9999 0.0
C0G660 1994050620 -9999 -9999 -9999 0.0
C0G660 1994050621 -9999 -9999 -9999 0.0
C0G660 1994050622 -9999 -9999 -9999 0.0
C0G660 1994050623 -9999 -9999 -9999 0.0
C0G660 1994050624 -9999 -9999 -9999 0.0
C0G660 1994050701 -9999 -9999 -9999 0.0
C0G660 1994050702 -9999 -9999 -9999 0.0
C0G660 1994050703 -9999 -9999 -9999 0.0
C0G660 1994050704 -9999 -9999 -9999 0.0
C0G660 1994050705 -9999 -9999 -9999 0.0
C0G660 1994050706 -9999 -9999 -9999 0.0
C0G660 1994050707 -9999 -9999 -9999 0.0
C0G660 1994050708 -9999 -9999 -9999 0.0
C0G660 1994050709 -9999 -9999 -9999 0.0
C0G660 1994050710 -9999 -9999 -9999 0.0
C0G660 1994050711 -9999 -9999 -9999 0.0
C0G660 1994050712 -9999 -9999 -9999 0.0
C0G660 1994050713 -9999 -9999 -9999 0.0
C0G660 1994050714 -9999 -9999 -9999 0.0
C0G660 1994050715 -9999 -9999 -9999 0.0
C0G660 1994050716 -9999 -9999 -9999 0.0
C0G660 1994050717 -9999 -9999 -9999 0.0
C0G660 1994050718 -9999 -9999 -9999 0.0
C0G660 1994050719 -9999 -9999 -9999 0.0
C0G660 1994050720 -9999 -9999 -9999 -9996
C0G660 1994050721 -9999 -9999 -9999 -9996
C0G660 1994050722 -9999 -9999 -9999 -9996
C0G660 1994050723 -9999 -9999 -9999 -9996
C0G660 1994050724 -9999 -9999 -9999 -9996
C0G660 1994050801 -9999 -9999 -9999 0.0
C0G660 1994050802 -9999 -9999 -9999 0.0
C0G660 1994050803 -9999 -9999 -9999 0.0
C0G660 1994050804 -9999 -9999 -9999 0.0
C0G660 1994050805 -9999 -9999 -9999 0.0
C0G660 1994050806 -9999 -9999 -9999 0.0
C0G660 1994050807 -9999 -9999 -9999 0.0
C0G660 1994050808 -9999 -9999 -9999 0.0
C0G660 1994050809 -9999 -9999 -9999 0.0
C0G660 1994050810 -9999 -9999 -9999 0.0
C0G660 1994050811 -9999 -9999 -9999 0.0
C0G660 1994050812 -9999 -9999 -9999 0.0
C0G660 1994050813 -9999 -9999 -9999 0.0
C0G660 1994050814 -9999 -9999 -9999 0.0
C0G660 1994050815 -9999 -9999 -9999 0.0
C0G660 1994050816 -9999 -9999 -9999 0.0
C0G660 1994050817 -9999 -9999 -9999 0.0
C0G660 1994050818 -9999 -9999 -9999 0.0
C0G660 1994050819 -9999 -9999 -9999 0.0
C0G660 1994050820 -9999 -9999 -9999 0.0
C0G660 1994050821 -9999 -9999 -9999 0.0
C0G660 1994050822 -9999 -9999 -9999 0.0
C0G660 1994050823 -9999 -9999 -9999 0.0
C0G660 1994050824 -9999 -9999 -9999 0.0
C0G660 1994050901 -9999 -9999 -9999 0.0
C0G660 1994050902 -9999 -9999 -9999 0.0
C0G660 1994050903 -9999 -9999 -9999 0.0
C0G660 1994050904 -9999 -9999 -9999 0.0
C0G660 1994050905 -9999 -9999 -9999 0.0
C0G660 1994050906 -9999 -9999 -9999 0.0
C0G660 1994050907 -9999 -9999 -9999 0.0
C0G660 1994050908 -9999 -9999 -9999 0.0
C0G660 1994050909 -9999 -9999 -9999 0.0
C0G660 1994050910 -9999 -9999 -9999 0.0
C0G660 1994050911 -9999 -9999 -9999 0.0
C0G660 1994050912 -9999 -9999 -9999 0.0
C0G660 1994050913 -9999 -9999 -9999 0.0
C0G660 1994050914 -9999 -9999 -9999 0.0
C0G660 1994050915 -9999 -9999 -9999 0.0
C0G660 1994050916 -9999 -9999 -9999 0.0
C0G660 1994050917 -9999 -9999 -9999 0.0
C0G660 1994050918 -9999 -9999 -9999 0.0
C0G660 1994050919 -9999 -9999 -9999 0.0
C0G660 1994050920 -9999 -9999 -9999 0.0
C0G660 1994050921 -9999 -9999 -9999 0.0
C0G660 1994050922 -9999 -9999 -9999 0.0
C0G660 1994050923 -9999 -9999 -9999 0.0
C0G660 1994050924 -9999 -9999 -9999 0.0
C0G660 1994051001 -9999 -9999 -9999 0.0
C0G660 1994051002 -9999 -9999 -9999 0.0
C0G660 1994051003 -9999 -9999 -9999 0.0
C0G660 1994051004 -9999 -9999 -9999 0.0
C0G660 1994051005 -9999 -9999 -9999 0.0
C0G660 1994051006 -9999 -9999 -9999 0.0
C0G660 1994051007 -9999 -9999 -9999 0.0
C0G660 1994051008 -9999 -9999 -9999 0.0
C0G660 1994051009 -9999 -9999 -9999 0.0
C0G660 1994051010 -9999 -9999 -9999 0.0
C0G660 1994051011 -9999 -9999 -9999 0.0
C0G660 1994051012 -9999 -9999 -9999 0.0
C0G660 1994051013 -9999 -9999 -9999 0.0
C0G660 1994051014 -9999 -9999 -9999 0.0
C0G660 1994051015 -9999 -9999 -9999 0.0
C0G660 1994051016 -9999 -9999 -9999 0.0
C0G660 1994051017 -9999 -9999 -9999 0.0
C0G660 1994051018 -9999 -9999 -9999 0.0
C0G660 1994051019 -9999 -9999 -9999 0.0
C0G660 1994051020 -9999 -9999 -9999 0.0
C0G660 1994051021 -9999 -9999 -9999 0.0
C0G660 1994051022 -9999 -9999 -9999 0.0
C0G660 1994051023 -9999 -9999 -9999 0.0
C0G660 1994051024 -9999 -9999 -9999 0.0
C0G660 1994051101 -9999 -9999 -9999 0.0
C0G660 1994051102 -9999 -9999 -9999 0.0
C0G660 1994051103 -9999 -9999 -9999 0.0
C0G660 1994051104 -9999 -9999 -9999 0.0
C0G660 1994051105 -9999 -9999 -9999 0.0
C0G660 1994051106 -9999 -9999 -9999 0.0
C0G660 1994051107 -9999 -9999 -9999 0.0
C0G660 1994051108 -9999 -9999 -9999 0.0
C0G660 1994051109 -9999 -9999 -9999 0.0
C0G660 1994051110 -9999 -9999 -9999 0.0
C0G660 1994051111 -9999 -9999 -9999 0.0
C0G660 1994051112 -9999 -9999 -9999 4.5
C0G660 1994051113 -9999 -9999 -9999 10.5
C0G660 1994051114 -9999 -9999 -9999 5.5
C0G660 1994051115 -9999 -9999 -9999 0.0
C0G660 1994051116 -9999 -9999 -9999 0.0
C0G660 1994051117 -9999 -9999 -9999 0.0
C0G660 1994051118 -9999 -9999 -9999 0.0
C0G660 1994051119 -9999 -9999 -9999 0.0
C0G660 1994051120 -9999 -9999 -9999 0.0
C0G660 1994051121 -9999 -9999 -9999 0.0
C0G660 1994051122 -9999 -9999 -9999 0.0
C0G660 1994051123 -9999 -9999 -9999 0.0
C0G660 1994051124 -9999 -9999 -9999 0.0
C0G660 1994051201 -9999 -9999 -9999 0.0
C0G660 1994051202 -9999 -9999 -9999 0.0
C0G660 1994051203 -9999 -9999 -9999 0.0
C0G660 1994051204 -9999 -9999 -9999 0.0
C0G660 1994051205 -9999 -9999 -9999 0.0
C0G660 1994051206 -9999 -9999 -9999 0.0
C0G660 1994051207 -9999 -9999 -9999 0.0
C0G660 1994051208 -9999 -9999 -9999 0.0
C0G660 1994051209 -9999 -9999 -9999 0.0
C0G660 1994051210 -9999 -9999 -9999 0.0
C0G660 1994051211 -9999 -9999 -9999 0.0
C0G660 1994051212 -9999 -9999 -9999 0.0
C0G660 1994051213 -9999 -9999 -9999 0.0
C0G660 1994051214 -9999 -9999 -9999 0.0
C0G660 1994051215 -9999 -9999 -9999 0.0
C0G660 1994051216 -9999 -9999 -9999 0.0
C0G660 1994051217 -9999 -9999 -9999 0.0
C0G660 1994051218 -9999 -9999 -9999 0.0
C0G660 1994051219 -9999 -9999 -9999 0.0
C0G660 1994051220 -9999 -9999 -9999 0.0
C0G660 1994051221 -9999 -9999 -9999 0.0
C0G660 1994051222 -9999 -9999 -9999 0.0
C0G660 1994051223 -9999 -9999 -9999 0.0
C0G660 1994051224 -9999 -9999 -9999 0.0
C0G660 1994051301 -9999 -9999 -9999 0.0
C0G660 1994051302 -9999 -9999 -9999 0.0
C0G660 1994051303 -9999 -9999 -9999 0.0
C0G660 1994051304 -9999 -9999 -9999 0.0
C0G660 1994051305 -9999 -9999 -9999 0.0
C0G660 1994051306 -9999 -9999 -9999 0.0
C0G660 1994051307 -9999 -9999 -9999 0.0
C0G660 1994051308 -9999 -9999 -9999 0.0
C0G660 1994051309 -9999 -9999 -9999 0.0
C0G660 1994051310 -9999 -9999 -9999 0.0
C0G660 1994051311 -9999 -9999 -9999 0.0
C0G660 1994051312 -9999 -9999 -9999 0.0
C0G660 1994051313 -9999 -9999 -9999 0.0
C0G660 1994051314 -9999 -9999 -9999 0.0
C0G660 1994051315 -9999 -9999 -9999 0.0
C0G660 1994051316 -9999 -9999 -9999 0.0
C0G660 1994051317 -9999 -9999 -9999 0.0
C0G660 1994051318 -9999 -9999 -9999 0.0
C0G660 1994051319 -9999 -9999 -9999 0.0
C0G660 1994051320 -9999 -9999 -9999 0.0
C0G660 1994051321 -9999 -9999 -9999 0.0
C0G660 1994051322 -9999 -9999 -9999 0.0
C0G660 1994051323 -9999 -9999 -9999 0.0
C0G660 1994051324 -9999 -9999 -9999 0.0
C0G660 1994051401 -9999 -9999 -9999 0.0
C0G660 1994051402 -9999 -9999 -9999 0.0
C0G660 1994051403 -9999 -9999 -9999 0.0
C0G660 1994051404 -9999 -9999 -9999 0.0
C0G660 1994051405 -9999 -9999 -9999 0.0
C0G660 1994051406 -9999 -9999 -9999 0.0
C0G660 1994051407 -9999 -9999 -9999 0.0
C0G660 1994051408 -9999 -9999 -9999 0.0
C0G660 1994051409 -9999 -9999 -9999 0.0
C0G660 1994051410 -9999 -9999 -9999 0.0
C0G660 1994051411 -9999 -9999 -9999 0.0
C0G660 1994051412 -9999 -9999 -9999 0.0
C0G660 1994051413 -9999 -9999 -9999 0.0
C0G660 1994051414 -9999 -9999 -9999 0.0
C0G660 1994051415 -9999 -9999 -9999 0.0
C0G660 1994051416 -9999 -9999 -9999 0.0
C0G660 1994051417 -9999 -9999 -9999 0.0
C0G660 1994051418 -9999 -9999 -9999 0.0
C0G660 1994051419 -9999 -9999 -9999 0.0
C0G660 1994051420 -9999 -9999 -9999 0.0
C0G660 1994051421 -9999 -9999 -9999 0.0
C0G660 1994051422 -9999 -9999 -9999 0.0
C0G660 1994051423 -9999 -9999 -9999 0.0
C0G660 1994051424 -9999 -9999 -9999 0.0
C0G660 1994051501 -9999 -9999 -9999 0.0
C0G660 1994051502 -9999 -9999 -9999 0.0
C0G660 1994051503 -9999 -9999 -9999 0.0
C0G660 1994051504 -9999 -9999 -9999 0.0
C0G660 1994051505 -9999 -9999 -9999 0.0
C0G660 1994051506 -9999 -9999 -9999 0.0
C0G660 1994051507 -9999 -9999 -9999 0.0
C0G660 1994051508 -9999 -9999 -9999 0.0
C0G660 1994051509 -9999 -9999 -9999 0.0
C0G660 1994051510 -9999 -9999 -9999 0.0
C0G660 1994051511 -9999 -9999 -9999 0.0
C0G660 1994051512 -9999 -9999 -9999 0.0
C0G660 1994051513 -9999 -9999 -9999 0.0
C0G660 1994051514 -9999 -9999 -9999 0.0
C0G660 1994051515 -9999 -9999 -9999 0.0
C0G660 1994051516 -9999 -9999 -9999 0.0
C0G660 1994051517 -9999 -9999 -9999 0.0
C0G660 1994051518 -9999 -9999 -9999 0.0
C0G660 1994051519 -9999 -9999 -9999 0.0
C0G660 1994051520 -9999 -9999 -9999 0.0
C0G660 1994051521 -9999 -9999 -9999 0.0
C0G660 1994051522 -9999 -9999 -9999 0.0
C0G660 1994051523 -9999 -9999 -9999 0.0
C0G660 1994051524 -9999 -9999 -9999 0.0
C0G660 1994051601 -9999 -9999 -9999 0.0
C0G660 1994051602 -9999 -9999 -9999 0.0
C0G660 1994051603 -9999 -9999 -9999 0.0
C0G660 1994051604 -9999 -9999 -9999 0.0
C0G660 1994051605 -9999 -9999 -9999 0.0
C0G660 1994051606 -9999 -9999 -9999 0.0
C0G660 1994051607 -9999 -9999 -9999 0.0
C0G660 1994051608 -9999 -9999 -9999 0.0
C0G660 1994051609 -9999 -9999 -9999 0.0
C0G660 1994051610 -9999 -9999 -9999 0.0
C0G660 1994051611 -9999 -9999 -9999 0.0
C0G660 1994051612 -9999 -9999 -9999 0.0
C0G660 1994051613 -9999 -9999 -9999 0.0
C0G660 1994051614 -9999 -9999 -9999 -9996
C0G660 1994051615 -9999 -9999 -9999 -9996
C0G660 1994051616 -9999 -9999 -9999 -9996
C0G660 1994051617 -9999 -9999 -9999 -9996
C0G660 1994051618 -9999 -9999 -9999 -9996
C0G660 1994051619 -9999 -9999 -9999 -9996
C0G660 1994051620 -9999 -9999 -9999 -9996
C0G660 1994051621 -9999 -9999 -9999 -9996
C0G660 1994051622 -9999 -9999 -9999 -9996
C0G660 1994051623 -9999 -9999 -9999 -9996
C0G660 1994051624 -9999 -9999 -9999 -9996
C0G660 1994051701 -9999 -9999 -9999 0.0
C0G660 1994051702 -9999 -9999 -9999 0.0
C0G660 1994051703 -9999 -9999 -9999 0.0
C0G660 1994051704 -9999 -9999 -9999 0.0
C0G660 1994051705 -9999 -9999 -9999 0.0
C0G660 1994051706 -9999 -9999 -9999 0.0
C0G660 1994051707 -9999 -9999 -9999 0.0
C0G660 1994051708 -9999 -9999 -9999 0.0
C0G660 1994051709 -9999 -9999 -9999 -9996
C0G660 1994051710 -9999 -9999 -9999 -9996
C0G660 1994051711 -9999 -9999 -9999 -9996
C0G660 1994051712 -9999 -9999 -9999 9.5
C0G660 1994051713 -9999 -9999 -9999 0.0
C0G660 1994051714 -9999 -9999 -9999 0.0
C0G660 1994051715 -9999 -9999 -9999 0.0
C0G660 1994051716 -9999 -9999 -9999 0.0
C0G660 1994051717 -9999 -9999 -9999 0.0
C0G660 1994051718 -9999 -9999 -9999 0.0
C0G660 1994051719 -9999 -9999 -9999 0.0
C0G660 1994051720 -9999 -9999 -9999 -9996
C0G660 1994051721 -9999 -9999 -9999 -9996
C0G660 1994051722 -9999 -9999 -9999 -9996
C0G660 1994051723 -9999 -9999 -9999 -9996
C0G660 1994051724 -9999 -9999 -9999 -9996
C0G660 1994051801 -9999 -9999 -9999 0.0
C0G660 1994051802 -9999 -9999 -9999 -9996
C0G660 1994051803 -9999 -9999 -9999 -9996
C0G660 1994051804 -9999 -9999 -9999 -9996
C0G660 1994051805 -9999 -9999 -9999 0.5
C0G660 1994051806 -9999 -9999 -9999 -9996
C0G660 1994051807 -9999 -9999 -9999 2.5
C0G660 1994051808 -9999 -9999 -9999 2.5
C0G660 1994051809 -9999 -9999 -9999 0.0
C0G660 1994051810 -9999 -9999 -9999 0.0
C0G660 1994051811 -9999 -9999 -9999 0.0
C0G660 1994051812 -9999 -9999 -9999 0.0
C0G660 1994051813 -9999 -9999 -9999 0.0
C0G660 1994051814 -9999 -9999 -9999 0.0
C0G660 1994051815 -9999 -9999 -9999 0.0
C0G660 1994051816 -9999 -9999 -9999 0.0
C0G660 1994051817 -9999 -9999 -9999 0.0
C0G660 1994051818 -9999 -9999 -9999 0.0
C0G660 1994051819 -9999 -9999 -9999 0.0
C0G660 1994051820 -9999 -9999 -9999 0.0
C0G660 1994051821 -9999 -9999 -9999 0.0
C0G660 1994051822 -9999 -9999 -9999 0.0
C0G660 1994051823 -9999 -9999 -9999 0.0
C0G660 1994051824 -9999 -9999 -9999 0.0
C0G660 1994051901 -9999 -9999 -9999 0.0
C0G660 1994051902 -9999 -9999 -9999 0.0
C0G660 1994051903 -9999 -9999 -9999 0.0
C0G660 1994051904 -9999 -9999 -9999 0.0
C0G660 1994051905 -9999 -9999 -9999 0.0
C0G660 1994051906 -9999 -9999 -9999 0.0
C0G660 1994051907 -9999 -9999 -9999 0.0
C0G660 1994051908 -9999 -9999 -9999 0.0
C0G660 1994051909 -9999 -9999 -9999 0.0
C0G660 1994051910 -9999 -9999 -9999 0.0
C0G660 1994051911 -9999 -9999 -9999 0.0
C0G660 1994051912 -9999 -9999 -9999 0.0
C0G660 1994051913 -9999 -9999 -9999 0.0
C0G660 1994051914 -9999 -9999 -9999 0.0
C0G660 1994051915 -9999 -9999 -9999 0.0
C0G660 1994051916 -9999 -9999 -9999 0.0
C0G660 1994051917 -9999 -9999 -9999 0.0
C0G660 1994051918 -9999 -9999 -9999 0.0
C0G660 1994051919 -9999 -9999 -9999 0.0
C0G660 1994051920 -9999 -9999 -9999 0.0
C0G660 1994051921 -9999 -9999 -9999 0.0
C0G660 1994051922 -9999 -9999 -9999 0.0
C0G660 1994051923 -9999 -9999 -9999 0.0
C0G660 1994051924 -9999 -9999 -9999 0.0
C0G660 1994052001 -9999 -9999 -9999 0.0
C0G660 1994052002 -9999 -9999 -9999 0.0
C0G660 1994052003 -9999 -9999 -9999 0.0
C0G660 1994052004 -9999 -9999 -9999 0.0
C0G660 1994052005 -9999 -9999 -9999 0.0
C0G660 1994052006 -9999 -9999 -9999 0.0
C0G660 1994052007 -9999 -9999 -9999 0.0
C0G660 1994052008 -9999 -9999 -9999 0.0
C0G660 1994052009 -9999 -9999 -9999 0.0
C0G660 1994052010 -9999 -9999 -9999 0.0
C0G660 1994052011 -9999 -9999 -9999 0.0
C0G660 1994052012 -9999 -9999 -9999 0.0
C0G660 1994052013 -9999 -9999 -9999 0.0
C0G660 1994052014 -9999 -9999 -9999 0.0
C0G660 1994052015 -9999 -9999 -9999 0.0
C0G660 1994052016 -9999 -9999 -9999 0.0
C0G660 1994052017 -9999 -9999 -9999 0.0
C0G660 1994052018 -9999 -9999 -9999 0.0
C0G660 1994052019 -9999 -9999 -9999 0.0
C0G660 1994052020 -9999 -9999 -9999 0.0
C0G660 1994052021 -9999 -9999 -9999 0.0
C0G660 1994052022 -9999 -9999 -9999 0.0
C0G660 1994052023 -9999 -9999 -9999 0.0
C0G660 1994052024 -9999 -9999 -9999 0.0
C0G660 1994052101 -9999 -9999 -9999 0.0
C0G660 1994052102 -9999 -9999 -9999 0.0
C0G660 1994052103 -9999 -9999 -9999 0.0
C0G660 1994052104 -9999 -9999 -9999 0.0
C0G660 1994052105 -9999 -9999 -9999 0.0
C0G660 1994052106 -9999 -9999 -9999 0.0
C0G660 1994052107 -9999 -9999 -9999 0.0
C0G660 1994052108 -9999 -9999 -9999 0.0
C0G660 1994052109 -9999 -9999 -9999 0.0
C0G660 1994052110 -9999 -9999 -9999 0.0
C0G660 1994052111 -9999 -9999 -9999 0.0
C0G660 1994052112 -9999 -9999 -9999 0.0
C0G660 1994052113 -9999 -9999 -9999 0.0
C0G660 1994052114 -9999 -9999 -9999 0.0
C0G660 1994052115 -9999 -9999 -9999 0.0
C0G660 1994052116 -9999 -9999 -9999 0.0
C0G660 1994052117 -9999 -9999 -9999 0.0
C0G660 1994052118 -9999 -9999 -9999 0.0
C0G660 1994052119 -9999 -9999 -9999 0.0
C0G660 1994052120 -9999 -9999 -9999 0.0
C0G660 1994052121 -9999 -9999 -9999 0.0
C0G660 1994052122 -9999 -9999 -9999 0.0
C0G660 1994052123 -9999 -9999 -9999 0.0
C0G660 1994052124 -9999 -9999 -9999 0.0
C0G660 1994052201 -9999 -9999 -9999 0.0
C0G660 1994052202 -9999 -9999 -9999 0.0
C0G660 1994052203 -9999 -9999 -9999 0.0
C0G660 1994052204 -9999 -9999 -9999 0.0
C0G660 1994052205 -9999 -9999 -9999 0.0
C0G660 1994052206 -9999 -9999 -9999 0.0
C0G660 1994052207 -9999 -9999 -9999 0.0
C0G660 1994052208 -9999 -9999 -9999 0.0
C0G660 1994052209 -9999 -9999 -9999 0.0
C0G660 1994052210 -9999 -9999 -9999 0.0
C0G660 1994052211 -9999 -9999 -9999 0.0
C0G660 1994052212 -9999 -9999 -9999 0.0
C0G660 1994052213 -9999 -9999 -9999 0.0
C0G660 1994052214 -9999 -9999 -9999 0.0
C0G660 1994052215 -9999 -9999 -9999 0.0
C0G660 1994052216 -9999 -9999 -9999 0.0
C0G660 1994052217 -9999 -9999 -9999 0.0
C0G660 1994052218 -9999 -9999 -9999 0.0
C0G660 1994052219 -9999 -9999 -9999 0.0
C0G660 1994052220 -9999 -9999 -9999 0.0
C0G660 1994052221 -9999 -9999 -9999 0.0
C0G660 1994052222 -9999 -9999 -9999 0.0
C0G660 1994052223 -9999 -9999 -9999 0.0
C0G660 1994052224 -9999 -9999 -9999 0.0
C0G660 1994052301 -9999 -9999 -9999 0.0
C0G660 1994052302 -9999 -9999 -9999 0.0
C0G660 1994052303 -9999 -9999 -9999 0.0
C0G660 1994052304 -9999 -9999 -9999 0.0
C0G660 1994052305 -9999 -9999 -9999 0.0
C0G660 1994052306 -9999 -9999 -9999 0.0
C0G660 1994052307 -9999 -9999 -9999 0.0
C0G660 1994052308 -9999 -9999 -9999 0.0
C0G660 1994052309 -9999 -9999 -9999 0.0
C0G660 1994052310 -9999 -9999 -9999 0.0
C0G660 1994052311 -9999 -9999 -9999 0.0
C0G660 1994052312 -9999 -9999 -9999 0.0
C0G660 1994052313 -9999 -9999 -9999 0.0
C0G660 1994052314 -9999 -9999 -9999 0.0
C0G660 1994052315 -9999 -9999 -9999 0.0
C0G660 1994052316 -9999 -9999 -9999 0.0
C0G660 1994052317 -9999 -9999 -9999 0.0
C0G660 1994052318 -9999 -9999 -9999 0.0
C0G660 1994052319 -9999 -9999 -9999 0.0
C0G660 1994052320 -9999 -9999 -9999 -9996
C0G660 1994052321 -9999 -9999 -9999 -9996
C0G660 1994052322 -9999 -9999 -9999 -9996
C0G660 1994052323 -9999 -9999 -9999 -9996
C0G660 1994052324 -9999 -9999 -9999 -9996
C0G660 1994052401 -9999 -9999 -9999 0.0
C0G660 1994052402 -9999 -9999 -9999 0.0
C0G660 1994052403 -9999 -9999 -9999 0.0
C0G660 1994052404 -9999 -9999 -9999 0.0
C0G660 1994052405 -9999 -9999 -9999 0.0
C0G660 1994052406 -9999 -9999 -9999 0.0
C0G660 1994052407 -9999 -9999 -9999 0.0
C0G660 1994052408 -9999 -9999 -9999 0.0
C0G660 1994052409 -9999 -9999 -9999 0.0
C0G660 1994052410 -9999 -9999 -9999 0.0
C0G660 1994052411 -9999 -9999 -9999 0.0
C0G660 1994052412 -9999 -9999 -9999 0.0
C0G660 1994052413 -9999 -9999 -9999 0.0
C0G660 1994052414 -9999 -9999 -9999 0.0
C0G660 1994052415 -9999 -9999 -9999 0.0
C0G660 1994052416 -9999 -9999 -9999 0.0
C0G660 1994052417 -9999 -9999 -9999 0.0
C0G660 1994052418 -9999 -9999 -9999 0.0
C0G660 1994052419 -9999 -9999 -9999 0.0
C0G660 1994052420 -9999 -9999 -9999 0.0
C0G660 1994052421 -9999 -9999 -9999 0.0
C0G660 1994052422 -9999 -9999 -9999 0.0
C0G660 1994052423 -9999 -9999 -9999 0.0
C0G660 1994052424 -9999 -9999 -9999 0.0
C0G660 1994052501 -9999 -9999 -9999 0.0
C0G660 1994052502 -9999 -9999 -9999 0.0
C0G660 1994052503 -9999 -9999 -9999 0.0
C0G660 1994052504 -9999 -9999 -9999 0.0
C0G660 1994052505 -9999 -9999 -9999 0.0
C0G660 1994052506 -9999 -9999 -9999 0.0
C0G660 1994052507 -9999 -9999 -9999 0.0
C0G660 1994052508 -9999 -9999 -9999 0.0
C0G660 1994052509 -9999 -9999 -9999 0.0
C0G660 1994052510 -9999 -9999 -9999 0.0
C0G660 1994052511 -9999 -9999 -9999 0.0
C0G660 1994052512 -9999 -9999 -9999 0.0
C0G660 1994052513 -9999 -9999 -9999 0.0
C0G660 1994052514 -9999 -9999 -9999 0.0
C0G660 1994052515 -9999 -9999 -9999 0.0
C0G660 1994052516 -9999 -9999 -9999 0.0
C0G660 1994052517 -9999 -9999 -9999 0.0
C0G660 1994052518 -9999 -9999 -9999 0.0
C0G660 1994052519 -9999 -9999 -9999 0.0
C0G660 1994052520 -9999 -9999 -9999 0.0
C0G660 1994052521 -9999 -9999 -9999 0.0
C0G660 1994052522 -9999 -9999 -9999 0.0
C0G660 1994052523 -9999 -9999 -9999 0.0
C0G660 1994052524 -9999 -9999 -9999 0.0
C0G660 1994052601 -9999 -9999 -9999 0.0
C0G660 1994052602 -9999 -9999 -9999 0.0
C0G660 1994052603 -9999 -9999 -9999 0.0
C0G660 1994052604 -9999 -9999 -9999 0.0
C0G660 1994052605 -9999 -9999 -9999 0.0
C0G660 1994052606 -9999 -9999 -9999 0.0
C0G660 1994052607 -9999 -9999 -9999 0.0
C0G660 1994052608 -9999 -9999 -9999 0.0
C0G660 1994052609 -9999 -9999 -9999 0.0
C0G660 1994052610 -9999 -9999 -9999 0.0
C0G660 1994052611 -9999 -9999 -9999 0.0
C0G660 1994052612 -9999 -9999 -9999 0.0
C0G660 1994052613 -9999 -9999 -9999 0.0
C0G660 1994052614 -9999 -9999 -9999 0.0
C0G660 1994052615 -9999 -9999 -9999 0.0
C0G660 1994052616 -9999 -9999 -9999 0.0
C0G660 1994052617 -9999 -9999 -9999 0.0
C0G660 1994052618 -9999 -9999 -9999 0.0
C0G660 1994052619 -9999 -9999 -9999 0.0
C0G660 1994052620 -9999 -9999 -9999 0.0
C0G660 1994052621 -9999 -9999 -9999 0.0
C0G660 1994052622 -9999 -9999 -9999 0.0
C0G660 1994052623 -9999 -9999 -9999 0.0
C0G660 1994052624 -9999 -9999 -9999 0.0
C0G660 1994052701 -9999 -9999 -9999 0.0
C0G660 1994052702 -9999 -9999 -9999 0.0
C0G660 1994052703 -9999 -9999 -9999 0.0
C0G660 1994052704 -9999 -9999 -9999 0.0
C0G660 1994052705 -9999 -9999 -9999 0.0
C0G660 1994052706 -9999 -9999 -9999 0.0
C0G660 1994052707 -9999 -9999 -9999 0.0
C0G660 1994052708 -9999 -9999 -9999 0.0
C0G660 1994052709 -9999 -9999 -9999 0.0
C0G660 1994052710 -9999 -9999 -9999 0.0
C0G660 1994052711 -9999 -9999 -9999 0.0
C0G660 1994052712 -9999 -9999 -9999 0.0
C0G660 1994052713 -9999 -9999 -9999 0.0
C0G660 1994052714 -9999 -9999 -9999 0.0
C0G660 1994052715 -9999 -9999 -9999 0.0
C0G660 1994052716 -9999 -9999 -9999 0.0
C0G660 1994052717 -9999 -9999 -9999 0.0
C0G660 1994052718 -9999 -9999 -9999 0.0
C0G660 1994052719 -9999 -9999 -9999 0.0
C0G660 1994052720 -9999 -9999 -9999 0.0
C0G660 1994052721 -9999 -9999 -9999 0.0
C0G660 1994052722 -9999 -9999 -9999 0.0
C0G660 1994052723 -9999 -9999 -9999 0.0
C0G660 1994052724 -9999 -9999 -9999 -9996
C0G660 1994052801 -9999 -9999 -9999 0.5
C0G660 1994052802 -9999 -9999 -9999 1.0
C0G660 1994052803 -9999 -9999 -9999 -9996
C0G660 1994052804 -9999 -9999 -9999 -9996
C0G660 1994052805 -9999 -9999 -9999 0.5
C0G660 1994052806 -9999 -9999 -9999 0.5
C0G660 1994052807 -9999 -9999 -9999 3.0
C0G660 1994052808 -9999 -9999 -9999 0.0
C0G660 1994052809 -9999 -9999 -9999 0.0
C0G660 1994052810 -9999 -9999 -9999 0.0
C0G660 1994052811 -9999 -9999 -9999 0.0
C0G660 1994052812 -9999 -9999 -9999 0.0
C0G660 1994052813 -9999 -9999 -9999 0.0
C0G660 1994052814 -9999 -9999 -9999 0.0
C0G660 1994052815 -9999 -9999 -9999 0.0
C0G660 1994052816 -9999 -9999 -9999 0.0
C0G660 1994052817 -9999 -9999 -9999 0.0
C0G660 1994052818 -9999 -9999 -9999 0.0
C0G660 1994052819 -9999 -9999 -9999 0.0
C0G660 1994052820 -9999 -9999 -9999 0.0
C0G660 1994052821 -9999 -9999 -9999 0.0
C0G660 1994052822 -9999 -9999 -9999 0.0
C0G660 1994052823 -9999 -9999 -9999 0.0
C0G660 1994052824 -9999 -9999 -9999 0.0
C0G660 1994052901 -9999 -9999 -9999 0.0
C0G660 1994052902 -9999 -9999 -9999 0.0
C0G660 1994052903 -9999 -9999 -9999 0.0
C0G660 1994052904 -9999 -9999 -9999 0.0
C0G660 1994052905 -9999 -9999 -9999 0.0
C0G660 1994052906 -9999 -9999 -9999 0.0
C0G660 1994052907 -9999 -9999 -9999 0.0
C0G660 1994052908 -9999 -9999 -9999 0.0
C0G660 1994052909 -9999 -9999 -9999 0.0
C0G660 1994052910 -9999 -9999 -9999 0.0
C0G660 1994052911 -9999 -9999 -9999 0.0
C0G660 1994052912 -9999 -9999 -9999 0.0
C0G660 1994052913 -9999 -9999 -9999 0.0
C0G660 1994052914 -9999 -9999 -9999 0.0
C0G660 1994052915 -9999 -9999 -9999 0.0
C0G660 1994052916 -9999 -9999 -9999 0.0
C0G660 1994052917 -9999 -9999 -9999 0.0
C0G660 1994052918 -9999 -9999 -9999 0.0
C0G660 1994052919 -9999 -9999 -9999 0.0
C0G660 1994052920 -9999 -9999 -9999 0.0
C0G660 1994052921 -9999 -9999 -9999 0.0
C0G660 1994052922 -9999 -9999 -9999 0.0
C0G660 1994052923 -9999 -9999 -9999 0.0
C0G660 1994052924 -9999 -9999 -9999 0.0
C0G660 1994053001 -9999 -9999 -9999 0.0
C0G660 1994053002 -9999 -9999 -9999 0.0
C0G660 1994053003 -9999 -9999 -9999 0.0
C0G660 1994053004 -9999 -9999 -9999 0.0
C0G660 1994053005 -9999 -9999 -9999 0.0
C0G660 1994053006 -9999 -9999 -9999 0.0
C0G660 1994053007 -9999 -9999 -9999 0.0
C0G660 1994053008 -9999 -9999 -9999 0.0
C0G660 1994053009 -9999 -9999 -9999 0.0
C0G660 1994053010 -9999 -9999 -9999 0.0
C0G660 1994053011 -9999 -9999 -9999 0.0
C0G660 1994053012 -9999 -9999 -9999 0.0
C0G660 1994053013 -9999 -9999 -9999 0.0
C0G660 1994053014 -9999 -9999 -9999 0.0
C0G660 1994053015 -9999 -9999 -9999 0.0
C0G660 1994053016 -9999 -9999 -9999 0.0
C0G660 1994053017 -9999 -9999 -9999 0.0
C0G660 1994053018 -9999 -9999 -9999 0.0
C0G660 1994053019 -9999 -9999 -9999 0.0
C0G660 1994053020 -9999 -9999 -9999 0.0
C0G660 1994053021 -9999 -9999 -9999 0.0
C0G660 1994053022 -9999 -9999 -9999 0.0
C0G660 1994053023 -9999 -9999 -9999 0.0
C0G660 1994053024 -9999 -9999 -9999 0.0
C0G660 1994053101 -9999 -9999 -9999 0.0
C0G660 1994053102 -9999 -9999 -9999 0.0
C0G660 1994053103 -9999 -9999 -9999 0.0
C0G660 1994053104 -9999 -9999 -9999 0.0
C0G660 1994053105 -9999 -9999 -9999 0.0
C0G660 1994053106 -9999 -9999 -9999 0.0
C0G660 1994053107 -9999 -9999 -9999 0.0
C0G660 1994053108 -9999 -9999 -9999 0.0
C0G660 1994053109 -9999 -9999 -9999 0.0
C0G660 1994053110 -9999 -9999 -9999 0.0
C0G660 1994053111 -9999 -9999 -9999 0.0
C0G660 1994053112 -9999 -9999 -9999 0.0
C0G660 1994053113 -9999 -9999 -9999 0.0
C0G660 1994053114 -9999 -9999 -9999 0.0
C0G660 1994053115 -9999 -9999 -9999 0.0
C0G660 1994053116 -9999 -9999 -9999 0.0
C0G660 1994053117 -9999 -9999 -9999 0.0
C0G660 1994053118 -9999 -9999 -9999 -9996
C0G660 1994053119 -9999 -9999 -9999 2.0
C0G660 1994053120 -9999 -9999 -9999 0.5
C0G660 1994053121 -9999 -9999 -9999 0.0
C0G660 1994053122 -9999 -9999 -9999 0.0
C0G660 1994053123 -9999 -9999 -9999 0.0
C0G660 1994053124 -9999 -9999 -9999 0.0
