C0G620 1994100101 -9999 -9999 -9999 0.0
C0G620 1994100102 -9999 -9999 -9999 0.0
C0G620 1994100103 -9999 -9999 -9999 0.0
C0G620 1994100104 -9999 -9999 -9999 0.0
C0G620 1994100105 -9999 -9999 -9999 0.0
C0G620 1994100106 -9999 -9999 -9999 0.0
C0G620 1994100107 -9999 -9999 -9999 0.0
C0G620 1994100108 -9999 -9999 -9999 0.0
C0G620 1994100109 -9999 -9999 -9999 0.0
C0G620 1994100110 -9999 -9999 -9999 0.0
C0G620 1994100111 -9999 -9999 -9999 0.0
C0G620 1994100112 -9999 -9999 -9999 0.0
C0G620 1994100113 -9999 -9999 -9999 0.0
C0G620 1994100114 -9999 -9999 -9999 0.0
C0G620 1994100115 -9999 -9999 -9999 0.0
C0G620 1994100116 -9999 -9999 -9999 0.0
C0G620 1994100117 -9999 -9999 -9999 0.0
C0G620 1994100118 -9999 -9999 -9999 0.0
C0G620 1994100119 -9999 -9999 -9999 0.0
C0G620 1994100120 -9999 -9999 -9999 0.0
C0G620 1994100121 -9999 -9999 -9999 0.0
C0G620 1994100122 -9999 -9999 -9999 0.0
C0G620 1994100123 -9999 -9999 -9999 0.0
C0G620 1994100124 -9999 -9999 -9999 0.0
C0G620 1994100201 -9999 -9999 -9999 0.0
C0G620 1994100202 -9999 -9999 -9999 0.0
C0G620 1994100203 -9999 -9999 -9999 0.0
C0G620 1994100204 -9999 -9999 -9999 0.0
C0G620 1994100205 -9999 -9999 -9999 0.0
C0G620 1994100206 -9999 -9999 -9999 0.0
C0G620 1994100207 -9999 -9999 -9999 0.0
C0G620 1994100208 -9999 -9999 -9999 0.0
C0G620 1994100209 -9999 -9999 -9999 0.0
C0G620 1994100210 -9999 -9999 -9999 0.0
C0G620 1994100211 -9999 -9999 -9999 0.0
C0G620 1994100212 -9999 -9999 -9999 0.0
C0G620 1994100213 -9999 -9999 -9999 0.0
C0G620 1994100214 -9999 -9999 -9999 0.0
C0G620 1994100215 -9999 -9999 -9999 0.0
C0G620 1994100216 -9999 -9999 -9999 0.0
C0G620 1994100217 -9999 -9999 -9999 0.0
C0G620 1994100218 -9999 -9999 -9999 0.0
C0G620 1994100219 -9999 -9999 -9999 0.0
C0G620 1994100220 -9999 -9999 -9999 0.0
C0G620 1994100221 -9999 -9999 -9999 0.0
C0G620 1994100222 -9999 -9999 -9999 0.0
C0G620 1994100223 -9999 -9999 -9999 0.0
C0G620 1994100224 -9999 -9999 -9999 0.0
C0G620 1994100301 -9999 -9999 -9999 0.0
C0G620 1994100302 -9999 -9999 -9999 0.0
C0G620 1994100303 -9999 -9999 -9999 0.0
C0G620 1994100304 -9999 -9999 -9999 0.0
C0G620 1994100305 -9999 -9999 -9999 0.0
C0G620 1994100306 -9999 -9999 -9999 0.0
C0G620 1994100307 -9999 -9999 -9999 0.0
C0G620 1994100308 -9999 -9999 -9999 0.0
C0G620 1994100309 -9999 -9999 -9999 0.0
C0G620 1994100310 -9999 -9999 -9999 0.0
C0G620 1994100311 -9999 -9999 -9999 0.0
C0G620 1994100312 -9999 -9999 -9999 0.0
C0G620 1994100313 -9999 -9999 -9999 0.0
C0G620 1994100314 -9999 -9999 -9999 0.0
C0G620 1994100315 -9999 -9999 -9999 0.0
C0G620 1994100316 -9999 -9999 -9999 0.0
C0G620 1994100317 -9999 -9999 -9999 0.0
C0G620 1994100318 -9999 -9999 -9999 0.0
C0G620 1994100319 -9999 -9999 -9999 0.0
C0G620 1994100320 -9999 -9999 -9999 0.0
C0G620 1994100321 -9999 -9999 -9999 0.0
C0G620 1994100322 -9999 -9999 -9999 0.0
C0G620 1994100323 -9999 -9999 -9999 0.0
C0G620 1994100324 -9999 -9999 -9999 0.0
C0G620 1994100401 -9999 -9999 -9999 0.0
C0G620 1994100402 -9999 -9999 -9999 0.0
C0G620 1994100403 -9999 -9999 -9999 0.0
C0G620 1994100404 -9999 -9999 -9999 0.0
C0G620 1994100405 -9999 -9999 -9999 0.0
C0G620 1994100406 -9999 -9999 -9999 0.0
C0G620 1994100407 -9999 -9999 -9999 0.0
C0G620 1994100408 -9999 -9999 -9999 0.0
C0G620 1994100409 -9999 -9999 -9999 0.0
C0G620 1994100410 -9999 -9999 -9999 0.0
C0G620 1994100411 -9999 -9999 -9999 0.0
C0G620 1994100412 -9999 -9999 -9999 0.0
C0G620 1994100413 -9999 -9999 -9999 0.0
C0G620 1994100414 -9999 -9999 -9999 0.0
C0G620 1994100415 -9999 -9999 -9999 0.0
C0G620 1994100416 -9999 -9999 -9999 0.0
C0G620 1994100417 -9999 -9999 -9999 0.0
C0G620 1994100418 -9999 -9999 -9999 0.0
C0G620 1994100419 -9999 -9999 -9999 0.0
C0G620 1994100420 -9999 -9999 -9999 0.0
C0G620 1994100421 -9999 -9999 -9999 0.0
C0G620 1994100422 -9999 -9999 -9999 0.0
C0G620 1994100423 -9999 -9999 -9999 0.0
C0G620 1994100424 -9999 -9999 -9999 0.0
C0G620 1994100501 -9999 -9999 -9999 0.0
C0G620 1994100502 -9999 -9999 -9999 0.0
C0G620 1994100503 -9999 -9999 -9999 0.0
C0G620 1994100504 -9999 -9999 -9999 0.0
C0G620 1994100505 -9999 -9999 -9999 0.0
C0G620 1994100506 -9999 -9999 -9999 0.0
C0G620 1994100507 -9999 -9999 -9999 0.0
C0G620 1994100508 -9999 -9999 -9999 0.0
C0G620 1994100509 -9999 -9999 -9999 0.0
C0G620 1994100510 -9999 -9999 -9999 0.0
C0G620 1994100511 -9999 -9999 -9999 0.0
C0G620 1994100512 -9999 -9999 -9999 0.0
C0G620 1994100513 -9999 -9999 -9999 0.0
C0G620 1994100514 -9999 -9999 -9999 0.0
C0G620 1994100515 -9999 -9999 -9999 0.0
C0G620 1994100516 -9999 -9999 -9999 0.0
C0G620 1994100517 -9999 -9999 -9999 0.0
C0G620 1994100518 -9999 -9999 -9999 0.0
C0G620 1994100519 -9999 -9999 -9999 0.0
C0G620 1994100520 -9999 -9999 -9999 0.0
C0G620 1994100521 -9999 -9999 -9999 0.0
C0G620 1994100522 -9999 -9999 -9999 0.0
C0G620 1994100523 -9999 -9999 -9999 0.0
C0G620 1994100524 -9999 -9999 -9999 0.0
C0G620 1994100601 -9999 -9999 -9999 0.0
C0G620 1994100602 -9999 -9999 -9999 0.0
C0G620 1994100603 -9999 -9999 -9999 0.0
C0G620 1994100604 -9999 -9999 -9999 0.0
C0G620 1994100605 -9999 -9999 -9999 0.0
C0G620 1994100606 -9999 -9999 -9999 0.0
C0G620 1994100607 -9999 -9999 -9999 0.0
C0G620 1994100608 -9999 -9999 -9999 0.0
C0G620 1994100609 -9999 -9999 -9999 0.0
C0G620 1994100610 -9999 -9999 -9999 0.0
C0G620 1994100611 -9999 -9999 -9999 0.0
C0G620 1994100612 -9999 -9999 -9999 0.0
C0G620 1994100613 -9999 -9999 -9999 0.0
C0G620 1994100614 -9999 -9999 -9999 0.0
C0G620 1994100615 -9999 -9999 -9999 0.0
C0G620 1994100616 -9999 -9999 -9999 0.0
C0G620 1994100617 -9999 -9999 -9999 0.0
C0G620 1994100618 -9999 -9999 -9999 0.0
C0G620 1994100619 -9999 -9999 -9999 0.0
C0G620 1994100620 -9999 -9999 -9999 0.0
C0G620 1994100621 -9999 -9999 -9999 0.0
C0G620 1994100622 -9999 -9999 -9999 0.0
C0G620 1994100623 -9999 -9999 -9999 0.0
C0G620 1994100624 -9999 -9999 -9999 0.0
C0G620 1994100701 -9999 -9999 -9999 0.0
C0G620 1994100702 -9999 -9999 -9999 0.0
C0G620 1994100703 -9999 -9999 -9999 0.0
C0G620 1994100704 -9999 -9999 -9999 0.0
C0G620 1994100705 -9999 -9999 -9999 0.0
C0G620 1994100706 -9999 -9999 -9999 0.0
C0G620 1994100707 -9999 -9999 -9999 0.0
C0G620 1994100708 -9999 -9999 -9999 0.0
C0G620 1994100709 -9999 -9999 -9999 0.0
C0G620 1994100710 -9999 -9999 -9999 0.0
C0G620 1994100711 -9999 -9999 -9999 0.0
C0G620 1994100712 -9999 -9999 -9999 0.0
C0G620 1994100713 -9999 -9999 -9999 0.0
C0G620 1994100714 -9999 -9999 -9999 0.0
C0G620 1994100715 -9999 -9999 -9999 0.0
C0G620 1994100716 -9999 -9999 -9999 0.0
C0G620 1994100717 -9999 -9999 -9999 0.0
C0G620 1994100718 -9999 -9999 -9999 0.0
C0G620 1994100719 -9999 -9999 -9999 0.0
C0G620 1994100720 -9999 -9999 -9999 0.0
C0G620 1994100721 -9999 -9999 -9999 0.0
C0G620 1994100722 -9999 -9999 -9999 0.0
C0G620 1994100723 -9999 -9999 -9999 0.0
C0G620 1994100724 -9999 -9999 -9999 0.0
C0G620 1994100801 -9999 -9999 -9999 0.0
C0G620 1994100802 -9999 -9999 -9999 0.0
C0G620 1994100803 -9999 -9999 -9999 0.0
C0G620 1994100804 -9999 -9999 -9999 0.0
C0G620 1994100805 -9999 -9999 -9999 0.0
C0G620 1994100806 -9999 -9999 -9999 0.0
C0G620 1994100807 -9999 -9999 -9999 0.0
C0G620 1994100808 -9999 -9999 -9999 0.0
C0G620 1994100809 -9999 -9999 -9999 0.0
C0G620 1994100810 -9999 -9999 -9999 0.0
C0G620 1994100811 -9999 -9999 -9999 0.0
C0G620 1994100812 -9999 -9999 -9999 0.0
C0G620 1994100813 -9999 -9999 -9999 0.0
C0G620 1994100814 -9999 -9999 -9999 0.0
C0G620 1994100815 -9999 -9999 -9999 0.0
C0G620 1994100816 -9999 -9999 -9999 0.0
C0G620 1994100817 -9999 -9999 -9999 0.0
C0G620 1994100818 -9999 -9999 -9999 0.0
C0G620 1994100819 -9999 -9999 -9999 0.0
C0G620 1994100820 -9999 -9999 -9999 0.0
C0G620 1994100821 -9999 -9999 -9999 0.0
C0G620 1994100822 -9999 -9999 -9999 0.0
C0G620 1994100823 -9999 -9999 -9999 0.0
C0G620 1994100824 -9999 -9999 -9999 0.0
C0G620 1994100901 -9999 -9999 -9999 0.0
C0G620 1994100902 -9999 -9999 -9999 0.0
C0G620 1994100903 -9999 -9999 -9999 0.0
C0G620 1994100904 -9999 -9999 -9999 0.0
C0G620 1994100905 -9999 -9999 -9999 0.0
C0G620 1994100906 -9999 -9999 -9999 0.0
C0G620 1994100907 -9999 -9999 -9999 0.0
C0G620 1994100908 -9999 -9999 -9999 0.0
C0G620 1994100909 -9999 -9999 -9999 0.0
C0G620 1994100910 -9999 -9999 -9999 0.0
C0G620 1994100911 -9999 -9999 -9999 0.0
C0G620 1994100912 -9999 -9999 -9999 0.0
C0G620 1994100913 -9999 -9999 -9999 0.0
C0G620 1994100914 -9999 -9999 -9999 0.0
C0G620 1994100915 -9999 -9999 -9999 0.0
C0G620 1994100916 -9999 -9999 -9999 0.0
C0G620 1994100917 -9999 -9999 -9999 0.0
C0G620 1994100918 -9999 -9999 -9999 0.0
C0G620 1994100919 -9999 -9999 -9999 0.0
C0G620 1994100920 -9999 -9999 -9999 0.0
C0G620 1994100921 -9999 -9999 -9999 0.0
C0G620 1994100922 -9999 -9999 -9999 0.0
C0G620 1994100923 -9999 -9999 -9999 0.0
C0G620 1994100924 -9999 -9999 -9999 0.0
C0G620 1994101001 -9999 -9999 -9999 -9996
C0G620 1994101002 -9999 -9999 -9999 -9996
C0G620 1994101003 -9999 -9999 -9999 -9996
C0G620 1994101004 -9999 -9999 -9999 1.0
C0G620 1994101005 -9999 -9999 -9999 0.5
C0G620 1994101006 -9999 -9999 -9999 0.5
C0G620 1994101007 -9999 -9999 -9999 0.5
C0G620 1994101008 -9999 -9999 -9999 -9996
C0G620 1994101009 -9999 -9999 -9999 0.5
C0G620 1994101010 -9999 -9999 -9999 3.5
C0G620 1994101011 -9999 -9999 -9999 -9996
C0G620 1994101012 -9999 -9999 -9999 0.5
C0G620 1994101013 -9999 -9999 -9999 -9996
C0G620 1994101014 -9999 -9999 -9999 -9996
C0G620 1994101015 -9999 -9999 -9999 -9996
C0G620 1994101016 -9999 -9999 -9999 0.5
C0G620 1994101017 -9999 -9999 -9999 0.0
C0G620 1994101018 -9999 -9999 -9999 0.0
C0G620 1994101019 -9999 -9999 -9999 0.0
C0G620 1994101020 -9999 -9999 -9999 0.0
C0G620 1994101021 -9999 -9999 -9999 0.0
C0G620 1994101022 -9999 -9999 -9999 0.5
C0G620 1994101023 -9999 -9999 -9999 1.0
C0G620 1994101024 -9999 -9999 -9999 0.0
C0G620 1994101101 -9999 -9999 -9999 0.0
C0G620 1994101102 -9999 -9999 -9999 0.0
C0G620 1994101103 -9999 -9999 -9999 0.0
C0G620 1994101104 -9999 -9999 -9999 0.0
C0G620 1994101105 -9999 -9999 -9999 0.0
C0G620 1994101106 -9999 -9999 -9999 0.0
C0G620 1994101107 -9999 -9999 -9999 0.0
C0G620 1994101108 -9999 -9999 -9999 0.0
C0G620 1994101109 -9999 -9999 -9999 0.0
C0G620 1994101110 -9999 -9999 -9999 0.0
C0G620 1994101111 -9999 -9999 -9999 0.0
C0G620 1994101112 -9999 -9999 -9999 -9996
C0G620 1994101113 -9999 -9999 -9999 -9996
C0G620 1994101114 -9999 -9999 -9999 -9996
C0G620 1994101115 -9999 -9999 -9999 -9996
C0G620 1994101116 -9999 -9999 -9999 1.0
C0G620 1994101117 -9999 -9999 -9999 0.0
C0G620 1994101118 -9999 -9999 -9999 0.0
C0G620 1994101119 -9999 -9999 -9999 0.0
C0G620 1994101120 -9999 -9999 -9999 0.0
C0G620 1994101121 -9999 -9999 -9999 0.0
C0G620 1994101122 -9999 -9999 -9999 0.0
C0G620 1994101123 -9999 -9999 -9999 0.0
C0G620 1994101124 -9999 -9999 -9999 0.0
C0G620 1994101201 -9999 -9999 -9999 0.0
C0G620 1994101202 -9999 -9999 -9999 0.0
C0G620 1994101203 -9999 -9999 -9999 0.0
C0G620 1994101204 -9999 -9999 -9999 0.0
C0G620 1994101205 -9999 -9999 -9999 0.0
C0G620 1994101206 -9999 -9999 -9999 0.0
C0G620 1994101207 -9999 -9999 -9999 0.0
C0G620 1994101208 -9999 -9999 -9999 0.0
C0G620 1994101209 -9999 -9999 -9999 0.0
C0G620 1994101210 -9999 -9999 -9999 0.0
C0G620 1994101211 -9999 -9999 -9999 0.0
C0G620 1994101212 -9999 -9999 -9999 0.0
C0G620 1994101213 -9999 -9999 -9999 0.0
C0G620 1994101214 -9999 -9999 -9999 0.0
C0G620 1994101215 -9999 -9999 -9999 0.0
C0G620 1994101216 -9999 -9999 -9999 0.0
C0G620 1994101217 -9999 -9999 -9999 0.0
C0G620 1994101218 -9999 -9999 -9999 0.0
C0G620 1994101219 -9999 -9999 -9999 0.0
C0G620 1994101220 -9999 -9999 -9999 0.0
C0G620 1994101221 -9999 -9999 -9999 0.0
C0G620 1994101222 -9999 -9999 -9999 0.0
C0G620 1994101223 -9999 -9999 -9999 0.0
C0G620 1994101224 -9999 -9999 -9999 0.0
C0G620 1994101301 -9999 -9999 -9999 0.0
C0G620 1994101302 -9999 -9999 -9999 0.0
C0G620 1994101303 -9999 -9999 -9999 0.0
C0G620 1994101304 -9999 -9999 -9999 0.0
C0G620 1994101305 -9999 -9999 -9999 0.0
C0G620 1994101306 -9999 -9999 -9999 0.0
C0G620 1994101307 -9999 -9999 -9999 0.0
C0G620 1994101308 -9999 -9999 -9999 0.0
C0G620 1994101309 -9999 -9999 -9999 0.0
C0G620 1994101310 -9999 -9999 -9999 0.0
C0G620 1994101311 -9999 -9999 -9999 0.0
C0G620 1994101312 -9999 -9999 -9999 0.0
C0G620 1994101313 -9999 -9999 -9999 0.0
C0G620 1994101314 -9999 -9999 -9999 0.0
C0G620 1994101315 -9999 -9999 -9999 0.0
C0G620 1994101316 -9999 -9999 -9999 0.0
C0G620 1994101317 -9999 -9999 -9999 0.0
C0G620 1994101318 -9999 -9999 -9999 0.0
C0G620 1994101319 -9999 -9999 -9999 0.0
C0G620 1994101320 -9999 -9999 -9999 0.0
C0G620 1994101321 -9999 -9999 -9999 0.0
C0G620 1994101322 -9999 -9999 -9999 0.0
C0G620 1994101323 -9999 -9999 -9999 0.0
C0G620 1994101324 -9999 -9999 -9999 0.0
C0G620 1994101401 -9999 -9999 -9999 0.0
C0G620 1994101402 -9999 -9999 -9999 0.0
C0G620 1994101403 -9999 -9999 -9999 0.0
C0G620 1994101404 -9999 -9999 -9999 0.0
C0G620 1994101405 -9999 -9999 -9999 0.0
C0G620 1994101406 -9999 -9999 -9999 0.0
C0G620 1994101407 -9999 -9999 -9999 0.0
C0G620 1994101408 -9999 -9999 -9999 0.0
C0G620 1994101409 -9999 -9999 -9999 0.0
C0G620 1994101410 -9999 -9999 -9999 0.0
C0G620 1994101411 -9999 -9999 -9999 0.0
C0G620 1994101412 -9999 -9999 -9999 0.0
C0G620 1994101413 -9999 -9999 -9999 0.0
C0G620 1994101414 -9999 -9999 -9999 0.0
C0G620 1994101415 -9999 -9999 -9999 0.0
C0G620 1994101416 -9999 -9999 -9999 0.0
C0G620 1994101417 -9999 -9999 -9999 0.0
C0G620 1994101418 -9999 -9999 -9999 0.0
C0G620 1994101419 -9999 -9999 -9999 0.0
C0G620 1994101420 -9999 -9999 -9999 0.0
C0G620 1994101421 -9999 -9999 -9999 0.0
C0G620 1994101422 -9999 -9999 -9999 0.0
C0G620 1994101423 -9999 -9999 -9999 0.0
C0G620 1994101424 -9999 -9999 -9999 0.0
C0G620 1994101501 -9999 -9999 -9999 0.0
C0G620 1994101502 -9999 -9999 -9999 0.0
C0G620 1994101503 -9999 -9999 -9999 0.0
C0G620 1994101504 -9999 -9999 -9999 0.0
C0G620 1994101505 -9999 -9999 -9999 0.0
C0G620 1994101506 -9999 -9999 -9999 0.0
C0G620 1994101507 -9999 -9999 -9999 0.0
C0G620 1994101508 -9999 -9999 -9999 0.0
C0G620 1994101509 -9999 -9999 -9999 0.0
C0G620 1994101510 -9999 -9999 -9999 0.0
C0G620 1994101511 -9999 -9999 -9999 0.0
C0G620 1994101512 -9999 -9999 -9999 0.0
C0G620 1994101513 -9999 -9999 -9999 0.0
C0G620 1994101514 -9999 -9999 -9999 0.0
C0G620 1994101515 -9999 -9999 -9999 0.0
C0G620 1994101516 -9999 -9999 -9999 0.0
C0G620 1994101517 -9999 -9999 -9999 0.0
C0G620 1994101518 -9999 -9999 -9999 0.0
C0G620 1994101519 -9999 -9999 -9999 0.0
C0G620 1994101520 -9999 -9999 -9999 0.0
C0G620 1994101521 -9999 -9999 -9999 0.0
C0G620 1994101522 -9999 -9999 -9999 0.0
C0G620 1994101523 -9999 -9999 -9999 0.0
C0G620 1994101524 -9999 -9999 -9999 0.0
C0G620 1994101601 -9999 -9999 -9999 0.0
C0G620 1994101602 -9999 -9999 -9999 0.0
C0G620 1994101603 -9999 -9999 -9999 0.0
C0G620 1994101604 -9999 -9999 -9999 0.0
C0G620 1994101605 -9999 -9999 -9999 0.0
C0G620 1994101606 -9999 -9999 -9999 0.0
C0G620 1994101607 -9999 -9999 -9999 0.0
C0G620 1994101608 -9999 -9999 -9999 0.0
C0G620 1994101609 -9999 -9999 -9999 0.0
C0G620 1994101610 -9999 -9999 -9999 0.0
C0G620 1994101611 -9999 -9999 -9999 0.0
C0G620 1994101612 -9999 -9999 -9999 0.0
C0G620 1994101613 -9999 -9999 -9999 0.0
C0G620 1994101614 -9999 -9999 -9999 0.0
C0G620 1994101615 -9999 -9999 -9999 0.0
C0G620 1994101616 -9999 -9999 -9999 0.0
C0G620 1994101617 -9999 -9999 -9999 0.0
C0G620 1994101618 -9999 -9999 -9999 0.0
C0G620 1994101619 -9999 -9999 -9999 0.0
C0G620 1994101620 -9999 -9999 -9999 0.0
C0G620 1994101621 -9999 -9999 -9999 0.0
C0G620 1994101622 -9999 -9999 -9999 0.0
C0G620 1994101623 -9999 -9999 -9999 0.0
C0G620 1994101624 -9999 -9999 -9999 0.0
C0G620 1994101701 -9999 -9999 -9999 0.0
C0G620 1994101702 -9999 -9999 -9999 0.0
C0G620 1994101703 -9999 -9999 -9999 0.0
C0G620 1994101704 -9999 -9999 -9999 0.0
C0G620 1994101705 -9999 -9999 -9999 0.0
C0G620 1994101706 -9999 -9999 -9999 0.0
C0G620 1994101707 -9999 -9999 -9999 0.0
C0G620 1994101708 -9999 -9999 -9999 0.0
C0G620 1994101709 -9999 -9999 -9999 0.0
C0G620 1994101710 -9999 -9999 -9999 0.0
C0G620 1994101711 -9999 -9999 -9999 0.0
C0G620 1994101712 -9999 -9999 -9999 0.0
C0G620 1994101713 -9999 -9999 -9999 0.0
C0G620 1994101714 -9999 -9999 -9999 0.0
C0G620 1994101715 -9999 -9999 -9999 0.0
C0G620 1994101716 -9999 -9999 -9999 0.0
C0G620 1994101717 -9999 -9999 -9999 0.0
C0G620 1994101718 -9999 -9999 -9999 0.0
C0G620 1994101719 -9999 -9999 -9999 0.0
C0G620 1994101720 -9999 -9999 -9999 0.0
C0G620 1994101721 -9999 -9999 -9999 0.0
C0G620 1994101722 -9999 -9999 -9999 0.0
C0G620 1994101723 -9999 -9999 -9999 0.0
C0G620 1994101724 -9999 -9999 -9999 0.0
C0G620 1994101801 -9999 -9999 -9999 0.0
C0G620 1994101802 -9999 -9999 -9999 0.0
C0G620 1994101803 -9999 -9999 -9999 0.0
C0G620 1994101804 -9999 -9999 -9999 0.0
C0G620 1994101805 -9999 -9999 -9999 0.0
C0G620 1994101806 -9999 -9999 -9999 0.0
C0G620 1994101807 -9999 -9999 -9999 0.0
C0G620 1994101808 -9999 -9999 -9999 0.0
C0G620 1994101809 -9999 -9999 -9999 0.0
C0G620 1994101810 -9999 -9999 -9999 0.0
C0G620 1994101811 -9999 -9999 -9999 0.0
C0G620 1994101812 -9999 -9999 -9999 0.0
C0G620 1994101813 -9999 -9999 -9999 0.0
C0G620 1994101814 -9999 -9999 -9999 0.0
C0G620 1994101815 -9999 -9999 -9999 0.0
C0G620 1994101816 -9999 -9999 -9999 0.0
C0G620 1994101817 -9999 -9999 -9999 0.0
C0G620 1994101818 -9999 -9999 -9999 0.0
C0G620 1994101819 -9999 -9999 -9999 0.0
C0G620 1994101820 -9999 -9999 -9999 0.0
C0G620 1994101821 -9999 -9999 -9999 0.0
C0G620 1994101822 -9999 -9999 -9999 0.0
C0G620 1994101823 -9999 -9999 -9999 0.0
C0G620 1994101824 -9999 -9999 -9999 0.0
C0G620 1994101901 -9999 -9999 -9999 0.0
C0G620 1994101902 -9999 -9999 -9999 0.0
C0G620 1994101903 -9999 -9999 -9999 0.0
C0G620 1994101904 -9999 -9999 -9999 0.0
C0G620 1994101905 -9999 -9999 -9999 0.0
C0G620 1994101906 -9999 -9999 -9999 0.0
C0G620 1994101907 -9999 -9999 -9999 0.0
C0G620 1994101908 -9999 -9999 -9999 0.0
C0G620 1994101909 -9999 -9999 -9999 0.0
C0G620 1994101910 -9999 -9999 -9999 0.0
C0G620 1994101911 -9999 -9999 -9999 0.0
C0G620 1994101912 -9999 -9999 -9999 0.0
C0G620 1994101913 -9999 -9999 -9999 0.0
C0G620 1994101914 -9999 -9999 -9999 0.0
C0G620 1994101915 -9999 -9999 -9999 0.0
C0G620 1994101916 -9999 -9999 -9999 0.0
C0G620 1994101917 -9999 -9999 -9999 0.0
C0G620 1994101918 -9999 -9999 -9999 0.0
C0G620 1994101919 -9999 -9999 -9999 0.0
C0G620 1994101920 -9999 -9999 -9999 0.0
C0G620 1994101921 -9999 -9999 -9999 0.0
C0G620 1994101922 -9999 -9999 -9999 0.0
C0G620 1994101923 -9999 -9999 -9999 0.0
C0G620 1994101924 -9999 -9999 -9999 0.0
C0G620 1994102001 -9999 -9999 -9999 0.0
C0G620 1994102002 -9999 -9999 -9999 0.0
C0G620 1994102003 -9999 -9999 -9999 0.0
C0G620 1994102004 -9999 -9999 -9999 0.0
C0G620 1994102005 -9999 -9999 -9999 0.0
C0G620 1994102006 -9999 -9999 -9999 0.0
C0G620 1994102007 -9999 -9999 -9999 0.0
C0G620 1994102008 -9999 -9999 -9999 0.0
C0G620 1994102009 -9999 -9999 -9999 0.0
C0G620 1994102010 -9999 -9999 -9999 0.0
C0G620 1994102011 -9999 -9999 -9999 0.0
C0G620 1994102012 -9999 -9999 -9999 0.0
C0G620 1994102013 -9999 -9999 -9999 0.0
C0G620 1994102014 -9999 -9999 -9999 0.0
C0G620 1994102015 -9999 -9999 -9999 0.0
C0G620 1994102016 -9999 -9999 -9999 0.0
C0G620 1994102017 -9999 -9999 -9999 0.0
C0G620 1994102018 -9999 -9999 -9999 0.0
C0G620 1994102019 -9999 -9999 -9999 0.0
C0G620 1994102020 -9999 -9999 -9999 0.0
C0G620 1994102021 -9999 -9999 -9999 0.0
C0G620 1994102022 -9999 -9999 -9999 0.0
C0G620 1994102023 -9999 -9999 -9999 0.0
C0G620 1994102024 -9999 -9999 -9999 0.0
C0G620 1994102101 -9999 -9999 -9999 0.0
C0G620 1994102102 -9999 -9999 -9999 0.0
C0G620 1994102103 -9999 -9999 -9999 0.0
C0G620 1994102104 -9999 -9999 -9999 0.0
C0G620 1994102105 -9999 -9999 -9999 0.0
C0G620 1994102106 -9999 -9999 -9999 0.0
C0G620 1994102107 -9999 -9999 -9999 0.0
C0G620 1994102108 -9999 -9999 -9999 0.0
C0G620 1994102109 -9999 -9999 -9999 0.0
C0G620 1994102110 -9999 -9999 -9999 0.0
C0G620 1994102111 -9999 -9999 -9999 0.0
C0G620 1994102112 -9999 -9999 -9999 0.0
C0G620 1994102113 -9999 -9999 -9999 0.0
C0G620 1994102114 -9999 -9999 -9999 0.0
C0G620 1994102115 -9999 -9999 -9999 0.0
C0G620 1994102116 -9999 -9999 -9999 0.0
C0G620 1994102117 -9999 -9999 -9999 0.0
C0G620 1994102118 -9999 -9999 -9999 0.0
C0G620 1994102119 -9999 -9999 -9999 0.0
C0G620 1994102120 -9999 -9999 -9999 0.0
C0G620 1994102121 -9999 -9999 -9999 0.0
C0G620 1994102122 -9999 -9999 -9999 0.0
C0G620 1994102123 -9999 -9999 -9999 0.0
C0G620 1994102124 -9999 -9999 -9999 0.0
C0G620 1994102201 -9999 -9999 -9999 0.0
C0G620 1994102202 -9999 -9999 -9999 0.0
C0G620 1994102203 -9999 -9999 -9999 0.0
C0G620 1994102204 -9999 -9999 -9999 0.0
C0G620 1994102205 -9999 -9999 -9999 0.0
C0G620 1994102206 -9999 -9999 -9999 0.0
C0G620 1994102207 -9999 -9999 -9999 0.0
C0G620 1994102208 -9999 -9999 -9999 0.0
C0G620 1994102209 -9999 -9999 -9999 0.0
C0G620 1994102210 -9999 -9999 -9999 0.0
C0G620 1994102211 -9999 -9999 -9999 0.0
C0G620 1994102212 -9999 -9999 -9999 0.0
C0G620 1994102213 -9999 -9999 -9999 0.0
C0G620 1994102214 -9999 -9999 -9999 0.0
C0G620 1994102215 -9999 -9999 -9999 0.0
C0G620 1994102216 -9999 -9999 -9999 0.0
C0G620 1994102217 -9999 -9999 -9999 0.0
C0G620 1994102218 -9999 -9999 -9999 0.0
C0G620 1994102219 -9999 -9999 -9999 0.0
C0G620 1994102220 -9999 -9999 -9999 0.0
C0G620 1994102221 -9999 -9999 -9999 0.0
C0G620 1994102222 -9999 -9999 -9999 0.0
C0G620 1994102223 -9999 -9999 -9999 0.0
C0G620 1994102224 -9999 -9999 -9999 0.0
C0G620 1994102301 -9999 -9999 -9999 0.0
C0G620 1994102302 -9999 -9999 -9999 0.0
C0G620 1994102303 -9999 -9999 -9999 0.0
C0G620 1994102304 -9999 -9999 -9999 0.0
C0G620 1994102305 -9999 -9999 -9999 0.0
C0G620 1994102306 -9999 -9999 -9999 0.0
C0G620 1994102307 -9999 -9999 -9999 0.0
C0G620 1994102308 -9999 -9999 -9999 0.0
C0G620 1994102309 -9999 -9999 -9999 0.0
C0G620 1994102310 -9999 -9999 -9999 0.0
C0G620 1994102311 -9999 -9999 -9999 0.0
C0G620 1994102312 -9999 -9999 -9999 0.0
C0G620 1994102313 -9999 -9999 -9999 0.0
C0G620 1994102314 -9999 -9999 -9999 0.0
C0G620 1994102315 -9999 -9999 -9999 0.0
C0G620 1994102316 -9999 -9999 -9999 0.0
C0G620 1994102317 -9999 -9999 -9999 0.0
C0G620 1994102318 -9999 -9999 -9999 0.0
C0G620 1994102319 -9999 -9999 -9999 0.0
C0G620 1994102320 -9999 -9999 -9999 0.0
C0G620 1994102321 -9999 -9999 -9999 0.0
C0G620 1994102322 -9999 -9999 -9999 0.0
C0G620 1994102323 -9999 -9999 -9999 0.0
C0G620 1994102324 -9999 -9999 -9999 0.0
C0G620 1994102401 -9999 -9999 -9999 0.0
C0G620 1994102402 -9999 -9999 -9999 0.0
C0G620 1994102403 -9999 -9999 -9999 0.0
C0G620 1994102404 -9999 -9999 -9999 0.0
C0G620 1994102405 -9999 -9999 -9999 0.0
C0G620 1994102406 -9999 -9999 -9999 0.0
C0G620 1994102407 -9999 -9999 -9999 0.0
C0G620 1994102408 -9999 -9999 -9999 0.0
C0G620 1994102409 -9999 -9999 -9999 0.0
C0G620 1994102410 -9999 -9999 -9999 0.0
C0G620 1994102411 -9999 -9999 -9999 0.0
C0G620 1994102412 -9999 -9999 -9999 0.0
C0G620 1994102413 -9999 -9999 -9999 0.0
C0G620 1994102414 -9999 -9999 -9999 0.0
C0G620 1994102415 -9999 -9999 -9999 0.0
C0G620 1994102416 -9999 -9999 -9999 0.0
C0G620 1994102417 -9999 -9999 -9999 0.0
C0G620 1994102418 -9999 -9999 -9999 0.0
C0G620 1994102419 -9999 -9999 -9999 0.0
C0G620 1994102420 -9999 -9999 -9999 0.0
C0G620 1994102421 -9999 -9999 -9999 0.0
C0G620 1994102422 -9999 -9999 -9999 0.0
C0G620 1994102423 -9999 -9999 -9999 0.0
C0G620 1994102424 -9999 -9999 -9999 0.0
C0G620 1994102501 -9999 -9999 -9999 0.0
C0G620 1994102502 -9999 -9999 -9999 0.0
C0G620 1994102503 -9999 -9999 -9999 0.0
C0G620 1994102504 -9999 -9999 -9999 0.0
C0G620 1994102505 -9999 -9999 -9999 0.0
C0G620 1994102506 -9999 -9999 -9999 0.0
C0G620 1994102507 -9999 -9999 -9999 0.0
C0G620 1994102508 -9999 -9999 -9999 0.0
C0G620 1994102509 -9999 -9999 -9999 0.0
C0G620 1994102510 -9999 -9999 -9999 0.0
C0G620 1994102511 -9999 -9999 -9999 0.0
C0G620 1994102512 -9999 -9999 -9999 0.0
C0G620 1994102513 -9999 -9999 -9999 0.0
C0G620 1994102514 -9999 -9999 -9999 0.0
C0G620 1994102515 -9999 -9999 -9999 0.0
C0G620 1994102516 -9999 -9999 -9999 0.0
C0G620 1994102517 -9999 -9999 -9999 0.0
C0G620 1994102518 -9999 -9999 -9999 0.0
C0G620 1994102519 -9999 -9999 -9999 0.0
C0G620 1994102520 -9999 -9999 -9999 -9996
C0G620 1994102521 -9999 -9999 -9999 -9996
C0G620 1994102522 -9999 -9999 -9999 -9996
C0G620 1994102523 -9999 -9999 -9999 -9996
C0G620 1994102524 -9999 -9999 -9999 -9996
C0G620 1994102601 -9999 -9999 -9999 0.0
C0G620 1994102602 -9999 -9999 -9999 0.0
C0G620 1994102603 -9999 -9999 -9999 0.0
C0G620 1994102604 -9999 -9999 -9999 0.0
C0G620 1994102605 -9999 -9999 -9999 0.0
C0G620 1994102606 -9999 -9999 -9999 0.0
C0G620 1994102607 -9999 -9999 -9999 0.0
C0G620 1994102608 -9999 -9999 -9999 0.0
C0G620 1994102609 -9999 -9999 -9999 0.0
C0G620 1994102610 -9999 -9999 -9999 0.0
C0G620 1994102611 -9999 -9999 -9999 0.0
C0G620 1994102612 -9999 -9999 -9999 0.0
C0G620 1994102613 -9999 -9999 -9999 0.0
C0G620 1994102614 -9999 -9999 -9999 0.0
C0G620 1994102615 -9999 -9999 -9999 0.0
C0G620 1994102616 -9999 -9999 -9999 0.0
C0G620 1994102617 -9999 -9999 -9999 0.0
C0G620 1994102618 -9999 -9999 -9999 0.0
C0G620 1994102619 -9999 -9999 -9999 0.0
C0G620 1994102620 -9999 -9999 -9999 -9996
C0G620 1994102621 -9999 -9999 -9999 -9996
C0G620 1994102622 -9999 -9999 -9999 -9996
C0G620 1994102623 -9999 -9999 -9999 -9996
C0G620 1994102624 -9999 -9999 -9999 -9996
C0G620 1994102701 -9999 -9999 -9999 0.0
C0G620 1994102702 -9999 -9999 -9999 0.0
C0G620 1994102703 -9999 -9999 -9999 0.0
C0G620 1994102704 -9999 -9999 -9999 0.0
C0G620 1994102705 -9999 -9999 -9999 0.0
C0G620 1994102706 -9999 -9999 -9999 0.0
C0G620 1994102707 -9999 -9999 -9999 0.0
C0G620 1994102708 -9999 -9999 -9999 0.0
C0G620 1994102709 -9999 -9999 -9999 0.0
C0G620 1994102710 -9999 -9999 -9999 0.0
C0G620 1994102711 -9999 -9999 -9999 0.0
C0G620 1994102712 -9999 -9999 -9999 0.0
C0G620 1994102713 -9999 -9999 -9999 0.0
C0G620 1994102714 -9999 -9999 -9999 0.0
C0G620 1994102715 -9999 -9999 -9999 0.0
C0G620 1994102716 -9999 -9999 -9999 0.0
C0G620 1994102717 -9999 -9999 -9999 0.0
C0G620 1994102718 -9999 -9999 -9999 0.0
C0G620 1994102719 -9999 -9999 -9999 0.0
C0G620 1994102720 -9999 -9999 -9999 -9996
C0G620 1994102721 -9999 -9999 -9999 -9996
C0G620 1994102722 -9999 -9999 -9999 -9996
C0G620 1994102723 -9999 -9999 -9999 -9996
C0G620 1994102724 -9999 -9999 -9999 -9996
C0G620 1994102801 -9999 -9999 -9999 0.0
C0G620 1994102802 -9999 -9999 -9999 0.0
C0G620 1994102803 -9999 -9999 -9999 0.0
C0G620 1994102804 -9999 -9999 -9999 0.0
C0G620 1994102805 -9999 -9999 -9999 0.0
C0G620 1994102806 -9999 -9999 -9999 0.0
C0G620 1994102807 -9999 -9999 -9999 0.0
C0G620 1994102808 -9999 -9999 -9999 0.0
C0G620 1994102809 -9999 -9999 -9999 0.0
C0G620 1994102810 -9999 -9999 -9999 0.0
C0G620 1994102811 -9999 -9999 -9999 0.0
C0G620 1994102812 -9999 -9999 -9999 0.0
C0G620 1994102813 -9999 -9999 -9999 0.0
C0G620 1994102814 -9999 -9999 -9999 0.0
C0G620 1994102815 -9999 -9999 -9999 0.0
C0G620 1994102816 -9999 -9999 -9999 0.0
C0G620 1994102817 -9999 -9999 -9999 0.0
C0G620 1994102818 -9999 -9999 -9999 0.0
C0G620 1994102819 -9999 -9999 -9999 0.0
C0G620 1994102820 -9999 -9999 -9999 0.0
C0G620 1994102821 -9999 -9999 -9999 0.0
C0G620 1994102822 -9999 -9999 -9999 0.0
C0G620 1994102823 -9999 -9999 -9999 0.0
C0G620 1994102824 -9999 -9999 -9999 0.0
C0G620 1994102901 -9999 -9999 -9999 0.0
C0G620 1994102902 -9999 -9999 -9999 0.0
C0G620 1994102903 -9999 -9999 -9999 0.0
C0G620 1994102904 -9999 -9999 -9999 0.0
C0G620 1994102905 -9999 -9999 -9999 0.0
C0G620 1994102906 -9999 -9999 -9999 0.0
C0G620 1994102907 -9999 -9999 -9999 0.0
C0G620 1994102908 -9999 -9999 -9999 0.0
C0G620 1994102909 -9999 -9999 -9999 0.0
C0G620 1994102910 -9999 -9999 -9999 0.0
C0G620 1994102911 -9999 -9999 -9999 0.0
C0G620 1994102912 -9999 -9999 -9999 0.0
C0G620 1994102913 -9999 -9999 -9999 0.0
C0G620 1994102914 -9999 -9999 -9999 0.0
C0G620 1994102915 -9999 -9999 -9999 0.0
C0G620 1994102916 -9999 -9999 -9999 0.0
C0G620 1994102917 -9999 -9999 -9999 0.0
C0G620 1994102918 -9999 -9999 -9999 0.0
C0G620 1994102919 -9999 -9999 -9999 0.0
C0G620 1994102920 -9999 -9999 -9999 0.0
C0G620 1994102921 -9999 -9999 -9999 0.0
C0G620 1994102922 -9999 -9999 -9999 0.0
C0G620 1994102923 -9999 -9999 -9999 0.0
C0G620 1994102924 -9999 -9999 -9999 0.0
C0G620 1994103001 -9999 -9999 -9999 0.0
C0G620 1994103002 -9999 -9999 -9999 0.0
C0G620 1994103003 -9999 -9999 -9999 0.0
C0G620 1994103004 -9999 -9999 -9999 0.0
C0G620 1994103005 -9999 -9999 -9999 0.0
C0G620 1994103006 -9999 -9999 -9999 0.0
C0G620 1994103007 -9999 -9999 -9999 0.0
C0G620 1994103008 -9999 -9999 -9999 0.0
C0G620 1994103009 -9999 -9999 -9999 0.0
C0G620 1994103010 -9999 -9999 -9999 0.0
C0G620 1994103011 -9999 -9999 -9999 0.0
C0G620 1994103012 -9999 -9999 -9999 0.0
C0G620 1994103013 -9999 -9999 -9999 0.0
C0G620 1994103014 -9999 -9999 -9999 0.0
C0G620 1994103015 -9999 -9999 -9999 0.0
C0G620 1994103016 -9999 -9999 -9999 0.0
C0G620 1994103017 -9999 -9999 -9999 0.0
C0G620 1994103018 -9999 -9999 -9999 0.0
C0G620 1994103019 -9999 -9999 -9999 0.0
C0G620 1994103020 -9999 -9999 -9999 0.0
C0G620 1994103021 -9999 -9999 -9999 0.0
C0G620 1994103022 -9999 -9999 -9999 0.0
C0G620 1994103023 -9999 -9999 -9999 0.0
C0G620 1994103024 -9999 -9999 -9999 0.0
C0G620 1994103101 -9999 -9999 -9999 0.0
C0G620 1994103102 -9999 -9999 -9999 0.0
C0G620 1994103103 -9999 -9999 -9999 0.0
C0G620 1994103104 -9999 -9999 -9999 0.0
C0G620 1994103105 -9999 -9999 -9999 0.0
C0G620 1994103106 -9999 -9999 -9999 0.0
C0G620 1994103107 -9999 -9999 -9999 0.0
C0G620 1994103108 -9999 -9999 -9999 0.0
C0G620 1994103109 -9999 -9999 -9999 0.0
C0G620 1994103110 -9999 -9999 -9999 0.0
C0G620 1994103111 -9999 -9999 -9999 0.0
C0G620 1994103112 -9999 -9999 -9999 0.0
C0G620 1994103113 -9999 -9999 -9999 0.0
C0G620 1994103114 -9999 -9999 -9999 0.0
C0G620 1994103115 -9999 -9999 -9999 0.0
C0G620 1994103116 -9999 -9999 -9999 0.0
C0G620 1994103117 -9999 -9999 -9999 0.0
C0G620 1994103118 -9999 -9999 -9999 0.0
C0G620 1994103119 -9999 -9999 -9999 0.0
C0G620 1994103120 -9999 -9999 -9999 0.0
C0G620 1994103121 -9999 -9999 -9999 0.0
C0G620 1994103122 -9999 -9999 -9999 0.0
C0G620 1994103123 -9999 -9999 -9999 0.0
C0G620 1994103124 -9999 -9999 -9999 0.0
C0G650 1994100101 19.6 -9999 0.0 0.0
C0G650 1994100102 19.0 -9999 0.0 0.0
C0G650 1994100103 19.0 -9999 0.4 0.0
C0G650 1994100104 -9997 -9999 0.0 0.0
C0G650 1994100105 18.6 -9999 0.0 0.0
C0G650 1994100106 17.6 -9999 0.0 0.0
C0G650 1994100107 19.2 -9999 0.0 0.0
C0G650 1994100108 23.0 -9999 0.0 0.0
C0G650 1994100109 26.5 -9999 0.0 0.0
C0G650 1994100110 28.7 -9999 0.1 0.0
C0G650 1994100111 29.5 -9999 0.2 0.0
C0G650 1994100112 30.1 -9999 -9997 0.0
C0G650 1994100113 29.3 -9999 1.1 0.0
C0G650 1994100114 29.7 -9999 0.8 0.0
C0G650 1994100115 29.9 -9999 0.8 0.0
C0G650 1994100116 28.5 -9999 1.8 0.0
C0G650 1994100117 26.9 -9999 0.3 0.0
C0G650 1994100118 25.7 -9999 0.3 0.0
C0G650 1994100119 23.0 -9999 0.0 0.0
C0G650 1994100120 21.7 -9999 0.0 0.0
C0G650 1994100121 20.8 -9999 0.0 0.0
C0G650 1994100122 19.9 -9999 0.0 0.0
C0G650 1994100123 20.0 -9999 0.0 0.0
C0G650 1994100124 19.9 -9999 0.0 0.0
C0G650 1994100201 19.1 -9999 0.0 0.0
C0G650 1994100202 18.5 -9999 0.0 0.0
C0G650 1994100203 18.8 -9999 0.0 0.0
C0G650 1994100204 18.6 -9999 0.0 0.0
C0G650 1994100205 17.8 -9999 0.0 0.0
C0G650 1994100206 17.3 -9999 0.0 0.0
C0G650 1994100207 18.5 -9999 0.0 0.0
C0G650 1994100208 22.6 -9999 0.0 0.0
C0G650 1994100209 25.6 -9999 0.3 0.0
C0G650 1994100210 27.6 -9999 1.0 0.0
C0G650 1994100211 28.8 -9999 0.6 0.0
C0G650 1994100212 29.2 -9999 0.6 0.0
C0G650 1994100213 28.6 -9999 1.2 0.0
C0G650 1994100214 29.3 -9999 0.3 0.0
C0G650 1994100215 28.6 -9999 0.5 0.0
C0G650 1994100216 28.0 -9999 1.8 0.0
C0G650 1994100217 26.8 -9999 1.6 0.0
C0G650 1994100218 25.4 -9999 0.3 0.0
C0G650 1994100219 24.0 -9999 0.0 0.0
C0G650 1994100220 23.2 -9999 0.0 0.0
C0G650 1994100221 21.9 -9999 0.0 0.0
C0G650 1994100222 21.2 -9999 0.0 0.0
C0G650 1994100223 20.8 -9999 0.0 0.0
C0G650 1994100224 20.3 -9999 0.0 0.0
C0G650 1994100301 20.1 -9999 0.0 0.0
C0G650 1994100302 20.4 -9999 0.0 0.0
C0G650 1994100303 20.5 -9999 0.0 0.0
C0G650 1994100304 20.9 -9999 0.0 0.0
C0G650 1994100305 20.8 -9999 0.0 0.0
C0G650 1994100306 20.0 -9999 0.0 0.0
C0G650 1994100307 21.0 -9999 0.0 0.0
C0G650 1994100308 23.5 -9999 0.0 0.0
C0G650 1994100309 26.3 -9999 0.0 0.0
C0G650 1994100310 28.0 -9999 1.1 0.0
C0G650 1994100311 28.5 -9999 1.7 0.0
C0G650 1994100312 28.9 -9999 1.1 0.0
C0G650 1994100313 29.3 -9999 0.0 0.0
C0G650 1994100314 28.9 -9999 0.9 0.0
C0G650 1994100315 28.1 -9999 1.0 0.0
C0G650 1994100316 27.5 -9999 1.2 0.0
C0G650 1994100317 26.7 -9999 0.6 0.0
C0G650 1994100318 25.8 -9999 0.2 0.0
C0G650 1994100319 23.8 -9999 0.0 0.0
C0G650 1994100320 22.5 -9999 0.0 0.0
C0G650 1994100321 21.8 -9999 0.0 0.0
C0G650 1994100322 21.4 -9999 0.0 0.0
C0G650 1994100323 20.7 -9999 0.0 0.0
C0G650 1994100324 20.6 -9999 0.0 0.0
C0G650 1994100401 20.4 -9999 0.0 0.0
C0G650 1994100402 20.5 -9999 0.0 0.0
C0G650 1994100403 20.2 -9999 0.0 0.0
C0G650 1994100404 19.9 -9999 0.0 0.0
C0G650 1994100405 20.5 -9999 0.0 0.0
C0G650 1994100406 19.8 -9999 0.0 0.0
C0G650 1994100407 20.3 -9999 0.0 0.0
C0G650 1994100408 23.1 -9999 0.1 0.0
C0G650 1994100409 26.1 -9999 0.0 0.0
C0G650 1994100410 28.8 -9999 0.2 0.0
C0G650 1994100411 -9997 -9999 -9997 0.0
C0G650 1994100412 -9997 -9999 0.1 0.0
C0G650 1994100413 -9997 -9999 -9997 0.0
C0G650 1994100414 -9997 -9999 -9997 0.0
C0G650 1994100415 28.6 -9999 2.2 0.0
C0G650 1994100416 28.0 -9999 0.7 0.0
C0G650 1994100417 26.6 -9999 0.2 0.0
C0G650 1994100418 25.8 -9999 0.0 0.0
C0G650 1994100419 24.6 -9999 0.0 0.0
C0G650 1994100420 23.7 -9999 0.0 0.0
C0G650 1994100421 22.5 -9999 0.0 0.0
C0G650 1994100422 22.1 -9999 0.0 0.0
C0G650 1994100423 21.7 -9999 0.0 0.0
C0G650 1994100424 21.4 -9999 0.0 0.0
C0G650 1994100501 21.3 -9999 0.0 0.0
C0G650 1994100502 21.8 -9999 0.0 0.0
C0G650 1994100503 21.2 -9999 0.0 0.0
C0G650 1994100504 20.7 -9999 0.0 0.0
C0G650 1994100505 20.2 -9999 0.0 0.0
C0G650 1994100506 20.2 -9999 0.0 0.0
C0G650 1994100507 20.9 -9999 0.0 0.0
C0G650 1994100508 -9997 -9999 0.0 0.0
C0G650 1994100509 26.6 -9999 0.0 0.0
C0G650 1994100510 28.4 -9999 0.0 0.0
C0G650 1994100511 29.1 -9999 0.1 0.0
C0G650 1994100512 29.7 -9999 0.3 0.0
C0G650 1994100513 29.3 -9999 0.1 0.0
C0G650 1994100514 29.3 -9999 0.6 0.0
C0G650 1994100515 29.4 -9999 0.2 0.0
C0G650 1994100516 27.9 -9999 0.9 0.0
C0G650 1994100517 26.6 -9999 2.1 0.0
C0G650 1994100518 25.7 -9999 0.7 0.0
C0G650 1994100519 25.1 -9999 0.5 0.0
C0G650 1994100520 24.6 -9999 0.6 0.0
C0G650 1994100521 24.3 -9999 0.0 0.0
C0G650 1994100522 24.2 -9999 0.0 0.0
C0G650 1994100523 23.7 -9999 0.3 0.0
C0G650 1994100524 22.9 -9999 0.0 0.0
C0G650 1994100601 22.2 -9999 0.0 0.0
C0G650 1994100602 22.0 -9999 0.0 0.0
C0G650 1994100603 22.1 -9999 0.0 0.0
C0G650 1994100604 22.4 -9999 0.0 0.0
C0G650 1994100605 21.8 -9999 0.0 0.0
C0G650 1994100606 21.2 -9999 0.0 0.0
C0G650 1994100607 22.2 -9999 0.0 0.0
C0G650 1994100608 23.5 -9999 0.2 0.0
C0G650 1994100609 25.2 -9999 0.6 0.0
C0G650 1994100610 27.6 -9999 0.8 0.0
C0G650 1994100611 29.0 -9999 0.4 0.0
C0G650 1994100612 30.0 -9999 0.3 0.0
C0G650 1994100613 29.6 -9999 0.2 0.0
C0G650 1994100614 30.0 -9999 1.5 0.0
C0G650 1994100615 30.2 -9999 1.0 0.0
C0G650 1994100616 29.8 -9999 1.0 0.0
C0G650 1994100617 28.3 -9999 1.0 0.0
C0G650 1994100618 26.9 -9999 0.7 0.0
C0G650 1994100619 26.0 -9999 0.7 0.0
C0G650 1994100620 25.2 -9999 0.0 0.0
C0G650 1994100621 24.4 -9999 0.0 0.0
C0G650 1994100622 24.3 -9999 0.0 0.0
C0G650 1994100623 23.9 -9999 0.1 0.0
C0G650 1994100624 23.4 -9999 0.0 0.0
C0G650 1994100701 23.0 -9999 0.0 0.0
C0G650 1994100702 22.7 -9999 0.0 0.0
C0G650 1994100703 22.8 -9999 0.0 0.0
C0G650 1994100704 22.7 -9999 0.0 0.0
C0G650 1994100705 22.6 -9999 0.0 0.0
C0G650 1994100706 22.6 -9999 0.0 0.0
C0G650 1994100707 23.2 -9999 0.0 0.0
C0G650 1994100708 25.4 -9999 0.0 0.0
C0G650 1994100709 27.6 -9999 0.0 0.0
C0G650 1994100710 29.3 -9999 1.3 0.0
C0G650 1994100711 29.5 -9999 0.2 0.0
C0G650 1994100712 30.3 -9999 0.9 0.0
C0G650 1994100713 30.1 -9999 0.4 0.0
C0G650 1994100714 30.1 -9999 0.9 0.0
C0G650 1994100715 29.4 -9999 0.6 0.0
C0G650 1994100716 28.6 -9999 1.3 0.0
C0G650 1994100717 27.7 -9999 1.2 0.0
C0G650 1994100718 26.4 -9999 1.6 0.0
C0G650 1994100719 25.4 -9999 0.4 0.0
C0G650 1994100720 24.8 -9999 1.2 0.0
C0G650 1994100721 24.4 -9999 1.1 0.0
C0G650 1994100722 24.3 -9999 0.8 0.0
C0G650 1994100723 24.1 -9999 0.0 0.0
C0G650 1994100724 23.6 -9999 0.0 0.0
C0G650 1994100801 23.4 -9999 0.0 0.0
C0G650 1994100802 22.5 -9999 0.0 0.0
C0G650 1994100803 22.0 -9999 0.0 0.0
C0G650 1994100804 22.5 -9999 0.0 0.0
C0G650 1994100805 22.8 -9999 0.0 0.0
C0G650 1994100806 22.9 -9999 0.0 0.0
C0G650 1994100807 23.5 -9999 0.0 0.0
C0G650 1994100808 25.3 -9999 0.0 0.0
C0G650 1994100809 27.2 -9999 0.4 0.0
C0G650 1994100810 28.0 -9999 1.1 0.0
C0G650 1994100811 29.8 -9999 0.5 0.0
C0G650 1994100812 30.7 -9999 0.2 0.0
C0G650 1994100813 31.3 -9999 1.5 0.0
C0G650 1994100814 31.8 -9999 0.7 0.0
C0G650 1994100815 31.8 -9999 1.0 0.0
C0G650 1994100816 31.9 -9999 0.1 0.0
C0G650 1994100817 30.9 -9999 0.0 0.0
C0G650 1994100818 28.9 -9999 0.0 0.0
C0G650 1994100819 27.0 -9999 0.0 0.0
C0G650 1994100820 26.7 -9999 0.1 0.0
C0G650 1994100821 26.5 -9999 0.3 0.0
C0G650 1994100822 26.1 -9999 0.0 0.0
C0G650 1994100823 25.9 -9999 0.0 0.0
C0G650 1994100824 25.9 -9999 0.0 0.0
C0G650 1994100901 25.6 -9999 0.0 0.0
C0G650 1994100902 25.2 -9999 0.0 0.0
C0G650 1994100903 25.1 -9999 0.0 0.0
C0G650 1994100904 25.0 -9999 0.0 0.0
C0G650 1994100905 24.6 -9999 0.2 0.0
C0G650 1994100906 24.5 -9999 0.0 0.0
C0G650 1994100907 24.6 -9999 0.0 0.0
C0G650 1994100908 25.1 -9999 0.0 0.0
C0G650 1994100909 25.5 -9999 0.0 0.0
C0G650 1994100910 25.9 -9999 0.0 0.0
C0G650 1994100911 27.1 -9999 0.0 0.0
C0G650 1994100912 27.7 -9999 1.6 0.0
C0G650 1994100913 28.1 -9999 0.0 0.0
C0G650 1994100914 27.4 -9999 1.6 0.0
C0G650 1994100915 27.6 -9999 3.0 0.0
C0G650 1994100916 27.1 -9999 4.0 0.0
C0G650 1994100917 26.2 -9999 4.4 0.0
C0G650 1994100918 25.7 -9999 3.9 0.0
C0G650 1994100919 24.8 -9999 3.3 0.0
C0G650 1994100920 25.0 -9999 4.7 0.0
C0G650 1994100921 25.3 -9999 5.1 0.0
C0G650 1994100922 25.4 -9999 5.5 0.0
C0G650 1994100923 25.0 -9999 5.2 0.0
C0G650 1994100924 24.3 -9999 4.7 0.0
C0G650 1994101001 23.9 -9999 6.5 0.0
C0G650 1994101002 24.2 -9999 4.1 0.0
C0G650 1994101003 23.9 -9999 3.7 0.0
C0G650 1994101004 24.1 -9999 5.2 0.5
C0G650 1994101005 23.6 -9999 3.8 0.5
C0G650 1994101006 24.1 -9999 3.1 0.5
C0G650 1994101007 24.0 -9999 1.6 0.0
C0G650 1994101008 23.7 -9999 1.3 0.5
C0G650 1994101009 23.6 -9999 0.9 0.5
C0G650 1994101010 23.8 -9999 2.2 2.5
C0G650 1994101011 23.9 -9999 2.4 0.5
C0G650 1994101012 24.1 -9999 0.2 0.5
C0G650 1994101013 24.2 -9999 0.2 1.0
C0G650 1994101014 24.9 -9999 0.8 0.0
C0G650 1994101015 25.3 -9999 0.6 0.0
C0G650 1994101016 25.3 -9999 1.4 0.0
C0G650 1994101017 24.6 -9999 0.5 0.0
C0G650 1994101018 23.4 -9999 0.1 0.0
C0G650 1994101019 23.4 -9999 0.0 0.0
C0G650 1994101020 23.2 -9999 0.0 0.0
C0G650 1994101021 24.1 -9999 0.2 0.0
C0G650 1994101022 23.9 -9999 0.0 0.0
C0G650 1994101023 23.0 -9999 0.0 0.0
C0G650 1994101024 23.0 -9999 0.0 0.0
C0G650 1994101101 23.2 -9999 0.0 0.0
C0G650 1994101102 23.0 -9999 0.0 0.0
C0G650 1994101103 22.8 -9999 0.0 0.0
C0G650 1994101104 22.4 -9999 0.0 0.0
C0G650 1994101105 22.1 -9999 0.0 0.0
C0G650 1994101106 22.2 -9999 0.0 0.0
C0G650 1994101107 23.1 -9999 0.0 0.0
C0G650 1994101108 26.3 -9999 0.3 0.0
C0G650 1994101109 28.2 -9999 0.9 0.0
C0G650 1994101110 30.0 -9999 0.6 0.0
C0G650 1994101111 30.8 -9999 1.4 0.0
C0G650 1994101112 32.1 -9999 0.4 0.0
C0G650 1994101113 31.7 -9999 0.5 0.0
C0G650 1994101114 31.2 -9999 0.3 0.0
C0G650 1994101115 30.4 -9999 0.3 0.0
C0G650 1994101116 29.3 -9999 0.5 0.0
C0G650 1994101117 27.6 -9999 0.1 0.0
C0G650 1994101118 26.6 -9999 0.0 0.0
C0G650 1994101119 24.4 -9999 0.3 0.0
C0G650 1994101120 23.7 -9999 0.0 0.0
C0G650 1994101121 23.5 -9999 0.0 0.0
C0G650 1994101122 22.8 -9999 0.0 0.0
C0G650 1994101123 22.7 -9999 0.0 0.0
C0G650 1994101124 22.3 -9999 0.0 0.0
C0G650 1994101201 22.7 -9999 0.1 0.0
C0G650 1994101202 22.1 -9999 0.0 0.0
C0G650 1994101203 21.8 -9999 0.0 0.0
C0G650 1994101204 21.4 -9999 0.0 0.0
C0G650 1994101205 21.8 -9999 0.0 0.0
C0G650 1994101206 21.9 -9999 0.0 0.0
C0G650 1994101207 22.7 -9999 0.0 0.0
C0G650 1994101208 25.2 -9999 0.0 0.0
C0G650 1994101209 27.5 -9999 0.6 0.0
C0G650 1994101210 29.5 -9999 0.5 0.0
C0G650 1994101211 30.6 -9999 0.4 0.0
C0G650 1994101212 30.6 -9999 0.4 0.0
C0G650 1994101213 30.8 -9999 0.2 0.0
C0G650 1994101214 30.7 -9999 0.6 0.0
C0G650 1994101215 31.1 -9999 0.3 1.0
C0G650 1994101216 29.8 -9999 0.7 0.0
C0G650 1994101217 27.0 -9999 0.7 0.0
C0G650 1994101218 25.8 -9999 0.0 0.0
C0G650 1994101219 25.0 -9999 0.0 0.0
C0G650 1994101220 25.0 -9999 0.0 0.0
C0G650 1994101221 25.3 -9999 0.0 0.0
C0G650 1994101222 24.9 -9999 0.0 0.0
C0G650 1994101223 25.0 -9999 0.0 0.0
C0G650 1994101224 24.6 -9999 0.0 0.0
C0G650 1994101301 24.0 -9999 0.0 0.0
C0G650 1994101302 24.1 -9999 0.0 0.0
C0G650 1994101303 23.9 -9999 0.0 0.0
C0G650 1994101304 23.0 -9999 0.2 0.0
C0G650 1994101305 22.3 -9999 0.0 0.0
C0G650 1994101306 22.3 -9999 0.0 0.0
C0G650 1994101307 23.6 -9999 0.0 0.0
C0G650 1994101308 25.5 -9999 0.0 0.0
C0G650 1994101309 27.6 -9999 0.0 0.0
C0G650 1994101310 28.2 -9999 0.0 0.0
C0G650 1994101311 29.3 -9999 0.2 0.0
C0G650 1994101312 29.7 -9999 0.9 0.0
C0G650 1994101313 30.4 -9999 1.2 0.0
C0G650 1994101314 30.9 -9999 0.9 0.0
C0G650 1994101315 30.6 -9999 0.4 0.0
C0G650 1994101316 29.6 -9999 0.5 0.0
C0G650 1994101317 27.7 -9999 -9997 0.0
C0G650 1994101318 25.6 -9999 1.8 0.0
C0G650 1994101319 25.5 -9999 1.0 0.0
C0G650 1994101320 24.6 -9999 0.0 0.0
C0G650 1994101321 24.6 -9999 0.1 0.0
C0G650 1994101322 24.3 -9999 0.0 0.0
C0G650 1994101323 23.3 -9999 0.0 0.0
C0G650 1994101324 22.7 -9999 0.0 0.0
C0G650 1994101401 22.6 -9999 0.0 0.0
C0G650 1994101402 22.4 -9999 0.0 0.0
C0G650 1994101403 21.9 -9999 0.0 0.0
C0G650 1994101404 21.6 -9999 0.0 0.0
C0G650 1994101405 21.5 -9999 0.0 0.0
C0G650 1994101406 21.4 -9999 0.0 0.0
C0G650 1994101407 22.4 -9999 0.0 0.0
C0G650 1994101408 25.0 -9999 0.5 0.0
C0G650 1994101409 -9997 -9999 -9997 0.0
C0G650 1994101410 -9997 -9999 -9997 0.0
C0G650 1994101411 30.3 -9999 0.3 0.0
C0G650 1994101412 30.3 -9999 0.5 0.0
C0G650 1994101413 30.8 -9999 0.5 0.0
C0G650 1994101414 30.5 -9999 0.3 0.0
C0G650 1994101415 29.8 -9999 1.0 0.0
C0G650 1994101416 28.5 -9999 1.3 0.0
C0G650 1994101417 27.6 -9999 0.6 0.0
C0G650 1994101418 26.1 -9999 0.5 0.0
C0G650 1994101419 -9997 -9999 -9997 0.0
C0G650 1994101420 25.0 -9999 0.3 0.0
C0G650 1994101421 24.4 -9999 0.0 0.0
C0G650 1994101422 24.0 -9999 0.0 0.0
C0G650 1994101423 23.8 -9999 0.0 0.0
C0G650 1994101424 23.6 -9999 0.0 0.0
C0G650 1994101501 23.2 -9999 0.0 0.0
C0G650 1994101502 22.8 -9999 0.0 0.0
C0G650 1994101503 22.8 -9999 0.0 0.0
C0G650 1994101504 22.4 -9999 0.0 0.0
C0G650 1994101505 22.2 -9999 0.0 0.0
C0G650 1994101506 21.9 -9999 0.0 0.0
C0G650 1994101507 22.5 -9999 0.0 0.0
C0G650 1994101508 24.9 -9999 0.0 0.0
C0G650 1994101509 27.9 -9999 0.0 0.0
C0G650 1994101510 28.7 -9999 0.7 0.0
C0G650 1994101511 30.3 -9999 1.2 0.0
C0G650 1994101512 31.6 -9999 0.9 0.0
C0G650 1994101513 31.0 -9999 1.6 0.0
C0G650 1994101514 30.6 -9999 0.1 0.0
C0G650 1994101515 29.8 -9999 0.3 0.0
C0G650 1994101516 28.9 -9999 0.1 0.0
C0G650 1994101517 27.3 -9999 0.3 0.0
C0G650 1994101518 26.4 -9999 0.0 0.0
C0G650 1994101519 25.9 -9999 0.0 0.0
C0G650 1994101520 25.1 -9999 0.0 0.0
C0G650 1994101521 24.4 -9999 0.0 0.0
C0G650 1994101522 24.0 -9999 0.0 0.0
C0G650 1994101523 24.0 -9999 0.0 0.0
C0G650 1994101524 24.2 -9999 0.0 0.0
C0G650 1994101601 24.1 -9999 0.0 0.0
C0G650 1994101602 -9997 -9999 0.0 0.0
C0G650 1994101603 23.0 -9999 0.0 0.0
C0G650 1994101604 22.3 -9999 0.0 0.0
C0G650 1994101605 22.4 -9999 0.0 0.0
C0G650 1994101606 21.9 -9999 0.0 0.0
C0G650 1994101607 23.0 -9999 0.0 0.0
C0G650 1994101608 25.4 -9999 0.0 0.0
C0G650 1994101609 28.1 -9999 0.0 0.0
C0G650 1994101610 29.9 -9999 0.1 0.0
C0G650 1994101611 30.6 -9999 0.4 0.0
C0G650 1994101612 32.0 -9999 0.3 0.0
C0G650 1994101613 31.6 -9999 0.4 0.0
C0G650 1994101614 30.5 -9999 0.9 0.0
C0G650 1994101615 30.2 -9999 0.5 0.0
C0G650 1994101616 28.9 -9999 -9997 0.0
C0G650 1994101617 27.7 -9999 0.5 0.0
C0G650 1994101618 26.8 -9999 0.4 0.0
C0G650 1994101619 25.8 -9999 0.0 0.0
C0G650 1994101620 24.6 -9999 0.0 0.0
C0G650 1994101621 23.8 -9999 0.0 0.0
C0G650 1994101622 23.3 -9999 0.0 0.0
C0G650 1994101623 23.0 -9999 0.0 0.0
C0G650 1994101624 22.4 -9999 0.0 0.0
C0G650 1994101701 22.2 -9999 0.0 0.0
C0G650 1994101702 22.0 -9999 0.0 0.0
C0G650 1994101703 22.2 -9999 0.0 0.0
C0G650 1994101704 22.1 -9999 0.0 0.0
C0G650 1994101705 22.1 -9999 0.0 0.0
C0G650 1994101706 -9997 -9999 0.0 0.0
C0G650 1994101707 23.3 -9999 0.0 0.0
C0G650 1994101708 25.3 -9999 0.7 0.0
C0G650 1994101709 27.3 -9999 0.1 0.0
C0G650 1994101710 30.3 -9999 0.0 0.0
C0G650 1994101711 30.2 -9999 0.1 0.0
C0G650 1994101712 30.1 -9999 0.0 0.0
C0G650 1994101713 29.7 -9999 0.1 0.0
C0G650 1994101714 30.3 -9999 0.4 0.0
C0G650 1994101715 29.4 -9999 0.6 0.0
C0G650 1994101716 28.8 -9999 0.1 0.0
C0G650 1994101717 28.1 -9999 0.1 0.0
C0G650 1994101718 27.2 -9999 -9997 0.0
C0G650 1994101719 25.8 -9999 0.0 0.0
C0G650 1994101720 25.0 -9999 0.0 0.0
C0G650 1994101721 24.6 -9999 0.4 0.0
C0G650 1994101722 24.4 -9999 0.0 0.0
C0G650 1994101723 24.1 -9999 0.0 0.0
C0G650 1994101724 23.6 -9999 0.0 0.0
C0G650 1994101801 23.4 -9999 0.0 0.0
C0G650 1994101802 23.2 -9999 0.0 0.0
C0G650 1994101803 23.0 -9999 0.0 0.0
C0G650 1994101804 23.0 -9999 0.0 0.0
C0G650 1994101805 23.6 -9999 0.0 0.0
C0G650 1994101806 23.6 -9999 0.0 0.0
C0G650 1994101807 24.4 -9999 0.0 0.0
C0G650 1994101808 26.0 -9999 0.2 0.0
C0G650 1994101809 27.5 -9999 0.0 0.0
C0G650 1994101810 28.8 -9999 0.3 0.0
C0G650 1994101811 29.2 -9999 0.3 0.0
C0G650 1994101812 30.7 -9999 0.0 0.0
C0G650 1994101813 31.4 -9999 0.1 0.0
C0G650 1994101814 31.0 -9999 0.3 0.0
C0G650 1994101815 30.0 -9999 0.9 0.0
C0G650 1994101816 28.5 -9999 1.4 0.0
C0G650 1994101817 27.0 -9999 0.3 0.0
C0G650 1994101818 25.7 -9999 0.4 0.0
C0G650 1994101819 24.8 -9999 0.0 0.0
C0G650 1994101820 24.1 -9999 0.0 0.0
C0G650 1994101821 23.9 -9999 0.0 0.0
C0G650 1994101822 23.2 -9999 0.0 0.0
C0G650 1994101823 23.0 -9999 0.0 0.0
C0G650 1994101824 22.7 -9999 0.0 0.0
C0G650 1994101901 22.9 -9999 0.0 0.0
C0G650 1994101902 22.8 -9999 0.0 0.0
C0G650 1994101903 22.4 -9999 0.0 0.0
C0G650 1994101904 22.2 -9999 0.0 0.0
C0G650 1994101905 21.6 -9999 0.0 0.0
C0G650 1994101906 21.7 -9999 0.0 0.0
C0G650 1994101907 22.0 -9999 0.0 0.0
C0G650 1994101908 23.3 -9999 0.0 0.0
C0G650 1994101909 25.5 -9999 0.0 0.0
C0G650 1994101910 27.1 -9999 0.1 0.0
C0G650 1994101911 28.5 -9999 1.2 0.0
C0G650 1994101912 29.0 -9999 0.6 0.0
C0G650 1994101913 30.2 -9999 0.1 0.0
C0G650 1994101914 -9997 -9999 -9997 0.0
C0G650 1994101915 30.0 -9999 0.7 0.0
C0G650 1994101916 28.8 -9999 0.3 0.0
C0G650 1994101917 26.7 -9999 0.9 0.0
C0G650 1994101918 25.6 -9999 0.1 0.0
C0G650 1994101919 25.3 -9999 0.2 0.0
C0G650 1994101920 24.3 -9999 0.0 0.0
C0G650 1994101921 23.7 -9999 0.0 0.0
C0G650 1994101922 23.3 -9999 0.2 0.0
C0G650 1994101923 23.0 -9999 0.0 0.0
C0G650 1994101924 22.6 -9999 0.2 0.0
C0G650 1994102001 21.9 -9999 0.0 0.0
C0G650 1994102002 22.0 -9999 0.0 0.0
C0G650 1994102003 22.8 -9999 0.0 0.0
C0G650 1994102004 22.9 -9999 0.3 0.0
C0G650 1994102005 22.7 -9999 1.6 0.0
C0G650 1994102006 22.3 -9999 1.4 0.0
C0G650 1994102007 22.7 -9999 1.6 0.0
C0G650 1994102008 23.7 -9999 2.1 0.0
C0G650 1994102009 24.1 -9999 2.4 0.0
C0G650 1994102010 25.1 -9999 3.1 0.0
C0G650 1994102011 26.1 -9999 3.2 0.0
C0G650 1994102012 26.2 -9999 3.2 0.0
C0G650 1994102013 25.6 -9999 3.5 0.0
C0G650 1994102014 24.0 -9999 4.7 0.0
C0G650 1994102015 22.7 -9999 3.2 0.0
C0G650 1994102016 21.5 -9999 3.9 0.0
C0G650 1994102017 21.0 -9999 2.9 0.0
C0G650 1994102018 20.4 -9999 3.5 0.0
C0G650 1994102019 20.3 -9999 3.8 0.0
C0G650 1994102020 20.4 -9999 2.6 0.0
C0G650 1994102021 20.3 -9999 3.1 0.0
C0G650 1994102022 20.3 -9999 3.4 0.0
C0G650 1994102023 20.5 -9999 2.9 0.0
C0G650 1994102024 20.2 -9999 2.6 0.0
C0G650 1994102101 20.0 -9999 2.3 0.0
C0G650 1994102102 20.0 -9999 3.0 0.0
C0G650 1994102103 19.6 -9999 2.3 0.0
C0G650 1994102104 19.6 -9999 2.8 0.0
C0G650 1994102105 19.4 -9999 3.3 0.0
C0G650 1994102106 19.3 -9999 2.8 0.0
C0G650 1994102107 18.8 -9999 3.5 0.0
C0G650 1994102108 18.9 -9999 3.3 0.0
C0G650 1994102109 19.9 -9999 3.0 0.0
C0G650 1994102110 21.0 -9999 3.9 0.0
C0G650 1994102111 22.1 -9999 3.9 0.0
C0G650 1994102112 22.4 -9999 4.9 0.0
C0G650 1994102113 23.1 -9999 3.6 0.0
C0G650 1994102114 22.9 -9999 3.6 0.0
C0G650 1994102115 22.8 -9999 3.1 0.0
C0G650 1994102116 21.4 -9999 3.2 0.0
C0G650 1994102117 20.1 -9999 2.9 0.0
C0G650 1994102118 18.6 -9999 2.7 0.0
C0G650 1994102119 18.0 -9999 2.1 0.0
C0G650 1994102120 16.3 -9999 2.3 0.0
C0G650 1994102121 17.2 -9999 0.8 0.0
C0G650 1994102122 17.2 -9999 0.6 0.0
C0G650 1994102123 16.8 -9999 0.1 0.0
C0G650 1994102124 16.5 -9999 0.2 0.0
C0G650 1994102201 16.8 -9999 0.2 0.0
C0G650 1994102202 17.7 -9999 1.0 0.0
C0G650 1994102203 17.7 -9999 0.2 0.0
C0G650 1994102204 17.9 -9999 1.2 0.0
C0G650 1994102205 17.6 -9999 0.1 0.0
C0G650 1994102206 -9997 -9999 0.3 0.0
C0G650 1994102207 17.9 -9999 0.3 0.0
C0G650 1994102208 18.5 -9999 0.3 0.0
C0G650 1994102209 20.0 -9999 1.5 0.0
C0G650 1994102210 -9997 -9999 -9997 0.0
C0G650 1994102211 23.3 -9999 1.9 0.0
C0G650 1994102212 24.5 -9999 2.1 0.0
C0G650 1994102213 24.5 -9999 2.3 0.0
C0G650 1994102214 24.6 -9999 2.8 0.0
C0G650 1994102215 23.5 -9999 3.8 0.0
C0G650 1994102216 23.2 -9999 2.3 0.0
C0G650 1994102217 21.7 -9999 1.8 0.0
C0G650 1994102218 20.4 -9999 1.5 0.0
C0G650 1994102219 19.3 -9999 0.0 0.0
C0G650 1994102220 19.1 -9999 0.4 0.0
C0G650 1994102221 18.2 -9999 0.0 0.0
C0G650 1994102222 17.2 -9999 0.0 0.0
C0G650 1994102223 19.2 -9999 0.0 0.0
C0G650 1994102224 19.1 -9999 -9997 0.0
C0G650 1994102301 19.0 -9999 0.2 0.0
C0G650 1994102302 19.0 -9999 0.1 0.0
C0G650 1994102303 19.0 -9999 0.2 0.0
C0G650 1994102304 19.0 -9999 0.7 0.0
C0G650 1994102305 18.2 -9999 0.3 0.0
C0G650 1994102306 17.8 -9999 0.1 0.0
C0G650 1994102307 17.5 -9999 0.0 0.0
C0G650 1994102308 19.9 -9999 1.3 0.0
C0G650 1994102309 21.6 -9999 1.2 0.0
C0G650 1994102310 24.0 -9999 1.1 0.0
C0G650 1994102311 25.6 -9999 2.2 0.0
C0G650 1994102312 26.7 -9999 2.0 0.0
C0G650 1994102313 26.8 -9999 3.4 0.0
C0G650 1994102314 25.5 -9999 3.2 0.0
C0G650 1994102315 24.1 -9999 4.7 0.0
C0G650 1994102316 23.6 -9999 2.9 0.0
C0G650 1994102317 22.5 -9999 2.9 0.0
C0G650 1994102318 21.3 -9999 1.0 0.0
C0G650 1994102319 20.5 -9999 0.5 0.0
C0G650 1994102320 19.7 -9999 0.0 0.0
C0G650 1994102321 20.1 -9999 0.2 0.0
C0G650 1994102322 20.0 -9999 0.3 0.0
C0G650 1994102323 19.9 -9999 0.0 0.0
C0G650 1994102324 18.6 -9999 0.0 0.0
C0G650 1994102401 20.3 -9999 0.1 0.0
C0G650 1994102402 18.6 -9999 0.1 0.0
C0G650 1994102403 18.6 -9999 0.2 0.0
C0G650 1994102404 18.6 -9999 0.2 0.0
C0G650 1994102405 19.1 -9999 0.8 0.0
C0G650 1994102406 18.9 -9999 0.1 0.0
C0G650 1994102407 18.9 -9999 0.2 0.0
C0G650 1994102408 20.6 -9999 0.8 0.0
C0G650 1994102409 22.4 -9999 1.4 0.0
C0G650 1994102410 24.4 -9999 1.0 0.0
C0G650 1994102411 25.6 -9999 1.7 0.0
C0G650 1994102412 27.3 -9999 1.9 0.0
C0G650 1994102413 27.6 -9999 1.2 0.0
C0G650 1994102414 27.5 -9999 2.4 0.0
C0G650 1994102415 -9997 -9999 3.0 0.0
C0G650 1994102416 24.5 -9999 3.4 0.0
C0G650 1994102417 22.6 -9999 1.8 0.0
C0G650 1994102418 21.8 -9999 -9997 0.0
C0G650 1994102419 20.9 -9999 0.7 0.0
C0G650 1994102420 20.1 -9999 0.0 0.0
C0G650 1994102421 20.0 -9999 1.1 0.0
C0G650 1994102422 19.4 -9999 0.1 0.0
C0G650 1994102423 17.7 -9999 0.0 0.0
C0G650 1994102424 16.7 -9999 0.0 0.0
C0G650 1994102501 16.4 -9999 0.0 0.0
C0G650 1994102502 -9997 -9999 0.0 0.0
C0G650 1994102503 15.6 -9999 0.0 0.0
C0G650 1994102504 15.8 -9999 0.0 0.0
C0G650 1994102505 15.7 -9999 0.0 0.0
C0G650 1994102506 15.9 -9999 0.0 0.0
C0G650 1994102507 18.4 -9999 1.5 0.0
C0G650 1994102508 20.6 -9999 0.9 0.0
C0G650 1994102509 23.0 -9999 1.9 0.0
C0G650 1994102510 25.2 -9999 1.1 0.0
C0G650 1994102511 26.8 -9999 1.0 0.0
C0G650 1994102512 28.6 -9999 0.3 0.0
C0G650 1994102513 28.1 -9999 2.0 0.0
C0G650 1994102514 27.8 -9999 2.2 0.0
C0G650 1994102515 26.9 -9999 2.3 0.0
C0G650 1994102516 24.9 -9999 3.2 0.0
C0G650 1994102517 23.5 -9999 2.4 0.0
C0G650 1994102518 22.3 -9999 2.0 0.0
C0G650 1994102519 21.4 -9999 0.3 0.0
C0G650 1994102520 21.1 -9999 1.4 0.0
C0G650 1994102521 20.1 -9999 0.0 0.0
C0G650 1994102522 -9997 -9999 0.0 0.0
C0G650 1994102523 19.5 -9999 0.0 0.0
C0G650 1994102524 17.9 -9999 0.0 0.0
C0G650 1994102601 17.7 -9999 0.0 0.0
C0G650 1994102602 17.0 -9999 0.0 0.0
C0G650 1994102603 17.8 -9999 0.1 0.0
C0G650 1994102604 18.6 -9999 0.1 0.0
C0G650 1994102605 18.2 -9999 0.1 0.0
C0G650 1994102606 18.0 -9999 0.0 0.0
C0G650 1994102607 19.7 -9999 0.6 0.0
C0G650 1994102608 21.3 -9999 1.1 0.0
C0G650 1994102609 23.9 -9999 2.3 0.0
C0G650 1994102610 25.0 -9999 3.3 0.0
C0G650 1994102611 26.4 -9999 2.2 0.0
C0G650 1994102612 27.0 -9999 2.6 0.0
C0G650 1994102613 27.1 -9999 2.7 0.0
C0G650 1994102614 25.6 -9999 3.6 0.0
C0G650 1994102615 25.0 -9999 2.7 0.0
C0G650 1994102616 24.2 -9999 2.8 0.0
C0G650 1994102617 23.2 -9999 2.8 0.0
C0G650 1994102618 22.3 -9999 2.4 0.0
C0G650 1994102619 22.1 -9999 1.4 0.0
C0G650 1994102620 21.9 -9999 1.4 0.0
C0G650 1994102621 21.7 -9999 1.8 0.0
C0G650 1994102622 21.1 -9999 0.1 0.0
C0G650 1994102623 20.3 -9999 0.0 0.0
C0G650 1994102624 19.0 -9999 0.0 0.0
C0G650 1994102701 18.5 -9999 0.0 0.0
C0G650 1994102702 17.9 -9999 0.0 0.0
C0G650 1994102703 18.1 -9999 0.0 0.0
C0G650 1994102704 17.9 -9999 0.0 0.0
C0G650 1994102705 19.7 -9999 0.3 0.0
C0G650 1994102706 20.3 -9999 0.1 0.0
C0G650 1994102707 19.7 -9999 0.0 0.0
C0G650 1994102708 22.8 -9999 0.9 0.0
C0G650 1994102709 24.1 -9999 0.5 0.0
C0G650 1994102710 26.4 -9999 0.1 0.0
C0G650 1994102711 27.3 -9999 0.6 0.0
C0G650 1994102712 28.6 -9999 0.9 0.0
C0G650 1994102713 30.5 -9999 0.2 0.0
C0G650 1994102714 29.0 -9999 0.4 0.0
C0G650 1994102715 28.7 -9999 0.6 0.0
C0G650 1994102716 26.9 -9999 0.2 0.0
C0G650 1994102717 25.5 -9999 1.5 0.0
C0G650 1994102718 24.4 -9999 -9997 0.0
C0G650 1994102719 23.8 -9999 0.4 0.0
C0G650 1994102720 23.1 -9999 0.0 0.0
C0G650 1994102721 23.1 -9999 0.0 0.0
C0G650 1994102722 23.1 -9999 0.0 0.0
C0G650 1994102723 22.8 -9999 0.0 0.0
C0G650 1994102724 22.8 -9999 0.1 0.0
C0G650 1994102801 22.6 -9999 0.5 0.0
C0G650 1994102802 22.0 -9999 0.6 0.0
C0G650 1994102803 22.2 -9999 0.2 0.0
C0G650 1994102804 21.7 -9999 0.3 0.0
C0G650 1994102805 21.1 -9999 0.0 0.0
C0G650 1994102806 21.4 -9999 0.0 0.0
C0G650 1994102807 21.5 -9999 0.1 0.0
C0G650 1994102808 23.0 -9999 1.1 0.0
C0G650 1994102809 24.3 -9999 1.3 0.0
C0G650 1994102810 25.8 -9999 1.4 0.0
C0G650 1994102811 26.0 -9999 1.6 0.0
C0G650 1994102812 26.7 -9999 2.5 0.0
C0G650 1994102813 26.5 -9999 2.8 0.0
C0G650 1994102814 26.7 -9999 2.0 0.0
C0G650 1994102815 26.2 -9999 2.1 0.0
C0G650 1994102816 25.3 -9999 1.9 0.0
C0G650 1994102817 -9997 -9999 -9997 0.0
C0G650 1994102818 -9997 -9999 -9997 0.0
C0G650 1994102819 -9997 -9999 -9997 0.0
C0G650 1994102820 -9997 -9999 -9997 0.0
C0G650 1994102821 -9997 -9999 -9997 0.0
C0G650 1994102822 -9997 -9999 -9997 0.0
C0G650 1994102823 -9997 -9999 -9997 0.0
C0G650 1994102824 -9997 -9999 -9997 0.0
C0G650 1994102901 -9997 -9999 -9997 0.0
C0G650 1994102902 -9997 -9999 -9997 0.0
C0G650 1994102903 -9997 -9999 -9997 0.0
C0G650 1994102904 -9997 -9999 -9997 0.0
C0G650 1994102905 -9997 -9999 -9997 0.0
C0G650 1994102906 -9997 -9999 -9997 0.0
C0G650 1994102907 -9997 -9999 -9997 0.0
C0G650 1994102908 20.5 -9999 0.4 0.0
C0G650 1994102909 23.1 -9999 2.4 0.0
C0G650 1994102910 24.8 -9999 2.4 0.0
C0G650 1994102911 24.6 -9999 4.3 0.0
C0G650 1994102912 25.4 -9999 3.2 0.0
C0G650 1994102913 26.2 -9999 3.0 0.0
C0G650 1994102914 25.5 -9999 3.2 0.0
C0G650 1994102915 24.7 -9999 4.1 0.0
C0G650 1994102916 23.7 -9999 3.4 0.0
C0G650 1994102917 22.0 -9999 3.6 0.0
C0G650 1994102918 20.8 -9999 2.9 0.0
C0G650 1994102919 20.2 -9999 1.9 0.0
C0G650 1994102920 19.9 -9999 1.6 0.0
C0G650 1994102921 19.7 -9999 1.0 0.0
C0G650 1994102922 19.4 -9999 0.5 0.0
C0G650 1994102923 19.2 -9999 0.3 0.0
C0G650 1994102924 18.4 -9999 0.0 0.0
C0G650 1994103001 18.3 -9999 0.0 0.0
C0G650 1994103002 18.4 -9999 0.1 0.0
C0G650 1994103003 18.2 -9999 0.7 0.0
C0G650 1994103004 18.1 -9999 0.1 0.0
C0G650 1994103005 17.9 -9999 0.3 0.0
C0G650 1994103006 18.4 -9999 1.1 0.0
C0G650 1994103007 18.7 -9999 1.5 0.0
C0G650 1994103008 19.8 -9999 1.1 0.0
C0G650 1994103009 21.1 -9999 2.1 0.0
C0G650 1994103010 22.4 -9999 2.1 0.0
C0G650 1994103011 23.8 -9999 2.2 0.0
C0G650 1994103012 24.9 -9999 2.2 0.0
C0G650 1994103013 25.1 -9999 1.7 0.0
C0G650 1994103014 24.7 -9999 2.2 0.0
C0G650 1994103015 24.0 -9999 2.1 0.0
C0G650 1994103016 22.6 -9999 2.0 0.0
C0G650 1994103017 21.1 -9999 2.5 0.0
C0G650 1994103018 19.7 -9999 1.7 0.0
C0G650 1994103019 19.1 -9999 1.6 0.0
C0G650 1994103020 18.6 -9999 0.3 0.0
C0G650 1994103021 18.1 -9999 0.2 0.0
C0G650 1994103022 18.0 -9999 0.0 0.0
C0G650 1994103023 17.8 -9999 0.1 0.0
C0G650 1994103024 17.2 -9999 0.0 0.0
C0G650 1994103101 17.3 -9999 0.0 0.0
C0G650 1994103102 17.0 -9999 0.2 0.0
C0G650 1994103103 17.0 -9999 0.1 0.0
C0G650 1994103104 16.9 -9999 0.0 0.0
C0G650 1994103105 16.5 -9999 0.0 0.0
C0G650 1994103106 17.0 -9999 0.2 0.0
C0G650 1994103107 17.4 -9999 0.4 0.0
C0G650 1994103108 18.6 -9999 0.1 0.0
C0G650 1994103109 20.4 -9999 0.1 0.0
C0G650 1994103110 22.6 -9999 1.0 0.0
C0G650 1994103111 24.3 -9999 1.2 0.0
C0G650 1994103112 25.6 -9999 1.0 0.0
C0G650 1994103113 26.4 -9999 0.3 0.0
C0G650 1994103114 26.0 -9999 1.8 0.0
C0G650 1994103115 25.2 -9999 1.6 0.0
C0G650 1994103116 23.4 -9999 2.7 0.0
C0G650 1994103117 21.5 -9999 2.4 0.0
C0G650 1994103118 20.3 -9999 1.3 0.0
C0G650 1994103119 19.8 -9999 0.6 0.0
C0G650 1994103120 18.1 -9999 0.0 0.0
C0G650 1994103121 16.5 -9999 0.0 0.0
C0G650 1994103122 16.2 -9999 0.0 0.0
C0G650 1994103123 15.8 -9999 0.0 0.0
C0G650 1994103124 15.2 -9999 0.0 0.0
C0G660 1994100101 -9999 -9999 -9999 0.0
C0G660 1994100102 -9999 -9999 -9999 0.0
C0G660 1994100103 -9999 -9999 -9999 0.0
C0G660 1994100104 -9999 -9999 -9999 0.0
C0G660 1994100105 -9999 -9999 -9999 0.0
C0G660 1994100106 -9999 -9999 -9999 0.0
C0G660 1994100107 -9999 -9999 -9999 0.0
C0G660 1994100108 -9999 -9999 -9999 0.0
C0G660 1994100109 -9999 -9999 -9999 0.0
C0G660 1994100110 -9999 -9999 -9999 0.0
C0G660 1994100111 -9999 -9999 -9999 0.0
C0G660 1994100112 -9999 -9999 -9999 0.0
C0G660 1994100113 -9999 -9999 -9999 0.0
C0G660 1994100114 -9999 -9999 -9999 0.0
C0G660 1994100115 -9999 -9999 -9999 0.0
C0G660 1994100116 -9999 -9999 -9999 0.0
C0G660 1994100117 -9999 -9999 -9999 0.0
C0G660 1994100118 -9999 -9999 -9999 0.0
C0G660 1994100119 -9999 -9999 -9999 0.0
C0G660 1994100120 -9999 -9999 -9999 0.0
C0G660 1994100121 -9999 -9999 -9999 0.0
C0G660 1994100122 -9999 -9999 -9999 0.0
C0G660 1994100123 -9999 -9999 -9999 0.0
C0G660 1994100124 -9999 -9999 -9999 0.0
C0G660 1994100201 -9999 -9999 -9999 0.0
C0G660 1994100202 -9999 -9999 -9999 0.0
C0G660 1994100203 -9999 -9999 -9999 0.0
C0G660 1994100204 -9999 -9999 -9999 0.0
C0G660 1994100205 -9999 -9999 -9999 0.0
C0G660 1994100206 -9999 -9999 -9999 0.0
C0G660 1994100207 -9999 -9999 -9999 0.0
C0G660 1994100208 -9999 -9999 -9999 0.0
C0G660 1994100209 -9999 -9999 -9999 0.0
C0G660 1994100210 -9999 -9999 -9999 0.0
C0G660 1994100211 -9999 -9999 -9999 0.0
C0G660 1994100212 -9999 -9999 -9999 0.0
C0G660 1994100213 -9999 -9999 -9999 0.0
C0G660 1994100214 -9999 -9999 -9999 0.0
C0G660 1994100215 -9999 -9999 -9999 0.0
C0G660 1994100216 -9999 -9999 -9999 0.0
C0G660 1994100217 -9999 -9999 -9999 0.0
C0G660 1994100218 -9999 -9999 -9999 0.0
C0G660 1994100219 -9999 -9999 -9999 0.0
C0G660 1994100220 -9999 -9999 -9999 0.0
C0G660 1994100221 -9999 -9999 -9999 0.0
C0G660 1994100222 -9999 -9999 -9999 0.0
C0G660 1994100223 -9999 -9999 -9999 0.0
C0G660 1994100224 -9999 -9999 -9999 0.0
C0G660 1994100301 -9999 -9999 -9999 0.0
C0G660 1994100302 -9999 -9999 -9999 0.0
C0G660 1994100303 -9999 -9999 -9999 0.0
C0G660 1994100304 -9999 -9999 -9999 0.0
C0G660 1994100305 -9999 -9999 -9999 0.0
C0G660 1994100306 -9999 -9999 -9999 0.0
C0G660 1994100307 -9999 -9999 -9999 0.0
C0G660 1994100308 -9999 -9999 -9999 0.0
C0G660 1994100309 -9999 -9999 -9999 0.0
C0G660 1994100310 -9999 -9999 -9999 0.0
C0G660 1994100311 -9999 -9999 -9999 0.0
C0G660 1994100312 -9999 -9999 -9999 0.0
C0G660 1994100313 -9999 -9999 -9999 0.0
C0G660 1994100314 -9999 -9999 -9999 0.0
C0G660 1994100315 -9999 -9999 -9999 0.0
C0G660 1994100316 -9999 -9999 -9999 0.0
C0G660 1994100317 -9999 -9999 -9999 0.0
C0G660 1994100318 -9999 -9999 -9999 0.0
C0G660 1994100319 -9999 -9999 -9999 0.0
C0G660 1994100320 -9999 -9999 -9999 0.0
C0G660 1994100321 -9999 -9999 -9999 0.0
C0G660 1994100322 -9999 -9999 -9999 0.0
C0G660 1994100323 -9999 -9999 -9999 0.0
C0G660 1994100324 -9999 -9999 -9999 0.0
C0G660 1994100401 -9999 -9999 -9999 0.0
C0G660 1994100402 -9999 -9999 -9999 0.0
C0G660 1994100403 -9999 -9999 -9999 0.0
C0G660 1994100404 -9999 -9999 -9999 0.0
C0G660 1994100405 -9999 -9999 -9999 0.0
C0G660 1994100406 -9999 -9999 -9999 0.0
C0G660 1994100407 -9999 -9999 -9999 0.0
C0G660 1994100408 -9999 -9999 -9999 0.0
C0G660 1994100409 -9999 -9999 -9999 0.0
C0G660 1994100410 -9999 -9999 -9999 0.0
C0G660 1994100411 -9999 -9999 -9999 0.0
C0G660 1994100412 -9999 -9999 -9999 0.0
C0G660 1994100413 -9999 -9999 -9999 0.0
C0G660 1994100414 -9999 -9999 -9999 0.0
C0G660 1994100415 -9999 -9999 -9999 0.0
C0G660 1994100416 -9999 -9999 -9999 0.0
C0G660 1994100417 -9999 -9999 -9999 0.0
C0G660 1994100418 -9999 -9999 -9999 0.0
C0G660 1994100419 -9999 -9999 -9999 0.0
C0G660 1994100420 -9999 -9999 -9999 -9996
C0G660 1994100421 -9999 -9999 -9999 -9996
C0G660 1994100422 -9999 -9999 -9999 -9996
C0G660 1994100423 -9999 -9999 -9999 -9996
C0G660 1994100424 -9999 -9999 -9999 -9996
C0G660 1994100501 -9999 -9999 -9999 0.0
C0G660 1994100502 -9999 -9999 -9999 0.0
C0G660 1994100503 -9999 -9999 -9999 0.0
C0G660 1994100504 -9999 -9999 -9999 0.0
C0G660 1994100505 -9999 -9999 -9999 0.0
C0G660 1994100506 -9999 -9999 -9999 0.0
C0G660 1994100507 -9999 -9999 -9999 0.0
C0G660 1994100508 -9999 -9999 -9999 0.0
C0G660 1994100509 -9999 -9999 -9999 0.0
C0G660 1994100510 -9999 -9999 -9999 0.0
C0G660 1994100511 -9999 -9999 -9999 0.0
C0G660 1994100512 -9999 -9999 -9999 0.0
C0G660 1994100513 -9999 -9999 -9999 0.0
C0G660 1994100514 -9999 -9999 -9999 0.0
C0G660 1994100515 -9999 -9999 -9999 0.0
C0G660 1994100516 -9999 -9999 -9999 0.0
C0G660 1994100517 -9999 -9999 -9999 0.0
C0G660 1994100518 -9999 -9999 -9999 0.0
C0G660 1994100519 -9999 -9999 -9999 0.0
C0G660 1994100520 -9999 -9999 -9999 0.0
C0G660 1994100521 -9999 -9999 -9999 0.0
C0G660 1994100522 -9999 -9999 -9999 0.0
C0G660 1994100523 -9999 -9999 -9999 0.0
C0G660 1994100524 -9999 -9999 -9999 0.0
C0G660 1994100601 -9999 -9999 -9999 0.0
C0G660 1994100602 -9999 -9999 -9999 0.0
C0G660 1994100603 -9999 -9999 -9999 0.0
C0G660 1994100604 -9999 -9999 -9999 0.0
C0G660 1994100605 -9999 -9999 -9999 0.0
C0G660 1994100606 -9999 -9999 -9999 0.0
C0G660 1994100607 -9999 -9999 -9999 0.0
C0G660 1994100608 -9999 -9999 -9999 0.0
C0G660 1994100609 -9999 -9999 -9999 0.0
C0G660 1994100610 -9999 -9999 -9999 0.0
C0G660 1994100611 -9999 -9999 -9999 0.0
C0G660 1994100612 -9999 -9999 -9999 0.0
C0G660 1994100613 -9999 -9999 -9999 0.0
C0G660 1994100614 -9999 -9999 -9999 0.0
C0G660 1994100615 -9999 -9999 -9999 0.0
C0G660 1994100616 -9999 -9999 -9999 0.0
C0G660 1994100617 -9999 -9999 -9999 0.0
C0G660 1994100618 -9999 -9999 -9999 0.0
C0G660 1994100619 -9999 -9999 -9999 0.0
C0G660 1994100620 -9999 -9999 -9999 0.0
C0G660 1994100621 -9999 -9999 -9999 0.0
C0G660 1994100622 -9999 -9999 -9999 0.0
C0G660 1994100623 -9999 -9999 -9999 0.0
C0G660 1994100624 -9999 -9999 -9999 0.0
C0G660 1994100701 -9999 -9999 -9999 0.0
C0G660 1994100702 -9999 -9999 -9999 0.0
C0G660 1994100703 -9999 -9999 -9999 0.0
C0G660 1994100704 -9999 -9999 -9999 0.0
C0G660 1994100705 -9999 -9999 -9999 0.0
C0G660 1994100706 -9999 -9999 -9999 0.0
C0G660 1994100707 -9999 -9999 -9999 0.0
C0G660 1994100708 -9999 -9999 -9999 0.0
C0G660 1994100709 -9999 -9999 -9999 0.0
C0G660 1994100710 -9999 -9999 -9999 0.0
C0G660 1994100711 -9999 -9999 -9999 0.0
C0G660 1994100712 -9999 -9999 -9999 0.0
C0G660 1994100713 -9999 -9999 -9999 0.0
C0G660 1994100714 -9999 -9999 -9999 0.0
C0G660 1994100715 -9999 -9999 -9999 0.0
C0G660 1994100716 -9999 -9999 -9999 0.0
C0G660 1994100717 -9999 -9999 -9999 0.0
C0G660 1994100718 -9999 -9999 -9999 0.0
C0G660 1994100719 -9999 -9999 -9999 0.0
C0G660 1994100720 -9999 -9999 -9999 0.0
C0G660 1994100721 -9999 -9999 -9999 0.0
C0G660 1994100722 -9999 -9999 -9999 0.0
C0G660 1994100723 -9999 -9999 -9999 0.0
C0G660 1994100724 -9999 -9999 -9999 0.0
C0G660 1994100801 -9999 -9999 -9999 0.0
C0G660 1994100802 -9999 -9999 -9999 0.0
C0G660 1994100803 -9999 -9999 -9999 0.0
C0G660 1994100804 -9999 -9999 -9999 0.0
C0G660 1994100805 -9999 -9999 -9999 0.0
C0G660 1994100806 -9999 -9999 -9999 0.0
C0G660 1994100807 -9999 -9999 -9999 0.0
C0G660 1994100808 -9999 -9999 -9999 0.0
C0G660 1994100809 -9999 -9999 -9999 0.0
C0G660 1994100810 -9999 -9999 -9999 0.0
C0G660 1994100811 -9999 -9999 -9999 0.0
C0G660 1994100812 -9999 -9999 -9999 0.0
C0G660 1994100813 -9999 -9999 -9999 0.0
C0G660 1994100814 -9999 -9999 -9999 0.0
C0G660 1994100815 -9999 -9999 -9999 0.0
C0G660 1994100816 -9999 -9999 -9999 0.0
C0G660 1994100817 -9999 -9999 -9999 0.0
C0G660 1994100818 -9999 -9999 -9999 0.0
C0G660 1994100819 -9999 -9999 -9999 0.0
C0G660 1994100820 -9999 -9999 -9999 0.0
C0G660 1994100821 -9999 -9999 -9999 0.0
C0G660 1994100822 -9999 -9999 -9999 0.0
C0G660 1994100823 -9999 -9999 -9999 0.0
C0G660 1994100824 -9999 -9999 -9999 0.0
C0G660 1994100901 -9999 -9999 -9999 0.0
C0G660 1994100902 -9999 -9999 -9999 0.0
C0G660 1994100903 -9999 -9999 -9999 0.0
C0G660 1994100904 -9999 -9999 -9999 0.0
C0G660 1994100905 -9999 -9999 -9999 0.0
C0G660 1994100906 -9999 -9999 -9999 0.0
C0G660 1994100907 -9999 -9999 -9999 0.0
C0G660 1994100908 -9999 -9999 -9999 0.0
C0G660 1994100909 -9999 -9999 -9999 0.0
C0G660 1994100910 -9999 -9999 -9999 0.0
C0G660 1994100911 -9999 -9999 -9999 0.0
C0G660 1994100912 -9999 -9999 -9999 0.0
C0G660 1994100913 -9999 -9999 -9999 0.0
C0G660 1994100914 -9999 -9999 -9999 0.0
C0G660 1994100915 -9999 -9999 -9999 0.0
C0G660 1994100916 -9999 -9999 -9999 0.0
C0G660 1994100917 -9999 -9999 -9999 0.0
C0G660 1994100918 -9999 -9999 -9999 -9996
C0G660 1994100919 -9999 -9999 -9999 -9996
C0G660 1994100920 -9999 -9999 -9999 -9996
C0G660 1994100921 -9999 -9999 -9999 -9996
C0G660 1994100922 -9999 -9999 -9999 -9996
C0G660 1994100923 -9999 -9999 -9999 -9996
C0G660 1994100924 -9999 -9999 -9999 -9996
C0G660 1994101001 -9999 -9999 -9999 -9996
C0G660 1994101002 -9999 -9999 -9999 0.0
C0G660 1994101003 -9999 -9999 -9999 0.0
C0G660 1994101004 -9999 -9999 -9999 0.0
C0G660 1994101005 -9999 -9999 -9999 0.0
C0G660 1994101006 -9999 -9999 -9999 0.0
C0G660 1994101007 -9999 -9999 -9999 0.0
C0G660 1994101008 -9999 -9999 -9999 0.0
C0G660 1994101009 -9999 -9999 -9999 0.5
C0G660 1994101010 -9999 -9999 -9999 1.0
C0G660 1994101011 -9999 -9999 -9999 0.0
C0G660 1994101012 -9999 -9999 -9999 0.0
C0G660 1994101013 -9999 -9999 -9999 0.0
C0G660 1994101014 -9999 -9999 -9999 0.0
C0G660 1994101015 -9999 -9999 -9999 0.0
C0G660 1994101016 -9999 -9999 -9999 0.0
C0G660 1994101017 -9999 -9999 -9999 0.0
C0G660 1994101018 -9999 -9999 -9999 0.0
C0G660 1994101019 -9999 -9999 -9999 0.0
C0G660 1994101020 -9999 -9999 -9999 0.0
C0G660 1994101021 -9999 -9999 -9999 0.0
C0G660 1994101022 -9999 -9999 -9999 0.0
C0G660 1994101023 -9999 -9999 -9999 0.0
C0G660 1994101024 -9999 -9999 -9999 0.0
C0G660 1994101101 -9999 -9999 -9999 0.0
C0G660 1994101102 -9999 -9999 -9999 0.0
C0G660 1994101103 -9999 -9999 -9999 0.0
C0G660 1994101104 -9999 -9999 -9999 0.0
C0G660 1994101105 -9999 -9999 -9999 0.0
C0G660 1994101106 -9999 -9999 -9999 0.0
C0G660 1994101107 -9999 -9999 -9999 0.0
C0G660 1994101108 -9999 -9999 -9999 0.0
C0G660 1994101109 -9999 -9999 -9999 0.0
C0G660 1994101110 -9999 -9999 -9999 0.0
C0G660 1994101111 -9999 -9999 -9999 0.0
C0G660 1994101112 -9999 -9999 -9999 0.0
C0G660 1994101113 -9999 -9999 -9999 0.0
C0G660 1994101114 -9999 -9999 -9999 0.0
C0G660 1994101115 -9999 -9999 -9999 0.0
C0G660 1994101116 -9999 -9999 -9999 0.0
C0G660 1994101117 -9999 -9999 -9999 0.0
C0G660 1994101118 -9999 -9999 -9999 0.0
C0G660 1994101119 -9999 -9999 -9999 0.0
C0G660 1994101120 -9999 -9999 -9999 0.0
C0G660 1994101121 -9999 -9999 -9999 0.0
C0G660 1994101122 -9999 -9999 -9999 0.0
C0G660 1994101123 -9999 -9999 -9999 0.0
C0G660 1994101124 -9999 -9999 -9999 0.0
C0G660 1994101201 -9999 -9999 -9999 0.0
C0G660 1994101202 -9999 -9999 -9999 0.0
C0G660 1994101203 -9999 -9999 -9999 0.0
C0G660 1994101204 -9999 -9999 -9999 0.0
C0G660 1994101205 -9999 -9999 -9999 0.0
C0G660 1994101206 -9999 -9999 -9999 0.0
C0G660 1994101207 -9999 -9999 -9999 0.0
C0G660 1994101208 -9999 -9999 -9999 0.0
C0G660 1994101209 -9999 -9999 -9999 0.0
C0G660 1994101210 -9999 -9999 -9999 0.0
C0G660 1994101211 -9999 -9999 -9999 0.0
C0G660 1994101212 -9999 -9999 -9999 0.0
C0G660 1994101213 -9999 -9999 -9999 0.0
C0G660 1994101214 -9999 -9999 -9999 0.0
C0G660 1994101215 -9999 -9999 -9999 0.0
C0G660 1994101216 -9999 -9999 -9999 0.0
C0G660 1994101217 -9999 -9999 -9999 0.0
C0G660 1994101218 -9999 -9999 -9999 0.0
C0G660 1994101219 -9999 -9999 -9999 0.0
C0G660 1994101220 -9999 -9999 -9999 -9996
C0G660 1994101221 -9999 -9999 -9999 -9996
C0G660 1994101222 -9999 -9999 -9999 -9996
C0G660 1994101223 -9999 -9999 -9999 -9996
C0G660 1994101224 -9999 -9999 -9999 -9996
C0G660 1994101301 -9999 -9999 -9999 0.0
C0G660 1994101302 -9999 -9999 -9999 0.0
C0G660 1994101303 -9999 -9999 -9999 0.0
C0G660 1994101304 -9999 -9999 -9999 0.0
C0G660 1994101305 -9999 -9999 -9999 0.0
C0G660 1994101306 -9999 -9999 -9999 0.0
C0G660 1994101307 -9999 -9999 -9999 0.0
C0G660 1994101308 -9999 -9999 -9999 0.0
C0G660 1994101309 -9999 -9999 -9999 0.0
C0G660 1994101310 -9999 -9999 -9999 0.0
C0G660 1994101311 -9999 -9999 -9999 0.0
C0G660 1994101312 -9999 -9999 -9999 0.0
C0G660 1994101313 -9999 -9999 -9999 0.0
C0G660 1994101314 -9999 -9999 -9999 0.0
C0G660 1994101315 -9999 -9999 -9999 0.0
C0G660 1994101316 -9999 -9999 -9999 0.0
C0G660 1994101317 -9999 -9999 -9999 0.0
C0G660 1994101318 -9999 -9999 -9999 0.0
C0G660 1994101319 -9999 -9999 -9999 0.0
C0G660 1994101320 -9999 -9999 -9999 0.0
C0G660 1994101321 -9999 -9999 -9999 0.0
C0G660 1994101322 -9999 -9999 -9999 0.0
C0G660 1994101323 -9999 -9999 -9999 0.0
C0G660 1994101324 -9999 -9999 -9999 0.0
C0G660 1994101401 -9999 -9999 -9999 0.0
C0G660 1994101402 -9999 -9999 -9999 0.0
C0G660 1994101403 -9999 -9999 -9999 0.0
C0G660 1994101404 -9999 -9999 -9999 0.0
C0G660 1994101405 -9999 -9999 -9999 0.0
C0G660 1994101406 -9999 -9999 -9999 0.0
C0G660 1994101407 -9999 -9999 -9999 0.0
C0G660 1994101408 -9999 -9999 -9999 0.0
C0G660 1994101409 -9999 -9999 -9999 0.0
C0G660 1994101410 -9999 -9999 -9999 0.0
C0G660 1994101411 -9999 -9999 -9999 0.0
C0G660 1994101412 -9999 -9999 -9999 0.0
C0G660 1994101413 -9999 -9999 -9999 0.0
C0G660 1994101414 -9999 -9999 -9999 0.0
C0G660 1994101415 -9999 -9999 -9999 0.0
C0G660 1994101416 -9999 -9999 -9999 0.0
C0G660 1994101417 -9999 -9999 -9999 0.0
C0G660 1994101418 -9999 -9999 -9999 0.0
C0G660 1994101419 -9999 -9999 -9999 0.0
C0G660 1994101420 -9999 -9999 -9999 0.0
C0G660 1994101421 -9999 -9999 -9999 0.0
C0G660 1994101422 -9999 -9999 -9999 0.0
C0G660 1994101423 -9999 -9999 -9999 0.0
C0G660 1994101424 -9999 -9999 -9999 0.0
C0G660 1994101501 -9999 -9999 -9999 0.0
C0G660 1994101502 -9999 -9999 -9999 0.0
C0G660 1994101503 -9999 -9999 -9999 0.0
C0G660 1994101504 -9999 -9999 -9999 0.0
C0G660 1994101505 -9999 -9999 -9999 0.0
C0G660 1994101506 -9999 -9999 -9999 0.0
C0G660 1994101507 -9999 -9999 -9999 0.0
C0G660 1994101508 -9999 -9999 -9999 0.0
C0G660 1994101509 -9999 -9999 -9999 0.0
C0G660 1994101510 -9999 -9999 -9999 0.0
C0G660 1994101511 -9999 -9999 -9999 0.0
C0G660 1994101512 -9999 -9999 -9999 0.0
C0G660 1994101513 -9999 -9999 -9999 0.0
C0G660 1994101514 -9999 -9999 -9999 0.0
C0G660 1994101515 -9999 -9999 -9999 0.0
C0G660 1994101516 -9999 -9999 -9999 0.0
C0G660 1994101517 -9999 -9999 -9999 0.0
C0G660 1994101518 -9999 -9999 -9999 0.0
C0G660 1994101519 -9999 -9999 -9999 0.0
C0G660 1994101520 -9999 -9999 -9999 0.0
C0G660 1994101521 -9999 -9999 -9999 0.0
C0G660 1994101522 -9999 -9999 -9999 0.0
C0G660 1994101523 -9999 -9999 -9999 0.0
C0G660 1994101524 -9999 -9999 -9999 0.0
C0G660 1994101601 -9999 -9999 -9999 0.0
C0G660 1994101602 -9999 -9999 -9999 0.0
C0G660 1994101603 -9999 -9999 -9999 0.0
C0G660 1994101604 -9999 -9999 -9999 0.0
C0G660 1994101605 -9999 -9999 -9999 0.0
C0G660 1994101606 -9999 -9999 -9999 0.0
C0G660 1994101607 -9999 -9999 -9999 0.0
C0G660 1994101608 -9999 -9999 -9999 0.0
C0G660 1994101609 -9999 -9999 -9999 0.0
C0G660 1994101610 -9999 -9999 -9999 0.0
C0G660 1994101611 -9999 -9999 -9999 0.0
C0G660 1994101612 -9999 -9999 -9999 0.0
C0G660 1994101613 -9999 -9999 -9999 0.0
C0G660 1994101614 -9999 -9999 -9999 0.0
C0G660 1994101615 -9999 -9999 -9999 0.0
C0G660 1994101616 -9999 -9999 -9999 0.0
C0G660 1994101617 -9999 -9999 -9999 0.0
C0G660 1994101618 -9999 -9999 -9999 0.0
C0G660 1994101619 -9999 -9999 -9999 0.0
C0G660 1994101620 -9999 -9999 -9999 0.0
C0G660 1994101621 -9999 -9999 -9999 0.0
C0G660 1994101622 -9999 -9999 -9999 0.0
C0G660 1994101623 -9999 -9999 -9999 0.0
C0G660 1994101624 -9999 -9999 -9999 0.0
C0G660 1994101701 -9999 -9999 -9999 0.0
C0G660 1994101702 -9999 -9999 -9999 0.0
C0G660 1994101703 -9999 -9999 -9999 0.0
C0G660 1994101704 -9999 -9999 -9999 0.0
C0G660 1994101705 -9999 -9999 -9999 0.0
C0G660 1994101706 -9999 -9999 -9999 0.0
C0G660 1994101707 -9999 -9999 -9999 0.0
C0G660 1994101708 -9999 -9999 -9999 0.0
C0G660 1994101709 -9999 -9999 -9999 0.0
C0G660 1994101710 -9999 -9999 -9999 0.0
C0G660 1994101711 -9999 -9999 -9999 0.0
C0G660 1994101712 -9999 -9999 -9999 0.0
C0G660 1994101713 -9999 -9999 -9999 0.0
C0G660 1994101714 -9999 -9999 -9999 0.0
C0G660 1994101715 -9999 -9999 -9999 0.0
C0G660 1994101716 -9999 -9999 -9999 0.0
C0G660 1994101717 -9999 -9999 -9999 0.0
C0G660 1994101718 -9999 -9999 -9999 0.0
C0G660 1994101719 -9999 -9999 -9999 0.0
C0G660 1994101720 -9999 -9999 -9999 0.0
C0G660 1994101721 -9999 -9999 -9999 0.0
C0G660 1994101722 -9999 -9999 -9999 0.0
C0G660 1994101723 -9999 -9999 -9999 0.0
C0G660 1994101724 -9999 -9999 -9999 0.0
C0G660 1994101801 -9999 -9999 -9999 0.0
C0G660 1994101802 -9999 -9999 -9999 0.0
C0G660 1994101803 -9999 -9999 -9999 0.0
C0G660 1994101804 -9999 -9999 -9999 0.0
C0G660 1994101805 -9999 -9999 -9999 0.0
C0G660 1994101806 -9999 -9999 -9999 0.0
C0G660 1994101807 -9999 -9999 -9999 0.0
C0G660 1994101808 -9999 -9999 -9999 0.0
C0G660 1994101809 -9999 -9999 -9999 0.0
C0G660 1994101810 -9999 -9999 -9999 0.0
C0G660 1994101811 -9999 -9999 -9999 0.0
C0G660 1994101812 -9999 -9999 -9999 0.0
C0G660 1994101813 -9999 -9999 -9999 0.0
C0G660 1994101814 -9999 -9999 -9999 0.0
C0G660 1994101815 -9999 -9999 -9999 0.0
C0G660 1994101816 -9999 -9999 -9999 0.0
C0G660 1994101817 -9999 -9999 -9999 0.0
C0G660 1994101818 -9999 -9999 -9999 0.0
C0G660 1994101819 -9999 -9999 -9999 0.0
C0G660 1994101820 -9999 -9999 -9999 -9996
C0G660 1994101821 -9999 -9999 -9999 -9996
C0G660 1994101822 -9999 -9999 -9999 -9996
C0G660 1994101823 -9999 -9999 -9999 -9996
C0G660 1994101824 -9999 -9999 -9999 -9996
C0G660 1994101901 -9999 -9999 -9999 0.0
C0G660 1994101902 -9999 -9999 -9999 0.0
C0G660 1994101903 -9999 -9999 -9999 0.0
C0G660 1994101904 -9999 -9999 -9999 0.0
C0G660 1994101905 -9999 -9999 -9999 0.0
C0G660 1994101906 -9999 -9999 -9999 0.0
C0G660 1994101907 -9999 -9999 -9999 0.0
C0G660 1994101908 -9999 -9999 -9999 0.0
C0G660 1994101909 -9999 -9999 -9999 0.0
C0G660 1994101910 -9999 -9999 -9999 0.0
C0G660 1994101911 -9999 -9999 -9999 0.0
C0G660 1994101912 -9999 -9999 -9999 0.0
C0G660 1994101913 -9999 -9999 -9999 0.0
C0G660 1994101914 -9999 -9999 -9999 0.0
C0G660 1994101915 -9999 -9999 -9999 0.0
C0G660 1994101916 -9999 -9999 -9999 0.0
C0G660 1994101917 -9999 -9999 -9999 0.0
C0G660 1994101918 -9999 -9999 -9999 0.0
C0G660 1994101919 -9999 -9999 -9999 0.0
C0G660 1994101920 -9999 -9999 -9999 0.0
C0G660 1994101921 -9999 -9999 -9999 0.0
C0G660 1994101922 -9999 -9999 -9999 0.0
C0G660 1994101923 -9999 -9999 -9999 0.0
C0G660 1994101924 -9999 -9999 -9999 0.0
C0G660 1994102001 -9999 -9999 -9999 0.0
C0G660 1994102002 -9999 -9999 -9999 0.0
C0G660 1994102003 -9999 -9999 -9999 0.0
C0G660 1994102004 -9999 -9999 -9999 0.0
C0G660 1994102005 -9999 -9999 -9999 0.0
C0G660 1994102006 -9999 -9999 -9999 0.0
C0G660 1994102007 -9999 -9999 -9999 0.0
C0G660 1994102008 -9999 -9999 -9999 0.0
C0G660 1994102009 -9999 -9999 -9999 0.0
C0G660 1994102010 -9999 -9999 -9999 0.0
C0G660 1994102011 -9999 -9999 -9999 0.0
C0G660 1994102012 -9999 -9999 -9999 0.0
C0G660 1994102013 -9999 -9999 -9999 0.0
C0G660 1994102014 -9999 -9999 -9999 0.0
C0G660 1994102015 -9999 -9999 -9999 0.0
C0G660 1994102016 -9999 -9999 -9999 0.0
C0G660 1994102017 -9999 -9999 -9999 0.0
C0G660 1994102018 -9999 -9999 -9999 0.0
C0G660 1994102019 -9999 -9999 -9999 0.0
C0G660 1994102020 -9999 -9999 -9999 0.0
C0G660 1994102021 -9999 -9999 -9999 0.0
C0G660 1994102022 -9999 -9999 -9999 0.0
C0G660 1994102023 -9999 -9999 -9999 0.0
C0G660 1994102024 -9999 -9999 -9999 0.0
C0G660 1994102101 -9999 -9999 -9999 0.0
C0G660 1994102102 -9999 -9999 -9999 0.0
C0G660 1994102103 -9999 -9999 -9999 0.0
C0G660 1994102104 -9999 -9999 -9999 0.0
C0G660 1994102105 -9999 -9999 -9999 0.0
C0G660 1994102106 -9999 -9999 -9999 0.0
C0G660 1994102107 -9999 -9999 -9999 0.0
C0G660 1994102108 -9999 -9999 -9999 0.0
C0G660 1994102109 -9999 -9999 -9999 0.0
C0G660 1994102110 -9999 -9999 -9999 0.0
C0G660 1994102111 -9999 -9999 -9999 0.0
C0G660 1994102112 -9999 -9999 -9999 0.0
C0G660 1994102113 -9999 -9999 -9999 0.0
C0G660 1994102114 -9999 -9999 -9999 0.0
C0G660 1994102115 -9999 -9999 -9999 0.0
C0G660 1994102116 -9999 -9999 -9999 0.0
C0G660 1994102117 -9999 -9999 -9999 0.0
C0G660 1994102118 -9999 -9999 -9999 0.0
C0G660 1994102119 -9999 -9999 -9999 0.0
C0G660 1994102120 -9999 -9999 -9999 0.0
C0G660 1994102121 -9999 -9999 -9999 0.0
C0G660 1994102122 -9999 -9999 -9999 0.0
C0G660 1994102123 -9999 -9999 -9999 0.0
C0G660 1994102124 -9999 -9999 -9999 0.0
C0G660 1994102201 -9999 -9999 -9999 0.0
C0G660 1994102202 -9999 -9999 -9999 0.0
C0G660 1994102203 -9999 -9999 -9999 0.0
C0G660 1994102204 -9999 -9999 -9999 0.0
C0G660 1994102205 -9999 -9999 -9999 0.0
C0G660 1994102206 -9999 -9999 -9999 0.0
C0G660 1994102207 -9999 -9999 -9999 0.0
C0G660 1994102208 -9999 -9999 -9999 0.0
C0G660 1994102209 -9999 -9999 -9999 0.0
C0G660 1994102210 -9999 -9999 -9999 0.0
C0G660 1994102211 -9999 -9999 -9999 0.0
C0G660 1994102212 -9999 -9999 -9999 0.0
C0G660 1994102213 -9999 -9999 -9999 0.0
C0G660 1994102214 -9999 -9999 -9999 0.0
C0G660 1994102215 -9999 -9999 -9999 0.0
C0G660 1994102216 -9999 -9999 -9999 0.0
C0G660 1994102217 -9999 -9999 -9999 0.0
C0G660 1994102218 -9999 -9999 -9999 0.0
C0G660 1994102219 -9999 -9999 -9999 0.0
C0G660 1994102220 -9999 -9999 -9999 0.0
C0G660 1994102221 -9999 -9999 -9999 0.0
C0G660 1994102222 -9999 -9999 -9999 0.0
C0G660 1994102223 -9999 -9999 -9999 0.0
C0G660 1994102224 -9999 -9999 -9999 0.0
C0G660 1994102301 -9999 -9999 -9999 0.0
C0G660 1994102302 -9999 -9999 -9999 0.0
C0G660 1994102303 -9999 -9999 -9999 0.0
C0G660 1994102304 -9999 -9999 -9999 0.0
C0G660 1994102305 -9999 -9999 -9999 0.0
C0G660 1994102306 -9999 -9999 -9999 0.0
C0G660 1994102307 -9999 -9999 -9999 0.0
C0G660 1994102308 -9999 -9999 -9999 0.0
C0G660 1994102309 -9999 -9999 -9999 0.0
C0G660 1994102310 -9999 -9999 -9999 0.0
C0G660 1994102311 -9999 -9999 -9999 0.0
C0G660 1994102312 -9999 -9999 -9999 0.0
C0G660 1994102313 -9999 -9999 -9999 0.0
C0G660 1994102314 -9999 -9999 -9999 0.0
C0G660 1994102315 -9999 -9999 -9999 0.0
C0G660 1994102316 -9999 -9999 -9999 0.0
C0G660 1994102317 -9999 -9999 -9999 0.0
C0G660 1994102318 -9999 -9999 -9999 0.0
C0G660 1994102319 -9999 -9999 -9999 0.0
C0G660 1994102320 -9999 -9999 -9999 0.0
C0G660 1994102321 -9999 -9999 -9999 0.0
C0G660 1994102322 -9999 -9999 -9999 0.0
C0G660 1994102323 -9999 -9999 -9999 0.0
C0G660 1994102324 -9999 -9999 -9999 0.0
C0G660 1994102401 -9999 -9999 -9999 0.0
C0G660 1994102402 -9999 -9999 -9999 0.0
C0G660 1994102403 -9999 -9999 -9999 0.0
C0G660 1994102404 -9999 -9999 -9999 0.0
C0G660 1994102405 -9999 -9999 -9999 0.0
C0G660 1994102406 -9999 -9999 -9999 0.0
C0G660 1994102407 -9999 -9999 -9999 0.0
C0G660 1994102408 -9999 -9999 -9999 0.0
C0G660 1994102409 -9999 -9999 -9999 0.0
C0G660 1994102410 -9999 -9999 -9999 0.0
C0G660 1994102411 -9999 -9999 -9999 0.0
C0G660 1994102412 -9999 -9999 -9999 0.0
C0G660 1994102413 -9999 -9999 -9999 0.0
C0G660 1994102414 -9999 -9999 -9999 0.0
C0G660 1994102415 -9999 -9999 -9999 0.0
C0G660 1994102416 -9999 -9999 -9999 0.0
C0G660 1994102417 -9999 -9999 -9999 0.0
C0G660 1994102418 -9999 -9999 -9999 0.0
C0G660 1994102419 -9999 -9999 -9999 0.0
C0G660 1994102420 -9999 -9999 -9999 -9996
C0G660 1994102421 -9999 -9999 -9999 -9996
C0G660 1994102422 -9999 -9999 -9999 -9996
C0G660 1994102423 -9999 -9999 -9999 -9996
C0G660 1994102424 -9999 -9999 -9999 -9996
C0G660 1994102501 -9999 -9999 -9999 0.0
C0G660 1994102502 -9999 -9999 -9999 0.0
C0G660 1994102503 -9999 -9999 -9999 0.0
C0G660 1994102504 -9999 -9999 -9999 0.0
C0G660 1994102505 -9999 -9999 -9999 0.0
C0G660 1994102506 -9999 -9999 -9999 0.0
C0G660 1994102507 -9999 -9999 -9999 0.0
C0G660 1994102508 -9999 -9999 -9999 0.0
C0G660 1994102509 -9999 -9999 -9999 0.0
C0G660 1994102510 -9999 -9999 -9999 0.0
C0G660 1994102511 -9999 -9999 -9999 0.0
C0G660 1994102512 -9999 -9999 -9999 0.0
C0G660 1994102513 -9999 -9999 -9999 0.0
C0G660 1994102514 -9999 -9999 -9999 0.0
C0G660 1994102515 -9999 -9999 -9999 0.0
C0G660 1994102516 -9999 -9999 -9999 0.0
C0G660 1994102517 -9999 -9999 -9999 0.0
C0G660 1994102518 -9999 -9999 -9999 0.0
C0G660 1994102519 -9999 -9999 -9999 0.0
C0G660 1994102520 -9999 -9999 -9999 0.0
C0G660 1994102521 -9999 -9999 -9999 0.0
C0G660 1994102522 -9999 -9999 -9999 0.0
C0G660 1994102523 -9999 -9999 -9999 0.0
C0G660 1994102524 -9999 -9999 -9999 0.0
C0G660 1994102601 -9999 -9999 -9999 0.0
C0G660 1994102602 -9999 -9999 -9999 0.0
C0G660 1994102603 -9999 -9999 -9999 0.0
C0G660 1994102604 -9999 -9999 -9999 0.0
C0G660 1994102605 -9999 -9999 -9999 0.0
C0G660 1994102606 -9999 -9999 -9999 0.0
C0G660 1994102607 -9999 -9999 -9999 0.0
C0G660 1994102608 -9999 -9999 -9999 0.0
C0G660 1994102609 -9999 -9999 -9999 0.0
C0G660 1994102610 -9999 -9999 -9999 0.0
C0G660 1994102611 -9999 -9999 -9999 0.0
C0G660 1994102612 -9999 -9999 -9999 0.0
C0G660 1994102613 -9999 -9999 -9999 0.0
C0G660 1994102614 -9999 -9999 -9999 0.0
C0G660 1994102615 -9999 -9999 -9999 0.0
C0G660 1994102616 -9999 -9999 -9999 0.0
C0G660 1994102617 -9999 -9999 -9999 0.0
C0G660 1994102618 -9999 -9999 -9999 0.0
C0G660 1994102619 -9999 -9999 -9999 0.0
C0G660 1994102620 -9999 -9999 -9999 0.0
C0G660 1994102621 -9999 -9999 -9999 0.0
C0G660 1994102622 -9999 -9999 -9999 0.0
C0G660 1994102623 -9999 -9999 -9999 0.0
C0G660 1994102624 -9999 -9999 -9999 0.0
C0G660 1994102701 -9999 -9999 -9999 0.0
C0G660 1994102702 -9999 -9999 -9999 0.0
C0G660 1994102703 -9999 -9999 -9999 0.0
C0G660 1994102704 -9999 -9999 -9999 0.0
C0G660 1994102705 -9999 -9999 -9999 0.0
C0G660 1994102706 -9999 -9999 -9999 0.0
C0G660 1994102707 -9999 -9999 -9999 0.0
C0G660 1994102708 -9999 -9999 -9999 0.0
C0G660 1994102709 -9999 -9999 -9999 0.0
C0G660 1994102710 -9999 -9999 -9999 0.0
C0G660 1994102711 -9999 -9999 -9999 0.0
C0G660 1994102712 -9999 -9999 -9999 0.0
C0G660 1994102713 -9999 -9999 -9999 0.0
C0G660 1994102714 -9999 -9999 -9999 0.0
C0G660 1994102715 -9999 -9999 -9999 0.0
C0G660 1994102716 -9999 -9999 -9999 0.0
C0G660 1994102717 -9999 -9999 -9999 0.0
C0G660 1994102718 -9999 -9999 -9999 0.0
C0G660 1994102719 -9999 -9999 -9999 0.0
C0G660 1994102720 -9999 -9999 -9999 0.0
C0G660 1994102721 -9999 -9999 -9999 0.0
C0G660 1994102722 -9999 -9999 -9999 0.0
C0G660 1994102723 -9999 -9999 -9999 0.0
C0G660 1994102724 -9999 -9999 -9999 0.0
C0G660 1994102801 -9999 -9999 -9999 0.0
C0G660 1994102802 -9999 -9999 -9999 0.0
C0G660 1994102803 -9999 -9999 -9999 0.0
C0G660 1994102804 -9999 -9999 -9999 0.0
C0G660 1994102805 -9999 -9999 -9999 0.0
C0G660 1994102806 -9999 -9999 -9999 0.0
C0G660 1994102807 -9999 -9999 -9999 0.0
C0G660 1994102808 -9999 -9999 -9999 0.0
C0G660 1994102809 -9999 -9999 -9999 0.0
C0G660 1994102810 -9999 -9999 -9999 0.0
C0G660 1994102811 -9999 -9999 -9999 0.0
C0G660 1994102812 -9999 -9999 -9999 0.0
C0G660 1994102813 -9999 -9999 -9999 0.0
C0G660 1994102814 -9999 -9999 -9999 0.0
C0G660 1994102815 -9999 -9999 -9999 0.0
C0G660 1994102816 -9999 -9999 -9999 0.0
C0G660 1994102817 -9999 -9999 -9999 0.0
C0G660 1994102818 -9999 -9999 -9999 0.0
C0G660 1994102819 -9999 -9999 -9999 0.0
C0G660 1994102820 -9999 -9999 -9999 0.0
C0G660 1994102821 -9999 -9999 -9999 0.0
C0G660 1994102822 -9999 -9999 -9999 0.0
C0G660 1994102823 -9999 -9999 -9999 0.0
C0G660 1994102824 -9999 -9999 -9999 0.0
C0G660 1994102901 -9999 -9999 -9999 0.0
C0G660 1994102902 -9999 -9999 -9999 0.0
C0G660 1994102903 -9999 -9999 -9999 0.0
C0G660 1994102904 -9999 -9999 -9999 0.0
C0G660 1994102905 -9999 -9999 -9999 0.0
C0G660 1994102906 -9999 -9999 -9999 0.0
C0G660 1994102907 -9999 -9999 -9999 0.0
C0G660 1994102908 -9999 -9999 -9999 0.0
C0G660 1994102909 -9999 -9999 -9999 0.0
C0G660 1994102910 -9999 -9999 -9999 0.0
C0G660 1994102911 -9999 -9999 -9999 0.0
C0G660 1994102912 -9999 -9999 -9999 0.0
C0G660 1994102913 -9999 -9999 -9999 0.0
C0G660 1994102914 -9999 -9999 -9999 0.0
C0G660 1994102915 -9999 -9999 -9999 0.0
C0G660 1994102916 -9999 -9999 -9999 0.0
C0G660 1994102917 -9999 -9999 -9999 0.0
C0G660 1994102918 -9999 -9999 -9999 0.0
C0G660 1994102919 -9999 -9999 -9999 0.0
C0G660 1994102920 -9999 -9999 -9999 0.0
C0G660 1994102921 -9999 -9999 -9999 0.0
C0G660 1994102922 -9999 -9999 -9999 0.0
C0G660 1994102923 -9999 -9999 -9999 0.0
C0G660 1994102924 -9999 -9999 -9999 0.0
C0G660 1994103001 -9999 -9999 -9999 0.0
C0G660 1994103002 -9999 -9999 -9999 0.0
C0G660 1994103003 -9999 -9999 -9999 0.0
C0G660 1994103004 -9999 -9999 -9999 0.0
C0G660 1994103005 -9999 -9999 -9999 0.0
C0G660 1994103006 -9999 -9999 -9999 0.0
C0G660 1994103007 -9999 -9999 -9999 0.0
C0G660 1994103008 -9999 -9999 -9999 0.0
C0G660 1994103009 -9999 -9999 -9999 0.0
C0G660 1994103010 -9999 -9999 -9999 0.0
C0G660 1994103011 -9999 -9999 -9999 0.0
C0G660 1994103012 -9999 -9999 -9999 0.0
C0G660 1994103013 -9999 -9999 -9999 0.0
C0G660 1994103014 -9999 -9999 -9999 0.0
C0G660 1994103015 -9999 -9999 -9999 0.0
C0G660 1994103016 -9999 -9999 -9999 0.0
C0G660 1994103017 -9999 -9999 -9999 0.0
C0G660 1994103018 -9999 -9999 -9999 0.0
C0G660 1994103019 -9999 -9999 -9999 0.0
C0G660 1994103020 -9999 -9999 -9999 -9996
C0G660 1994103021 -9999 -9999 -9999 -9996
C0G660 1994103022 -9999 -9999 -9999 -9996
C0G660 1994103023 -9999 -9999 -9999 -9996
C0G660 1994103024 -9999 -9999 -9999 -9996
C0G660 1994103101 -9999 -9999 -9999 0.0
C0G660 1994103102 -9999 -9999 -9999 0.0
C0G660 1994103103 -9999 -9999 -9999 0.0
C0G660 1994103104 -9999 -9999 -9999 0.0
C0G660 1994103105 -9999 -9999 -9999 0.0
C0G660 1994103106 -9999 -9999 -9999 0.0
C0G660 1994103107 -9999 -9999 -9999 0.0
C0G660 1994103108 -9999 -9999 -9999 0.0
C0G660 1994103109 -9999 -9999 -9999 0.0
C0G660 1994103110 -9999 -9999 -9999 0.0
C0G660 1994103111 -9999 -9999 -9999 0.0
C0G660 1994103112 -9999 -9999 -9999 0.0
C0G660 1994103113 -9999 -9999 -9999 0.0
C0G660 1994103114 -9999 -9999 -9999 0.0
C0G660 1994103115 -9999 -9999 -9999 0.0
C0G660 1994103116 -9999 -9999 -9999 0.0
C0G660 1994103117 -9999 -9999 -9999 0.0
C0G660 1994103118 -9999 -9999 -9999 0.0
C0G660 1994103119 -9999 -9999 -9999 0.0
C0G660 1994103120 -9999 -9999 -9999 0.0
C0G660 1994103121 -9999 -9999 -9999 0.0
C0G660 1994103122 -9999 -9999 -9999 0.0
C0G660 1994103123 -9999 -9999 -9999 0.0
C0G660 1994103124 -9999 -9999 -9999 0.0
