C0G620 1995080101 -9999 -9999 -9999 0.0
C0G620 1995080102 -9999 -9999 -9999 0.0
C0G620 1995080103 -9999 -9999 -9999 0.0
C0G620 1995080104 -9999 -9999 -9999 0.0
C0G620 1995080105 -9999 -9999 -9999 0.0
C0G620 1995080106 -9999 -9999 -9999 0.0
C0G620 1995080107 -9999 -9999 -9999 0.0
C0G620 1995080108 -9999 -9999 -9999 0.0
C0G620 1995080109 -9999 -9999 -9999 0.0
C0G620 1995080110 -9999 -9999 -9999 0.0
C0G620 1995080111 -9999 -9999 -9999 0.0
C0G620 1995080112 -9999 -9999 -9999 0.0
C0G620 1995080113 -9999 -9999 -9999 0.0
C0G620 1995080114 -9999 -9999 -9999 0.0
C0G620 1995080115 -9999 -9999 -9999 0.0
C0G620 1995080116 -9999 -9999 -9999 0.0
C0G620 1995080117 -9999 -9999 -9999 0.5
C0G620 1995080118 -9999 -9999 -9999 0.5
C0G620 1995080119 -9999 -9999 -9999 -9996
C0G620 1995080120 -9999 -9999 -9999 0.5
C0G620 1995080121 -9999 -9999 -9999 0.0
C0G620 1995080122 -9999 -9999 -9999 0.0
C0G620 1995080123 -9999 -9999 -9999 0.0
C0G620 1995080124 -9999 -9999 -9999 0.0
C0G620 1995080201 -9999 -9999 -9999 0.0
C0G620 1995080202 -9999 -9999 -9999 0.0
C0G620 1995080203 -9999 -9999 -9999 -9996
C0G620 1995080204 -9999 -9999 -9999 -9996
C0G620 1995080205 -9999 -9999 -9999 -9996
C0G620 1995080206 -9999 -9999 -9999 -9996
C0G620 1995080207 -9999 -9999 -9999 0.5
C0G620 1995080208 -9999 -9999 -9999 1.0
C0G620 1995080209 -9999 -9999 -9999 1.0
C0G620 1995080210 -9999 -9999 -9999 3.5
C0G620 1995080211 -9999 -9999 -9999 1.5
C0G620 1995080212 -9999 -9999 -9999 1.5
C0G620 1995080213 -9999 -9999 -9999 1.5
C0G620 1995080214 -9999 -9999 -9999 0.5
C0G620 1995080215 -9999 -9999 -9999 1.0
C0G620 1995080216 -9999 -9999 -9999 -9996
C0G620 1995080217 -9999 -9999 -9999 -9996
C0G620 1995080218 -9999 -9999 -9999 -9996
C0G620 1995080219 -9999 -9999 -9999 -9996
C0G620 1995080220 -9999 -9999 -9999 -9996
C0G620 1995080221 -9999 -9999 -9999 -9996
C0G620 1995080222 -9999 -9999 -9999 -9996
C0G620 1995080223 -9999 -9999 -9999 -9996
C0G620 1995080224 -9999 -9999 -9999 -9996
C0G620 1995080301 -9999 -9999 -9999 -9996
C0G620 1995080302 -9999 -9999 -9999 -9996
C0G620 1995080303 -9999 -9999 -9999 -9996
C0G620 1995080304 -9999 -9999 -9999 -9996
C0G620 1995080305 -9999 -9999 -9999 -9996
C0G620 1995080306 -9999 -9999 -9999 -9996
C0G620 1995080307 -9999 -9999 -9999 -9996
C0G620 1995080308 -9999 -9999 -9999 -9996
C0G620 1995080309 -9999 -9999 -9999 -9996
C0G620 1995080310 -9999 -9999 -9999 -9996
C0G620 1995080311 -9999 -9999 -9999 -9996
C0G620 1995080312 -9999 -9999 -9999 -9996
C0G620 1995080313 -9999 -9999 -9999 4.0
C0G620 1995080314 -9999 -9999 -9999 -9996
C0G620 1995080315 -9999 -9999 -9999 -9996
C0G620 1995080316 -9999 -9999 -9999 -9996
C0G620 1995080317 -9999 -9999 -9999 24.5
C0G620 1995080318 -9999 -9999 -9999 4.5
C0G620 1995080319 -9999 -9999 -9999 0.5
C0G620 1995080320 -9999 -9999 -9999 -9996
C0G620 1995080321 -9999 -9999 -9999 -9996
C0G620 1995080322 -9999 -9999 -9999 -9996
C0G620 1995080323 -9999 -9999 -9999 -9996
C0G620 1995080324 -9999 -9999 -9999 -9996
C0G620 1995080401 -9999 -9999 -9999 0.0
C0G620 1995080402 -9999 -9999 -9999 0.0
C0G620 1995080403 -9999 -9999 -9999 0.0
C0G620 1995080404 -9999 -9999 -9999 0.0
C0G620 1995080405 -9999 -9999 -9999 0.0
C0G620 1995080406 -9999 -9999 -9999 0.0
C0G620 1995080407 -9999 -9999 -9999 0.0
C0G620 1995080408 -9999 -9999 -9999 0.0
C0G620 1995080409 -9999 -9999 -9999 0.0
C0G620 1995080410 -9999 -9999 -9999 0.0
C0G620 1995080411 -9999 -9999 -9999 0.0
C0G620 1995080412 -9999 -9999 -9999 0.0
C0G620 1995080413 -9999 -9999 -9999 0.0
C0G620 1995080414 -9999 -9999 -9999 0.0
C0G620 1995080415 -9999 -9999 -9999 0.0
C0G620 1995080416 -9999 -9999 -9999 0.0
C0G620 1995080417 -9999 -9999 -9999 0.0
C0G620 1995080418 -9999 -9999 -9999 0.0
C0G620 1995080419 -9999 -9999 -9999 0.0
C0G620 1995080420 -9999 -9999 -9999 -9996
C0G620 1995080421 -9999 -9999 -9999 -9996
C0G620 1995080422 -9999 -9999 -9999 -9996
C0G620 1995080423 -9999 -9999 -9999 -9996
C0G620 1995080424 -9999 -9999 -9999 -9996
C0G620 1995080501 -9999 -9999 -9999 0.0
C0G620 1995080502 -9999 -9999 -9999 0.0
C0G620 1995080503 -9999 -9999 -9999 0.0
C0G620 1995080504 -9999 -9999 -9999 0.0
C0G620 1995080505 -9999 -9999 -9999 0.0
C0G620 1995080506 -9999 -9999 -9999 0.0
C0G620 1995080507 -9999 -9999 -9999 0.0
C0G620 1995080508 -9999 -9999 -9999 0.0
C0G620 1995080509 -9999 -9999 -9999 0.0
C0G620 1995080510 -9999 -9999 -9999 0.0
C0G620 1995080511 -9999 -9999 -9999 0.0
C0G620 1995080512 -9999 -9999 -9999 0.0
C0G620 1995080513 -9999 -9999 -9999 0.0
C0G620 1995080514 -9999 -9999 -9999 -9996
C0G620 1995080515 -9999 -9999 -9999 -9996
C0G620 1995080516 -9999 -9999 -9999 -9996
C0G620 1995080517 -9999 -9999 -9999 -9996
C0G620 1995080518 -9999 -9999 -9999 -9996
C0G620 1995080519 -9999 -9999 -9999 -9996
C0G620 1995080520 -9999 -9999 -9999 -9996
C0G620 1995080521 -9999 -9999 -9999 -9996
C0G620 1995080522 -9999 -9999 -9999 -9996
C0G620 1995080523 -9999 -9999 -9999 -9996
C0G620 1995080524 -9999 -9999 -9999 -9996
C0G620 1995080601 -9999 -9999 -9999 0.0
C0G620 1995080602 -9999 -9999 -9999 0.0
C0G620 1995080603 -9999 -9999 -9999 0.0
C0G620 1995080604 -9999 -9999 -9999 0.0
C0G620 1995080605 -9999 -9999 -9999 0.0
C0G620 1995080606 -9999 -9999 -9999 0.0
C0G620 1995080607 -9999 -9999 -9999 0.0
C0G620 1995080608 -9999 -9999 -9999 0.0
C0G620 1995080609 -9999 -9999 -9999 0.0
C0G620 1995080610 -9999 -9999 -9999 0.0
C0G620 1995080611 -9999 -9999 -9999 0.0
C0G620 1995080612 -9999 -9999 -9999 0.0
C0G620 1995080613 -9999 -9999 -9999 0.0
C0G620 1995080614 -9999 -9999 -9999 0.0
C0G620 1995080615 -9999 -9999 -9999 0.0
C0G620 1995080616 -9999 -9999 -9999 0.0
C0G620 1995080617 -9999 -9999 -9999 0.0
C0G620 1995080618 -9999 -9999 -9999 0.0
C0G620 1995080619 -9999 -9999 -9999 0.0
C0G620 1995080620 -9999 -9999 -9999 -9996
C0G620 1995080621 -9999 -9999 -9999 -9996
C0G620 1995080622 -9999 -9999 -9999 -9996
C0G620 1995080623 -9999 -9999 -9999 -9996
C0G620 1995080624 -9999 -9999 -9999 -9996
C0G620 1995080701 -9999 -9999 -9999 0.0
C0G620 1995080702 -9999 -9999 -9999 0.0
C0G620 1995080703 -9999 -9999 -9999 0.0
C0G620 1995080704 -9999 -9999 -9999 0.0
C0G620 1995080705 -9999 -9999 -9999 0.0
C0G620 1995080706 -9999 -9999 -9999 0.0
C0G620 1995080707 -9999 -9999 -9999 0.0
C0G620 1995080708 -9999 -9999 -9999 0.0
C0G620 1995080709 -9999 -9999 -9999 0.0
C0G620 1995080710 -9999 -9999 -9999 0.0
C0G620 1995080711 -9999 -9999 -9999 0.0
C0G620 1995080712 -9999 -9999 -9999 0.0
C0G620 1995080713 -9999 -9999 -9999 0.0
C0G620 1995080714 -9999 -9999 -9999 0.0
C0G620 1995080715 -9999 -9999 -9999 0.0
C0G620 1995080716 -9999 -9999 -9999 0.0
C0G620 1995080717 -9999 -9999 -9999 0.0
C0G620 1995080718 -9999 -9999 -9999 0.0
C0G620 1995080719 -9999 -9999 -9999 0.0
C0G620 1995080720 -9999 -9999 -9999 0.0
C0G620 1995080721 -9999 -9999 -9999 0.0
C0G620 1995080722 -9999 -9999 -9999 0.0
C0G620 1995080723 -9999 -9999 -9999 0.0
C0G620 1995080724 -9999 -9999 -9999 0.0
C0G620 1995080801 -9999 -9999 -9999 0.0
C0G620 1995080802 -9999 -9999 -9999 0.0
C0G620 1995080803 -9999 -9999 -9999 0.0
C0G620 1995080804 -9999 -9999 -9999 0.0
C0G620 1995080805 -9999 -9999 -9999 0.0
C0G620 1995080806 -9999 -9999 -9999 0.0
C0G620 1995080807 -9999 -9999 -9999 0.0
C0G620 1995080808 -9999 -9999 -9999 0.0
C0G620 1995080809 -9999 -9999 -9999 0.0
C0G620 1995080810 -9999 -9999 -9999 0.0
C0G620 1995080811 -9999 -9999 -9999 0.0
C0G620 1995080812 -9999 -9999 -9999 0.0
C0G620 1995080813 -9999 -9999 -9999 0.0
C0G620 1995080814 -9999 -9999 -9999 0.0
C0G620 1995080815 -9999 -9999 -9999 0.0
C0G620 1995080816 -9999 -9999 -9999 0.0
C0G620 1995080817 -9999 -9999 -9999 0.0
C0G620 1995080818 -9999 -9999 -9999 0.0
C0G620 1995080819 -9999 -9999 -9999 0.0
C0G620 1995080820 -9999 -9999 -9999 0.0
C0G620 1995080821 -9999 -9999 -9999 0.0
C0G620 1995080822 -9999 -9999 -9999 0.0
C0G620 1995080823 -9999 -9999 -9999 0.0
C0G620 1995080824 -9999 -9999 -9999 0.0
C0G620 1995080901 -9999 -9999 -9999 0.0
C0G620 1995080902 -9999 -9999 -9999 0.0
C0G620 1995080903 -9999 -9999 -9999 0.0
C0G620 1995080904 -9999 -9999 -9999 0.0
C0G620 1995080905 -9999 -9999 -9999 0.0
C0G620 1995080906 -9999 -9999 -9999 0.0
C0G620 1995080907 -9999 -9999 -9999 0.0
C0G620 1995080908 -9999 -9999 -9999 0.0
C0G620 1995080909 -9999 -9999 -9999 0.0
C0G620 1995080910 -9999 -9999 -9999 0.0
C0G620 1995080911 -9999 -9999 -9999 0.0
C0G620 1995080912 -9999 -9999 -9999 0.0
C0G620 1995080913 -9999 -9999 -9999 0.0
C0G620 1995080914 -9999 -9999 -9999 0.0
C0G620 1995080915 -9999 -9999 -9999 0.0
C0G620 1995080916 -9999 -9999 -9999 0.0
C0G620 1995080917 -9999 -9999 -9999 0.0
C0G620 1995080918 -9999 -9999 -9999 0.0
C0G620 1995080919 -9999 -9999 -9999 0.0
C0G620 1995080920 -9999 -9999 -9999 0.0
C0G620 1995080921 -9999 -9999 -9999 0.0
C0G620 1995080922 -9999 -9999 -9999 0.0
C0G620 1995080923 -9999 -9999 -9999 0.0
C0G620 1995080924 -9999 -9999 -9999 0.0
C0G620 1995081001 -9999 -9999 -9999 0.0
C0G620 1995081002 -9999 -9999 -9999 0.0
C0G620 1995081003 -9999 -9999 -9999 0.0
C0G620 1995081004 -9999 -9999 -9999 0.0
C0G620 1995081005 -9999 -9999 -9999 0.0
C0G620 1995081006 -9999 -9999 -9999 0.0
C0G620 1995081007 -9999 -9999 -9999 0.0
C0G620 1995081008 -9999 -9999 -9999 0.0
C0G620 1995081009 -9999 -9999 -9999 0.0
C0G620 1995081010 -9999 -9999 -9999 0.0
C0G620 1995081011 -9999 -9999 -9999 0.0
C0G620 1995081012 -9999 -9999 -9999 0.0
C0G620 1995081013 -9999 -9999 -9999 0.0
C0G620 1995081014 -9999 -9999 -9999 0.0
C0G620 1995081015 -9999 -9999 -9999 0.0
C0G620 1995081016 -9999 -9999 -9999 0.0
C0G620 1995081017 -9999 -9999 -9999 0.0
C0G620 1995081018 -9999 -9999 -9999 0.0
C0G620 1995081019 -9999 -9999 -9999 0.0
C0G620 1995081020 -9999 -9999 -9999 0.0
C0G620 1995081021 -9999 -9999 -9999 0.0
C0G620 1995081022 -9999 -9999 -9999 0.0
C0G620 1995081023 -9999 -9999 -9999 0.0
C0G620 1995081024 -9999 -9999 -9999 0.0
C0G620 1995081101 -9999 -9999 -9999 0.0
C0G620 1995081102 -9999 -9999 -9999 0.0
C0G620 1995081103 -9999 -9999 -9999 0.0
C0G620 1995081104 -9999 -9999 -9999 0.0
C0G620 1995081105 -9999 -9999 -9999 0.0
C0G620 1995081106 -9999 -9999 -9999 0.0
C0G620 1995081107 -9999 -9999 -9999 0.0
C0G620 1995081108 -9999 -9999 -9999 0.0
C0G620 1995081109 -9999 -9999 -9999 0.0
C0G620 1995081110 -9999 -9999 -9999 0.0
C0G620 1995081111 -9999 -9999 -9999 0.0
C0G620 1995081112 -9999 -9999 -9999 0.0
C0G620 1995081113 -9999 -9999 -9999 0.0
C0G620 1995081114 -9999 -9999 -9999 0.0
C0G620 1995081115 -9999 -9999 -9999 0.0
C0G620 1995081116 -9999 -9999 -9999 0.0
C0G620 1995081117 -9999 -9999 -9999 0.0
C0G620 1995081118 -9999 -9999 -9999 0.0
C0G620 1995081119 -9999 -9999 -9999 0.0
C0G620 1995081120 -9999 -9999 -9999 0.0
C0G620 1995081121 -9999 -9999 -9999 0.0
C0G620 1995081122 -9999 -9999 -9999 0.0
C0G620 1995081123 -9999 -9999 -9999 0.0
C0G620 1995081124 -9999 -9999 -9999 0.0
C0G620 1995081201 -9999 -9999 -9999 0.0
C0G620 1995081202 -9999 -9999 -9999 0.0
C0G620 1995081203 -9999 -9999 -9999 0.0
C0G620 1995081204 -9999 -9999 -9999 0.0
C0G620 1995081205 -9999 -9999 -9999 0.0
C0G620 1995081206 -9999 -9999 -9999 0.0
C0G620 1995081207 -9999 -9999 -9999 0.0
C0G620 1995081208 -9999 -9999 -9999 0.0
C0G620 1995081209 -9999 -9999 -9999 0.0
C0G620 1995081210 -9999 -9999 -9999 -9996
C0G620 1995081211 -9999 -9999 -9999 0.5
C0G620 1995081212 -9999 -9999 -9999 0.0
C0G620 1995081213 -9999 -9999 -9999 0.0
C0G620 1995081214 -9999 -9999 -9999 0.0
C0G620 1995081215 -9999 -9999 -9999 0.0
C0G620 1995081216 -9999 -9999 -9999 0.0
C0G620 1995081217 -9999 -9999 -9999 0.0
C0G620 1995081218 -9999 -9999 -9999 1.0
C0G620 1995081219 -9999 -9999 -9999 0.0
C0G620 1995081220 -9999 -9999 -9999 0.0
C0G620 1995081221 -9999 -9999 -9999 0.0
C0G620 1995081222 -9999 -9999 -9999 0.0
C0G620 1995081223 -9999 -9999 -9999 0.0
C0G620 1995081224 -9999 -9999 -9999 0.0
C0G620 1995081301 -9999 -9999 -9999 0.0
C0G620 1995081302 -9999 -9999 -9999 0.0
C0G620 1995081303 -9999 -9999 -9999 0.0
C0G620 1995081304 -9999 -9999 -9999 0.0
C0G620 1995081305 -9999 -9999 -9999 0.0
C0G620 1995081306 -9999 -9999 -9999 0.0
C0G620 1995081307 -9999 -9999 -9999 0.0
C0G620 1995081308 -9999 -9999 -9999 0.0
C0G620 1995081309 -9999 -9999 -9999 0.0
C0G620 1995081310 -9999 -9999 -9999 0.0
C0G620 1995081311 -9999 -9999 -9999 0.0
C0G620 1995081312 -9999 -9999 -9999 0.0
C0G620 1995081313 -9999 -9999 -9999 0.0
C0G620 1995081314 -9999 -9999 -9999 -9996
C0G620 1995081315 -9999 -9999 -9999 -9996
C0G620 1995081316 -9999 -9999 -9999 -9996
C0G620 1995081317 -9999 -9999 -9999 -9996
C0G620 1995081318 -9999 -9999 -9999 -9996
C0G620 1995081319 -9999 -9999 -9999 -9996
C0G620 1995081320 -9999 -9999 -9999 0.5
C0G620 1995081321 -9999 -9999 -9999 0.0
C0G620 1995081322 -9999 -9999 -9999 0.0
C0G620 1995081323 -9999 -9999 -9999 0.0
C0G620 1995081324 -9999 -9999 -9999 0.0
C0G620 1995081401 -9999 -9999 -9999 0.0
C0G620 1995081402 -9999 -9999 -9999 0.0
C0G620 1995081403 -9999 -9999 -9999 0.0
C0G620 1995081404 -9999 -9999 -9999 0.0
C0G620 1995081405 -9999 -9999 -9999 0.0
C0G620 1995081406 -9999 -9999 -9999 0.0
C0G620 1995081407 -9999 -9999 -9999 0.0
C0G620 1995081408 -9999 -9999 -9999 0.0
C0G620 1995081409 -9999 -9999 -9999 0.0
C0G620 1995081410 -9999 -9999 -9999 0.0
C0G620 1995081411 -9999 -9999 -9999 0.0
C0G620 1995081412 -9999 -9999 -9999 0.0
C0G620 1995081413 -9999 -9999 -9999 0.0
C0G620 1995081414 -9999 -9999 -9999 0.0
C0G620 1995081415 -9999 -9999 -9999 0.0
C0G620 1995081416 -9999 -9999 -9999 0.0
C0G620 1995081417 -9999 -9999 -9999 0.0
C0G620 1995081418 -9999 -9999 -9999 0.0
C0G620 1995081419 -9999 -9999 -9999 0.0
C0G620 1995081420 -9999 -9999 -9999 0.0
C0G620 1995081421 -9999 -9999 -9999 0.0
C0G620 1995081422 -9999 -9999 -9999 0.0
C0G620 1995081423 -9999 -9999 -9999 0.0
C0G620 1995081424 -9999 -9999 -9999 0.0
C0G620 1995081501 -9999 -9999 -9999 0.0
C0G620 1995081502 -9999 -9999 -9999 0.0
C0G620 1995081503 -9999 -9999 -9999 0.0
C0G620 1995081504 -9999 -9999 -9999 0.0
C0G620 1995081505 -9999 -9999 -9999 0.0
C0G620 1995081506 -9999 -9999 -9999 0.0
C0G620 1995081507 -9999 -9999 -9999 0.0
C0G620 1995081508 -9999 -9999 -9999 0.0
C0G620 1995081509 -9999 -9999 -9999 0.0
C0G620 1995081510 -9999 -9999 -9999 0.0
C0G620 1995081511 -9999 -9999 -9999 0.0
C0G620 1995081512 -9999 -9999 -9999 0.0
C0G620 1995081513 -9999 -9999 -9999 0.0
C0G620 1995081514 -9999 -9999 -9999 0.0
C0G620 1995081515 -9999 -9999 -9999 -9996
C0G620 1995081516 -9999 -9999 -9999 -9996
C0G620 1995081517 -9999 -9999 -9999 2.0
C0G620 1995081518 -9999 -9999 -9999 11.0
C0G620 1995081519 -9999 -9999 -9999 1.0
C0G620 1995081520 -9999 -9999 -9999 -9996
C0G620 1995081521 -9999 -9999 -9999 -9996
C0G620 1995081522 -9999 -9999 -9999 -9996
C0G620 1995081523 -9999 -9999 -9999 -9996
C0G620 1995081524 -9999 -9999 -9999 -9996
C0G620 1995081601 -9999 -9999 -9999 0.0
C0G620 1995081602 -9999 -9999 -9999 0.0
C0G620 1995081603 -9999 -9999 -9999 0.0
C0G620 1995081604 -9999 -9999 -9999 0.0
C0G620 1995081605 -9999 -9999 -9999 0.0
C0G620 1995081606 -9999 -9999 -9999 0.0
C0G620 1995081607 -9999 -9999 -9999 0.0
C0G620 1995081608 -9999 -9999 -9999 0.0
C0G620 1995081609 -9999 -9999 -9999 0.0
C0G620 1995081610 -9999 -9999 -9999 0.0
C0G620 1995081611 -9999 -9999 -9999 0.0
C0G620 1995081612 -9999 -9999 -9999 0.0
C0G620 1995081613 -9999 -9999 -9999 0.0
C0G620 1995081614 -9999 -9999 -9999 0.0
C0G620 1995081615 -9999 -9999 -9999 0.0
C0G620 1995081616 -9999 -9999 -9999 0.0
C0G620 1995081617 -9999 -9999 -9999 0.0
C0G620 1995081618 -9999 -9999 -9999 0.0
C0G620 1995081619 -9999 -9999 -9999 0.0
C0G620 1995081620 -9999 -9999 -9999 0.0
C0G620 1995081621 -9999 -9999 -9999 0.0
C0G620 1995081622 -9999 -9999 -9999 0.0
C0G620 1995081623 -9999 -9999 -9999 0.0
C0G620 1995081624 -9999 -9999 -9999 0.0
C0G620 1995081701 -9999 -9999 -9999 0.0
C0G620 1995081702 -9999 -9999 -9999 0.0
C0G620 1995081703 -9999 -9999 -9999 0.0
C0G620 1995081704 -9999 -9999 -9999 0.0
C0G620 1995081705 -9999 -9999 -9999 0.0
C0G620 1995081706 -9999 -9999 -9999 0.0
C0G620 1995081707 -9999 -9999 -9999 0.0
C0G620 1995081708 -9999 -9999 -9999 0.0
C0G620 1995081709 -9999 -9999 -9999 0.0
C0G620 1995081710 -9999 -9999 -9999 0.0
C0G620 1995081711 -9999 -9999 -9999 0.0
C0G620 1995081712 -9999 -9999 -9999 0.0
C0G620 1995081713 -9999 -9999 -9999 0.0
C0G620 1995081714 -9999 -9999 -9999 0.0
C0G620 1995081715 -9999 -9999 -9999 0.0
C0G620 1995081716 -9999 -9999 -9999 0.0
C0G620 1995081717 -9999 -9999 -9999 0.0
C0G620 1995081718 -9999 -9999 -9999 0.0
C0G620 1995081719 -9999 -9999 -9999 0.0
C0G620 1995081720 -9999 -9999 -9999 -9996
C0G620 1995081721 -9999 -9999 -9999 1.0
C0G620 1995081722 -9999 -9999 -9999 0.0
C0G620 1995081723 -9999 -9999 -9999 0.0
C0G620 1995081724 -9999 -9999 -9999 0.0
C0G620 1995081801 -9999 -9999 -9999 0.0
C0G620 1995081802 -9999 -9999 -9999 0.0
C0G620 1995081803 -9999 -9999 -9999 0.0
C0G620 1995081804 -9999 -9999 -9999 0.0
C0G620 1995081805 -9999 -9999 -9999 0.0
C0G620 1995081806 -9999 -9999 -9999 0.0
C0G620 1995081807 -9999 -9999 -9999 0.0
C0G620 1995081808 -9999 -9999 -9999 0.0
C0G620 1995081809 -9999 -9999 -9999 0.0
C0G620 1995081810 -9999 -9999 -9999 0.0
C0G620 1995081811 -9999 -9999 -9999 0.0
C0G620 1995081812 -9999 -9999 -9999 0.0
C0G620 1995081813 -9999 -9999 -9999 0.0
C0G620 1995081814 -9999 -9999 -9999 0.0
C0G620 1995081815 -9999 -9999 -9999 0.0
C0G620 1995081816 -9999 -9999 -9999 0.0
C0G620 1995081817 -9999 -9999 -9999 0.0
C0G620 1995081818 -9999 -9999 -9999 0.0
C0G620 1995081819 -9999 -9999 -9999 0.0
C0G620 1995081820 -9999 -9999 -9999 0.0
C0G620 1995081821 -9999 -9999 -9999 0.0
C0G620 1995081822 -9999 -9999 -9999 0.0
C0G620 1995081823 -9999 -9999 -9999 0.0
C0G620 1995081824 -9999 -9999 -9999 0.0
C0G620 1995081901 -9999 -9999 -9999 0.0
C0G620 1995081902 -9999 -9999 -9999 0.0
C0G620 1995081903 -9999 -9999 -9999 0.0
C0G620 1995081904 -9999 -9999 -9999 0.0
C0G620 1995081905 -9999 -9999 -9999 0.0
C0G620 1995081906 -9999 -9999 -9999 0.0
C0G620 1995081907 -9999 -9999 -9999 0.0
C0G620 1995081908 -9999 -9999 -9999 0.0
C0G620 1995081909 -9999 -9999 -9999 0.0
C0G620 1995081910 -9999 -9999 -9999 0.0
C0G620 1995081911 -9999 -9999 -9999 0.0
C0G620 1995081912 -9999 -9999 -9999 0.0
C0G620 1995081913 -9999 -9999 -9999 0.0
C0G620 1995081914 -9999 -9999 -9999 0.0
C0G620 1995081915 -9999 -9999 -9999 0.0
C0G620 1995081916 -9999 -9999 -9999 0.0
C0G620 1995081917 -9999 -9999 -9999 0.0
C0G620 1995081918 -9999 -9999 -9999 0.0
C0G620 1995081919 -9999 -9999 -9999 0.0
C0G620 1995081920 -9999 -9999 -9999 0.0
C0G620 1995081921 -9999 -9999 -9999 0.0
C0G620 1995081922 -9999 -9999 -9999 0.0
C0G620 1995081923 -9999 -9999 -9999 0.0
C0G620 1995081924 -9999 -9999 -9999 0.0
C0G620 1995082001 -9999 -9999 -9999 0.0
C0G620 1995082002 -9999 -9999 -9999 0.0
C0G620 1995082003 -9999 -9999 -9999 0.0
C0G620 1995082004 -9999 -9999 -9999 0.0
C0G620 1995082005 -9999 -9999 -9999 0.0
C0G620 1995082006 -9999 -9999 -9999 0.0
C0G620 1995082007 -9999 -9999 -9999 0.0
C0G620 1995082008 -9999 -9999 -9999 0.0
C0G620 1995082009 -9999 -9999 -9999 0.0
C0G620 1995082010 -9999 -9999 -9999 0.0
C0G620 1995082011 -9999 -9999 -9999 0.0
C0G620 1995082012 -9999 -9999 -9999 0.0
C0G620 1995082013 -9999 -9999 -9999 0.0
C0G620 1995082014 -9999 -9999 -9999 0.0
C0G620 1995082015 -9999 -9999 -9999 0.0
C0G620 1995082016 -9999 -9999 -9999 0.0
C0G620 1995082017 -9999 -9999 -9999 0.0
C0G620 1995082018 -9999 -9999 -9999 0.0
C0G620 1995082019 -9999 -9999 -9999 0.0
C0G620 1995082020 -9999 -9999 -9999 0.0
C0G620 1995082021 -9999 -9999 -9999 0.0
C0G620 1995082022 -9999 -9999 -9999 0.0
C0G620 1995082023 -9999 -9999 -9999 0.0
C0G620 1995082024 -9999 -9999 -9999 0.0
C0G620 1995082101 -9999 -9999 -9999 0.0
C0G620 1995082102 -9999 -9999 -9999 0.0
C0G620 1995082103 -9999 -9999 -9999 0.0
C0G620 1995082104 -9999 -9999 -9999 0.0
C0G620 1995082105 -9999 -9999 -9999 0.0
C0G620 1995082106 -9999 -9999 -9999 0.0
C0G620 1995082107 -9999 -9999 -9999 0.0
C0G620 1995082108 -9999 -9999 -9999 0.0
C0G620 1995082109 -9999 -9999 -9999 0.0
C0G620 1995082110 -9999 -9999 -9999 0.0
C0G620 1995082111 -9999 -9999 -9999 0.0
C0G620 1995082112 -9999 -9999 -9999 0.0
C0G620 1995082113 -9999 -9999 -9999 0.0
C0G620 1995082114 -9999 -9999 -9999 0.0
C0G620 1995082115 -9999 -9999 -9999 0.0
C0G620 1995082116 -9999 -9999 -9999 0.0
C0G620 1995082117 -9999 -9999 -9999 -9996
C0G620 1995082118 -9999 -9999 -9999 -9996
C0G620 1995082119 -9999 -9999 -9999 -9996
C0G620 1995082120 -9999 -9999 -9999 1.0
C0G620 1995082121 -9999 -9999 -9999 0.0
C0G620 1995082122 -9999 -9999 -9999 0.0
C0G620 1995082123 -9999 -9999 -9999 0.0
C0G620 1995082124 -9999 -9999 -9999 0.0
C0G620 1995082201 -9999 -9999 -9999 0.0
C0G620 1995082202 -9999 -9999 -9999 0.0
C0G620 1995082203 -9999 -9999 -9999 0.0
C0G620 1995082204 -9999 -9999 -9999 0.0
C0G620 1995082205 -9999 -9999 -9999 0.0
C0G620 1995082206 -9999 -9999 -9999 0.0
C0G620 1995082207 -9999 -9999 -9999 0.0
C0G620 1995082208 -9999 -9999 -9999 0.0
C0G620 1995082209 -9999 -9999 -9999 0.0
C0G620 1995082210 -9999 -9999 -9999 0.0
C0G620 1995082211 -9999 -9999 -9999 0.0
C0G620 1995082212 -9999 -9999 -9999 0.0
C0G620 1995082213 -9999 -9999 -9999 0.0
C0G620 1995082214 -9999 -9999 -9999 0.0
C0G620 1995082215 -9999 -9999 -9999 0.0
C0G620 1995082216 -9999 -9999 -9999 0.0
C0G620 1995082217 -9999 -9999 -9999 0.0
C0G620 1995082218 -9999 -9999 -9999 0.0
C0G620 1995082219 -9999 -9999 -9999 0.0
C0G620 1995082220 -9999 -9999 -9999 0.0
C0G620 1995082221 -9999 -9999 -9999 0.0
C0G620 1995082222 -9999 -9999 -9999 0.0
C0G620 1995082223 -9999 -9999 -9999 0.0
C0G620 1995082224 -9999 -9999 -9999 0.0
C0G620 1995082301 -9999 -9999 -9999 0.0
C0G620 1995082302 -9999 -9999 -9999 0.0
C0G620 1995082303 -9999 -9999 -9999 0.0
C0G620 1995082304 -9999 -9999 -9999 0.0
C0G620 1995082305 -9999 -9999 -9999 0.0
C0G620 1995082306 -9999 -9999 -9999 0.0
C0G620 1995082307 -9999 -9999 -9999 0.0
C0G620 1995082308 -9999 -9999 -9999 0.0
C0G620 1995082309 -9999 -9999 -9999 0.0
C0G620 1995082310 -9999 -9999 -9999 0.0
C0G620 1995082311 -9999 -9999 -9999 0.0
C0G620 1995082312 -9999 -9999 -9999 0.0
C0G620 1995082313 -9999 -9999 -9999 0.0
C0G620 1995082314 -9999 -9999 -9999 0.0
C0G620 1995082315 -9999 -9999 -9999 0.0
C0G620 1995082316 -9999 -9999 -9999 0.0
C0G620 1995082317 -9999 -9999 -9999 0.0
C0G620 1995082318 -9999 -9999 -9999 0.0
C0G620 1995082319 -9999 -9999 -9999 0.0
C0G620 1995082320 -9999 -9999 -9999 0.0
C0G620 1995082321 -9999 -9999 -9999 0.0
C0G620 1995082322 -9999 -9999 -9999 0.0
C0G620 1995082323 -9999 -9999 -9999 0.0
C0G620 1995082324 -9999 -9999 -9999 0.0
C0G620 1995082401 -9999 -9999 -9999 0.0
C0G620 1995082402 -9999 -9999 -9999 0.0
C0G620 1995082403 -9999 -9999 -9999 0.0
C0G620 1995082404 -9999 -9999 -9999 0.0
C0G620 1995082405 -9999 -9999 -9999 0.0
C0G620 1995082406 -9999 -9999 -9999 0.0
C0G620 1995082407 -9999 -9999 -9999 0.0
C0G620 1995082408 -9999 -9999 -9999 0.0
C0G620 1995082409 -9999 -9999 -9999 0.0
C0G620 1995082410 -9999 -9999 -9999 -9996
C0G620 1995082411 -9999 -9999 -9999 -9996
C0G620 1995082412 -9999 -9999 -9999 1.0
C0G620 1995082413 -9999 -9999 -9999 0.0
C0G620 1995082414 -9999 -9999 -9999 0.0
C0G620 1995082415 -9999 -9999 -9999 0.0
C0G620 1995082416 -9999 -9999 -9999 0.0
C0G620 1995082417 -9999 -9999 -9999 0.0
C0G620 1995082418 -9999 -9999 -9999 0.0
C0G620 1995082419 -9999 -9999 -9999 0.0
C0G620 1995082420 -9999 -9999 -9999 0.0
C0G620 1995082421 -9999 -9999 -9999 0.0
C0G620 1995082422 -9999 -9999 -9999 0.0
C0G620 1995082423 -9999 -9999 -9999 0.0
C0G620 1995082424 -9999 -9999 -9999 0.0
C0G620 1995082501 -9999 -9999 -9999 0.0
C0G620 1995082502 -9999 -9999 -9999 0.0
C0G620 1995082503 -9999 -9999 -9999 0.0
C0G620 1995082504 -9999 -9999 -9999 0.0
C0G620 1995082505 -9999 -9999 -9999 0.0
C0G620 1995082506 -9999 -9999 -9999 0.0
C0G620 1995082507 -9999 -9999 -9999 0.0
C0G620 1995082508 -9999 -9999 -9999 0.0
C0G620 1995082509 -9999 -9999 -9999 0.0
C0G620 1995082510 -9999 -9999 -9999 0.0
C0G620 1995082511 -9999 -9999 -9999 0.0
C0G620 1995082512 -9999 -9999 -9999 0.0
C0G620 1995082513 -9999 -9999 -9999 0.0
C0G620 1995082514 -9999 -9999 -9999 -9996
C0G620 1995082515 -9999 -9999 -9999 1.0
C0G620 1995082516 -9999 -9999 -9999 4.5
C0G620 1995082517 -9999 -9999 -9999 -9996
C0G620 1995082518 -9999 -9999 -9999 -9996
C0G620 1995082519 -9999 -9999 -9999 -9996
C0G620 1995082520 -9999 -9999 -9999 -9996
C0G620 1995082521 -9999 -9999 -9999 1.0
C0G620 1995082522 -9999 -9999 -9999 0.0
C0G620 1995082523 -9999 -9999 -9999 0.0
C0G620 1995082524 -9999 -9999 -9999 0.0
C0G620 1995082601 -9999 -9999 -9999 0.0
C0G620 1995082602 -9999 -9999 -9999 0.0
C0G620 1995082603 -9999 -9999 -9999 0.0
C0G620 1995082604 -9999 -9999 -9999 0.0
C0G620 1995082605 -9999 -9999 -9999 0.0
C0G620 1995082606 -9999 -9999 -9999 0.0
C0G620 1995082607 -9999 -9999 -9999 0.0
C0G620 1995082608 -9999 -9999 -9999 0.0
C0G620 1995082609 -9999 -9999 -9999 0.0
C0G620 1995082610 -9999 -9999 -9999 0.0
C0G620 1995082611 -9999 -9999 -9999 0.0
C0G620 1995082612 -9999 -9999 -9999 0.0
C0G620 1995082613 -9999 -9999 -9999 0.0
C0G620 1995082614 -9999 -9999 -9999 0.0
C0G620 1995082615 -9999 -9999 -9999 0.0
C0G620 1995082616 -9999 -9999 -9999 1.0
C0G620 1995082617 -9999 -9999 -9999 11.0
C0G620 1995082618 -9999 -9999 -9999 -9996
C0G620 1995082619 -9999 -9999 -9999 0.5
C0G620 1995082620 -9999 -9999 -9999 -9996
C0G620 1995082621 -9999 -9999 -9999 -9996
C0G620 1995082622 -9999 -9999 -9999 -9996
C0G620 1995082623 -9999 -9999 -9999 -9996
C0G620 1995082624 -9999 -9999 -9999 -9996
C0G620 1995082701 -9999 -9999 -9999 0.0
C0G620 1995082702 -9999 -9999 -9999 0.0
C0G620 1995082703 -9999 -9999 -9999 0.0
C0G620 1995082704 -9999 -9999 -9999 0.0
C0G620 1995082705 -9999 -9999 -9999 0.0
C0G620 1995082706 -9999 -9999 -9999 0.0
C0G620 1995082707 -9999 -9999 -9999 0.0
C0G620 1995082708 -9999 -9999 -9999 0.0
C0G620 1995082709 -9999 -9999 -9999 0.0
C0G620 1995082710 -9999 -9999 -9999 0.0
C0G620 1995082711 -9999 -9999 -9999 0.0
C0G620 1995082712 -9999 -9999 -9999 0.0
C0G620 1995082713 -9999 -9999 -9999 0.0
C0G620 1995082714 -9999 -9999 -9999 0.0
C0G620 1995082715 -9999 -9999 -9999 0.0
C0G620 1995082716 -9999 -9999 -9999 0.0
C0G620 1995082717 -9999 -9999 -9999 0.0
C0G620 1995082718 -9999 -9999 -9999 0.0
C0G620 1995082719 -9999 -9999 -9999 0.0
C0G620 1995082720 -9999 -9999 -9999 0.0
C0G620 1995082721 -9999 -9999 -9999 0.0
C0G620 1995082722 -9999 -9999 -9999 0.0
C0G620 1995082723 -9999 -9999 -9999 0.0
C0G620 1995082724 -9999 -9999 -9999 0.0
C0G620 1995082801 -9999 -9999 -9999 0.0
C0G620 1995082802 -9999 -9999 -9999 0.0
C0G620 1995082803 -9999 -9999 -9999 0.0
C0G620 1995082804 -9999 -9999 -9999 0.0
C0G620 1995082805 -9999 -9999 -9999 0.0
C0G620 1995082806 -9999 -9999 -9999 0.0
C0G620 1995082807 -9999 -9999 -9999 0.0
C0G620 1995082808 -9999 -9999 -9999 0.0
C0G620 1995082809 -9999 -9999 -9999 0.0
C0G620 1995082810 -9999 -9999 -9999 0.0
C0G620 1995082811 -9999 -9999 -9999 0.0
C0G620 1995082812 -9999 -9999 -9999 0.0
C0G620 1995082813 -9999 -9999 -9999 0.0
C0G620 1995082814 -9999 -9999 -9999 0.0
C0G620 1995082815 -9999 -9999 -9999 0.0
C0G620 1995082816 -9999 -9999 -9999 0.0
C0G620 1995082817 -9999 -9999 -9999 0.0
C0G620 1995082818 -9999 -9999 -9999 0.0
C0G620 1995082819 -9999 -9999 -9999 0.0
C0G620 1995082820 -9999 -9999 -9999 0.0
C0G620 1995082821 -9999 -9999 -9999 0.0
C0G620 1995082822 -9999 -9999 -9999 0.0
C0G620 1995082823 -9999 -9999 -9999 0.0
C0G620 1995082824 -9999 -9999 -9999 0.0
C0G620 1995082901 -9999 -9999 -9999 0.0
C0G620 1995082902 -9999 -9999 -9999 0.0
C0G620 1995082903 -9999 -9999 -9999 0.0
C0G620 1995082904 -9999 -9999 -9999 0.0
C0G620 1995082905 -9999 -9999 -9999 0.0
C0G620 1995082906 -9999 -9999 -9999 0.0
C0G620 1995082907 -9999 -9999 -9999 0.0
C0G620 1995082908 -9999 -9999 -9999 0.0
C0G620 1995082909 -9999 -9999 -9999 0.0
C0G620 1995082910 -9999 -9999 -9999 0.0
C0G620 1995082911 -9999 -9999 -9999 0.0
C0G620 1995082912 -9999 -9999 -9999 0.0
C0G620 1995082913 -9999 -9999 -9999 0.0
C0G620 1995082914 -9999 -9999 -9999 0.0
C0G620 1995082915 -9999 -9999 -9999 0.0
C0G620 1995082916 -9999 -9999 -9999 0.0
C0G620 1995082917 -9999 -9999 -9999 0.0
C0G620 1995082918 -9999 -9999 -9999 0.0
C0G620 1995082919 -9999 -9999 -9999 0.0
C0G620 1995082920 -9999 -9999 -9999 0.0
C0G620 1995082921 -9999 -9999 -9999 0.0
C0G620 1995082922 -9999 -9999 -9999 0.0
C0G620 1995082923 -9999 -9999 -9999 0.0
C0G620 1995082924 -9999 -9999 -9999 0.0
C0G620 1995083001 -9999 -9999 -9999 0.0
C0G620 1995083002 -9999 -9999 -9999 0.0
C0G620 1995083003 -9999 -9999 -9999 0.0
C0G620 1995083004 -9999 -9999 -9999 0.0
C0G620 1995083005 -9999 -9999 -9999 0.0
C0G620 1995083006 -9999 -9999 -9999 0.0
C0G620 1995083007 -9999 -9999 -9999 0.0
C0G620 1995083008 -9999 -9999 -9999 0.0
C0G620 1995083009 -9999 -9999 -9999 0.0
C0G620 1995083010 -9999 -9999 -9999 0.0
C0G620 1995083011 -9999 -9999 -9999 0.0
C0G620 1995083012 -9999 -9999 -9999 0.0
C0G620 1995083013 -9999 -9999 -9999 0.0
C0G620 1995083014 -9999 -9999 -9999 0.0
C0G620 1995083015 -9999 -9999 -9999 0.0
C0G620 1995083016 -9999 -9999 -9999 0.0
C0G620 1995083017 -9999 -9999 -9999 0.0
C0G620 1995083018 -9999 -9999 -9999 0.0
C0G620 1995083019 -9999 -9999 -9999 0.0
C0G620 1995083020 -9999 -9999 -9999 0.0
C0G620 1995083021 -9999 -9999 -9999 0.0
C0G620 1995083022 -9999 -9999 -9999 0.0
C0G620 1995083023 -9999 -9999 -9999 0.0
C0G620 1995083024 -9999 -9999 -9999 0.0
C0G620 1995083101 -9999 -9999 -9999 0.0
C0G620 1995083102 -9999 -9999 -9999 0.0
C0G620 1995083103 -9999 -9999 -9999 0.0
C0G620 1995083104 -9999 -9999 -9999 0.0
C0G620 1995083105 -9999 -9999 -9999 0.0
C0G620 1995083106 -9999 -9999 -9999 0.0
C0G620 1995083107 -9999 -9999 -9999 0.0
C0G620 1995083108 -9999 -9999 -9999 0.0
C0G620 1995083109 -9999 -9999 -9999 -9996
C0G620 1995083110 -9999 -9999 -9999 -9996
C0G620 1995083111 -9999 -9999 -9999 -9996
C0G620 1995083112 -9999 -9999 -9999 -9996
C0G620 1995083113 -9999 -9999 -9999 -9996
C0G620 1995083114 -9999 -9999 -9999 -9996
C0G620 1995083115 -9999 -9999 -9999 -9996
C0G620 1995083116 -9999 -9999 -9999 -9996
C0G620 1995083117 -9999 -9999 -9999 -9996
C0G620 1995083118 -9999 -9999 -9999 0.5
C0G620 1995083119 -9999 -9999 -9999 0.0
C0G620 1995083120 -9999 -9999 -9999 0.0
C0G620 1995083121 -9999 -9999 -9999 0.0
C0G620 1995083122 -9999 -9999 -9999 0.0
C0G620 1995083123 -9999 -9999 -9999 0.0
C0G620 1995083124 -9999 -9999 -9999 0.0
C0G650 1995080101 25.0 -9999 0.0 0.0
C0G650 1995080102 25.9 -9999 0.0 0.0
C0G650 1995080103 26.7 -9999 1.4 0.0
C0G650 1995080104 26.0 -9999 0.6 0.0
C0G650 1995080105 26.2 -9999 1.2 0.0
C0G650 1995080106 25.3 -9999 0.1 0.0
C0G650 1995080107 25.9 -9999 0.0 0.0
C0G650 1995080108 27.3 -9999 0.0 0.0
C0G650 1995080109 28.5 -9999 1.0 0.0
C0G650 1995080110 29.1 -9999 2.6 0.0
C0G650 1995080111 29.0 -9999 1.9 -9996
C0G650 1995080112 28.3 -9999 2.4 -9996
C0G650 1995080113 27.8 -9999 1.9 -9996
C0G650 1995080114 28.4 -9999 0.6 0.5
C0G650 1995080115 28.2 -9999 1.2 -9996
C0G650 1995080116 27.6 -9999 2.8 -9996
C0G650 1995080117 27.0 -9999 1.7 0.5
C0G650 1995080118 26.5 -9999 2.1 1.0
C0G650 1995080119 26.2 -9999 0.0 0.0
C0G650 1995080120 25.8 -9999 0.1 0.0
C0G650 1995080121 25.3 -9999 0.0 0.0
C0G650 1995080122 25.4 -9999 0.0 0.0
C0G650 1995080123 24.8 -9999 0.0 0.0
C0G650 1995080124 24.7 -9999 0.0 0.0
C0G650 1995080201 24.4 -9999 0.0 0.0
C0G650 1995080202 24.7 -9999 0.1 0.0
C0G650 1995080203 24.8 -9999 0.0 0.0
C0G650 1995080204 24.8 -9999 0.0 0.0
C0G650 1995080205 24.4 -9999 0.0 0.0
C0G650 1995080206 24.7 -9999 0.0 0.0
C0G650 1995080207 24.3 -9999 0.2 0.0
C0G650 1995080208 24.2 -9999 0.0 0.5
C0G650 1995080209 24.0 -9999 0.0 1.0
C0G650 1995080210 23.7 -9999 0.0 1.5
C0G650 1995080211 23.7 -9999 0.0 2.0
C0G650 1995080212 24.1 -9999 0.4 2.0
C0G650 1995080213 23.9 -9999 0.8 1.5
C0G650 1995080214 24.7 -9999 0.0 1.0
C0G650 1995080215 24.8 -9999 0.9 1.5
C0G650 1995080216 -9997 -9999 -9997 -9996
C0G650 1995080217 -9997 -9999 -9997 -9996
C0G650 1995080218 -9997 -9999 -9997 -9996
C0G650 1995080219 -9997 -9999 -9997 -9996
C0G650 1995080220 -9997 -9999 -9997 -9996
C0G650 1995080221 -9997 -9999 -9997 -9996
C0G650 1995080222 -9997 -9999 -9997 -9996
C0G650 1995080223 -9997 -9999 -9997 -9996
C0G650 1995080224 -9997 -9999 -9997 -9996
C0G650 1995080301 -9997 -9999 -9997 -9996
C0G650 1995080302 -9997 -9999 -9997 -9996
C0G650 1995080303 -9997 -9999 -9997 -9996
C0G650 1995080304 -9997 -9999 -9997 -9996
C0G650 1995080305 -9997 -9999 -9997 -9996
C0G650 1995080306 -9997 -9999 -9997 -9996
C0G650 1995080307 -9997 -9999 -9997 -9996
C0G650 1995080308 -9997 -9999 -9997 -9996
C0G650 1995080309 -9997 -9999 -9997 -9996
C0G650 1995080310 30.7 -9999 0.0 -9996
C0G650 1995080311 31.0 -9999 0.3 -9996
C0G650 1995080312 31.2 -9999 0.2 -9996
C0G650 1995080313 32.2 -9999 0.0 4.0
C0G650 1995080314 31.4 -9999 0.1 -9996
C0G650 1995080315 30.5 -9999 0.4 -9996
C0G650 1995080316 30.2 -9999 1.0 -9996
C0G650 1995080317 -9997 -9999 -9997 0.5
C0G650 1995080318 24.6 -9999 0.1 2.0
C0G650 1995080319 24.6 -9999 1.7 0.0
C0G650 1995080320 25.0 -9999 0.0 0.0
C0G650 1995080321 25.3 -9999 0.0 0.0
C0G650 1995080322 25.5 -9999 0.0 0.0
C0G650 1995080323 26.2 -9999 0.2 0.0
C0G650 1995080324 25.8 -9999 0.0 0.0
C0G650 1995080401 25.5 -9999 0.0 0.0
C0G650 1995080402 25.2 -9999 0.0 0.0
C0G650 1995080403 24.9 -9999 0.0 0.0
C0G650 1995080404 24.5 -9999 0.0 0.0
C0G650 1995080405 24.0 -9999 0.0 0.0
C0G650 1995080406 23.9 -9999 0.0 0.0
C0G650 1995080407 26.3 -9999 0.0 0.0
C0G650 1995080408 29.5 -9999 0.0 0.0
C0G650 1995080409 31.1 -9999 0.0 0.0
C0G650 1995080410 32.4 -9999 0.3 0.0
C0G650 1995080411 33.4 -9999 0.2 0.0
C0G650 1995080412 34.4 -9999 0.8 0.0
C0G650 1995080413 33.5 -9999 1.2 0.0
C0G650 1995080414 32.3 -9999 1.6 0.0
C0G650 1995080415 31.2 -9999 0.6 0.0
C0G650 1995080416 30.6 -9999 0.3 0.0
C0G650 1995080417 29.7 -9999 0.1 0.0
C0G650 1995080418 28.9 -9999 0.5 0.0
C0G650 1995080419 25.4 -9999 2.1 0.0
C0G650 1995080420 24.7 -9999 0.0 0.5
C0G650 1995080421 24.3 -9999 0.0 0.0
C0G650 1995080422 24.5 -9999 0.4 0.0
C0G650 1995080423 24.6 -9999 0.0 0.0
C0G650 1995080424 24.1 -9999 0.0 0.0
C0G650 1995080501 24.0 -9999 0.0 0.0
C0G650 1995080502 24.3 -9999 0.2 0.0
C0G650 1995080503 24.4 -9999 0.0 0.0
C0G650 1995080504 24.4 -9999 0.0 0.0
C0G650 1995080505 24.4 -9999 0.0 0.0
C0G650 1995080506 25.2 -9999 0.1 0.0
C0G650 1995080507 26.4 -9999 0.0 0.0
C0G650 1995080508 28.1 -9999 0.1 0.0
C0G650 1995080509 29.1 -9999 0.4 0.0
C0G650 1995080510 30.3 -9999 0.4 0.0
C0G650 1995080511 32.0 -9999 0.6 0.0
C0G650 1995080512 32.4 -9999 0.7 0.0
C0G650 1995080513 30.6 -9999 1.2 0.0
C0G650 1995080514 30.3 -9999 0.6 0.0
C0G650 1995080515 30.6 -9999 1.0 0.0
C0G650 1995080516 28.8 -9999 1.2 0.0
C0G650 1995080517 27.2 -9999 0.0 0.0
C0G650 1995080518 26.9 -9999 0.2 0.0
C0G650 1995080519 26.8 -9999 0.4 0.0
C0G650 1995080520 26.3 -9999 0.2 0.0
C0G650 1995080521 26.2 -9999 0.5 0.0
C0G650 1995080522 -9997 -9999 -9997 0.0
C0G650 1995080523 25.1 -9999 -9997 0.0
C0G650 1995080524 24.9 -9999 0.0 0.0
C0G650 1995080601 24.9 -9999 0.0 0.0
C0G650 1995080602 24.9 -9999 0.0 0.0
C0G650 1995080603 24.7 -9999 0.0 0.0
C0G650 1995080604 24.7 -9999 0.0 0.0
C0G650 1995080605 24.9 -9999 0.0 0.0
C0G650 1995080606 24.3 -9999 0.0 0.0
C0G650 1995080607 25.3 -9999 0.0 0.0
C0G650 1995080608 27.2 -9999 0.0 0.0
C0G650 1995080609 28.8 -9999 0.8 0.0
C0G650 1995080610 30.6 -9999 1.4 0.0
C0G650 1995080611 31.1 -9999 0.4 0.0
C0G650 1995080612 32.0 -9999 1.4 0.0
C0G650 1995080613 32.2 -9999 0.0 0.0
C0G650 1995080614 31.3 -9999 0.5 0.0
C0G650 1995080615 30.6 -9999 0.2 0.0
C0G650 1995080616 32.1 -9999 0.2 0.0
C0G650 1995080617 31.9 -9999 0.4 0.0
C0G650 1995080618 29.9 -9999 0.1 0.0
C0G650 1995080619 28.4 -9999 0.3 0.0
C0G650 1995080620 28.1 -9999 0.0 0.0
C0G650 1995080621 27.3 -9999 0.0 0.0
C0G650 1995080622 27.1 -9999 0.0 0.0
C0G650 1995080623 26.5 -9999 0.0 0.0
C0G650 1995080624 25.9 -9999 0.1 0.0
C0G650 1995080701 26.5 -9999 0.0 0.0
C0G650 1995080702 26.4 -9999 0.2 0.0
C0G650 1995080703 26.0 -9999 0.0 0.0
C0G650 1995080704 26.0 -9999 0.3 0.0
C0G650 1995080705 25.4 -9999 0.0 0.0
C0G650 1995080706 25.6 -9999 0.0 0.0
C0G650 1995080707 26.7 -9999 0.0 0.0
C0G650 1995080708 28.2 -9999 0.2 0.0
C0G650 1995080709 29.9 -9999 0.1 0.0
C0G650 1995080710 30.6 -9999 0.1 0.0
C0G650 1995080711 32.0 -9999 0.6 0.0
C0G650 1995080712 33.0 -9999 0.1 0.0
C0G650 1995080713 32.6 -9999 0.0 0.0
C0G650 1995080714 33.0 -9999 0.8 0.0
C0G650 1995080715 33.3 -9999 0.4 0.0
C0G650 1995080716 32.2 -9999 0.4 0.0
C0G650 1995080717 30.7 -9999 0.9 0.0
C0G650 1995080718 29.5 -9999 0.6 0.0
C0G650 1995080719 28.4 -9999 0.1 -9996
C0G650 1995080720 27.8 -9999 0.1 -9996
C0G650 1995080721 26.9 -9999 0.0 -9996
C0G650 1995080722 26.2 -9999 0.0 -9996
C0G650 1995080723 25.8 -9999 0.0 -9996
C0G650 1995080724 25.6 -9999 0.0 -9996
C0G650 1995080801 25.4 -9999 0.0 0.0
C0G650 1995080802 25.3 -9999 0.0 0.0
C0G650 1995080803 24.8 -9999 0.0 0.0
C0G650 1995080804 24.5 -9999 0.0 0.0
C0G650 1995080805 24.7 -9999 0.0 0.0
C0G650 1995080806 25.5 -9999 0.4 0.0
C0G650 1995080807 26.9 -9999 0.4 0.0
C0G650 1995080808 28.6 -9999 1.0 0.0
C0G650 1995080809 30.0 -9999 1.6 0.0
C0G650 1995080810 31.3 -9999 1.1 0.0
C0G650 1995080811 32.4 -9999 0.7 0.0
C0G650 1995080812 32.0 -9999 1.9 0.0
C0G650 1995080813 32.4 -9999 0.5 0.0
C0G650 1995080814 32.1 -9999 1.3 0.0
C0G650 1995080815 31.3 -9999 1.9 0.0
C0G650 1995080816 31.5 -9999 1.1 0.0
C0G650 1995080817 31.7 -9999 0.7 0.0
C0G650 1995080818 29.7 -9999 0.6 0.0
C0G650 1995080819 28.8 -9999 0.0 0.0
C0G650 1995080820 28.3 -9999 0.4 0.0
C0G650 1995080821 27.7 -9999 0.0 0.0
C0G650 1995080822 27.0 -9999 0.0 0.0
C0G650 1995080823 26.4 -9999 0.0 0.0
C0G650 1995080824 26.5 -9999 0.0 0.0
C0G650 1995080901 25.6 -9999 0.0 0.0
C0G650 1995080902 25.4 -9999 -9997 0.0
C0G650 1995080903 25.8 -9999 0.0 0.0
C0G650 1995080904 25.5 -9999 0.0 0.0
C0G650 1995080905 25.6 -9999 0.0 0.0
C0G650 1995080906 26.3 -9999 0.0 0.0
C0G650 1995080907 27.0 -9999 0.0 0.0
C0G650 1995080908 28.9 -9999 1.1 0.0
C0G650 1995080909 30.3 -9999 0.9 0.0
C0G650 1995080910 31.5 -9999 0.7 0.0
C0G650 1995080911 32.6 -9999 1.6 0.0
C0G650 1995080912 33.0 -9999 1.2 0.0
C0G650 1995080913 32.6 -9999 1.3 0.0
C0G650 1995080914 32.1 -9999 1.3 0.0
C0G650 1995080915 32.1 -9999 0.7 0.0
C0G650 1995080916 31.8 -9999 0.7 0.0
C0G650 1995080917 30.2 -9999 1.1 0.0
C0G650 1995080918 29.3 -9999 0.2 0.0
C0G650 1995080919 28.9 -9999 0.1 0.0
C0G650 1995080920 28.3 -9999 0.1 0.0
C0G650 1995080921 28.1 -9999 0.0 0.0
C0G650 1995080922 27.7 -9999 0.0 0.0
C0G650 1995080923 27.4 -9999 0.0 0.0
C0G650 1995080924 27.0 -9999 0.0 0.0
C0G650 1995081001 26.9 -9999 0.0 0.0
C0G650 1995081002 27.2 -9999 0.0 0.0
C0G650 1995081003 27.3 -9999 0.1 0.0
C0G650 1995081004 27.0 -9999 0.1 0.0
C0G650 1995081005 26.5 -9999 0.0 0.0
C0G650 1995081006 26.0 -9999 0.0 0.0
C0G650 1995081007 26.8 -9999 0.0 0.0
C0G650 1995081008 28.2 -9999 0.0 0.0
C0G650 1995081009 29.7 -9999 0.1 0.0
C0G650 1995081010 31.1 -9999 0.1 0.0
C0G650 1995081011 33.8 -9999 0.5 0.0
C0G650 1995081012 33.6 -9999 0.6 0.0
C0G650 1995081013 33.1 -9999 1.2 0.0
C0G650 1995081014 33.0 -9999 0.1 0.0
C0G650 1995081015 33.3 -9999 0.5 0.0
C0G650 1995081016 32.4 -9999 0.8 0.0
C0G650 1995081017 32.0 -9999 0.6 -9996
C0G650 1995081018 28.7 -9999 2.5 1.0
C0G650 1995081019 27.5 -9999 0.4 0.5
C0G650 1995081020 27.1 -9999 0.0 -9996
C0G650 1995081021 26.7 -9999 0.0 -9996
C0G650 1995081022 26.1 -9999 0.0 -9996
C0G650 1995081023 26.4 -9999 0.0 -9996
C0G650 1995081024 25.8 -9999 0.0 -9996
C0G650 1995081101 25.4 -9999 0.0 0.0
C0G650 1995081102 25.0 -9999 0.0 0.0
C0G650 1995081103 25.6 -9999 0.0 0.0
C0G650 1995081104 25.2 -9999 0.0 0.0
C0G650 1995081105 25.0 -9999 0.0 0.0
C0G650 1995081106 25.4 -9999 0.2 0.0
C0G650 1995081107 26.5 -9999 1.2 0.0
C0G650 1995081108 28.8 -9999 2.0 0.0
C0G650 1995081109 30.8 -9999 1.6 0.0
C0G650 1995081110 33.2 -9999 0.5 0.0
C0G650 1995081111 33.0 -9999 1.1 0.0
C0G650 1995081112 33.6 -9999 1.1 0.0
C0G650 1995081113 33.1 -9999 1.4 0.0
C0G650 1995081114 32.5 -9999 1.3 0.0
C0G650 1995081115 -9997 -9999 -9997 0.0
C0G650 1995081116 32.2 -9999 1.1 0.0
C0G650 1995081117 31.1 -9999 0.6 0.0
C0G650 1995081118 30.0 -9999 0.1 0.0
C0G650 1995081119 29.1 -9999 0.4 0.0
C0G650 1995081120 28.4 -9999 0.0 0.0
C0G650 1995081121 28.0 -9999 0.0 0.0
C0G650 1995081122 27.6 -9999 0.0 0.0
C0G650 1995081123 27.4 -9999 0.0 0.0
C0G650 1995081124 26.3 -9999 0.0 0.0
C0G650 1995081201 25.9 -9999 0.0 0.0
C0G650 1995081202 25.8 -9999 0.0 0.0
C0G650 1995081203 25.5 -9999 0.0 0.0
C0G650 1995081204 25.0 -9999 0.0 0.0
C0G650 1995081205 25.2 -9999 0.0 0.0
C0G650 1995081206 25.0 -9999 0.0 0.0
C0G650 1995081207 26.3 -9999 1.1 0.0
C0G650 1995081208 27.9 -9999 0.7 0.0
C0G650 1995081209 29.2 -9999 0.0 0.0
C0G650 1995081210 31.0 -9999 0.2 0.0
C0G650 1995081211 33.1 -9999 0.9 0.0
C0G650 1995081212 32.4 -9999 0.1 0.0
C0G650 1995081213 33.6 -9999 0.4 0.0
C0G650 1995081214 33.7 -9999 0.6 0.0
C0G650 1995081215 27.7 -9999 0.3 0.0
C0G650 1995081216 27.9 -9999 0.2 0.0
C0G650 1995081217 25.7 -9999 1.6 1.0
C0G650 1995081218 25.6 -9999 1.1 1.5
C0G650 1995081219 25.5 -9999 0.1 0.0
C0G650 1995081220 25.6 -9999 -9997 0.0
C0G650 1995081221 25.1 -9999 0.0 0.0
C0G650 1995081222 25.0 -9999 0.0 0.0
C0G650 1995081223 25.0 -9999 0.0 0.0
C0G650 1995081224 25.0 -9999 0.0 0.0
C0G650 1995081301 25.8 -9999 0.0 0.0
C0G650 1995081302 25.9 -9999 0.0 0.0
C0G650 1995081303 25.8 -9999 0.0 0.0
C0G650 1995081304 25.4 -9999 0.1 0.0
C0G650 1995081305 25.1 -9999 0.0 0.0
C0G650 1995081306 24.5 -9999 0.0 0.0
C0G650 1995081307 25.7 -9999 0.0 0.0
C0G650 1995081308 28.4 -9999 0.3 0.0
C0G650 1995081309 29.8 -9999 0.3 0.0
C0G650 1995081310 30.9 -9999 0.8 0.0
C0G650 1995081311 31.8 -9999 0.6 0.0
C0G650 1995081312 32.3 -9999 0.7 0.0
C0G650 1995081313 32.1 -9999 0.5 0.0
C0G650 1995081314 25.9 -9999 0.4 -9996
C0G650 1995081315 27.6 -9999 1.0 -9996
C0G650 1995081316 28.2 -9999 1.1 -9996
C0G650 1995081317 25.7 -9999 0.0 1.0
C0G650 1995081318 25.7 -9999 1.4 -9996
C0G650 1995081319 25.4 -9999 0.1 -9996
C0G650 1995081320 25.2 -9999 0.0 -9996
C0G650 1995081321 25.3 -9999 0.0 -9996
C0G650 1995081322 25.0 -9999 0.0 0.5
C0G650 1995081323 24.6 -9999 0.0 0.0
C0G650 1995081324 24.7 -9999 0.0 0.0
C0G650 1995081401 24.5 -9999 0.0 0.0
C0G650 1995081402 24.8 -9999 0.0 0.0
C0G650 1995081403 -9997 -9999 -9997 0.0
C0G650 1995081404 -9997 -9999 -9997 0.0
C0G650 1995081405 -9997 -9999 -9997 0.0
C0G650 1995081406 -9997 -9999 -9997 0.0
C0G650 1995081407 -9997 -9999 -9997 0.0
C0G650 1995081408 -9997 -9999 -9997 0.0
C0G650 1995081409 -9997 -9999 -9997 0.0
C0G650 1995081410 -9997 -9999 -9997 0.0
C0G650 1995081411 -9997 -9999 -9997 0.0
C0G650 1995081412 -9997 -9999 -9997 0.0
C0G650 1995081413 -9997 -9999 -9997 0.0
C0G650 1995081414 -9997 -9999 -9997 0.0
C0G650 1995081415 -9997 -9999 -9997 0.0
C0G650 1995081416 -9997 -9999 -9997 0.0
C0G650 1995081417 -9997 -9999 -9997 0.0
C0G650 1995081418 28.9 -9999 0.1 0.0
C0G650 1995081419 27.6 -9999 0.2 0.0
C0G650 1995081420 26.4 -9999 0.0 0.0
C0G650 1995081421 26.1 -9999 0.0 0.0
C0G650 1995081422 26.0 -9999 0.2 0.0
C0G650 1995081423 25.5 -9999 0.0 0.0
C0G650 1995081424 25.5 -9999 0.0 0.0
C0G650 1995081501 25.6 -9999 0.0 0.0
C0G650 1995081502 25.3 -9999 0.0 0.0
C0G650 1995081503 25.4 -9999 0.0 0.0
C0G650 1995081504 25.6 -9999 0.0 0.0
C0G650 1995081505 25.2 -9999 0.0 0.0
C0G650 1995081506 25.4 -9999 0.1 0.0
C0G650 1995081507 27.0 -9999 1.6 0.0
C0G650 1995081508 28.8 -9999 0.4 0.0
C0G650 1995081509 30.2 -9999 1.3 0.0
C0G650 1995081510 31.3 -9999 2.1 0.0
C0G650 1995081511 31.4 -9999 1.9 0.0
C0G650 1995081512 31.4 -9999 2.8 0.0
C0G650 1995081513 31.8 -9999 3.2 0.0
C0G650 1995081514 31.8 -9999 1.9 -9996
C0G650 1995081515 32.3 -9999 1.4 -9996
C0G650 1995081516 29.2 -9999 1.5 -9996
C0G650 1995081517 23.9 -9999 1.1 6.5
C0G650 1995081518 24.3 -9999 1.5 2.5
C0G650 1995081519 24.6 -9999 0.0 -9996
C0G650 1995081520 24.2 -9999 0.3 -9996
C0G650 1995081521 24.8 -9999 0.0 -9996
C0G650 1995081522 24.8 -9999 0.0 -9996
C0G650 1995081523 23.9 -9999 0.0 -9996
C0G650 1995081524 23.3 -9999 0.1 -9996
C0G650 1995081601 22.9 -9999 0.0 0.0
C0G650 1995081602 23.3 -9999 0.0 0.0
C0G650 1995081603 23.2 -9999 0.0 0.0
C0G650 1995081604 22.7 -9999 0.0 0.0
C0G650 1995081605 -9997 -9999 -9997 0.0
C0G650 1995081606 22.8 -9999 0.0 0.0
C0G650 1995081607 24.4 -9999 0.1 0.0
C0G650 1995081608 27.5 -9999 0.0 0.0
C0G650 1995081609 29.5 -9999 0.5 0.0
C0G650 1995081610 30.4 -9999 0.8 0.0
C0G650 1995081611 31.7 -9999 0.4 0.0
C0G650 1995081612 31.6 -9999 0.2 0.0
C0G650 1995081613 -9997 -9999 -9997 0.0
C0G650 1995081614 31.6 -9999 0.5 0.0
C0G650 1995081615 30.8 -9999 1.8 0.0
C0G650 1995081616 28.7 -9999 1.8 0.0
C0G650 1995081617 27.7 -9999 -9997 0.0
C0G650 1995081618 26.6 -9999 0.2 0.0
C0G650 1995081619 25.9 -9999 0.0 0.0
C0G650 1995081620 25.5 -9999 0.0 0.0
C0G650 1995081621 25.4 -9999 0.1 0.0
C0G650 1995081622 25.1 -9999 0.0 0.0
C0G650 1995081623 25.2 -9999 1.1 0.0
C0G650 1995081624 25.1 -9999 0.0 0.0
C0G650 1995081701 25.0 -9999 0.0 0.0
C0G650 1995081702 25.2 -9999 0.0 0.0
C0G650 1995081703 25.2 -9999 0.0 0.0
C0G650 1995081704 24.8 -9999 0.0 0.0
C0G650 1995081705 24.5 -9999 0.0 0.0
C0G650 1995081706 24.0 -9999 0.0 0.0
C0G650 1995081707 25.4 -9999 0.0 0.0
C0G650 1995081708 27.8 -9999 0.0 0.0
C0G650 1995081709 29.7 -9999 0.3 0.0
C0G650 1995081710 30.3 -9999 0.1 0.0
C0G650 1995081711 32.4 -9999 0.7 0.0
C0G650 1995081712 32.2 -9999 0.5 0.0
C0G650 1995081713 32.9 -9999 0.2 0.0
C0G650 1995081714 33.0 -9999 0.8 0.0
C0G650 1995081715 31.8 -9999 1.4 0.0
C0G650 1995081716 32.1 -9999 0.8 -9996
C0G650 1995081717 31.0 -9999 0.3 -9996
C0G650 1995081718 29.9 -9999 0.3 -9996
C0G650 1995081719 28.9 -9999 0.1 -9996
C0G650 1995081720 26.9 -9999 0.2 -9996
C0G650 1995081721 25.9 -9999 0.1 0.5
C0G650 1995081722 26.0 -9999 0.2 0.0
C0G650 1995081723 24.9 -9999 0.0 0.0
C0G650 1995081724 24.2 -9999 0.0 0.0
C0G650 1995081801 24.1 -9999 0.0 0.0
C0G650 1995081802 23.7 -9999 0.0 0.0
C0G650 1995081803 23.4 -9999 0.0 0.0
C0G650 1995081804 23.0 -9999 0.0 0.0
C0G650 1995081805 23.0 -9999 0.0 0.0
C0G650 1995081806 23.0 -9999 0.0 0.0
C0G650 1995081807 24.6 -9999 0.0 0.0
C0G650 1995081808 27.3 -9999 0.7 0.0
C0G650 1995081809 29.0 -9999 0.9 0.0
C0G650 1995081810 31.1 -9999 0.1 0.0
C0G650 1995081811 31.5 -9999 1.7 0.0
C0G650 1995081812 31.4 -9999 0.6 0.0
C0G650 1995081813 32.7 -9999 0.5 0.0
C0G650 1995081814 32.4 -9999 0.8 0.0
C0G650 1995081815 33.0 -9999 0.4 0.0
C0G650 1995081816 31.8 -9999 0.9 0.0
C0G650 1995081817 30.6 -9999 0.7 0.0
C0G650 1995081818 29.3 -9999 0.5 0.0
C0G650 1995081819 28.4 -9999 0.0 0.0
C0G650 1995081820 28.0 -9999 0.0 0.0
C0G650 1995081821 27.3 -9999 0.0 0.0
C0G650 1995081822 27.1 -9999 0.0 0.0
C0G650 1995081823 26.7 -9999 0.0 0.0
C0G650 1995081824 26.4 -9999 0.0 0.0
C0G650 1995081901 26.1 -9999 0.0 0.0
C0G650 1995081902 26.2 -9999 0.0 0.0
C0G650 1995081903 26.4 -9999 0.1 0.0
C0G650 1995081904 26.4 -9999 0.0 0.0
C0G650 1995081905 26.3 -9999 0.0 0.0
C0G650 1995081906 26.2 -9999 0.0 0.0
C0G650 1995081907 26.9 -9999 0.0 0.0
C0G650 1995081908 28.0 -9999 0.0 0.0
C0G650 1995081909 29.9 -9999 0.0 0.0
C0G650 1995081910 30.9 -9999 0.7 0.0
C0G650 1995081911 32.0 -9999 0.1 0.0
C0G650 1995081912 32.1 -9999 0.1 0.0
C0G650 1995081913 32.4 -9999 0.2 0.0
C0G650 1995081914 33.0 -9999 0.8 0.0
C0G650 1995081915 32.3 -9999 0.8 0.0
C0G650 1995081916 31.1 -9999 2.2 0.0
C0G650 1995081917 31.3 -9999 0.4 0.0
C0G650 1995081918 30.2 -9999 0.6 0.0
C0G650 1995081919 29.3 -9999 0.2 0.0
C0G650 1995081920 27.9 -9999 0.1 0.0
C0G650 1995081921 27.5 -9999 0.0 0.0
C0G650 1995081922 27.2 -9999 0.0 0.0
C0G650 1995081923 26.8 -9999 0.0 0.0
C0G650 1995081924 26.4 -9999 0.1 0.0
C0G650 1995082001 26.1 -9999 0.0 0.0
C0G650 1995082002 25.7 -9999 0.0 0.0
C0G650 1995082003 25.6 -9999 0.0 0.0
C0G650 1995082004 25.5 -9999 0.0 0.0
C0G650 1995082005 25.4 -9999 0.0 0.0
C0G650 1995082006 25.6 -9999 0.0 0.0
C0G650 1995082007 26.7 -9999 0.0 0.0
C0G650 1995082008 28.4 -9999 0.0 0.0
C0G650 1995082009 29.1 -9999 0.1 0.0
C0G650 1995082010 30.0 -9999 0.9 0.0
C0G650 1995082011 31.8 -9999 0.4 0.0
C0G650 1995082012 32.5 -9999 0.5 0.0
C0G650 1995082013 33.3 -9999 1.1 0.0
C0G650 1995082014 33.4 -9999 0.5 0.0
C0G650 1995082015 34.0 -9999 0.3 0.0
C0G650 1995082016 34.2 -9999 0.0 0.0
C0G650 1995082017 32.5 -9999 0.2 0.0
C0G650 1995082018 30.9 -9999 0.3 0.0
C0G650 1995082019 30.0 -9999 0.0 0.0
C0G650 1995082020 29.4 -9999 0.0 0.0
C0G650 1995082021 28.8 -9999 0.0 0.0
C0G650 1995082022 27.8 -9999 1.2 0.0
C0G650 1995082023 27.5 -9999 0.0 0.0
C0G650 1995082024 26.6 -9999 0.0 0.0
C0G650 1995082101 26.8 -9999 0.0 0.0
C0G650 1995082102 27.1 -9999 1.4 0.0
C0G650 1995082103 27.1 -9999 0.1 0.0
C0G650 1995082104 26.2 -9999 0.0 0.0
C0G650 1995082105 25.8 -9999 0.0 0.0
C0G650 1995082106 25.4 -9999 0.0 0.0
C0G650 1995082107 26.6 -9999 0.0 0.0
C0G650 1995082108 28.7 -9999 0.0 0.0
C0G650 1995082109 30.6 -9999 0.2 0.0
C0G650 1995082110 32.1 -9999 0.6 0.0
C0G650 1995082111 33.3 -9999 0.9 0.0
C0G650 1995082112 32.7 -9999 0.9 0.0
C0G650 1995082113 32.9 -9999 0.9 0.0
C0G650 1995082114 32.8 -9999 1.0 0.0
C0G650 1995082115 32.4 -9999 0.4 0.0
C0G650 1995082116 32.3 -9999 1.2 0.0
C0G650 1995082117 32.0 -9999 0.7 0.0
C0G650 1995082118 30.7 -9999 2.0 0.0
C0G650 1995082119 29.6 -9999 0.0 0.0
C0G650 1995082120 29.1 -9999 0.0 0.0
C0G650 1995082121 28.4 -9999 0.0 0.0
C0G650 1995082122 28.1 -9999 0.0 0.5
C0G650 1995082123 28.1 -9999 0.0 -9996
C0G650 1995082124 25.2 -9999 0.0 1.5
C0G650 1995082201 25.6 -9999 0.0 0.0
C0G650 1995082202 25.9 -9999 0.0 0.0
C0G650 1995082203 26.1 -9999 0.0 0.0
C0G650 1995082204 26.0 -9999 0.0 0.0
C0G650 1995082205 25.7 -9999 0.0 0.0
C0G650 1995082206 26.0 -9999 0.0 0.0
C0G650 1995082207 26.8 -9999 0.0 0.0
C0G650 1995082208 27.7 -9999 0.1 0.0
C0G650 1995082209 29.7 -9999 1.3 0.0
C0G650 1995082210 30.8 -9999 0.1 0.0
C0G650 1995082211 32.5 -9999 0.7 0.0
C0G650 1995082212 32.5 -9999 0.2 0.0
C0G650 1995082213 32.8 -9999 0.0 0.0
C0G650 1995082214 32.7 -9999 0.6 0.0
C0G650 1995082215 32.3 -9999 0.9 0.0
C0G650 1995082216 31.6 -9999 0.6 0.0
C0G650 1995082217 30.5 -9999 1.3 0.0
C0G650 1995082218 29.8 -9999 0.3 0.0
C0G650 1995082219 29.0 -9999 0.6 0.0
C0G650 1995082220 28.0 -9999 0.0 0.0
C0G650 1995082221 27.3 -9999 0.0 0.0
C0G650 1995082222 26.9 -9999 0.0 0.0
C0G650 1995082223 26.9 -9999 0.0 0.0
C0G650 1995082224 26.9 -9999 0.0 0.0
C0G650 1995082301 26.8 -9999 0.0 0.0
C0G650 1995082302 26.4 -9999 0.0 0.0
C0G650 1995082303 26.4 -9999 0.0 0.0
C0G650 1995082304 26.4 -9999 0.0 0.0
C0G650 1995082305 26.2 -9999 0.0 0.0
C0G650 1995082306 25.7 -9999 0.0 0.0
C0G650 1995082307 26.5 -9999 0.0 0.0
C0G650 1995082308 28.8 -9999 0.0 0.0
C0G650 1995082309 29.5 -9999 0.3 0.0
C0G650 1995082310 31.2 -9999 0.1 0.0
C0G650 1995082311 30.5 -9999 0.4 0.0
C0G650 1995082312 31.2 -9999 1.0 0.0
C0G650 1995082313 32.8 -9999 0.5 0.0
C0G650 1995082314 33.2 -9999 0.6 0.0
C0G650 1995082315 32.5 -9999 -9997 0.0
C0G650 1995082316 31.5 -9999 0.2 0.0
C0G650 1995082317 31.3 -9999 0.5 0.0
C0G650 1995082318 29.8 -9999 0.1 0.0
C0G650 1995082319 28.7 -9999 0.2 0.0
C0G650 1995082320 -9997 -9999 -9997 0.0
C0G650 1995082321 27.8 -9999 0.0 0.0
C0G650 1995082322 27.4 -9999 0.0 0.0
C0G650 1995082323 27.0 -9999 0.0 0.0
C0G650 1995082324 26.4 -9999 0.0 0.0
C0G650 1995082401 26.5 -9999 0.0 0.0
C0G650 1995082402 26.6 -9999 0.0 0.0
C0G650 1995082403 26.3 -9999 0.0 0.0
C0G650 1995082404 26.0 -9999 0.0 0.0
C0G650 1995082405 26.0 -9999 0.0 0.0
C0G650 1995082406 25.9 -9999 0.0 0.0
C0G650 1995082407 26.7 -9999 0.0 0.0
C0G650 1995082408 27.6 -9999 0.0 0.0
C0G650 1995082409 28.9 -9999 0.1 0.0
C0G650 1995082410 28.7 -9999 0.8 0.0
C0G650 1995082411 29.4 -9999 0.0 0.0
C0G650 1995082412 28.8 -9999 0.0 0.0
C0G650 1995082413 28.6 -9999 1.0 0.0
C0G650 1995082414 28.9 -9999 1.1 0.0
C0G650 1995082415 27.6 -9999 1.2 0.0
C0G650 1995082416 28.0 -9999 1.2 0.0
C0G650 1995082417 28.4 -9999 1.6 0.0
C0G650 1995082418 28.2 -9999 1.2 0.0
C0G650 1995082419 27.6 -9999 0.8 0.0
C0G650 1995082420 26.9 -9999 1.8 0.0
C0G650 1995082421 26.9 -9999 0.7 0.0
C0G650 1995082422 27.0 -9999 1.7 0.0
C0G650 1995082423 27.0 -9999 0.6 0.0
C0G650 1995082424 26.6 -9999 1.2 0.0
C0G650 1995082501 27.2 -9999 1.3 0.0
C0G650 1995082502 26.7 -9999 1.1 0.0
C0G650 1995082503 26.3 -9999 0.4 0.0
C0G650 1995082504 26.1 -9999 0.6 0.0
C0G650 1995082505 26.5 -9999 0.0 0.0
C0G650 1995082506 26.4 -9999 1.0 0.0
C0G650 1995082507 26.4 -9999 0.6 0.0
C0G650 1995082508 27.6 -9999 0.0 0.0
C0G650 1995082509 28.3 -9999 0.9 0.0
C0G650 1995082510 29.7 -9999 0.8 0.0
C0G650 1995082511 29.5 -9999 2.3 0.0
C0G650 1995082512 30.3 -9999 0.4 -9996
C0G650 1995082513 31.3 -9999 0.3 -9996
C0G650 1995082514 31.2 -9999 0.4 -9996
C0G650 1995082515 28.8 -9999 0.2 1.0
C0G650 1995082516 26.0 -9999 0.0 14.5
C0G650 1995082517 26.3 -9999 0.6 0.5
C0G650 1995082518 25.4 -9999 0.0 -9996
C0G650 1995082519 25.9 -9999 0.0 0.5
C0G650 1995082520 26.5 -9999 0.0 0.5
C0G650 1995082521 26.3 -9999 0.0 0.0
C0G650 1995082522 26.4 -9999 0.0 0.0
C0G650 1995082523 26.4 -9999 0.0 0.0
C0G650 1995082524 25.9 -9999 0.0 0.0
C0G650 1995082601 26.0 -9999 0.0 0.0
C0G650 1995082602 25.8 -9999 0.0 0.0
C0G650 1995082603 26.2 -9999 0.3 0.0
C0G650 1995082604 26.2 -9999 0.0 0.0
C0G650 1995082605 26.4 -9999 0.1 0.0
C0G650 1995082606 26.2 -9999 0.0 0.0
C0G650 1995082607 27.3 -9999 0.3 0.0
C0G650 1995082608 28.4 -9999 0.5 0.0
C0G650 1995082609 30.1 -9999 2.0 0.0
C0G650 1995082610 31.4 -9999 2.0 0.0
C0G650 1995082611 31.0 -9999 2.1 0.0
C0G650 1995082612 32.2 -9999 2.0 0.0
C0G650 1995082613 33.4 -9999 1.0 0.0
C0G650 1995082614 32.0 -9999 0.8 0.0
C0G650 1995082615 30.1 -9999 1.7 0.0
C0G650 1995082616 28.8 -9999 0.0 1.5
C0G650 1995082617 25.7 -9999 2.4 0.5
C0G650 1995082618 24.5 -9999 0.0 2.0
C0G650 1995082619 24.5 -9999 0.3 1.0
C0G650 1995082620 24.9 -9999 0.6 1.0
C0G650 1995082621 25.1 -9999 0.5 0.0
C0G650 1995082622 25.3 -9999 0.0 0.0
C0G650 1995082623 24.7 -9999 0.0 0.0
C0G650 1995082624 24.3 -9999 0.1 0.0
C0G650 1995082701 24.0 -9999 0.0 0.0
C0G650 1995082702 23.8 -9999 0.0 0.0
C0G650 1995082703 24.0 -9999 0.0 0.0
C0G650 1995082704 23.8 -9999 0.0 0.0
C0G650 1995082705 23.8 -9999 0.0 0.0
C0G650 1995082706 23.8 -9999 0.0 0.0
C0G650 1995082707 24.9 -9999 0.0 0.0
C0G650 1995082708 27.8 -9999 1.5 0.0
C0G650 1995082709 29.2 -9999 0.9 0.0
C0G650 1995082710 30.9 -9999 0.8 0.0
C0G650 1995082711 32.2 -9999 1.6 0.0
C0G650 1995082712 32.6 -9999 2.8 0.0
C0G650 1995082713 32.3 -9999 1.6 0.0
C0G650 1995082714 33.0 -9999 1.7 0.0
C0G650 1995082715 32.3 -9999 0.7 0.0
C0G650 1995082716 32.3 -9999 1.0 0.0
C0G650 1995082717 31.5 -9999 0.9 0.0
C0G650 1995082718 30.2 -9999 0.1 0.0
C0G650 1995082719 29.5 -9999 0.1 0.0
C0G650 1995082720 28.9 -9999 0.0 0.0
C0G650 1995082721 27.9 -9999 0.0 0.0
C0G650 1995082722 27.2 -9999 0.0 0.0
C0G650 1995082723 27.1 -9999 0.0 0.0
C0G650 1995082724 26.8 -9999 0.0 0.0
C0G650 1995082801 26.9 -9999 0.0 0.0
C0G650 1995082802 26.9 -9999 0.0 0.0
C0G650 1995082803 26.7 -9999 0.4 0.0
C0G650 1995082804 26.6 -9999 0.0 0.0
C0G650 1995082805 26.2 -9999 0.0 0.0
C0G650 1995082806 26.3 -9999 0.0 0.0
C0G650 1995082807 26.7 -9999 0.0 0.0
C0G650 1995082808 28.0 -9999 0.0 0.0
C0G650 1995082809 29.6 -9999 0.0 0.0
C0G650 1995082810 30.4 -9999 0.6 0.0
C0G650 1995082811 31.1 -9999 0.2 0.0
C0G650 1995082812 32.3 -9999 0.5 0.0
C0G650 1995082813 32.6 -9999 0.3 0.0
C0G650 1995082814 32.7 -9999 0.8 0.0
C0G650 1995082815 33.2 -9999 0.6 0.0
C0G650 1995082816 32.0 -9999 0.5 0.0
C0G650 1995082817 30.7 -9999 0.9 0.0
C0G650 1995082818 29.9 -9999 0.5 0.0
C0G650 1995082819 29.0 -9999 0.3 0.0
C0G650 1995082820 28.4 -9999 0.0 0.0
C0G650 1995082821 27.7 -9999 0.1 0.0
C0G650 1995082822 27.2 -9999 0.0 0.0
C0G650 1995082823 27.1 -9999 0.0 0.0
C0G650 1995082824 26.9 -9999 0.0 0.0
C0G650 1995082901 27.1 -9999 0.0 0.0
C0G650 1995082902 27.0 -9999 1.7 0.0
C0G650 1995082903 26.7 -9999 0.0 0.0
C0G650 1995082904 26.3 -9999 0.0 0.0
C0G650 1995082905 25.7 -9999 0.0 0.0
C0G650 1995082906 -9997 -9999 0.0 0.0
C0G650 1995082907 27.0 -9999 0.1 0.0
C0G650 1995082908 29.2 -9999 0.4 0.0
C0G650 1995082909 30.7 -9999 0.3 0.0
C0G650 1995082910 32.3 -9999 0.6 0.0
C0G650 1995082911 33.1 -9999 0.0 0.0
C0G650 1995082912 32.8 -9999 0.2 0.0
C0G650 1995082913 32.0 -9999 1.4 0.0
C0G650 1995082914 32.5 -9999 2.0 0.0
C0G650 1995082915 -9997 -9999 2.0 0.0
C0G650 1995082916 31.5 -9999 1.6 0.0
C0G650 1995082917 30.4 -9999 0.2 0.0
C0G650 1995082918 29.4 -9999 0.0 0.0
C0G650 1995082919 28.6 -9999 1.4 0.0
C0G650 1995082920 27.8 -9999 0.1 0.0
C0G650 1995082921 27.5 -9999 -9997 0.0
C0G650 1995082922 27.4 -9999 0.0 0.0
C0G650 1995082923 27.4 -9999 0.1 0.0
C0G650 1995082924 26.9 -9999 0.0 0.0
C0G650 1995083001 26.7 -9999 0.0 0.0
C0G650 1995083002 26.4 -9999 0.0 0.0
C0G650 1995083003 26.8 -9999 0.0 0.0
C0G650 1995083004 26.6 -9999 0.0 0.0
C0G650 1995083005 26.2 -9999 0.0 0.0
C0G650 1995083006 25.5 -9999 0.0 0.0
C0G650 1995083007 26.4 -9999 0.0 0.0
C0G650 1995083008 27.7 -9999 0.0 0.0
C0G650 1995083009 28.8 -9999 0.7 0.0
C0G650 1995083010 29.8 -9999 1.1 0.0
C0G650 1995083011 29.7 -9999 1.2 0.0
C0G650 1995083012 30.5 -9999 0.1 0.0
C0G650 1995083013 30.6 -9999 0.0 0.0
C0G650 1995083014 30.2 -9999 0.1 0.0
C0G650 1995083015 30.0 -9999 0.0 0.0
C0G650 1995083016 28.7 -9999 1.9 0.0
C0G650 1995083017 28.3 -9999 0.0 0.0
C0G650 1995083018 27.9 -9999 0.0 0.0
C0G650 1995083019 27.7 -9999 0.4 0.0
C0G650 1995083020 27.2 -9999 0.9 0.0
C0G650 1995083021 27.0 -9999 0.4 0.0
C0G650 1995083022 26.4 -9999 0.1 0.0
C0G650 1995083023 26.4 -9999 0.2 0.0
C0G650 1995083024 26.6 -9999 0.1 0.0
C0G650 1995083101 27.0 -9999 1.6 0.0
C0G650 1995083102 26.8 -9999 1.5 0.0
C0G650 1995083103 26.6 -9999 0.4 0.0
C0G650 1995083104 26.6 -9999 0.0 0.0
C0G650 1995083105 26.2 -9999 0.0 0.0
C0G650 1995083106 26.1 -9999 0.0 0.0
C0G650 1995083107 26.4 -9999 0.0 0.0
C0G650 1995083108 28.4 -9999 0.4 0.0
C0G650 1995083109 29.2 -9999 0.7 0.0
C0G650 1995083110 30.4 -9999 0.7 0.0
C0G650 1995083111 31.2 -9999 0.0 0.0
C0G650 1995083112 32.1 -9999 0.3 0.0
C0G650 1995083113 32.3 -9999 0.5 0.0
C0G650 1995083114 32.5 -9999 0.3 0.0
C0G650 1995083115 31.6 -9999 0.3 0.0
C0G650 1995083116 28.1 -9999 0.2 12.0
C0G650 1995083117 27.4 -9999 0.0 2.0
C0G650 1995083118 27.4 -9999 0.5 0.0
C0G650 1995083119 27.3 -9999 0.0 0.0
C0G650 1995083120 27.0 -9999 0.0 0.0
C0G650 1995083121 26.5 -9999 0.0 0.0
C0G650 1995083122 26.0 -9999 0.0 0.0
C0G650 1995083123 25.9 -9999 0.0 0.0
C0G650 1995083124 25.7 -9999 0.0 0.0
C0G660 1995080101 -9999 -9999 -9999 0.0
C0G660 1995080102 -9999 -9999 -9999 0.0
C0G660 1995080103 -9999 -9999 -9999 0.0
C0G660 1995080104 -9999 -9999 -9999 0.0
C0G660 1995080105 -9999 -9999 -9999 0.0
C0G660 1995080106 -9999 -9999 -9999 0.0
C0G660 1995080107 -9999 -9999 -9999 0.0
C0G660 1995080108 -9999 -9999 -9999 0.0
C0G660 1995080109 -9999 -9999 -9999 0.0
C0G660 1995080110 -9999 -9999 -9999 0.0
C0G660 1995080111 -9999 -9999 -9999 0.0
C0G660 1995080112 -9999 -9999 -9999 0.0
C0G660 1995080113 -9999 -9999 -9999 0.0
C0G660 1995080114 -9999 -9999 -9999 0.0
C0G660 1995080115 -9999 -9999 -9999 0.0
C0G660 1995080116 -9999 -9999 -9999 0.0
C0G660 1995080117 -9999 -9999 -9999 0.5
C0G660 1995080118 -9999 -9999 -9999 -9996
C0G660 1995080119 -9999 -9999 -9999 0.5
C0G660 1995080120 -9999 -9999 -9999 -9996
C0G660 1995080121 -9999 -9999 -9999 -9996
C0G660 1995080122 -9999 -9999 -9999 -9996
C0G660 1995080123 -9999 -9999 -9999 -9996
C0G660 1995080124 -9999 -9999 -9999 -9996
C0G660 1995080201 -9999 -9999 -9999 0.0
C0G660 1995080202 -9999 -9999 -9999 0.0
C0G660 1995080203 -9999 -9999 -9999 0.0
C0G660 1995080204 -9999 -9999 -9999 0.0
C0G660 1995080205 -9999 -9999 -9999 0.0
C0G660 1995080206 -9999 -9999 -9999 0.0
C0G660 1995080207 -9999 -9999 -9999 0.0
C0G660 1995080208 -9999 -9999 -9999 0.5
C0G660 1995080209 -9999 -9999 -9999 1.5
C0G660 1995080210 -9999 -9999 -9999 3.5
C0G660 1995080211 -9999 -9999 -9999 2.5
C0G660 1995080212 -9999 -9999 -9999 2.5
C0G660 1995080213 -9999 -9999 -9999 2.5
C0G660 1995080214 -9999 -9999 -9999 1.0
C0G660 1995080215 -9999 -9999 -9999 0.5
C0G660 1995080216 -9999 -9999 -9999 -9996
C0G660 1995080217 -9999 -9999 -9999 -9996
C0G660 1995080218 -9999 -9999 -9999 -9996
C0G660 1995080219 -9999 -9999 -9999 -9996
C0G660 1995080220 -9999 -9999 -9999 -9996
C0G660 1995080221 -9999 -9999 -9999 -9996
C0G660 1995080222 -9999 -9999 -9999 -9996
C0G660 1995080223 -9999 -9999 -9999 -9996
C0G660 1995080224 -9999 -9999 -9999 -9996
C0G660 1995080301 -9999 -9999 -9999 -9996
C0G660 1995080302 -9999 -9999 -9999 -9996
C0G660 1995080303 -9999 -9999 -9999 -9996
C0G660 1995080304 -9999 -9999 -9999 -9996
C0G660 1995080305 -9999 -9999 -9999 -9996
C0G660 1995080306 -9999 -9999 -9999 -9996
C0G660 1995080307 -9999 -9999 -9999 -9996
C0G660 1995080308 -9999 -9999 -9999 -9996
C0G660 1995080309 -9999 -9999 -9999 -9996
C0G660 1995080310 -9999 -9999 -9999 -9996
C0G660 1995080311 -9999 -9999 -9999 -9996
C0G660 1995080312 -9999 -9999 -9999 -9996
C0G660 1995080313 -9999 -9999 -9999 3.0
C0G660 1995080314 -9999 -9999 -9999 -9996
C0G660 1995080315 -9999 -9999 -9999 -9996
C0G660 1995080316 -9999 -9999 -9999 10.0
C0G660 1995080317 -9999 -9999 -9999 39.5
C0G660 1995080318 -9999 -9999 -9999 0.5
C0G660 1995080319 -9999 -9999 -9999 0.0
C0G660 1995080320 -9999 -9999 -9999 0.0
C0G660 1995080321 -9999 -9999 -9999 0.0
C0G660 1995080322 -9999 -9999 -9999 0.0
C0G660 1995080323 -9999 -9999 -9999 0.0
C0G660 1995080324 -9999 -9999 -9999 0.0
C0G660 1995080401 -9999 -9999 -9999 0.0
C0G660 1995080402 -9999 -9999 -9999 0.0
C0G660 1995080403 -9999 -9999 -9999 0.0
C0G660 1995080404 -9999 -9999 -9999 0.0
C0G660 1995080405 -9999 -9999 -9999 0.0
C0G660 1995080406 -9999 -9999 -9999 0.0
C0G660 1995080407 -9999 -9999 -9999 0.0
C0G660 1995080408 -9999 -9999 -9999 0.0
C0G660 1995080409 -9999 -9999 -9999 0.0
C0G660 1995080410 -9999 -9999 -9999 0.0
C0G660 1995080411 -9999 -9999 -9999 0.0
C0G660 1995080412 -9999 -9999 -9999 0.0
C0G660 1995080413 -9999 -9999 -9999 0.0
C0G660 1995080414 -9999 -9999 -9999 0.0
C0G660 1995080415 -9999 -9999 -9999 0.0
C0G660 1995080416 -9999 -9999 -9999 0.0
C0G660 1995080417 -9999 -9999 -9999 0.0
C0G660 1995080418 -9999 -9999 -9999 0.0
C0G660 1995080419 -9999 -9999 -9999 0.0
C0G660 1995080420 -9999 -9999 -9999 -9996
C0G660 1995080421 -9999 -9999 -9999 2.0
C0G660 1995080422 -9999 -9999 -9999 0.0
C0G660 1995080423 -9999 -9999 -9999 0.0
C0G660 1995080424 -9999 -9999 -9999 0.0
C0G660 1995080501 -9999 -9999 -9999 0.0
C0G660 1995080502 -9999 -9999 -9999 0.0
C0G660 1995080503 -9999 -9999 -9999 0.0
C0G660 1995080504 -9999 -9999 -9999 0.0
C0G660 1995080505 -9999 -9999 -9999 0.0
C0G660 1995080506 -9999 -9999 -9999 0.0
C0G660 1995080507 -9999 -9999 -9999 0.0
C0G660 1995080508 -9999 -9999 -9999 0.0
C0G660 1995080509 -9999 -9999 -9999 0.0
C0G660 1995080510 -9999 -9999 -9999 0.0
C0G660 1995080511 -9999 -9999 -9999 0.0
C0G660 1995080512 -9999 -9999 -9999 0.0
C0G660 1995080513 -9999 -9999 -9999 0.0
C0G660 1995080514 -9999 -9999 -9999 0.0
C0G660 1995080515 -9999 -9999 -9999 0.0
C0G660 1995080516 -9999 -9999 -9999 0.0
C0G660 1995080517 -9999 -9999 -9999 0.0
C0G660 1995080518 -9999 -9999 -9999 0.0
C0G660 1995080519 -9999 -9999 -9999 0.0
C0G660 1995080520 -9999 -9999 -9999 0.0
C0G660 1995080521 -9999 -9999 -9999 0.0
C0G660 1995080522 -9999 -9999 -9999 0.0
C0G660 1995080523 -9999 -9999 -9999 0.0
C0G660 1995080524 -9999 -9999 -9999 0.0
C0G660 1995080601 -9999 -9999 -9999 0.0
C0G660 1995080602 -9999 -9999 -9999 0.0
C0G660 1995080603 -9999 -9999 -9999 0.0
C0G660 1995080604 -9999 -9999 -9999 0.0
C0G660 1995080605 -9999 -9999 -9999 0.0
C0G660 1995080606 -9999 -9999 -9999 0.0
C0G660 1995080607 -9999 -9999 -9999 0.0
C0G660 1995080608 -9999 -9999 -9999 0.0
C0G660 1995080609 -9999 -9999 -9999 0.0
C0G660 1995080610 -9999 -9999 -9999 0.0
C0G660 1995080611 -9999 -9999 -9999 0.0
C0G660 1995080612 -9999 -9999 -9999 0.0
C0G660 1995080613 -9999 -9999 -9999 0.0
C0G660 1995080614 -9999 -9999 -9999 0.0
C0G660 1995080615 -9999 -9999 -9999 0.0
C0G660 1995080616 -9999 -9999 -9999 0.0
C0G660 1995080617 -9999 -9999 -9999 0.0
C0G660 1995080618 -9999 -9999 -9999 0.0
C0G660 1995080619 -9999 -9999 -9999 0.0
C0G660 1995080620 -9999 -9999 -9999 0.0
C0G660 1995080621 -9999 -9999 -9999 0.0
C0G660 1995080622 -9999 -9999 -9999 0.0
C0G660 1995080623 -9999 -9999 -9999 0.0
C0G660 1995080624 -9999 -9999 -9999 0.0
C0G660 1995080701 -9999 -9999 -9999 0.0
C0G660 1995080702 -9999 -9999 -9999 0.0
C0G660 1995080703 -9999 -9999 -9999 0.0
C0G660 1995080704 -9999 -9999 -9999 0.0
C0G660 1995080705 -9999 -9999 -9999 0.0
C0G660 1995080706 -9999 -9999 -9999 0.0
C0G660 1995080707 -9999 -9999 -9999 0.0
C0G660 1995080708 -9999 -9999 -9999 0.0
C0G660 1995080709 -9999 -9999 -9999 0.0
C0G660 1995080710 -9999 -9999 -9999 0.0
C0G660 1995080711 -9999 -9999 -9999 0.0
C0G660 1995080712 -9999 -9999 -9999 0.0
C0G660 1995080713 -9999 -9999 -9999 0.0
C0G660 1995080714 -9999 -9999 -9999 0.0
C0G660 1995080715 -9999 -9999 -9999 0.0
C0G660 1995080716 -9999 -9999 -9999 0.0
C0G660 1995080717 -9999 -9999 -9999 0.0
C0G660 1995080718 -9999 -9999 -9999 0.0
C0G660 1995080719 -9999 -9999 -9999 0.0
C0G660 1995080720 -9999 -9999 -9999 0.0
C0G660 1995080721 -9999 -9999 -9999 0.0
C0G660 1995080722 -9999 -9999 -9999 0.0
C0G660 1995080723 -9999 -9999 -9999 0.0
C0G660 1995080724 -9999 -9999 -9999 0.0
C0G660 1995080801 -9999 -9999 -9999 0.0
C0G660 1995080802 -9999 -9999 -9999 0.0
C0G660 1995080803 -9999 -9999 -9999 0.0
C0G660 1995080804 -9999 -9999 -9999 0.0
C0G660 1995080805 -9999 -9999 -9999 0.0
C0G660 1995080806 -9999 -9999 -9999 0.0
C0G660 1995080807 -9999 -9999 -9999 0.0
C0G660 1995080808 -9999 -9999 -9999 0.0
C0G660 1995080809 -9999 -9999 -9999 0.0
C0G660 1995080810 -9999 -9999 -9999 0.0
C0G660 1995080811 -9999 -9999 -9999 0.0
C0G660 1995080812 -9999 -9999 -9999 0.0
C0G660 1995080813 -9999 -9999 -9999 0.0
C0G660 1995080814 -9999 -9999 -9999 0.0
C0G660 1995080815 -9999 -9999 -9999 0.0
C0G660 1995080816 -9999 -9999 -9999 0.0
C0G660 1995080817 -9999 -9999 -9999 0.0
C0G660 1995080818 -9999 -9999 -9999 0.0
C0G660 1995080819 -9999 -9999 -9999 0.0
C0G660 1995080820 -9999 -9999 -9999 -9996
C0G660 1995080821 -9999 -9999 -9999 -9996
C0G660 1995080822 -9999 -9999 -9999 -9996
C0G660 1995080823 -9999 -9999 -9999 -9996
C0G660 1995080824 -9999 -9999 -9999 -9996
C0G660 1995080901 -9999 -9999 -9999 0.0
C0G660 1995080902 -9999 -9999 -9999 0.0
C0G660 1995080903 -9999 -9999 -9999 0.0
C0G660 1995080904 -9999 -9999 -9999 0.0
C0G660 1995080905 -9999 -9999 -9999 0.0
C0G660 1995080906 -9999 -9999 -9999 0.0
C0G660 1995080907 -9999 -9999 -9999 0.0
C0G660 1995080908 -9999 -9999 -9999 0.0
C0G660 1995080909 -9999 -9999 -9999 0.0
C0G660 1995080910 -9999 -9999 -9999 0.0
C0G660 1995080911 -9999 -9999 -9999 0.0
C0G660 1995080912 -9999 -9999 -9999 0.0
C0G660 1995080913 -9999 -9999 -9999 0.0
C0G660 1995080914 -9999 -9999 -9999 0.0
C0G660 1995080915 -9999 -9999 -9999 0.0
C0G660 1995080916 -9999 -9999 -9999 0.0
C0G660 1995080917 -9999 -9999 -9999 0.0
C0G660 1995080918 -9999 -9999 -9999 0.0
C0G660 1995080919 -9999 -9999 -9999 0.0
C0G660 1995080920 -9999 -9999 -9999 0.0
C0G660 1995080921 -9999 -9999 -9999 0.0
C0G660 1995080922 -9999 -9999 -9999 0.0
C0G660 1995080923 -9999 -9999 -9999 0.0
C0G660 1995080924 -9999 -9999 -9999 0.0
C0G660 1995081001 -9999 -9999 -9999 0.0
C0G660 1995081002 -9999 -9999 -9999 0.0
C0G660 1995081003 -9999 -9999 -9999 0.0
C0G660 1995081004 -9999 -9999 -9999 0.0
C0G660 1995081005 -9999 -9999 -9999 0.0
C0G660 1995081006 -9999 -9999 -9999 0.0
C0G660 1995081007 -9999 -9999 -9999 0.0
C0G660 1995081008 -9999 -9999 -9999 0.0
C0G660 1995081009 -9999 -9999 -9999 0.0
C0G660 1995081010 -9999 -9999 -9999 0.0
C0G660 1995081011 -9999 -9999 -9999 0.0
C0G660 1995081012 -9999 -9999 -9999 0.0
C0G660 1995081013 -9999 -9999 -9999 0.0
C0G660 1995081014 -9999 -9999 -9999 0.0
C0G660 1995081015 -9999 -9999 -9999 0.0
C0G660 1995081016 -9999 -9999 -9999 0.0
C0G660 1995081017 -9999 -9999 -9999 0.0
C0G660 1995081018 -9999 -9999 -9999 0.0
C0G660 1995081019 -9999 -9999 -9999 0.0
C0G660 1995081020 -9999 -9999 -9999 0.0
C0G660 1995081021 -9999 -9999 -9999 0.0
C0G660 1995081022 -9999 -9999 -9999 0.0
C0G660 1995081023 -9999 -9999 -9999 0.0
C0G660 1995081024 -9999 -9999 -9999 0.0
C0G660 1995081101 -9999 -9999 -9999 0.0
C0G660 1995081102 -9999 -9999 -9999 0.0
C0G660 1995081103 -9999 -9999 -9999 0.0
C0G660 1995081104 -9999 -9999 -9999 0.0
C0G660 1995081105 -9999 -9999 -9999 0.0
C0G660 1995081106 -9999 -9999 -9999 0.0
C0G660 1995081107 -9999 -9999 -9999 0.0
C0G660 1995081108 -9999 -9999 -9999 0.0
C0G660 1995081109 -9999 -9999 -9999 0.0
C0G660 1995081110 -9999 -9999 -9999 0.0
C0G660 1995081111 -9999 -9999 -9999 0.0
C0G660 1995081112 -9999 -9999 -9999 0.0
C0G660 1995081113 -9999 -9999 -9999 0.0
C0G660 1995081114 -9999 -9999 -9999 0.0
C0G660 1995081115 -9999 -9999 -9999 0.0
C0G660 1995081116 -9999 -9999 -9999 0.0
C0G660 1995081117 -9999 -9999 -9999 0.0
C0G660 1995081118 -9999 -9999 -9999 0.0
C0G660 1995081119 -9999 -9999 -9999 0.0
C0G660 1995081120 -9999 -9999 -9999 0.0
C0G660 1995081121 -9999 -9999 -9999 0.0
C0G660 1995081122 -9999 -9999 -9999 0.0
C0G660 1995081123 -9999 -9999 -9999 0.0
C0G660 1995081124 -9999 -9999 -9999 0.0
C0G660 1995081201 -9999 -9999 -9999 0.0
C0G660 1995081202 -9999 -9999 -9999 0.0
C0G660 1995081203 -9999 -9999 -9999 0.0
C0G660 1995081204 -9999 -9999 -9999 0.0
C0G660 1995081205 -9999 -9999 -9999 0.0
C0G660 1995081206 -9999 -9999 -9999 0.0
C0G660 1995081207 -9999 -9999 -9999 0.0
C0G660 1995081208 -9999 -9999 -9999 0.0
C0G660 1995081209 -9999 -9999 -9999 0.0
C0G660 1995081210 -9999 -9999 -9999 0.0
C0G660 1995081211 -9999 -9999 -9999 0.0
C0G660 1995081212 -9999 -9999 -9999 0.0
C0G660 1995081213 -9999 -9999 -9999 0.0
C0G660 1995081214 -9999 -9999 -9999 0.0
C0G660 1995081215 -9999 -9999 -9999 0.0
C0G660 1995081216 -9999 -9999 -9999 0.0
C0G660 1995081217 -9999 -9999 -9999 1.0
C0G660 1995081218 -9999 -9999 -9999 0.5
C0G660 1995081219 -9999 -9999 -9999 0.5
C0G660 1995081220 -9999 -9999 -9999 -9996
C0G660 1995081221 -9999 -9999 -9999 -9996
C0G660 1995081222 -9999 -9999 -9999 -9996
C0G660 1995081223 -9999 -9999 -9999 -9996
C0G660 1995081224 -9999 -9999 -9999 -9996
C0G660 1995081301 -9999 -9999 -9999 0.0
C0G660 1995081302 -9999 -9999 -9999 0.0
C0G660 1995081303 -9999 -9999 -9999 0.0
C0G660 1995081304 -9999 -9999 -9999 0.0
C0G660 1995081305 -9999 -9999 -9999 0.0
C0G660 1995081306 -9999 -9999 -9999 0.0
C0G660 1995081307 -9999 -9999 -9999 0.0
C0G660 1995081308 -9999 -9999 -9999 -9996
C0G660 1995081309 -9999 -9999 -9999 -9996
C0G660 1995081310 -9999 -9999 -9999 -9996
C0G660 1995081311 -9999 -9999 -9999 -9996
C0G660 1995081312 -9999 -9999 -9999 -9996
C0G660 1995081313 -9999 -9999 -9999 -9996
C0G660 1995081314 -9999 -9999 -9999 12.5
C0G660 1995081315 -9999 -9999 -9999 0.5
C0G660 1995081316 -9999 -9999 -9999 -9996
C0G660 1995081317 -9999 -9999 -9999 1.5
C0G660 1995081318 -9999 -9999 -9999 -9996
C0G660 1995081319 -9999 -9999 -9999 -9996
C0G660 1995081320 -9999 -9999 -9999 0.5
C0G660 1995081321 -9999 -9999 -9999 0.5
C0G660 1995081322 -9999 -9999 -9999 0.0
C0G660 1995081323 -9999 -9999 -9999 0.0
C0G660 1995081324 -9999 -9999 -9999 0.0
C0G660 1995081401 -9999 -9999 -9999 0.0
C0G660 1995081402 -9999 -9999 -9999 0.0
C0G660 1995081403 -9999 -9999 -9999 0.0
C0G660 1995081404 -9999 -9999 -9999 0.0
C0G660 1995081405 -9999 -9999 -9999 0.0
C0G660 1995081406 -9999 -9999 -9999 0.0
C0G660 1995081407 -9999 -9999 -9999 0.0
C0G660 1995081408 -9999 -9999 -9999 0.0
C0G660 1995081409 -9999 -9999 -9999 0.0
C0G660 1995081410 -9999 -9999 -9999 0.0
C0G660 1995081411 -9999 -9999 -9999 0.0
C0G660 1995081412 -9999 -9999 -9999 0.0
C0G660 1995081413 -9999 -9999 -9999 0.0
C0G660 1995081414 -9999 -9999 -9999 0.0
C0G660 1995081415 -9999 -9999 -9999 0.0
C0G660 1995081416 -9999 -9999 -9999 0.0
C0G660 1995081417 -9999 -9999 -9999 0.0
C0G660 1995081418 -9999 -9999 -9999 0.0
C0G660 1995081419 -9999 -9999 -9999 0.0
C0G660 1995081420 -9999 -9999 -9999 0.0
C0G660 1995081421 -9999 -9999 -9999 0.0
C0G660 1995081422 -9999 -9999 -9999 0.0
C0G660 1995081423 -9999 -9999 -9999 0.0
C0G660 1995081424 -9999 -9999 -9999 0.0
C0G660 1995081501 -9999 -9999 -9999 0.0
C0G660 1995081502 -9999 -9999 -9999 0.0
C0G660 1995081503 -9999 -9999 -9999 0.0
C0G660 1995081504 -9999 -9999 -9999 0.0
C0G660 1995081505 -9999 -9999 -9999 0.0
C0G660 1995081506 -9999 -9999 -9999 0.0
C0G660 1995081507 -9999 -9999 -9999 0.0
C0G660 1995081508 -9999 -9999 -9999 0.0
C0G660 1995081509 -9999 -9999 -9999 0.0
C0G660 1995081510 -9999 -9999 -9999 0.0
C0G660 1995081511 -9999 -9999 -9999 0.0
C0G660 1995081512 -9999 -9999 -9999 0.0
C0G660 1995081513 -9999 -9999 -9999 0.0
C0G660 1995081514 -9999 -9999 -9999 0.0
C0G660 1995081515 -9999 -9999 -9999 0.0
C0G660 1995081516 -9999 -9999 -9999 0.0
C0G660 1995081517 -9999 -9999 -9999 0.0
C0G660 1995081518 -9999 -9999 -9999 1.0
C0G660 1995081519 -9999 -9999 -9999 1.5
C0G660 1995081520 -9999 -9999 -9999 0.0
C0G660 1995081521 -9999 -9999 -9999 0.0
C0G660 1995081522 -9999 -9999 -9999 0.0
C0G660 1995081523 -9999 -9999 -9999 0.0
C0G660 1995081524 -9999 -9999 -9999 0.0
C0G660 1995081601 -9999 -9999 -9999 0.0
C0G660 1995081602 -9999 -9999 -9999 0.0
C0G660 1995081603 -9999 -9999 -9999 0.0
C0G660 1995081604 -9999 -9999 -9999 0.0
C0G660 1995081605 -9999 -9999 -9999 0.0
C0G660 1995081606 -9999 -9999 -9999 0.0
C0G660 1995081607 -9999 -9999 -9999 0.0
C0G660 1995081608 -9999 -9999 -9999 0.0
C0G660 1995081609 -9999 -9999 -9999 0.0
C0G660 1995081610 -9999 -9999 -9999 0.0
C0G660 1995081611 -9999 -9999 -9999 0.0
C0G660 1995081612 -9999 -9999 -9999 0.0
C0G660 1995081613 -9999 -9999 -9999 0.0
C0G660 1995081614 -9999 -9999 -9999 0.0
C0G660 1995081615 -9999 -9999 -9999 0.0
C0G660 1995081616 -9999 -9999 -9999 0.0
C0G660 1995081617 -9999 -9999 -9999 0.0
C0G660 1995081618 -9999 -9999 -9999 0.0
C0G660 1995081619 -9999 -9999 -9999 0.0
C0G660 1995081620 -9999 -9999 -9999 0.0
C0G660 1995081621 -9999 -9999 -9999 0.0
C0G660 1995081622 -9999 -9999 -9999 0.0
C0G660 1995081623 -9999 -9999 -9999 0.0
C0G660 1995081624 -9999 -9999 -9999 0.0
C0G660 1995081701 -9999 -9999 -9999 0.0
C0G660 1995081702 -9999 -9999 -9999 0.0
C0G660 1995081703 -9999 -9999 -9999 0.0
C0G660 1995081704 -9999 -9999 -9999 0.0
C0G660 1995081705 -9999 -9999 -9999 0.0
C0G660 1995081706 -9999 -9999 -9999 0.0
C0G660 1995081707 -9999 -9999 -9999 0.0
C0G660 1995081708 -9999 -9999 -9999 0.0
C0G660 1995081709 -9999 -9999 -9999 0.0
C0G660 1995081710 -9999 -9999 -9999 0.0
C0G660 1995081711 -9999 -9999 -9999 0.0
C0G660 1995081712 -9999 -9999 -9999 0.0
C0G660 1995081713 -9999 -9999 -9999 0.0
C0G660 1995081714 -9999 -9999 -9999 0.0
C0G660 1995081715 -9999 -9999 -9999 0.0
C0G660 1995081716 -9999 -9999 -9999 0.0
C0G660 1995081717 -9999 -9999 -9999 0.0
C0G660 1995081718 -9999 -9999 -9999 0.0
C0G660 1995081719 -9999 -9999 -9999 0.0
C0G660 1995081720 -9999 -9999 -9999 0.0
C0G660 1995081721 -9999 -9999 -9999 0.0
C0G660 1995081722 -9999 -9999 -9999 0.0
C0G660 1995081723 -9999 -9999 -9999 0.0
C0G660 1995081724 -9999 -9999 -9999 0.0
C0G660 1995081801 -9999 -9999 -9999 0.0
C0G660 1995081802 -9999 -9999 -9999 0.0
C0G660 1995081803 -9999 -9999 -9999 0.0
C0G660 1995081804 -9999 -9999 -9999 0.0
C0G660 1995081805 -9999 -9999 -9999 0.0
C0G660 1995081806 -9999 -9999 -9999 0.0
C0G660 1995081807 -9999 -9999 -9999 0.0
C0G660 1995081808 -9999 -9999 -9999 0.0
C0G660 1995081809 -9999 -9999 -9999 0.0
C0G660 1995081810 -9999 -9999 -9999 0.0
C0G660 1995081811 -9999 -9999 -9999 0.0
C0G660 1995081812 -9999 -9999 -9999 0.0
C0G660 1995081813 -9999 -9999 -9999 0.0
C0G660 1995081814 -9999 -9999 -9999 0.0
C0G660 1995081815 -9999 -9999 -9999 0.0
C0G660 1995081816 -9999 -9999 -9999 0.0
C0G660 1995081817 -9999 -9999 -9999 0.0
C0G660 1995081818 -9999 -9999 -9999 0.0
C0G660 1995081819 -9999 -9999 -9999 0.0
C0G660 1995081820 -9999 -9999 -9999 0.0
C0G660 1995081821 -9999 -9999 -9999 0.0
C0G660 1995081822 -9999 -9999 -9999 0.0
C0G660 1995081823 -9999 -9999 -9999 0.0
C0G660 1995081824 -9999 -9999 -9999 0.0
C0G660 1995081901 -9999 -9999 -9999 0.0
C0G660 1995081902 -9999 -9999 -9999 0.0
C0G660 1995081903 -9999 -9999 -9999 0.0
C0G660 1995081904 -9999 -9999 -9999 0.0
C0G660 1995081905 -9999 -9999 -9999 0.0
C0G660 1995081906 -9999 -9999 -9999 0.0
C0G660 1995081907 -9999 -9999 -9999 0.0
C0G660 1995081908 -9999 -9999 -9999 0.0
C0G660 1995081909 -9999 -9999 -9999 0.0
C0G660 1995081910 -9999 -9999 -9999 0.0
C0G660 1995081911 -9999 -9999 -9999 0.0
C0G660 1995081912 -9999 -9999 -9999 0.0
C0G660 1995081913 -9999 -9999 -9999 0.0
C0G660 1995081914 -9999 -9999 -9999 0.0
C0G660 1995081915 -9999 -9999 -9999 0.0
C0G660 1995081916 -9999 -9999 -9999 0.0
C0G660 1995081917 -9999 -9999 -9999 0.0
C0G660 1995081918 -9999 -9999 -9999 0.0
C0G660 1995081919 -9999 -9999 -9999 0.0
C0G660 1995081920 -9999 -9999 -9999 0.0
C0G660 1995081921 -9999 -9999 -9999 0.0
C0G660 1995081922 -9999 -9999 -9999 0.0
C0G660 1995081923 -9999 -9999 -9999 0.0
C0G660 1995081924 -9999 -9999 -9999 0.0
C0G660 1995082001 -9999 -9999 -9999 0.0
C0G660 1995082002 -9999 -9999 -9999 0.0
C0G660 1995082003 -9999 -9999 -9999 0.0
C0G660 1995082004 -9999 -9999 -9999 0.0
C0G660 1995082005 -9999 -9999 -9999 0.0
C0G660 1995082006 -9999 -9999 -9999 0.0
C0G660 1995082007 -9999 -9999 -9999 0.0
C0G660 1995082008 -9999 -9999 -9999 0.0
C0G660 1995082009 -9999 -9999 -9999 0.0
C0G660 1995082010 -9999 -9999 -9999 0.0
C0G660 1995082011 -9999 -9999 -9999 0.0
C0G660 1995082012 -9999 -9999 -9999 0.0
C0G660 1995082013 -9999 -9999 -9999 0.0
C0G660 1995082014 -9999 -9999 -9999 0.0
C0G660 1995082015 -9999 -9999 -9999 0.0
C0G660 1995082016 -9999 -9999 -9999 0.0
C0G660 1995082017 -9999 -9999 -9999 0.0
C0G660 1995082018 -9999 -9999 -9999 0.0
C0G660 1995082019 -9999 -9999 -9999 0.0
C0G660 1995082020 -9999 -9999 -9999 0.0
C0G660 1995082021 -9999 -9999 -9999 0.0
C0G660 1995082022 -9999 -9999 -9999 0.0
C0G660 1995082023 -9999 -9999 -9999 0.0
C0G660 1995082024 -9999 -9999 -9999 0.0
C0G660 1995082101 -9999 -9999 -9999 0.0
C0G660 1995082102 -9999 -9999 -9999 0.0
C0G660 1995082103 -9999 -9999 -9999 0.0
C0G660 1995082104 -9999 -9999 -9999 0.0
C0G660 1995082105 -9999 -9999 -9999 0.0
C0G660 1995082106 -9999 -9999 -9999 0.0
C0G660 1995082107 -9999 -9999 -9999 0.0
C0G660 1995082108 -9999 -9999 -9999 0.0
C0G660 1995082109 -9999 -9999 -9999 0.0
C0G660 1995082110 -9999 -9999 -9999 0.0
C0G660 1995082111 -9999 -9999 -9999 0.0
C0G660 1995082112 -9999 -9999 -9999 0.0
C0G660 1995082113 -9999 -9999 -9999 0.0
C0G660 1995082114 -9999 -9999 -9999 0.0
C0G660 1995082115 -9999 -9999 -9999 0.0
C0G660 1995082116 -9999 -9999 -9999 0.0
C0G660 1995082117 -9999 -9999 -9999 0.0
C0G660 1995082118 -9999 -9999 -9999 0.0
C0G660 1995082119 -9999 -9999 -9999 0.0
C0G660 1995082120 -9999 -9999 -9999 -9996
C0G660 1995082121 -9999 -9999 -9999 -9996
C0G660 1995082122 -9999 -9999 -9999 -9996
C0G660 1995082123 -9999 -9999 -9999 -9996
C0G660 1995082124 -9999 -9999 -9999 -9996
C0G660 1995082201 -9999 -9999 -9999 0.0
C0G660 1995082202 -9999 -9999 -9999 0.0
C0G660 1995082203 -9999 -9999 -9999 0.0
C0G660 1995082204 -9999 -9999 -9999 0.0
C0G660 1995082205 -9999 -9999 -9999 0.0
C0G660 1995082206 -9999 -9999 -9999 0.0
C0G660 1995082207 -9999 -9999 -9999 0.0
C0G660 1995082208 -9999 -9999 -9999 0.0
C0G660 1995082209 -9999 -9999 -9999 0.0
C0G660 1995082210 -9999 -9999 -9999 0.0
C0G660 1995082211 -9999 -9999 -9999 0.0
C0G660 1995082212 -9999 -9999 -9999 0.0
C0G660 1995082213 -9999 -9999 -9999 0.0
C0G660 1995082214 -9999 -9999 -9999 0.0
C0G660 1995082215 -9999 -9999 -9999 0.0
C0G660 1995082216 -9999 -9999 -9999 0.0
C0G660 1995082217 -9999 -9999 -9999 0.0
C0G660 1995082218 -9999 -9999 -9999 0.0
C0G660 1995082219 -9999 -9999 -9999 0.0
C0G660 1995082220 -9999 -9999 -9999 0.0
C0G660 1995082221 -9999 -9999 -9999 0.0
C0G660 1995082222 -9999 -9999 -9999 0.0
C0G660 1995082223 -9999 -9999 -9999 0.0
C0G660 1995082224 -9999 -9999 -9999 0.0
C0G660 1995082301 -9999 -9999 -9999 0.0
C0G660 1995082302 -9999 -9999 -9999 0.0
C0G660 1995082303 -9999 -9999 -9999 0.0
C0G660 1995082304 -9999 -9999 -9999 0.0
C0G660 1995082305 -9999 -9999 -9999 0.0
C0G660 1995082306 -9999 -9999 -9999 0.0
C0G660 1995082307 -9999 -9999 -9999 0.0
C0G660 1995082308 -9999 -9999 -9999 0.0
C0G660 1995082309 -9999 -9999 -9999 0.0
C0G660 1995082310 -9999 -9999 -9999 0.0
C0G660 1995082311 -9999 -9999 -9999 0.0
C0G660 1995082312 -9999 -9999 -9999 0.0
C0G660 1995082313 -9999 -9999 -9999 0.0
C0G660 1995082314 -9999 -9999 -9999 0.0
C0G660 1995082315 -9999 -9999 -9999 0.0
C0G660 1995082316 -9999 -9999 -9999 0.0
C0G660 1995082317 -9999 -9999 -9999 0.0
C0G660 1995082318 -9999 -9999 -9999 0.0
C0G660 1995082319 -9999 -9999 -9999 0.0
C0G660 1995082320 -9999 -9999 -9999 0.0
C0G660 1995082321 -9999 -9999 -9999 0.0
C0G660 1995082322 -9999 -9999 -9999 0.0
C0G660 1995082323 -9999 -9999 -9999 0.0
C0G660 1995082324 -9999 -9999 -9999 0.0
C0G660 1995082401 -9999 -9999 -9999 0.0
C0G660 1995082402 -9999 -9999 -9999 0.0
C0G660 1995082403 -9999 -9999 -9999 0.0
C0G660 1995082404 -9999 -9999 -9999 0.0
C0G660 1995082405 -9999 -9999 -9999 0.0
C0G660 1995082406 -9999 -9999 -9999 0.0
C0G660 1995082407 -9999 -9999 -9999 0.0
C0G660 1995082408 -9999 -9999 -9999 0.0
C0G660 1995082409 -9999 -9999 -9999 0.0
C0G660 1995082410 -9999 -9999 -9999 0.0
C0G660 1995082411 -9999 -9999 -9999 -9996
C0G660 1995082412 -9999 -9999 -9999 -9996
C0G660 1995082413 -9999 -9999 -9999 1.5
C0G660 1995082414 -9999 -9999 -9999 0.5
C0G660 1995082415 -9999 -9999 -9999 0.0
C0G660 1995082416 -9999 -9999 -9999 0.0
C0G660 1995082417 -9999 -9999 -9999 0.0
C0G660 1995082418 -9999 -9999 -9999 0.0
C0G660 1995082419 -9999 -9999 -9999 0.0
C0G660 1995082420 -9999 -9999 -9999 0.0
C0G660 1995082421 -9999 -9999 -9999 -9996
C0G660 1995082422 -9999 -9999 -9999 -9996
C0G660 1995082423 -9999 -9999 -9999 -9996
C0G660 1995082424 -9999 -9999 -9999 -9996
C0G660 1995082501 -9999 -9999 -9999 0.5
C0G660 1995082502 -9999 -9999 -9999 0.0
C0G660 1995082503 -9999 -9999 -9999 0.0
C0G660 1995082504 -9999 -9999 -9999 0.0
C0G660 1995082505 -9999 -9999 -9999 0.0
C0G660 1995082506 -9999 -9999 -9999 0.0
C0G660 1995082507 -9999 -9999 -9999 0.0
C0G660 1995082508 -9999 -9999 -9999 0.0
C0G660 1995082509 -9999 -9999 -9999 0.0
C0G660 1995082510 -9999 -9999 -9999 0.0
C0G660 1995082511 -9999 -9999 -9999 0.0
C0G660 1995082512 -9999 -9999 -9999 0.0
C0G660 1995082513 -9999 -9999 -9999 0.0
C0G660 1995082514 -9999 -9999 -9999 0.0
C0G660 1995082515 -9999 -9999 -9999 0.0
C0G660 1995082516 -9999 -9999 -9999 0.0
C0G660 1995082517 -9999 -9999 -9999 0.0
C0G660 1995082518 -9999 -9999 -9999 0.0
C0G660 1995082519 -9999 -9999 -9999 0.0
C0G660 1995082520 -9999 -9999 -9999 0.0
C0G660 1995082521 -9999 -9999 -9999 0.0
C0G660 1995082522 -9999 -9999 -9999 0.0
C0G660 1995082523 -9999 -9999 -9999 0.0
C0G660 1995082524 -9999 -9999 -9999 0.0
C0G660 1995082601 -9999 -9999 -9999 0.0
C0G660 1995082602 -9999 -9999 -9999 0.0
C0G660 1995082603 -9999 -9999 -9999 0.0
C0G660 1995082604 -9999 -9999 -9999 0.0
C0G660 1995082605 -9999 -9999 -9999 0.0
C0G660 1995082606 -9999 -9999 -9999 0.0
C0G660 1995082607 -9999 -9999 -9999 0.0
C0G660 1995082608 -9999 -9999 -9999 0.0
C0G660 1995082609 -9999 -9999 -9999 0.0
C0G660 1995082610 -9999 -9999 -9999 0.0
C0G660 1995082611 -9999 -9999 -9999 0.0
C0G660 1995082612 -9999 -9999 -9999 0.0
C0G660 1995082613 -9999 -9999 -9999 0.0
C0G660 1995082614 -9999 -9999 -9999 0.0
C0G660 1995082615 -9999 -9999 -9999 -9996
C0G660 1995082616 -9999 -9999 -9999 -9996
C0G660 1995082617 -9999 -9999 -9999 0.5
C0G660 1995082618 -9999 -9999 -9999 1.0
C0G660 1995082619 -9999 -9999 -9999 4.0
C0G660 1995082620 -9999 -9999 -9999 0.5
C0G660 1995082621 -9999 -9999 -9999 0.0
C0G660 1995082622 -9999 -9999 -9999 0.0
C0G660 1995082623 -9999 -9999 -9999 0.0
C0G660 1995082624 -9999 -9999 -9999 0.0
C0G660 1995082701 -9999 -9999 -9999 0.0
C0G660 1995082702 -9999 -9999 -9999 0.0
C0G660 1995082703 -9999 -9999 -9999 0.0
C0G660 1995082704 -9999 -9999 -9999 0.0
C0G660 1995082705 -9999 -9999 -9999 0.0
C0G660 1995082706 -9999 -9999 -9999 0.0
C0G660 1995082707 -9999 -9999 -9999 0.0
C0G660 1995082708 -9999 -9999 -9999 0.0
C0G660 1995082709 -9999 -9999 -9999 0.0
C0G660 1995082710 -9999 -9999 -9999 0.0
C0G660 1995082711 -9999 -9999 -9999 0.0
C0G660 1995082712 -9999 -9999 -9999 0.0
C0G660 1995082713 -9999 -9999 -9999 0.0
C0G660 1995082714 -9999 -9999 -9999 0.0
C0G660 1995082715 -9999 -9999 -9999 0.0
C0G660 1995082716 -9999 -9999 -9999 0.0
C0G660 1995082717 -9999 -9999 -9999 0.0
C0G660 1995082718 -9999 -9999 -9999 0.0
C0G660 1995082719 -9999 -9999 -9999 0.0
C0G660 1995082720 -9999 -9999 -9999 0.0
C0G660 1995082721 -9999 -9999 -9999 0.0
C0G660 1995082722 -9999 -9999 -9999 0.0
C0G660 1995082723 -9999 -9999 -9999 0.0
C0G660 1995082724 -9999 -9999 -9999 0.0
C0G660 1995082801 -9999 -9999 -9999 0.0
C0G660 1995082802 -9999 -9999 -9999 0.0
C0G660 1995082803 -9999 -9999 -9999 0.0
C0G660 1995082804 -9999 -9999 -9999 -9996
C0G660 1995082805 -9999 -9999 -9999 5.0
C0G660 1995082806 -9999 -9999 -9999 0.0
C0G660 1995082807 -9999 -9999 -9999 0.0
C0G660 1995082808 -9999 -9999 -9999 0.0
C0G660 1995082809 -9999 -9999 -9999 0.0
C0G660 1995082810 -9999 -9999 -9999 0.0
C0G660 1995082811 -9999 -9999 -9999 0.0
C0G660 1995082812 -9999 -9999 -9999 0.0
C0G660 1995082813 -9999 -9999 -9999 0.0
C0G660 1995082814 -9999 -9999 -9999 0.0
C0G660 1995082815 -9999 -9999 -9999 0.0
C0G660 1995082816 -9999 -9999 -9999 0.0
C0G660 1995082817 -9999 -9999 -9999 0.0
C0G660 1995082818 -9999 -9999 -9999 0.0
C0G660 1995082819 -9999 -9999 -9999 0.0
C0G660 1995082820 -9999 -9999 -9999 0.0
C0G660 1995082821 -9999 -9999 -9999 0.0
C0G660 1995082822 -9999 -9999 -9999 0.0
C0G660 1995082823 -9999 -9999 -9999 0.0
C0G660 1995082824 -9999 -9999 -9999 0.0
C0G660 1995082901 -9999 -9999 -9999 0.0
C0G660 1995082902 -9999 -9999 -9999 0.0
C0G660 1995082903 -9999 -9999 -9999 0.0
C0G660 1995082904 -9999 -9999 -9999 0.0
C0G660 1995082905 -9999 -9999 -9999 0.0
C0G660 1995082906 -9999 -9999 -9999 0.0
C0G660 1995082907 -9999 -9999 -9999 0.0
C0G660 1995082908 -9999 -9999 -9999 0.0
C0G660 1995082909 -9999 -9999 -9999 0.0
C0G660 1995082910 -9999 -9999 -9999 0.0
C0G660 1995082911 -9999 -9999 -9999 0.0
C0G660 1995082912 -9999 -9999 -9999 0.0
C0G660 1995082913 -9999 -9999 -9999 0.0
C0G660 1995082914 -9999 -9999 -9999 0.0
C0G660 1995082915 -9999 -9999 -9999 0.0
C0G660 1995082916 -9999 -9999 -9999 0.0
C0G660 1995082917 -9999 -9999 -9999 0.0
C0G660 1995082918 -9999 -9999 -9999 0.0
C0G660 1995082919 -9999 -9999 -9999 -9996
C0G660 1995082920 -9999 -9999 -9999 -9996
C0G660 1995082921 -9999 -9999 -9999 -9996
C0G660 1995082922 -9999 -9999 -9999 -9996
C0G660 1995082923 -9999 -9999 -9999 -9996
C0G660 1995082924 -9999 -9999 -9999 -9996
C0G660 1995083001 -9999 -9999 -9999 0.0
C0G660 1995083002 -9999 -9999 -9999 0.0
C0G660 1995083003 -9999 -9999 -9999 0.0
C0G660 1995083004 -9999 -9999 -9999 0.0
C0G660 1995083005 -9999 -9999 -9999 0.0
C0G660 1995083006 -9999 -9999 -9999 0.0
C0G660 1995083007 -9999 -9999 -9999 0.0
C0G660 1995083008 -9999 -9999 -9999 0.0
C0G660 1995083009 -9999 -9999 -9999 0.0
C0G660 1995083010 -9999 -9999 -9999 0.0
C0G660 1995083011 -9999 -9999 -9999 0.0
C0G660 1995083012 -9999 -9999 -9999 0.0
C0G660 1995083013 -9999 -9999 -9999 0.0
C0G660 1995083014 -9999 -9999 -9999 0.0
C0G660 1995083015 -9999 -9999 -9999 0.0
C0G660 1995083016 -9999 -9999 -9999 0.0
C0G660 1995083017 -9999 -9999 -9999 0.0
C0G660 1995083018 -9999 -9999 -9999 0.0
C0G660 1995083019 -9999 -9999 -9999 0.0
C0G660 1995083020 -9999 -9999 -9999 0.0
C0G660 1995083021 -9999 -9999 -9999 0.0
C0G660 1995083022 -9999 -9999 -9999 0.0
C0G660 1995083023 -9999 -9999 -9999 0.0
C0G660 1995083024 -9999 -9999 -9999 0.0
C0G660 1995083101 -9999 -9999 -9999 0.0
C0G660 1995083102 -9999 -9999 -9999 0.0
C0G660 1995083103 -9999 -9999 -9999 0.0
C0G660 1995083104 -9999 -9999 -9999 0.0
C0G660 1995083105 -9999 -9999 -9999 0.0
C0G660 1995083106 -9999 -9999 -9999 0.0
C0G660 1995083107 -9999 -9999 -9999 0.0
C0G660 1995083108 -9999 -9999 -9999 0.0
C0G660 1995083109 -9999 -9999 -9999 0.0
C0G660 1995083110 -9999 -9999 -9999 0.0
C0G660 1995083111 -9999 -9999 -9999 0.0
C0G660 1995083112 -9999 -9999 -9999 0.0
C0G660 1995083113 -9999 -9999 -9999 0.0
C0G660 1995083114 -9999 -9999 -9999 0.0
C0G660 1995083115 -9999 -9999 -9999 -9996
C0G660 1995083116 -9999 -9999 -9999 -9996
C0G660 1995083117 -9999 -9999 -9999 3.0
C0G660 1995083118 -9999 -9999 -9999 0.0
C0G660 1995083119 -9999 -9999 -9999 0.0
C0G660 1995083120 -9999 -9999 -9999 0.0
C0G660 1995083121 -9999 -9999 -9999 0.0
C0G660 1995083122 -9999 -9999 -9999 0.0
C0G660 1995083123 -9999 -9999 -9999 0.0
C0G660 1995083124 -9999 -9999 -9999 0.0
