C0G620 1995020101 -9999 -9999 -9999 0.0
C0G620 1995020102 -9999 -9999 -9999 0.0
C0G620 1995020103 -9999 -9999 -9999 0.0
C0G620 1995020104 -9999 -9999 -9999 0.0
C0G620 1995020105 -9999 -9999 -9999 0.0
C0G620 1995020106 -9999 -9999 -9999 0.0
C0G620 1995020107 -9999 -9999 -9999 0.0
C0G620 1995020108 -9999 -9999 -9999 0.0
C0G620 1995020109 -9999 -9999 -9999 0.0
C0G620 1995020110 -9999 -9999 -9999 0.0
C0G620 1995020111 -9999 -9999 -9999 0.0
C0G620 1995020112 -9999 -9999 -9999 0.0
C0G620 1995020113 -9999 -9999 -9999 0.0
C0G620 1995020114 -9999 -9999 -9999 0.0
C0G620 1995020115 -9999 -9999 -9999 0.0
C0G620 1995020116 -9999 -9999 -9999 0.0
C0G620 1995020117 -9999 -9999 -9999 0.0
C0G620 1995020118 -9999 -9999 -9999 0.0
C0G620 1995020119 -9999 -9999 -9999 0.0
C0G620 1995020120 -9999 -9999 -9999 0.0
C0G620 1995020121 -9999 -9999 -9999 0.0
C0G620 1995020122 -9999 -9999 -9999 0.0
C0G620 1995020123 -9999 -9999 -9999 0.0
C0G620 1995020124 -9999 -9999 -9999 0.0
C0G620 1995020201 -9999 -9999 -9999 0.0
C0G620 1995020202 -9999 -9999 -9999 0.0
C0G620 1995020203 -9999 -9999 -9999 0.0
C0G620 1995020204 -9999 -9999 -9999 0.0
C0G620 1995020205 -9999 -9999 -9999 0.0
C0G620 1995020206 -9999 -9999 -9999 0.0
C0G620 1995020207 -9999 -9999 -9999 0.0
C0G620 1995020208 -9999 -9999 -9999 0.0
C0G620 1995020209 -9999 -9999 -9999 0.0
C0G620 1995020210 -9999 -9999 -9999 0.0
C0G620 1995020211 -9999 -9999 -9999 0.0
C0G620 1995020212 -9999 -9999 -9999 0.0
C0G620 1995020213 -9999 -9999 -9999 0.0
C0G620 1995020214 -9999 -9999 -9999 0.0
C0G620 1995020215 -9999 -9999 -9999 0.0
C0G620 1995020216 -9999 -9999 -9999 0.0
C0G620 1995020217 -9999 -9999 -9999 0.0
C0G620 1995020218 -9999 -9999 -9999 0.0
C0G620 1995020219 -9999 -9999 -9999 0.0
C0G620 1995020220 -9999 -9999 -9999 0.0
C0G620 1995020221 -9999 -9999 -9999 0.0
C0G620 1995020222 -9999 -9999 -9999 0.0
C0G620 1995020223 -9999 -9999 -9999 0.0
C0G620 1995020224 -9999 -9999 -9999 0.0
C0G620 1995020301 -9999 -9999 -9999 0.0
C0G620 1995020302 -9999 -9999 -9999 0.0
C0G620 1995020303 -9999 -9999 -9999 0.0
C0G620 1995020304 -9999 -9999 -9999 0.0
C0G620 1995020305 -9999 -9999 -9999 0.0
C0G620 1995020306 -9999 -9999 -9999 0.0
C0G620 1995020307 -9999 -9999 -9999 0.0
C0G620 1995020308 -9999 -9999 -9999 0.0
C0G620 1995020309 -9999 -9999 -9999 0.0
C0G620 1995020310 -9999 -9999 -9999 0.0
C0G620 1995020311 -9999 -9999 -9999 0.0
C0G620 1995020312 -9999 -9999 -9999 0.0
C0G620 1995020313 -9999 -9999 -9999 0.0
C0G620 1995020314 -9999 -9999 -9999 0.0
C0G620 1995020315 -9999 -9999 -9999 0.0
C0G620 1995020316 -9999 -9999 -9999 0.0
C0G620 1995020317 -9999 -9999 -9999 0.0
C0G620 1995020318 -9999 -9999 -9999 0.0
C0G620 1995020319 -9999 -9999 -9999 0.0
C0G620 1995020320 -9999 -9999 -9999 0.0
C0G620 1995020321 -9999 -9999 -9999 0.0
C0G620 1995020322 -9999 -9999 -9999 0.0
C0G620 1995020323 -9999 -9999 -9999 0.0
C0G620 1995020324 -9999 -9999 -9999 0.0
C0G620 1995020401 -9999 -9999 -9999 0.0
C0G620 1995020402 -9999 -9999 -9999 0.0
C0G620 1995020403 -9999 -9999 -9999 0.0
C0G620 1995020404 -9999 -9999 -9999 0.0
C0G620 1995020405 -9999 -9999 -9999 0.0
C0G620 1995020406 -9999 -9999 -9999 0.0
C0G620 1995020407 -9999 -9999 -9999 0.0
C0G620 1995020408 -9999 -9999 -9999 0.0
C0G620 1995020409 -9999 -9999 -9999 0.0
C0G620 1995020410 -9999 -9999 -9999 0.0
C0G620 1995020411 -9999 -9999 -9999 0.0
C0G620 1995020412 -9999 -9999 -9999 0.0
C0G620 1995020413 -9999 -9999 -9999 0.0
C0G620 1995020414 -9999 -9999 -9999 0.0
C0G620 1995020415 -9999 -9999 -9999 0.0
C0G620 1995020416 -9999 -9999 -9999 0.0
C0G620 1995020417 -9999 -9999 -9999 0.0
C0G620 1995020418 -9999 -9999 -9999 0.0
C0G620 1995020419 -9999 -9999 -9999 0.0
C0G620 1995020420 -9999 -9999 -9999 0.0
C0G620 1995020421 -9999 -9999 -9999 0.0
C0G620 1995020422 -9999 -9999 -9999 0.0
C0G620 1995020423 -9999 -9999 -9999 0.0
C0G620 1995020424 -9999 -9999 -9999 0.0
C0G620 1995020501 -9999 -9999 -9999 0.0
C0G620 1995020502 -9999 -9999 -9999 0.0
C0G620 1995020503 -9999 -9999 -9999 0.0
C0G620 1995020504 -9999 -9999 -9999 0.0
C0G620 1995020505 -9999 -9999 -9999 0.0
C0G620 1995020506 -9999 -9999 -9999 0.0
C0G620 1995020507 -9999 -9999 -9999 0.0
C0G620 1995020508 -9999 -9999 -9999 0.0
C0G620 1995020509 -9999 -9999 -9999 0.0
C0G620 1995020510 -9999 -9999 -9999 0.0
C0G620 1995020511 -9999 -9999 -9999 0.0
C0G620 1995020512 -9999 -9999 -9999 0.0
C0G620 1995020513 -9999 -9999 -9999 0.0
C0G620 1995020514 -9999 -9999 -9999 0.0
C0G620 1995020515 -9999 -9999 -9999 0.0
C0G620 1995020516 -9999 -9999 -9999 0.0
C0G620 1995020517 -9999 -9999 -9999 0.0
C0G620 1995020518 -9999 -9999 -9999 0.0
C0G620 1995020519 -9999 -9999 -9999 0.0
C0G620 1995020520 -9999 -9999 -9999 0.0
C0G620 1995020521 -9999 -9999 -9999 0.0
C0G620 1995020522 -9999 -9999 -9999 0.0
C0G620 1995020523 -9999 -9999 -9999 0.0
C0G620 1995020524 -9999 -9999 -9999 0.0
C0G620 1995020601 -9999 -9999 -9999 0.0
C0G620 1995020602 -9999 -9999 -9999 0.0
C0G620 1995020603 -9999 -9999 -9999 0.0
C0G620 1995020604 -9999 -9999 -9999 0.0
C0G620 1995020605 -9999 -9999 -9999 0.0
C0G620 1995020606 -9999 -9999 -9999 0.0
C0G620 1995020607 -9999 -9999 -9999 0.0
C0G620 1995020608 -9999 -9999 -9999 0.0
C0G620 1995020609 -9999 -9999 -9999 0.0
C0G620 1995020610 -9999 -9999 -9999 0.0
C0G620 1995020611 -9999 -9999 -9999 0.0
C0G620 1995020612 -9999 -9999 -9999 0.0
C0G620 1995020613 -9999 -9999 -9999 0.0
C0G620 1995020614 -9999 -9999 -9999 0.0
C0G620 1995020615 -9999 -9999 -9999 0.0
C0G620 1995020616 -9999 -9999 -9999 0.0
C0G620 1995020617 -9999 -9999 -9999 0.0
C0G620 1995020618 -9999 -9999 -9999 0.0
C0G620 1995020619 -9999 -9999 -9999 0.0
C0G620 1995020620 -9999 -9999 -9999 0.0
C0G620 1995020621 -9999 -9999 -9999 0.0
C0G620 1995020622 -9999 -9999 -9999 0.0
C0G620 1995020623 -9999 -9999 -9999 0.0
C0G620 1995020624 -9999 -9999 -9999 0.0
C0G620 1995020701 -9999 -9999 -9999 0.0
C0G620 1995020702 -9999 -9999 -9999 0.0
C0G620 1995020703 -9999 -9999 -9999 0.0
C0G620 1995020704 -9999 -9999 -9999 0.0
C0G620 1995020705 -9999 -9999 -9999 0.0
C0G620 1995020706 -9999 -9999 -9999 0.0
C0G620 1995020707 -9999 -9999 -9999 0.0
C0G620 1995020708 -9999 -9999 -9999 0.0
C0G620 1995020709 -9999 -9999 -9999 0.0
C0G620 1995020710 -9999 -9999 -9999 0.0
C0G620 1995020711 -9999 -9999 -9999 0.0
C0G620 1995020712 -9999 -9999 -9999 0.0
C0G620 1995020713 -9999 -9999 -9999 0.0
C0G620 1995020714 -9999 -9999 -9999 0.0
C0G620 1995020715 -9999 -9999 -9999 0.0
C0G620 1995020716 -9999 -9999 -9999 0.0
C0G620 1995020717 -9999 -9999 -9999 0.0
C0G620 1995020718 -9999 -9999 -9999 0.0
C0G620 1995020719 -9999 -9999 -9999 0.0
C0G620 1995020720 -9999 -9999 -9999 -9996
C0G620 1995020721 -9999 -9999 -9999 -9996
C0G620 1995020722 -9999 -9999 -9999 -9996
C0G620 1995020723 -9999 -9999 -9999 -9996
C0G620 1995020724 -9999 -9999 -9999 -9996
C0G620 1995020801 -9999 -9999 -9999 0.0
C0G620 1995020802 -9999 -9999 -9999 0.0
C0G620 1995020803 -9999 -9999 -9999 0.0
C0G620 1995020804 -9999 -9999 -9999 0.0
C0G620 1995020805 -9999 -9999 -9999 0.0
C0G620 1995020806 -9999 -9999 -9999 0.0
C0G620 1995020807 -9999 -9999 -9999 0.0
C0G620 1995020808 -9999 -9999 -9999 0.0
C0G620 1995020809 -9999 -9999 -9999 0.0
C0G620 1995020810 -9999 -9999 -9999 0.0
C0G620 1995020811 -9999 -9999 -9999 0.0
C0G620 1995020812 -9999 -9999 -9999 0.0
C0G620 1995020813 -9999 -9999 -9999 0.0
C0G620 1995020814 -9999 -9999 -9999 0.0
C0G620 1995020815 -9999 -9999 -9999 0.0
C0G620 1995020816 -9999 -9999 -9999 0.0
C0G620 1995020817 -9999 -9999 -9999 0.0
C0G620 1995020818 -9999 -9999 -9999 0.0
C0G620 1995020819 -9999 -9999 -9999 0.5
C0G620 1995020820 -9999 -9999 -9999 0.5
C0G620 1995020821 -9999 -9999 -9999 0.0
C0G620 1995020822 -9999 -9999 -9999 0.0
C0G620 1995020823 -9999 -9999 -9999 0.0
C0G620 1995020824 -9999 -9999 -9999 0.0
C0G620 1995020901 -9999 -9999 -9999 0.0
C0G620 1995020902 -9999 -9999 -9999 0.0
C0G620 1995020903 -9999 -9999 -9999 0.0
C0G620 1995020904 -9999 -9999 -9999 0.0
C0G620 1995020905 -9999 -9999 -9999 0.0
C0G620 1995020906 -9999 -9999 -9999 0.0
C0G620 1995020907 -9999 -9999 -9999 0.0
C0G620 1995020908 -9999 -9999 -9999 0.0
C0G620 1995020909 -9999 -9999 -9999 0.0
C0G620 1995020910 -9999 -9999 -9999 0.0
C0G620 1995020911 -9999 -9999 -9999 0.0
C0G620 1995020912 -9999 -9999 -9999 0.0
C0G620 1995020913 -9999 -9999 -9999 0.0
C0G620 1995020914 -9999 -9999 -9999 0.0
C0G620 1995020915 -9999 -9999 -9999 0.0
C0G620 1995020916 -9999 -9999 -9999 0.0
C0G620 1995020917 -9999 -9999 -9999 0.0
C0G620 1995020918 -9999 -9999 -9999 0.0
C0G620 1995020919 -9999 -9999 -9999 0.0
C0G620 1995020920 -9999 -9999 -9999 0.0
C0G620 1995020921 -9999 -9999 -9999 0.0
C0G620 1995020922 -9999 -9999 -9999 0.0
C0G620 1995020923 -9999 -9999 -9999 0.0
C0G620 1995020924 -9999 -9999 -9999 0.0
C0G620 1995021001 -9999 -9999 -9999 0.0
C0G620 1995021002 -9999 -9999 -9999 0.0
C0G620 1995021003 -9999 -9999 -9999 0.0
C0G620 1995021004 -9999 -9999 -9999 0.0
C0G620 1995021005 -9999 -9999 -9999 0.0
C0G620 1995021006 -9999 -9999 -9999 0.0
C0G620 1995021007 -9999 -9999 -9999 0.0
C0G620 1995021008 -9999 -9999 -9999 0.0
C0G620 1995021009 -9999 -9999 -9999 -9996
C0G620 1995021010 -9999 -9999 -9999 -9996
C0G620 1995021011 -9999 -9999 -9999 1.0
C0G620 1995021012 -9999 -9999 -9999 0.0
C0G620 1995021013 -9999 -9999 -9999 0.0
C0G620 1995021014 -9999 -9999 -9999 0.0
C0G620 1995021015 -9999 -9999 -9999 0.0
C0G620 1995021016 -9999 -9999 -9999 0.0
C0G620 1995021017 -9999 -9999 -9999 0.0
C0G620 1995021018 -9999 -9999 -9999 0.0
C0G620 1995021019 -9999 -9999 -9999 0.0
C0G620 1995021020 -9999 -9999 -9999 0.0
C0G620 1995021021 -9999 -9999 -9999 0.0
C0G620 1995021022 -9999 -9999 -9999 0.0
C0G620 1995021023 -9999 -9999 -9999 0.0
C0G620 1995021024 -9999 -9999 -9999 0.0
C0G620 1995021101 -9999 -9999 -9999 0.0
C0G620 1995021102 -9999 -9999 -9999 0.0
C0G620 1995021103 -9999 -9999 -9999 0.0
C0G620 1995021104 -9999 -9999 -9999 0.0
C0G620 1995021105 -9999 -9999 -9999 0.0
C0G620 1995021106 -9999 -9999 -9999 0.0
C0G620 1995021107 -9999 -9999 -9999 0.0
C0G620 1995021108 -9999 -9999 -9999 0.0
C0G620 1995021109 -9999 -9999 -9999 0.0
C0G620 1995021110 -9999 -9999 -9999 0.0
C0G620 1995021111 -9999 -9999 -9999 0.0
C0G620 1995021112 -9999 -9999 -9999 0.0
C0G620 1995021113 -9999 -9999 -9999 0.0
C0G620 1995021114 -9999 -9999 -9999 0.0
C0G620 1995021115 -9999 -9999 -9999 0.0
C0G620 1995021116 -9999 -9999 -9999 0.0
C0G620 1995021117 -9999 -9999 -9999 0.0
C0G620 1995021118 -9999 -9999 -9999 0.0
C0G620 1995021119 -9999 -9999 -9999 -9996
C0G620 1995021120 -9999 -9999 -9999 -9996
C0G620 1995021121 -9999 -9999 -9999 -9996
C0G620 1995021122 -9999 -9999 -9999 1.0
C0G620 1995021123 -9999 -9999 -9999 -9996
C0G620 1995021124 -9999 -9999 -9999 -9996
C0G620 1995021201 -9999 -9999 -9999 0.5
C0G620 1995021202 -9999 -9999 -9999 0.0
C0G620 1995021203 -9999 -9999 -9999 0.0
C0G620 1995021204 -9999 -9999 -9999 0.0
C0G620 1995021205 -9999 -9999 -9999 0.0
C0G620 1995021206 -9999 -9999 -9999 0.0
C0G620 1995021207 -9999 -9999 -9999 0.0
C0G620 1995021208 -9999 -9999 -9999 0.0
C0G620 1995021209 -9999 -9999 -9999 0.0
C0G620 1995021210 -9999 -9999 -9999 0.0
C0G620 1995021211 -9999 -9999 -9999 0.0
C0G620 1995021212 -9999 -9999 -9999 0.0
C0G620 1995021213 -9999 -9999 -9999 0.0
C0G620 1995021214 -9999 -9999 -9999 0.0
C0G620 1995021215 -9999 -9999 -9999 0.0
C0G620 1995021216 -9999 -9999 -9999 0.0
C0G620 1995021217 -9999 -9999 -9999 0.0
C0G620 1995021218 -9999 -9999 -9999 0.0
C0G620 1995021219 -9999 -9999 -9999 0.0
C0G620 1995021220 -9999 -9999 -9999 -9996
C0G620 1995021221 -9999 -9999 -9999 -9996
C0G620 1995021222 -9999 -9999 -9999 -9996
C0G620 1995021223 -9999 -9999 -9999 -9996
C0G620 1995021224 -9999 -9999 -9999 -9996
C0G620 1995021301 -9999 -9999 -9999 0.0
C0G620 1995021302 -9999 -9999 -9999 0.0
C0G620 1995021303 -9999 -9999 -9999 0.0
C0G620 1995021304 -9999 -9999 -9999 0.0
C0G620 1995021305 -9999 -9999 -9999 0.0
C0G620 1995021306 -9999 -9999 -9999 0.0
C0G620 1995021307 -9999 -9999 -9999 0.0
C0G620 1995021308 -9999 -9999 -9999 0.0
C0G620 1995021309 -9999 -9999 -9999 0.0
C0G620 1995021310 -9999 -9999 -9999 0.0
C0G620 1995021311 -9999 -9999 -9999 0.0
C0G620 1995021312 -9999 -9999 -9999 0.0
C0G620 1995021313 -9999 -9999 -9999 0.0
C0G620 1995021314 -9999 -9999 -9999 0.0
C0G620 1995021315 -9999 -9999 -9999 0.0
C0G620 1995021316 -9999 -9999 -9999 0.0
C0G620 1995021317 -9999 -9999 -9999 0.0
C0G620 1995021318 -9999 -9999 -9999 0.0
C0G620 1995021319 -9999 -9999 -9999 0.0
C0G620 1995021320 -9999 -9999 -9999 0.0
C0G620 1995021321 -9999 -9999 -9999 0.0
C0G620 1995021322 -9999 -9999 -9999 0.0
C0G620 1995021323 -9999 -9999 -9999 0.0
C0G620 1995021324 -9999 -9999 -9999 0.0
C0G620 1995021401 -9999 -9999 -9999 0.0
C0G620 1995021402 -9999 -9999 -9999 0.0
C0G620 1995021403 -9999 -9999 -9999 0.5
C0G620 1995021404 -9999 -9999 -9999 3.0
C0G620 1995021405 -9999 -9999 -9999 0.0
C0G620 1995021406 -9999 -9999 -9999 0.0
C0G620 1995021407 -9999 -9999 -9999 0.0
C0G620 1995021408 -9999 -9999 -9999 0.0
C0G620 1995021409 -9999 -9999 -9999 0.0
C0G620 1995021410 -9999 -9999 -9999 0.0
C0G620 1995021411 -9999 -9999 -9999 0.0
C0G620 1995021412 -9999 -9999 -9999 -9996
C0G620 1995021413 -9999 -9999 -9999 -9996
C0G620 1995021414 -9999 -9999 -9999 0.5
C0G620 1995021415 -9999 -9999 -9999 2.5
C0G620 1995021416 -9999 -9999 -9999 2.0
C0G620 1995021417 -9999 -9999 -9999 1.5
C0G620 1995021418 -9999 -9999 -9999 1.0
C0G620 1995021419 -9999 -9999 -9999 1.5
C0G620 1995021420 -9999 -9999 -9999 -9996
C0G620 1995021421 -9999 -9999 -9999 -9996
C0G620 1995021422 -9999 -9999 -9999 0.5
C0G620 1995021423 -9999 -9999 -9999 0.0
C0G620 1995021424 -9999 -9999 -9999 0.0
C0G620 1995021501 -9999 -9999 -9999 0.0
C0G620 1995021502 -9999 -9999 -9999 0.0
C0G620 1995021503 -9999 -9999 -9999 0.0
C0G620 1995021504 -9999 -9999 -9999 0.0
C0G620 1995021505 -9999 -9999 -9999 0.0
C0G620 1995021506 -9999 -9999 -9999 0.0
C0G620 1995021507 -9999 -9999 -9999 0.0
C0G620 1995021508 -9999 -9999 -9999 0.0
C0G620 1995021509 -9999 -9999 -9999 0.0
C0G620 1995021510 -9999 -9999 -9999 0.0
C0G620 1995021511 -9999 -9999 -9999 0.0
C0G620 1995021512 -9999 -9999 -9999 0.0
C0G620 1995021513 -9999 -9999 -9999 0.0
C0G620 1995021514 -9999 -9999 -9999 0.0
C0G620 1995021515 -9999 -9999 -9999 0.0
C0G620 1995021516 -9999 -9999 -9999 0.0
C0G620 1995021517 -9999 -9999 -9999 0.0
C0G620 1995021518 -9999 -9999 -9999 0.0
C0G620 1995021519 -9999 -9999 -9999 0.0
C0G620 1995021520 -9999 -9999 -9999 0.0
C0G620 1995021521 -9999 -9999 -9999 0.0
C0G620 1995021522 -9999 -9999 -9999 0.0
C0G620 1995021523 -9999 -9999 -9999 0.0
C0G620 1995021524 -9999 -9999 -9999 0.0
C0G620 1995021601 -9999 -9999 -9999 0.0
C0G620 1995021602 -9999 -9999 -9999 0.0
C0G620 1995021603 -9999 -9999 -9999 0.0
C0G620 1995021604 -9999 -9999 -9999 0.0
C0G620 1995021605 -9999 -9999 -9999 0.0
C0G620 1995021606 -9999 -9999 -9999 0.0
C0G620 1995021607 -9999 -9999 -9999 0.0
C0G620 1995021608 -9999 -9999 -9999 0.0
C0G620 1995021609 -9999 -9999 -9999 0.0
C0G620 1995021610 -9999 -9999 -9999 0.0
C0G620 1995021611 -9999 -9999 -9999 0.0
C0G620 1995021612 -9999 -9999 -9999 0.0
C0G620 1995021613 -9999 -9999 -9999 0.0
C0G620 1995021614 -9999 -9999 -9999 0.0
C0G620 1995021615 -9999 -9999 -9999 0.0
C0G620 1995021616 -9999 -9999 -9999 0.0
C0G620 1995021617 -9999 -9999 -9999 0.0
C0G620 1995021618 -9999 -9999 -9999 0.0
C0G620 1995021619 -9999 -9999 -9999 0.0
C0G620 1995021620 -9999 -9999 -9999 0.0
C0G620 1995021621 -9999 -9999 -9999 0.0
C0G620 1995021622 -9999 -9999 -9999 0.0
C0G620 1995021623 -9999 -9999 -9999 -9996
C0G620 1995021624 -9999 -9999 -9999 0.5
C0G620 1995021701 -9999 -9999 -9999 0.5
C0G620 1995021702 -9999 -9999 -9999 1.0
C0G620 1995021703 -9999 -9999 -9999 -9996
C0G620 1995021704 -9999 -9999 -9999 -9996
C0G620 1995021705 -9999 -9999 -9999 -9996
C0G620 1995021706 -9999 -9999 -9999 1.0
C0G620 1995021707 -9999 -9999 -9999 0.5
C0G620 1995021708 -9999 -9999 -9999 -9996
C0G620 1995021709 -9999 -9999 -9999 -9996
C0G620 1995021710 -9999 -9999 -9999 0.5
C0G620 1995021711 -9999 -9999 -9999 1.0
C0G620 1995021712 -9999 -9999 -9999 0.0
C0G620 1995021713 -9999 -9999 -9999 0.0
C0G620 1995021714 -9999 -9999 -9999 0.0
C0G620 1995021715 -9999 -9999 -9999 0.0
C0G620 1995021716 -9999 -9999 -9999 0.0
C0G620 1995021717 -9999 -9999 -9999 0.0
C0G620 1995021718 -9999 -9999 -9999 0.0
C0G620 1995021719 -9999 -9999 -9999 0.0
C0G620 1995021720 -9999 -9999 -9999 0.0
C0G620 1995021721 -9999 -9999 -9999 0.0
C0G620 1995021722 -9999 -9999 -9999 0.0
C0G620 1995021723 -9999 -9999 -9999 0.0
C0G620 1995021724 -9999 -9999 -9999 0.0
C0G620 1995021801 -9999 -9999 -9999 0.0
C0G620 1995021802 -9999 -9999 -9999 0.0
C0G620 1995021803 -9999 -9999 -9999 0.0
C0G620 1995021804 -9999 -9999 -9999 0.0
C0G620 1995021805 -9999 -9999 -9999 0.0
C0G620 1995021806 -9999 -9999 -9999 0.0
C0G620 1995021807 -9999 -9999 -9999 0.0
C0G620 1995021808 -9999 -9999 -9999 0.0
C0G620 1995021809 -9999 -9999 -9999 0.0
C0G620 1995021810 -9999 -9999 -9999 0.0
C0G620 1995021811 -9999 -9999 -9999 0.0
C0G620 1995021812 -9999 -9999 -9999 0.0
C0G620 1995021813 -9999 -9999 -9999 0.0
C0G620 1995021814 -9999 -9999 -9999 0.0
C0G620 1995021815 -9999 -9999 -9999 0.0
C0G620 1995021816 -9999 -9999 -9999 0.0
C0G620 1995021817 -9999 -9999 -9999 0.0
C0G620 1995021818 -9999 -9999 -9999 0.0
C0G620 1995021819 -9999 -9999 -9999 0.0
C0G620 1995021820 -9999 -9999 -9999 0.0
C0G620 1995021821 -9999 -9999 -9999 0.0
C0G620 1995021822 -9999 -9999 -9999 0.0
C0G620 1995021823 -9999 -9999 -9999 0.0
C0G620 1995021824 -9999 -9999 -9999 0.0
C0G620 1995021901 -9999 -9999 -9999 0.0
C0G620 1995021902 -9999 -9999 -9999 0.0
C0G620 1995021903 -9999 -9999 -9999 0.0
C0G620 1995021904 -9999 -9999 -9999 0.0
C0G620 1995021905 -9999 -9999 -9999 0.0
C0G620 1995021906 -9999 -9999 -9999 -9996
C0G620 1995021907 -9999 -9999 -9999 0.5
C0G620 1995021908 -9999 -9999 -9999 0.0
C0G620 1995021909 -9999 -9999 -9999 0.0
C0G620 1995021910 -9999 -9999 -9999 0.0
C0G620 1995021911 -9999 -9999 -9999 0.0
C0G620 1995021912 -9999 -9999 -9999 0.0
C0G620 1995021913 -9999 -9999 -9999 0.0
C0G620 1995021914 -9999 -9999 -9999 0.0
C0G620 1995021915 -9999 -9999 -9999 0.0
C0G620 1995021916 -9999 -9999 -9999 0.0
C0G620 1995021917 -9999 -9999 -9999 0.0
C0G620 1995021918 -9999 -9999 -9999 0.0
C0G620 1995021919 -9999 -9999 -9999 0.0
C0G620 1995021920 -9999 -9999 -9999 0.0
C0G620 1995021921 -9999 -9999 -9999 0.0
C0G620 1995021922 -9999 -9999 -9999 0.0
C0G620 1995021923 -9999 -9999 -9999 0.0
C0G620 1995021924 -9999 -9999 -9999 0.0
C0G620 1995022001 -9999 -9999 -9999 0.0
C0G620 1995022002 -9999 -9999 -9999 0.0
C0G620 1995022003 -9999 -9999 -9999 -9996
C0G620 1995022004 -9999 -9999 -9999 0.5
C0G620 1995022005 -9999 -9999 -9999 2.5
C0G620 1995022006 -9999 -9999 -9999 -9996
C0G620 1995022007 -9999 -9999 -9999 -9996
C0G620 1995022008 -9999 -9999 -9999 -9996
C0G620 1995022009 -9999 -9999 -9999 0.5
C0G620 1995022010 -9999 -9999 -9999 -9996
C0G620 1995022011 -9999 -9999 -9999 1.0
C0G620 1995022012 -9999 -9999 -9999 3.5
C0G620 1995022013 -9999 -9999 -9999 -9996
C0G620 1995022014 -9999 -9999 -9999 0.5
C0G620 1995022015 -9999 -9999 -9999 0.0
C0G620 1995022016 -9999 -9999 -9999 0.0
C0G620 1995022017 -9999 -9999 -9999 0.0
C0G620 1995022018 -9999 -9999 -9999 0.0
C0G620 1995022019 -9999 -9999 -9999 0.0
C0G620 1995022020 -9999 -9999 -9999 0.0
C0G620 1995022021 -9999 -9999 -9999 0.0
C0G620 1995022022 -9999 -9999 -9999 0.0
C0G620 1995022023 -9999 -9999 -9999 0.0
C0G620 1995022024 -9999 -9999 -9999 0.0
C0G620 1995022101 -9999 -9999 -9999 0.0
C0G620 1995022102 -9999 -9999 -9999 0.0
C0G620 1995022103 -9999 -9999 -9999 0.0
C0G620 1995022104 -9999 -9999 -9999 0.0
C0G620 1995022105 -9999 -9999 -9999 0.0
C0G620 1995022106 -9999 -9999 -9999 0.0
C0G620 1995022107 -9999 -9999 -9999 0.0
C0G620 1995022108 -9999 -9999 -9999 0.0
C0G620 1995022109 -9999 -9999 -9999 0.0
C0G620 1995022110 -9999 -9999 -9999 0.0
C0G620 1995022111 -9999 -9999 -9999 0.0
C0G620 1995022112 -9999 -9999 -9999 0.0
C0G620 1995022113 -9999 -9999 -9999 0.0
C0G620 1995022114 -9999 -9999 -9999 0.0
C0G620 1995022115 -9999 -9999 -9999 0.5
C0G620 1995022116 -9999 -9999 -9999 1.5
C0G620 1995022117 -9999 -9999 -9999 1.5
C0G620 1995022118 -9999 -9999 -9999 0.5
C0G620 1995022119 -9999 -9999 -9999 0.5
C0G620 1995022120 -9999 -9999 -9999 3.5
C0G620 1995022121 -9999 -9999 -9999 3.0
C0G620 1995022122 -9999 -9999 -9999 1.5
C0G620 1995022123 -9999 -9999 -9999 4.5
C0G620 1995022124 -9999 -9999 -9999 9.0
C0G620 1995022201 -9999 -9999 -9999 5.0
C0G620 1995022202 -9999 -9999 -9999 4.5
C0G620 1995022203 -9999 -9999 -9999 4.5
C0G620 1995022204 -9999 -9999 -9999 2.0
C0G620 1995022205 -9999 -9999 -9999 4.0
C0G620 1995022206 -9999 -9999 -9999 3.0
C0G620 1995022207 -9999 -9999 -9999 2.5
C0G620 1995022208 -9999 -9999 -9999 1.5
C0G620 1995022209 -9999 -9999 -9999 0.5
C0G620 1995022210 -9999 -9999 -9999 0.0
C0G620 1995022211 -9999 -9999 -9999 0.0
C0G620 1995022212 -9999 -9999 -9999 0.0
C0G620 1995022213 -9999 -9999 -9999 0.0
C0G620 1995022214 -9999 -9999 -9999 0.0
C0G620 1995022215 -9999 -9999 -9999 0.0
C0G620 1995022216 -9999 -9999 -9999 0.0
C0G620 1995022217 -9999 -9999 -9999 0.0
C0G620 1995022218 -9999 -9999 -9999 0.0
C0G620 1995022219 -9999 -9999 -9999 0.0
C0G620 1995022220 -9999 -9999 -9999 0.0
C0G620 1995022221 -9999 -9999 -9999 0.0
C0G620 1995022222 -9999 -9999 -9999 0.0
C0G620 1995022223 -9999 -9999 -9999 0.0
C0G620 1995022224 -9999 -9999 -9999 0.0
C0G620 1995022301 -9999 -9999 -9999 0.0
C0G620 1995022302 -9999 -9999 -9999 0.0
C0G620 1995022303 -9999 -9999 -9999 0.0
C0G620 1995022304 -9999 -9999 -9999 0.0
C0G620 1995022305 -9999 -9999 -9999 0.0
C0G620 1995022306 -9999 -9999 -9999 0.0
C0G620 1995022307 -9999 -9999 -9999 0.0
C0G620 1995022308 -9999 -9999 -9999 0.0
C0G620 1995022309 -9999 -9999 -9999 0.0
C0G620 1995022310 -9999 -9999 -9999 -9996
C0G620 1995022311 -9999 -9999 -9999 -9996
C0G620 1995022312 -9999 -9999 -9999 -9996
C0G620 1995022313 -9999 -9999 -9999 -9996
C0G620 1995022314 -9999 -9999 -9999 0.5
C0G620 1995022315 -9999 -9999 -9999 0.0
C0G620 1995022316 -9999 -9999 -9999 0.0
C0G620 1995022317 -9999 -9999 -9999 0.0
C0G620 1995022318 -9999 -9999 -9999 0.0
C0G620 1995022319 -9999 -9999 -9999 0.0
C0G620 1995022320 -9999 -9999 -9999 0.0
C0G620 1995022321 -9999 -9999 -9999 0.0
C0G620 1995022322 -9999 -9999 -9999 0.0
C0G620 1995022323 -9999 -9999 -9999 0.0
C0G620 1995022324 -9999 -9999 -9999 0.0
C0G620 1995022401 -9999 -9999 -9999 0.0
C0G620 1995022402 -9999 -9999 -9999 0.0
C0G620 1995022403 -9999 -9999 -9999 0.0
C0G620 1995022404 -9999 -9999 -9999 0.0
C0G620 1995022405 -9999 -9999 -9999 0.0
C0G620 1995022406 -9999 -9999 -9999 0.0
C0G620 1995022407 -9999 -9999 -9999 0.0
C0G620 1995022408 -9999 -9999 -9999 0.0
C0G620 1995022409 -9999 -9999 -9999 0.0
C0G620 1995022410 -9999 -9999 -9999 0.0
C0G620 1995022411 -9999 -9999 -9999 0.0
C0G620 1995022412 -9999 -9999 -9999 0.0
C0G620 1995022413 -9999 -9999 -9999 0.0
C0G620 1995022414 -9999 -9999 -9999 0.0
C0G620 1995022415 -9999 -9999 -9999 0.0
C0G620 1995022416 -9999 -9999 -9999 0.0
C0G620 1995022417 -9999 -9999 -9999 0.0
C0G620 1995022418 -9999 -9999 -9999 0.0
C0G620 1995022419 -9999 -9999 -9999 0.0
C0G620 1995022420 -9999 -9999 -9999 0.0
C0G620 1995022421 -9999 -9999 -9999 0.0
C0G620 1995022422 -9999 -9999 -9999 0.0
C0G620 1995022423 -9999 -9999 -9999 0.0
C0G620 1995022424 -9999 -9999 -9999 0.0
C0G620 1995022501 -9999 -9999 -9999 0.0
C0G620 1995022502 -9999 -9999 -9999 0.0
C0G620 1995022503 -9999 -9999 -9999 0.0
C0G620 1995022504 -9999 -9999 -9999 0.0
C0G620 1995022505 -9999 -9999 -9999 0.0
C0G620 1995022506 -9999 -9999 -9999 0.0
C0G620 1995022507 -9999 -9999 -9999 0.0
C0G620 1995022508 -9999 -9999 -9999 0.0
C0G620 1995022509 -9999 -9999 -9999 -9996
C0G620 1995022510 -9999 -9999 -9999 -9996
C0G620 1995022511 -9999 -9999 -9999 -9996
C0G620 1995022512 -9999 -9999 -9999 -9996
C0G620 1995022513 -9999 -9999 -9999 1.5
C0G620 1995022514 -9999 -9999 -9999 0.0
C0G620 1995022515 -9999 -9999 -9999 0.0
C0G620 1995022516 -9999 -9999 -9999 0.0
C0G620 1995022517 -9999 -9999 -9999 0.0
C0G620 1995022518 -9999 -9999 -9999 0.0
C0G620 1995022519 -9999 -9999 -9999 0.0
C0G620 1995022520 -9999 -9999 -9999 0.0
C0G620 1995022521 -9999 -9999 -9999 0.0
C0G620 1995022522 -9999 -9999 -9999 0.0
C0G620 1995022523 -9999 -9999 -9999 0.0
C0G620 1995022524 -9999 -9999 -9999 0.0
C0G620 1995022601 -9999 -9999 -9999 0.0
C0G620 1995022602 -9999 -9999 -9999 0.0
C0G620 1995022603 -9999 -9999 -9999 0.0
C0G620 1995022604 -9999 -9999 -9999 0.0
C0G620 1995022605 -9999 -9999 -9999 0.0
C0G620 1995022606 -9999 -9999 -9999 0.0
C0G620 1995022607 -9999 -9999 -9999 0.0
C0G620 1995022608 -9999 -9999 -9999 0.0
C0G620 1995022609 -9999 -9999 -9999 0.0
C0G620 1995022610 -9999 -9999 -9999 0.0
C0G620 1995022611 -9999 -9999 -9999 0.0
C0G620 1995022612 -9999 -9999 -9999 0.0
C0G620 1995022613 -9999 -9999 -9999 0.0
C0G620 1995022614 -9999 -9999 -9999 0.0
C0G620 1995022615 -9999 -9999 -9999 0.0
C0G620 1995022616 -9999 -9999 -9999 0.0
C0G620 1995022617 -9999 -9999 -9999 0.0
C0G620 1995022618 -9999 -9999 -9999 0.0
C0G620 1995022619 -9999 -9999 -9999 0.0
C0G620 1995022620 -9999 -9999 -9999 0.0
C0G620 1995022621 -9999 -9999 -9999 0.0
C0G620 1995022622 -9999 -9999 -9999 0.0
C0G620 1995022623 -9999 -9999 -9999 0.0
C0G620 1995022624 -9999 -9999 -9999 0.0
C0G620 1995022701 -9999 -9999 -9999 0.0
C0G620 1995022702 -9999 -9999 -9999 0.0
C0G620 1995022703 -9999 -9999 -9999 -9996
C0G620 1995022704 -9999 -9999 -9999 -9996
C0G620 1995022705 -9999 -9999 -9999 0.5
C0G620 1995022706 -9999 -9999 -9999 0.0
C0G620 1995022707 -9999 -9999 -9999 0.0
C0G620 1995022708 -9999 -9999 -9999 0.0
C0G620 1995022709 -9999 -9999 -9999 0.0
C0G620 1995022710 -9999 -9999 -9999 0.0
C0G620 1995022711 -9999 -9999 -9999 0.0
C0G620 1995022712 -9999 -9999 -9999 0.0
C0G620 1995022713 -9999 -9999 -9999 0.0
C0G620 1995022714 -9999 -9999 -9999 0.0
C0G620 1995022715 -9999 -9999 -9999 0.0
C0G620 1995022716 -9999 -9999 -9999 0.0
C0G620 1995022717 -9999 -9999 -9999 0.0
C0G620 1995022718 -9999 -9999 -9999 0.0
C0G620 1995022719 -9999 -9999 -9999 0.0
C0G620 1995022720 -9999 -9999 -9999 0.0
C0G620 1995022721 -9999 -9999 -9999 0.0
C0G620 1995022722 -9999 -9999 -9999 0.0
C0G620 1995022723 -9999 -9999 -9999 0.0
C0G620 1995022724 -9999 -9999 -9999 0.0
C0G620 1995022801 -9999 -9999 -9999 0.0
C0G620 1995022802 -9999 -9999 -9999 0.0
C0G620 1995022803 -9999 -9999 -9999 0.0
C0G620 1995022804 -9999 -9999 -9999 0.0
C0G620 1995022805 -9999 -9999 -9999 0.0
C0G620 1995022806 -9999 -9999 -9999 0.0
C0G620 1995022807 -9999 -9999 -9999 0.0
C0G620 1995022808 -9999 -9999 -9999 0.0
C0G620 1995022809 -9999 -9999 -9999 0.0
C0G620 1995022810 -9999 -9999 -9999 0.0
C0G620 1995022811 -9999 -9999 -9999 0.0
C0G620 1995022812 -9999 -9999 -9999 0.0
C0G620 1995022813 -9999 -9999 -9999 0.0
C0G620 1995022814 -9999 -9999 -9999 0.0
C0G620 1995022815 -9999 -9999 -9999 0.0
C0G620 1995022816 -9999 -9999 -9999 0.0
C0G620 1995022817 -9999 -9999 -9999 0.0
C0G620 1995022818 -9999 -9999 -9999 0.0
C0G620 1995022819 -9999 -9999 -9999 0.0
C0G620 1995022820 -9999 -9999 -9999 0.0
C0G620 1995022821 -9999 -9999 -9999 0.0
C0G620 1995022822 -9999 -9999 -9999 0.0
C0G620 1995022823 -9999 -9999 -9999 0.0
C0G620 1995022824 -9999 -9999 -9999 0.0
C0G650 1995020101 11.9 -9999 1.3 0.0
C0G650 1995020102 12.0 -9999 1.5 0.0
C0G650 1995020103 11.9 -9999 1.7 0.0
C0G650 1995020104 11.8 -9999 1.5 0.0
C0G650 1995020105 11.6 -9999 0.7 0.0
C0G650 1995020106 11.6 -9999 1.2 0.0
C0G650 1995020107 11.5 -9999 1.6 0.0
C0G650 1995020108 11.7 -9999 1.6 0.0
C0G650 1995020109 12.3 -9999 1.4 0.0
C0G650 1995020110 13.2 -9999 1.7 0.0
C0G650 1995020111 13.6 -9999 1.3 0.0
C0G650 1995020112 13.6 -9999 2.4 0.0
C0G650 1995020113 14.3 -9999 2.2 0.0
C0G650 1995020114 14.6 -9999 2.0 0.0
C0G650 1995020115 14.3 -9999 2.5 0.0
C0G650 1995020116 13.7 -9999 3.1 0.0
C0G650 1995020117 12.5 -9999 2.2 0.0
C0G650 1995020118 11.7 -9999 -9997 0.0
C0G650 1995020119 10.7 -9999 1.6 0.0
C0G650 1995020120 10.5 -9999 0.6 0.0
C0G650 1995020121 10.5 -9999 0.6 0.0
C0G650 1995020122 10.7 -9999 0.5 0.0
C0G650 1995020123 10.8 -9999 0.2 0.0
C0G650 1995020124 11.1 -9999 0.7 0.0
C0G650 1995020201 11.3 -9999 0.3 0.0
C0G650 1995020202 11.4 -9999 1.7 0.0
C0G650 1995020203 11.5 -9999 1.0 0.0
C0G650 1995020204 11.6 -9999 0.3 0.0
C0G650 1995020205 11.6 -9999 0.7 0.0
C0G650 1995020206 11.3 -9999 0.9 0.0
C0G650 1995020207 11.2 -9999 1.5 0.0
C0G650 1995020208 12.3 -9999 1.6 0.0
C0G650 1995020209 12.3 -9999 2.8 0.0
C0G650 1995020210 12.5 -9999 2.3 0.0
C0G650 1995020211 12.4 -9999 2.9 0.0
C0G650 1995020212 13.3 -9999 2.5 0.0
C0G650 1995020213 14.9 -9999 2.1 0.0
C0G650 1995020214 15.4 -9999 2.2 0.0
C0G650 1995020215 15.4 -9999 2.5 0.0
C0G650 1995020216 15.1 -9999 2.4 0.0
C0G650 1995020217 13.9 -9999 1.9 0.0
C0G650 1995020218 12.4 -9999 1.8 0.0
C0G650 1995020219 11.9 -9999 0.9 0.0
C0G650 1995020220 11.6 -9999 1.0 0.0
C0G650 1995020221 11.5 -9999 0.4 0.0
C0G650 1995020222 11.6 -9999 0.2 0.0
C0G650 1995020223 11.8 -9999 0.0 0.0
C0G650 1995020224 11.8 -9999 0.1 0.0
C0G650 1995020301 12.0 -9999 0.4 0.0
C0G650 1995020302 11.9 -9999 0.2 0.0
C0G650 1995020303 12.0 -9999 0.0 0.0
C0G650 1995020304 11.9 -9999 0.0 0.0
C0G650 1995020305 11.6 -9999 0.7 0.0
C0G650 1995020306 10.6 -9999 0.0 0.0
C0G650 1995020307 11.0 -9999 0.1 0.0
C0G650 1995020308 12.5 -9999 0.0 0.0
C0G650 1995020309 14.2 -9999 0.0 0.0
C0G650 1995020310 16.7 -9999 0.1 0.0
C0G650 1995020311 18.8 -9999 0.1 0.0
C0G650 1995020312 19.7 -9999 0.3 0.0
C0G650 1995020313 19.4 -9999 0.4 0.0
C0G650 1995020314 18.1 -9999 2.0 0.0
C0G650 1995020315 18.5 -9999 0.5 0.0
C0G650 1995020316 17.5 -9999 1.7 0.0
C0G650 1995020317 16.4 -9999 0.6 0.0
C0G650 1995020318 15.1 -9999 1.3 0.0
C0G650 1995020319 14.5 -9999 1.5 0.0
C0G650 1995020320 14.2 -9999 0.9 0.0
C0G650 1995020321 13.6 -9999 1.3 0.0
C0G650 1995020322 13.2 -9999 0.4 0.0
C0G650 1995020323 13.0 -9999 2.3 0.0
C0G650 1995020324 12.9 -9999 1.1 0.0
C0G650 1995020401 12.3 -9999 1.1 0.0
C0G650 1995020402 12.2 -9999 1.6 0.0
C0G650 1995020403 12.4 -9999 1.4 0.0
C0G650 1995020404 12.6 -9999 -9997 0.0
C0G650 1995020405 12.7 -9999 0.2 0.0
C0G650 1995020406 12.7 -9999 1.7 0.0
C0G650 1995020407 12.2 -9999 1.3 0.0
C0G650 1995020408 12.6 -9999 1.9 0.0
C0G650 1995020409 13.6 -9999 2.9 0.0
C0G650 1995020410 14.8 -9999 2.6 0.0
C0G650 1995020411 15.7 -9999 3.8 0.0
C0G650 1995020412 16.7 -9999 2.9 0.0
C0G650 1995020413 16.6 -9999 3.3 0.0
C0G650 1995020414 16.1 -9999 4.0 0.0
C0G650 1995020415 15.6 -9999 4.3 0.0
C0G650 1995020416 14.9 -9999 2.9 0.0
C0G650 1995020417 13.4 -9999 3.5 0.0
C0G650 1995020418 12.4 -9999 2.5 0.0
C0G650 1995020419 11.9 -9999 1.5 0.0
C0G650 1995020420 12.2 -9999 2.3 -9996
C0G650 1995020421 12.3 -9999 1.7 -9996
C0G650 1995020422 12.1 -9999 1.4 -9996
C0G650 1995020423 12.3 -9999 2.8 -9996
C0G650 1995020424 12.0 -9999 2.0 -9996
C0G650 1995020501 11.5 -9999 2.5 0.0
C0G650 1995020502 10.8 -9999 1.0 0.0
C0G650 1995020503 10.5 -9999 1.8 0.0
C0G650 1995020504 10.4 -9999 1.7 0.0
C0G650 1995020505 10.3 -9999 1.8 0.0
C0G650 1995020506 10.3 -9999 1.9 0.0
C0G650 1995020507 10.0 -9999 2.1 0.0
C0G650 1995020508 10.5 -9999 2.4 0.0
C0G650 1995020509 12.0 -9999 1.4 0.0
C0G650 1995020510 13.4 -9999 2.7 0.0
C0G650 1995020511 14.9 -9999 1.8 0.0
C0G650 1995020512 16.1 -9999 3.0 0.0
C0G650 1995020513 16.8 -9999 2.6 0.0
C0G650 1995020514 17.1 -9999 2.4 0.0
C0G650 1995020515 16.1 -9999 2.0 0.0
C0G650 1995020516 15.3 -9999 3.4 0.0
C0G650 1995020517 13.6 -9999 3.3 0.0
C0G650 1995020518 12.0 -9999 2.1 0.0
C0G650 1995020519 10.8 -9999 1.9 0.0
C0G650 1995020520 10.0 -9999 2.4 0.0
C0G650 1995020521 8.6 -9999 0.0 0.0
C0G650 1995020522 7.7 -9999 0.2 0.0
C0G650 1995020523 7.4 -9999 0.0 0.0
C0G650 1995020524 7.8 -9999 0.0 0.0
C0G650 1995020601 7.9 -9999 0.3 0.0
C0G650 1995020602 6.3 -9999 0.0 0.0
C0G650 1995020603 5.7 -9999 0.0 0.0
C0G650 1995020604 6.1 -9999 0.0 0.0
C0G650 1995020605 7.3 -9999 0.0 0.0
C0G650 1995020606 7.6 -9999 0.0 0.0
C0G650 1995020607 8.8 -9999 0.2 0.0
C0G650 1995020608 9.5 -9999 0.1 0.0
C0G650 1995020609 11.7 -9999 0.2 0.0
C0G650 1995020610 14.2 -9999 0.1 0.0
C0G650 1995020611 16.3 -9999 0.4 0.0
C0G650 1995020612 18.2 -9999 0.7 0.0
C0G650 1995020613 19.9 -9999 1.1 0.0
C0G650 1995020614 -9997 -9999 -9997 0.0
C0G650 1995020615 19.3 -9999 1.1 0.0
C0G650 1995020616 17.8 -9999 1.2 0.0
C0G650 1995020617 16.2 -9999 1.2 0.0
C0G650 1995020618 14.8 -9999 0.6 0.0
C0G650 1995020619 13.7 -9999 0.3 0.0
C0G650 1995020620 11.6 -9999 0.0 0.0
C0G650 1995020621 9.9 -9999 0.0 0.0
C0G650 1995020622 10.8 -9999 0.0 0.0
C0G650 1995020623 8.7 -9999 0.0 0.0
C0G650 1995020624 8.0 -9999 0.0 0.0
C0G650 1995020701 7.3 -9999 0.0 0.0
C0G650 1995020702 6.9 -9999 0.0 0.0
C0G650 1995020703 7.2 -9999 0.5 0.0
C0G650 1995020704 7.1 -9999 0.0 0.0
C0G650 1995020705 6.6 -9999 0.0 0.0
C0G650 1995020706 6.1 -9999 0.0 0.0
C0G650 1995020707 6.2 -9999 0.0 0.0
C0G650 1995020708 8.2 -9999 0.0 0.0
C0G650 1995020709 13.1 -9999 0.0 0.0
C0G650 1995020710 16.7 -9999 0.2 0.0
C0G650 1995020711 18.5 -9999 0.1 0.0
C0G650 1995020712 21.1 -9999 -9997 0.0
C0G650 1995020713 -9997 -9999 -9997 0.0
C0G650 1995020714 22.2 -9999 1.0 0.0
C0G650 1995020715 21.9 -9999 0.4 0.0
C0G650 1995020716 19.9 -9999 0.4 0.0
C0G650 1995020717 18.2 -9999 0.4 0.0
C0G650 1995020718 16.1 -9999 0.0 0.0
C0G650 1995020719 14.4 -9999 0.0 0.0
C0G650 1995020720 12.2 -9999 0.0 0.0
C0G650 1995020721 11.4 -9999 0.0 0.0
C0G650 1995020722 10.6 -9999 0.0 0.0
C0G650 1995020723 9.8 -9999 0.0 0.0
C0G650 1995020724 9.9 -9999 0.0 0.0
C0G650 1995020801 9.6 -9999 0.0 0.0
C0G650 1995020802 9.0 -9999 -9997 0.0
C0G650 1995020803 8.9 -9999 0.0 0.0
C0G650 1995020804 8.4 -9999 0.0 0.0
C0G650 1995020805 8.5 -9999 0.0 0.0
C0G650 1995020806 8.3 -9999 0.0 0.0
C0G650 1995020807 7.9 -9999 0.0 0.0
C0G650 1995020808 10.5 -9999 0.0 0.0
C0G650 1995020809 14.7 -9999 0.0 0.0
C0G650 1995020810 18.4 -9999 0.2 0.0
C0G650 1995020811 20.4 -9999 0.4 0.0
C0G650 1995020812 22.2 -9999 0.5 0.0
C0G650 1995020813 23.0 -9999 0.8 0.0
C0G650 1995020814 20.0 -9999 1.0 0.0
C0G650 1995020815 20.7 -9999 0.8 0.0
C0G650 1995020816 20.6 -9999 0.8 0.0
C0G650 1995020817 20.4 -9999 1.0 0.0
C0G650 1995020818 19.0 -9999 2.4 0.0
C0G650 1995020819 18.4 -9999 1.1 0.0
C0G650 1995020820 17.7 -9999 1.0 0.0
C0G650 1995020821 17.3 -9999 0.0 0.0
C0G650 1995020822 17.5 -9999 0.0 0.0
C0G650 1995020823 16.7 -9999 0.3 0.0
C0G650 1995020824 17.4 -9999 0.0 0.0
C0G650 1995020901 16.8 -9999 0.8 0.0
C0G650 1995020902 16.9 -9999 0.9 0.0
C0G650 1995020903 16.9 -9999 0.0 0.0
C0G650 1995020904 16.6 -9999 0.0 0.0
C0G650 1995020905 14.9 -9999 0.1 0.0
C0G650 1995020906 14.5 -9999 0.3 0.0
C0G650 1995020907 14.9 -9999 0.1 0.0
C0G650 1995020908 15.7 -9999 2.0 0.0
C0G650 1995020909 17.9 -9999 1.8 0.0
C0G650 1995020910 20.3 -9999 3.0 0.0
C0G650 1995020911 -9997 -9999 -9997 0.0
C0G650 1995020912 23.6 -9999 2.8 0.0
C0G650 1995020913 23.4 -9999 1.2 0.0
C0G650 1995020914 23.1 -9999 1.3 0.0
C0G650 1995020915 22.7 -9999 1.2 0.0
C0G650 1995020916 22.2 -9999 0.4 0.0
C0G650 1995020917 20.2 -9999 0.3 0.0
C0G650 1995020918 -9997 -9999 -9997 0.0
C0G650 1995020919 17.0 -9999 0.0 0.0
C0G650 1995020920 -9997 -9999 -9997 0.0
C0G650 1995020921 15.6 -9999 0.2 0.0
C0G650 1995020922 -9997 -9999 -9997 0.0
C0G650 1995020923 14.7 -9999 0.0 0.0
C0G650 1995020924 13.7 -9999 0.0 0.0
C0G650 1995021001 13.4 -9999 0.0 0.0
C0G650 1995021002 13.0 -9999 0.0 0.0
C0G650 1995021003 12.1 -9999 0.0 0.0
C0G650 1995021004 11.6 -9999 0.0 0.0
C0G650 1995021005 12.5 -9999 0.0 0.0
C0G650 1995021006 13.3 -9999 0.0 0.0
C0G650 1995021007 13.3 -9999 0.0 0.0
C0G650 1995021008 14.4 -9999 0.0 0.0
C0G650 1995021009 -9997 -9999 -9997 0.0
C0G650 1995021010 17.4 -9999 1.2 0.0
C0G650 1995021011 19.7 -9999 0.8 0.0
C0G650 1995021012 20.8 -9999 1.4 1.0
C0G650 1995021013 22.9 -9999 0.3 0.0
C0G650 1995021014 23.1 -9999 1.0 0.0
C0G650 1995021015 23.5 -9999 0.3 0.0
C0G650 1995021016 23.3 -9999 0.6 0.0
C0G650 1995021017 19.8 -9999 0.4 0.0
C0G650 1995021018 18.7 -9999 1.0 0.0
C0G650 1995021019 18.3 -9999 0.2 0.0
C0G650 1995021020 18.0 -9999 0.8 -9996
C0G650 1995021021 16.7 -9999 0.0 -9996
C0G650 1995021022 16.5 -9999 0.1 -9996
C0G650 1995021023 16.3 -9999 0.0 -9996
C0G650 1995021024 16.0 -9999 0.0 -9996
C0G650 1995021101 16.0 -9999 0.0 0.0
C0G650 1995021102 15.9 -9999 0.0 0.0
C0G650 1995021103 15.7 -9999 0.0 0.0
C0G650 1995021104 15.3 -9999 0.0 0.0
C0G650 1995021105 15.3 -9999 0.0 0.0
C0G650 1995021106 15.8 -9999 0.4 0.0
C0G650 1995021107 15.9 -9999 0.4 0.0
C0G650 1995021108 16.9 -9999 0.2 0.0
C0G650 1995021109 18.2 -9999 0.9 -9996
C0G650 1995021110 19.4 -9999 0.6 -9996
C0G650 1995021111 21.9 -9999 0.5 -9996
C0G650 1995021112 21.1 -9999 1.4 -9996
C0G650 1995021113 -9997 -9999 -9997 0.5
C0G650 1995021114 23.3 -9999 1.6 0.0
C0G650 1995021115 20.4 -9999 0.3 0.0
C0G650 1995021116 19.9 -9999 0.1 0.0
C0G650 1995021117 18.2 -9999 0.1 0.0
C0G650 1995021118 17.6 -9999 0.1 0.0
C0G650 1995021119 16.7 -9999 0.0 0.0
C0G650 1995021120 16.7 -9999 1.0 -9996
C0G650 1995021121 16.6 -9999 0.0 -9996
C0G650 1995021122 16.5 -9999 0.0 -9996
C0G650 1995021123 16.4 -9999 0.0 -9996
C0G650 1995021124 16.2 -9999 0.0 0.5
C0G650 1995021201 16.1 -9999 0.0 0.0
C0G650 1995021202 16.3 -9999 0.0 0.0
C0G650 1995021203 16.7 -9999 0.1 0.0
C0G650 1995021204 -9997 -9999 0.0 0.0
C0G650 1995021205 15.7 -9999 0.0 0.0
C0G650 1995021206 15.0 -9999 0.0 0.0
C0G650 1995021207 15.0 -9999 0.0 0.0
C0G650 1995021208 16.6 -9999 0.0 0.0
C0G650 1995021209 18.5 -9999 0.0 0.0
C0G650 1995021210 23.4 -9999 0.3 0.0
C0G650 1995021211 23.9 -9999 0.6 0.0
C0G650 1995021212 23.7 -9999 1.2 0.0
C0G650 1995021213 24.4 -9999 0.4 0.0
C0G650 1995021214 25.7 -9999 0.8 0.0
C0G650 1995021215 25.2 -9999 0.9 0.0
C0G650 1995021216 23.4 -9999 0.9 0.0
C0G650 1995021217 22.0 -9999 0.7 0.0
C0G650 1995021218 19.5 -9999 0.3 0.0
C0G650 1995021219 19.8 -9999 0.0 0.0
C0G650 1995021220 19.5 -9999 0.0 -9996
C0G650 1995021221 19.1 -9999 0.1 -9996
C0G650 1995021222 19.0 -9999 0.0 -9996
C0G650 1995021223 18.2 -9999 0.0 -9996
C0G650 1995021224 17.3 -9999 0.0 -9996
C0G650 1995021301 17.8 -9999 0.0 0.0
C0G650 1995021302 17.0 -9999 0.0 0.0
C0G650 1995021303 16.5 -9999 0.0 0.0
C0G650 1995021304 15.6 -9999 0.3 0.0
C0G650 1995021305 15.5 -9999 0.1 0.0
C0G650 1995021306 15.5 -9999 0.0 0.0
C0G650 1995021307 15.5 -9999 0.0 0.0
C0G650 1995021308 15.5 -9999 0.0 0.0
C0G650 1995021309 16.3 -9999 0.2 0.0
C0G650 1995021310 17.4 -9999 0.7 0.0
C0G650 1995021311 18.8 -9999 0.2 0.0
C0G650 1995021312 22.6 -9999 0.6 0.0
C0G650 1995021313 24.3 -9999 0.1 0.0
C0G650 1995021314 25.4 -9999 0.9 0.0
C0G650 1995021315 23.5 -9999 0.2 -9996
C0G650 1995021316 21.9 -9999 0.1 -9996
C0G650 1995021317 18.4 -9999 1.6 -9996
C0G650 1995021318 17.4 -9999 0.6 0.5
C0G650 1995021319 17.7 -9999 0.5 0.0
C0G650 1995021320 17.3 -9999 0.3 0.0
C0G650 1995021321 17.6 -9999 0.1 0.0
C0G650 1995021322 17.2 -9999 0.5 0.0
C0G650 1995021323 16.9 -9999 1.4 0.0
C0G650 1995021324 16.6 -9999 0.5 0.0
C0G650 1995021401 16.1 -9999 0.2 -9996
C0G650 1995021402 16.1 -9999 0.8 -9996
C0G650 1995021403 15.9 -9999 0.8 -9996
C0G650 1995021404 15.6 -9999 3.1 2.5
C0G650 1995021405 15.9 -9999 0.6 -9996
C0G650 1995021406 15.3 -9999 1.1 -9996
C0G650 1995021407 15.4 -9999 0.8 -9996
C0G650 1995021408 16.3 -9999 1.8 -9996
C0G650 1995021409 17.0 -9999 1.0 -9996
C0G650 1995021410 17.9 -9999 2.0 -9996
C0G650 1995021411 18.1 -9999 1.8 -9996
C0G650 1995021412 18.9 -9999 1.0 -9996
C0G650 1995021413 18.9 -9999 1.1 -9996
C0G650 1995021414 16.2 -9999 1.1 0.5
C0G650 1995021415 15.5 -9999 1.6 2.5
C0G650 1995021416 15.2 -9999 1.4 1.5
C0G650 1995021417 14.8 -9999 0.4 2.0
C0G650 1995021418 14.6 -9999 0.0 1.0
C0G650 1995021419 14.8 -9999 0.9 1.0
C0G650 1995021420 14.8 -9999 1.0 0.0
C0G650 1995021421 14.5 -9999 1.2 0.0
C0G650 1995021422 14.3 -9999 1.2 0.0
C0G650 1995021423 14.5 -9999 0.0 0.0
C0G650 1995021424 14.3 -9999 1.1 0.0
C0G650 1995021501 14.2 -9999 0.3 0.0
C0G650 1995021502 14.3 -9999 0.3 0.0
C0G650 1995021503 14.1 -9999 1.1 0.0
C0G650 1995021504 14.0 -9999 0.1 0.0
C0G650 1995021505 13.9 -9999 0.0 0.0
C0G650 1995021506 13.9 -9999 0.0 0.0
C0G650 1995021507 13.9 -9999 0.0 0.0
C0G650 1995021508 14.3 -9999 0.0 0.0
C0G650 1995021509 15.1 -9999 0.8 -9996
C0G650 1995021510 16.1 -9999 0.0 -9996
C0G650 1995021511 16.2 -9999 0.0 -9996
C0G650 1995021512 15.5 -9999 0.9 -9996
C0G650 1995021513 15.1 -9999 1.6 -9996
C0G650 1995021514 15.7 -9999 0.1 0.5
C0G650 1995021515 17.2 -9999 0.1 0.0
C0G650 1995021516 18.2 -9999 0.0 0.0
C0G650 1995021517 17.4 -9999 0.5 0.0
C0G650 1995021518 15.8 -9999 0.6 0.0
C0G650 1995021519 15.4 -9999 0.0 0.0
C0G650 1995021520 15.5 -9999 0.1 0.0
C0G650 1995021521 15.2 -9999 0.0 0.0
C0G650 1995021522 14.2 -9999 0.0 0.0
C0G650 1995021523 14.3 -9999 0.0 0.0
C0G650 1995021524 14.4 -9999 0.0 0.0
C0G650 1995021601 14.3 -9999 0.0 0.0
C0G650 1995021602 14.2 -9999 0.0 0.0
C0G650 1995021603 13.8 -9999 0.1 0.0
C0G650 1995021604 14.0 -9999 0.0 0.0
C0G650 1995021605 13.9 -9999 0.0 0.0
C0G650 1995021606 14.2 -9999 1.3 0.0
C0G650 1995021607 13.9 -9999 0.0 0.0
C0G650 1995021608 14.5 -9999 0.6 0.0
C0G650 1995021609 15.8 -9999 1.7 0.0
C0G650 1995021610 18.4 -9999 1.1 0.0
C0G650 1995021611 20.9 -9999 0.9 0.0
C0G650 1995021612 19.5 -9999 3.1 0.0
C0G650 1995021613 20.5 -9999 2.5 0.0
C0G650 1995021614 20.7 -9999 1.5 0.0
C0G650 1995021615 19.6 -9999 0.2 0.0
C0G650 1995021616 18.6 -9999 0.1 0.0
C0G650 1995021617 18.1 -9999 1.2 0.0
C0G650 1995021618 17.5 -9999 0.2 0.0
C0G650 1995021619 17.0 -9999 0.0 0.0
C0G650 1995021620 16.5 -9999 0.0 0.0
C0G650 1995021621 16.4 -9999 0.7 0.0
C0G650 1995021622 15.7 -9999 1.1 0.0
C0G650 1995021623 14.7 -9999 0.6 -9996
C0G650 1995021624 13.7 -9999 1.7 1.0
C0G650 1995021701 13.5 -9999 0.9 0.5
C0G650 1995021702 13.6 -9999 0.1 0.5
C0G650 1995021703 13.6 -9999 0.1 -9996
C0G650 1995021704 13.6 -9999 0.2 1.0
C0G650 1995021705 13.5 -9999 0.0 -9996
C0G650 1995021706 13.5 -9999 0.3 1.0
C0G650 1995021707 13.3 -9999 0.1 1.0
C0G650 1995021708 13.7 -9999 0.0 0.0
C0G650 1995021709 14.5 -9999 0.0 0.0
C0G650 1995021710 14.0 -9999 0.0 0.0
C0G650 1995021711 14.6 -9999 0.0 0.0
C0G650 1995021712 15.7 -9999 0.0 0.0
C0G650 1995021713 19.8 -9999 0.0 0.0
C0G650 1995021714 20.9 -9999 0.0 0.0
C0G650 1995021715 21.7 -9999 0.2 0.0
C0G650 1995021716 20.1 -9999 0.3 0.0
C0G650 1995021717 19.6 -9999 0.1 0.0
C0G650 1995021718 18.0 -9999 0.2 0.0
C0G650 1995021719 16.4 -9999 1.6 0.0
C0G650 1995021720 16.0 -9999 0.2 0.0
C0G650 1995021721 16.5 -9999 1.2 0.0
C0G650 1995021722 16.5 -9999 0.6 0.0
C0G650 1995021723 15.6 -9999 0.0 0.0
C0G650 1995021724 15.0 -9999 0.0 0.0
C0G650 1995021801 14.6 -9999 0.0 0.0
C0G650 1995021802 15.1 -9999 0.0 0.0
C0G650 1995021803 15.2 -9999 0.0 0.0
C0G650 1995021804 15.6 -9999 -9997 0.0
C0G650 1995021805 15.6 -9999 0.0 0.0
C0G650 1995021806 15.3 -9999 0.0 0.0
C0G650 1995021807 15.0 -9999 0.0 0.0
C0G650 1995021808 15.8 -9999 0.6 0.0
C0G650 1995021809 -9997 -9999 -9997 0.0
C0G650 1995021810 -9997 -9999 -9997 0.0
C0G650 1995021811 -9997 -9999 -9997 0.0
C0G650 1995021812 -9997 -9999 -9997 0.0
C0G650 1995021813 -9997 -9999 -9997 0.0
C0G650 1995021814 -9997 -9999 -9997 0.0
C0G650 1995021815 -9997 -9999 -9997 0.0
C0G650 1995021816 -9997 -9999 -9997 0.0
C0G650 1995021817 17.8 -9999 0.1 0.0
C0G650 1995021818 16.7 -9999 1.1 0.0
C0G650 1995021819 17.0 -9999 0.9 0.0
C0G650 1995021820 17.6 -9999 0.0 0.0
C0G650 1995021821 18.0 -9999 0.0 0.0
C0G650 1995021822 18.1 -9999 0.0 0.0
C0G650 1995021823 18.9 -9999 1.1 0.0
C0G650 1995021824 19.2 -9999 0.0 0.0
C0G650 1995021901 18.7 -9999 1.9 0.0
C0G650 1995021902 18.3 -9999 0.7 0.0
C0G650 1995021903 18.2 -9999 0.0 0.0
C0G650 1995021904 17.1 -9999 0.0 0.0
C0G650 1995021905 17.0 -9999 0.1 -9996
C0G650 1995021906 17.2 -9999 0.1 0.5
C0G650 1995021907 16.1 -9999 0.1 -9996
C0G650 1995021908 16.2 -9999 0.7 -9996
C0G650 1995021909 16.5 -9999 0.6 -9996
C0G650 1995021910 17.1 -9999 1.2 -9996
C0G650 1995021911 17.2 -9999 1.2 0.5
C0G650 1995021912 19.4 -9999 0.1 0.0
C0G650 1995021913 20.5 -9999 0.2 0.0
C0G650 1995021914 21.5 -9999 0.5 0.0
C0G650 1995021915 22.3 -9999 0.2 0.0
C0G650 1995021916 20.5 -9999 0.4 0.0
C0G650 1995021917 -9997 -9999 -9997 0.0
C0G650 1995021918 18.6 -9999 1.2 0.0
C0G650 1995021919 17.8 -9999 0.1 0.0
C0G650 1995021920 17.0 -9999 1.0 0.0
C0G650 1995021921 16.8 -9999 0.2 0.0
C0G650 1995021922 16.7 -9999 0.0 0.0
C0G650 1995021923 16.5 -9999 0.1 0.0
C0G650 1995021924 16.3 -9999 0.1 0.0
C0G650 1995022001 16.2 -9999 0.0 -9996
C0G650 1995022002 16.4 -9999 0.0 -9996
C0G650 1995022003 16.3 -9999 0.0 -9996
C0G650 1995022004 15.6 -9999 0.7 2.0
C0G650 1995022005 -9997 -9999 0.4 0.5
C0G650 1995022006 15.4 -9999 0.5 -9996
C0G650 1995022007 15.6 -9999 0.5 -9996
C0G650 1995022008 16.0 -9999 1.2 -9996
C0G650 1995022009 15.7 -9999 0.7 0.5
C0G650 1995022010 17.1 -9999 0.5 0.5
C0G650 1995022011 16.9 -9999 0.0 -9996
C0G650 1995022012 16.8 -9999 0.2 0.5
C0G650 1995022013 16.8 -9999 0.0 -9996
C0G650 1995022014 17.1 -9999 0.2 0.5
C0G650 1995022015 17.9 -9999 0.5 0.0
C0G650 1995022016 17.6 -9999 1.9 0.0
C0G650 1995022017 17.4 -9999 0.6 0.0
C0G650 1995022018 16.9 -9999 0.6 0.0
C0G650 1995022019 16.5 -9999 1.0 0.0
C0G650 1995022020 16.3 -9999 0.0 0.0
C0G650 1995022021 16.1 -9999 0.3 0.0
C0G650 1995022022 15.6 -9999 0.9 0.0
C0G650 1995022023 15.4 -9999 0.5 0.0
C0G650 1995022024 15.0 -9999 1.6 0.0
C0G650 1995022101 14.8 -9999 0.6 0.0
C0G650 1995022102 14.8 -9999 0.0 0.0
C0G650 1995022103 14.8 -9999 0.1 0.0
C0G650 1995022104 14.9 -9999 0.0 0.0
C0G650 1995022105 14.7 -9999 0.1 0.0
C0G650 1995022106 14.6 -9999 1.3 0.0
C0G650 1995022107 15.1 -9999 0.2 0.0
C0G650 1995022108 15.2 -9999 0.2 0.0
C0G650 1995022109 16.5 -9999 0.0 0.0
C0G650 1995022110 16.9 -9999 0.0 0.0
C0G650 1995022111 18.6 -9999 0.3 0.0
C0G650 1995022112 17.8 -9999 0.0 0.0
C0G650 1995022113 18.3 -9999 0.1 0.0
C0G650 1995022114 18.1 -9999 0.0 0.0
C0G650 1995022115 15.0 -9999 2.5 0.5
C0G650 1995022116 -9997 -9999 -9997 1.5
C0G650 1995022117 14.6 -9999 0.2 0.5
C0G650 1995022118 14.6 -9999 0.0 -9996
C0G650 1995022119 14.2 -9999 1.7 -9996
C0G650 1995022120 14.1 -9999 0.5 3.0
C0G650 1995022121 13.5 -9999 1.4 2.5
C0G650 1995022122 13.6 -9999 0.5 1.0
C0G650 1995022123 -9997 -9999 -9997 3.0
C0G650 1995022124 13.2 -9999 0.2 11.5
C0G650 1995022201 13.3 -9999 0.1 1.0
C0G650 1995022202 13.3 -9999 1.0 2.5
C0G650 1995022203 13.3 -9999 1.0 5.0
C0G650 1995022204 13.4 -9999 0.0 2.5
C0G650 1995022205 13.5 -9999 1.6 3.0
C0G650 1995022206 13.3 -9999 0.2 5.0
C0G650 1995022207 13.5 -9999 0.5 0.5
C0G650 1995022208 13.6 -9999 0.7 2.5
C0G650 1995022209 14.1 -9999 0.8 0.5
C0G650 1995022210 14.8 -9999 0.0 0.0
C0G650 1995022211 15.4 -9999 0.9 0.0
C0G650 1995022212 15.8 -9999 1.5 0.0
C0G650 1995022213 16.2 -9999 1.3 0.0
C0G650 1995022214 -9997 -9999 1.2 0.0
C0G650 1995022215 15.8 -9999 0.9 0.0
C0G650 1995022216 16.1 -9999 1.3 0.0
C0G650 1995022217 16.1 -9999 1.4 0.0
C0G650 1995022218 15.7 -9999 0.7 0.0
C0G650 1995022219 15.6 -9999 0.1 0.0
C0G650 1995022220 15.4 -9999 0.8 0.0
C0G650 1995022221 15.1 -9999 0.0 0.0
C0G650 1995022222 14.6 -9999 0.0 0.0
C0G650 1995022223 14.5 -9999 0.0 0.0
C0G650 1995022224 14.5 -9999 0.0 0.0
C0G650 1995022301 14.7 -9999 0.0 0.0
C0G650 1995022302 14.6 -9999 0.3 0.0
C0G650 1995022303 14.9 -9999 0.0 0.0
C0G650 1995022304 14.9 -9999 0.1 0.0
C0G650 1995022305 14.9 -9999 0.0 0.0
C0G650 1995022306 14.7 -9999 0.0 0.0
C0G650 1995022307 14.9 -9999 0.4 0.0
C0G650 1995022308 15.4 -9999 0.2 0.0
C0G650 1995022309 15.8 -9999 0.0 0.0
C0G650 1995022310 16.5 -9999 0.0 0.0
C0G650 1995022311 17.4 -9999 0.0 0.0
C0G650 1995022312 18.9 -9999 0.0 0.0
C0G650 1995022313 18.3 -9999 0.2 0.0
C0G650 1995022314 18.5 -9999 0.6 0.0
C0G650 1995022315 17.9 -9999 0.5 0.0
C0G650 1995022316 18.1 -9999 1.1 0.0
C0G650 1995022317 17.7 -9999 1.6 0.0
C0G650 1995022318 16.4 -9999 0.2 0.0
C0G650 1995022319 16.2 -9999 1.1 0.0
C0G650 1995022320 16.1 -9999 0.4 0.0
C0G650 1995022321 15.6 -9999 0.4 0.0
C0G650 1995022322 15.8 -9999 0.9 0.0
C0G650 1995022323 -9997 -9999 -9997 0.0
C0G650 1995022324 15.9 -9999 1.1 0.0
C0G650 1995022401 15.5 -9999 0.3 0.0
C0G650 1995022402 15.1 -9999 0.0 0.0
C0G650 1995022403 15.2 -9999 1.0 0.0
C0G650 1995022404 14.7 -9999 0.4 0.0
C0G650 1995022405 14.4 -9999 0.0 0.0
C0G650 1995022406 14.7 -9999 0.0 0.0
C0G650 1995022407 14.7 -9999 0.0 0.0
C0G650 1995022408 15.3 -9999 0.1 0.0
C0G650 1995022409 15.9 -9999 0.4 0.0
C0G650 1995022410 17.0 -9999 1.2 0.0
C0G650 1995022411 18.1 -9999 0.7 0.0
C0G650 1995022412 18.3 -9999 0.9 0.0
C0G650 1995022413 18.8 -9999 0.6 0.0
C0G650 1995022414 16.7 -9999 0.8 0.0
C0G650 1995022415 17.2 -9999 0.8 0.0
C0G650 1995022416 17.4 -9999 0.4 0.0
C0G650 1995022417 16.9 -9999 1.2 0.0
C0G650 1995022418 16.4 -9999 0.0 0.0
C0G650 1995022419 15.4 -9999 0.1 -9996
C0G650 1995022420 15.0 -9999 0.3 -9996
C0G650 1995022421 14.9 -9999 0.3 -9996
C0G650 1995022422 14.7 -9999 0.3 -9996
C0G650 1995022423 14.9 -9999 0.0 -9996
C0G650 1995022424 14.4 -9999 0.4 -9996
C0G650 1995022501 14.4 -9999 0.0 0.0
C0G650 1995022502 14.8 -9999 0.9 0.0
C0G650 1995022503 15.0 -9999 0.7 0.0
C0G650 1995022504 14.8 -9999 2.9 0.0
C0G650 1995022505 14.8 -9999 0.7 0.0
C0G650 1995022506 14.8 -9999 0.1 0.0
C0G650 1995022507 14.6 -9999 0.0 0.0
C0G650 1995022508 14.5 -9999 0.0 0.0
C0G650 1995022509 15.0 -9999 0.3 0.0
C0G650 1995022510 -9997 -9999 -9997 0.0
C0G650 1995022511 16.6 -9999 0.0 0.0
C0G650 1995022512 16.9 -9999 0.1 0.0
C0G650 1995022513 15.2 -9999 1.3 0.5
C0G650 1995022514 15.4 -9999 0.6 0.5
C0G650 1995022515 16.7 -9999 0.5 0.0
C0G650 1995022516 15.7 -9999 1.5 0.0
C0G650 1995022517 14.7 -9999 2.6 0.0
C0G650 1995022518 14.6 -9999 0.4 0.0
C0G650 1995022519 13.8 -9999 1.2 0.0
C0G650 1995022520 13.4 -9999 1.2 0.0
C0G650 1995022521 13.1 -9999 1.3 0.0
C0G650 1995022522 13.2 -9999 0.9 0.0
C0G650 1995022523 13.0 -9999 1.7 0.0
C0G650 1995022524 12.6 -9999 0.5 0.0
C0G650 1995022601 12.5 -9999 0.6 0.0
C0G650 1995022602 12.9 -9999 1.4 0.0
C0G650 1995022603 12.9 -9999 1.2 0.0
C0G650 1995022604 12.9 -9999 2.2 0.0
C0G650 1995022605 12.7 -9999 0.6 0.0
C0G650 1995022606 12.9 -9999 0.3 0.0
C0G650 1995022607 12.5 -9999 0.0 0.0
C0G650 1995022608 12.9 -9999 0.3 0.0
C0G650 1995022609 13.3 -9999 1.4 0.0
C0G650 1995022610 14.5 -9999 1.6 0.0
C0G650 1995022611 16.4 -9999 0.6 0.0
C0G650 1995022612 17.7 -9999 0.8 0.0
C0G650 1995022613 19.1 -9999 1.0 0.0
C0G650 1995022614 19.5 -9999 0.4 0.0
C0G650 1995022615 19.5 -9999 0.0 0.0
C0G650 1995022616 18.7 -9999 0.3 0.0
C0G650 1995022617 16.5 -9999 0.4 0.0
C0G650 1995022618 16.2 -9999 0.8 0.0
C0G650 1995022619 15.5 -9999 0.3 0.0
C0G650 1995022620 15.1 -9999 0.1 0.0
C0G650 1995022621 15.2 -9999 0.0 0.0
C0G650 1995022622 14.2 -9999 0.1 0.0
C0G650 1995022623 14.5 -9999 0.0 0.0
C0G650 1995022624 14.4 -9999 0.0 0.0
C0G650 1995022701 14.1 -9999 0.0 0.0
C0G650 1995022702 13.9 -9999 0.0 0.0
C0G650 1995022703 13.8 -9999 0.2 0.0
C0G650 1995022704 14.0 -9999 0.0 0.0
C0G650 1995022705 13.7 -9999 0.0 0.5
C0G650 1995022706 13.6 -9999 0.1 0.0
C0G650 1995022707 13.4 -9999 0.1 0.0
C0G650 1995022708 13.6 -9999 0.2 0.0
C0G650 1995022709 14.3 -9999 0.2 0.0
C0G650 1995022710 15.6 -9999 0.6 0.0
C0G650 1995022711 16.5 -9999 0.0 0.0
C0G650 1995022712 16.1 -9999 0.5 0.0
C0G650 1995022713 16.4 -9999 0.0 0.0
C0G650 1995022714 16.5 -9999 0.0 0.0
C0G650 1995022715 16.9 -9999 0.3 0.0
C0G650 1995022716 15.7 -9999 0.3 0.0
C0G650 1995022717 15.7 -9999 0.5 0.0
C0G650 1995022718 15.4 -9999 0.6 0.0
C0G650 1995022719 15.0 -9999 1.8 0.0
C0G650 1995022720 15.0 -9999 1.0 0.0
C0G650 1995022721 14.9 -9999 0.0 0.0
C0G650 1995022722 14.1 -9999 0.0 0.0
C0G650 1995022723 13.6 -9999 0.0 0.0
C0G650 1995022724 12.7 -9999 0.0 0.0
C0G650 1995022801 12.0 -9999 0.0 0.0
C0G650 1995022802 11.4 -9999 0.0 0.0
C0G650 1995022803 13.1 -9999 0.1 0.0
C0G650 1995022804 13.7 -9999 0.8 0.0
C0G650 1995022805 13.8 -9999 0.0 0.0
C0G650 1995022806 11.2 -9999 0.0 0.0
C0G650 1995022807 14.1 -9999 0.9 0.0
C0G650 1995022808 16.1 -9999 0.5 0.0
C0G650 1995022809 17.4 -9999 0.9 0.0
C0G650 1995022810 18.4 -9999 1.2 0.0
C0G650 1995022811 19.3 -9999 2.3 0.0
C0G650 1995022812 20.1 -9999 2.2 0.0
C0G650 1995022813 20.6 -9999 1.6 0.0
C0G650 1995022814 20.4 -9999 1.5 0.0
C0G650 1995022815 20.5 -9999 0.0 0.0
C0G650 1995022816 20.2 -9999 0.0 0.0
C0G650 1995022817 19.5 -9999 0.2 0.0
C0G650 1995022818 18.3 -9999 0.0 0.0
C0G650 1995022819 17.6 -9999 0.1 0.0
C0G650 1995022820 17.9 -9999 0.0 0.0
C0G650 1995022821 16.0 -9999 0.0 0.0
C0G650 1995022822 15.3 -9999 0.0 0.0
C0G650 1995022823 14.2 -9999 0.0 0.0
C0G650 1995022824 14.2 -9999 0.0 0.0
C0G660 1995020101 -9999 -9999 -9999 0.0
C0G660 1995020102 -9999 -9999 -9999 0.0
C0G660 1995020103 -9999 -9999 -9999 0.0
C0G660 1995020104 -9999 -9999 -9999 0.0
C0G660 1995020105 -9999 -9999 -9999 0.0
C0G660 1995020106 -9999 -9999 -9999 0.0
C0G660 1995020107 -9999 -9999 -9999 0.0
C0G660 1995020108 -9999 -9999 -9999 0.0
C0G660 1995020109 -9999 -9999 -9999 0.0
C0G660 1995020110 -9999 -9999 -9999 0.0
C0G660 1995020111 -9999 -9999 -9999 0.0
C0G660 1995020112 -9999 -9999 -9999 0.0
C0G660 1995020113 -9999 -9999 -9999 0.0
C0G660 1995020114 -9999 -9999 -9999 0.0
C0G660 1995020115 -9999 -9999 -9999 0.0
C0G660 1995020116 -9999 -9999 -9999 0.0
C0G660 1995020117 -9999 -9999 -9999 0.0
C0G660 1995020118 -9999 -9999 -9999 0.0
C0G660 1995020119 -9999 -9999 -9999 0.0
C0G660 1995020120 -9999 -9999 -9999 0.0
C0G660 1995020121 -9999 -9999 -9999 0.0
C0G660 1995020122 -9999 -9999 -9999 0.0
C0G660 1995020123 -9999 -9999 -9999 0.0
C0G660 1995020124 -9999 -9999 -9999 0.0
C0G660 1995020201 -9999 -9999 -9999 0.0
C0G660 1995020202 -9999 -9999 -9999 0.0
C0G660 1995020203 -9999 -9999 -9999 0.0
C0G660 1995020204 -9999 -9999 -9999 0.0
C0G660 1995020205 -9999 -9999 -9999 0.0
C0G660 1995020206 -9999 -9999 -9999 0.0
C0G660 1995020207 -9999 -9999 -9999 0.0
C0G660 1995020208 -9999 -9999 -9999 0.0
C0G660 1995020209 -9999 -9999 -9999 0.0
C0G660 1995020210 -9999 -9999 -9999 0.0
C0G660 1995020211 -9999 -9999 -9999 0.0
C0G660 1995020212 -9999 -9999 -9999 0.0
C0G660 1995020213 -9999 -9999 -9999 0.0
C0G660 1995020214 -9999 -9999 -9999 0.0
C0G660 1995020215 -9999 -9999 -9999 0.0
C0G660 1995020216 -9999 -9999 -9999 0.0
C0G660 1995020217 -9999 -9999 -9999 0.0
C0G660 1995020218 -9999 -9999 -9999 0.0
C0G660 1995020219 -9999 -9999 -9999 0.0
C0G660 1995020220 -9999 -9999 -9999 0.0
C0G660 1995020221 -9999 -9999 -9999 0.0
C0G660 1995020222 -9999 -9999 -9999 0.0
C0G660 1995020223 -9999 -9999 -9999 0.0
C0G660 1995020224 -9999 -9999 -9999 0.0
C0G660 1995020301 -9999 -9999 -9999 0.0
C0G660 1995020302 -9999 -9999 -9999 0.0
C0G660 1995020303 -9999 -9999 -9999 0.0
C0G660 1995020304 -9999 -9999 -9999 0.0
C0G660 1995020305 -9999 -9999 -9999 0.0
C0G660 1995020306 -9999 -9999 -9999 0.0
C0G660 1995020307 -9999 -9999 -9999 0.0
C0G660 1995020308 -9999 -9999 -9999 0.0
C0G660 1995020309 -9999 -9999 -9999 0.0
C0G660 1995020310 -9999 -9999 -9999 0.0
C0G660 1995020311 -9999 -9999 -9999 0.0
C0G660 1995020312 -9999 -9999 -9999 0.0
C0G660 1995020313 -9999 -9999 -9999 0.0
C0G660 1995020314 -9999 -9999 -9999 0.0
C0G660 1995020315 -9999 -9999 -9999 0.0
C0G660 1995020316 -9999 -9999 -9999 0.0
C0G660 1995020317 -9999 -9999 -9999 0.0
C0G660 1995020318 -9999 -9999 -9999 0.0
C0G660 1995020319 -9999 -9999 -9999 0.0
C0G660 1995020320 -9999 -9999 -9999 -9996
C0G660 1995020321 -9999 -9999 -9999 -9996
C0G660 1995020322 -9999 -9999 -9999 -9996
C0G660 1995020323 -9999 -9999 -9999 -9996
C0G660 1995020324 -9999 -9999 -9999 -9996
C0G660 1995020401 -9999 -9999 -9999 0.0
C0G660 1995020402 -9999 -9999 -9999 0.0
C0G660 1995020403 -9999 -9999 -9999 0.0
C0G660 1995020404 -9999 -9999 -9999 0.0
C0G660 1995020405 -9999 -9999 -9999 0.0
C0G660 1995020406 -9999 -9999 -9999 0.0
C0G660 1995020407 -9999 -9999 -9999 0.0
C0G660 1995020408 -9999 -9999 -9999 0.0
C0G660 1995020409 -9999 -9999 -9999 0.0
C0G660 1995020410 -9999 -9999 -9999 0.0
C0G660 1995020411 -9999 -9999 -9999 0.0
C0G660 1995020412 -9999 -9999 -9999 0.0
C0G660 1995020413 -9999 -9999 -9999 0.0
C0G660 1995020414 -9999 -9999 -9999 0.0
C0G660 1995020415 -9999 -9999 -9999 0.0
C0G660 1995020416 -9999 -9999 -9999 0.0
C0G660 1995020417 -9999 -9999 -9999 0.0
C0G660 1995020418 -9999 -9999 -9999 0.0
C0G660 1995020419 -9999 -9999 -9999 0.0
C0G660 1995020420 -9999 -9999 -9999 0.0
C0G660 1995020421 -9999 -9999 -9999 0.0
C0G660 1995020422 -9999 -9999 -9999 0.0
C0G660 1995020423 -9999 -9999 -9999 0.0
C0G660 1995020424 -9999 -9999 -9999 0.0
C0G660 1995020501 -9999 -9999 -9999 0.0
C0G660 1995020502 -9999 -9999 -9999 0.0
C0G660 1995020503 -9999 -9999 -9999 0.0
C0G660 1995020504 -9999 -9999 -9999 0.0
C0G660 1995020505 -9999 -9999 -9999 0.0
C0G660 1995020506 -9999 -9999 -9999 0.0
C0G660 1995020507 -9999 -9999 -9999 0.0
C0G660 1995020508 -9999 -9999 -9999 0.0
C0G660 1995020509 -9999 -9999 -9999 0.0
C0G660 1995020510 -9999 -9999 -9999 0.0
C0G660 1995020511 -9999 -9999 -9999 0.0
C0G660 1995020512 -9999 -9999 -9999 0.0
C0G660 1995020513 -9999 -9999 -9999 0.0
C0G660 1995020514 -9999 -9999 -9999 0.0
C0G660 1995020515 -9999 -9999 -9999 0.0
C0G660 1995020516 -9999 -9999 -9999 0.0
C0G660 1995020517 -9999 -9999 -9999 0.0
C0G660 1995020518 -9999 -9999 -9999 0.0
C0G660 1995020519 -9999 -9999 -9999 0.0
C0G660 1995020520 -9999 -9999 -9999 0.0
C0G660 1995020521 -9999 -9999 -9999 0.0
C0G660 1995020522 -9999 -9999 -9999 0.0
C0G660 1995020523 -9999 -9999 -9999 0.0
C0G660 1995020524 -9999 -9999 -9999 0.0
C0G660 1995020601 -9999 -9999 -9999 0.0
C0G660 1995020602 -9999 -9999 -9999 0.0
C0G660 1995020603 -9999 -9999 -9999 0.0
C0G660 1995020604 -9999 -9999 -9999 0.0
C0G660 1995020605 -9999 -9999 -9999 0.0
C0G660 1995020606 -9999 -9999 -9999 0.0
C0G660 1995020607 -9999 -9999 -9999 0.0
C0G660 1995020608 -9999 -9999 -9999 0.0
C0G660 1995020609 -9999 -9999 -9999 0.0
C0G660 1995020610 -9999 -9999 -9999 0.0
C0G660 1995020611 -9999 -9999 -9999 0.0
C0G660 1995020612 -9999 -9999 -9999 0.0
C0G660 1995020613 -9999 -9999 -9999 0.0
C0G660 1995020614 -9999 -9999 -9999 0.0
C0G660 1995020615 -9999 -9999 -9999 0.0
C0G660 1995020616 -9999 -9999 -9999 0.0
C0G660 1995020617 -9999 -9999 -9999 0.0
C0G660 1995020618 -9999 -9999 -9999 0.0
C0G660 1995020619 -9999 -9999 -9999 0.0
C0G660 1995020620 -9999 -9999 -9999 0.0
C0G660 1995020621 -9999 -9999 -9999 0.0
C0G660 1995020622 -9999 -9999 -9999 0.0
C0G660 1995020623 -9999 -9999 -9999 0.0
C0G660 1995020624 -9999 -9999 -9999 0.0
C0G660 1995020701 -9999 -9999 -9999 0.0
C0G660 1995020702 -9999 -9999 -9999 0.0
C0G660 1995020703 -9999 -9999 -9999 0.0
C0G660 1995020704 -9999 -9999 -9999 0.0
C0G660 1995020705 -9999 -9999 -9999 0.0
C0G660 1995020706 -9999 -9999 -9999 0.0
C0G660 1995020707 -9999 -9999 -9999 0.0
C0G660 1995020708 -9999 -9999 -9999 0.0
C0G660 1995020709 -9999 -9999 -9999 0.0
C0G660 1995020710 -9999 -9999 -9999 0.0
C0G660 1995020711 -9999 -9999 -9999 0.0
C0G660 1995020712 -9999 -9999 -9999 0.0
C0G660 1995020713 -9999 -9999 -9999 0.0
C0G660 1995020714 -9999 -9999 -9999 0.0
C0G660 1995020715 -9999 -9999 -9999 0.0
C0G660 1995020716 -9999 -9999 -9999 0.0
C0G660 1995020717 -9999 -9999 -9999 0.0
C0G660 1995020718 -9999 -9999 -9999 0.0
C0G660 1995020719 -9999 -9999 -9999 0.0
C0G660 1995020720 -9999 -9999 -9999 0.0
C0G660 1995020721 -9999 -9999 -9999 0.0
C0G660 1995020722 -9999 -9999 -9999 0.0
C0G660 1995020723 -9999 -9999 -9999 0.0
C0G660 1995020724 -9999 -9999 -9999 0.0
C0G660 1995020801 -9999 -9999 -9999 0.0
C0G660 1995020802 -9999 -9999 -9999 0.0
C0G660 1995020803 -9999 -9999 -9999 0.0
C0G660 1995020804 -9999 -9999 -9999 0.0
C0G660 1995020805 -9999 -9999 -9999 0.0
C0G660 1995020806 -9999 -9999 -9999 0.0
C0G660 1995020807 -9999 -9999 -9999 0.0
C0G660 1995020808 -9999 -9999 -9999 0.0
C0G660 1995020809 -9999 -9999 -9999 0.0
C0G660 1995020810 -9999 -9999 -9999 0.0
C0G660 1995020811 -9999 -9999 -9999 0.0
C0G660 1995020812 -9999 -9999 -9999 0.0
C0G660 1995020813 -9999 -9999 -9999 0.0
C0G660 1995020814 -9999 -9999 -9999 0.0
C0G660 1995020815 -9999 -9999 -9999 0.0
C0G660 1995020816 -9999 -9999 -9999 0.0
C0G660 1995020817 -9999 -9999 -9999 0.0
C0G660 1995020818 -9999 -9999 -9999 0.0
C0G660 1995020819 -9999 -9999 -9999 -9996
C0G660 1995020820 -9999 -9999 -9999 -9996
C0G660 1995020821 -9999 -9999 -9999 -9996
C0G660 1995020822 -9999 -9999 -9999 -9996
C0G660 1995020823 -9999 -9999 -9999 -9996
C0G660 1995020824 -9999 -9999 -9999 -9996
C0G660 1995020901 -9999 -9999 -9999 0.0
C0G660 1995020902 -9999 -9999 -9999 0.0
C0G660 1995020903 -9999 -9999 -9999 0.0
C0G660 1995020904 -9999 -9999 -9999 0.0
C0G660 1995020905 -9999 -9999 -9999 0.0
C0G660 1995020906 -9999 -9999 -9999 0.0
C0G660 1995020907 -9999 -9999 -9999 0.0
C0G660 1995020908 -9999 -9999 -9999 0.0
C0G660 1995020909 -9999 -9999 -9999 0.0
C0G660 1995020910 -9999 -9999 -9999 0.0
C0G660 1995020911 -9999 -9999 -9999 0.0
C0G660 1995020912 -9999 -9999 -9999 0.0
C0G660 1995020913 -9999 -9999 -9999 0.0
C0G660 1995020914 -9999 -9999 -9999 0.0
C0G660 1995020915 -9999 -9999 -9999 0.0
C0G660 1995020916 -9999 -9999 -9999 0.0
C0G660 1995020917 -9999 -9999 -9999 1.0
C0G660 1995020918 -9999 -9999 -9999 0.0
C0G660 1995020919 -9999 -9999 -9999 0.0
C0G660 1995020920 -9999 -9999 -9999 0.0
C0G660 1995020921 -9999 -9999 -9999 0.0
C0G660 1995020922 -9999 -9999 -9999 0.0
C0G660 1995020923 -9999 -9999 -9999 0.0
C0G660 1995020924 -9999 -9999 -9999 0.0
C0G660 1995021001 -9999 -9999 -9999 0.0
C0G660 1995021002 -9999 -9999 -9999 0.0
C0G660 1995021003 -9999 -9999 -9999 0.0
C0G660 1995021004 -9999 -9999 -9999 0.0
C0G660 1995021005 -9999 -9999 -9999 0.0
C0G660 1995021006 -9999 -9999 -9999 0.0
C0G660 1995021007 -9999 -9999 -9999 0.0
C0G660 1995021008 -9999 -9999 -9999 0.0
C0G660 1995021009 -9999 -9999 -9999 0.0
C0G660 1995021010 -9999 -9999 -9999 0.0
C0G660 1995021011 -9999 -9999 -9999 0.0
C0G660 1995021012 -9999 -9999 -9999 0.0
C0G660 1995021013 -9999 -9999 -9999 0.0
C0G660 1995021014 -9999 -9999 -9999 0.0
C0G660 1995021015 -9999 -9999 -9999 0.0
C0G660 1995021016 -9999 -9999 -9999 0.0
C0G660 1995021017 -9999 -9999 -9999 0.0
C0G660 1995021018 -9999 -9999 -9999 0.0
C0G660 1995021019 -9999 -9999 -9999 0.0
C0G660 1995021020 -9999 -9999 -9999 0.0
C0G660 1995021021 -9999 -9999 -9999 0.0
C0G660 1995021022 -9999 -9999 -9999 0.0
C0G660 1995021023 -9999 -9999 -9999 0.0
C0G660 1995021024 -9999 -9999 -9999 0.0
C0G660 1995021101 -9999 -9999 -9999 0.0
C0G660 1995021102 -9999 -9999 -9999 0.0
C0G660 1995021103 -9999 -9999 -9999 0.0
C0G660 1995021104 -9999 -9999 -9999 0.0
C0G660 1995021105 -9999 -9999 -9999 0.0
C0G660 1995021106 -9999 -9999 -9999 0.0
C0G660 1995021107 -9999 -9999 -9999 0.0
C0G660 1995021108 -9999 -9999 -9999 0.0
C0G660 1995021109 -9999 -9999 -9999 0.0
C0G660 1995021110 -9999 -9999 -9999 0.0
C0G660 1995021111 -9999 -9999 -9999 0.0
C0G660 1995021112 -9999 -9999 -9999 0.0
C0G660 1995021113 -9999 -9999 -9999 0.0
C0G660 1995021114 -9999 -9999 -9999 0.0
C0G660 1995021115 -9999 -9999 -9999 0.0
C0G660 1995021116 -9999 -9999 -9999 0.0
C0G660 1995021117 -9999 -9999 -9999 0.0
C0G660 1995021118 -9999 -9999 -9999 0.0
C0G660 1995021119 -9999 -9999 -9999 0.0
C0G660 1995021120 -9999 -9999 -9999 -9996
C0G660 1995021121 -9999 -9999 -9999 -9996
C0G660 1995021122 -9999 -9999 -9999 -9996
C0G660 1995021123 -9999 -9999 -9999 -9996
C0G660 1995021124 -9999 -9999 -9999 0.5
C0G660 1995021201 -9999 -9999 -9999 0.0
C0G660 1995021202 -9999 -9999 -9999 0.0
C0G660 1995021203 -9999 -9999 -9999 0.0
C0G660 1995021204 -9999 -9999 -9999 0.0
C0G660 1995021205 -9999 -9999 -9999 0.0
C0G660 1995021206 -9999 -9999 -9999 0.0
C0G660 1995021207 -9999 -9999 -9999 0.0
C0G660 1995021208 -9999 -9999 -9999 0.0
C0G660 1995021209 -9999 -9999 -9999 0.0
C0G660 1995021210 -9999 -9999 -9999 0.0
C0G660 1995021211 -9999 -9999 -9999 0.0
C0G660 1995021212 -9999 -9999 -9999 0.0
C0G660 1995021213 -9999 -9999 -9999 0.0
C0G660 1995021214 -9999 -9999 -9999 0.0
C0G660 1995021215 -9999 -9999 -9999 0.0
C0G660 1995021216 -9999 -9999 -9999 0.0
C0G660 1995021217 -9999 -9999 -9999 0.0
C0G660 1995021218 -9999 -9999 -9999 0.0
C0G660 1995021219 -9999 -9999 -9999 0.0
C0G660 1995021220 -9999 -9999 -9999 -9996
C0G660 1995021221 -9999 -9999 -9999 -9996
C0G660 1995021222 -9999 -9999 -9999 -9996
C0G660 1995021223 -9999 -9999 -9999 -9996
C0G660 1995021224 -9999 -9999 -9999 -9996
C0G660 1995021301 -9999 -9999 -9999 0.0
C0G660 1995021302 -9999 -9999 -9999 0.0
C0G660 1995021303 -9999 -9999 -9999 0.0
C0G660 1995021304 -9999 -9999 -9999 0.0
C0G660 1995021305 -9999 -9999 -9999 0.0
C0G660 1995021306 -9999 -9999 -9999 0.0
C0G660 1995021307 -9999 -9999 -9999 0.0
C0G660 1995021308 -9999 -9999 -9999 0.0
C0G660 1995021309 -9999 -9999 -9999 0.0
C0G660 1995021310 -9999 -9999 -9999 0.0
C0G660 1995021311 -9999 -9999 -9999 0.0
C0G660 1995021312 -9999 -9999 -9999 0.0
C0G660 1995021313 -9999 -9999 -9999 0.0
C0G660 1995021314 -9999 -9999 -9999 -9996
C0G660 1995021315 -9999 -9999 -9999 -9996
C0G660 1995021316 -9999 -9999 -9999 -9996
C0G660 1995021317 -9999 -9999 -9999 0.5
C0G660 1995021318 -9999 -9999 -9999 0.0
C0G660 1995021319 -9999 -9999 -9999 0.0
C0G660 1995021320 -9999 -9999 -9999 0.0
C0G660 1995021321 -9999 -9999 -9999 0.0
C0G660 1995021322 -9999 -9999 -9999 0.0
C0G660 1995021323 -9999 -9999 -9999 0.0
C0G660 1995021324 -9999 -9999 -9999 -9996
C0G660 1995021401 -9999 -9999 -9999 -9996
C0G660 1995021402 -9999 -9999 -9999 -9996
C0G660 1995021403 -9999 -9999 -9999 -9996
C0G660 1995021404 -9999 -9999 -9999 2.5
C0G660 1995021405 -9999 -9999 -9999 0.0
C0G660 1995021406 -9999 -9999 -9999 0.0
C0G660 1995021407 -9999 -9999 -9999 0.0
C0G660 1995021408 -9999 -9999 -9999 0.0
C0G660 1995021409 -9999 -9999 -9999 0.0
C0G660 1995021410 -9999 -9999 -9999 0.0
C0G660 1995021411 -9999 -9999 -9999 0.0
C0G660 1995021412 -9999 -9999 -9999 -9996
C0G660 1995021413 -9999 -9999 -9999 -9996
C0G660 1995021414 -9999 -9999 -9999 0.5
C0G660 1995021415 -9999 -9999 -9999 1.5
C0G660 1995021416 -9999 -9999 -9999 2.5
C0G660 1995021417 -9999 -9999 -9999 1.0
C0G660 1995021418 -9999 -9999 -9999 1.0
C0G660 1995021419 -9999 -9999 -9999 1.5
C0G660 1995021420 -9999 -9999 -9999 0.0
C0G660 1995021421 -9999 -9999 -9999 0.0
C0G660 1995021422 -9999 -9999 -9999 0.0
C0G660 1995021423 -9999 -9999 -9999 0.0
C0G660 1995021424 -9999 -9999 -9999 0.0
C0G660 1995021501 -9999 -9999 -9999 0.0
C0G660 1995021502 -9999 -9999 -9999 0.0
C0G660 1995021503 -9999 -9999 -9999 0.0
C0G660 1995021504 -9999 -9999 -9999 0.0
C0G660 1995021505 -9999 -9999 -9999 0.0
C0G660 1995021506 -9999 -9999 -9999 0.0
C0G660 1995021507 -9999 -9999 -9999 0.0
C0G660 1995021508 -9999 -9999 -9999 0.0
C0G660 1995021509 -9999 -9999 -9999 0.0
C0G660 1995021510 -9999 -9999 -9999 0.0
C0G660 1995021511 -9999 -9999 -9999 0.0
C0G660 1995021512 -9999 -9999 -9999 0.0
C0G660 1995021513 -9999 -9999 -9999 0.0
C0G660 1995021514 -9999 -9999 -9999 0.0
C0G660 1995021515 -9999 -9999 -9999 0.0
C0G660 1995021516 -9999 -9999 -9999 0.0
C0G660 1995021517 -9999 -9999 -9999 0.0
C0G660 1995021518 -9999 -9999 -9999 0.0
C0G660 1995021519 -9999 -9999 -9999 0.0
C0G660 1995021520 -9999 -9999 -9999 0.0
C0G660 1995021521 -9999 -9999 -9999 0.0
C0G660 1995021522 -9999 -9999 -9999 0.0
C0G660 1995021523 -9999 -9999 -9999 0.0
C0G660 1995021524 -9999 -9999 -9999 0.0
C0G660 1995021601 -9999 -9999 -9999 0.0
C0G660 1995021602 -9999 -9999 -9999 0.0
C0G660 1995021603 -9999 -9999 -9999 0.0
C0G660 1995021604 -9999 -9999 -9999 0.0
C0G660 1995021605 -9999 -9999 -9999 0.0
C0G660 1995021606 -9999 -9999 -9999 0.0
C0G660 1995021607 -9999 -9999 -9999 0.0
C0G660 1995021608 -9999 -9999 -9999 0.0
C0G660 1995021609 -9999 -9999 -9999 0.0
C0G660 1995021610 -9999 -9999 -9999 0.0
C0G660 1995021611 -9999 -9999 -9999 0.0
C0G660 1995021612 -9999 -9999 -9999 0.0
C0G660 1995021613 -9999 -9999 -9999 0.0
C0G660 1995021614 -9999 -9999 -9999 0.0
C0G660 1995021615 -9999 -9999 -9999 0.0
C0G660 1995021616 -9999 -9999 -9999 0.0
C0G660 1995021617 -9999 -9999 -9999 0.0
C0G660 1995021618 -9999 -9999 -9999 0.0
C0G660 1995021619 -9999 -9999 -9999 0.0
C0G660 1995021620 -9999 -9999 -9999 0.0
C0G660 1995021621 -9999 -9999 -9999 0.0
C0G660 1995021622 -9999 -9999 -9999 0.0
C0G660 1995021623 -9999 -9999 -9999 -9996
C0G660 1995021624 -9999 -9999 -9999 1.0
C0G660 1995021701 -9999 -9999 -9999 -9996
C0G660 1995021702 -9999 -9999 -9999 -9996
C0G660 1995021703 -9999 -9999 -9999 -9996
C0G660 1995021704 -9999 -9999 -9999 2.0
C0G660 1995021705 -9999 -9999 -9999 -9996
C0G660 1995021706 -9999 -9999 -9999 1.0
C0G660 1995021707 -9999 -9999 -9999 0.5
C0G660 1995021708 -9999 -9999 -9999 -9996
C0G660 1995021709 -9999 -9999 -9999 -9996
C0G660 1995021710 -9999 -9999 -9999 0.5
C0G660 1995021711 -9999 -9999 -9999 0.0
C0G660 1995021712 -9999 -9999 -9999 0.0
C0G660 1995021713 -9999 -9999 -9999 0.0
C0G660 1995021714 -9999 -9999 -9999 0.0
C0G660 1995021715 -9999 -9999 -9999 0.0
C0G660 1995021716 -9999 -9999 -9999 0.0
C0G660 1995021717 -9999 -9999 -9999 0.0
C0G660 1995021718 -9999 -9999 -9999 0.0
C0G660 1995021719 -9999 -9999 -9999 0.0
C0G660 1995021720 -9999 -9999 -9999 0.0
C0G660 1995021721 -9999 -9999 -9999 0.0
C0G660 1995021722 -9999 -9999 -9999 0.0
C0G660 1995021723 -9999 -9999 -9999 0.0
C0G660 1995021724 -9999 -9999 -9999 0.0
C0G660 1995021801 -9999 -9999 -9999 0.0
C0G660 1995021802 -9999 -9999 -9999 0.0
C0G660 1995021803 -9999 -9999 -9999 0.0
C0G660 1995021804 -9999 -9999 -9999 0.0
C0G660 1995021805 -9999 -9999 -9999 0.0
C0G660 1995021806 -9999 -9999 -9999 0.0
C0G660 1995021807 -9999 -9999 -9999 0.0
C0G660 1995021808 -9999 -9999 -9999 0.0
C0G660 1995021809 -9999 -9999 -9999 0.0
C0G660 1995021810 -9999 -9999 -9999 0.0
C0G660 1995021811 -9999 -9999 -9999 0.0
C0G660 1995021812 -9999 -9999 -9999 0.0
C0G660 1995021813 -9999 -9999 -9999 0.0
C0G660 1995021814 -9999 -9999 -9999 0.0
C0G660 1995021815 -9999 -9999 -9999 0.0
C0G660 1995021816 -9999 -9999 -9999 0.0
C0G660 1995021817 -9999 -9999 -9999 0.0
C0G660 1995021818 -9999 -9999 -9999 0.0
C0G660 1995021819 -9999 -9999 -9999 0.0
C0G660 1995021820 -9999 -9999 -9999 0.0
C0G660 1995021821 -9999 -9999 -9999 0.0
C0G660 1995021822 -9999 -9999 -9999 0.0
C0G660 1995021823 -9999 -9999 -9999 0.0
C0G660 1995021824 -9999 -9999 -9999 0.0
C0G660 1995021901 -9999 -9999 -9999 0.0
C0G660 1995021902 -9999 -9999 -9999 0.0
C0G660 1995021903 -9999 -9999 -9999 0.0
C0G660 1995021904 -9999 -9999 -9999 0.0
C0G660 1995021905 -9999 -9999 -9999 0.0
C0G660 1995021906 -9999 -9999 -9999 0.0
C0G660 1995021907 -9999 -9999 -9999 -9996
C0G660 1995021908 -9999 -9999 -9999 -9996
C0G660 1995021909 -9999 -9999 -9999 -9996
C0G660 1995021910 -9999 -9999 -9999 -9996
C0G660 1995021911 -9999 -9999 -9999 0.5
C0G660 1995021912 -9999 -9999 -9999 0.0
C0G660 1995021913 -9999 -9999 -9999 0.0
C0G660 1995021914 -9999 -9999 -9999 0.0
C0G660 1995021915 -9999 -9999 -9999 0.0
C0G660 1995021916 -9999 -9999 -9999 0.0
C0G660 1995021917 -9999 -9999 -9999 0.0
C0G660 1995021918 -9999 -9999 -9999 -9996
C0G660 1995021919 -9999 -9999 -9999 -9996
C0G660 1995021920 -9999 -9999 -9999 -9996
C0G660 1995021921 -9999 -9999 -9999 -9996
C0G660 1995021922 -9999 -9999 -9999 -9996
C0G660 1995021923 -9999 -9999 -9999 -9996
C0G660 1995021924 -9999 -9999 -9999 -9996
C0G660 1995022001 -9999 -9999 -9999 -9996
C0G660 1995022002 -9999 -9999 -9999 -9996
C0G660 1995022003 -9999 -9999 -9999 -9996
C0G660 1995022004 -9999 -9999 -9999 -9996
C0G660 1995022005 -9999 -9999 -9999 1.0
C0G660 1995022006 -9999 -9999 -9999 -9996
C0G660 1995022007 -9999 -9999 -9999 -9996
C0G660 1995022008 -9999 -9999 -9999 -9996
C0G660 1995022009 -9999 -9999 -9999 2.5
C0G660 1995022010 -9999 -9999 -9999 0.5
C0G660 1995022011 -9999 -9999 -9999 -9996
C0G660 1995022012 -9999 -9999 -9999 0.5
C0G660 1995022013 -9999 -9999 -9999 -9996
C0G660 1995022014 -9999 -9999 -9999 0.5
C0G660 1995022015 -9999 -9999 -9999 0.0
C0G660 1995022016 -9999 -9999 -9999 0.0
C0G660 1995022017 -9999 -9999 -9999 0.0
C0G660 1995022018 -9999 -9999 -9999 0.0
C0G660 1995022019 -9999 -9999 -9999 0.0
C0G660 1995022020 -9999 -9999 -9999 0.0
C0G660 1995022021 -9999 -9999 -9999 0.0
C0G660 1995022022 -9999 -9999 -9999 0.0
C0G660 1995022023 -9999 -9999 -9999 0.0
C0G660 1995022024 -9999 -9999 -9999 0.0
C0G660 1995022101 -9999 -9999 -9999 0.0
C0G660 1995022102 -9999 -9999 -9999 0.0
C0G660 1995022103 -9999 -9999 -9999 0.0
C0G660 1995022104 -9999 -9999 -9999 0.0
C0G660 1995022105 -9999 -9999 -9999 0.0
C0G660 1995022106 -9999 -9999 -9999 0.0
C0G660 1995022107 -9999 -9999 -9999 0.0
C0G660 1995022108 -9999 -9999 -9999 0.0
C0G660 1995022109 -9999 -9999 -9999 0.0
C0G660 1995022110 -9999 -9999 -9999 0.0
C0G660 1995022111 -9999 -9999 -9999 0.0
C0G660 1995022112 -9999 -9999 -9999 0.0
C0G660 1995022113 -9999 -9999 -9999 0.0
C0G660 1995022114 -9999 -9999 -9999 0.0
C0G660 1995022115 -9999 -9999 -9999 1.5
C0G660 1995022116 -9999 -9999 -9999 0.5
C0G660 1995022117 -9999 -9999 -9999 0.5
C0G660 1995022118 -9999 -9999 -9999 0.5
C0G660 1995022119 -9999 -9999 -9999 0.5
C0G660 1995022120 -9999 -9999 -9999 1.0
C0G660 1995022121 -9999 -9999 -9999 2.5
C0G660 1995022122 -9999 -9999 -9999 0.5
C0G660 1995022123 -9999 -9999 -9999 4.0
C0G660 1995022124 -9999 -9999 -9999 7.0
C0G660 1995022201 -9999 -9999 -9999 1.0
C0G660 1995022202 -9999 -9999 -9999 3.0
C0G660 1995022203 -9999 -9999 -9999 4.0
C0G660 1995022204 -9999 -9999 -9999 3.0
C0G660 1995022205 -9999 -9999 -9999 2.0
C0G660 1995022206 -9999 -9999 -9999 3.5
C0G660 1995022207 -9999 -9999 -9999 1.0
C0G660 1995022208 -9999 -9999 -9999 1.0
C0G660 1995022209 -9999 -9999 -9999 0.0
C0G660 1995022210 -9999 -9999 -9999 0.0
C0G660 1995022211 -9999 -9999 -9999 0.0
C0G660 1995022212 -9999 -9999 -9999 0.0
C0G660 1995022213 -9999 -9999 -9999 0.0
C0G660 1995022214 -9999 -9999 -9999 0.0
C0G660 1995022215 -9999 -9999 -9999 0.0
C0G660 1995022216 -9999 -9999 -9999 0.0
C0G660 1995022217 -9999 -9999 -9999 0.0
C0G660 1995022218 -9999 -9999 -9999 0.0
C0G660 1995022219 -9999 -9999 -9999 0.0
C0G660 1995022220 -9999 -9999 -9999 0.0
C0G660 1995022221 -9999 -9999 -9999 0.0
C0G660 1995022222 -9999 -9999 -9999 0.0
C0G660 1995022223 -9999 -9999 -9999 0.0
C0G660 1995022224 -9999 -9999 -9999 0.0
C0G660 1995022301 -9999 -9999 -9999 0.0
C0G660 1995022302 -9999 -9999 -9999 0.0
C0G660 1995022303 -9999 -9999 -9999 0.0
C0G660 1995022304 -9999 -9999 -9999 0.0
C0G660 1995022305 -9999 -9999 -9999 0.0
C0G660 1995022306 -9999 -9999 -9999 0.0
C0G660 1995022307 -9999 -9999 -9999 0.0
C0G660 1995022308 -9999 -9999 -9999 0.0
C0G660 1995022309 -9999 -9999 -9999 0.0
C0G660 1995022310 -9999 -9999 -9999 -9996
C0G660 1995022311 -9999 -9999 -9999 -9996
C0G660 1995022312 -9999 -9999 -9999 -9996
C0G660 1995022313 -9999 -9999 -9999 -9996
C0G660 1995022314 -9999 -9999 -9999 0.5
C0G660 1995022315 -9999 -9999 -9999 0.0
C0G660 1995022316 -9999 -9999 -9999 0.0
C0G660 1995022317 -9999 -9999 -9999 0.0
C0G660 1995022318 -9999 -9999 -9999 0.0
C0G660 1995022319 -9999 -9999 -9999 0.0
C0G660 1995022320 -9999 -9999 -9999 0.0
C0G660 1995022321 -9999 -9999 -9999 0.0
C0G660 1995022322 -9999 -9999 -9999 0.0
C0G660 1995022323 -9999 -9999 -9999 0.0
C0G660 1995022324 -9999 -9999 -9999 0.0
C0G660 1995022401 -9999 -9999 -9999 0.0
C0G660 1995022402 -9999 -9999 -9999 0.0
C0G660 1995022403 -9999 -9999 -9999 0.0
C0G660 1995022404 -9999 -9999 -9999 0.0
C0G660 1995022405 -9999 -9999 -9999 0.0
C0G660 1995022406 -9999 -9999 -9999 0.0
C0G660 1995022407 -9999 -9999 -9999 0.0
C0G660 1995022408 -9999 -9999 -9999 0.0
C0G660 1995022409 -9999 -9999 -9999 0.0
C0G660 1995022410 -9999 -9999 -9999 0.0
C0G660 1995022411 -9999 -9999 -9999 0.0
C0G660 1995022412 -9999 -9999 -9999 0.0
C0G660 1995022413 -9999 -9999 -9999 0.0
C0G660 1995022414 -9999 -9999 -9999 0.0
C0G660 1995022415 -9999 -9999 -9999 0.0
C0G660 1995022416 -9999 -9999 -9999 0.0
C0G660 1995022417 -9999 -9999 -9999 0.0
C0G660 1995022418 -9999 -9999 -9999 0.0
C0G660 1995022419 -9999 -9999 -9999 0.0
C0G660 1995022420 -9999 -9999 -9999 0.0
C0G660 1995022421 -9999 -9999 -9999 0.0
C0G660 1995022422 -9999 -9999 -9999 0.0
C0G660 1995022423 -9999 -9999 -9999 0.0
C0G660 1995022424 -9999 -9999 -9999 0.0
C0G660 1995022501 -9999 -9999 -9999 0.0
C0G660 1995022502 -9999 -9999 -9999 0.0
C0G660 1995022503 -9999 -9999 -9999 0.0
C0G660 1995022504 -9999 -9999 -9999 0.0
C0G660 1995022505 -9999 -9999 -9999 0.0
C0G660 1995022506 -9999 -9999 -9999 0.0
C0G660 1995022507 -9999 -9999 -9999 0.0
C0G660 1995022508 -9999 -9999 -9999 0.0
C0G660 1995022509 -9999 -9999 -9999 0.0
C0G660 1995022510 -9999 -9999 -9999 0.0
C0G660 1995022511 -9999 -9999 -9999 -9996
C0G660 1995022512 -9999 -9999 -9999 -9996
C0G660 1995022513 -9999 -9999 -9999 0.5
C0G660 1995022514 -9999 -9999 -9999 1.5
C0G660 1995022515 -9999 -9999 -9999 0.0
C0G660 1995022516 -9999 -9999 -9999 0.0
C0G660 1995022517 -9999 -9999 -9999 0.0
C0G660 1995022518 -9999 -9999 -9999 0.0
C0G660 1995022519 -9999 -9999 -9999 0.0
C0G660 1995022520 -9999 -9999 -9999 0.0
C0G660 1995022521 -9999 -9999 -9999 0.0
C0G660 1995022522 -9999 -9999 -9999 0.0
C0G660 1995022523 -9999 -9999 -9999 0.0
C0G660 1995022524 -9999 -9999 -9999 0.0
C0G660 1995022601 -9999 -9999 -9999 0.0
C0G660 1995022602 -9999 -9999 -9999 0.0
C0G660 1995022603 -9999 -9999 -9999 0.0
C0G660 1995022604 -9999 -9999 -9999 0.0
C0G660 1995022605 -9999 -9999 -9999 0.0
C0G660 1995022606 -9999 -9999 -9999 0.0
C0G660 1995022607 -9999 -9999 -9999 0.0
C0G660 1995022608 -9999 -9999 -9999 0.0
C0G660 1995022609 -9999 -9999 -9999 0.0
C0G660 1995022610 -9999 -9999 -9999 0.0
C0G660 1995022611 -9999 -9999 -9999 0.0
C0G660 1995022612 -9999 -9999 -9999 0.0
C0G660 1995022613 -9999 -9999 -9999 0.0
C0G660 1995022614 -9999 -9999 -9999 0.0
C0G660 1995022615 -9999 -9999 -9999 0.0
C0G660 1995022616 -9999 -9999 -9999 0.0
C0G660 1995022617 -9999 -9999 -9999 0.0
C0G660 1995022618 -9999 -9999 -9999 0.0
C0G660 1995022619 -9999 -9999 -9999 0.0
C0G660 1995022620 -9999 -9999 -9999 0.0
C0G660 1995022621 -9999 -9999 -9999 0.0
C0G660 1995022622 -9999 -9999 -9999 0.0
C0G660 1995022623 -9999 -9999 -9999 0.0
C0G660 1995022624 -9999 -9999 -9999 0.0
C0G660 1995022701 -9999 -9999 -9999 0.0
C0G660 1995022702 -9999 -9999 -9999 0.0
C0G660 1995022703 -9999 -9999 -9999 0.0
C0G660 1995022704 -9999 -9999 -9999 0.0
C0G660 1995022705 -9999 -9999 -9999 -9996
C0G660 1995022706 -9999 -9999 -9999 -9996
C0G660 1995022707 -9999 -9999 -9999 -9996
C0G660 1995022708 -9999 -9999 -9999 0.5
C0G660 1995022709 -9999 -9999 -9999 0.0
C0G660 1995022710 -9999 -9999 -9999 0.0
C0G660 1995022711 -9999 -9999 -9999 0.0
C0G660 1995022712 -9999 -9999 -9999 0.0
C0G660 1995022713 -9999 -9999 -9999 0.0
C0G660 1995022714 -9999 -9999 -9999 0.0
C0G660 1995022715 -9999 -9999 -9999 0.0
C0G660 1995022716 -9999 -9999 -9999 0.0
C0G660 1995022717 -9999 -9999 -9999 0.0
C0G660 1995022718 -9999 -9999 -9999 0.0
C0G660 1995022719 -9999 -9999 -9999 0.0
C0G660 1995022720 -9999 -9999 -9999 0.0
C0G660 1995022721 -9999 -9999 -9999 0.0
C0G660 1995022722 -9999 -9999 -9999 0.0
C0G660 1995022723 -9999 -9999 -9999 0.0
C0G660 1995022724 -9999 -9999 -9999 0.0
C0G660 1995022801 -9999 -9999 -9999 0.0
C0G660 1995022802 -9999 -9999 -9999 0.0
C0G660 1995022803 -9999 -9999 -9999 0.0
C0G660 1995022804 -9999 -9999 -9999 0.0
C0G660 1995022805 -9999 -9999 -9999 0.0
C0G660 1995022806 -9999 -9999 -9999 0.0
C0G660 1995022807 -9999 -9999 -9999 0.0
C0G660 1995022808 -9999 -9999 -9999 0.0
C0G660 1995022809 -9999 -9999 -9999 0.0
C0G660 1995022810 -9999 -9999 -9999 0.0
C0G660 1995022811 -9999 -9999 -9999 0.0
C0G660 1995022812 -9999 -9999 -9999 0.0
C0G660 1995022813 -9999 -9999 -9999 0.0
C0G660 1995022814 -9999 -9999 -9999 0.0
C0G660 1995022815 -9999 -9999 -9999 0.0
C0G660 1995022816 -9999 -9999 -9999 0.0
C0G660 1995022817 -9999 -9999 -9999 0.0
C0G660 1995022818 -9999 -9999 -9999 0.0
C0G660 1995022819 -9999 -9999 -9999 0.0
C0G660 1995022820 -9999 -9999 -9999 0.0
C0G660 1995022821 -9999 -9999 -9999 0.0
C0G660 1995022822 -9999 -9999 -9999 0.0
C0G660 1995022823 -9999 -9999 -9999 0.0
C0G660 1995022824 -9999 -9999 -9999 0.0
