C0G620 1996110101 -9999 -9999 -9999 0.0
C0G620 1996110102 -9999 -9999 -9999 0.0
C0G620 1996110103 -9999 -9999 -9999 0.0
C0G620 1996110104 -9999 -9999 -9999 0.0
C0G620 1996110105 -9999 -9999 -9999 0.0
C0G620 1996110106 -9999 -9999 -9999 0.0
C0G620 1996110107 -9999 -9999 -9999 0.0
C0G620 1996110108 -9999 -9999 -9999 0.0
C0G620 1996110109 -9999 -9999 -9999 0.0
C0G620 1996110110 -9999 -9999 -9999 0.0
C0G620 1996110111 -9999 -9999 -9999 0.0
C0G620 1996110112 -9999 -9999 -9999 0.0
C0G620 1996110113 -9999 -9999 -9999 0.0
C0G620 1996110114 -9999 -9999 -9999 0.0
C0G620 1996110115 -9999 -9999 -9999 0.0
C0G620 1996110116 -9999 -9999 -9999 0.0
C0G620 1996110117 -9999 -9999 -9999 0.0
C0G620 1996110118 -9999 -9999 -9999 0.0
C0G620 1996110119 -9999 -9999 -9999 0.0
C0G620 1996110120 -9999 -9999 -9999 -9996
C0G620 1996110121 -9999 -9999 -9999 -9996
C0G620 1996110122 -9999 -9999 -9999 -9996
C0G620 1996110123 -9999 -9999 -9999 -9996
C0G620 1996110124 -9999 -9999 -9999 -9996
C0G620 1996110201 -9999 -9999 -9999 0.0
C0G620 1996110202 -9999 -9999 -9999 0.0
C0G620 1996110203 -9999 -9999 -9999 0.0
C0G620 1996110204 -9999 -9999 -9999 0.0
C0G620 1996110205 -9999 -9999 -9999 0.0
C0G620 1996110206 -9999 -9999 -9999 0.0
C0G620 1996110207 -9999 -9999 -9999 0.0
C0G620 1996110208 -9999 -9999 -9999 0.0
C0G620 1996110209 -9999 -9999 -9999 0.0
C0G620 1996110210 -9999 -9999 -9999 0.0
C0G620 1996110211 -9999 -9999 -9999 0.0
C0G620 1996110212 -9999 -9999 -9999 0.0
C0G620 1996110213 -9999 -9999 -9999 0.0
C0G620 1996110214 -9999 -9999 -9999 0.0
C0G620 1996110215 -9999 -9999 -9999 0.0
C0G620 1996110216 -9999 -9999 -9999 0.0
C0G620 1996110217 -9999 -9999 -9999 0.0
C0G620 1996110218 -9999 -9999 -9999 0.0
C0G620 1996110219 -9999 -9999 -9999 0.0
C0G620 1996110220 -9999 -9999 -9999 0.0
C0G620 1996110221 -9999 -9999 -9999 0.0
C0G620 1996110222 -9999 -9999 -9999 0.0
C0G620 1996110223 -9999 -9999 -9999 0.0
C0G620 1996110224 -9999 -9999 -9999 0.0
C0G620 1996110301 -9999 -9999 -9999 0.0
C0G620 1996110302 -9999 -9999 -9999 0.0
C0G620 1996110303 -9999 -9999 -9999 0.0
C0G620 1996110304 -9999 -9999 -9999 0.0
C0G620 1996110305 -9999 -9999 -9999 0.0
C0G620 1996110306 -9999 -9999 -9999 0.0
C0G620 1996110307 -9999 -9999 -9999 0.0
C0G620 1996110308 -9999 -9999 -9999 0.0
C0G620 1996110309 -9999 -9999 -9999 0.0
C0G620 1996110310 -9999 -9999 -9999 0.0
C0G620 1996110311 -9999 -9999 -9999 0.0
C0G620 1996110312 -9999 -9999 -9999 0.0
C0G620 1996110313 -9999 -9999 -9999 0.0
C0G620 1996110314 -9999 -9999 -9999 0.0
C0G620 1996110315 -9999 -9999 -9999 0.0
C0G620 1996110316 -9999 -9999 -9999 0.0
C0G620 1996110317 -9999 -9999 -9999 0.0
C0G620 1996110318 -9999 -9999 -9999 0.0
C0G620 1996110319 -9999 -9999 -9999 0.0
C0G620 1996110320 -9999 -9999 -9999 0.0
C0G620 1996110321 -9999 -9999 -9999 0.0
C0G620 1996110322 -9999 -9999 -9999 0.0
C0G620 1996110323 -9999 -9999 -9999 0.0
C0G620 1996110324 -9999 -9999 -9999 0.0
C0G620 1996110401 -9999 -9999 -9999 0.0
C0G620 1996110402 -9999 -9999 -9999 0.0
C0G620 1996110403 -9999 -9999 -9999 0.0
C0G620 1996110404 -9999 -9999 -9999 0.0
C0G620 1996110405 -9999 -9999 -9999 0.0
C0G620 1996110406 -9999 -9999 -9999 0.0
C0G620 1996110407 -9999 -9999 -9999 0.0
C0G620 1996110408 -9999 -9999 -9999 0.0
C0G620 1996110409 -9999 -9999 -9999 0.0
C0G620 1996110410 -9999 -9999 -9999 0.0
C0G620 1996110411 -9999 -9999 -9999 0.0
C0G620 1996110412 -9999 -9999 -9999 0.0
C0G620 1996110413 -9999 -9999 -9999 0.0
C0G620 1996110414 -9999 -9999 -9999 0.0
C0G620 1996110415 -9999 -9999 -9999 0.0
C0G620 1996110416 -9999 -9999 -9999 0.0
C0G620 1996110417 -9999 -9999 -9999 0.0
C0G620 1996110418 -9999 -9999 -9999 0.0
C0G620 1996110419 -9999 -9999 -9999 0.0
C0G620 1996110420 -9999 -9999 -9999 0.0
C0G620 1996110421 -9999 -9999 -9999 0.0
C0G620 1996110422 -9999 -9999 -9999 0.0
C0G620 1996110423 -9999 -9999 -9999 0.0
C0G620 1996110424 -9999 -9999 -9999 0.0
C0G620 1996110501 -9999 -9999 -9999 0.0
C0G620 1996110502 -9999 -9999 -9999 0.0
C0G620 1996110503 -9999 -9999 -9999 0.0
C0G620 1996110504 -9999 -9999 -9999 0.0
C0G620 1996110505 -9999 -9999 -9999 0.0
C0G620 1996110506 -9999 -9999 -9999 0.0
C0G620 1996110507 -9999 -9999 -9999 0.0
C0G620 1996110508 -9999 -9999 -9999 0.0
C0G620 1996110509 -9999 -9999 -9999 0.0
C0G620 1996110510 -9999 -9999 -9999 0.0
C0G620 1996110511 -9999 -9999 -9999 0.0
C0G620 1996110512 -9999 -9999 -9999 0.0
C0G620 1996110513 -9999 -9999 -9999 0.0
C0G620 1996110514 -9999 -9999 -9999 0.0
C0G620 1996110515 -9999 -9999 -9999 0.0
C0G620 1996110516 -9999 -9999 -9999 0.0
C0G620 1996110517 -9999 -9999 -9999 0.0
C0G620 1996110518 -9999 -9999 -9999 0.0
C0G620 1996110519 -9999 -9999 -9999 0.0
C0G620 1996110520 -9999 -9999 -9999 0.0
C0G620 1996110521 -9999 -9999 -9999 0.0
C0G620 1996110522 -9999 -9999 -9999 0.0
C0G620 1996110523 -9999 -9999 -9999 0.0
C0G620 1996110524 -9999 -9999 -9999 0.0
C0G620 1996110601 -9999 -9999 -9999 0.0
C0G620 1996110602 -9999 -9999 -9999 0.0
C0G620 1996110603 -9999 -9999 -9999 0.0
C0G620 1996110604 -9999 -9999 -9999 0.0
C0G620 1996110605 -9999 -9999 -9999 0.0
C0G620 1996110606 -9999 -9999 -9999 0.0
C0G620 1996110607 -9999 -9999 -9999 0.0
C0G620 1996110608 -9999 -9999 -9999 0.0
C0G620 1996110609 -9999 -9999 -9999 0.0
C0G620 1996110610 -9999 -9999 -9999 0.0
C0G620 1996110611 -9999 -9999 -9999 0.0
C0G620 1996110612 -9999 -9999 -9999 0.0
C0G620 1996110613 -9999 -9999 -9999 0.0
C0G620 1996110614 -9999 -9999 -9999 0.0
C0G620 1996110615 -9999 -9999 -9999 0.0
C0G620 1996110616 -9999 -9999 -9999 0.0
C0G620 1996110617 -9999 -9999 -9999 0.0
C0G620 1996110618 -9999 -9999 -9999 0.0
C0G620 1996110619 -9999 -9999 -9999 0.0
C0G620 1996110620 -9999 -9999 -9999 0.0
C0G620 1996110621 -9999 -9999 -9999 0.0
C0G620 1996110622 -9999 -9999 -9999 0.0
C0G620 1996110623 -9999 -9999 -9999 0.0
C0G620 1996110624 -9999 -9999 -9999 0.0
C0G620 1996110701 -9999 -9999 -9999 0.0
C0G620 1996110702 -9999 -9999 -9999 0.0
C0G620 1996110703 -9999 -9999 -9999 0.0
C0G620 1996110704 -9999 -9999 -9999 0.0
C0G620 1996110705 -9999 -9999 -9999 0.0
C0G620 1996110706 -9999 -9999 -9999 0.0
C0G620 1996110707 -9999 -9999 -9999 0.0
C0G620 1996110708 -9999 -9999 -9999 0.0
C0G620 1996110709 -9999 -9999 -9999 0.0
C0G620 1996110710 -9999 -9999 -9999 0.0
C0G620 1996110711 -9999 -9999 -9999 0.0
C0G620 1996110712 -9999 -9999 -9999 0.0
C0G620 1996110713 -9999 -9999 -9999 0.0
C0G620 1996110714 -9999 -9999 -9999 0.0
C0G620 1996110715 -9999 -9999 -9999 0.0
C0G620 1996110716 -9999 -9999 -9999 0.0
C0G620 1996110717 -9999 -9999 -9999 0.0
C0G620 1996110718 -9999 -9999 -9999 0.0
C0G620 1996110719 -9999 -9999 -9999 0.0
C0G620 1996110720 -9999 -9999 -9999 0.0
C0G620 1996110721 -9999 -9999 -9999 0.0
C0G620 1996110722 -9999 -9999 -9999 0.0
C0G620 1996110723 -9999 -9999 -9999 0.0
C0G620 1996110724 -9999 -9999 -9999 0.0
C0G620 1996110801 -9999 -9999 -9999 0.0
C0G620 1996110802 -9999 -9999 -9999 0.0
C0G620 1996110803 -9999 -9999 -9999 0.0
C0G620 1996110804 -9999 -9999 -9999 0.0
C0G620 1996110805 -9999 -9999 -9999 0.0
C0G620 1996110806 -9999 -9999 -9999 0.0
C0G620 1996110807 -9999 -9999 -9999 0.0
C0G620 1996110808 -9999 -9999 -9999 0.0
C0G620 1996110809 -9999 -9999 -9999 0.0
C0G620 1996110810 -9999 -9999 -9999 0.0
C0G620 1996110811 -9999 -9999 -9999 0.0
C0G620 1996110812 -9999 -9999 -9999 0.0
C0G620 1996110813 -9999 -9999 -9999 0.0
C0G620 1996110814 -9999 -9999 -9999 0.0
C0G620 1996110815 -9999 -9999 -9999 0.0
C0G620 1996110816 -9999 -9999 -9999 0.0
C0G620 1996110817 -9999 -9999 -9999 0.0
C0G620 1996110818 -9999 -9999 -9999 0.0
C0G620 1996110819 -9999 -9999 -9999 0.0
C0G620 1996110820 -9999 -9999 -9999 0.0
C0G620 1996110821 -9999 -9999 -9999 0.0
C0G620 1996110822 -9999 -9999 -9999 0.0
C0G620 1996110823 -9999 -9999 -9999 0.0
C0G620 1996110824 -9999 -9999 -9999 0.0
C0G620 1996110901 -9999 -9999 -9999 0.0
C0G620 1996110902 -9999 -9999 -9999 0.0
C0G620 1996110903 -9999 -9999 -9999 0.0
C0G620 1996110904 -9999 -9999 -9999 0.0
C0G620 1996110905 -9999 -9999 -9999 0.0
C0G620 1996110906 -9999 -9999 -9999 0.0
C0G620 1996110907 -9999 -9999 -9999 0.0
C0G620 1996110908 -9999 -9999 -9999 0.0
C0G620 1996110909 -9999 -9999 -9999 0.0
C0G620 1996110910 -9999 -9999 -9999 0.0
C0G620 1996110911 -9999 -9999 -9999 0.0
C0G620 1996110912 -9999 -9999 -9999 0.0
C0G620 1996110913 -9999 -9999 -9999 0.0
C0G620 1996110914 -9999 -9999 -9999 0.0
C0G620 1996110915 -9999 -9999 -9999 0.0
C0G620 1996110916 -9999 -9999 -9999 -9996
C0G620 1996110917 -9999 -9999 -9999 0.5
C0G620 1996110918 -9999 -9999 -9999 1.0
C0G620 1996110919 -9999 -9999 -9999 1.0
C0G620 1996110920 -9999 -9999 -9999 -9996
C0G620 1996110921 -9999 -9999 -9999 0.5
C0G620 1996110922 -9999 -9999 -9999 0.0
C0G620 1996110923 -9999 -9999 -9999 0.0
C0G620 1996110924 -9999 -9999 -9999 0.0
C0G620 1996111001 -9999 -9999 -9999 0.0
C0G620 1996111002 -9999 -9999 -9999 0.0
C0G620 1996111003 -9999 -9999 -9999 0.0
C0G620 1996111004 -9999 -9999 -9999 -9996
C0G620 1996111005 -9999 -9999 -9999 0.5
C0G620 1996111006 -9999 -9999 -9999 0.0
C0G620 1996111007 -9999 -9999 -9999 0.0
C0G620 1996111008 -9999 -9999 -9999 0.0
C0G620 1996111009 -9999 -9999 -9999 0.0
C0G620 1996111010 -9999 -9999 -9999 0.0
C0G620 1996111011 -9999 -9999 -9999 0.0
C0G620 1996111012 -9999 -9999 -9999 0.0
C0G620 1996111013 -9999 -9999 -9999 0.0
C0G620 1996111014 -9999 -9999 -9999 0.0
C0G620 1996111015 -9999 -9999 -9999 0.0
C0G620 1996111016 -9999 -9999 -9999 0.0
C0G620 1996111017 -9999 -9999 -9999 0.0
C0G620 1996111018 -9999 -9999 -9999 0.0
C0G620 1996111019 -9999 -9999 -9999 0.0
C0G620 1996111020 -9999 -9999 -9999 0.0
C0G620 1996111021 -9999 -9999 -9999 0.0
C0G620 1996111022 -9999 -9999 -9999 0.0
C0G620 1996111023 -9999 -9999 -9999 0.0
C0G620 1996111024 -9999 -9999 -9999 0.0
C0G620 1996111101 -9999 -9999 -9999 0.0
C0G620 1996111102 -9999 -9999 -9999 0.0
C0G620 1996111103 -9999 -9999 -9999 0.0
C0G620 1996111104 -9999 -9999 -9999 0.0
C0G620 1996111105 -9999 -9999 -9999 0.0
C0G620 1996111106 -9999 -9999 -9999 0.0
C0G620 1996111107 -9999 -9999 -9999 0.0
C0G620 1996111108 -9999 -9999 -9999 0.0
C0G620 1996111109 -9999 -9999 -9999 0.0
C0G620 1996111110 -9999 -9999 -9999 0.0
C0G620 1996111111 -9999 -9999 -9999 0.0
C0G620 1996111112 -9999 -9999 -9999 0.0
C0G620 1996111113 -9999 -9999 -9999 0.0
C0G620 1996111114 -9999 -9999 -9999 0.0
C0G620 1996111115 -9999 -9999 -9999 0.0
C0G620 1996111116 -9999 -9999 -9999 0.0
C0G620 1996111117 -9999 -9999 -9999 0.0
C0G620 1996111118 -9999 -9999 -9999 0.0
C0G620 1996111119 -9999 -9999 -9999 0.0
C0G620 1996111120 -9999 -9999 -9999 0.0
C0G620 1996111121 -9999 -9999 -9999 0.0
C0G620 1996111122 -9999 -9999 -9999 0.0
C0G620 1996111123 -9999 -9999 -9999 0.0
C0G620 1996111124 -9999 -9999 -9999 0.0
C0G620 1996111201 -9999 -9999 -9999 0.0
C0G620 1996111202 -9999 -9999 -9999 0.0
C0G620 1996111203 -9999 -9999 -9999 0.0
C0G620 1996111204 -9999 -9999 -9999 0.0
C0G620 1996111205 -9999 -9999 -9999 0.0
C0G620 1996111206 -9999 -9999 -9999 -9996
C0G620 1996111207 -9999 -9999 -9999 0.5
C0G620 1996111208 -9999 -9999 -9999 0.0
C0G620 1996111209 -9999 -9999 -9999 0.0
C0G620 1996111210 -9999 -9999 -9999 0.0
C0G620 1996111211 -9999 -9999 -9999 0.0
C0G620 1996111212 -9999 -9999 -9999 0.0
C0G620 1996111213 -9999 -9999 -9999 0.0
C0G620 1996111214 -9999 -9999 -9999 0.0
C0G620 1996111215 -9999 -9999 -9999 0.0
C0G620 1996111216 -9999 -9999 -9999 0.0
C0G620 1996111217 -9999 -9999 -9999 0.0
C0G620 1996111218 -9999 -9999 -9999 0.0
C0G620 1996111219 -9999 -9999 -9999 0.0
C0G620 1996111220 -9999 -9999 -9999 -9996
C0G620 1996111221 -9999 -9999 -9999 -9996
C0G620 1996111222 -9999 -9999 -9999 -9996
C0G620 1996111223 -9999 -9999 -9999 -9996
C0G620 1996111224 -9999 -9999 -9999 -9996
C0G620 1996111301 -9999 -9999 -9999 0.0
C0G620 1996111302 -9999 -9999 -9999 0.0
C0G620 1996111303 -9999 -9999 -9999 0.0
C0G620 1996111304 -9999 -9999 -9999 0.0
C0G620 1996111305 -9999 -9999 -9999 0.0
C0G620 1996111306 -9999 -9999 -9999 0.0
C0G620 1996111307 -9999 -9999 -9999 0.0
C0G620 1996111308 -9999 -9999 -9999 0.0
C0G620 1996111309 -9999 -9999 -9999 0.0
C0G620 1996111310 -9999 -9999 -9999 0.0
C0G620 1996111311 -9999 -9999 -9999 0.0
C0G620 1996111312 -9999 -9999 -9999 0.0
C0G620 1996111313 -9999 -9999 -9999 0.0
C0G620 1996111314 -9999 -9999 -9999 0.0
C0G620 1996111315 -9999 -9999 -9999 0.0
C0G620 1996111316 -9999 -9999 -9999 0.0
C0G620 1996111317 -9999 -9999 -9999 0.0
C0G620 1996111318 -9999 -9999 -9999 0.0
C0G620 1996111319 -9999 -9999 -9999 0.0
C0G620 1996111320 -9999 -9999 -9999 -9996
C0G620 1996111321 -9999 -9999 -9999 -9996
C0G620 1996111322 -9999 -9999 -9999 -9996
C0G620 1996111323 -9999 -9999 -9999 -9996
C0G620 1996111324 -9999 -9999 -9999 -9996
C0G620 1996111401 -9999 -9999 -9999 0.0
C0G620 1996111402 -9999 -9999 -9999 0.0
C0G620 1996111403 -9999 -9999 -9999 0.0
C0G620 1996111404 -9999 -9999 -9999 0.0
C0G620 1996111405 -9999 -9999 -9999 0.0
C0G620 1996111406 -9999 -9999 -9999 0.0
C0G620 1996111407 -9999 -9999 -9999 0.0
C0G620 1996111408 -9999 -9999 -9999 0.0
C0G620 1996111409 -9999 -9999 -9999 0.0
C0G620 1996111410 -9999 -9999 -9999 0.0
C0G620 1996111411 -9999 -9999 -9999 0.0
C0G620 1996111412 -9999 -9999 -9999 0.0
C0G620 1996111413 -9999 -9999 -9999 0.0
C0G620 1996111414 -9999 -9999 -9999 0.0
C0G620 1996111415 -9999 -9999 -9999 0.0
C0G620 1996111416 -9999 -9999 -9999 0.0
C0G620 1996111417 -9999 -9999 -9999 0.0
C0G620 1996111418 -9999 -9999 -9999 0.0
C0G620 1996111419 -9999 -9999 -9999 0.0
C0G620 1996111420 -9999 -9999 -9999 0.0
C0G620 1996111421 -9999 -9999 -9999 0.0
C0G620 1996111422 -9999 -9999 -9999 0.0
C0G620 1996111423 -9999 -9999 -9999 0.0
C0G620 1996111424 -9999 -9999 -9999 0.0
C0G620 1996111501 -9999 -9999 -9999 0.0
C0G620 1996111502 -9999 -9999 -9999 0.0
C0G620 1996111503 -9999 -9999 -9999 0.0
C0G620 1996111504 -9999 -9999 -9999 0.0
C0G620 1996111505 -9999 -9999 -9999 0.0
C0G620 1996111506 -9999 -9999 -9999 0.0
C0G620 1996111507 -9999 -9999 -9999 0.0
C0G620 1996111508 -9999 -9999 -9999 0.0
C0G620 1996111509 -9999 -9999 -9999 0.0
C0G620 1996111510 -9999 -9999 -9999 0.0
C0G620 1996111511 -9999 -9999 -9999 0.0
C0G620 1996111512 -9999 -9999 -9999 0.0
C0G620 1996111513 -9999 -9999 -9999 0.0
C0G620 1996111514 -9999 -9999 -9999 0.0
C0G620 1996111515 -9999 -9999 -9999 0.0
C0G620 1996111516 -9999 -9999 -9999 0.0
C0G620 1996111517 -9999 -9999 -9999 0.0
C0G620 1996111518 -9999 -9999 -9999 0.0
C0G620 1996111519 -9999 -9999 -9999 0.0
C0G620 1996111520 -9999 -9999 -9999 0.0
C0G620 1996111521 -9999 -9999 -9999 0.0
C0G620 1996111522 -9999 -9999 -9999 0.0
C0G620 1996111523 -9999 -9999 -9999 0.0
C0G620 1996111524 -9999 -9999 -9999 0.0
C0G620 1996111601 -9999 -9999 -9999 0.0
C0G620 1996111602 -9999 -9999 -9999 0.0
C0G620 1996111603 -9999 -9999 -9999 0.0
C0G620 1996111604 -9999 -9999 -9999 0.0
C0G620 1996111605 -9999 -9999 -9999 0.0
C0G620 1996111606 -9999 -9999 -9999 0.0
C0G620 1996111607 -9999 -9999 -9999 0.0
C0G620 1996111608 -9999 -9999 -9999 0.0
C0G620 1996111609 -9999 -9999 -9999 0.0
C0G620 1996111610 -9999 -9999 -9999 0.0
C0G620 1996111611 -9999 -9999 -9999 0.0
C0G620 1996111612 -9999 -9999 -9999 0.0
C0G620 1996111613 -9999 -9999 -9999 0.0
C0G620 1996111614 -9999 -9999 -9999 0.0
C0G620 1996111615 -9999 -9999 -9999 0.0
C0G620 1996111616 -9999 -9999 -9999 0.0
C0G620 1996111617 -9999 -9999 -9999 0.0
C0G620 1996111618 -9999 -9999 -9999 0.0
C0G620 1996111619 -9999 -9999 -9999 0.0
C0G620 1996111620 -9999 -9999 -9999 0.0
C0G620 1996111621 -9999 -9999 -9999 0.0
C0G620 1996111622 -9999 -9999 -9999 0.0
C0G620 1996111623 -9999 -9999 -9999 0.0
C0G620 1996111624 -9999 -9999 -9999 0.0
C0G620 1996111701 -9999 -9999 -9999 0.0
C0G620 1996111702 -9999 -9999 -9999 0.0
C0G620 1996111703 -9999 -9999 -9999 0.0
C0G620 1996111704 -9999 -9999 -9999 0.0
C0G620 1996111705 -9999 -9999 -9999 0.0
C0G620 1996111706 -9999 -9999 -9999 0.0
C0G620 1996111707 -9999 -9999 -9999 0.0
C0G620 1996111708 -9999 -9999 -9999 0.0
C0G620 1996111709 -9999 -9999 -9999 0.0
C0G620 1996111710 -9999 -9999 -9999 0.0
C0G620 1996111711 -9999 -9999 -9999 0.0
C0G620 1996111712 -9999 -9999 -9999 0.0
C0G620 1996111713 -9999 -9999 -9999 0.0
C0G620 1996111714 -9999 -9999 -9999 0.0
C0G620 1996111715 -9999 -9999 -9999 0.0
C0G620 1996111716 -9999 -9999 -9999 0.0
C0G620 1996111717 -9999 -9999 -9999 0.0
C0G620 1996111718 -9999 -9999 -9999 0.0
C0G620 1996111719 -9999 -9999 -9999 0.0
C0G620 1996111720 -9999 -9999 -9999 0.0
C0G620 1996111721 -9999 -9999 -9999 0.0
C0G620 1996111722 -9999 -9999 -9999 0.0
C0G620 1996111723 -9999 -9999 -9999 0.0
C0G620 1996111724 -9999 -9999 -9999 0.0
C0G620 1996111801 -9999 -9999 -9999 0.0
C0G620 1996111802 -9999 -9999 -9999 0.0
C0G620 1996111803 -9999 -9999 -9999 0.0
C0G620 1996111804 -9999 -9999 -9999 0.0
C0G620 1996111805 -9999 -9999 -9999 0.0
C0G620 1996111806 -9999 -9999 -9999 0.0
C0G620 1996111807 -9999 -9999 -9999 0.0
C0G620 1996111808 -9999 -9999 -9999 0.0
C0G620 1996111809 -9999 -9999 -9999 0.0
C0G620 1996111810 -9999 -9999 -9999 0.0
C0G620 1996111811 -9999 -9999 -9999 0.0
C0G620 1996111812 -9999 -9999 -9999 0.0
C0G620 1996111813 -9999 -9999 -9999 0.0
C0G620 1996111814 -9999 -9999 -9999 0.0
C0G620 1996111815 -9999 -9999 -9999 0.0
C0G620 1996111816 -9999 -9999 -9999 0.0
C0G620 1996111817 -9999 -9999 -9999 0.0
C0G620 1996111818 -9999 -9999 -9999 0.0
C0G620 1996111819 -9999 -9999 -9999 0.0
C0G620 1996111820 -9999 -9999 -9999 0.0
C0G620 1996111821 -9999 -9999 -9999 0.0
C0G620 1996111822 -9999 -9999 -9999 0.0
C0G620 1996111823 -9999 -9999 -9999 0.0
C0G620 1996111824 -9999 -9999 -9999 0.0
C0G620 1996111901 -9999 -9999 -9999 0.0
C0G620 1996111902 -9999 -9999 -9999 0.0
C0G620 1996111903 -9999 -9999 -9999 0.0
C0G620 1996111904 -9999 -9999 -9999 0.0
C0G620 1996111905 -9999 -9999 -9999 0.0
C0G620 1996111906 -9999 -9999 -9999 0.0
C0G620 1996111907 -9999 -9999 -9999 0.0
C0G620 1996111908 -9999 -9999 -9999 0.0
C0G620 1996111909 -9999 -9999 -9999 0.0
C0G620 1996111910 -9999 -9999 -9999 0.0
C0G620 1996111911 -9999 -9999 -9999 0.0
C0G620 1996111912 -9999 -9999 -9999 0.0
C0G620 1996111913 -9999 -9999 -9999 0.0
C0G620 1996111914 -9999 -9999 -9999 0.0
C0G620 1996111915 -9999 -9999 -9999 0.0
C0G620 1996111916 -9999 -9999 -9999 0.0
C0G620 1996111917 -9999 -9999 -9999 0.0
C0G620 1996111918 -9999 -9999 -9999 0.0
C0G620 1996111919 -9999 -9999 -9999 0.0
C0G620 1996111920 -9999 -9999 -9999 0.0
C0G620 1996111921 -9999 -9999 -9999 0.0
C0G620 1996111922 -9999 -9999 -9999 0.0
C0G620 1996111923 -9999 -9999 -9999 0.0
C0G620 1996111924 -9999 -9999 -9999 0.0
C0G620 1996112001 -9999 -9999 -9999 0.0
C0G620 1996112002 -9999 -9999 -9999 0.0
C0G620 1996112003 -9999 -9999 -9999 0.0
C0G620 1996112004 -9999 -9999 -9999 0.0
C0G620 1996112005 -9999 -9999 -9999 0.0
C0G620 1996112006 -9999 -9999 -9999 0.0
C0G620 1996112007 -9999 -9999 -9999 0.0
C0G620 1996112008 -9999 -9999 -9999 0.0
C0G620 1996112009 -9999 -9999 -9999 0.0
C0G620 1996112010 -9999 -9999 -9999 0.0
C0G620 1996112011 -9999 -9999 -9999 0.0
C0G620 1996112012 -9999 -9999 -9999 0.0
C0G620 1996112013 -9999 -9999 -9999 0.0
C0G620 1996112014 -9999 -9999 -9999 0.0
C0G620 1996112015 -9999 -9999 -9999 0.0
C0G620 1996112016 -9999 -9999 -9999 0.0
C0G620 1996112017 -9999 -9999 -9999 0.0
C0G620 1996112018 -9999 -9999 -9999 0.0
C0G620 1996112019 -9999 -9999 -9999 0.0
C0G620 1996112020 -9999 -9999 -9999 0.0
C0G620 1996112021 -9999 -9999 -9999 0.0
C0G620 1996112022 -9999 -9999 -9999 0.0
C0G620 1996112023 -9999 -9999 -9999 0.0
C0G620 1996112024 -9999 -9999 -9999 0.0
C0G620 1996112101 -9999 -9999 -9999 0.0
C0G620 1996112102 -9999 -9999 -9999 0.0
C0G620 1996112103 -9999 -9999 -9999 0.0
C0G620 1996112104 -9999 -9999 -9999 0.0
C0G620 1996112105 -9999 -9999 -9999 0.0
C0G620 1996112106 -9999 -9999 -9999 0.0
C0G620 1996112107 -9999 -9999 -9999 0.0
C0G620 1996112108 -9999 -9999 -9999 0.0
C0G620 1996112109 -9999 -9999 -9999 0.0
C0G620 1996112110 -9999 -9999 -9999 0.0
C0G620 1996112111 -9999 -9999 -9999 0.0
C0G620 1996112112 -9999 -9999 -9999 0.0
C0G620 1996112113 -9999 -9999 -9999 0.0
C0G620 1996112114 -9999 -9999 -9999 0.0
C0G620 1996112115 -9999 -9999 -9999 0.0
C0G620 1996112116 -9999 -9999 -9999 0.0
C0G620 1996112117 -9999 -9999 -9999 0.0
C0G620 1996112118 -9999 -9999 -9999 0.0
C0G620 1996112119 -9999 -9999 -9999 0.0
C0G620 1996112120 -9999 -9999 -9999 0.0
C0G620 1996112121 -9999 -9999 -9999 0.0
C0G620 1996112122 -9999 -9999 -9999 0.0
C0G620 1996112123 -9999 -9999 -9999 0.0
C0G620 1996112124 -9999 -9999 -9999 0.0
C0G620 1996112201 -9999 -9999 -9999 0.0
C0G620 1996112202 -9999 -9999 -9999 0.0
C0G620 1996112203 -9999 -9999 -9999 0.0
C0G620 1996112204 -9999 -9999 -9999 0.0
C0G620 1996112205 -9999 -9999 -9999 0.0
C0G620 1996112206 -9999 -9999 -9999 0.0
C0G620 1996112207 -9999 -9999 -9999 0.0
C0G620 1996112208 -9999 -9999 -9999 0.0
C0G620 1996112209 -9999 -9999 -9999 0.0
C0G620 1996112210 -9999 -9999 -9999 0.0
C0G620 1996112211 -9999 -9999 -9999 0.0
C0G620 1996112212 -9999 -9999 -9999 0.0
C0G620 1996112213 -9999 -9999 -9999 0.0
C0G620 1996112214 -9999 -9999 -9999 0.0
C0G620 1996112215 -9999 -9999 -9999 0.0
C0G620 1996112216 -9999 -9999 -9999 0.0
C0G620 1996112217 -9999 -9999 -9999 0.0
C0G620 1996112218 -9999 -9999 -9999 0.0
C0G620 1996112219 -9999 -9999 -9999 0.0
C0G620 1996112220 -9999 -9999 -9999 0.0
C0G620 1996112221 -9999 -9999 -9999 0.0
C0G620 1996112222 -9999 -9999 -9999 0.0
C0G620 1996112223 -9999 -9999 -9999 0.0
C0G620 1996112224 -9999 -9999 -9999 0.0
C0G620 1996112301 -9999 -9999 -9999 0.0
C0G620 1996112302 -9999 -9999 -9999 0.0
C0G620 1996112303 -9999 -9999 -9999 0.0
C0G620 1996112304 -9999 -9999 -9999 0.0
C0G620 1996112305 -9999 -9999 -9999 0.0
C0G620 1996112306 -9999 -9999 -9999 0.0
C0G620 1996112307 -9999 -9999 -9999 0.0
C0G620 1996112308 -9999 -9999 -9999 0.0
C0G620 1996112309 -9999 -9999 -9999 0.0
C0G620 1996112310 -9999 -9999 -9999 0.0
C0G620 1996112311 -9999 -9999 -9999 0.0
C0G620 1996112312 -9999 -9999 -9999 0.0
C0G620 1996112313 -9999 -9999 -9999 0.0
C0G620 1996112314 -9999 -9999 -9999 0.0
C0G620 1996112315 -9999 -9999 -9999 0.0
C0G620 1996112316 -9999 -9999 -9999 0.0
C0G620 1996112317 -9999 -9999 -9999 0.0
C0G620 1996112318 -9999 -9999 -9999 0.0
C0G620 1996112319 -9999 -9999 -9999 0.0
C0G620 1996112320 -9999 -9999 -9999 0.0
C0G620 1996112321 -9999 -9999 -9999 0.0
C0G620 1996112322 -9999 -9999 -9999 0.0
C0G620 1996112323 -9999 -9999 -9999 0.0
C0G620 1996112324 -9999 -9999 -9999 0.0
C0G620 1996112401 -9999 -9999 -9999 0.0
C0G620 1996112402 -9999 -9999 -9999 0.0
C0G620 1996112403 -9999 -9999 -9999 0.0
C0G620 1996112404 -9999 -9999 -9999 0.0
C0G620 1996112405 -9999 -9999 -9999 0.0
C0G620 1996112406 -9999 -9999 -9999 0.0
C0G620 1996112407 -9999 -9999 -9999 0.0
C0G620 1996112408 -9999 -9999 -9999 0.0
C0G620 1996112409 -9999 -9999 -9999 0.0
C0G620 1996112410 -9999 -9999 -9999 0.0
C0G620 1996112411 -9999 -9999 -9999 0.0
C0G620 1996112412 -9999 -9999 -9999 0.0
C0G620 1996112413 -9999 -9999 -9999 0.0
C0G620 1996112414 -9999 -9999 -9999 0.0
C0G620 1996112415 -9999 -9999 -9999 0.0
C0G620 1996112416 -9999 -9999 -9999 0.0
C0G620 1996112417 -9999 -9999 -9999 0.0
C0G620 1996112418 -9999 -9999 -9999 0.0
C0G620 1996112419 -9999 -9999 -9999 0.0
C0G620 1996112420 -9999 -9999 -9999 0.0
C0G620 1996112421 -9999 -9999 -9999 0.0
C0G620 1996112422 -9999 -9999 -9999 0.0
C0G620 1996112423 -9999 -9999 -9999 0.0
C0G620 1996112424 -9999 -9999 -9999 0.0
C0G620 1996112501 -9999 -9999 -9999 0.0
C0G620 1996112502 -9999 -9999 -9999 0.0
C0G620 1996112503 -9999 -9999 -9999 0.0
C0G620 1996112504 -9999 -9999 -9999 0.0
C0G620 1996112505 -9999 -9999 -9999 0.0
C0G620 1996112506 -9999 -9999 -9999 0.0
C0G620 1996112507 -9999 -9999 -9999 0.0
C0G620 1996112508 -9999 -9999 -9999 0.0
C0G620 1996112509 -9999 -9999 -9999 0.0
C0G620 1996112510 -9999 -9999 -9999 0.0
C0G620 1996112511 -9999 -9999 -9999 0.0
C0G620 1996112512 -9999 -9999 -9999 0.0
C0G620 1996112513 -9999 -9999 -9999 0.0
C0G620 1996112514 -9999 -9999 -9999 0.0
C0G620 1996112515 -9999 -9999 -9999 0.0
C0G620 1996112516 -9999 -9999 -9999 0.0
C0G620 1996112517 -9999 -9999 -9999 0.0
C0G620 1996112518 -9999 -9999 -9999 0.0
C0G620 1996112519 -9999 -9999 -9999 0.0
C0G620 1996112520 -9999 -9999 -9999 0.0
C0G620 1996112521 -9999 -9999 -9999 0.0
C0G620 1996112522 -9999 -9999 -9999 0.0
C0G620 1996112523 -9999 -9999 -9999 0.0
C0G620 1996112524 -9999 -9999 -9999 0.0
C0G620 1996112601 -9999 -9999 -9999 0.0
C0G620 1996112602 -9999 -9999 -9999 0.0
C0G620 1996112603 -9999 -9999 -9999 0.0
C0G620 1996112604 -9999 -9999 -9999 0.0
C0G620 1996112605 -9999 -9999 -9999 0.0
C0G620 1996112606 -9999 -9999 -9999 0.0
C0G620 1996112607 -9999 -9999 -9999 0.0
C0G620 1996112608 -9999 -9999 -9999 0.0
C0G620 1996112609 -9999 -9999 -9999 0.0
C0G620 1996112610 -9999 -9999 -9999 0.0
C0G620 1996112611 -9999 -9999 -9999 0.0
C0G620 1996112612 -9999 -9999 -9999 0.0
C0G620 1996112613 -9999 -9999 -9999 0.0
C0G620 1996112614 -9999 -9999 -9999 0.0
C0G620 1996112615 -9999 -9999 -9999 0.0
C0G620 1996112616 -9999 -9999 -9999 0.0
C0G620 1996112617 -9999 -9999 -9999 0.0
C0G620 1996112618 -9999 -9999 -9999 0.0
C0G620 1996112619 -9999 -9999 -9999 0.0
C0G620 1996112620 -9999 -9999 -9999 0.0
C0G620 1996112621 -9999 -9999 -9999 0.0
C0G620 1996112622 -9999 -9999 -9999 0.0
C0G620 1996112623 -9999 -9999 -9999 0.0
C0G620 1996112624 -9999 -9999 -9999 0.0
C0G620 1996112701 -9999 -9999 -9999 0.0
C0G620 1996112702 -9999 -9999 -9999 0.0
C0G620 1996112703 -9999 -9999 -9999 0.0
C0G620 1996112704 -9999 -9999 -9999 0.0
C0G620 1996112705 -9999 -9999 -9999 0.0
C0G620 1996112706 -9999 -9999 -9999 0.0
C0G620 1996112707 -9999 -9999 -9999 0.0
C0G620 1996112708 -9999 -9999 -9999 0.0
C0G620 1996112709 -9999 -9999 -9999 0.0
C0G620 1996112710 -9999 -9999 -9999 0.0
C0G620 1996112711 -9999 -9999 -9999 0.0
C0G620 1996112712 -9999 -9999 -9999 0.0
C0G620 1996112713 -9999 -9999 -9999 0.0
C0G620 1996112714 -9999 -9999 -9999 0.0
C0G620 1996112715 -9999 -9999 -9999 0.0
C0G620 1996112716 -9999 -9999 -9999 0.0
C0G620 1996112717 -9999 -9999 -9999 0.0
C0G620 1996112718 -9999 -9999 -9999 0.0
C0G620 1996112719 -9999 -9999 -9999 0.0
C0G620 1996112720 -9999 -9999 -9999 0.0
C0G620 1996112721 -9999 -9999 -9999 0.0
C0G620 1996112722 -9999 -9999 -9999 0.0
C0G620 1996112723 -9999 -9999 -9999 0.0
C0G620 1996112724 -9999 -9999 -9999 0.0
C0G620 1996112801 -9999 -9999 -9999 0.0
C0G620 1996112802 -9999 -9999 -9999 0.0
C0G620 1996112803 -9999 -9999 -9999 0.0
C0G620 1996112804 -9999 -9999 -9999 0.0
C0G620 1996112805 -9999 -9999 -9999 0.0
C0G620 1996112806 -9999 -9999 -9999 0.0
C0G620 1996112807 -9999 -9999 -9999 0.0
C0G620 1996112808 -9999 -9999 -9999 0.0
C0G620 1996112809 -9999 -9999 -9999 0.0
C0G620 1996112810 -9999 -9999 -9999 0.0
C0G620 1996112811 -9999 -9999 -9999 0.0
C0G620 1996112812 -9999 -9999 -9999 0.0
C0G620 1996112813 -9999 -9999 -9999 0.0
C0G620 1996112814 -9999 -9999 -9999 0.0
C0G620 1996112815 -9999 -9999 -9999 0.0
C0G620 1996112816 -9999 -9999 -9999 0.0
C0G620 1996112817 -9999 -9999 -9999 0.0
C0G620 1996112818 -9999 -9999 -9999 0.0
C0G620 1996112819 -9999 -9999 -9999 0.0
C0G620 1996112820 -9999 -9999 -9999 0.0
C0G620 1996112821 -9999 -9999 -9999 0.0
C0G620 1996112822 -9999 -9999 -9999 0.0
C0G620 1996112823 -9999 -9999 -9999 0.0
C0G620 1996112824 -9999 -9999 -9999 0.0
C0G620 1996112901 -9999 -9999 -9999 0.0
C0G620 1996112902 -9999 -9999 -9999 0.0
C0G620 1996112903 -9999 -9999 -9999 0.0
C0G620 1996112904 -9999 -9999 -9999 0.0
C0G620 1996112905 -9999 -9999 -9999 0.0
C0G620 1996112906 -9999 -9999 -9999 0.0
C0G620 1996112907 -9999 -9999 -9999 0.0
C0G620 1996112908 -9999 -9999 -9999 0.0
C0G620 1996112909 -9999 -9999 -9999 0.0
C0G620 1996112910 -9999 -9999 -9999 0.0
C0G620 1996112911 -9999 -9999 -9999 0.0
C0G620 1996112912 -9999 -9999 -9999 0.0
C0G620 1996112913 -9999 -9999 -9999 0.0
C0G620 1996112914 -9999 -9999 -9999 0.0
C0G620 1996112915 -9999 -9999 -9999 0.0
C0G620 1996112916 -9999 -9999 -9999 0.0
C0G620 1996112917 -9999 -9999 -9999 0.0
C0G620 1996112918 -9999 -9999 -9999 0.0
C0G620 1996112919 -9999 -9999 -9999 0.0
C0G620 1996112920 -9999 -9999 -9999 0.0
C0G620 1996112921 -9999 -9999 -9999 0.0
C0G620 1996112922 -9999 -9999 -9999 0.0
C0G620 1996112923 -9999 -9999 -9999 0.0
C0G620 1996112924 -9999 -9999 -9999 0.0
C0G620 1996113001 -9999 -9999 -9999 0.0
C0G620 1996113002 -9999 -9999 -9999 0.0
C0G620 1996113003 -9999 -9999 -9999 0.0
C0G620 1996113004 -9999 -9999 -9999 0.0
C0G620 1996113005 -9999 -9999 -9999 0.0
C0G620 1996113006 -9999 -9999 -9999 0.0
C0G620 1996113007 -9999 -9999 -9999 0.0
C0G620 1996113008 -9999 -9999 -9999 0.0
C0G620 1996113009 -9999 -9999 -9999 0.0
C0G620 1996113010 -9999 -9999 -9999 0.0
C0G620 1996113011 -9999 -9999 -9999 0.0
C0G620 1996113012 -9999 -9999 -9999 0.0
C0G620 1996113013 -9999 -9999 -9999 0.0
C0G620 1996113014 -9999 -9999 -9999 0.0
C0G620 1996113015 -9999 -9999 -9999 0.0
C0G620 1996113016 -9999 -9999 -9999 0.0
C0G620 1996113017 -9999 -9999 -9999 0.0
C0G620 1996113018 -9999 -9999 -9999 0.0
C0G620 1996113019 -9999 -9999 -9999 0.0
C0G620 1996113020 -9999 -9999 -9999 0.0
C0G620 1996113021 -9999 -9999 -9999 0.0
C0G620 1996113022 -9999 -9999 -9999 0.0
C0G620 1996113023 -9999 -9999 -9999 0.0
C0G620 1996113024 -9999 -9999 -9999 0.0
C0G650 1996110101 22.6 -9999 0.0 0.0
C0G650 1996110102 22.2 -9999 0.0 0.0
C0G650 1996110103 22.1 -9999 0.0 0.0
C0G650 1996110104 22.4 -9999 0.0 0.0
C0G650 1996110105 22.8 -9999 0.0 0.0
C0G650 1996110106 23.1 -9999 0.0 0.0
C0G650 1996110107 23.0 -9999 0.0 0.0
C0G650 1996110108 23.4 -9999 0.1 0.0
C0G650 1996110109 25.1 -9999 0.0 0.0
C0G650 1996110110 27.5 -9999 0.2 0.0
C0G650 1996110111 28.4 -9999 0.3 0.0
C0G650 1996110112 30.0 -9999 1.5 0.0
C0G650 1996110113 30.2 -9999 1.2 0.0
C0G650 1996110114 29.9 -9999 0.0 0.0
C0G650 1996110115 29.0 -9999 0.2 0.0
C0G650 1996110116 28.2 -9999 0.1 0.0
C0G650 1996110117 26.5 -9999 0.1 0.0
C0G650 1996110118 25.8 -9999 0.0 0.0
C0G650 1996110119 24.8 -9999 0.0 0.0
C0G650 1996110120 24.1 -9999 0.0 0.0
C0G650 1996110121 23.4 -9999 0.0 0.0
C0G650 1996110122 23.0 -9999 0.0 0.0
C0G650 1996110123 22.5 -9999 0.0 0.0
C0G650 1996110124 22.8 -9999 0.0 0.0
C0G650 1996110201 23.8 -9999 0.0 0.0
C0G650 1996110202 23.9 -9999 0.2 0.0
C0G650 1996110203 22.8 -9999 0.1 0.0
C0G650 1996110204 22.7 -9999 0.1 0.0
C0G650 1996110205 22.0 -9999 0.0 0.0
C0G650 1996110206 21.7 -9999 0.0 0.0
C0G650 1996110207 23.0 -9999 0.0 0.0
C0G650 1996110208 24.5 -9999 0.9 0.0
C0G650 1996110209 25.7 -9999 1.0 0.0
C0G650 1996110210 26.6 -9999 1.7 0.0
C0G650 1996110211 28.7 -9999 0.8 0.0
C0G650 1996110212 30.3 -9999 0.3 0.0
C0G650 1996110213 30.0 -9999 1.3 0.0
C0G650 1996110214 30.4 -9999 0.6 0.0
C0G650 1996110215 29.9 -9999 0.9 0.0
C0G650 1996110216 28.6 -9999 2.3 0.0
C0G650 1996110217 27.0 -9999 0.9 0.0
C0G650 1996110218 25.8 -9999 1.1 0.0
C0G650 1996110219 25.0 -9999 0.2 0.0
C0G650 1996110220 24.5 -9999 0.2 0.0
C0G650 1996110221 23.6 -9999 0.2 0.0
C0G650 1996110222 23.1 -9999 0.0 0.0
C0G650 1996110223 22.8 -9999 0.0 0.0
C0G650 1996110224 -9997 -9999 0.0 0.0
C0G650 1996110301 21.5 -9999 0.0 0.0
C0G650 1996110302 21.7 -9999 0.0 0.0
C0G650 1996110303 22.1 -9999 0.0 0.0
C0G650 1996110304 22.6 -9999 0.0 0.0
C0G650 1996110305 22.3 -9999 0.0 0.0
C0G650 1996110306 22.9 -9999 0.7 0.0
C0G650 1996110307 23.2 -9999 0.0 0.0
C0G650 1996110308 24.1 -9999 0.0 0.0
C0G650 1996110309 24.5 -9999 0.0 0.0
C0G650 1996110310 26.3 -9999 0.7 0.0
C0G650 1996110311 28.3 -9999 0.1 0.0
C0G650 1996110312 30.4 -9999 0.6 0.0
C0G650 1996110313 29.9 -9999 0.0 0.0
C0G650 1996110314 30.8 -9999 0.0 0.0
C0G650 1996110315 31.8 -9999 0.0 0.0
C0G650 1996110316 29.1 -9999 1.4 0.0
C0G650 1996110317 27.3 -9999 1.3 0.0
C0G650 1996110318 25.7 -9999 0.0 0.0
C0G650 1996110319 24.8 -9999 0.0 0.0
C0G650 1996110320 23.9 -9999 0.0 0.0
C0G650 1996110321 23.3 -9999 0.0 0.0
C0G650 1996110322 22.9 -9999 0.0 0.0
C0G650 1996110323 22.8 -9999 0.0 0.0
C0G650 1996110324 22.8 -9999 0.5 0.0
C0G650 1996110401 23.2 -9999 0.8 0.0
C0G650 1996110402 22.6 -9999 0.0 0.0
C0G650 1996110403 22.4 -9999 0.0 0.0
C0G650 1996110404 21.9 -9999 0.0 0.0
C0G650 1996110405 21.5 -9999 0.0 0.0
C0G650 1996110406 21.6 -9999 0.0 0.0
C0G650 1996110407 22.2 -9999 0.0 0.0
C0G650 1996110408 23.9 -9999 0.0 0.0
C0G650 1996110409 26.1 -9999 0.3 0.0
C0G650 1996110410 27.7 -9999 0.7 0.0
C0G650 1996110411 -9997 -9999 -9997 0.0
C0G650 1996110412 29.4 -9999 0.1 0.0
C0G650 1996110413 29.6 -9999 0.7 0.0
C0G650 1996110414 30.6 -9999 0.4 0.0
C0G650 1996110415 30.2 -9999 0.1 0.0
C0G650 1996110416 28.9 -9999 0.6 0.0
C0G650 1996110417 26.9 -9999 -9997 0.0
C0G650 1996110418 25.9 -9999 0.1 0.0
C0G650 1996110419 24.5 -9999 0.0 0.0
C0G650 1996110420 23.7 -9999 0.0 0.0
C0G650 1996110421 22.7 -9999 0.0 0.0
C0G650 1996110422 22.8 -9999 0.0 0.0
C0G650 1996110423 22.8 -9999 0.0 0.0
C0G650 1996110424 23.4 -9999 0.0 0.0
C0G650 1996110501 23.3 -9999 0.0 0.0
C0G650 1996110502 23.5 -9999 0.0 0.0
C0G650 1996110503 23.5 -9999 0.0 0.0
C0G650 1996110504 23.7 -9999 0.0 0.0
C0G650 1996110505 23.5 -9999 0.0 0.0
C0G650 1996110506 22.7 -9999 0.0 0.0
C0G650 1996110507 22.6 -9999 0.0 0.0
C0G650 1996110508 24.6 -9999 0.0 0.0
C0G650 1996110509 26.3 -9999 0.1 0.0
C0G650 1996110510 27.8 -9999 0.2 0.0
C0G650 1996110511 28.7 -9999 0.2 0.0
C0G650 1996110512 29.1 -9999 1.0 0.0
C0G650 1996110513 29.1 -9999 0.1 0.0
C0G650 1996110514 29.3 -9999 0.3 0.0
C0G650 1996110515 28.6 -9999 0.5 0.0
C0G650 1996110516 27.2 -9999 0.4 0.0
C0G650 1996110517 25.9 -9999 0.0 0.0
C0G650 1996110518 25.3 -9999 0.0 0.0
C0G650 1996110519 24.3 -9999 0.0 0.0
C0G650 1996110520 23.2 -9999 0.0 0.0
C0G650 1996110521 22.3 -9999 0.0 0.0
C0G650 1996110522 22.2 -9999 0.0 0.0
C0G650 1996110523 -9997 -9999 -9997 0.0
C0G650 1996110524 21.7 -9999 0.0 0.0
C0G650 1996110601 22.4 -9999 0.0 0.0
C0G650 1996110602 22.5 -9999 0.0 0.0
C0G650 1996110603 21.9 -9999 0.0 0.0
C0G650 1996110604 21.6 -9999 0.0 0.0
C0G650 1996110605 21.3 -9999 0.0 0.0
C0G650 1996110606 21.2 -9999 0.0 0.0
C0G650 1996110607 21.5 -9999 0.0 0.0
C0G650 1996110608 22.7 -9999 0.0 0.0
C0G650 1996110609 24.8 -9999 0.9 0.0
C0G650 1996110610 26.9 -9999 0.9 0.0
C0G650 1996110611 28.8 -9999 0.4 0.0
C0G650 1996110612 29.2 -9999 0.2 0.0
C0G650 1996110613 29.9 -9999 0.4 0.0
C0G650 1996110614 29.3 -9999 0.7 0.0
C0G650 1996110615 29.8 -9999 0.1 0.0
C0G650 1996110616 28.9 -9999 0.1 0.0
C0G650 1996110617 27.3 -9999 0.0 0.0
C0G650 1996110618 25.4 -9999 0.0 0.0
C0G650 1996110619 24.1 -9999 0.0 0.0
C0G650 1996110620 23.5 -9999 0.0 0.0
C0G650 1996110621 23.0 -9999 0.0 0.0
C0G650 1996110622 23.0 -9999 0.0 0.0
C0G650 1996110623 23.3 -9999 0.0 0.0
C0G650 1996110624 -9997 -9999 0.0 0.0
C0G650 1996110701 22.9 -9999 0.0 0.0
C0G650 1996110702 23.2 -9999 0.0 0.0
C0G650 1996110703 22.9 -9999 0.0 0.0
C0G650 1996110704 22.4 -9999 0.0 0.0
C0G650 1996110705 22.1 -9999 0.0 0.0
C0G650 1996110706 21.6 -9999 0.0 0.0
C0G650 1996110707 21.7 -9999 0.0 0.0
C0G650 1996110708 23.9 -9999 0.0 0.0
C0G650 1996110709 26.7 -9999 0.0 0.0
C0G650 1996110710 28.4 -9999 0.0 0.0
C0G650 1996110711 28.8 -9999 0.1 0.0
C0G650 1996110712 30.1 -9999 0.1 0.0
C0G650 1996110713 31.1 -9999 0.6 0.0
C0G650 1996110714 30.3 -9999 -9997 0.0
C0G650 1996110715 29.3 -9999 0.3 0.0
C0G650 1996110716 27.5 -9999 0.3 0.0
C0G650 1996110717 26.5 -9999 0.0 0.0
C0G650 1996110718 24.7 -9999 0.0 0.0
C0G650 1996110719 24.5 -9999 0.0 0.0
C0G650 1996110720 24.3 -9999 0.0 0.0
C0G650 1996110721 24.0 -9999 0.0 0.0
C0G650 1996110722 23.9 -9999 0.0 0.0
C0G650 1996110723 24.2 -9999 0.0 0.0
C0G650 1996110724 23.8 -9999 0.0 0.0
C0G650 1996110801 24.0 -9999 0.5 0.0
C0G650 1996110802 23.2 -9999 0.0 0.0
C0G650 1996110803 22.2 -9999 0.0 0.0
C0G650 1996110804 21.5 -9999 0.0 0.0
C0G650 1996110805 21.0 -9999 0.0 0.0
C0G650 1996110806 21.0 -9999 0.0 0.0
C0G650 1996110807 21.8 -9999 0.0 0.0
C0G650 1996110808 23.8 -9999 0.0 0.0
C0G650 1996110809 26.2 -9999 0.4 0.0
C0G650 1996110810 27.6 -9999 1.7 0.0
C0G650 1996110811 28.9 -9999 0.2 0.0
C0G650 1996110812 29.7 -9999 0.9 0.0
C0G650 1996110813 30.3 -9999 0.3 0.0
C0G650 1996110814 29.6 -9999 0.2 0.0
C0G650 1996110815 28.7 -9999 0.1 0.0
C0G650 1996110816 27.4 -9999 0.0 0.0
C0G650 1996110817 26.9 -9999 0.5 0.0
C0G650 1996110818 25.8 -9999 0.5 0.0
C0G650 1996110819 24.8 -9999 0.0 0.0
C0G650 1996110820 24.3 -9999 0.0 0.0
C0G650 1996110821 23.8 -9999 0.0 0.0
C0G650 1996110822 23.1 -9999 0.0 0.0
C0G650 1996110823 23.1 -9999 0.0 0.0
C0G650 1996110824 23.5 -9999 0.0 0.0
C0G650 1996110901 23.2 -9999 0.0 0.0
C0G650 1996110902 23.2 -9999 0.0 0.0
C0G650 1996110903 23.1 -9999 0.0 0.0
C0G650 1996110904 23.1 -9999 0.0 0.0
C0G650 1996110905 23.0 -9999 0.0 0.0
C0G650 1996110906 23.1 -9999 0.0 0.0
C0G650 1996110907 23.4 -9999 0.5 0.0
C0G650 1996110908 24.0 -9999 0.0 0.0
C0G650 1996110909 24.6 -9999 0.0 0.0
C0G650 1996110910 -9997 -9999 0.0 0.0
C0G650 1996110911 26.4 -9999 0.7 0.0
C0G650 1996110912 27.1 -9999 0.8 0.0
C0G650 1996110913 26.8 -9999 0.2 0.0
C0G650 1996110914 26.4 -9999 0.1 0.0
C0G650 1996110915 25.2 -9999 0.6 0.0
C0G650 1996110916 25.0 -9999 0.0 0.0
C0G650 1996110917 24.3 -9999 0.0 0.5
C0G650 1996110918 23.9 -9999 0.0 1.5
C0G650 1996110919 23.7 -9999 0.1 1.0
C0G650 1996110920 23.7 -9999 0.8 0.0
C0G650 1996110921 23.5 -9999 0.0 0.5
C0G650 1996110922 23.1 -9999 0.0 0.0
C0G650 1996110923 22.8 -9999 0.2 0.0
C0G650 1996110924 22.5 -9999 0.0 0.0
C0G650 1996111001 22.6 -9999 0.0 0.0
C0G650 1996111002 22.4 -9999 0.0 0.0
C0G650 1996111003 22.3 -9999 0.0 0.0
C0G650 1996111004 22.3 -9999 0.0 0.0
C0G650 1996111005 22.3 -9999 0.0 0.5
C0G650 1996111006 22.3 -9999 0.0 0.0
C0G650 1996111007 22.8 -9999 0.0 0.0
C0G650 1996111008 23.7 -9999 0.0 0.0
C0G650 1996111009 24.5 -9999 0.2 0.0
C0G650 1996111010 26.0 -9999 0.4 0.0
C0G650 1996111011 26.5 -9999 0.8 0.0
C0G650 1996111012 26.8 -9999 0.0 0.0
C0G650 1996111013 27.3 -9999 1.2 0.0
C0G650 1996111014 28.2 -9999 0.5 0.0
C0G650 1996111015 28.4 -9999 0.7 0.0
C0G650 1996111016 27.8 -9999 0.0 0.0
C0G650 1996111017 26.6 -9999 0.0 0.0
C0G650 1996111018 25.3 -9999 0.0 0.0
C0G650 1996111019 24.5 -9999 0.0 0.0
C0G650 1996111020 23.9 -9999 0.0 0.0
C0G650 1996111021 23.4 -9999 0.3 0.0
C0G650 1996111022 23.5 -9999 0.0 0.0
C0G650 1996111023 23.2 -9999 0.0 0.0
C0G650 1996111024 23.2 -9999 0.1 0.0
C0G650 1996111101 23.5 -9999 0.5 0.0
C0G650 1996111102 -9997 -9999 0.0 0.0
C0G650 1996111103 -9997 -9999 0.1 0.0
C0G650 1996111104 24.1 -9999 0.0 0.0
C0G650 1996111105 24.0 -9999 0.0 0.0
C0G650 1996111106 24.1 -9999 0.0 0.0
C0G650 1996111107 24.6 -9999 0.0 0.0
C0G650 1996111108 25.7 -9999 0.1 0.0
C0G650 1996111109 27.7 -9999 0.6 0.0
C0G650 1996111110 28.5 -9999 0.8 0.0
C0G650 1996111111 29.3 -9999 1.1 0.0
C0G650 1996111112 29.9 -9999 0.5 0.0
C0G650 1996111113 31.0 -9999 0.4 0.0
C0G650 1996111114 31.1 -9999 0.1 0.0
C0G650 1996111115 29.6 -9999 1.7 0.0
C0G650 1996111116 28.3 -9999 2.5 0.0
C0G650 1996111117 26.2 -9999 1.8 0.0
C0G650 1996111118 25.7 -9999 0.8 0.0
C0G650 1996111119 25.6 -9999 0.4 0.0
C0G650 1996111120 25.2 -9999 0.0 0.0
C0G650 1996111121 25.0 -9999 0.0 0.0
C0G650 1996111122 25.2 -9999 0.0 0.0
C0G650 1996111123 25.0 -9999 0.1 0.0
C0G650 1996111124 24.5 -9999 0.0 0.0
C0G650 1996111201 -9997 -9999 0.0 0.0
C0G650 1996111202 24.5 -9999 -9997 0.0
C0G650 1996111203 23.7 -9999 0.0 0.0
C0G650 1996111204 24.5 -9999 0.7 0.0
C0G650 1996111205 24.2 -9999 1.6 0.0
C0G650 1996111206 24.0 -9999 1.4 0.0
C0G650 1996111207 23.9 -9999 1.3 0.0
C0G650 1996111208 24.2 -9999 1.6 0.0
C0G650 1996111209 24.7 -9999 1.3 0.0
C0G650 1996111210 25.5 -9999 2.9 0.0
C0G650 1996111211 26.5 -9999 1.9 0.0
C0G650 1996111212 26.4 -9999 1.6 0.0
C0G650 1996111213 25.8 -9999 2.6 0.0
C0G650 1996111214 26.3 -9999 2.1 0.0
C0G650 1996111215 26.0 -9999 2.8 0.0
C0G650 1996111216 25.1 -9999 2.3 0.0
C0G650 1996111217 23.9 -9999 2.6 0.0
C0G650 1996111218 22.8 -9999 2.8 0.0
C0G650 1996111219 22.3 -9999 1.4 0.0
C0G650 1996111220 22.1 -9999 1.4 0.0
C0G650 1996111221 21.6 -9999 0.7 0.0
C0G650 1996111222 21.2 -9999 2.1 0.0
C0G650 1996111223 20.7 -9999 1.4 0.0
C0G650 1996111224 20.5 -9999 1.5 0.0
C0G650 1996111301 20.6 -9999 0.8 0.0
C0G650 1996111302 20.5 -9999 1.3 0.0
C0G650 1996111303 20.1 -9999 1.4 0.0
C0G650 1996111304 19.9 -9999 1.2 0.0
C0G650 1996111305 19.7 -9999 1.2 0.0
C0G650 1996111306 19.5 -9999 0.5 0.0
C0G650 1996111307 19.6 -9999 0.8 0.0
C0G650 1996111308 20.0 -9999 0.3 0.0
C0G650 1996111309 20.7 -9999 0.4 0.0
C0G650 1996111310 23.1 -9999 1.3 0.0
C0G650 1996111311 23.9 -9999 1.1 0.0
C0G650 1996111312 25.5 -9999 0.2 0.0
C0G650 1996111313 26.2 -9999 1.2 0.0
C0G650 1996111314 26.6 -9999 1.6 0.0
C0G650 1996111315 25.8 -9999 1.8 0.0
C0G650 1996111316 23.9 -9999 1.2 0.0
C0G650 1996111317 22.9 -9999 1.2 0.0
C0G650 1996111318 22.1 -9999 0.7 0.0
C0G650 1996111319 21.7 -9999 0.1 0.0
C0G650 1996111320 21.1 -9999 0.6 0.0
C0G650 1996111321 20.7 -9999 0.4 0.0
C0G650 1996111322 20.5 -9999 0.0 0.0
C0G650 1996111323 20.0 -9999 0.0 0.0
C0G650 1996111324 19.9 -9999 0.2 0.0
C0G650 1996111401 20.0 -9999 0.6 0.0
C0G650 1996111402 19.3 -9999 0.0 0.0
C0G650 1996111403 19.1 -9999 0.1 0.0
C0G650 1996111404 19.7 -9999 0.2 0.0
C0G650 1996111405 19.5 -9999 0.4 0.0
C0G650 1996111406 19.3 -9999 0.4 0.0
C0G650 1996111407 19.3 -9999 0.4 0.0
C0G650 1996111408 20.5 -9999 1.3 0.0
C0G650 1996111409 22.1 -9999 1.3 0.0
C0G650 1996111410 23.1 -9999 1.5 0.0
C0G650 1996111411 24.3 -9999 0.9 0.0
C0G650 1996111412 25.0 -9999 1.0 0.0
C0G650 1996111413 25.4 -9999 0.2 0.0
C0G650 1996111414 25.4 -9999 0.2 0.0
C0G650 1996111415 25.2 -9999 0.5 0.0
C0G650 1996111416 24.7 -9999 0.1 0.0
C0G650 1996111417 23.8 -9999 0.0 0.0
C0G650 1996111418 23.2 -9999 0.3 0.0
C0G650 1996111419 22.3 -9999 0.1 0.0
C0G650 1996111420 21.9 -9999 -9997 0.0
C0G650 1996111421 21.3 -9999 0.0 0.0
C0G650 1996111422 21.2 -9999 0.2 0.0
C0G650 1996111423 21.2 -9999 0.4 0.0
C0G650 1996111424 20.7 -9999 0.0 0.0
C0G650 1996111501 -9997 -9999 0.0 0.0
C0G650 1996111502 19.7 -9999 0.0 0.0
C0G650 1996111503 19.5 -9999 0.0 0.0
C0G650 1996111504 19.9 -9999 0.1 0.0
C0G650 1996111505 20.3 -9999 0.5 0.0
C0G650 1996111506 20.6 -9999 0.9 0.0
C0G650 1996111507 20.7 -9999 0.6 0.0
C0G650 1996111508 21.9 -9999 0.5 0.0
C0G650 1996111509 23.1 -9999 1.5 0.0
C0G650 1996111510 24.4 -9999 0.6 0.0
C0G650 1996111511 25.3 -9999 2.0 0.0
C0G650 1996111512 25.8 -9999 1.5 0.0
C0G650 1996111513 25.5 -9999 1.4 0.0
C0G650 1996111514 24.4 -9999 2.9 0.0
C0G650 1996111515 23.8 -9999 1.5 0.0
C0G650 1996111516 23.0 -9999 -9997 0.0
C0G650 1996111517 22.1 -9999 1.2 0.0
C0G650 1996111518 21.6 -9999 1.3 0.0
C0G650 1996111519 21.3 -9999 1.2 0.0
C0G650 1996111520 20.9 -9999 0.5 0.0
C0G650 1996111521 21.0 -9999 1.1 0.0
C0G650 1996111522 20.9 -9999 0.0 0.0
C0G650 1996111523 20.8 -9999 0.0 0.0
C0G650 1996111524 20.8 -9999 0.2 0.0
C0G650 1996111601 20.6 -9999 0.2 0.0
C0G650 1996111602 20.8 -9999 0.4 0.0
C0G650 1996111603 20.4 -9999 0.0 0.0
C0G650 1996111604 19.8 -9999 0.0 0.0
C0G650 1996111605 -9997 -9999 -9997 0.0
C0G650 1996111606 19.2 -9999 0.0 0.0
C0G650 1996111607 19.0 -9999 0.0 0.0
C0G650 1996111608 -9997 -9999 0.0 0.0
C0G650 1996111609 22.3 -9999 0.0 0.0
C0G650 1996111610 24.2 -9999 0.0 0.0
C0G650 1996111611 25.8 -9999 0.1 0.0
C0G650 1996111612 27.9 -9999 1.1 0.0
C0G650 1996111613 28.8 -9999 1.7 0.0
C0G650 1996111614 28.3 -9999 0.2 0.0
C0G650 1996111615 27.0 -9999 0.7 0.0
C0G650 1996111616 25.4 -9999 0.2 0.0
C0G650 1996111617 24.0 -9999 0.1 0.0
C0G650 1996111618 23.0 -9999 0.2 0.0
C0G650 1996111619 22.2 -9999 0.4 0.0
C0G650 1996111620 21.5 -9999 0.4 0.0
C0G650 1996111621 21.2 -9999 0.0 0.0
C0G650 1996111622 21.1 -9999 0.0 0.0
C0G650 1996111623 21.1 -9999 0.1 0.0
C0G650 1996111624 20.8 -9999 0.1 0.0
C0G650 1996111701 20.4 -9999 0.0 0.0
C0G650 1996111702 20.2 -9999 0.0 0.0
C0G650 1996111703 20.2 -9999 0.0 0.0
C0G650 1996111704 20.9 -9999 0.1 0.0
C0G650 1996111705 21.2 -9999 1.4 0.0
C0G650 1996111706 21.1 -9999 0.9 0.0
C0G650 1996111707 21.1 -9999 1.5 0.0
C0G650 1996111708 22.0 -9999 2.1 0.0
C0G650 1996111709 23.2 -9999 2.2 0.0
C0G650 1996111710 24.0 -9999 3.0 0.0
C0G650 1996111711 24.9 -9999 2.2 0.0
C0G650 1996111712 24.8 -9999 2.6 0.0
C0G650 1996111713 25.5 -9999 3.2 0.0
C0G650 1996111714 25.4 -9999 2.2 0.0
C0G650 1996111715 24.3 -9999 2.2 0.0
C0G650 1996111716 22.8 -9999 2.3 0.0
C0G650 1996111717 -9997 -9999 1.4 0.0
C0G650 1996111718 21.3 -9999 2.2 0.0
C0G650 1996111719 20.4 -9999 2.9 0.0
C0G650 1996111720 20.0 -9999 2.6 0.0
C0G650 1996111721 19.9 -9999 2.9 0.0
C0G650 1996111722 19.8 -9999 2.1 0.0
C0G650 1996111723 19.3 -9999 2.5 0.0
C0G650 1996111724 19.1 -9999 1.5 0.0
C0G650 1996111801 18.9 -9999 2.2 0.0
C0G650 1996111802 18.6 -9999 1.4 0.0
C0G650 1996111803 18.4 -9999 1.2 0.0
C0G650 1996111804 18.7 -9999 1.3 0.0
C0G650 1996111805 17.7 -9999 1.4 0.0
C0G650 1996111806 17.3 -9999 1.8 0.0
C0G650 1996111807 17.5 -9999 1.2 0.0
C0G650 1996111808 17.8 -9999 0.9 0.0
C0G650 1996111809 19.2 -9999 0.4 0.0
C0G650 1996111810 19.9 -9999 1.1 0.0
C0G650 1996111811 20.8 -9999 0.5 0.0
C0G650 1996111812 21.0 -9999 1.5 0.0
C0G650 1996111813 21.7 -9999 2.0 0.0
C0G650 1996111814 21.7 -9999 1.1 0.0
C0G650 1996111815 20.7 -9999 0.9 0.0
C0G650 1996111816 19.4 -9999 1.5 0.0
C0G650 1996111817 19.1 -9999 0.6 0.0
C0G650 1996111818 18.6 -9999 0.3 0.0
C0G650 1996111819 18.0 -9999 0.8 0.0
C0G650 1996111820 -9997 -9999 1.8 0.0
C0G650 1996111821 17.7 -9999 0.2 0.0
C0G650 1996111822 17.9 -9999 0.1 0.0
C0G650 1996111823 17.6 -9999 0.0 0.0
C0G650 1996111824 17.4 -9999 0.6 0.0
C0G650 1996111901 17.4 -9999 0.9 0.0
C0G650 1996111902 17.4 -9999 0.6 0.0
C0G650 1996111903 17.1 -9999 0.1 0.0
C0G650 1996111904 16.8 -9999 0.0 0.0
C0G650 1996111905 16.8 -9999 0.3 0.0
C0G650 1996111906 16.5 -9999 0.0 0.0
C0G650 1996111907 16.8 -9999 0.2 0.0
C0G650 1996111908 17.6 -9999 1.1 0.0
C0G650 1996111909 18.8 -9999 1.0 0.0
C0G650 1996111910 19.9 -9999 1.4 0.0
C0G650 1996111911 21.5 -9999 1.2 0.0
C0G650 1996111912 21.7 -9999 1.3 0.0
C0G650 1996111913 22.2 -9999 1.1 0.0
C0G650 1996111914 23.9 -9999 1.4 0.0
C0G650 1996111915 23.7 -9999 1.1 0.0
C0G650 1996111916 -9997 -9999 -9997 0.0
C0G650 1996111917 21.5 -9999 0.3 0.0
C0G650 1996111918 20.5 -9999 0.0 0.0
C0G650 1996111919 19.4 -9999 0.0 0.0
C0G650 1996111920 19.4 -9999 0.2 0.0
C0G650 1996111921 19.0 -9999 0.1 0.0
C0G650 1996111922 18.9 -9999 0.0 0.0
C0G650 1996111923 18.4 -9999 0.0 0.0
C0G650 1996111924 17.9 -9999 0.0 0.0
C0G650 1996112001 18.2 -9999 0.0 0.0
C0G650 1996112002 18.0 -9999 0.0 0.0
C0G650 1996112003 17.7 -9999 0.0 0.0
C0G650 1996112004 18.3 -9999 0.0 0.0
C0G650 1996112005 17.9 -9999 0.0 0.0
C0G650 1996112006 17.9 -9999 0.0 0.0
C0G650 1996112007 18.1 -9999 0.0 0.0
C0G650 1996112008 19.5 -9999 0.0 0.0
C0G650 1996112009 22.6 -9999 0.1 0.0
C0G650 1996112010 23.0 -9999 0.5 0.0
C0G650 1996112011 24.9 -9999 0.1 0.0
C0G650 1996112012 27.5 -9999 -9997 0.0
C0G650 1996112013 26.8 -9999 0.5 0.0
C0G650 1996112014 27.5 -9999 0.6 0.0
C0G650 1996112015 26.4 -9999 1.0 0.0
C0G650 1996112016 24.7 -9999 0.7 0.0
C0G650 1996112017 23.2 -9999 0.1 0.0
C0G650 1996112018 22.4 -9999 0.0 0.0
C0G650 1996112019 21.9 -9999 0.0 0.0
C0G650 1996112020 21.8 -9999 0.0 0.0
C0G650 1996112021 20.6 -9999 -9997 0.0
C0G650 1996112022 19.8 -9999 0.1 0.0
C0G650 1996112023 19.9 -9999 -9997 0.0
C0G650 1996112024 19.9 -9999 0.0 0.0
C0G650 1996112101 19.9 -9999 0.0 0.0
C0G650 1996112102 19.8 -9999 0.0 0.0
C0G650 1996112103 19.4 -9999 0.0 0.0
C0G650 1996112104 18.9 -9999 0.0 0.0
C0G650 1996112105 18.6 -9999 0.0 0.0
C0G650 1996112106 19.6 -9999 0.1 0.0
C0G650 1996112107 18.8 -9999 0.0 0.0
C0G650 1996112108 20.4 -9999 0.3 0.0
C0G650 1996112109 22.4 -9999 1.5 0.0
C0G650 1996112110 24.2 -9999 0.8 0.0
C0G650 1996112111 26.4 -9999 0.0 0.0
C0G650 1996112112 27.9 -9999 0.3 0.0
C0G650 1996112113 26.6 -9999 1.1 0.0
C0G650 1996112114 26.3 -9999 0.7 0.0
C0G650 1996112115 26.6 -9999 0.3 0.0
C0G650 1996112116 -9997 -9999 0.2 0.0
C0G650 1996112117 22.5 -9999 0.3 0.0
C0G650 1996112118 -9997 -9999 -9997 0.0
C0G650 1996112119 -9997 -9999 -9997 0.0
C0G650 1996112120 20.6 -9999 -9997 0.0
C0G650 1996112121 20.1 -9999 0.2 0.0
C0G650 1996112122 20.2 -9999 1.2 0.0
C0G650 1996112123 20.0 -9999 0.4 0.0
C0G650 1996112124 19.7 -9999 0.2 0.0
C0G650 1996112201 19.5 -9999 0.1 0.0
C0G650 1996112202 19.1 -9999 0.1 0.0
C0G650 1996112203 19.2 -9999 0.2 0.0
C0G650 1996112204 19.0 -9999 0.1 0.0
C0G650 1996112205 18.9 -9999 0.2 0.0
C0G650 1996112206 18.8 -9999 0.5 0.0
C0G650 1996112207 18.7 -9999 0.4 0.0
C0G650 1996112208 19.7 -9999 1.2 0.0
C0G650 1996112209 20.8 -9999 0.9 0.0
C0G650 1996112210 21.3 -9999 1.5 0.0
C0G650 1996112211 22.0 -9999 0.2 0.0
C0G650 1996112212 22.2 -9999 1.5 0.0
C0G650 1996112213 22.4 -9999 0.4 0.0
C0G650 1996112214 23.3 -9999 1.1 0.0
C0G650 1996112215 25.0 -9999 0.4 0.0
C0G650 1996112216 24.1 -9999 0.3 0.0
C0G650 1996112217 22.8 -9999 0.4 0.0
C0G650 1996112218 21.4 -9999 0.1 0.0
C0G650 1996112219 20.5 -9999 0.0 0.0
C0G650 1996112220 20.0 -9999 0.0 0.0
C0G650 1996112221 19.6 -9999 0.1 0.0
C0G650 1996112222 19.5 -9999 0.0 0.0
C0G650 1996112223 19.0 -9999 0.0 0.0
C0G650 1996112224 19.1 -9999 0.0 0.0
C0G650 1996112301 18.9 -9999 0.0 0.0
C0G650 1996112302 18.7 -9999 0.0 0.0
C0G650 1996112303 18.7 -9999 0.4 0.0
C0G650 1996112304 17.7 -9999 0.1 0.0
C0G650 1996112305 18.5 -9999 0.0 0.0
C0G650 1996112306 18.5 -9999 1.7 0.0
C0G650 1996112307 18.3 -9999 0.0 0.0
C0G650 1996112308 20.0 -9999 0.7 0.0
C0G650 1996112309 -9997 -9999 0.9 0.0
C0G650 1996112310 23.9 -9999 1.8 0.0
C0G650 1996112311 24.4 -9999 2.1 0.0
C0G650 1996112312 25.1 -9999 2.1 0.0
C0G650 1996112313 25.1 -9999 2.2 0.0
C0G650 1996112314 23.8 -9999 3.1 0.0
C0G650 1996112315 22.7 -9999 2.0 0.0
C0G650 1996112316 21.8 -9999 2.3 0.0
C0G650 1996112317 20.7 -9999 1.7 0.0
C0G650 1996112318 20.3 -9999 0.9 0.0
C0G650 1996112319 19.8 -9999 0.0 0.0
C0G650 1996112320 19.9 -9999 0.0 0.0
C0G650 1996112321 19.8 -9999 0.5 0.0
C0G650 1996112322 19.3 -9999 0.0 0.0
C0G650 1996112323 19.6 -9999 0.0 0.0
C0G650 1996112324 19.8 -9999 0.0 0.0
C0G650 1996112401 19.7 -9999 0.0 0.0
C0G650 1996112402 19.0 -9999 0.0 0.0
C0G650 1996112403 18.2 -9999 0.0 0.0
C0G650 1996112404 17.9 -9999 0.0 0.0
C0G650 1996112405 18.7 -9999 0.0 0.0
C0G650 1996112406 19.6 -9999 0.1 0.0
C0G650 1996112407 19.6 -9999 0.6 0.0
C0G650 1996112408 20.7 -9999 0.7 0.0
C0G650 1996112409 21.7 -9999 1.3 0.0
C0G650 1996112410 23.6 -9999 0.9 0.0
C0G650 1996112411 25.2 -9999 1.7 0.0
C0G650 1996112412 26.4 -9999 0.8 0.0
C0G650 1996112413 26.0 -9999 0.9 0.0
C0G650 1996112414 26.8 -9999 0.5 0.0
C0G650 1996112415 26.5 -9999 1.3 0.0
C0G650 1996112416 24.5 -9999 2.2 0.0
C0G650 1996112417 22.9 -9999 0.7 0.0
C0G650 1996112418 21.5 -9999 1.9 0.0
C0G650 1996112419 20.6 -9999 0.6 0.0
C0G650 1996112420 20.4 -9999 0.1 0.0
C0G650 1996112421 19.6 -9999 0.0 0.0
C0G650 1996112422 19.6 -9999 0.0 0.0
C0G650 1996112423 18.4 -9999 0.0 0.0
C0G650 1996112424 17.4 -9999 0.0 0.0
C0G650 1996112501 16.8 -9999 0.0 0.0
C0G650 1996112502 16.3 -9999 -9997 0.0
C0G650 1996112503 16.0 -9999 0.0 0.0
C0G650 1996112504 15.6 -9999 0.0 0.0
C0G650 1996112505 15.6 -9999 0.0 0.0
C0G650 1996112506 15.6 -9999 0.0 0.0
C0G650 1996112507 15.8 -9999 0.0 0.0
C0G650 1996112508 18.3 -9999 0.0 0.0
C0G650 1996112509 21.9 -9999 0.2 0.0
C0G650 1996112510 24.1 -9999 1.5 0.0
C0G650 1996112511 26.0 -9999 0.9 0.0
C0G650 1996112512 28.2 -9999 0.2 0.0
C0G650 1996112513 28.7 -9999 1.0 0.0
C0G650 1996112514 29.2 -9999 0.7 0.0
C0G650 1996112515 27.7 -9999 0.3 0.0
C0G650 1996112516 26.1 -9999 0.5 0.0
C0G650 1996112517 24.7 -9999 0.0 0.0
C0G650 1996112518 22.9 -9999 -9997 0.0
C0G650 1996112519 22.4 -9999 0.2 0.0
C0G650 1996112520 21.2 -9999 0.0 0.0
C0G650 1996112521 19.7 -9999 0.1 0.0
C0G650 1996112522 -9997 -9999 -9997 0.0
C0G650 1996112523 19.0 -9999 0.0 0.0
C0G650 1996112524 18.3 -9999 0.0 0.0
C0G650 1996112601 17.0 -9999 0.0 0.0
C0G650 1996112602 17.6 -9999 0.0 0.0
C0G650 1996112603 17.7 -9999 0.0 0.0
C0G650 1996112604 -9997 -9999 -9997 0.0
C0G650 1996112605 16.6 -9999 0.0 0.0
C0G650 1996112606 16.3 -9999 0.0 0.0
C0G650 1996112607 16.7 -9999 0.0 0.0
C0G650 1996112608 18.4 -9999 0.0 0.0
C0G650 1996112609 21.1 -9999 0.0 0.0
C0G650 1996112610 24.4 -9999 0.1 0.0
C0G650 1996112611 26.2 -9999 0.0 0.0
C0G650 1996112612 29.1 -9999 0.4 0.0
C0G650 1996112613 29.2 -9999 0.4 0.0
C0G650 1996112614 -9997 -9999 0.4 0.0
C0G650 1996112615 31.2 -9999 0.0 0.0
C0G650 1996112616 -9997 -9999 -9997 0.0
C0G650 1996112617 26.2 -9999 0.1 0.0
C0G650 1996112618 24.2 -9999 0.0 0.0
C0G650 1996112619 22.2 -9999 0.0 0.0
C0G650 1996112620 20.7 -9999 0.0 0.0
C0G650 1996112621 20.3 -9999 0.0 0.0
C0G650 1996112622 19.8 -9999 0.0 0.0
C0G650 1996112623 19.8 -9999 0.0 0.0
C0G650 1996112624 19.1 -9999 0.0 0.0
C0G650 1996112701 19.5 -9999 0.0 0.0
C0G650 1996112702 19.0 -9999 0.0 0.0
C0G650 1996112703 19.5 -9999 0.0 0.0
C0G650 1996112704 20.0 -9999 0.0 0.0
C0G650 1996112705 20.0 -9999 0.0 0.0
C0G650 1996112706 20.2 -9999 0.0 0.0
C0G650 1996112707 20.3 -9999 0.0 0.0
C0G650 1996112708 20.7 -9999 0.1 0.0
C0G650 1996112709 22.4 -9999 0.2 0.0
C0G650 1996112710 23.9 -9999 0.0 0.0
C0G650 1996112711 25.6 -9999 0.0 0.0
C0G650 1996112712 26.5 -9999 0.7 0.0
C0G650 1996112713 26.5 -9999 1.1 0.0
C0G650 1996112714 26.2 -9999 2.3 0.0
C0G650 1996112715 24.5 -9999 1.9 0.0
C0G650 1996112716 23.3 -9999 2.2 0.0
C0G650 1996112717 22.1 -9999 1.3 0.0
C0G650 1996112718 21.2 -9999 1.4 0.0
C0G650 1996112719 20.4 -9999 0.4 0.0
C0G650 1996112720 20.0 -9999 0.2 0.0
C0G650 1996112721 -9997 -9999 0.0 0.0
C0G650 1996112722 19.3 -9999 0.1 0.0
C0G650 1996112723 18.8 -9999 0.0 0.0
C0G650 1996112724 18.2 -9999 0.0 0.0
C0G650 1996112801 18.0 -9999 0.0 0.0
C0G650 1996112802 17.5 -9999 0.0 0.0
C0G650 1996112803 17.4 -9999 0.0 0.0
C0G650 1996112804 17.5 -9999 0.0 0.0
C0G650 1996112805 17.3 -9999 0.0 0.0
C0G650 1996112806 17.2 -9999 0.0 0.0
C0G650 1996112807 18.0 -9999 0.0 0.0
C0G650 1996112808 19.4 -9999 -9997 0.0
C0G650 1996112809 21.5 -9999 0.1 0.0
C0G650 1996112810 23.2 -9999 0.0 0.0
C0G650 1996112811 24.8 -9999 0.1 0.0
C0G650 1996112812 26.1 -9999 0.3 0.0
C0G650 1996112813 26.9 -9999 1.3 0.0
C0G650 1996112814 27.0 -9999 0.6 0.0
C0G650 1996112815 26.9 -9999 0.3 0.0
C0G650 1996112816 25.9 -9999 0.0 0.0
C0G650 1996112817 23.8 -9999 0.1 0.0
C0G650 1996112818 22.5 -9999 0.0 0.0
C0G650 1996112819 21.7 -9999 0.0 0.0
C0G650 1996112820 20.9 -9999 0.0 0.0
C0G650 1996112821 20.0 -9999 0.0 0.0
C0G650 1996112822 19.4 -9999 0.0 0.0
C0G650 1996112823 19.1 -9999 0.0 0.0
C0G650 1996112824 18.8 -9999 0.0 0.0
C0G650 1996112901 18.7 -9999 0.0 0.0
C0G650 1996112902 17.5 -9999 0.0 0.0
C0G650 1996112903 18.5 -9999 0.0 0.0
C0G650 1996112904 -9997 -9999 -9997 0.0
C0G650 1996112905 18.9 -9999 0.0 0.0
C0G650 1996112906 18.9 -9999 0.0 0.0
C0G650 1996112907 18.7 -9999 0.0 0.0
C0G650 1996112908 -9997 -9999 0.0 0.0
C0G650 1996112909 22.6 -9999 0.2 0.0
C0G650 1996112910 23.8 -9999 2.2 0.0
C0G650 1996112911 24.1 -9999 1.3 0.0
C0G650 1996112912 24.7 -9999 -9997 0.0
C0G650 1996112913 25.2 -9999 2.4 0.0
C0G650 1996112914 26.1 -9999 2.4 0.0
C0G650 1996112915 25.9 -9999 2.0 0.0
C0G650 1996112916 24.5 -9999 1.6 0.0
C0G650 1996112917 21.2 -9999 1.6 0.0
C0G650 1996112918 19.5 -9999 0.3 0.0
C0G650 1996112919 18.8 -9999 0.8 0.0
C0G650 1996112920 18.5 -9999 0.8 0.0
C0G650 1996112921 18.3 -9999 0.4 0.0
C0G650 1996112922 18.4 -9999 1.1 0.0
C0G650 1996112923 17.9 -9999 0.6 0.0
C0G650 1996112924 17.6 -9999 0.8 0.0
C0G650 1996113001 17.4 -9999 2.3 0.0
C0G650 1996113002 17.3 -9999 -9997 0.0
C0G650 1996113003 16.9 -9999 2.6 0.0
C0G650 1996113004 16.5 -9999 2.4 0.0
C0G650 1996113005 16.3 -9999 2.7 0.0
C0G650 1996113006 16.2 -9999 2.1 0.0
C0G650 1996113007 16.4 -9999 0.5 0.0
C0G650 1996113008 17.2 -9999 1.5 0.0
C0G650 1996113009 18.9 -9999 1.8 0.0
C0G650 1996113010 19.1 -9999 2.1 0.0
C0G650 1996113011 21.5 -9999 1.9 0.0
C0G650 1996113012 21.7 -9999 2.1 0.0
C0G650 1996113013 21.1 -9999 2.2 0.0
C0G650 1996113014 19.3 -9999 2.1 0.0
C0G650 1996113015 20.6 -9999 2.1 0.0
C0G650 1996113016 19.4 -9999 2.2 0.0
C0G650 1996113017 17.7 -9999 2.0 0.0
C0G650 1996113018 16.5 -9999 2.1 0.0
C0G650 1996113019 16.0 -9999 1.4 0.0
C0G650 1996113020 16.2 -9999 0.7 0.0
C0G650 1996113021 15.7 -9999 0.4 0.0
C0G650 1996113022 15.6 -9999 0.7 0.0
C0G650 1996113023 15.4 -9999 0.3 0.0
C0G650 1996113024 15.4 -9999 0.3 0.0
C0G660 1996110101 -9999 -9999 -9999 0.0
C0G660 1996110102 -9999 -9999 -9999 0.0
C0G660 1996110103 -9999 -9999 -9999 0.0
C0G660 1996110104 -9999 -9999 -9999 0.0
C0G660 1996110105 -9999 -9999 -9999 0.0
C0G660 1996110106 -9999 -9999 -9999 0.0
C0G660 1996110107 -9999 -9999 -9999 0.0
C0G660 1996110108 -9999 -9999 -9999 0.0
C0G660 1996110109 -9999 -9999 -9999 0.0
C0G660 1996110110 -9999 -9999 -9999 0.0
C0G660 1996110111 -9999 -9999 -9999 0.0
C0G660 1996110112 -9999 -9999 -9999 0.0
C0G660 1996110113 -9999 -9999 -9999 0.0
C0G660 1996110114 -9999 -9999 -9999 0.0
C0G660 1996110115 -9999 -9999 -9999 0.0
C0G660 1996110116 -9999 -9999 -9999 0.0
C0G660 1996110117 -9999 -9999 -9999 0.0
C0G660 1996110118 -9999 -9999 -9999 0.0
C0G660 1996110119 -9999 -9999 -9999 0.0
C0G660 1996110120 -9999 -9999 -9999 0.0
C0G660 1996110121 -9999 -9999 -9999 0.0
C0G660 1996110122 -9999 -9999 -9999 0.0
C0G660 1996110123 -9999 -9999 -9999 0.0
C0G660 1996110124 -9999 -9999 -9999 0.0
C0G660 1996110201 -9999 -9999 -9999 0.0
C0G660 1996110202 -9999 -9999 -9999 0.0
C0G660 1996110203 -9999 -9999 -9999 0.0
C0G660 1996110204 -9999 -9999 -9999 0.0
C0G660 1996110205 -9999 -9999 -9999 0.0
C0G660 1996110206 -9999 -9999 -9999 0.0
C0G660 1996110207 -9999 -9999 -9999 0.0
C0G660 1996110208 -9999 -9999 -9999 0.0
C0G660 1996110209 -9999 -9999 -9999 0.0
C0G660 1996110210 -9999 -9999 -9999 0.0
C0G660 1996110211 -9999 -9999 -9999 0.0
C0G660 1996110212 -9999 -9999 -9999 0.0
C0G660 1996110213 -9999 -9999 -9999 0.0
C0G660 1996110214 -9999 -9999 -9999 0.0
C0G660 1996110215 -9999 -9999 -9999 0.0
C0G660 1996110216 -9999 -9999 -9999 0.0
C0G660 1996110217 -9999 -9999 -9999 0.0
C0G660 1996110218 -9999 -9999 -9999 0.0
C0G660 1996110219 -9999 -9999 -9999 0.0
C0G660 1996110220 -9999 -9999 -9999 0.0
C0G660 1996110221 -9999 -9999 -9999 0.0
C0G660 1996110222 -9999 -9999 -9999 0.0
C0G660 1996110223 -9999 -9999 -9999 0.0
C0G660 1996110224 -9999 -9999 -9999 0.0
C0G660 1996110301 -9999 -9999 -9999 0.0
C0G660 1996110302 -9999 -9999 -9999 0.0
C0G660 1996110303 -9999 -9999 -9999 0.0
C0G660 1996110304 -9999 -9999 -9999 0.0
C0G660 1996110305 -9999 -9999 -9999 0.0
C0G660 1996110306 -9999 -9999 -9999 0.0
C0G660 1996110307 -9999 -9999 -9999 0.0
C0G660 1996110308 -9999 -9999 -9999 0.0
C0G660 1996110309 -9999 -9999 -9999 0.0
C0G660 1996110310 -9999 -9999 -9999 0.0
C0G660 1996110311 -9999 -9999 -9999 0.0
C0G660 1996110312 -9999 -9999 -9999 0.0
C0G660 1996110313 -9999 -9999 -9999 0.0
C0G660 1996110314 -9999 -9999 -9999 0.0
C0G660 1996110315 -9999 -9999 -9999 0.0
C0G660 1996110316 -9999 -9999 -9999 0.0
C0G660 1996110317 -9999 -9999 -9999 0.0
C0G660 1996110318 -9999 -9999 -9999 0.0
C0G660 1996110319 -9999 -9999 -9999 0.0
C0G660 1996110320 -9999 -9999 -9999 0.0
C0G660 1996110321 -9999 -9999 -9999 0.0
C0G660 1996110322 -9999 -9999 -9999 0.0
C0G660 1996110323 -9999 -9999 -9999 0.0
C0G660 1996110324 -9999 -9999 -9999 0.0
C0G660 1996110401 -9999 -9999 -9999 0.0
C0G660 1996110402 -9999 -9999 -9999 0.0
C0G660 1996110403 -9999 -9999 -9999 0.0
C0G660 1996110404 -9999 -9999 -9999 0.0
C0G660 1996110405 -9999 -9999 -9999 0.0
C0G660 1996110406 -9999 -9999 -9999 0.0
C0G660 1996110407 -9999 -9999 -9999 0.0
C0G660 1996110408 -9999 -9999 -9999 0.0
C0G660 1996110409 -9999 -9999 -9999 0.0
C0G660 1996110410 -9999 -9999 -9999 0.0
C0G660 1996110411 -9999 -9999 -9999 0.0
C0G660 1996110412 -9999 -9999 -9999 0.0
C0G660 1996110413 -9999 -9999 -9999 0.0
C0G660 1996110414 -9999 -9999 -9999 0.0
C0G660 1996110415 -9999 -9999 -9999 0.0
C0G660 1996110416 -9999 -9999 -9999 0.0
C0G660 1996110417 -9999 -9999 -9999 0.0
C0G660 1996110418 -9999 -9999 -9999 0.0
C0G660 1996110419 -9999 -9999 -9999 0.0
C0G660 1996110420 -9999 -9999 -9999 0.0
C0G660 1996110421 -9999 -9999 -9999 0.0
C0G660 1996110422 -9999 -9999 -9999 0.0
C0G660 1996110423 -9999 -9999 -9999 0.0
C0G660 1996110424 -9999 -9999 -9999 0.0
C0G660 1996110501 -9999 -9999 -9999 0.0
C0G660 1996110502 -9999 -9999 -9999 0.0
C0G660 1996110503 -9999 -9999 -9999 0.0
C0G660 1996110504 -9999 -9999 -9999 0.0
C0G660 1996110505 -9999 -9999 -9999 0.0
C0G660 1996110506 -9999 -9999 -9999 0.0
C0G660 1996110507 -9999 -9999 -9999 0.0
C0G660 1996110508 -9999 -9999 -9999 0.0
C0G660 1996110509 -9999 -9999 -9999 0.0
C0G660 1996110510 -9999 -9999 -9999 0.0
C0G660 1996110511 -9999 -9999 -9999 0.0
C0G660 1996110512 -9999 -9999 -9999 0.0
C0G660 1996110513 -9999 -9999 -9999 0.0
C0G660 1996110514 -9999 -9999 -9999 0.0
C0G660 1996110515 -9999 -9999 -9999 0.0
C0G660 1996110516 -9999 -9999 -9999 0.0
C0G660 1996110517 -9999 -9999 -9999 0.0
C0G660 1996110518 -9999 -9999 -9999 0.0
C0G660 1996110519 -9999 -9999 -9999 0.0
C0G660 1996110520 -9999 -9999 -9999 0.0
C0G660 1996110521 -9999 -9999 -9999 0.0
C0G660 1996110522 -9999 -9999 -9999 0.0
C0G660 1996110523 -9999 -9999 -9999 0.0
C0G660 1996110524 -9999 -9999 -9999 0.0
C0G660 1996110601 -9999 -9999 -9999 0.0
C0G660 1996110602 -9999 -9999 -9999 0.0
C0G660 1996110603 -9999 -9999 -9999 0.0
C0G660 1996110604 -9999 -9999 -9999 0.0
C0G660 1996110605 -9999 -9999 -9999 0.0
C0G660 1996110606 -9999 -9999 -9999 0.0
C0G660 1996110607 -9999 -9999 -9999 0.0
C0G660 1996110608 -9999 -9999 -9999 0.0
C0G660 1996110609 -9999 -9999 -9999 0.0
C0G660 1996110610 -9999 -9999 -9999 0.0
C0G660 1996110611 -9999 -9999 -9999 0.0
C0G660 1996110612 -9999 -9999 -9999 0.0
C0G660 1996110613 -9999 -9999 -9999 0.0
C0G660 1996110614 -9999 -9999 -9999 0.0
C0G660 1996110615 -9999 -9999 -9999 0.0
C0G660 1996110616 -9999 -9999 -9999 0.0
C0G660 1996110617 -9999 -9999 -9999 0.0
C0G660 1996110618 -9999 -9999 -9999 0.0
C0G660 1996110619 -9999 -9999 -9999 0.0
C0G660 1996110620 -9999 -9999 -9999 -9996
C0G660 1996110621 -9999 -9999 -9999 -9996
C0G660 1996110622 -9999 -9999 -9999 -9996
C0G660 1996110623 -9999 -9999 -9999 -9996
C0G660 1996110624 -9999 -9999 -9999 -9996
C0G660 1996110701 -9999 -9999 -9999 0.0
C0G660 1996110702 -9999 -9999 -9999 0.0
C0G660 1996110703 -9999 -9999 -9999 0.0
C0G660 1996110704 -9999 -9999 -9999 0.0
C0G660 1996110705 -9999 -9999 -9999 0.0
C0G660 1996110706 -9999 -9999 -9999 0.0
C0G660 1996110707 -9999 -9999 -9999 0.0
C0G660 1996110708 -9999 -9999 -9999 0.0
C0G660 1996110709 -9999 -9999 -9999 0.0
C0G660 1996110710 -9999 -9999 -9999 0.0
C0G660 1996110711 -9999 -9999 -9999 0.0
C0G660 1996110712 -9999 -9999 -9999 0.0
C0G660 1996110713 -9999 -9999 -9999 0.0
C0G660 1996110714 -9999 -9999 -9999 0.0
C0G660 1996110715 -9999 -9999 -9999 0.0
C0G660 1996110716 -9999 -9999 -9999 0.0
C0G660 1996110717 -9999 -9999 -9999 0.0
C0G660 1996110718 -9999 -9999 -9999 0.0
C0G660 1996110719 -9999 -9999 -9999 0.0
C0G660 1996110720 -9999 -9999 -9999 0.0
C0G660 1996110721 -9999 -9999 -9999 0.0
C0G660 1996110722 -9999 -9999 -9999 0.0
C0G660 1996110723 -9999 -9999 -9999 0.0
C0G660 1996110724 -9999 -9999 -9999 0.0
C0G660 1996110801 -9999 -9999 -9999 0.0
C0G660 1996110802 -9999 -9999 -9999 0.0
C0G660 1996110803 -9999 -9999 -9999 0.0
C0G660 1996110804 -9999 -9999 -9999 0.0
C0G660 1996110805 -9999 -9999 -9999 0.0
C0G660 1996110806 -9999 -9999 -9999 0.0
C0G660 1996110807 -9999 -9999 -9999 0.0
C0G660 1996110808 -9999 -9999 -9999 0.0
C0G660 1996110809 -9999 -9999 -9999 0.0
C0G660 1996110810 -9999 -9999 -9999 0.0
C0G660 1996110811 -9999 -9999 -9999 0.0
C0G660 1996110812 -9999 -9999 -9999 0.0
C0G660 1996110813 -9999 -9999 -9999 0.0
C0G660 1996110814 -9999 -9999 -9999 0.0
C0G660 1996110815 -9999 -9999 -9999 0.0
C0G660 1996110816 -9999 -9999 -9999 0.0
C0G660 1996110817 -9999 -9999 -9999 0.0
C0G660 1996110818 -9999 -9999 -9999 0.0
C0G660 1996110819 -9999 -9999 -9999 0.0
C0G660 1996110820 -9999 -9999 -9999 0.0
C0G660 1996110821 -9999 -9999 -9999 0.0
C0G660 1996110822 -9999 -9999 -9999 0.0
C0G660 1996110823 -9999 -9999 -9999 0.0
C0G660 1996110824 -9999 -9999 -9999 0.0
C0G660 1996110901 -9999 -9999 -9999 0.0
C0G660 1996110902 -9999 -9999 -9999 0.0
C0G660 1996110903 -9999 -9999 -9999 0.0
C0G660 1996110904 -9999 -9999 -9999 0.0
C0G660 1996110905 -9999 -9999 -9999 0.0
C0G660 1996110906 -9999 -9999 -9999 0.0
C0G660 1996110907 -9999 -9999 -9999 0.0
C0G660 1996110908 -9999 -9999 -9999 0.0
C0G660 1996110909 -9999 -9999 -9999 0.0
C0G660 1996110910 -9999 -9999 -9999 0.0
C0G660 1996110911 -9999 -9999 -9999 0.0
C0G660 1996110912 -9999 -9999 -9999 0.0
C0G660 1996110913 -9999 -9999 -9999 0.0
C0G660 1996110914 -9999 -9999 -9999 0.0
C0G660 1996110915 -9999 -9999 -9999 0.0
C0G660 1996110916 -9999 -9999 -9999 -9996
C0G660 1996110917 -9999 -9999 -9999 0.5
C0G660 1996110918 -9999 -9999 -9999 1.5
C0G660 1996110919 -9999 -9999 -9999 0.5
C0G660 1996110920 -9999 -9999 -9999 -9996
C0G660 1996110921 -9999 -9999 -9999 0.5
C0G660 1996110922 -9999 -9999 -9999 0.0
C0G660 1996110923 -9999 -9999 -9999 0.0
C0G660 1996110924 -9999 -9999 -9999 0.0
C0G660 1996111001 -9999 -9999 -9999 0.0
C0G660 1996111002 -9999 -9999 -9999 0.0
C0G660 1996111003 -9999 -9999 -9999 0.0
C0G660 1996111004 -9999 -9999 -9999 0.0
C0G660 1996111005 -9999 -9999 -9999 0.0
C0G660 1996111006 -9999 -9999 -9999 0.0
C0G660 1996111007 -9999 -9999 -9999 0.0
C0G660 1996111008 -9999 -9999 -9999 0.0
C0G660 1996111009 -9999 -9999 -9999 0.0
C0G660 1996111010 -9999 -9999 -9999 0.0
C0G660 1996111011 -9999 -9999 -9999 0.0
C0G660 1996111012 -9999 -9999 -9999 0.0
C0G660 1996111013 -9999 -9999 -9999 0.0
C0G660 1996111014 -9999 -9999 -9999 0.0
C0G660 1996111015 -9999 -9999 -9999 0.0
C0G660 1996111016 -9999 -9999 -9999 0.0
C0G660 1996111017 -9999 -9999 -9999 0.0
C0G660 1996111018 -9999 -9999 -9999 0.0
C0G660 1996111019 -9999 -9999 -9999 0.0
C0G660 1996111020 -9999 -9999 -9999 0.0
C0G660 1996111021 -9999 -9999 -9999 0.0
C0G660 1996111022 -9999 -9999 -9999 0.0
C0G660 1996111023 -9999 -9999 -9999 0.0
C0G660 1996111024 -9999 -9999 -9999 0.0
C0G660 1996111101 -9999 -9999 -9999 0.0
C0G660 1996111102 -9999 -9999 -9999 0.0
C0G660 1996111103 -9999 -9999 -9999 0.0
C0G660 1996111104 -9999 -9999 -9999 0.0
C0G660 1996111105 -9999 -9999 -9999 0.0
C0G660 1996111106 -9999 -9999 -9999 0.0
C0G660 1996111107 -9999 -9999 -9999 0.0
C0G660 1996111108 -9999 -9999 -9999 0.0
C0G660 1996111109 -9999 -9999 -9999 0.0
C0G660 1996111110 -9999 -9999 -9999 0.0
C0G660 1996111111 -9999 -9999 -9999 0.0
C0G660 1996111112 -9999 -9999 -9999 0.0
C0G660 1996111113 -9999 -9999 -9999 0.0
C0G660 1996111114 -9999 -9999 -9999 0.0
C0G660 1996111115 -9999 -9999 -9999 0.0
C0G660 1996111116 -9999 -9999 -9999 0.0
C0G660 1996111117 -9999 -9999 -9999 0.0
C0G660 1996111118 -9999 -9999 -9999 0.0
C0G660 1996111119 -9999 -9999 -9999 0.0
C0G660 1996111120 -9999 -9999 -9999 0.0
C0G660 1996111121 -9999 -9999 -9999 0.0
C0G660 1996111122 -9999 -9999 -9999 0.0
C0G660 1996111123 -9999 -9999 -9999 0.0
C0G660 1996111124 -9999 -9999 -9999 0.0
C0G660 1996111201 -9999 -9999 -9999 0.0
C0G660 1996111202 -9999 -9999 -9999 0.0
C0G660 1996111203 -9999 -9999 -9999 0.0
C0G660 1996111204 -9999 -9999 -9999 0.0
C0G660 1996111205 -9999 -9999 -9999 0.0
C0G660 1996111206 -9999 -9999 -9999 0.0
C0G660 1996111207 -9999 -9999 -9999 0.0
C0G660 1996111208 -9999 -9999 -9999 0.0
C0G660 1996111209 -9999 -9999 -9999 0.0
C0G660 1996111210 -9999 -9999 -9999 0.0
C0G660 1996111211 -9999 -9999 -9999 0.0
C0G660 1996111212 -9999 -9999 -9999 0.0
C0G660 1996111213 -9999 -9999 -9999 0.0
C0G660 1996111214 -9999 -9999 -9999 0.0
C0G660 1996111215 -9999 -9999 -9999 0.0
C0G660 1996111216 -9999 -9999 -9999 0.0
C0G660 1996111217 -9999 -9999 -9999 0.0
C0G660 1996111218 -9999 -9999 -9999 0.0
C0G660 1996111219 -9999 -9999 -9999 0.0
C0G660 1996111220 -9999 -9999 -9999 0.0
C0G660 1996111221 -9999 -9999 -9999 0.0
C0G660 1996111222 -9999 -9999 -9999 0.0
C0G660 1996111223 -9999 -9999 -9999 0.0
C0G660 1996111224 -9999 -9999 -9999 0.0
C0G660 1996111301 -9999 -9999 -9999 0.0
C0G660 1996111302 -9999 -9999 -9999 0.0
C0G660 1996111303 -9999 -9999 -9999 0.0
C0G660 1996111304 -9999 -9999 -9999 0.0
C0G660 1996111305 -9999 -9999 -9999 0.0
C0G660 1996111306 -9999 -9999 -9999 0.0
C0G660 1996111307 -9999 -9999 -9999 0.0
C0G660 1996111308 -9999 -9999 -9999 0.0
C0G660 1996111309 -9999 -9999 -9999 0.0
C0G660 1996111310 -9999 -9999 -9999 0.0
C0G660 1996111311 -9999 -9999 -9999 0.0
C0G660 1996111312 -9999 -9999 -9999 0.0
C0G660 1996111313 -9999 -9999 -9999 0.0
C0G660 1996111314 -9999 -9999 -9999 0.0
C0G660 1996111315 -9999 -9999 -9999 0.0
C0G660 1996111316 -9999 -9999 -9999 0.0
C0G660 1996111317 -9999 -9999 -9999 0.0
C0G660 1996111318 -9999 -9999 -9999 0.0
C0G660 1996111319 -9999 -9999 -9999 -9996
C0G660 1996111320 -9999 -9999 -9999 -9996
C0G660 1996111321 -9999 -9999 -9999 -9996
C0G660 1996111322 -9999 -9999 -9999 -9996
C0G660 1996111323 -9999 -9999 -9999 -9996
C0G660 1996111324 -9999 -9999 -9999 -9996
C0G660 1996111401 -9999 -9999 -9999 0.0
C0G660 1996111402 -9999 -9999 -9999 0.0
C0G660 1996111403 -9999 -9999 -9999 0.0
C0G660 1996111404 -9999 -9999 -9999 0.0
C0G660 1996111405 -9999 -9999 -9999 0.0
C0G660 1996111406 -9999 -9999 -9999 0.0
C0G660 1996111407 -9999 -9999 -9999 0.0
C0G660 1996111408 -9999 -9999 -9999 0.0
C0G660 1996111409 -9999 -9999 -9999 0.0
C0G660 1996111410 -9999 -9999 -9999 0.0
C0G660 1996111411 -9999 -9999 -9999 0.0
C0G660 1996111412 -9999 -9999 -9999 0.0
C0G660 1996111413 -9999 -9999 -9999 0.0
C0G660 1996111414 -9999 -9999 -9999 0.0
C0G660 1996111415 -9999 -9999 -9999 0.0
C0G660 1996111416 -9999 -9999 -9999 0.0
C0G660 1996111417 -9999 -9999 -9999 0.0
C0G660 1996111418 -9999 -9999 -9999 0.0
C0G660 1996111419 -9999 -9999 -9999 0.0
C0G660 1996111420 -9999 -9999 -9999 0.0
C0G660 1996111421 -9999 -9999 -9999 0.0
C0G660 1996111422 -9999 -9999 -9999 0.0
C0G660 1996111423 -9999 -9999 -9999 0.0
C0G660 1996111424 -9999 -9999 -9999 0.0
C0G660 1996111501 -9999 -9999 -9999 0.0
C0G660 1996111502 -9999 -9999 -9999 0.0
C0G660 1996111503 -9999 -9999 -9999 0.0
C0G660 1996111504 -9999 -9999 -9999 0.0
C0G660 1996111505 -9999 -9999 -9999 0.0
C0G660 1996111506 -9999 -9999 -9999 0.0
C0G660 1996111507 -9999 -9999 -9999 0.0
C0G660 1996111508 -9999 -9999 -9999 0.0
C0G660 1996111509 -9999 -9999 -9999 0.0
C0G660 1996111510 -9999 -9999 -9999 0.0
C0G660 1996111511 -9999 -9999 -9999 0.0
C0G660 1996111512 -9999 -9999 -9999 0.0
C0G660 1996111513 -9999 -9999 -9999 0.0
C0G660 1996111514 -9999 -9999 -9999 0.0
C0G660 1996111515 -9999 -9999 -9999 0.0
C0G660 1996111516 -9999 -9999 -9999 0.0
C0G660 1996111517 -9999 -9999 -9999 0.0
C0G660 1996111518 -9999 -9999 -9999 0.0
C0G660 1996111519 -9999 -9999 -9999 0.0
C0G660 1996111520 -9999 -9999 -9999 0.0
C0G660 1996111521 -9999 -9999 -9999 0.0
C0G660 1996111522 -9999 -9999 -9999 0.0
C0G660 1996111523 -9999 -9999 -9999 0.0
C0G660 1996111524 -9999 -9999 -9999 0.0
C0G660 1996111601 -9999 -9999 -9999 0.0
C0G660 1996111602 -9999 -9999 -9999 0.0
C0G660 1996111603 -9999 -9999 -9999 0.0
C0G660 1996111604 -9999 -9999 -9999 0.0
C0G660 1996111605 -9999 -9999 -9999 0.0
C0G660 1996111606 -9999 -9999 -9999 0.0
C0G660 1996111607 -9999 -9999 -9999 0.0
C0G660 1996111608 -9999 -9999 -9999 0.0
C0G660 1996111609 -9999 -9999 -9999 0.0
C0G660 1996111610 -9999 -9999 -9999 0.0
C0G660 1996111611 -9999 -9999 -9999 0.0
C0G660 1996111612 -9999 -9999 -9999 0.0
C0G660 1996111613 -9999 -9999 -9999 0.0
C0G660 1996111614 -9999 -9999 -9999 0.0
C0G660 1996111615 -9999 -9999 -9999 0.0
C0G660 1996111616 -9999 -9999 -9999 0.0
C0G660 1996111617 -9999 -9999 -9999 0.0
C0G660 1996111618 -9999 -9999 -9999 0.0
C0G660 1996111619 -9999 -9999 -9999 0.0
C0G660 1996111620 -9999 -9999 -9999 0.0
C0G660 1996111621 -9999 -9999 -9999 0.0
C0G660 1996111622 -9999 -9999 -9999 0.0
C0G660 1996111623 -9999 -9999 -9999 0.0
C0G660 1996111624 -9999 -9999 -9999 0.0
C0G660 1996111701 -9999 -9999 -9999 0.0
C0G660 1996111702 -9999 -9999 -9999 0.0
C0G660 1996111703 -9999 -9999 -9999 0.0
C0G660 1996111704 -9999 -9999 -9999 0.0
C0G660 1996111705 -9999 -9999 -9999 0.0
C0G660 1996111706 -9999 -9999 -9999 0.0
C0G660 1996111707 -9999 -9999 -9999 0.0
C0G660 1996111708 -9999 -9999 -9999 0.0
C0G660 1996111709 -9999 -9999 -9999 0.0
C0G660 1996111710 -9999 -9999 -9999 0.0
C0G660 1996111711 -9999 -9999 -9999 0.0
C0G660 1996111712 -9999 -9999 -9999 0.0
C0G660 1996111713 -9999 -9999 -9999 0.0
C0G660 1996111714 -9999 -9999 -9999 0.0
C0G660 1996111715 -9999 -9999 -9999 0.0
C0G660 1996111716 -9999 -9999 -9999 0.0
C0G660 1996111717 -9999 -9999 -9999 0.0
C0G660 1996111718 -9999 -9999 -9999 0.0
C0G660 1996111719 -9999 -9999 -9999 0.0
C0G660 1996111720 -9999 -9999 -9999 0.0
C0G660 1996111721 -9999 -9999 -9999 0.0
C0G660 1996111722 -9999 -9999 -9999 0.0
C0G660 1996111723 -9999 -9999 -9999 0.0
C0G660 1996111724 -9999 -9999 -9999 0.0
C0G660 1996111801 -9999 -9999 -9999 0.0
C0G660 1996111802 -9999 -9999 -9999 0.0
C0G660 1996111803 -9999 -9999 -9999 0.0
C0G660 1996111804 -9999 -9999 -9999 0.0
C0G660 1996111805 -9999 -9999 -9999 0.0
C0G660 1996111806 -9999 -9999 -9999 0.0
C0G660 1996111807 -9999 -9999 -9999 0.0
C0G660 1996111808 -9999 -9999 -9999 0.0
C0G660 1996111809 -9999 -9999 -9999 0.0
C0G660 1996111810 -9999 -9999 -9999 0.0
C0G660 1996111811 -9999 -9999 -9999 0.0
C0G660 1996111812 -9999 -9999 -9999 0.0
C0G660 1996111813 -9999 -9999 -9999 0.0
C0G660 1996111814 -9999 -9999 -9999 0.0
C0G660 1996111815 -9999 -9999 -9999 0.0
C0G660 1996111816 -9999 -9999 -9999 0.0
C0G660 1996111817 -9999 -9999 -9999 0.0
C0G660 1996111818 -9999 -9999 -9999 0.0
C0G660 1996111819 -9999 -9999 -9999 0.0
C0G660 1996111820 -9999 -9999 -9999 0.0
C0G660 1996111821 -9999 -9999 -9999 0.0
C0G660 1996111822 -9999 -9999 -9999 0.0
C0G660 1996111823 -9999 -9999 -9999 0.0
C0G660 1996111824 -9999 -9999 -9999 0.0
C0G660 1996111901 -9999 -9999 -9999 0.0
C0G660 1996111902 -9999 -9999 -9999 0.0
C0G660 1996111903 -9999 -9999 -9999 0.0
C0G660 1996111904 -9999 -9999 -9999 0.0
C0G660 1996111905 -9999 -9999 -9999 0.0
C0G660 1996111906 -9999 -9999 -9999 0.0
C0G660 1996111907 -9999 -9999 -9999 0.0
C0G660 1996111908 -9999 -9999 -9999 0.0
C0G660 1996111909 -9999 -9999 -9999 0.0
C0G660 1996111910 -9999 -9999 -9999 0.0
C0G660 1996111911 -9999 -9999 -9999 0.0
C0G660 1996111912 -9999 -9999 -9999 0.0
C0G660 1996111913 -9999 -9999 -9999 0.0
C0G660 1996111914 -9999 -9999 -9999 0.0
C0G660 1996111915 -9999 -9999 -9999 0.0
C0G660 1996111916 -9999 -9999 -9999 0.0
C0G660 1996111917 -9999 -9999 -9999 0.0
C0G660 1996111918 -9999 -9999 -9999 0.0
C0G660 1996111919 -9999 -9999 -9999 0.0
C0G660 1996111920 -9999 -9999 -9999 0.0
C0G660 1996111921 -9999 -9999 -9999 0.0
C0G660 1996111922 -9999 -9999 -9999 0.0
C0G660 1996111923 -9999 -9999 -9999 0.0
C0G660 1996111924 -9999 -9999 -9999 0.0
C0G660 1996112001 -9999 -9999 -9999 0.0
C0G660 1996112002 -9999 -9999 -9999 0.0
C0G660 1996112003 -9999 -9999 -9999 0.0
C0G660 1996112004 -9999 -9999 -9999 0.0
C0G660 1996112005 -9999 -9999 -9999 0.0
C0G660 1996112006 -9999 -9999 -9999 0.0
C0G660 1996112007 -9999 -9999 -9999 0.0
C0G660 1996112008 -9999 -9999 -9999 0.0
C0G660 1996112009 -9999 -9999 -9999 0.0
C0G660 1996112010 -9999 -9999 -9999 0.0
C0G660 1996112011 -9999 -9999 -9999 0.0
C0G660 1996112012 -9999 -9999 -9999 0.0
C0G660 1996112013 -9999 -9999 -9999 0.0
C0G660 1996112014 -9999 -9999 -9999 0.0
C0G660 1996112015 -9999 -9999 -9999 0.0
C0G660 1996112016 -9999 -9999 -9999 0.0
C0G660 1996112017 -9999 -9999 -9999 0.0
C0G660 1996112018 -9999 -9999 -9999 0.0
C0G660 1996112019 -9999 -9999 -9999 0.0
C0G660 1996112020 -9999 -9999 -9999 0.0
C0G660 1996112021 -9999 -9999 -9999 0.0
C0G660 1996112022 -9999 -9999 -9999 0.0
C0G660 1996112023 -9999 -9999 -9999 0.0
C0G660 1996112024 -9999 -9999 -9999 0.0
C0G660 1996112101 -9999 -9999 -9999 0.0
C0G660 1996112102 -9999 -9999 -9999 0.0
C0G660 1996112103 -9999 -9999 -9999 0.0
C0G660 1996112104 -9999 -9999 -9999 0.0
C0G660 1996112105 -9999 -9999 -9999 0.0
C0G660 1996112106 -9999 -9999 -9999 0.0
C0G660 1996112107 -9999 -9999 -9999 0.0
C0G660 1996112108 -9999 -9999 -9999 0.0
C0G660 1996112109 -9999 -9999 -9999 0.0
C0G660 1996112110 -9999 -9999 -9999 0.0
C0G660 1996112111 -9999 -9999 -9999 0.0
C0G660 1996112112 -9999 -9999 -9999 0.0
C0G660 1996112113 -9999 -9999 -9999 0.0
C0G660 1996112114 -9999 -9999 -9999 0.0
C0G660 1996112115 -9999 -9999 -9999 0.0
C0G660 1996112116 -9999 -9999 -9999 0.0
C0G660 1996112117 -9999 -9999 -9999 0.0
C0G660 1996112118 -9999 -9999 -9999 0.0
C0G660 1996112119 -9999 -9999 -9999 0.0
C0G660 1996112120 -9999 -9999 -9999 0.0
C0G660 1996112121 -9999 -9999 -9999 0.0
C0G660 1996112122 -9999 -9999 -9999 0.0
C0G660 1996112123 -9999 -9999 -9999 0.0
C0G660 1996112124 -9999 -9999 -9999 0.0
C0G660 1996112201 -9999 -9999 -9999 0.0
C0G660 1996112202 -9999 -9999 -9999 0.0
C0G660 1996112203 -9999 -9999 -9999 0.0
C0G660 1996112204 -9999 -9999 -9999 0.0
C0G660 1996112205 -9999 -9999 -9999 0.0
C0G660 1996112206 -9999 -9999 -9999 0.0
C0G660 1996112207 -9999 -9999 -9999 0.0
C0G660 1996112208 -9999 -9999 -9999 0.0
C0G660 1996112209 -9999 -9999 -9999 0.0
C0G660 1996112210 -9999 -9999 -9999 0.0
C0G660 1996112211 -9999 -9999 -9999 0.0
C0G660 1996112212 -9999 -9999 -9999 0.0
C0G660 1996112213 -9999 -9999 -9999 0.0
C0G660 1996112214 -9999 -9999 -9999 0.0
C0G660 1996112215 -9999 -9999 -9999 0.0
C0G660 1996112216 -9999 -9999 -9999 0.0
C0G660 1996112217 -9999 -9999 -9999 0.0
C0G660 1996112218 -9999 -9999 -9999 0.0
C0G660 1996112219 -9999 -9999 -9999 0.0
C0G660 1996112220 -9999 -9999 -9999 0.0
C0G660 1996112221 -9999 -9999 -9999 0.0
C0G660 1996112222 -9999 -9999 -9999 0.0
C0G660 1996112223 -9999 -9999 -9999 0.0
C0G660 1996112224 -9999 -9999 -9999 0.0
C0G660 1996112301 -9999 -9999 -9999 0.0
C0G660 1996112302 -9999 -9999 -9999 0.0
C0G660 1996112303 -9999 -9999 -9999 0.0
C0G660 1996112304 -9999 -9999 -9999 0.0
C0G660 1996112305 -9999 -9999 -9999 0.0
C0G660 1996112306 -9999 -9999 -9999 0.0
C0G660 1996112307 -9999 -9999 -9999 0.0
C0G660 1996112308 -9999 -9999 -9999 0.0
C0G660 1996112309 -9999 -9999 -9999 0.0
C0G660 1996112310 -9999 -9999 -9999 0.0
C0G660 1996112311 -9999 -9999 -9999 0.0
C0G660 1996112312 -9999 -9999 -9999 0.0
C0G660 1996112313 -9999 -9999 -9999 0.0
C0G660 1996112314 -9999 -9999 -9999 0.0
C0G660 1996112315 -9999 -9999 -9999 0.0
C0G660 1996112316 -9999 -9999 -9999 0.0
C0G660 1996112317 -9999 -9999 -9999 0.0
C0G660 1996112318 -9999 -9999 -9999 0.0
C0G660 1996112319 -9999 -9999 -9999 0.0
C0G660 1996112320 -9999 -9999 -9999 0.0
C0G660 1996112321 -9999 -9999 -9999 0.0
C0G660 1996112322 -9999 -9999 -9999 0.0
C0G660 1996112323 -9999 -9999 -9999 0.0
C0G660 1996112324 -9999 -9999 -9999 0.0
C0G660 1996112401 -9999 -9999 -9999 0.0
C0G660 1996112402 -9999 -9999 -9999 0.0
C0G660 1996112403 -9999 -9999 -9999 0.0
C0G660 1996112404 -9999 -9999 -9999 0.0
C0G660 1996112405 -9999 -9999 -9999 0.0
C0G660 1996112406 -9999 -9999 -9999 0.0
C0G660 1996112407 -9999 -9999 -9999 0.0
C0G660 1996112408 -9999 -9999 -9999 0.0
C0G660 1996112409 -9999 -9999 -9999 0.0
C0G660 1996112410 -9999 -9999 -9999 0.0
C0G660 1996112411 -9999 -9999 -9999 0.0
C0G660 1996112412 -9999 -9999 -9999 0.0
C0G660 1996112413 -9999 -9999 -9999 0.0
C0G660 1996112414 -9999 -9999 -9999 0.0
C0G660 1996112415 -9999 -9999 -9999 0.0
C0G660 1996112416 -9999 -9999 -9999 0.0
C0G660 1996112417 -9999 -9999 -9999 0.0
C0G660 1996112418 -9999 -9999 -9999 0.0
C0G660 1996112419 -9999 -9999 -9999 0.0
C0G660 1996112420 -9999 -9999 -9999 0.0
C0G660 1996112421 -9999 -9999 -9999 0.0
C0G660 1996112422 -9999 -9999 -9999 0.0
C0G660 1996112423 -9999 -9999 -9999 0.0
C0G660 1996112424 -9999 -9999 -9999 0.0
C0G660 1996112501 -9999 -9999 -9999 0.0
C0G660 1996112502 -9999 -9999 -9999 0.0
C0G660 1996112503 -9999 -9999 -9999 0.0
C0G660 1996112504 -9999 -9999 -9999 0.0
C0G660 1996112505 -9999 -9999 -9999 0.0
C0G660 1996112506 -9999 -9999 -9999 0.0
C0G660 1996112507 -9999 -9999 -9999 0.0
C0G660 1996112508 -9999 -9999 -9999 0.0
C0G660 1996112509 -9999 -9999 -9999 0.0
C0G660 1996112510 -9999 -9999 -9999 0.0
C0G660 1996112511 -9999 -9999 -9999 0.0
C0G660 1996112512 -9999 -9999 -9999 0.0
C0G660 1996112513 -9999 -9999 -9999 0.0
C0G660 1996112514 -9999 -9999 -9999 0.0
C0G660 1996112515 -9999 -9999 -9999 0.0
C0G660 1996112516 -9999 -9999 -9999 0.0
C0G660 1996112517 -9999 -9999 -9999 0.0
C0G660 1996112518 -9999 -9999 -9999 0.0
C0G660 1996112519 -9999 -9999 -9999 0.0
C0G660 1996112520 -9999 -9999 -9999 -9996
C0G660 1996112521 -9999 -9999 -9999 -9996
C0G660 1996112522 -9999 -9999 -9999 -9996
C0G660 1996112523 -9999 -9999 -9999 -9996
C0G660 1996112524 -9999 -9999 -9999 -9996
C0G660 1996112601 -9999 -9999 -9999 0.0
C0G660 1996112602 -9999 -9999 -9999 0.0
C0G660 1996112603 -9999 -9999 -9999 0.0
C0G660 1996112604 -9999 -9999 -9999 0.0
C0G660 1996112605 -9999 -9999 -9999 0.0
C0G660 1996112606 -9999 -9999 -9999 0.0
C0G660 1996112607 -9999 -9999 -9999 0.0
C0G660 1996112608 -9999 -9999 -9999 0.0
C0G660 1996112609 -9999 -9999 -9999 0.0
C0G660 1996112610 -9999 -9999 -9999 0.0
C0G660 1996112611 -9999 -9999 -9999 0.0
C0G660 1996112612 -9999 -9999 -9999 0.0
C0G660 1996112613 -9999 -9999 -9999 0.0
C0G660 1996112614 -9999 -9999 -9999 0.0
C0G660 1996112615 -9999 -9999 -9999 0.0
C0G660 1996112616 -9999 -9999 -9999 0.0
C0G660 1996112617 -9999 -9999 -9999 0.0
C0G660 1996112618 -9999 -9999 -9999 0.0
C0G660 1996112619 -9999 -9999 -9999 0.0
C0G660 1996112620 -9999 -9999 -9999 0.0
C0G660 1996112621 -9999 -9999 -9999 0.0
C0G660 1996112622 -9999 -9999 -9999 0.0
C0G660 1996112623 -9999 -9999 -9999 0.0
C0G660 1996112624 -9999 -9999 -9999 0.0
C0G660 1996112701 -9999 -9999 -9999 0.0
C0G660 1996112702 -9999 -9999 -9999 0.0
C0G660 1996112703 -9999 -9999 -9999 0.0
C0G660 1996112704 -9999 -9999 -9999 0.0
C0G660 1996112705 -9999 -9999 -9999 0.0
C0G660 1996112706 -9999 -9999 -9999 0.0
C0G660 1996112707 -9999 -9999 -9999 0.0
C0G660 1996112708 -9999 -9999 -9999 0.0
C0G660 1996112709 -9999 -9999 -9999 0.0
C0G660 1996112710 -9999 -9999 -9999 0.0
C0G660 1996112711 -9999 -9999 -9999 0.0
C0G660 1996112712 -9999 -9999 -9999 0.0
C0G660 1996112713 -9999 -9999 -9999 0.0
C0G660 1996112714 -9999 -9999 -9999 0.0
C0G660 1996112715 -9999 -9999 -9999 0.0
C0G660 1996112716 -9999 -9999 -9999 0.0
C0G660 1996112717 -9999 -9999 -9999 0.0
C0G660 1996112718 -9999 -9999 -9999 0.0
C0G660 1996112719 -9999 -9999 -9999 0.0
C0G660 1996112720 -9999 -9999 -9999 0.0
C0G660 1996112721 -9999 -9999 -9999 0.0
C0G660 1996112722 -9999 -9999 -9999 0.0
C0G660 1996112723 -9999 -9999 -9999 0.0
C0G660 1996112724 -9999 -9999 -9999 0.0
C0G660 1996112801 -9999 -9999 -9999 0.0
C0G660 1996112802 -9999 -9999 -9999 0.0
C0G660 1996112803 -9999 -9999 -9999 0.0
C0G660 1996112804 -9999 -9999 -9999 0.0
C0G660 1996112805 -9999 -9999 -9999 0.0
C0G660 1996112806 -9999 -9999 -9999 0.0
C0G660 1996112807 -9999 -9999 -9999 0.0
C0G660 1996112808 -9999 -9999 -9999 0.0
C0G660 1996112809 -9999 -9999 -9999 0.0
C0G660 1996112810 -9999 -9999 -9999 0.0
C0G660 1996112811 -9999 -9999 -9999 0.0
C0G660 1996112812 -9999 -9999 -9999 0.0
C0G660 1996112813 -9999 -9999 -9999 0.0
C0G660 1996112814 -9999 -9999 -9999 0.0
C0G660 1996112815 -9999 -9999 -9999 0.0
C0G660 1996112816 -9999 -9999 -9999 0.0
C0G660 1996112817 -9999 -9999 -9999 0.0
C0G660 1996112818 -9999 -9999 -9999 0.0
C0G660 1996112819 -9999 -9999 -9999 0.0
C0G660 1996112820 -9999 -9999 -9999 0.0
C0G660 1996112821 -9999 -9999 -9999 0.0
C0G660 1996112822 -9999 -9999 -9999 0.0
C0G660 1996112823 -9999 -9999 -9999 0.0
C0G660 1996112824 -9999 -9999 -9999 0.0
C0G660 1996112901 -9999 -9999 -9999 0.0
C0G660 1996112902 -9999 -9999 -9999 0.0
C0G660 1996112903 -9999 -9999 -9999 0.0
C0G660 1996112904 -9999 -9999 -9999 0.0
C0G660 1996112905 -9999 -9999 -9999 0.0
C0G660 1996112906 -9999 -9999 -9999 0.0
C0G660 1996112907 -9999 -9999 -9999 0.0
C0G660 1996112908 -9999 -9999 -9999 0.0
C0G660 1996112909 -9999 -9999 -9999 0.0
C0G660 1996112910 -9999 -9999 -9999 0.0
C0G660 1996112911 -9999 -9999 -9999 0.0
C0G660 1996112912 -9999 -9999 -9999 0.0
C0G660 1996112913 -9999 -9999 -9999 0.0
C0G660 1996112914 -9999 -9999 -9999 0.0
C0G660 1996112915 -9999 -9999 -9999 0.0
C0G660 1996112916 -9999 -9999 -9999 0.0
C0G660 1996112917 -9999 -9999 -9999 0.0
C0G660 1996112918 -9999 -9999 -9999 0.0
C0G660 1996112919 -9999 -9999 -9999 0.0
C0G660 1996112920 -9999 -9999 -9999 0.0
C0G660 1996112921 -9999 -9999 -9999 0.0
C0G660 1996112922 -9999 -9999 -9999 0.0
C0G660 1996112923 -9999 -9999 -9999 0.0
C0G660 1996112924 -9999 -9999 -9999 0.0
C0G660 1996113001 -9999 -9999 -9999 0.0
C0G660 1996113002 -9999 -9999 -9999 0.0
C0G660 1996113003 -9999 -9999 -9999 0.0
C0G660 1996113004 -9999 -9999 -9999 0.0
C0G660 1996113005 -9999 -9999 -9999 0.0
C0G660 1996113006 -9999 -9999 -9999 0.0
C0G660 1996113007 -9999 -9999 -9999 0.0
C0G660 1996113008 -9999 -9999 -9999 0.0
C0G660 1996113009 -9999 -9999 -9999 0.0
C0G660 1996113010 -9999 -9999 -9999 0.0
C0G660 1996113011 -9999 -9999 -9999 0.0
C0G660 1996113012 -9999 -9999 -9999 0.0
C0G660 1996113013 -9999 -9999 -9999 0.0
C0G660 1996113014 -9999 -9999 -9999 0.0
C0G660 1996113015 -9999 -9999 -9999 0.0
C0G660 1996113016 -9999 -9999 -9999 0.0
C0G660 1996113017 -9999 -9999 -9999 0.0
C0G660 1996113018 -9999 -9999 -9999 0.0
C0G660 1996113019 -9999 -9999 -9999 0.0
C0G660 1996113020 -9999 -9999 -9999 0.0
C0G660 1996113021 -9999 -9999 -9999 0.0
C0G660 1996113022 -9999 -9999 -9999 0.0
C0G660 1996113023 -9999 -9999 -9999 0.0
C0G660 1996113024 -9999 -9999 -9999 0.0
