C0G620 1996100101 -9999 -9999 -9999 0.0
C0G620 1996100102 -9999 -9999 -9999 0.0
C0G620 1996100103 -9999 -9999 -9999 0.0
C0G620 1996100104 -9999 -9999 -9999 0.0
C0G620 1996100105 -9999 -9999 -9999 0.0
C0G620 1996100106 -9999 -9999 -9999 0.0
C0G620 1996100107 -9999 -9999 -9999 0.0
C0G620 1996100108 -9999 -9999 -9999 0.0
C0G620 1996100109 -9999 -9999 -9999 0.0
C0G620 1996100110 -9999 -9999 -9999 0.0
C0G620 1996100111 -9999 -9999 -9999 0.0
C0G620 1996100112 -9999 -9999 -9999 0.0
C0G620 1996100113 -9999 -9999 -9999 0.0
C0G620 1996100114 -9999 -9999 -9999 0.0
C0G620 1996100115 -9999 -9999 -9999 0.0
C0G620 1996100116 -9999 -9999 -9999 0.0
C0G620 1996100117 -9999 -9999 -9999 0.0
C0G620 1996100118 -9999 -9999 -9999 0.0
C0G620 1996100119 -9999 -9999 -9999 0.0
C0G620 1996100120 -9999 -9999 -9999 0.0
C0G620 1996100121 -9999 -9999 -9999 0.0
C0G620 1996100122 -9999 -9999 -9999 0.0
C0G620 1996100123 -9999 -9999 -9999 0.0
C0G620 1996100124 -9999 -9999 -9999 0.0
C0G620 1996100201 -9999 -9999 -9999 0.0
C0G620 1996100202 -9999 -9999 -9999 0.0
C0G620 1996100203 -9999 -9999 -9999 0.0
C0G620 1996100204 -9999 -9999 -9999 0.0
C0G620 1996100205 -9999 -9999 -9999 0.0
C0G620 1996100206 -9999 -9999 -9999 0.0
C0G620 1996100207 -9999 -9999 -9999 0.0
C0G620 1996100208 -9999 -9999 -9999 0.0
C0G620 1996100209 -9999 -9999 -9999 0.0
C0G620 1996100210 -9999 -9999 -9999 0.0
C0G620 1996100211 -9999 -9999 -9999 0.0
C0G620 1996100212 -9999 -9999 -9999 0.0
C0G620 1996100213 -9999 -9999 -9999 0.0
C0G620 1996100214 -9999 -9999 -9999 0.0
C0G620 1996100215 -9999 -9999 -9999 0.0
C0G620 1996100216 -9999 -9999 -9999 0.0
C0G620 1996100217 -9999 -9999 -9999 0.0
C0G620 1996100218 -9999 -9999 -9999 0.0
C0G620 1996100219 -9999 -9999 -9999 0.0
C0G620 1996100220 -9999 -9999 -9999 0.0
C0G620 1996100221 -9999 -9999 -9999 0.0
C0G620 1996100222 -9999 -9999 -9999 0.0
C0G620 1996100223 -9999 -9999 -9999 0.0
C0G620 1996100224 -9999 -9999 -9999 0.0
C0G620 1996100301 -9999 -9999 -9999 0.0
C0G620 1996100302 -9999 -9999 -9999 0.0
C0G620 1996100303 -9999 -9999 -9999 0.0
C0G620 1996100304 -9999 -9999 -9999 0.0
C0G620 1996100305 -9999 -9999 -9999 0.0
C0G620 1996100306 -9999 -9999 -9999 0.0
C0G620 1996100307 -9999 -9999 -9999 0.0
C0G620 1996100308 -9999 -9999 -9999 0.0
C0G620 1996100309 -9999 -9999 -9999 0.0
C0G620 1996100310 -9999 -9999 -9999 0.0
C0G620 1996100311 -9999 -9999 -9999 0.0
C0G620 1996100312 -9999 -9999 -9999 0.0
C0G620 1996100313 -9999 -9999 -9999 0.0
C0G620 1996100314 -9999 -9999 -9999 0.0
C0G620 1996100315 -9999 -9999 -9999 0.0
C0G620 1996100316 -9999 -9999 -9999 0.0
C0G620 1996100317 -9999 -9999 -9999 0.0
C0G620 1996100318 -9999 -9999 -9999 0.0
C0G620 1996100319 -9999 -9999 -9999 0.0
C0G620 1996100320 -9999 -9999 -9999 0.0
C0G620 1996100321 -9999 -9999 -9999 0.0
C0G620 1996100322 -9999 -9999 -9999 0.0
C0G620 1996100323 -9999 -9999 -9999 0.0
C0G620 1996100324 -9999 -9999 -9999 0.0
C0G620 1996100401 -9999 -9999 -9999 0.0
C0G620 1996100402 -9999 -9999 -9999 0.0
C0G620 1996100403 -9999 -9999 -9999 0.0
C0G620 1996100404 -9999 -9999 -9999 0.0
C0G620 1996100405 -9999 -9999 -9999 0.0
C0G620 1996100406 -9999 -9999 -9999 0.0
C0G620 1996100407 -9999 -9999 -9999 0.0
C0G620 1996100408 -9999 -9999 -9999 0.0
C0G620 1996100409 -9999 -9999 -9999 0.0
C0G620 1996100410 -9999 -9999 -9999 0.0
C0G620 1996100411 -9999 -9999 -9999 0.0
C0G620 1996100412 -9999 -9999 -9999 0.0
C0G620 1996100413 -9999 -9999 -9999 0.0
C0G620 1996100414 -9999 -9999 -9999 0.0
C0G620 1996100415 -9999 -9999 -9999 0.0
C0G620 1996100416 -9999 -9999 -9999 0.0
C0G620 1996100417 -9999 -9999 -9999 0.0
C0G620 1996100418 -9999 -9999 -9999 0.0
C0G620 1996100419 -9999 -9999 -9999 0.0
C0G620 1996100420 -9999 -9999 -9999 0.0
C0G620 1996100421 -9999 -9999 -9999 0.0
C0G620 1996100422 -9999 -9999 -9999 0.0
C0G620 1996100423 -9999 -9999 -9999 0.0
C0G620 1996100424 -9999 -9999 -9999 0.0
C0G620 1996100501 -9999 -9999 -9999 0.0
C0G620 1996100502 -9999 -9999 -9999 0.0
C0G620 1996100503 -9999 -9999 -9999 0.0
C0G620 1996100504 -9999 -9999 -9999 0.0
C0G620 1996100505 -9999 -9999 -9999 0.0
C0G620 1996100506 -9999 -9999 -9999 0.0
C0G620 1996100507 -9999 -9999 -9999 0.0
C0G620 1996100508 -9999 -9999 -9999 0.0
C0G620 1996100509 -9999 -9999 -9999 0.0
C0G620 1996100510 -9999 -9999 -9999 0.0
C0G620 1996100511 -9999 -9999 -9999 0.0
C0G620 1996100512 -9999 -9999 -9999 0.0
C0G620 1996100513 -9999 -9999 -9999 0.0
C0G620 1996100514 -9999 -9999 -9999 0.0
C0G620 1996100515 -9999 -9999 -9999 0.0
C0G620 1996100516 -9999 -9999 -9999 0.0
C0G620 1996100517 -9999 -9999 -9999 0.0
C0G620 1996100518 -9999 -9999 -9999 0.0
C0G620 1996100519 -9999 -9999 -9999 0.0
C0G620 1996100520 -9999 -9999 -9999 0.0
C0G620 1996100521 -9999 -9999 -9999 0.0
C0G620 1996100522 -9999 -9999 -9999 0.0
C0G620 1996100523 -9999 -9999 -9999 0.0
C0G620 1996100524 -9999 -9999 -9999 0.0
C0G620 1996100601 -9999 -9999 -9999 0.0
C0G620 1996100602 -9999 -9999 -9999 0.0
C0G620 1996100603 -9999 -9999 -9999 0.0
C0G620 1996100604 -9999 -9999 -9999 0.0
C0G620 1996100605 -9999 -9999 -9999 0.0
C0G620 1996100606 -9999 -9999 -9999 0.0
C0G620 1996100607 -9999 -9999 -9999 0.0
C0G620 1996100608 -9999 -9999 -9999 0.0
C0G620 1996100609 -9999 -9999 -9999 0.0
C0G620 1996100610 -9999 -9999 -9999 0.0
C0G620 1996100611 -9999 -9999 -9999 0.0
C0G620 1996100612 -9999 -9999 -9999 0.0
C0G620 1996100613 -9999 -9999 -9999 0.0
C0G620 1996100614 -9999 -9999 -9999 0.0
C0G620 1996100615 -9999 -9999 -9999 0.0
C0G620 1996100616 -9999 -9999 -9999 0.0
C0G620 1996100617 -9999 -9999 -9999 0.0
C0G620 1996100618 -9999 -9999 -9999 0.0
C0G620 1996100619 -9999 -9999 -9999 0.0
C0G620 1996100620 -9999 -9999 -9999 0.0
C0G620 1996100621 -9999 -9999 -9999 0.0
C0G620 1996100622 -9999 -9999 -9999 0.0
C0G620 1996100623 -9999 -9999 -9999 0.0
C0G620 1996100624 -9999 -9999 -9999 0.0
C0G620 1996100701 -9999 -9999 -9999 0.0
C0G620 1996100702 -9999 -9999 -9999 0.0
C0G620 1996100703 -9999 -9999 -9999 0.0
C0G620 1996100704 -9999 -9999 -9999 0.0
C0G620 1996100705 -9999 -9999 -9999 0.0
C0G620 1996100706 -9999 -9999 -9999 0.0
C0G620 1996100707 -9999 -9999 -9999 0.0
C0G620 1996100708 -9999 -9999 -9999 0.0
C0G620 1996100709 -9999 -9999 -9999 0.0
C0G620 1996100710 -9999 -9999 -9999 0.0
C0G620 1996100711 -9999 -9999 -9999 0.0
C0G620 1996100712 -9999 -9999 -9999 0.0
C0G620 1996100713 -9999 -9999 -9999 0.0
C0G620 1996100714 -9999 -9999 -9999 0.0
C0G620 1996100715 -9999 -9999 -9999 0.0
C0G620 1996100716 -9999 -9999 -9999 0.0
C0G620 1996100717 -9999 -9999 -9999 0.0
C0G620 1996100718 -9999 -9999 -9999 0.0
C0G620 1996100719 -9999 -9999 -9999 0.0
C0G620 1996100720 -9999 -9999 -9999 0.0
C0G620 1996100721 -9999 -9999 -9999 0.0
C0G620 1996100722 -9999 -9999 -9999 0.0
C0G620 1996100723 -9999 -9999 -9999 0.0
C0G620 1996100724 -9999 -9999 -9999 0.0
C0G620 1996100801 -9999 -9999 -9999 0.0
C0G620 1996100802 -9999 -9999 -9999 0.0
C0G620 1996100803 -9999 -9999 -9999 0.0
C0G620 1996100804 -9999 -9999 -9999 0.0
C0G620 1996100805 -9999 -9999 -9999 0.0
C0G620 1996100806 -9999 -9999 -9999 0.0
C0G620 1996100807 -9999 -9999 -9999 0.0
C0G620 1996100808 -9999 -9999 -9999 0.0
C0G620 1996100809 -9999 -9999 -9999 0.0
C0G620 1996100810 -9999 -9999 -9999 0.0
C0G620 1996100811 -9999 -9999 -9999 0.0
C0G620 1996100812 -9999 -9999 -9999 0.0
C0G620 1996100813 -9999 -9999 -9999 0.0
C0G620 1996100814 -9999 -9999 -9999 0.0
C0G620 1996100815 -9999 -9999 -9999 0.0
C0G620 1996100816 -9999 -9999 -9999 0.0
C0G620 1996100817 -9999 -9999 -9999 0.0
C0G620 1996100818 -9999 -9999 -9999 0.0
C0G620 1996100819 -9999 -9999 -9999 0.0
C0G620 1996100820 -9999 -9999 -9999 0.0
C0G620 1996100821 -9999 -9999 -9999 0.0
C0G620 1996100822 -9999 -9999 -9999 0.0
C0G620 1996100823 -9999 -9999 -9999 0.0
C0G620 1996100824 -9999 -9999 -9999 0.0
C0G620 1996100901 -9999 -9999 -9999 0.0
C0G620 1996100902 -9999 -9999 -9999 0.0
C0G620 1996100903 -9999 -9999 -9999 0.0
C0G620 1996100904 -9999 -9999 -9999 0.0
C0G620 1996100905 -9999 -9999 -9999 0.0
C0G620 1996100906 -9999 -9999 -9999 0.0
C0G620 1996100907 -9999 -9999 -9999 0.0
C0G620 1996100908 -9999 -9999 -9999 0.0
C0G620 1996100909 -9999 -9999 -9999 0.0
C0G620 1996100910 -9999 -9999 -9999 0.0
C0G620 1996100911 -9999 -9999 -9999 0.0
C0G620 1996100912 -9999 -9999 -9999 0.0
C0G620 1996100913 -9999 -9999 -9999 0.0
C0G620 1996100914 -9999 -9999 -9999 0.0
C0G620 1996100915 -9999 -9999 -9999 0.0
C0G620 1996100916 -9999 -9999 -9999 0.0
C0G620 1996100917 -9999 -9999 -9999 0.0
C0G620 1996100918 -9999 -9999 -9999 0.0
C0G620 1996100919 -9999 -9999 -9999 0.0
C0G620 1996100920 -9999 -9999 -9999 0.0
C0G620 1996100921 -9999 -9999 -9999 0.0
C0G620 1996100922 -9999 -9999 -9999 0.0
C0G620 1996100923 -9999 -9999 -9999 0.0
C0G620 1996100924 -9999 -9999 -9999 0.0
C0G620 1996101001 -9999 -9999 -9999 0.0
C0G620 1996101002 -9999 -9999 -9999 0.0
C0G620 1996101003 -9999 -9999 -9999 0.0
C0G620 1996101004 -9999 -9999 -9999 0.0
C0G620 1996101005 -9999 -9999 -9999 0.0
C0G620 1996101006 -9999 -9999 -9999 0.0
C0G620 1996101007 -9999 -9999 -9999 0.0
C0G620 1996101008 -9999 -9999 -9999 0.0
C0G620 1996101009 -9999 -9999 -9999 0.0
C0G620 1996101010 -9999 -9999 -9999 0.0
C0G620 1996101011 -9999 -9999 -9999 0.0
C0G620 1996101012 -9999 -9999 -9999 0.0
C0G620 1996101013 -9999 -9999 -9999 0.0
C0G620 1996101014 -9999 -9999 -9999 0.0
C0G620 1996101015 -9999 -9999 -9999 0.0
C0G620 1996101016 -9999 -9999 -9999 0.0
C0G620 1996101017 -9999 -9999 -9999 0.0
C0G620 1996101018 -9999 -9999 -9999 0.0
C0G620 1996101019 -9999 -9999 -9999 0.0
C0G620 1996101020 -9999 -9999 -9999 0.0
C0G620 1996101021 -9999 -9999 -9999 0.0
C0G620 1996101022 -9999 -9999 -9999 0.0
C0G620 1996101023 -9999 -9999 -9999 0.0
C0G620 1996101024 -9999 -9999 -9999 0.0
C0G620 1996101101 -9999 -9999 -9999 0.0
C0G620 1996101102 -9999 -9999 -9999 0.0
C0G620 1996101103 -9999 -9999 -9999 0.0
C0G620 1996101104 -9999 -9999 -9999 0.0
C0G620 1996101105 -9999 -9999 -9999 0.0
C0G620 1996101106 -9999 -9999 -9999 0.0
C0G620 1996101107 -9999 -9999 -9999 0.0
C0G620 1996101108 -9999 -9999 -9999 0.0
C0G620 1996101109 -9999 -9999 -9999 0.0
C0G620 1996101110 -9999 -9999 -9999 0.0
C0G620 1996101111 -9999 -9999 -9999 0.0
C0G620 1996101112 -9999 -9999 -9999 0.0
C0G620 1996101113 -9999 -9999 -9999 0.0
C0G620 1996101114 -9999 -9999 -9999 0.0
C0G620 1996101115 -9999 -9999 -9999 0.0
C0G620 1996101116 -9999 -9999 -9999 0.0
C0G620 1996101117 -9999 -9999 -9999 0.0
C0G620 1996101118 -9999 -9999 -9999 0.0
C0G620 1996101119 -9999 -9999 -9999 0.0
C0G620 1996101120 -9999 -9999 -9999 0.0
C0G620 1996101121 -9999 -9999 -9999 0.0
C0G620 1996101122 -9999 -9999 -9999 0.0
C0G620 1996101123 -9999 -9999 -9999 0.0
C0G620 1996101124 -9999 -9999 -9999 0.0
C0G620 1996101201 -9999 -9999 -9999 0.0
C0G620 1996101202 -9999 -9999 -9999 0.0
C0G620 1996101203 -9999 -9999 -9999 0.0
C0G620 1996101204 -9999 -9999 -9999 0.0
C0G620 1996101205 -9999 -9999 -9999 0.0
C0G620 1996101206 -9999 -9999 -9999 0.0
C0G620 1996101207 -9999 -9999 -9999 0.0
C0G620 1996101208 -9999 -9999 -9999 0.0
C0G620 1996101209 -9999 -9999 -9999 0.0
C0G620 1996101210 -9999 -9999 -9999 0.0
C0G620 1996101211 -9999 -9999 -9999 0.0
C0G620 1996101212 -9999 -9999 -9999 0.0
C0G620 1996101213 -9999 -9999 -9999 0.0
C0G620 1996101214 -9999 -9999 -9999 0.0
C0G620 1996101215 -9999 -9999 -9999 0.0
C0G620 1996101216 -9999 -9999 -9999 0.0
C0G620 1996101217 -9999 -9999 -9999 0.0
C0G620 1996101218 -9999 -9999 -9999 -9996
C0G620 1996101219 -9999 -9999 -9999 -9996
C0G620 1996101220 -9999 -9999 -9999 -9996
C0G620 1996101221 -9999 -9999 -9999 -9996
C0G620 1996101222 -9999 -9999 -9999 0.5
C0G620 1996101223 -9999 -9999 -9999 -9996
C0G620 1996101224 -9999 -9999 -9999 -9996
C0G620 1996101301 -9999 -9999 -9999 -9996
C0G620 1996101302 -9999 -9999 -9999 0.5
C0G620 1996101303 -9999 -9999 -9999 0.0
C0G620 1996101304 -9999 -9999 -9999 0.0
C0G620 1996101305 -9999 -9999 -9999 0.0
C0G620 1996101306 -9999 -9999 -9999 0.0
C0G620 1996101307 -9999 -9999 -9999 0.0
C0G620 1996101308 -9999 -9999 -9999 0.0
C0G620 1996101309 -9999 -9999 -9999 0.0
C0G620 1996101310 -9999 -9999 -9999 0.0
C0G620 1996101311 -9999 -9999 -9999 0.0
C0G620 1996101312 -9999 -9999 -9999 0.0
C0G620 1996101313 -9999 -9999 -9999 0.0
C0G620 1996101314 -9999 -9999 -9999 0.0
C0G620 1996101315 -9999 -9999 -9999 0.0
C0G620 1996101316 -9999 -9999 -9999 0.0
C0G620 1996101317 -9999 -9999 -9999 0.0
C0G620 1996101318 -9999 -9999 -9999 0.0
C0G620 1996101319 -9999 -9999 -9999 0.0
C0G620 1996101320 -9999 -9999 -9999 0.0
C0G620 1996101321 -9999 -9999 -9999 0.0
C0G620 1996101322 -9999 -9999 -9999 0.0
C0G620 1996101323 -9999 -9999 -9999 0.0
C0G620 1996101324 -9999 -9999 -9999 0.0
C0G620 1996101401 -9999 -9999 -9999 0.0
C0G620 1996101402 -9999 -9999 -9999 0.0
C0G620 1996101403 -9999 -9999 -9999 0.0
C0G620 1996101404 -9999 -9999 -9999 0.0
C0G620 1996101405 -9999 -9999 -9999 0.0
C0G620 1996101406 -9999 -9999 -9999 0.0
C0G620 1996101407 -9999 -9999 -9999 0.0
C0G620 1996101408 -9999 -9999 -9999 0.0
C0G620 1996101409 -9999 -9999 -9999 0.0
C0G620 1996101410 -9999 -9999 -9999 0.0
C0G620 1996101411 -9999 -9999 -9999 0.0
C0G620 1996101412 -9999 -9999 -9999 0.0
C0G620 1996101413 -9999 -9999 -9999 0.0
C0G620 1996101414 -9999 -9999 -9999 0.0
C0G620 1996101415 -9999 -9999 -9999 0.0
C0G620 1996101416 -9999 -9999 -9999 0.0
C0G620 1996101417 -9999 -9999 -9999 0.0
C0G620 1996101418 -9999 -9999 -9999 0.0
C0G620 1996101419 -9999 -9999 -9999 0.0
C0G620 1996101420 -9999 -9999 -9999 0.0
C0G620 1996101421 -9999 -9999 -9999 0.5
C0G620 1996101422 -9999 -9999 -9999 0.0
C0G620 1996101423 -9999 -9999 -9999 0.0
C0G620 1996101424 -9999 -9999 -9999 0.0
C0G620 1996101501 -9999 -9999 -9999 0.0
C0G620 1996101502 -9999 -9999 -9999 0.0
C0G620 1996101503 -9999 -9999 -9999 0.0
C0G620 1996101504 -9999 -9999 -9999 0.0
C0G620 1996101505 -9999 -9999 -9999 0.0
C0G620 1996101506 -9999 -9999 -9999 0.0
C0G620 1996101507 -9999 -9999 -9999 0.0
C0G620 1996101508 -9999 -9999 -9999 0.0
C0G620 1996101509 -9999 -9999 -9999 0.0
C0G620 1996101510 -9999 -9999 -9999 0.0
C0G620 1996101511 -9999 -9999 -9999 0.0
C0G620 1996101512 -9999 -9999 -9999 0.0
C0G620 1996101513 -9999 -9999 -9999 0.0
C0G620 1996101514 -9999 -9999 -9999 0.0
C0G620 1996101515 -9999 -9999 -9999 0.0
C0G620 1996101516 -9999 -9999 -9999 0.0
C0G620 1996101517 -9999 -9999 -9999 0.0
C0G620 1996101518 -9999 -9999 -9999 0.0
C0G620 1996101519 -9999 -9999 -9999 0.0
C0G620 1996101520 -9999 -9999 -9999 0.0
C0G620 1996101521 -9999 -9999 -9999 0.0
C0G620 1996101522 -9999 -9999 -9999 0.0
C0G620 1996101523 -9999 -9999 -9999 0.0
C0G620 1996101524 -9999 -9999 -9999 0.0
C0G620 1996101601 -9999 -9999 -9999 0.0
C0G620 1996101602 -9999 -9999 -9999 0.0
C0G620 1996101603 -9999 -9999 -9999 0.0
C0G620 1996101604 -9999 -9999 -9999 0.0
C0G620 1996101605 -9999 -9999 -9999 0.0
C0G620 1996101606 -9999 -9999 -9999 0.0
C0G620 1996101607 -9999 -9999 -9999 0.0
C0G620 1996101608 -9999 -9999 -9999 0.0
C0G620 1996101609 -9999 -9999 -9999 0.0
C0G620 1996101610 -9999 -9999 -9999 0.0
C0G620 1996101611 -9999 -9999 -9999 0.0
C0G620 1996101612 -9999 -9999 -9999 0.0
C0G620 1996101613 -9999 -9999 -9999 0.0
C0G620 1996101614 -9999 -9999 -9999 0.0
C0G620 1996101615 -9999 -9999 -9999 0.0
C0G620 1996101616 -9999 -9999 -9999 0.0
C0G620 1996101617 -9999 -9999 -9999 0.0
C0G620 1996101618 -9999 -9999 -9999 0.0
C0G620 1996101619 -9999 -9999 -9999 0.0
C0G620 1996101620 -9999 -9999 -9999 0.0
C0G620 1996101621 -9999 -9999 -9999 0.0
C0G620 1996101622 -9999 -9999 -9999 0.0
C0G620 1996101623 -9999 -9999 -9999 0.0
C0G620 1996101624 -9999 -9999 -9999 0.0
C0G620 1996101701 -9999 -9999 -9999 0.0
C0G620 1996101702 -9999 -9999 -9999 0.0
C0G620 1996101703 -9999 -9999 -9999 0.0
C0G620 1996101704 -9999 -9999 -9999 0.0
C0G620 1996101705 -9999 -9999 -9999 0.0
C0G620 1996101706 -9999 -9999 -9999 0.0
C0G620 1996101707 -9999 -9999 -9999 0.0
C0G620 1996101708 -9999 -9999 -9999 0.0
C0G620 1996101709 -9999 -9999 -9999 0.0
C0G620 1996101710 -9999 -9999 -9999 0.0
C0G620 1996101711 -9999 -9999 -9999 0.0
C0G620 1996101712 -9999 -9999 -9999 0.0
C0G620 1996101713 -9999 -9999 -9999 0.0
C0G620 1996101714 -9999 -9999 -9999 0.0
C0G620 1996101715 -9999 -9999 -9999 0.0
C0G620 1996101716 -9999 -9999 -9999 0.0
C0G620 1996101717 -9999 -9999 -9999 0.0
C0G620 1996101718 -9999 -9999 -9999 0.0
C0G620 1996101719 -9999 -9999 -9999 0.0
C0G620 1996101720 -9999 -9999 -9999 0.0
C0G620 1996101721 -9999 -9999 -9999 0.0
C0G620 1996101722 -9999 -9999 -9999 0.0
C0G620 1996101723 -9999 -9999 -9999 0.0
C0G620 1996101724 -9999 -9999 -9999 0.0
C0G620 1996101801 -9999 -9999 -9999 0.0
C0G620 1996101802 -9999 -9999 -9999 0.0
C0G620 1996101803 -9999 -9999 -9999 0.0
C0G620 1996101804 -9999 -9999 -9999 0.0
C0G620 1996101805 -9999 -9999 -9999 0.0
C0G620 1996101806 -9999 -9999 -9999 0.0
C0G620 1996101807 -9999 -9999 -9999 0.0
C0G620 1996101808 -9999 -9999 -9999 0.0
C0G620 1996101809 -9999 -9999 -9999 0.0
C0G620 1996101810 -9999 -9999 -9999 0.0
C0G620 1996101811 -9999 -9999 -9999 0.0
C0G620 1996101812 -9999 -9999 -9999 0.0
C0G620 1996101813 -9999 -9999 -9999 0.0
C0G620 1996101814 -9999 -9999 -9999 0.0
C0G620 1996101815 -9999 -9999 -9999 0.0
C0G620 1996101816 -9999 -9999 -9999 0.0
C0G620 1996101817 -9999 -9999 -9999 0.0
C0G620 1996101818 -9999 -9999 -9999 0.0
C0G620 1996101819 -9999 -9999 -9999 0.0
C0G620 1996101820 -9999 -9999 -9999 0.0
C0G620 1996101821 -9999 -9999 -9999 0.0
C0G620 1996101822 -9999 -9999 -9999 0.0
C0G620 1996101823 -9999 -9999 -9999 0.0
C0G620 1996101824 -9999 -9999 -9999 0.0
C0G620 1996101901 -9999 -9999 -9999 0.0
C0G620 1996101902 -9999 -9999 -9999 0.0
C0G620 1996101903 -9999 -9999 -9999 0.0
C0G620 1996101904 -9999 -9999 -9999 0.0
C0G620 1996101905 -9999 -9999 -9999 0.0
C0G620 1996101906 -9999 -9999 -9999 0.0
C0G620 1996101907 -9999 -9999 -9999 0.0
C0G620 1996101908 -9999 -9999 -9999 0.0
C0G620 1996101909 -9999 -9999 -9999 0.0
C0G620 1996101910 -9999 -9999 -9999 0.0
C0G620 1996101911 -9999 -9999 -9999 0.0
C0G620 1996101912 -9999 -9999 -9999 0.0
C0G620 1996101913 -9999 -9999 -9999 0.0
C0G620 1996101914 -9999 -9999 -9999 0.0
C0G620 1996101915 -9999 -9999 -9999 0.0
C0G620 1996101916 -9999 -9999 -9999 0.0
C0G620 1996101917 -9999 -9999 -9999 -9996
C0G620 1996101918 -9999 -9999 -9999 -9996
C0G620 1996101919 -9999 -9999 -9999 1.0
C0G620 1996101920 -9999 -9999 -9999 -9996
C0G620 1996101921 -9999 -9999 -9999 -9996
C0G620 1996101922 -9999 -9999 -9999 -9996
C0G620 1996101923 -9999 -9999 -9999 -9996
C0G620 1996101924 -9999 -9999 -9999 0.5
C0G620 1996102001 -9999 -9999 -9999 0.5
C0G620 1996102002 -9999 -9999 -9999 1.0
C0G620 1996102003 -9999 -9999 -9999 1.0
C0G620 1996102004 -9999 -9999 -9999 0.5
C0G620 1996102005 -9999 -9999 -9999 0.5
C0G620 1996102006 -9999 -9999 -9999 0.5
C0G620 1996102007 -9999 -9999 -9999 0.0
C0G620 1996102008 -9999 -9999 -9999 0.0
C0G620 1996102009 -9999 -9999 -9999 0.0
C0G620 1996102010 -9999 -9999 -9999 0.0
C0G620 1996102011 -9999 -9999 -9999 0.0
C0G620 1996102012 -9999 -9999 -9999 0.0
C0G620 1996102013 -9999 -9999 -9999 -9996
C0G620 1996102014 -9999 -9999 -9999 -9996
C0G620 1996102015 -9999 -9999 -9999 -9996
C0G620 1996102016 -9999 -9999 -9999 -9996
C0G620 1996102017 -9999 -9999 -9999 0.5
C0G620 1996102018 -9999 -9999 -9999 0.0
C0G620 1996102019 -9999 -9999 -9999 0.0
C0G620 1996102020 -9999 -9999 -9999 0.0
C0G620 1996102021 -9999 -9999 -9999 0.0
C0G620 1996102022 -9999 -9999 -9999 0.0
C0G620 1996102023 -9999 -9999 -9999 0.0
C0G620 1996102024 -9999 -9999 -9999 -9996
C0G620 1996102101 -9999 -9999 -9999 -9996
C0G620 1996102102 -9999 -9999 -9999 -9996
C0G620 1996102103 -9999 -9999 -9999 -9996
C0G620 1996102104 -9999 -9999 -9999 0.5
C0G620 1996102105 -9999 -9999 -9999 0.0
C0G620 1996102106 -9999 -9999 -9999 0.0
C0G620 1996102107 -9999 -9999 -9999 0.0
C0G620 1996102108 -9999 -9999 -9999 0.0
C0G620 1996102109 -9999 -9999 -9999 0.0
C0G620 1996102110 -9999 -9999 -9999 0.0
C0G620 1996102111 -9999 -9999 -9999 0.0
C0G620 1996102112 -9999 -9999 -9999 0.0
C0G620 1996102113 -9999 -9999 -9999 0.0
C0G620 1996102114 -9999 -9999 -9999 0.0
C0G620 1996102115 -9999 -9999 -9999 0.0
C0G620 1996102116 -9999 -9999 -9999 0.0
C0G620 1996102117 -9999 -9999 -9999 0.0
C0G620 1996102118 -9999 -9999 -9999 0.0
C0G620 1996102119 -9999 -9999 -9999 0.0
C0G620 1996102120 -9999 -9999 -9999 0.0
C0G620 1996102121 -9999 -9999 -9999 0.0
C0G620 1996102122 -9999 -9999 -9999 0.0
C0G620 1996102123 -9999 -9999 -9999 0.0
C0G620 1996102124 -9999 -9999 -9999 0.0
C0G620 1996102201 -9999 -9999 -9999 0.0
C0G620 1996102202 -9999 -9999 -9999 0.0
C0G620 1996102203 -9999 -9999 -9999 0.0
C0G620 1996102204 -9999 -9999 -9999 0.0
C0G620 1996102205 -9999 -9999 -9999 0.0
C0G620 1996102206 -9999 -9999 -9999 0.0
C0G620 1996102207 -9999 -9999 -9999 0.0
C0G620 1996102208 -9999 -9999 -9999 0.0
C0G620 1996102209 -9999 -9999 -9999 0.0
C0G620 1996102210 -9999 -9999 -9999 0.0
C0G620 1996102211 -9999 -9999 -9999 0.0
C0G620 1996102212 -9999 -9999 -9999 0.0
C0G620 1996102213 -9999 -9999 -9999 0.0
C0G620 1996102214 -9999 -9999 -9999 0.0
C0G620 1996102215 -9999 -9999 -9999 0.0
C0G620 1996102216 -9999 -9999 -9999 0.0
C0G620 1996102217 -9999 -9999 -9999 0.0
C0G620 1996102218 -9999 -9999 -9999 0.0
C0G620 1996102219 -9999 -9999 -9999 0.0
C0G620 1996102220 -9999 -9999 -9999 0.0
C0G620 1996102221 -9999 -9999 -9999 0.0
C0G620 1996102222 -9999 -9999 -9999 0.0
C0G620 1996102223 -9999 -9999 -9999 0.0
C0G620 1996102224 -9999 -9999 -9999 0.0
C0G620 1996102301 -9999 -9999 -9999 0.0
C0G620 1996102302 -9999 -9999 -9999 0.0
C0G620 1996102303 -9999 -9999 -9999 0.0
C0G620 1996102304 -9999 -9999 -9999 0.0
C0G620 1996102305 -9999 -9999 -9999 0.0
C0G620 1996102306 -9999 -9999 -9999 0.0
C0G620 1996102307 -9999 -9999 -9999 0.0
C0G620 1996102308 -9999 -9999 -9999 0.0
C0G620 1996102309 -9999 -9999 -9999 0.0
C0G620 1996102310 -9999 -9999 -9999 0.0
C0G620 1996102311 -9999 -9999 -9999 0.0
C0G620 1996102312 -9999 -9999 -9999 0.0
C0G620 1996102313 -9999 -9999 -9999 0.0
C0G620 1996102314 -9999 -9999 -9999 0.0
C0G620 1996102315 -9999 -9999 -9999 0.0
C0G620 1996102316 -9999 -9999 -9999 0.0
C0G620 1996102317 -9999 -9999 -9999 0.0
C0G620 1996102318 -9999 -9999 -9999 0.0
C0G620 1996102319 -9999 -9999 -9999 0.0
C0G620 1996102320 -9999 -9999 -9999 0.0
C0G620 1996102321 -9999 -9999 -9999 0.0
C0G620 1996102322 -9999 -9999 -9999 0.0
C0G620 1996102323 -9999 -9999 -9999 0.0
C0G620 1996102324 -9999 -9999 -9999 0.0
C0G620 1996102401 -9999 -9999 -9999 0.0
C0G620 1996102402 -9999 -9999 -9999 0.0
C0G620 1996102403 -9999 -9999 -9999 0.0
C0G620 1996102404 -9999 -9999 -9999 0.0
C0G620 1996102405 -9999 -9999 -9999 0.0
C0G620 1996102406 -9999 -9999 -9999 0.0
C0G620 1996102407 -9999 -9999 -9999 0.0
C0G620 1996102408 -9999 -9999 -9999 0.0
C0G620 1996102409 -9999 -9999 -9999 0.0
C0G620 1996102410 -9999 -9999 -9999 0.0
C0G620 1996102411 -9999 -9999 -9999 0.0
C0G620 1996102412 -9999 -9999 -9999 0.0
C0G620 1996102413 -9999 -9999 -9999 0.0
C0G620 1996102414 -9999 -9999 -9999 0.0
C0G620 1996102415 -9999 -9999 -9999 0.0
C0G620 1996102416 -9999 -9999 -9999 0.0
C0G620 1996102417 -9999 -9999 -9999 0.0
C0G620 1996102418 -9999 -9999 -9999 0.0
C0G620 1996102419 -9999 -9999 -9999 0.0
C0G620 1996102420 -9999 -9999 -9999 0.0
C0G620 1996102421 -9999 -9999 -9999 0.0
C0G620 1996102422 -9999 -9999 -9999 0.0
C0G620 1996102423 -9999 -9999 -9999 0.0
C0G620 1996102424 -9999 -9999 -9999 0.0
C0G620 1996102501 -9999 -9999 -9999 0.0
C0G620 1996102502 -9999 -9999 -9999 0.0
C0G620 1996102503 -9999 -9999 -9999 0.0
C0G620 1996102504 -9999 -9999 -9999 0.0
C0G620 1996102505 -9999 -9999 -9999 0.0
C0G620 1996102506 -9999 -9999 -9999 0.0
C0G620 1996102507 -9999 -9999 -9999 0.0
C0G620 1996102508 -9999 -9999 -9999 0.0
C0G620 1996102509 -9999 -9999 -9999 0.0
C0G620 1996102510 -9999 -9999 -9999 0.0
C0G620 1996102511 -9999 -9999 -9999 0.0
C0G620 1996102512 -9999 -9999 -9999 0.0
C0G620 1996102513 -9999 -9999 -9999 0.0
C0G620 1996102514 -9999 -9999 -9999 0.0
C0G620 1996102515 -9999 -9999 -9999 0.0
C0G620 1996102516 -9999 -9999 -9999 0.0
C0G620 1996102517 -9999 -9999 -9999 0.0
C0G620 1996102518 -9999 -9999 -9999 0.0
C0G620 1996102519 -9999 -9999 -9999 0.0
C0G620 1996102520 -9999 -9999 -9999 0.0
C0G620 1996102521 -9999 -9999 -9999 0.0
C0G620 1996102522 -9999 -9999 -9999 0.0
C0G620 1996102523 -9999 -9999 -9999 0.0
C0G620 1996102524 -9999 -9999 -9999 0.0
C0G620 1996102601 -9999 -9999 -9999 0.0
C0G620 1996102602 -9999 -9999 -9999 0.0
C0G620 1996102603 -9999 -9999 -9999 0.0
C0G620 1996102604 -9999 -9999 -9999 0.0
C0G620 1996102605 -9999 -9999 -9999 0.0
C0G620 1996102606 -9999 -9999 -9999 0.0
C0G620 1996102607 -9999 -9999 -9999 0.0
C0G620 1996102608 -9999 -9999 -9999 0.0
C0G620 1996102609 -9999 -9999 -9999 0.0
C0G620 1996102610 -9999 -9999 -9999 0.0
C0G620 1996102611 -9999 -9999 -9999 0.0
C0G620 1996102612 -9999 -9999 -9999 0.0
C0G620 1996102613 -9999 -9999 -9999 0.0
C0G620 1996102614 -9999 -9999 -9999 0.0
C0G620 1996102615 -9999 -9999 -9999 0.0
C0G620 1996102616 -9999 -9999 -9999 0.0
C0G620 1996102617 -9999 -9999 -9999 0.0
C0G620 1996102618 -9999 -9999 -9999 0.0
C0G620 1996102619 -9999 -9999 -9999 0.0
C0G620 1996102620 -9999 -9999 -9999 0.0
C0G620 1996102621 -9999 -9999 -9999 0.0
C0G620 1996102622 -9999 -9999 -9999 0.0
C0G620 1996102623 -9999 -9999 -9999 0.0
C0G620 1996102624 -9999 -9999 -9999 0.0
C0G620 1996102701 -9999 -9999 -9999 0.0
C0G620 1996102702 -9999 -9999 -9999 0.0
C0G620 1996102703 -9999 -9999 -9999 0.0
C0G620 1996102704 -9999 -9999 -9999 0.0
C0G620 1996102705 -9999 -9999 -9999 0.0
C0G620 1996102706 -9999 -9999 -9999 0.0
C0G620 1996102707 -9999 -9999 -9999 0.0
C0G620 1996102708 -9999 -9999 -9999 0.0
C0G620 1996102709 -9999 -9999 -9999 0.0
C0G620 1996102710 -9999 -9999 -9999 0.0
C0G620 1996102711 -9999 -9999 -9999 0.0
C0G620 1996102712 -9999 -9999 -9999 0.0
C0G620 1996102713 -9999 -9999 -9999 0.0
C0G620 1996102714 -9999 -9999 -9999 0.0
C0G620 1996102715 -9999 -9999 -9999 0.0
C0G620 1996102716 -9999 -9999 -9999 0.0
C0G620 1996102717 -9999 -9999 -9999 0.0
C0G620 1996102718 -9999 -9999 -9999 0.0
C0G620 1996102719 -9999 -9999 -9999 0.0
C0G620 1996102720 -9999 -9999 -9999 0.0
C0G620 1996102721 -9999 -9999 -9999 0.0
C0G620 1996102722 -9999 -9999 -9999 0.0
C0G620 1996102723 -9999 -9999 -9999 0.0
C0G620 1996102724 -9999 -9999 -9999 0.0
C0G620 1996102801 -9999 -9999 -9999 0.0
C0G620 1996102802 -9999 -9999 -9999 0.0
C0G620 1996102803 -9999 -9999 -9999 0.0
C0G620 1996102804 -9999 -9999 -9999 0.0
C0G620 1996102805 -9999 -9999 -9999 0.0
C0G620 1996102806 -9999 -9999 -9999 0.0
C0G620 1996102807 -9999 -9999 -9999 0.0
C0G620 1996102808 -9999 -9999 -9999 0.0
C0G620 1996102809 -9999 -9999 -9999 0.0
C0G620 1996102810 -9999 -9999 -9999 0.0
C0G620 1996102811 -9999 -9999 -9999 0.0
C0G620 1996102812 -9999 -9999 -9999 0.0
C0G620 1996102813 -9999 -9999 -9999 0.0
C0G620 1996102814 -9999 -9999 -9999 0.0
C0G620 1996102815 -9999 -9999 -9999 0.0
C0G620 1996102816 -9999 -9999 -9999 0.0
C0G620 1996102817 -9999 -9999 -9999 0.0
C0G620 1996102818 -9999 -9999 -9999 0.0
C0G620 1996102819 -9999 -9999 -9999 0.0
C0G620 1996102820 -9999 -9999 -9999 0.0
C0G620 1996102821 -9999 -9999 -9999 0.0
C0G620 1996102822 -9999 -9999 -9999 0.0
C0G620 1996102823 -9999 -9999 -9999 0.0
C0G620 1996102824 -9999 -9999 -9999 0.0
C0G620 1996102901 -9999 -9999 -9999 0.0
C0G620 1996102902 -9999 -9999 -9999 0.0
C0G620 1996102903 -9999 -9999 -9999 0.0
C0G620 1996102904 -9999 -9999 -9999 0.0
C0G620 1996102905 -9999 -9999 -9999 0.0
C0G620 1996102906 -9999 -9999 -9999 0.0
C0G620 1996102907 -9999 -9999 -9999 0.0
C0G620 1996102908 -9999 -9999 -9999 0.0
C0G620 1996102909 -9999 -9999 -9999 0.0
C0G620 1996102910 -9999 -9999 -9999 0.0
C0G620 1996102911 -9999 -9999 -9999 0.0
C0G620 1996102912 -9999 -9999 -9999 0.0
C0G620 1996102913 -9999 -9999 -9999 0.0
C0G620 1996102914 -9999 -9999 -9999 0.0
C0G620 1996102915 -9999 -9999 -9999 0.0
C0G620 1996102916 -9999 -9999 -9999 0.0
C0G620 1996102917 -9999 -9999 -9999 0.0
C0G620 1996102918 -9999 -9999 -9999 0.0
C0G620 1996102919 -9999 -9999 -9999 0.0
C0G620 1996102920 -9999 -9999 -9999 0.0
C0G620 1996102921 -9999 -9999 -9999 0.0
C0G620 1996102922 -9999 -9999 -9999 0.0
C0G620 1996102923 -9999 -9999 -9999 0.0
C0G620 1996102924 -9999 -9999 -9999 0.0
C0G620 1996103001 -9999 -9999 -9999 0.0
C0G620 1996103002 -9999 -9999 -9999 0.0
C0G620 1996103003 -9999 -9999 -9999 0.0
C0G620 1996103004 -9999 -9999 -9999 0.0
C0G620 1996103005 -9999 -9999 -9999 0.0
C0G620 1996103006 -9999 -9999 -9999 0.0
C0G620 1996103007 -9999 -9999 -9999 0.0
C0G620 1996103008 -9999 -9999 -9999 0.0
C0G620 1996103009 -9999 -9999 -9999 0.0
C0G620 1996103010 -9999 -9999 -9999 0.0
C0G620 1996103011 -9999 -9999 -9999 0.0
C0G620 1996103012 -9999 -9999 -9999 0.0
C0G620 1996103013 -9999 -9999 -9999 0.0
C0G620 1996103014 -9999 -9999 -9999 0.0
C0G620 1996103015 -9999 -9999 -9999 0.0
C0G620 1996103016 -9999 -9999 -9999 0.0
C0G620 1996103017 -9999 -9999 -9999 0.0
C0G620 1996103018 -9999 -9999 -9999 0.0
C0G620 1996103019 -9999 -9999 -9999 0.0
C0G620 1996103020 -9999 -9999 -9999 -9996
C0G620 1996103021 -9999 -9999 -9999 -9996
C0G620 1996103022 -9999 -9999 -9999 -9996
C0G620 1996103023 -9999 -9999 -9999 -9996
C0G620 1996103024 -9999 -9999 -9999 -9996
C0G620 1996103101 -9999 -9999 -9999 0.0
C0G620 1996103102 -9999 -9999 -9999 0.0
C0G620 1996103103 -9999 -9999 -9999 0.0
C0G620 1996103104 -9999 -9999 -9999 0.0
C0G620 1996103105 -9999 -9999 -9999 0.0
C0G620 1996103106 -9999 -9999 -9999 0.0
C0G620 1996103107 -9999 -9999 -9999 0.0
C0G620 1996103108 -9999 -9999 -9999 0.0
C0G620 1996103109 -9999 -9999 -9999 0.0
C0G620 1996103110 -9999 -9999 -9999 0.0
C0G620 1996103111 -9999 -9999 -9999 0.0
C0G620 1996103112 -9999 -9999 -9999 0.0
C0G620 1996103113 -9999 -9999 -9999 0.0
C0G620 1996103114 -9999 -9999 -9999 0.0
C0G620 1996103115 -9999 -9999 -9999 0.0
C0G620 1996103116 -9999 -9999 -9999 0.0
C0G620 1996103117 -9999 -9999 -9999 0.0
C0G620 1996103118 -9999 -9999 -9999 0.0
C0G620 1996103119 -9999 -9999 -9999 0.0
C0G620 1996103120 -9999 -9999 -9999 -9996
C0G620 1996103121 -9999 -9999 -9999 -9996
C0G620 1996103122 -9999 -9999 -9999 -9996
C0G620 1996103123 -9999 -9999 -9999 -9996
C0G620 1996103124 -9999 -9999 -9999 -9996
C0G650 1996100101 20.4 -9999 0.0 0.0
C0G650 1996100102 20.3 -9999 0.0 0.0
C0G650 1996100103 20.3 -9999 0.0 0.0
C0G650 1996100104 20.8 -9999 1.1 0.0
C0G650 1996100105 20.5 -9999 0.0 0.0
C0G650 1996100106 22.1 -9999 0.1 0.0
C0G650 1996100107 22.5 -9999 0.0 0.0
C0G650 1996100108 25.2 -9999 0.0 0.0
C0G650 1996100109 27.0 -9999 1.0 0.0
C0G650 1996100110 28.8 -9999 0.1 0.0
C0G650 1996100111 30.2 -9999 0.7 0.0
C0G650 1996100112 31.6 -9999 1.0 -9996
C0G650 1996100113 30.7 -9999 0.4 -9996
C0G650 1996100114 31.4 -9999 0.4 -9996
C0G650 1996100115 30.4 -9999 0.5 -9996
C0G650 1996100116 28.8 -9999 0.4 -9996
C0G650 1996100117 28.1 -9999 0.1 -9996
C0G650 1996100118 26.9 -9999 0.0 -9996
C0G650 1996100119 26.0 -9999 0.0 -9996
C0G650 1996100120 25.7 -9999 0.0 -9996
C0G650 1996100121 25.5 -9999 0.0 -9996
C0G650 1996100122 25.2 -9999 0.0 -9996
C0G650 1996100123 24.6 -9999 0.0 -9996
C0G650 1996100124 24.2 -9999 0.0 -9996
C0G650 1996100201 23.8 -9999 0.0 0.0
C0G650 1996100202 24.0 -9999 0.0 0.0
C0G650 1996100203 23.8 -9999 0.0 0.0
C0G650 1996100204 23.0 -9999 0.0 0.0
C0G650 1996100205 23.0 -9999 0.0 0.0
C0G650 1996100206 22.7 -9999 0.0 0.0
C0G650 1996100207 23.8 -9999 0.0 -9996
C0G650 1996100208 25.6 -9999 0.1 -9996
C0G650 1996100209 27.5 -9999 0.1 -9996
C0G650 1996100210 -9997 -9999 -9997 -9996
C0G650 1996100211 -9997 -9999 -9997 -9996
C0G650 1996100212 -9997 -9999 -9997 -9996
C0G650 1996100213 -9997 -9999 -9997 -9996
C0G650 1996100214 -9997 -9999 -9997 -9996
C0G650 1996100215 -9997 -9999 -9997 -9996
C0G650 1996100216 -9997 -9999 -9997 -9996
C0G650 1996100217 -9997 -9999 -9997 -9996
C0G650 1996100218 -9997 -9999 -9997 -9996
C0G650 1996100219 -9997 -9999 -9997 -9996
C0G650 1996100220 -9997 -9999 -9997 -9996
C0G650 1996100221 -9997 -9999 -9997 -9996
C0G650 1996100222 -9997 -9999 -9997 -9996
C0G650 1996100223 -9997 -9999 -9997 -9996
C0G650 1996100224 -9997 -9999 -9997 -9996
C0G650 1996100301 -9997 -9999 -9997 -9997
C0G650 1996100302 -9997 -9999 -9997 -9997
C0G650 1996100303 -9997 -9999 -9997 -9997
C0G650 1996100304 -9997 -9999 -9997 -9997
C0G650 1996100305 -9997 -9999 -9997 -9997
C0G650 1996100306 -9997 -9999 -9997 -9997
C0G650 1996100307 -9997 -9999 -9997 -9997
C0G650 1996100308 -9997 -9999 -9997 -9997
C0G650 1996100309 -9997 -9999 -9997 -9997
C0G650 1996100310 -9997 -9999 -9997 -9997
C0G650 1996100311 -9997 -9999 -9997 -9997
C0G650 1996100312 -9997 -9999 -9997 -9997
C0G650 1996100313 -9997 -9999 -9997 -9997
C0G650 1996100314 -9997 -9999 -9997 -9997
C0G650 1996100315 -9997 -9999 -9997 -9997
C0G650 1996100316 -9997 -9999 -9997 -9997
C0G650 1996100317 -9997 -9999 -9997 -9997
C0G650 1996100318 -9997 -9999 -9997 -9997
C0G650 1996100319 -9997 -9999 -9997 -9997
C0G650 1996100320 -9997 -9999 -9997 -9997
C0G650 1996100321 -9997 -9999 -9997 -9997
C0G650 1996100322 -9997 -9999 -9997 -9997
C0G650 1996100323 -9997 -9999 -9997 -9997
C0G650 1996100324 -9997 -9999 -9997 -9997
C0G650 1996100401 -9997 -9999 -9997 -9997
C0G650 1996100402 -9997 -9999 -9997 -9997
C0G650 1996100403 -9997 -9999 -9997 -9997
C0G650 1996100404 -9997 -9999 -9997 -9997
C0G650 1996100405 -9997 -9999 -9997 -9997
C0G650 1996100406 -9997 -9999 -9997 -9997
C0G650 1996100407 -9997 -9999 -9997 -9997
C0G650 1996100408 -9997 -9999 -9997 -9997
C0G650 1996100409 -9997 -9999 -9997 -9997
C0G650 1996100410 -9997 -9999 -9997 -9997
C0G650 1996100411 -9997 -9999 -9997 -9997
C0G650 1996100412 -9997 -9999 -9997 -9997
C0G650 1996100413 -9997 -9999 -9997 -9997
C0G650 1996100414 -9997 -9999 -9997 -9997
C0G650 1996100415 -9997 -9999 -9997 -9997
C0G650 1996100416 -9997 -9999 -9997 -9997
C0G650 1996100417 -9997 -9999 -9997 -9997
C0G650 1996100418 -9997 -9999 -9997 -9997
C0G650 1996100419 -9997 -9999 -9997 -9997
C0G650 1996100420 -9997 -9999 -9997 -9997
C0G650 1996100421 -9997 -9999 -9997 -9997
C0G650 1996100422 -9997 -9999 -9997 -9997
C0G650 1996100423 -9997 -9999 -9997 -9997
C0G650 1996100424 -9997 -9999 -9997 -9997
C0G650 1996100501 -9997 -9999 -9997 -9997
C0G650 1996100502 -9997 -9999 -9997 -9997
C0G650 1996100503 -9997 -9999 -9997 -9997
C0G650 1996100504 -9997 -9999 -9997 -9997
C0G650 1996100505 -9997 -9999 -9997 -9997
C0G650 1996100506 -9997 -9999 -9997 -9997
C0G650 1996100507 -9997 -9999 -9997 -9997
C0G650 1996100508 -9997 -9999 -9997 -9997
C0G650 1996100509 -9997 -9999 -9997 -9997
C0G650 1996100510 -9997 -9999 -9997 -9997
C0G650 1996100511 -9997 -9999 -9997 -9997
C0G650 1996100512 -9997 -9999 -9997 -9997
C0G650 1996100513 -9997 -9999 -9997 -9997
C0G650 1996100514 -9997 -9999 -9997 -9997
C0G650 1996100515 -9997 -9999 -9997 -9997
C0G650 1996100516 -9997 -9999 -9997 -9997
C0G650 1996100517 -9997 -9999 -9997 -9997
C0G650 1996100518 -9997 -9999 -9997 -9997
C0G650 1996100519 -9997 -9999 -9997 -9997
C0G650 1996100520 -9997 -9999 -9997 -9997
C0G650 1996100521 -9997 -9999 -9997 -9997
C0G650 1996100522 -9997 -9999 -9997 -9997
C0G650 1996100523 -9997 -9999 -9997 -9997
C0G650 1996100524 -9997 -9999 -9997 -9997
C0G650 1996100601 -9997 -9999 -9997 -9997
C0G650 1996100602 -9997 -9999 -9997 -9997
C0G650 1996100603 -9997 -9999 -9997 -9997
C0G650 1996100604 -9997 -9999 -9997 -9997
C0G650 1996100605 -9997 -9999 -9997 -9997
C0G650 1996100606 -9997 -9999 -9997 -9997
C0G650 1996100607 -9997 -9999 -9997 -9997
C0G650 1996100608 -9997 -9999 -9997 -9997
C0G650 1996100609 -9997 -9999 -9997 -9997
C0G650 1996100610 -9997 -9999 -9997 -9997
C0G650 1996100611 -9997 -9999 -9997 -9997
C0G650 1996100612 -9997 -9999 -9997 -9997
C0G650 1996100613 -9997 -9999 -9997 -9997
C0G650 1996100614 -9997 -9999 -9997 -9997
C0G650 1996100615 -9997 -9999 -9997 -9997
C0G650 1996100616 -9997 -9999 -9997 -9997
C0G650 1996100617 -9997 -9999 -9997 -9997
C0G650 1996100618 -9997 -9999 -9997 -9997
C0G650 1996100619 -9997 -9999 -9997 -9997
C0G650 1996100620 -9997 -9999 -9997 -9997
C0G650 1996100621 -9997 -9999 -9997 -9997
C0G650 1996100622 -9997 -9999 -9997 -9997
C0G650 1996100623 -9997 -9999 -9997 -9997
C0G650 1996100624 -9997 -9999 -9997 -9997
C0G650 1996100701 -9997 -9999 -9997 -9996
C0G650 1996100702 -9997 -9999 -9997 -9996
C0G650 1996100703 -9997 -9999 -9997 -9996
C0G650 1996100704 -9997 -9999 -9997 -9996
C0G650 1996100705 -9997 -9999 -9997 -9996
C0G650 1996100706 -9997 -9999 -9997 -9996
C0G650 1996100707 -9997 -9999 -9997 -9996
C0G650 1996100708 -9997 -9999 -9997 -9996
C0G650 1996100709 -9997 -9999 -9997 -9996
C0G650 1996100710 -9997 -9999 -9997 -9996
C0G650 1996100711 -9997 -9999 -9997 -9996
C0G650 1996100712 -9997 -9999 -9997 -9996
C0G650 1996100713 -9997 -9999 -9997 -9996
C0G650 1996100714 -9997 -9999 -9997 -9996
C0G650 1996100715 31.0 -9999 1.5 -9996
C0G650 1996100716 30.5 -9999 1.8 -9996
C0G650 1996100717 29.3 -9999 1.3 -9996
C0G650 1996100718 28.4 -9999 0.2 -9996
C0G650 1996100719 26.6 -9999 0.0 -9996
C0G650 1996100720 25.0 -9999 0.0 -9996
C0G650 1996100721 24.3 -9999 0.0 0.0
C0G650 1996100722 24.4 -9999 0.0 0.0
C0G650 1996100723 23.4 -9999 0.0 0.0
C0G650 1996100724 23.3 -9999 0.0 0.0
C0G650 1996100801 22.6 -9999 0.1 0.0
C0G650 1996100802 22.4 -9999 0.0 0.0
C0G650 1996100803 21.9 -9999 0.0 0.0
C0G650 1996100804 22.1 -9999 0.0 0.0
C0G650 1996100805 21.8 -9999 0.0 0.0
C0G650 1996100806 21.5 -9999 0.0 0.0
C0G650 1996100807 23.4 -9999 0.0 0.0
C0G650 1996100808 25.1 -9999 0.6 0.0
C0G650 1996100809 28.0 -9999 0.1 0.0
C0G650 1996100810 29.6 -9999 1.4 0.0
C0G650 1996100811 30.5 -9999 -9997 0.0
C0G650 1996100812 31.7 -9999 0.9 0.0
C0G650 1996100813 31.4 -9999 1.8 0.0
C0G650 1996100814 -9997 -9999 -9997 0.0
C0G650 1996100815 29.9 -9999 2.4 0.0
C0G650 1996100816 29.1 -9999 2.5 0.0
C0G650 1996100817 27.7 -9999 2.4 0.0
C0G650 1996100818 26.7 -9999 1.7 0.0
C0G650 1996100819 26.0 -9999 1.0 0.0
C0G650 1996100820 25.4 -9999 0.5 0.0
C0G650 1996100821 25.0 -9999 0.7 0.0
C0G650 1996100822 24.5 -9999 0.4 0.0
C0G650 1996100823 24.6 -9999 0.2 0.0
C0G650 1996100824 24.7 -9999 0.0 0.0
C0G650 1996100901 24.8 -9999 0.4 0.0
C0G650 1996100902 24.8 -9999 0.8 0.0
C0G650 1996100903 24.9 -9999 0.7 0.0
C0G650 1996100904 24.6 -9999 0.0 0.0
C0G650 1996100905 23.8 -9999 0.0 0.0
C0G650 1996100906 23.6 -9999 0.0 0.0
C0G650 1996100907 24.1 -9999 0.0 0.0
C0G650 1996100908 25.9 -9999 0.5 0.0
C0G650 1996100909 27.1 -9999 2.2 0.0
C0G650 1996100910 28.9 -9999 0.3 0.0
C0G650 1996100911 -9997 -9999 0.9 0.0
C0G650 1996100912 29.8 -9999 0.7 0.0
C0G650 1996100913 30.1 -9999 1.7 0.0
C0G650 1996100914 31.0 -9999 0.9 0.0
C0G650 1996100915 30.0 -9999 1.8 0.0
C0G650 1996100916 29.0 -9999 1.9 0.0
C0G650 1996100917 27.4 -9999 1.5 0.0
C0G650 1996100918 25.8 -9999 1.2 0.0
C0G650 1996100919 25.2 -9999 0.1 0.0
C0G650 1996100920 25.0 -9999 0.5 0.0
C0G650 1996100921 24.6 -9999 0.2 0.0
C0G650 1996100922 24.4 -9999 0.0 0.0
C0G650 1996100923 24.2 -9999 0.0 0.0
C0G650 1996100924 23.8 -9999 0.0 0.0
C0G650 1996101001 23.5 -9999 0.1 0.0
C0G650 1996101002 23.7 -9999 0.0 0.0
C0G650 1996101003 23.7 -9999 0.0 0.0
C0G650 1996101004 23.7 -9999 0.0 0.0
C0G650 1996101005 24.1 -9999 0.1 0.0
C0G650 1996101006 23.8 -9999 0.0 0.0
C0G650 1996101007 24.4 -9999 0.0 0.0
C0G650 1996101008 25.7 -9999 0.3 0.0
C0G650 1996101009 27.1 -9999 0.8 0.0
C0G650 1996101010 28.1 -9999 -9997 0.0
C0G650 1996101011 29.8 -9999 0.3 0.0
C0G650 1996101012 29.6 -9999 0.2 0.0
C0G650 1996101013 29.1 -9999 1.4 0.0
C0G650 1996101014 30.0 -9999 1.6 0.0
C0G650 1996101015 -9997 -9999 1.1 0.0
C0G650 1996101016 29.4 -9999 0.5 0.0
C0G650 1996101017 28.1 -9999 1.5 0.0
C0G650 1996101018 27.0 -9999 0.6 0.0
C0G650 1996101019 26.8 -9999 0.1 0.0
C0G650 1996101020 26.2 -9999 0.1 0.0
C0G650 1996101021 25.6 -9999 0.0 0.0
C0G650 1996101022 25.8 -9999 0.2 0.0
C0G650 1996101023 25.1 -9999 0.0 0.0
C0G650 1996101024 24.7 -9999 0.0 0.0
C0G650 1996101101 24.5 -9999 0.0 0.0
C0G650 1996101102 24.1 -9999 0.0 0.0
C0G650 1996101103 24.0 -9999 0.2 0.0
C0G650 1996101104 23.9 -9999 0.0 0.0
C0G650 1996101105 24.1 -9999 0.0 0.0
C0G650 1996101106 23.9 -9999 0.0 0.0
C0G650 1996101107 24.8 -9999 0.0 0.0
C0G650 1996101108 26.1 -9999 0.0 0.0
C0G650 1996101109 27.3 -9999 0.0 0.0
C0G650 1996101110 28.8 -9999 0.3 0.0
C0G650 1996101111 29.5 -9999 0.1 0.0
C0G650 1996101112 31.6 -9999 0.4 0.0
C0G650 1996101113 31.0 -9999 0.2 0.0
C0G650 1996101114 32.0 -9999 0.2 0.0
C0G650 1996101115 31.8 -9999 0.0 0.0
C0G650 1996101116 30.0 -9999 0.7 0.0
C0G650 1996101117 28.6 -9999 1.1 0.0
C0G650 1996101118 27.3 -9999 0.0 0.0
C0G650 1996101119 26.4 -9999 0.0 0.0
C0G650 1996101120 25.7 -9999 0.1 0.0
C0G650 1996101121 25.3 -9999 0.0 0.0
C0G650 1996101122 24.9 -9999 0.0 0.0
C0G650 1996101123 24.6 -9999 0.0 0.0
C0G650 1996101124 24.1 -9999 0.0 0.0
C0G650 1996101201 24.0 -9999 0.0 0.0
C0G650 1996101202 23.9 -9999 0.0 0.0
C0G650 1996101203 23.6 -9999 0.0 0.0
C0G650 1996101204 23.8 -9999 0.0 0.0
C0G650 1996101205 24.3 -9999 0.0 0.0
C0G650 1996101206 24.5 -9999 0.2 0.0
C0G650 1996101207 24.7 -9999 0.0 0.0
C0G650 1996101208 26.3 -9999 0.0 0.0
C0G650 1996101209 27.0 -9999 0.0 0.0
C0G650 1996101210 28.0 -9999 0.8 -9996
C0G650 1996101211 30.3 -9999 0.1 -9996
C0G650 1996101212 29.9 -9999 0.7 -9996
C0G650 1996101213 29.7 -9999 1.2 -9996
C0G650 1996101214 29.8 -9999 0.4 -9996
C0G650 1996101215 29.7 -9999 0.0 -9996
C0G650 1996101216 29.2 -9999 0.4 -9996
C0G650 1996101217 27.9 -9999 -9997 -9996
C0G650 1996101218 26.9 -9999 0.3 -9996
C0G650 1996101219 26.4 -9999 0.3 -9996
C0G650 1996101220 25.5 -9999 0.4 -9996
C0G650 1996101221 25.1 -9999 0.1 -9996
C0G650 1996101222 25.0 -9999 0.0 -9996
C0G650 1996101223 24.7 -9999 0.0 -9996
C0G650 1996101224 24.6 -9999 0.0 -9996
C0G650 1996101301 24.7 -9999 2.9 0.5
C0G650 1996101302 24.4 -9999 0.0 0.0
C0G650 1996101303 24.4 -9999 0.0 0.0
C0G650 1996101304 24.0 -9999 0.0 0.0
C0G650 1996101305 23.9 -9999 0.0 0.0
C0G650 1996101306 23.7 -9999 0.0 0.0
C0G650 1996101307 23.8 -9999 0.0 0.0
C0G650 1996101308 24.1 -9999 0.0 0.0
C0G650 1996101309 24.7 -9999 0.0 0.0
C0G650 1996101310 26.6 -9999 0.1 0.0
C0G650 1996101311 27.3 -9999 0.1 0.0
C0G650 1996101312 28.1 -9999 1.4 0.0
C0G650 1996101313 28.8 -9999 1.3 0.0
C0G650 1996101314 28.7 -9999 0.9 0.0
C0G650 1996101315 28.5 -9999 0.3 0.0
C0G650 1996101316 28.4 -9999 0.0 0.0
C0G650 1996101317 27.0 -9999 0.5 0.0
C0G650 1996101318 26.7 -9999 0.0 0.0
C0G650 1996101319 26.8 -9999 0.1 0.0
C0G650 1996101320 26.5 -9999 0.0 0.0
C0G650 1996101321 25.8 -9999 0.0 0.0
C0G650 1996101322 25.5 -9999 0.0 0.0
C0G650 1996101323 25.6 -9999 0.0 0.0
C0G650 1996101324 25.5 -9999 0.0 0.0
C0G650 1996101401 25.4 -9999 0.4 0.0
C0G650 1996101402 25.0 -9999 0.0 0.0
C0G650 1996101403 24.9 -9999 0.0 0.0
C0G650 1996101404 25.2 -9999 0.3 0.0
C0G650 1996101405 25.2 -9999 0.1 0.0
C0G650 1996101406 25.0 -9999 0.0 0.0
C0G650 1996101407 25.5 -9999 0.0 0.0
C0G650 1996101408 25.9 -9999 0.5 0.0
C0G650 1996101409 26.1 -9999 1.0 0.0
C0G650 1996101410 27.0 -9999 0.8 0.0
C0G650 1996101411 28.2 -9999 1.3 0.0
C0G650 1996101412 28.2 -9999 1.0 0.0
C0G650 1996101413 28.6 -9999 1.4 0.0
C0G650 1996101414 29.2 -9999 0.6 0.0
C0G650 1996101415 27.0 -9999 1.3 0.0
C0G650 1996101416 26.6 -9999 1.2 0.0
C0G650 1996101417 25.7 -9999 1.0 0.0
C0G650 1996101418 25.2 -9999 0.2 0.0
C0G650 1996101419 24.8 -9999 0.3 0.0
C0G650 1996101420 24.7 -9999 0.9 0.0
C0G650 1996101421 24.2 -9999 0.7 0.0
C0G650 1996101422 24.1 -9999 0.3 0.0
C0G650 1996101423 24.1 -9999 0.3 0.0
C0G650 1996101424 23.8 -9999 0.0 0.0
C0G650 1996101501 23.9 -9999 0.0 0.0
C0G650 1996101502 23.9 -9999 0.3 0.0
C0G650 1996101503 23.8 -9999 0.0 0.0
C0G650 1996101504 23.5 -9999 0.2 0.0
C0G650 1996101505 -9997 -9999 -9997 0.0
C0G650 1996101506 23.2 -9999 0.6 0.0
C0G650 1996101507 23.2 -9999 -9997 0.0
C0G650 1996101508 -9997 -9999 -9997 0.0
C0G650 1996101509 25.0 -9999 1.6 0.0
C0G650 1996101510 26.5 -9999 1.9 0.0
C0G650 1996101511 27.6 -9999 2.4 0.0
C0G650 1996101512 28.0 -9999 2.4 0.0
C0G650 1996101513 28.1 -9999 2.2 0.0
C0G650 1996101514 28.8 -9999 2.4 0.0
C0G650 1996101515 28.8 -9999 1.3 0.0
C0G650 1996101516 28.2 -9999 0.8 0.0
C0G650 1996101517 26.8 -9999 1.1 0.0
C0G650 1996101518 25.6 -9999 1.7 0.0
C0G650 1996101519 -9997 -9999 -9997 0.0
C0G650 1996101520 24.0 -9999 0.1 0.0
C0G650 1996101521 23.4 -9999 0.1 0.0
C0G650 1996101522 22.6 -9999 0.1 0.0
C0G650 1996101523 22.6 -9999 0.2 0.0
C0G650 1996101524 22.2 -9999 -9997 0.0
C0G650 1996101601 22.0 -9999 0.0 0.0
C0G650 1996101602 22.1 -9999 0.0 0.0
C0G650 1996101603 22.4 -9999 0.0 0.0
C0G650 1996101604 22.4 -9999 0.0 0.0
C0G650 1996101605 21.2 -9999 0.0 0.0
C0G650 1996101606 -9997 -9999 0.0 0.0
C0G650 1996101607 22.0 -9999 0.0 0.0
C0G650 1996101608 23.7 -9999 0.0 0.0
C0G650 1996101609 26.7 -9999 0.0 0.0
C0G650 1996101610 28.3 -9999 0.1 0.0
C0G650 1996101611 -9997 -9999 0.4 0.0
C0G650 1996101612 30.6 -9999 0.2 0.0
C0G650 1996101613 31.5 -9999 0.0 0.0
C0G650 1996101614 30.6 -9999 0.6 0.0
C0G650 1996101615 30.4 -9999 0.2 0.0
C0G650 1996101616 29.1 -9999 0.6 0.0
C0G650 1996101617 27.9 -9999 0.0 0.0
C0G650 1996101618 26.9 -9999 0.0 0.0
C0G650 1996101619 25.4 -9999 0.0 0.0
C0G650 1996101620 25.3 -9999 0.0 0.0
C0G650 1996101621 24.7 -9999 0.0 0.0
C0G650 1996101622 24.7 -9999 0.0 0.0
C0G650 1996101623 25.2 -9999 0.1 0.0
C0G650 1996101624 24.4 -9999 0.0 0.0
C0G650 1996101701 -9997 -9999 0.0 0.0
C0G650 1996101702 24.0 -9999 0.0 0.0
C0G650 1996101703 23.7 -9999 0.0 0.0
C0G650 1996101704 23.9 -9999 0.0 0.0
C0G650 1996101705 23.6 -9999 0.0 0.0
C0G650 1996101706 23.4 -9999 0.0 0.0
C0G650 1996101707 23.9 -9999 0.0 0.0
C0G650 1996101708 26.4 -9999 0.0 0.0
C0G650 1996101709 27.8 -9999 0.1 0.0
C0G650 1996101710 28.9 -9999 0.2 0.0
C0G650 1996101711 30.3 -9999 0.4 0.0
C0G650 1996101712 30.9 -9999 0.5 0.0
C0G650 1996101713 30.2 -9999 0.5 0.0
C0G650 1996101714 29.5 -9999 0.6 0.0
C0G650 1996101715 29.1 -9999 1.6 0.0
C0G650 1996101716 28.6 -9999 2.3 0.0
C0G650 1996101717 27.5 -9999 1.0 0.0
C0G650 1996101718 26.6 -9999 0.4 0.0
C0G650 1996101719 25.9 -9999 0.0 0.0
C0G650 1996101720 24.8 -9999 -9997 0.0
C0G650 1996101721 23.8 -9999 0.0 0.0
C0G650 1996101722 23.2 -9999 0.0 0.0
C0G650 1996101723 23.2 -9999 0.0 0.0
C0G650 1996101724 24.0 -9999 0.0 0.0
C0G650 1996101801 23.8 -9999 0.0 0.0
C0G650 1996101802 23.3 -9999 0.0 0.0
C0G650 1996101803 22.9 -9999 0.0 -9996
C0G650 1996101804 22.8 -9999 0.0 -9996
C0G650 1996101805 22.0 -9999 0.0 -9996
C0G650 1996101806 21.2 -9999 0.0 -9996
C0G650 1996101807 21.9 -9999 0.0 -9996
C0G650 1996101808 -9997 -9999 0.0 -9996
C0G650 1996101809 26.5 -9999 0.8 -9996
C0G650 1996101810 27.8 -9999 0.3 -9996
C0G650 1996101811 28.4 -9999 0.9 -9996
C0G650 1996101812 29.8 -9999 0.9 -9996
C0G650 1996101813 30.2 -9999 0.9 -9996
C0G650 1996101814 30.2 -9999 0.8 -9996
C0G650 1996101815 29.2 -9999 1.1 0.0
C0G650 1996101816 28.6 -9999 0.6 0.0
C0G650 1996101817 27.6 -9999 0.2 0.0
C0G650 1996101818 26.1 -9999 0.7 0.0
C0G650 1996101819 25.5 -9999 0.1 0.0
C0G650 1996101820 24.8 -9999 0.1 0.0
C0G650 1996101821 24.5 -9999 0.0 0.0
C0G650 1996101822 23.8 -9999 0.6 0.0
C0G650 1996101823 23.4 -9999 0.1 0.0
C0G650 1996101824 23.1 -9999 0.0 0.0
C0G650 1996101901 22.9 -9999 0.4 0.0
C0G650 1996101902 22.2 -9999 0.1 0.0
C0G650 1996101903 22.3 -9999 0.0 0.0
C0G650 1996101904 22.5 -9999 0.0 0.0
C0G650 1996101905 23.0 -9999 0.1 0.0
C0G650 1996101906 23.3 -9999 1.4 0.0
C0G650 1996101907 23.6 -9999 0.7 0.0
C0G650 1996101908 24.2 -9999 0.4 0.0
C0G650 1996101909 24.2 -9999 0.6 0.0
C0G650 1996101910 24.7 -9999 0.4 0.0
C0G650 1996101911 25.6 -9999 0.0 0.0
C0G650 1996101912 26.3 -9999 0.4 0.0
C0G650 1996101913 26.1 -9999 0.4 0.0
C0G650 1996101914 25.3 -9999 0.1 0.0
C0G650 1996101915 24.3 -9999 0.5 0.0
C0G650 1996101916 23.9 -9999 0.4 0.0
C0G650 1996101917 23.2 -9999 0.0 0.0
C0G650 1996101918 22.6 -9999 0.3 0.5
C0G650 1996101919 21.8 -9999 0.4 0.5
C0G650 1996101920 21.3 -9999 0.0 0.5
C0G650 1996101921 21.4 -9999 0.0 0.0
C0G650 1996101922 21.4 -9999 0.0 0.0
C0G650 1996101923 21.2 -9999 0.0 0.0
C0G650 1996101924 20.9 -9999 0.0 1.0
C0G650 1996102001 20.9 -9999 0.0 0.5
C0G650 1996102002 20.9 -9999 0.0 1.0
C0G650 1996102003 20.8 -9999 0.4 1.0
C0G650 1996102004 20.6 -9999 0.0 0.5
C0G650 1996102005 21.0 -9999 0.9 0.5
C0G650 1996102006 21.2 -9999 0.4 0.5
C0G650 1996102007 21.0 -9999 0.0 0.0
C0G650 1996102008 21.6 -9999 0.0 0.0
C0G650 1996102009 22.9 -9999 0.6 0.0
C0G650 1996102010 24.1 -9999 1.7 0.0
C0G650 1996102011 24.6 -9999 0.6 0.0
C0G650 1996102012 25.4 -9999 0.6 0.0
C0G650 1996102013 25.7 -9999 0.4 0.0
C0G650 1996102014 24.9 -9999 0.1 0.0
C0G650 1996102015 23.9 -9999 0.3 0.0
C0G650 1996102016 23.6 -9999 0.0 0.0
C0G650 1996102017 23.3 -9999 0.2 0.0
C0G650 1996102018 22.5 -9999 0.5 0.5
C0G650 1996102019 22.5 -9999 0.0 0.0
C0G650 1996102020 22.4 -9999 0.0 0.0
C0G650 1996102021 22.3 -9999 0.0 0.0
C0G650 1996102022 22.2 -9999 0.0 0.0
C0G650 1996102023 21.7 -9999 0.0 0.0
C0G650 1996102024 21.6 -9999 0.0 0.0
C0G650 1996102101 21.6 -9999 0.0 0.0
C0G650 1996102102 21.7 -9999 0.0 0.0
C0G650 1996102103 21.8 -9999 0.0 0.0
C0G650 1996102104 21.6 -9999 0.5 0.0
C0G650 1996102105 21.7 -9999 0.0 0.0
C0G650 1996102106 21.8 -9999 0.0 0.0
C0G650 1996102107 22.3 -9999 0.0 0.0
C0G650 1996102108 23.4 -9999 0.0 0.0
C0G650 1996102109 24.2 -9999 1.7 0.0
C0G650 1996102110 25.9 -9999 1.0 0.0
C0G650 1996102111 28.0 -9999 0.8 0.0
C0G650 1996102112 30.1 -9999 0.8 0.0
C0G650 1996102113 28.5 -9999 1.0 0.0
C0G650 1996102114 27.1 -9999 1.0 0.0
C0G650 1996102115 27.6 -9999 0.1 0.0
C0G650 1996102116 27.3 -9999 0.1 0.0
C0G650 1996102117 26.5 -9999 0.0 0.0
C0G650 1996102118 25.7 -9999 0.0 0.0
C0G650 1996102119 24.9 -9999 0.0 0.0
C0G650 1996102120 24.8 -9999 0.0 0.0
C0G650 1996102121 24.5 -9999 0.0 0.0
C0G650 1996102122 23.9 -9999 0.1 0.0
C0G650 1996102123 23.8 -9999 0.0 0.0
C0G650 1996102124 23.8 -9999 0.0 0.0
C0G650 1996102201 23.6 -9999 0.1 0.0
C0G650 1996102202 23.9 -9999 0.0 0.0
C0G650 1996102203 24.2 -9999 0.0 0.0
C0G650 1996102204 23.7 -9999 0.0 0.0
C0G650 1996102205 23.7 -9999 0.0 0.0
C0G650 1996102206 23.4 -9999 0.3 0.0
C0G650 1996102207 24.1 -9999 0.1 0.0
C0G650 1996102208 24.9 -9999 0.0 0.0
C0G650 1996102209 26.3 -9999 0.0 0.0
C0G650 1996102210 27.1 -9999 0.3 0.0
C0G650 1996102211 28.5 -9999 0.1 0.0
C0G650 1996102212 30.3 -9999 0.1 0.0
C0G650 1996102213 30.7 -9999 0.1 0.0
C0G650 1996102214 29.8 -9999 0.7 0.0
C0G650 1996102215 29.9 -9999 0.1 0.0
C0G650 1996102216 30.3 -9999 0.1 0.0
C0G650 1996102217 28.3 -9999 0.1 0.0
C0G650 1996102218 27.0 -9999 0.0 0.0
C0G650 1996102219 26.0 -9999 0.0 0.0
C0G650 1996102220 24.8 -9999 0.0 0.0
C0G650 1996102221 23.9 -9999 0.0 0.0
C0G650 1996102222 23.6 -9999 0.0 0.0
C0G650 1996102223 23.4 -9999 0.0 0.0
C0G650 1996102224 22.9 -9999 0.0 0.0
C0G650 1996102301 23.2 -9999 0.0 0.0
C0G650 1996102302 22.6 -9999 0.0 0.0
C0G650 1996102303 23.2 -9999 0.0 0.0
C0G650 1996102304 22.7 -9999 0.0 -9996
C0G650 1996102305 22.6 -9999 0.0 -9996
C0G650 1996102306 22.0 -9999 0.0 -9996
C0G650 1996102307 22.3 -9999 0.0 -9996
C0G650 1996102308 24.3 -9999 0.0 -9996
C0G650 1996102309 25.8 -9999 0.1 -9996
C0G650 1996102310 26.9 -9999 0.3 -9996
C0G650 1996102311 -9997 -9999 -9997 -9996
C0G650 1996102312 29.8 -9999 0.1 -9996
C0G650 1996102313 30.1 -9999 0.9 -9996
C0G650 1996102314 30.6 -9999 2.5 -9996
C0G650 1996102315 29.5 -9999 2.0 -9996
C0G650 1996102316 28.4 -9999 2.4 0.0
C0G650 1996102317 27.2 -9999 0.6 0.0
C0G650 1996102318 25.6 -9999 1.4 0.0
C0G650 1996102319 24.6 -9999 0.7 0.0
C0G650 1996102320 23.9 -9999 0.5 0.0
C0G650 1996102321 22.7 -9999 0.0 0.0
C0G650 1996102322 22.6 -9999 0.0 0.0
C0G650 1996102323 22.5 -9999 0.0 0.0
C0G650 1996102324 22.5 -9999 0.0 0.0
C0G650 1996102401 22.5 -9999 -9997 0.0
C0G650 1996102402 22.4 -9999 0.2 0.0
C0G650 1996102403 22.5 -9999 0.9 0.0
C0G650 1996102404 22.0 -9999 0.6 0.0
C0G650 1996102405 21.8 -9999 0.4 0.0
C0G650 1996102406 21.7 -9999 1.4 0.0
C0G650 1996102407 22.5 -9999 0.6 0.0
C0G650 1996102408 23.6 -9999 0.6 0.0
C0G650 1996102409 25.2 -9999 1.8 0.0
C0G650 1996102410 27.1 -9999 2.5 0.0
C0G650 1996102411 -9997 -9999 -9997 0.0
C0G650 1996102412 29.2 -9999 1.2 0.0
C0G650 1996102413 30.3 -9999 0.8 0.0
C0G650 1996102414 29.4 -9999 1.2 0.0
C0G650 1996102415 29.0 -9999 0.7 0.0
C0G650 1996102416 27.9 -9999 0.0 0.0
C0G650 1996102417 27.2 -9999 0.3 0.0
C0G650 1996102418 26.4 -9999 0.0 0.0
C0G650 1996102419 25.7 -9999 0.0 0.0
C0G650 1996102420 24.8 -9999 0.0 0.0
C0G650 1996102421 23.8 -9999 0.0 0.0
C0G650 1996102422 23.2 -9999 0.0 0.0
C0G650 1996102423 23.0 -9999 0.0 0.0
C0G650 1996102424 22.5 -9999 0.0 0.0
C0G650 1996102501 22.1 -9999 0.0 0.0
C0G650 1996102502 22.4 -9999 0.0 0.0
C0G650 1996102503 22.1 -9999 0.0 0.0
C0G650 1996102504 22.0 -9999 0.0 0.0
C0G650 1996102505 -9997 -9999 -9997 0.0
C0G650 1996102506 20.8 -9999 0.0 0.0
C0G650 1996102507 21.9 -9999 0.0 0.0
C0G650 1996102508 24.0 -9999 0.1 0.0
C0G650 1996102509 25.4 -9999 0.0 0.0
C0G650 1996102510 27.1 -9999 0.0 0.0
C0G650 1996102511 29.1 -9999 0.3 0.0
C0G650 1996102512 29.3 -9999 0.5 0.0
C0G650 1996102513 29.9 -9999 1.0 0.0
C0G650 1996102514 29.4 -9999 1.1 0.0
C0G650 1996102515 29.4 -9999 1.5 0.0
C0G650 1996102516 27.7 -9999 2.6 0.0
C0G650 1996102517 26.2 -9999 2.0 0.0
C0G650 1996102518 25.0 -9999 1.8 0.0
C0G650 1996102519 24.6 -9999 3.2 0.0
C0G650 1996102520 24.2 -9999 2.3 0.0
C0G650 1996102521 24.0 -9999 1.3 0.0
C0G650 1996102522 23.7 -9999 1.2 0.0
C0G650 1996102523 23.6 -9999 1.2 0.0
C0G650 1996102524 23.1 -9999 -9997 0.0
C0G650 1996102601 22.9 -9999 1.5 0.0
C0G650 1996102602 22.3 -9999 0.1 0.0
C0G650 1996102603 22.6 -9999 0.5 0.0
C0G650 1996102604 22.5 -9999 0.1 0.0
C0G650 1996102605 22.6 -9999 1.1 0.0
C0G650 1996102606 22.7 -9999 2.3 0.0
C0G650 1996102607 22.7 -9999 1.5 0.0
C0G650 1996102608 23.1 -9999 1.3 0.0
C0G650 1996102609 24.9 -9999 1.8 0.0
C0G650 1996102610 26.2 -9999 2.1 0.0
C0G650 1996102611 26.5 -9999 2.6 0.0
C0G650 1996102612 27.5 -9999 1.3 0.0
C0G650 1996102613 27.6 -9999 2.7 0.0
C0G650 1996102614 27.1 -9999 2.9 0.0
C0G650 1996102615 26.7 -9999 2.8 0.0
C0G650 1996102616 25.4 -9999 2.0 0.0
C0G650 1996102617 24.0 -9999 2.1 0.0
C0G650 1996102618 22.8 -9999 1.7 0.0
C0G650 1996102619 22.7 -9999 1.3 0.0
C0G650 1996102620 22.6 -9999 0.0 0.0
C0G650 1996102621 22.4 -9999 0.1 0.0
C0G650 1996102622 21.8 -9999 0.2 0.0
C0G650 1996102623 21.3 -9999 0.7 0.0
C0G650 1996102624 21.2 -9999 0.0 0.0
C0G650 1996102701 20.8 -9999 0.0 0.0
C0G650 1996102702 21.0 -9999 0.0 0.0
C0G650 1996102703 20.9 -9999 0.1 0.0
C0G650 1996102704 20.6 -9999 0.0 0.0
C0G650 1996102705 20.0 -9999 0.0 0.0
C0G650 1996102706 20.1 -9999 0.0 0.0
C0G650 1996102707 20.9 -9999 0.0 0.0
C0G650 1996102708 22.5 -9999 0.9 0.0
C0G650 1996102709 24.4 -9999 0.4 0.0
C0G650 1996102710 26.1 -9999 0.0 0.0
C0G650 1996102711 27.7 -9999 0.4 0.0
C0G650 1996102712 28.5 -9999 0.5 0.0
C0G650 1996102713 29.2 -9999 0.4 0.0
C0G650 1996102714 28.7 -9999 0.3 0.0
C0G650 1996102715 27.9 -9999 0.6 0.0
C0G650 1996102716 26.4 -9999 0.8 0.0
C0G650 1996102717 24.7 -9999 0.6 0.0
C0G650 1996102718 23.7 -9999 0.0 0.0
C0G650 1996102719 23.0 -9999 0.0 0.0
C0G650 1996102720 22.5 -9999 0.0 0.0
C0G650 1996102721 21.1 -9999 0.0 0.0
C0G650 1996102722 20.4 -9999 0.0 0.0
C0G650 1996102723 20.0 -9999 0.0 0.0
C0G650 1996102724 19.9 -9999 0.0 0.0
C0G650 1996102801 19.6 -9999 0.0 0.0
C0G650 1996102802 19.5 -9999 0.0 0.0
C0G650 1996102803 19.3 -9999 0.0 0.0
C0G650 1996102804 19.3 -9999 0.0 0.0
C0G650 1996102805 19.1 -9999 0.0 0.0
C0G650 1996102806 19.7 -9999 0.0 0.0
C0G650 1996102807 21.4 -9999 0.0 0.0
C0G650 1996102808 23.4 -9999 1.7 0.0
C0G650 1996102809 25.3 -9999 0.2 0.0
C0G650 1996102810 27.1 -9999 0.9 0.0
C0G650 1996102811 28.9 -9999 0.5 0.0
C0G650 1996102812 30.0 -9999 0.4 0.0
C0G650 1996102813 29.8 -9999 0.8 0.0
C0G650 1996102814 30.1 -9999 1.2 0.0
C0G650 1996102815 30.1 -9999 1.1 0.0
C0G650 1996102816 28.7 -9999 1.0 0.0
C0G650 1996102817 27.0 -9999 0.0 0.0
C0G650 1996102818 25.3 -9999 0.7 0.0
C0G650 1996102819 24.2 -9999 0.0 0.0
C0G650 1996102820 23.1 -9999 0.0 0.0
C0G650 1996102821 22.4 -9999 0.0 0.0
C0G650 1996102822 22.0 -9999 0.0 0.0
C0G650 1996102823 21.5 -9999 0.0 0.0
C0G650 1996102824 21.8 -9999 0.0 0.0
C0G650 1996102901 -9997 -9999 0.0 0.0
C0G650 1996102902 21.4 -9999 0.0 0.0
C0G650 1996102903 21.8 -9999 0.6 0.0
C0G650 1996102904 21.8 -9999 0.6 0.0
C0G650 1996102905 21.7 -9999 0.2 0.0
C0G650 1996102906 22.1 -9999 0.7 0.0
C0G650 1996102907 22.7 -9999 0.1 0.0
C0G650 1996102908 24.8 -9999 0.4 0.0
C0G650 1996102909 26.5 -9999 1.0 0.0
C0G650 1996102910 28.6 -9999 0.6 0.0
C0G650 1996102911 29.9 -9999 1.1 0.0
C0G650 1996102912 31.1 -9999 0.4 0.0
C0G650 1996102913 31.7 -9999 0.6 -9996
C0G650 1996102914 32.4 -9999 0.5 -9996
C0G650 1996102915 30.9 -9999 0.2 -9996
C0G650 1996102916 30.6 -9999 0.5 -9996
C0G650 1996102917 27.4 -9999 0.4 -9996
C0G650 1996102918 25.8 -9999 0.0 -9996
C0G650 1996102919 24.9 -9999 0.0 -9996
C0G650 1996102920 24.2 -9999 0.0 -9996
C0G650 1996102921 23.7 -9999 0.0 -9996
C0G650 1996102922 23.4 -9999 0.0 -9996
C0G650 1996102923 23.1 -9999 0.0 -9996
C0G650 1996102924 22.8 -9999 0.2 -9996
C0G650 1996103001 22.2 -9999 0.0 -9996
C0G650 1996103002 22.7 -9999 0.0 0.0
C0G650 1996103003 23.0 -9999 0.0 0.0
C0G650 1996103004 23.2 -9999 0.1 0.0
C0G650 1996103005 -9997 -9999 0.0 0.0
C0G650 1996103006 22.3 -9999 -9997 0.0
C0G650 1996103007 22.6 -9999 0.0 0.0
C0G650 1996103008 23.8 -9999 0.0 0.0
C0G650 1996103009 26.0 -9999 0.4 0.0
C0G650 1996103010 27.5 -9999 0.6 0.0
C0G650 1996103011 29.7 -9999 0.9 0.0
C0G650 1996103012 31.1 -9999 0.3 0.0
C0G650 1996103013 30.6 -9999 0.8 0.0
C0G650 1996103014 30.5 -9999 1.3 0.0
C0G650 1996103015 30.1 -9999 0.6 0.0
C0G650 1996103016 29.3 -9999 0.5 0.0
C0G650 1996103017 27.6 -9999 0.2 0.0
C0G650 1996103018 26.1 -9999 0.0 0.0
C0G650 1996103019 25.3 -9999 0.0 0.0
C0G650 1996103020 24.3 -9999 0.0 0.0
C0G650 1996103021 23.6 -9999 0.0 0.0
C0G650 1996103022 23.3 -9999 0.0 0.0
C0G650 1996103023 23.0 -9999 0.0 0.0
C0G650 1996103024 22.9 -9999 0.0 0.0
C0G650 1996103101 23.1 -9999 0.1 0.0
C0G650 1996103102 23.5 -9999 0.0 0.0
C0G650 1996103103 23.8 -9999 0.0 0.0
C0G650 1996103104 23.8 -9999 0.0 0.0
C0G650 1996103105 23.8 -9999 0.0 0.0
C0G650 1996103106 23.6 -9999 0.0 0.0
C0G650 1996103107 23.8 -9999 0.0 0.0
C0G650 1996103108 24.6 -9999 0.0 0.0
C0G650 1996103109 26.4 -9999 0.3 0.0
C0G650 1996103110 27.5 -9999 0.2 0.0
C0G650 1996103111 28.5 -9999 0.1 0.0
C0G650 1996103112 30.1 -9999 0.4 0.0
C0G650 1996103113 31.1 -9999 1.1 0.0
C0G650 1996103114 30.3 -9999 0.1 0.0
C0G650 1996103115 29.3 -9999 0.6 0.0
C0G650 1996103116 28.4 -9999 0.3 0.0
C0G650 1996103117 26.6 -9999 0.1 0.0
C0G650 1996103118 25.6 -9999 0.1 0.0
C0G650 1996103119 24.8 -9999 0.0 0.0
C0G650 1996103120 24.2 -9999 0.0 0.0
C0G650 1996103121 23.5 -9999 0.0 0.0
C0G650 1996103122 23.2 -9999 0.0 0.0
C0G650 1996103123 23.0 -9999 0.0 0.0
C0G650 1996103124 23.0 -9999 0.0 0.0
C0G660 1996100101 -9999 -9999 -9999 0.0
C0G660 1996100102 -9999 -9999 -9999 0.0
C0G660 1996100103 -9999 -9999 -9999 0.0
C0G660 1996100104 -9999 -9999 -9999 0.0
C0G660 1996100105 -9999 -9999 -9999 0.0
C0G660 1996100106 -9999 -9999 -9999 0.0
C0G660 1996100107 -9999 -9999 -9999 0.0
C0G660 1996100108 -9999 -9999 -9999 0.0
C0G660 1996100109 -9999 -9999 -9999 0.0
C0G660 1996100110 -9999 -9999 -9999 0.0
C0G660 1996100111 -9999 -9999 -9999 0.0
C0G660 1996100112 -9999 -9999 -9999 0.0
C0G660 1996100113 -9999 -9999 -9999 0.0
C0G660 1996100114 -9999 -9999 -9999 0.0
C0G660 1996100115 -9999 -9999 -9999 0.0
C0G660 1996100116 -9999 -9999 -9999 0.0
C0G660 1996100117 -9999 -9999 -9999 0.0
C0G660 1996100118 -9999 -9999 -9999 0.0
C0G660 1996100119 -9999 -9999 -9999 0.0
C0G660 1996100120 -9999 -9999 -9999 0.0
C0G660 1996100121 -9999 -9999 -9999 0.0
C0G660 1996100122 -9999 -9999 -9999 0.0
C0G660 1996100123 -9999 -9999 -9999 0.0
C0G660 1996100124 -9999 -9999 -9999 0.0
C0G660 1996100201 -9999 -9999 -9999 0.0
C0G660 1996100202 -9999 -9999 -9999 0.0
C0G660 1996100203 -9999 -9999 -9999 0.0
C0G660 1996100204 -9999 -9999 -9999 0.0
C0G660 1996100205 -9999 -9999 -9999 0.0
C0G660 1996100206 -9999 -9999 -9999 0.0
C0G660 1996100207 -9999 -9999 -9999 0.0
C0G660 1996100208 -9999 -9999 -9999 0.0
C0G660 1996100209 -9999 -9999 -9999 0.0
C0G660 1996100210 -9999 -9999 -9999 0.0
C0G660 1996100211 -9999 -9999 -9999 0.0
C0G660 1996100212 -9999 -9999 -9999 0.0
C0G660 1996100213 -9999 -9999 -9999 0.0
C0G660 1996100214 -9999 -9999 -9999 0.0
C0G660 1996100215 -9999 -9999 -9999 0.0
C0G660 1996100216 -9999 -9999 -9999 0.0
C0G660 1996100217 -9999 -9999 -9999 0.0
C0G660 1996100218 -9999 -9999 -9999 0.0
C0G660 1996100219 -9999 -9999 -9999 0.0
C0G660 1996100220 -9999 -9999 -9999 0.0
C0G660 1996100221 -9999 -9999 -9999 0.0
C0G660 1996100222 -9999 -9999 -9999 0.0
C0G660 1996100223 -9999 -9999 -9999 0.0
C0G660 1996100224 -9999 -9999 -9999 0.0
C0G660 1996100301 -9999 -9999 -9999 0.0
C0G660 1996100302 -9999 -9999 -9999 0.0
C0G660 1996100303 -9999 -9999 -9999 0.0
C0G660 1996100304 -9999 -9999 -9999 0.0
C0G660 1996100305 -9999 -9999 -9999 0.0
C0G660 1996100306 -9999 -9999 -9999 0.0
C0G660 1996100307 -9999 -9999 -9999 0.0
C0G660 1996100308 -9999 -9999 -9999 0.0
C0G660 1996100309 -9999 -9999 -9999 0.0
C0G660 1996100310 -9999 -9999 -9999 0.0
C0G660 1996100311 -9999 -9999 -9999 0.0
C0G660 1996100312 -9999 -9999 -9999 0.0
C0G660 1996100313 -9999 -9999 -9999 0.0
C0G660 1996100314 -9999 -9999 -9999 0.0
C0G660 1996100315 -9999 -9999 -9999 0.0
C0G660 1996100316 -9999 -9999 -9999 0.0
C0G660 1996100317 -9999 -9999 -9999 0.0
C0G660 1996100318 -9999 -9999 -9999 0.0
C0G660 1996100319 -9999 -9999 -9999 0.0
C0G660 1996100320 -9999 -9999 -9999 0.0
C0G660 1996100321 -9999 -9999 -9999 0.0
C0G660 1996100322 -9999 -9999 -9999 0.0
C0G660 1996100323 -9999 -9999 -9999 0.0
C0G660 1996100324 -9999 -9999 -9999 0.0
C0G660 1996100401 -9999 -9999 -9999 0.0
C0G660 1996100402 -9999 -9999 -9999 0.0
C0G660 1996100403 -9999 -9999 -9999 0.0
C0G660 1996100404 -9999 -9999 -9999 0.0
C0G660 1996100405 -9999 -9999 -9999 0.0
C0G660 1996100406 -9999 -9999 -9999 0.0
C0G660 1996100407 -9999 -9999 -9999 0.0
C0G660 1996100408 -9999 -9999 -9999 0.0
C0G660 1996100409 -9999 -9999 -9999 0.0
C0G660 1996100410 -9999 -9999 -9999 0.0
C0G660 1996100411 -9999 -9999 -9999 0.0
C0G660 1996100412 -9999 -9999 -9999 0.0
C0G660 1996100413 -9999 -9999 -9999 0.0
C0G660 1996100414 -9999 -9999 -9999 0.0
C0G660 1996100415 -9999 -9999 -9999 0.0
C0G660 1996100416 -9999 -9999 -9999 0.0
C0G660 1996100417 -9999 -9999 -9999 0.0
C0G660 1996100418 -9999 -9999 -9999 0.0
C0G660 1996100419 -9999 -9999 -9999 0.0
C0G660 1996100420 -9999 -9999 -9999 0.0
C0G660 1996100421 -9999 -9999 -9999 0.0
C0G660 1996100422 -9999 -9999 -9999 0.0
C0G660 1996100423 -9999 -9999 -9999 0.0
C0G660 1996100424 -9999 -9999 -9999 0.0
C0G660 1996100501 -9999 -9999 -9999 0.0
C0G660 1996100502 -9999 -9999 -9999 0.0
C0G660 1996100503 -9999 -9999 -9999 0.0
C0G660 1996100504 -9999 -9999 -9999 0.0
C0G660 1996100505 -9999 -9999 -9999 0.0
C0G660 1996100506 -9999 -9999 -9999 0.0
C0G660 1996100507 -9999 -9999 -9999 0.0
C0G660 1996100508 -9999 -9999 -9999 0.0
C0G660 1996100509 -9999 -9999 -9999 0.0
C0G660 1996100510 -9999 -9999 -9999 0.0
C0G660 1996100511 -9999 -9999 -9999 0.0
C0G660 1996100512 -9999 -9999 -9999 0.0
C0G660 1996100513 -9999 -9999 -9999 0.0
C0G660 1996100514 -9999 -9999 -9999 0.0
C0G660 1996100515 -9999 -9999 -9999 0.0
C0G660 1996100516 -9999 -9999 -9999 0.0
C0G660 1996100517 -9999 -9999 -9999 0.0
C0G660 1996100518 -9999 -9999 -9999 0.0
C0G660 1996100519 -9999 -9999 -9999 0.0
C0G660 1996100520 -9999 -9999 -9999 0.0
C0G660 1996100521 -9999 -9999 -9999 0.0
C0G660 1996100522 -9999 -9999 -9999 0.0
C0G660 1996100523 -9999 -9999 -9999 0.0
C0G660 1996100524 -9999 -9999 -9999 0.0
C0G660 1996100601 -9999 -9999 -9999 0.0
C0G660 1996100602 -9999 -9999 -9999 0.0
C0G660 1996100603 -9999 -9999 -9999 0.0
C0G660 1996100604 -9999 -9999 -9999 0.0
C0G660 1996100605 -9999 -9999 -9999 0.0
C0G660 1996100606 -9999 -9999 -9999 0.0
C0G660 1996100607 -9999 -9999 -9999 0.0
C0G660 1996100608 -9999 -9999 -9999 0.0
C0G660 1996100609 -9999 -9999 -9999 0.0
C0G660 1996100610 -9999 -9999 -9999 0.0
C0G660 1996100611 -9999 -9999 -9999 0.0
C0G660 1996100612 -9999 -9999 -9999 0.0
C0G660 1996100613 -9999 -9999 -9999 0.0
C0G660 1996100614 -9999 -9999 -9999 0.0
C0G660 1996100615 -9999 -9999 -9999 0.0
C0G660 1996100616 -9999 -9999 -9999 0.0
C0G660 1996100617 -9999 -9999 -9999 0.0
C0G660 1996100618 -9999 -9999 -9999 0.0
C0G660 1996100619 -9999 -9999 -9999 0.0
C0G660 1996100620 -9999 -9999 -9999 0.0
C0G660 1996100621 -9999 -9999 -9999 0.0
C0G660 1996100622 -9999 -9999 -9999 0.0
C0G660 1996100623 -9999 -9999 -9999 0.0
C0G660 1996100624 -9999 -9999 -9999 0.0
C0G660 1996100701 -9999 -9999 -9999 0.0
C0G660 1996100702 -9999 -9999 -9999 0.0
C0G660 1996100703 -9999 -9999 -9999 0.0
C0G660 1996100704 -9999 -9999 -9999 0.0
C0G660 1996100705 -9999 -9999 -9999 0.0
C0G660 1996100706 -9999 -9999 -9999 0.0
C0G660 1996100707 -9999 -9999 -9999 0.0
C0G660 1996100708 -9999 -9999 -9999 0.0
C0G660 1996100709 -9999 -9999 -9999 0.0
C0G660 1996100710 -9999 -9999 -9999 0.0
C0G660 1996100711 -9999 -9999 -9999 0.0
C0G660 1996100712 -9999 -9999 -9999 0.0
C0G660 1996100713 -9999 -9999 -9999 0.0
C0G660 1996100714 -9999 -9999 -9999 0.0
C0G660 1996100715 -9999 -9999 -9999 0.0
C0G660 1996100716 -9999 -9999 -9999 0.0
C0G660 1996100717 -9999 -9999 -9999 0.0
C0G660 1996100718 -9999 -9999 -9999 0.0
C0G660 1996100719 -9999 -9999 -9999 0.0
C0G660 1996100720 -9999 -9999 -9999 0.0
C0G660 1996100721 -9999 -9999 -9999 0.0
C0G660 1996100722 -9999 -9999 -9999 0.0
C0G660 1996100723 -9999 -9999 -9999 0.0
C0G660 1996100724 -9999 -9999 -9999 0.0
C0G660 1996100801 -9999 -9999 -9999 0.0
C0G660 1996100802 -9999 -9999 -9999 0.0
C0G660 1996100803 -9999 -9999 -9999 0.0
C0G660 1996100804 -9999 -9999 -9999 0.0
C0G660 1996100805 -9999 -9999 -9999 0.0
C0G660 1996100806 -9999 -9999 -9999 0.0
C0G660 1996100807 -9999 -9999 -9999 0.0
C0G660 1996100808 -9999 -9999 -9999 0.0
C0G660 1996100809 -9999 -9999 -9999 0.0
C0G660 1996100810 -9999 -9999 -9999 0.0
C0G660 1996100811 -9999 -9999 -9999 0.0
C0G660 1996100812 -9999 -9999 -9999 0.0
C0G660 1996100813 -9999 -9999 -9999 0.0
C0G660 1996100814 -9999 -9999 -9999 0.0
C0G660 1996100815 -9999 -9999 -9999 0.0
C0G660 1996100816 -9999 -9999 -9999 0.0
C0G660 1996100817 -9999 -9999 -9999 0.0
C0G660 1996100818 -9999 -9999 -9999 0.0
C0G660 1996100819 -9999 -9999 -9999 0.0
C0G660 1996100820 -9999 -9999 -9999 0.0
C0G660 1996100821 -9999 -9999 -9999 0.0
C0G660 1996100822 -9999 -9999 -9999 0.0
C0G660 1996100823 -9999 -9999 -9999 0.0
C0G660 1996100824 -9999 -9999 -9999 0.0
C0G660 1996100901 -9999 -9999 -9999 0.0
C0G660 1996100902 -9999 -9999 -9999 0.0
C0G660 1996100903 -9999 -9999 -9999 0.0
C0G660 1996100904 -9999 -9999 -9999 0.0
C0G660 1996100905 -9999 -9999 -9999 0.0
C0G660 1996100906 -9999 -9999 -9999 0.0
C0G660 1996100907 -9999 -9999 -9999 0.0
C0G660 1996100908 -9999 -9999 -9999 0.0
C0G660 1996100909 -9999 -9999 -9999 0.0
C0G660 1996100910 -9999 -9999 -9999 0.0
C0G660 1996100911 -9999 -9999 -9999 0.0
C0G660 1996100912 -9999 -9999 -9999 0.0
C0G660 1996100913 -9999 -9999 -9999 0.0
C0G660 1996100914 -9999 -9999 -9999 0.0
C0G660 1996100915 -9999 -9999 -9999 0.0
C0G660 1996100916 -9999 -9999 -9999 0.0
C0G660 1996100917 -9999 -9999 -9999 0.0
C0G660 1996100918 -9999 -9999 -9999 0.0
C0G660 1996100919 -9999 -9999 -9999 0.0
C0G660 1996100920 -9999 -9999 -9999 0.0
C0G660 1996100921 -9999 -9999 -9999 0.0
C0G660 1996100922 -9999 -9999 -9999 0.0
C0G660 1996100923 -9999 -9999 -9999 0.0
C0G660 1996100924 -9999 -9999 -9999 0.0
C0G660 1996101001 -9999 -9999 -9999 0.0
C0G660 1996101002 -9999 -9999 -9999 0.0
C0G660 1996101003 -9999 -9999 -9999 0.0
C0G660 1996101004 -9999 -9999 -9999 0.0
C0G660 1996101005 -9999 -9999 -9999 0.0
C0G660 1996101006 -9999 -9999 -9999 0.0
C0G660 1996101007 -9999 -9999 -9999 0.0
C0G660 1996101008 -9999 -9999 -9999 0.0
C0G660 1996101009 -9999 -9999 -9999 0.0
C0G660 1996101010 -9999 -9999 -9999 0.0
C0G660 1996101011 -9999 -9999 -9999 0.0
C0G660 1996101012 -9999 -9999 -9999 0.0
C0G660 1996101013 -9999 -9999 -9999 0.0
C0G660 1996101014 -9999 -9999 -9999 0.0
C0G660 1996101015 -9999 -9999 -9999 0.0
C0G660 1996101016 -9999 -9999 -9999 0.0
C0G660 1996101017 -9999 -9999 -9999 0.0
C0G660 1996101018 -9999 -9999 -9999 0.0
C0G660 1996101019 -9999 -9999 -9999 0.0
C0G660 1996101020 -9999 -9999 -9999 -9996
C0G660 1996101021 -9999 -9999 -9999 -9996
C0G660 1996101022 -9999 -9999 -9999 -9996
C0G660 1996101023 -9999 -9999 -9999 -9996
C0G660 1996101024 -9999 -9999 -9999 -9996
C0G660 1996101101 -9999 -9999 -9999 0.0
C0G660 1996101102 -9999 -9999 -9999 0.0
C0G660 1996101103 -9999 -9999 -9999 0.0
C0G660 1996101104 -9999 -9999 -9999 0.0
C0G660 1996101105 -9999 -9999 -9999 0.0
C0G660 1996101106 -9999 -9999 -9999 0.0
C0G660 1996101107 -9999 -9999 -9999 0.0
C0G660 1996101108 -9999 -9999 -9999 0.0
C0G660 1996101109 -9999 -9999 -9999 0.0
C0G660 1996101110 -9999 -9999 -9999 0.0
C0G660 1996101111 -9999 -9999 -9999 0.0
C0G660 1996101112 -9999 -9999 -9999 0.0
C0G660 1996101113 -9999 -9999 -9999 0.0
C0G660 1996101114 -9999 -9999 -9999 0.0
C0G660 1996101115 -9999 -9999 -9999 0.0
C0G660 1996101116 -9999 -9999 -9999 0.0
C0G660 1996101117 -9999 -9999 -9999 0.0
C0G660 1996101118 -9999 -9999 -9999 0.0
C0G660 1996101119 -9999 -9999 -9999 0.0
C0G660 1996101120 -9999 -9999 -9999 0.0
C0G660 1996101121 -9999 -9999 -9999 0.0
C0G660 1996101122 -9999 -9999 -9999 0.0
C0G660 1996101123 -9999 -9999 -9999 0.0
C0G660 1996101124 -9999 -9999 -9999 0.0
C0G660 1996101201 -9999 -9999 -9999 0.0
C0G660 1996101202 -9999 -9999 -9999 0.0
C0G660 1996101203 -9999 -9999 -9999 0.0
C0G660 1996101204 -9999 -9999 -9999 0.0
C0G660 1996101205 -9999 -9999 -9999 0.0
C0G660 1996101206 -9999 -9999 -9999 0.0
C0G660 1996101207 -9999 -9999 -9999 0.0
C0G660 1996101208 -9999 -9999 -9999 0.0
C0G660 1996101209 -9999 -9999 -9999 0.0
C0G660 1996101210 -9999 -9999 -9999 0.0
C0G660 1996101211 -9999 -9999 -9999 0.0
C0G660 1996101212 -9999 -9999 -9999 0.0
C0G660 1996101213 -9999 -9999 -9999 0.0
C0G660 1996101214 -9999 -9999 -9999 0.0
C0G660 1996101215 -9999 -9999 -9999 0.0
C0G660 1996101216 -9999 -9999 -9999 0.0
C0G660 1996101217 -9999 -9999 -9999 0.0
C0G660 1996101218 -9999 -9999 -9999 0.0
C0G660 1996101219 -9999 -9999 -9999 0.0
C0G660 1996101220 -9999 -9999 -9999 0.0
C0G660 1996101221 -9999 -9999 -9999 0.0
C0G660 1996101222 -9999 -9999 -9999 0.0
C0G660 1996101223 -9999 -9999 -9999 0.0
C0G660 1996101224 -9999 -9999 -9999 0.0
C0G660 1996101301 -9999 -9999 -9999 0.0
C0G660 1996101302 -9999 -9999 -9999 0.0
C0G660 1996101303 -9999 -9999 -9999 0.0
C0G660 1996101304 -9999 -9999 -9999 -9996
C0G660 1996101305 -9999 -9999 -9999 -9996
C0G660 1996101306 -9999 -9999 -9999 -9996
C0G660 1996101307 -9999 -9999 -9999 -9996
C0G660 1996101308 -9999 -9999 -9999 -9996
C0G660 1996101309 -9999 -9999 -9999 0.5
C0G660 1996101310 -9999 -9999 -9999 0.0
C0G660 1996101311 -9999 -9999 -9999 0.0
C0G660 1996101312 -9999 -9999 -9999 0.0
C0G660 1996101313 -9999 -9999 -9999 0.0
C0G660 1996101314 -9999 -9999 -9999 0.0
C0G660 1996101315 -9999 -9999 -9999 0.0
C0G660 1996101316 -9999 -9999 -9999 0.0
C0G660 1996101317 -9999 -9999 -9999 0.0
C0G660 1996101318 -9999 -9999 -9999 0.0
C0G660 1996101319 -9999 -9999 -9999 0.0
C0G660 1996101320 -9999 -9999 -9999 0.0
C0G660 1996101321 -9999 -9999 -9999 0.0
C0G660 1996101322 -9999 -9999 -9999 0.0
C0G660 1996101323 -9999 -9999 -9999 0.0
C0G660 1996101324 -9999 -9999 -9999 0.0
C0G660 1996101401 -9999 -9999 -9999 0.0
C0G660 1996101402 -9999 -9999 -9999 0.0
C0G660 1996101403 -9999 -9999 -9999 0.0
C0G660 1996101404 -9999 -9999 -9999 0.0
C0G660 1996101405 -9999 -9999 -9999 0.0
C0G660 1996101406 -9999 -9999 -9999 0.0
C0G660 1996101407 -9999 -9999 -9999 0.0
C0G660 1996101408 -9999 -9999 -9999 0.0
C0G660 1996101409 -9999 -9999 -9999 0.0
C0G660 1996101410 -9999 -9999 -9999 0.0
C0G660 1996101411 -9999 -9999 -9999 0.0
C0G660 1996101412 -9999 -9999 -9999 0.0
C0G660 1996101413 -9999 -9999 -9999 0.0
C0G660 1996101414 -9999 -9999 -9999 0.0
C0G660 1996101415 -9999 -9999 -9999 0.0
C0G660 1996101416 -9999 -9999 -9999 0.0
C0G660 1996101417 -9999 -9999 -9999 0.0
C0G660 1996101418 -9999 -9999 -9999 0.0
C0G660 1996101419 -9999 -9999 -9999 0.0
C0G660 1996101420 -9999 -9999 -9999 0.0
C0G660 1996101421 -9999 -9999 -9999 0.0
C0G660 1996101422 -9999 -9999 -9999 0.0
C0G660 1996101423 -9999 -9999 -9999 0.0
C0G660 1996101424 -9999 -9999 -9999 0.0
C0G660 1996101501 -9999 -9999 -9999 0.0
C0G660 1996101502 -9999 -9999 -9999 0.0
C0G660 1996101503 -9999 -9999 -9999 0.0
C0G660 1996101504 -9999 -9999 -9999 0.0
C0G660 1996101505 -9999 -9999 -9999 0.0
C0G660 1996101506 -9999 -9999 -9999 0.0
C0G660 1996101507 -9999 -9999 -9999 0.0
C0G660 1996101508 -9999 -9999 -9999 0.0
C0G660 1996101509 -9999 -9999 -9999 0.0
C0G660 1996101510 -9999 -9999 -9999 0.0
C0G660 1996101511 -9999 -9999 -9999 0.0
C0G660 1996101512 -9999 -9999 -9999 0.0
C0G660 1996101513 -9999 -9999 -9999 0.0
C0G660 1996101514 -9999 -9999 -9999 0.0
C0G660 1996101515 -9999 -9999 -9999 0.0
C0G660 1996101516 -9999 -9999 -9999 0.0
C0G660 1996101517 -9999 -9999 -9999 0.0
C0G660 1996101518 -9999 -9999 -9999 0.0
C0G660 1996101519 -9999 -9999 -9999 0.0
C0G660 1996101520 -9999 -9999 -9999 0.0
C0G660 1996101521 -9999 -9999 -9999 0.0
C0G660 1996101522 -9999 -9999 -9999 0.0
C0G660 1996101523 -9999 -9999 -9999 0.0
C0G660 1996101524 -9999 -9999 -9999 0.0
C0G660 1996101601 -9999 -9999 -9999 0.0
C0G660 1996101602 -9999 -9999 -9999 0.0
C0G660 1996101603 -9999 -9999 -9999 0.0
C0G660 1996101604 -9999 -9999 -9999 0.0
C0G660 1996101605 -9999 -9999 -9999 0.0
C0G660 1996101606 -9999 -9999 -9999 0.0
C0G660 1996101607 -9999 -9999 -9999 0.0
C0G660 1996101608 -9999 -9999 -9999 0.0
C0G660 1996101609 -9999 -9999 -9999 0.0
C0G660 1996101610 -9999 -9999 -9999 0.0
C0G660 1996101611 -9999 -9999 -9999 0.0
C0G660 1996101612 -9999 -9999 -9999 0.0
C0G660 1996101613 -9999 -9999 -9999 0.0
C0G660 1996101614 -9999 -9999 -9999 0.0
C0G660 1996101615 -9999 -9999 -9999 0.0
C0G660 1996101616 -9999 -9999 -9999 0.0
C0G660 1996101617 -9999 -9999 -9999 0.0
C0G660 1996101618 -9999 -9999 -9999 0.0
C0G660 1996101619 -9999 -9999 -9999 0.0
C0G660 1996101620 -9999 -9999 -9999 0.0
C0G660 1996101621 -9999 -9999 -9999 0.0
C0G660 1996101622 -9999 -9999 -9999 0.0
C0G660 1996101623 -9999 -9999 -9999 0.0
C0G660 1996101624 -9999 -9999 -9999 0.0
C0G660 1996101701 -9999 -9999 -9999 0.0
C0G660 1996101702 -9999 -9999 -9999 0.0
C0G660 1996101703 -9999 -9999 -9999 0.0
C0G660 1996101704 -9999 -9999 -9999 0.0
C0G660 1996101705 -9999 -9999 -9999 0.0
C0G660 1996101706 -9999 -9999 -9999 0.0
C0G660 1996101707 -9999 -9999 -9999 0.0
C0G660 1996101708 -9999 -9999 -9999 0.0
C0G660 1996101709 -9999 -9999 -9999 0.0
C0G660 1996101710 -9999 -9999 -9999 0.0
C0G660 1996101711 -9999 -9999 -9999 0.0
C0G660 1996101712 -9999 -9999 -9999 0.0
C0G660 1996101713 -9999 -9999 -9999 0.0
C0G660 1996101714 -9999 -9999 -9999 0.0
C0G660 1996101715 -9999 -9999 -9999 0.0
C0G660 1996101716 -9999 -9999 -9999 0.0
C0G660 1996101717 -9999 -9999 -9999 0.0
C0G660 1996101718 -9999 -9999 -9999 0.0
C0G660 1996101719 -9999 -9999 -9999 0.0
C0G660 1996101720 -9999 -9999 -9999 -9996
C0G660 1996101721 -9999 -9999 -9999 -9996
C0G660 1996101722 -9999 -9999 -9999 -9996
C0G660 1996101723 -9999 -9999 -9999 -9996
C0G660 1996101724 -9999 -9999 -9999 -9996
C0G660 1996101801 -9999 -9999 -9999 0.0
C0G660 1996101802 -9999 -9999 -9999 0.0
C0G660 1996101803 -9999 -9999 -9999 0.0
C0G660 1996101804 -9999 -9999 -9999 0.0
C0G660 1996101805 -9999 -9999 -9999 0.0
C0G660 1996101806 -9999 -9999 -9999 0.0
C0G660 1996101807 -9999 -9999 -9999 0.0
C0G660 1996101808 -9999 -9999 -9999 0.0
C0G660 1996101809 -9999 -9999 -9999 0.0
C0G660 1996101810 -9999 -9999 -9999 0.0
C0G660 1996101811 -9999 -9999 -9999 0.0
C0G660 1996101812 -9999 -9999 -9999 0.0
C0G660 1996101813 -9999 -9999 -9999 0.0
C0G660 1996101814 -9999 -9999 -9999 0.0
C0G660 1996101815 -9999 -9999 -9999 0.0
C0G660 1996101816 -9999 -9999 -9999 0.0
C0G660 1996101817 -9999 -9999 -9999 0.0
C0G660 1996101818 -9999 -9999 -9999 0.0
C0G660 1996101819 -9999 -9999 -9999 0.0
C0G660 1996101820 -9999 -9999 -9999 0.0
C0G660 1996101821 -9999 -9999 -9999 0.0
C0G660 1996101822 -9999 -9999 -9999 0.0
C0G660 1996101823 -9999 -9999 -9999 0.0
C0G660 1996101824 -9999 -9999 -9999 0.0
C0G660 1996101901 -9999 -9999 -9999 0.0
C0G660 1996101902 -9999 -9999 -9999 0.0
C0G660 1996101903 -9999 -9999 -9999 0.0
C0G660 1996101904 -9999 -9999 -9999 0.0
C0G660 1996101905 -9999 -9999 -9999 0.0
C0G660 1996101906 -9999 -9999 -9999 0.0
C0G660 1996101907 -9999 -9999 -9999 0.0
C0G660 1996101908 -9999 -9999 -9999 0.0
C0G660 1996101909 -9999 -9999 -9999 0.0
C0G660 1996101910 -9999 -9999 -9999 0.0
C0G660 1996101911 -9999 -9999 -9999 0.0
C0G660 1996101912 -9999 -9999 -9999 0.0
C0G660 1996101913 -9999 -9999 -9999 0.0
C0G660 1996101914 -9999 -9999 -9999 0.0
C0G660 1996101915 -9999 -9999 -9999 -9996
C0G660 1996101916 -9999 -9999 -9999 -9996
C0G660 1996101917 -9999 -9999 -9999 -9996
C0G660 1996101918 -9999 -9999 -9999 -9996
C0G660 1996101919 -9999 -9999 -9999 0.5
C0G660 1996101920 -9999 -9999 -9999 -9996
C0G660 1996101921 -9999 -9999 -9999 0.5
C0G660 1996101922 -9999 -9999 -9999 -9996
C0G660 1996101923 -9999 -9999 -9999 -9996
C0G660 1996101924 -9999 -9999 -9999 -9996
C0G660 1996102001 -9999 -9999 -9999 0.5
C0G660 1996102002 -9999 -9999 -9999 1.0
C0G660 1996102003 -9999 -9999 -9999 0.5
C0G660 1996102004 -9999 -9999 -9999 -9996
C0G660 1996102005 -9999 -9999 -9999 0.5
C0G660 1996102006 -9999 -9999 -9999 -9996
C0G660 1996102007 -9999 -9999 -9999 -9996
C0G660 1996102008 -9999 -9999 -9999 -9996
C0G660 1996102009 -9999 -9999 -9999 -9996
C0G660 1996102010 -9999 -9999 -9999 -9996
C0G660 1996102011 -9999 -9999 -9999 -9996
C0G660 1996102012 -9999 -9999 -9999 -9996
C0G660 1996102013 -9999 -9999 -9999 -9996
C0G660 1996102014 -9999 -9999 -9999 -9996
C0G660 1996102015 -9999 -9999 -9999 -9996
C0G660 1996102016 -9999 -9999 -9999 -9996
C0G660 1996102017 -9999 -9999 -9999 -9996
C0G660 1996102018 -9999 -9999 -9999 -9996
C0G660 1996102019 -9999 -9999 -9999 -9996
C0G660 1996102020 -9999 -9999 -9999 0.5
C0G660 1996102021 -9999 -9999 -9999 0.0
C0G660 1996102022 -9999 -9999 -9999 0.0
C0G660 1996102023 -9999 -9999 -9999 0.0
C0G660 1996102024 -9999 -9999 -9999 0.0
C0G660 1996102101 -9999 -9999 -9999 0.0
C0G660 1996102102 -9999 -9999 -9999 0.0
C0G660 1996102103 -9999 -9999 -9999 0.0
C0G660 1996102104 -9999 -9999 -9999 0.0
C0G660 1996102105 -9999 -9999 -9999 0.0
C0G660 1996102106 -9999 -9999 -9999 0.0
C0G660 1996102107 -9999 -9999 -9999 0.0
C0G660 1996102108 -9999 -9999 -9999 0.0
C0G660 1996102109 -9999 -9999 -9999 0.0
C0G660 1996102110 -9999 -9999 -9999 0.0
C0G660 1996102111 -9999 -9999 -9999 0.0
C0G660 1996102112 -9999 -9999 -9999 0.0
C0G660 1996102113 -9999 -9999 -9999 0.0
C0G660 1996102114 -9999 -9999 -9999 0.0
C0G660 1996102115 -9999 -9999 -9999 0.0
C0G660 1996102116 -9999 -9999 -9999 0.0
C0G660 1996102117 -9999 -9999 -9999 0.0
C0G660 1996102118 -9999 -9999 -9999 0.0
C0G660 1996102119 -9999 -9999 -9999 0.0
C0G660 1996102120 -9999 -9999 -9999 0.0
C0G660 1996102121 -9999 -9999 -9999 0.0
C0G660 1996102122 -9999 -9999 -9999 0.0
C0G660 1996102123 -9999 -9999 -9999 0.0
C0G660 1996102124 -9999 -9999 -9999 0.0
C0G660 1996102201 -9999 -9999 -9999 0.0
C0G660 1996102202 -9999 -9999 -9999 0.0
C0G660 1996102203 -9999 -9999 -9999 0.0
C0G660 1996102204 -9999 -9999 -9999 0.0
C0G660 1996102205 -9999 -9999 -9999 0.0
C0G660 1996102206 -9999 -9999 -9999 0.0
C0G660 1996102207 -9999 -9999 -9999 0.0
C0G660 1996102208 -9999 -9999 -9999 0.0
C0G660 1996102209 -9999 -9999 -9999 0.0
C0G660 1996102210 -9999 -9999 -9999 0.0
C0G660 1996102211 -9999 -9999 -9999 0.0
C0G660 1996102212 -9999 -9999 -9999 0.0
C0G660 1996102213 -9999 -9999 -9999 0.0
C0G660 1996102214 -9999 -9999 -9999 0.0
C0G660 1996102215 -9999 -9999 -9999 0.0
C0G660 1996102216 -9999 -9999 -9999 0.0
C0G660 1996102217 -9999 -9999 -9999 0.0
C0G660 1996102218 -9999 -9999 -9999 0.0
C0G660 1996102219 -9999 -9999 -9999 0.0
C0G660 1996102220 -9999 -9999 -9999 0.0
C0G660 1996102221 -9999 -9999 -9999 0.0
C0G660 1996102222 -9999 -9999 -9999 0.0
C0G660 1996102223 -9999 -9999 -9999 0.0
C0G660 1996102224 -9999 -9999 -9999 0.0
C0G660 1996102301 -9999 -9999 -9999 0.0
C0G660 1996102302 -9999 -9999 -9999 0.0
C0G660 1996102303 -9999 -9999 -9999 0.0
C0G660 1996102304 -9999 -9999 -9999 0.0
C0G660 1996102305 -9999 -9999 -9999 0.0
C0G660 1996102306 -9999 -9999 -9999 0.0
C0G660 1996102307 -9999 -9999 -9999 0.0
C0G660 1996102308 -9999 -9999 -9999 0.0
C0G660 1996102309 -9999 -9999 -9999 0.0
C0G660 1996102310 -9999 -9999 -9999 0.0
C0G660 1996102311 -9999 -9999 -9999 0.0
C0G660 1996102312 -9999 -9999 -9999 0.0
C0G660 1996102313 -9999 -9999 -9999 0.0
C0G660 1996102314 -9999 -9999 -9999 0.0
C0G660 1996102315 -9999 -9999 -9999 0.0
C0G660 1996102316 -9999 -9999 -9999 0.0
C0G660 1996102317 -9999 -9999 -9999 0.0
C0G660 1996102318 -9999 -9999 -9999 0.0
C0G660 1996102319 -9999 -9999 -9999 0.0
C0G660 1996102320 -9999 -9999 -9999 0.0
C0G660 1996102321 -9999 -9999 -9999 0.0
C0G660 1996102322 -9999 -9999 -9999 0.0
C0G660 1996102323 -9999 -9999 -9999 0.0
C0G660 1996102324 -9999 -9999 -9999 0.0
C0G660 1996102401 -9999 -9999 -9999 0.0
C0G660 1996102402 -9999 -9999 -9999 0.0
C0G660 1996102403 -9999 -9999 -9999 0.0
C0G660 1996102404 -9999 -9999 -9999 0.0
C0G660 1996102405 -9999 -9999 -9999 0.0
C0G660 1996102406 -9999 -9999 -9999 0.0
C0G660 1996102407 -9999 -9999 -9999 0.0
C0G660 1996102408 -9999 -9999 -9999 0.0
C0G660 1996102409 -9999 -9999 -9999 0.0
C0G660 1996102410 -9999 -9999 -9999 0.0
C0G660 1996102411 -9999 -9999 -9999 0.0
C0G660 1996102412 -9999 -9999 -9999 0.0
C0G660 1996102413 -9999 -9999 -9999 0.0
C0G660 1996102414 -9999 -9999 -9999 0.0
C0G660 1996102415 -9999 -9999 -9999 0.0
C0G660 1996102416 -9999 -9999 -9999 0.0
C0G660 1996102417 -9999 -9999 -9999 0.0
C0G660 1996102418 -9999 -9999 -9999 0.0
C0G660 1996102419 -9999 -9999 -9999 0.0
C0G660 1996102420 -9999 -9999 -9999 0.0
C0G660 1996102421 -9999 -9999 -9999 0.0
C0G660 1996102422 -9999 -9999 -9999 0.0
C0G660 1996102423 -9999 -9999 -9999 0.0
C0G660 1996102424 -9999 -9999 -9999 0.0
C0G660 1996102501 -9999 -9999 -9999 0.0
C0G660 1996102502 -9999 -9999 -9999 0.0
C0G660 1996102503 -9999 -9999 -9999 0.0
C0G660 1996102504 -9999 -9999 -9999 0.0
C0G660 1996102505 -9999 -9999 -9999 0.0
C0G660 1996102506 -9999 -9999 -9999 0.0
C0G660 1996102507 -9999 -9999 -9999 0.0
C0G660 1996102508 -9999 -9999 -9999 0.0
C0G660 1996102509 -9999 -9999 -9999 0.0
C0G660 1996102510 -9999 -9999 -9999 0.0
C0G660 1996102511 -9999 -9999 -9999 0.0
C0G660 1996102512 -9999 -9999 -9999 0.0
C0G660 1996102513 -9999 -9999 -9999 0.0
C0G660 1996102514 -9999 -9999 -9999 0.0
C0G660 1996102515 -9999 -9999 -9999 0.0
C0G660 1996102516 -9999 -9999 -9999 0.0
C0G660 1996102517 -9999 -9999 -9999 0.0
C0G660 1996102518 -9999 -9999 -9999 0.0
C0G660 1996102519 -9999 -9999 -9999 0.0
C0G660 1996102520 -9999 -9999 -9999 -9996
C0G660 1996102521 -9999 -9999 -9999 -9996
C0G660 1996102522 -9999 -9999 -9999 -9996
C0G660 1996102523 -9999 -9999 -9999 -9996
C0G660 1996102524 -9999 -9999 -9999 -9996
C0G660 1996102601 -9999 -9999 -9999 0.0
C0G660 1996102602 -9999 -9999 -9999 0.0
C0G660 1996102603 -9999 -9999 -9999 0.0
C0G660 1996102604 -9999 -9999 -9999 0.0
C0G660 1996102605 -9999 -9999 -9999 0.0
C0G660 1996102606 -9999 -9999 -9999 0.0
C0G660 1996102607 -9999 -9999 -9999 0.0
C0G660 1996102608 -9999 -9999 -9999 0.0
C0G660 1996102609 -9999 -9999 -9999 0.0
C0G660 1996102610 -9999 -9999 -9999 0.0
C0G660 1996102611 -9999 -9999 -9999 0.0
C0G660 1996102612 -9999 -9999 -9999 0.0
C0G660 1996102613 -9999 -9999 -9999 0.0
C0G660 1996102614 -9999 -9999 -9999 0.0
C0G660 1996102615 -9999 -9999 -9999 0.0
C0G660 1996102616 -9999 -9999 -9999 0.0
C0G660 1996102617 -9999 -9999 -9999 0.0
C0G660 1996102618 -9999 -9999 -9999 0.0
C0G660 1996102619 -9999 -9999 -9999 0.0
C0G660 1996102620 -9999 -9999 -9999 0.0
C0G660 1996102621 -9999 -9999 -9999 0.0
C0G660 1996102622 -9999 -9999 -9999 0.0
C0G660 1996102623 -9999 -9999 -9999 0.0
C0G660 1996102624 -9999 -9999 -9999 0.0
C0G660 1996102701 -9999 -9999 -9999 0.0
C0G660 1996102702 -9999 -9999 -9999 0.0
C0G660 1996102703 -9999 -9999 -9999 0.0
C0G660 1996102704 -9999 -9999 -9999 0.0
C0G660 1996102705 -9999 -9999 -9999 0.0
C0G660 1996102706 -9999 -9999 -9999 0.0
C0G660 1996102707 -9999 -9999 -9999 0.0
C0G660 1996102708 -9999 -9999 -9999 0.0
C0G660 1996102709 -9999 -9999 -9999 0.0
C0G660 1996102710 -9999 -9999 -9999 0.0
C0G660 1996102711 -9999 -9999 -9999 0.0
C0G660 1996102712 -9999 -9999 -9999 0.0
C0G660 1996102713 -9999 -9999 -9999 0.0
C0G660 1996102714 -9999 -9999 -9999 0.0
C0G660 1996102715 -9999 -9999 -9999 0.0
C0G660 1996102716 -9999 -9999 -9999 0.0
C0G660 1996102717 -9999 -9999 -9999 0.0
C0G660 1996102718 -9999 -9999 -9999 0.0
C0G660 1996102719 -9999 -9999 -9999 0.0
C0G660 1996102720 -9999 -9999 -9999 0.0
C0G660 1996102721 -9999 -9999 -9999 0.0
C0G660 1996102722 -9999 -9999 -9999 0.0
C0G660 1996102723 -9999 -9999 -9999 0.0
C0G660 1996102724 -9999 -9999 -9999 0.0
C0G660 1996102801 -9999 -9999 -9999 0.0
C0G660 1996102802 -9999 -9999 -9999 0.0
C0G660 1996102803 -9999 -9999 -9999 0.0
C0G660 1996102804 -9999 -9999 -9999 0.0
C0G660 1996102805 -9999 -9999 -9999 0.0
C0G660 1996102806 -9999 -9999 -9999 0.0
C0G660 1996102807 -9999 -9999 -9999 0.0
C0G660 1996102808 -9999 -9999 -9999 0.0
C0G660 1996102809 -9999 -9999 -9999 0.0
C0G660 1996102810 -9999 -9999 -9999 0.0
C0G660 1996102811 -9999 -9999 -9999 0.0
C0G660 1996102812 -9999 -9999 -9999 0.0
C0G660 1996102813 -9999 -9999 -9999 0.0
C0G660 1996102814 -9999 -9999 -9999 0.0
C0G660 1996102815 -9999 -9999 -9999 0.0
C0G660 1996102816 -9999 -9999 -9999 0.0
C0G660 1996102817 -9999 -9999 -9999 0.0
C0G660 1996102818 -9999 -9999 -9999 0.0
C0G660 1996102819 -9999 -9999 -9999 0.0
C0G660 1996102820 -9999 -9999 -9999 0.0
C0G660 1996102821 -9999 -9999 -9999 0.0
C0G660 1996102822 -9999 -9999 -9999 0.0
C0G660 1996102823 -9999 -9999 -9999 0.0
C0G660 1996102824 -9999 -9999 -9999 0.0
C0G660 1996102901 -9999 -9999 -9999 0.0
C0G660 1996102902 -9999 -9999 -9999 0.0
C0G660 1996102903 -9999 -9999 -9999 0.0
C0G660 1996102904 -9999 -9999 -9999 0.0
C0G660 1996102905 -9999 -9999 -9999 0.0
C0G660 1996102906 -9999 -9999 -9999 0.0
C0G660 1996102907 -9999 -9999 -9999 0.0
C0G660 1996102908 -9999 -9999 -9999 0.0
C0G660 1996102909 -9999 -9999 -9999 0.0
C0G660 1996102910 -9999 -9999 -9999 0.0
C0G660 1996102911 -9999 -9999 -9999 0.0
C0G660 1996102912 -9999 -9999 -9999 0.0
C0G660 1996102913 -9999 -9999 -9999 0.0
C0G660 1996102914 -9999 -9999 -9999 0.0
C0G660 1996102915 -9999 -9999 -9999 0.0
C0G660 1996102916 -9999 -9999 -9999 0.0
C0G660 1996102917 -9999 -9999 -9999 0.0
C0G660 1996102918 -9999 -9999 -9999 0.0
C0G660 1996102919 -9999 -9999 -9999 0.0
C0G660 1996102920 -9999 -9999 -9999 0.0
C0G660 1996102921 -9999 -9999 -9999 0.0
C0G660 1996102922 -9999 -9999 -9999 0.0
C0G660 1996102923 -9999 -9999 -9999 0.0
C0G660 1996102924 -9999 -9999 -9999 0.0
C0G660 1996103001 -9999 -9999 -9999 0.0
C0G660 1996103002 -9999 -9999 -9999 0.0
C0G660 1996103003 -9999 -9999 -9999 0.0
C0G660 1996103004 -9999 -9999 -9999 0.0
C0G660 1996103005 -9999 -9999 -9999 0.0
C0G660 1996103006 -9999 -9999 -9999 0.0
C0G660 1996103007 -9999 -9999 -9999 0.0
C0G660 1996103008 -9999 -9999 -9999 0.0
C0G660 1996103009 -9999 -9999 -9999 0.0
C0G660 1996103010 -9999 -9999 -9999 0.0
C0G660 1996103011 -9999 -9999 -9999 0.0
C0G660 1996103012 -9999 -9999 -9999 0.0
C0G660 1996103013 -9999 -9999 -9999 0.0
C0G660 1996103014 -9999 -9999 -9999 0.0
C0G660 1996103015 -9999 -9999 -9999 0.0
C0G660 1996103016 -9999 -9999 -9999 0.0
C0G660 1996103017 -9999 -9999 -9999 0.0
C0G660 1996103018 -9999 -9999 -9999 0.0
C0G660 1996103019 -9999 -9999 -9999 0.0
C0G660 1996103020 -9999 -9999 -9999 0.0
C0G660 1996103021 -9999 -9999 -9999 0.0
C0G660 1996103022 -9999 -9999 -9999 0.0
C0G660 1996103023 -9999 -9999 -9999 0.0
C0G660 1996103024 -9999 -9999 -9999 0.0
C0G660 1996103101 -9999 -9999 -9999 0.0
C0G660 1996103102 -9999 -9999 -9999 0.0
C0G660 1996103103 -9999 -9999 -9999 0.0
C0G660 1996103104 -9999 -9999 -9999 0.0
C0G660 1996103105 -9999 -9999 -9999 0.0
C0G660 1996103106 -9999 -9999 -9999 0.0
C0G660 1996103107 -9999 -9999 -9999 0.0
C0G660 1996103108 -9999 -9999 -9999 0.0
C0G660 1996103109 -9999 -9999 -9999 0.0
C0G660 1996103110 -9999 -9999 -9999 0.0
C0G660 1996103111 -9999 -9999 -9999 0.0
C0G660 1996103112 -9999 -9999 -9999 0.0
C0G660 1996103113 -9999 -9999 -9999 0.0
C0G660 1996103114 -9999 -9999 -9999 0.0
C0G660 1996103115 -9999 -9999 -9999 0.0
C0G660 1996103116 -9999 -9999 -9999 0.0
C0G660 1996103117 -9999 -9999 -9999 0.0
C0G660 1996103118 -9999 -9999 -9999 0.0
C0G660 1996103119 -9999 -9999 -9999 0.0
C0G660 1996103120 -9999 -9999 -9999 -9996
C0G660 1996103121 -9999 -9999 -9999 -9996
C0G660 1996103122 -9999 -9999 -9999 -9996
C0G660 1996103123 -9999 -9999 -9999 -9996
C0G660 1996103124 -9999 -9999 -9999 -9996
