C0G620 1996020101 -9999 -9999 -9999 0.0
C0G620 1996020102 -9999 -9999 -9999 0.0
C0G620 1996020103 -9999 -9999 -9999 0.0
C0G620 1996020104 -9999 -9999 -9999 0.0
C0G620 1996020105 -9999 -9999 -9999 0.0
C0G620 1996020106 -9999 -9999 -9999 0.0
C0G620 1996020107 -9999 -9999 -9999 0.0
C0G620 1996020108 -9999 -9999 -9999 0.0
C0G620 1996020109 -9999 -9999 -9999 0.0
C0G620 1996020110 -9999 -9999 -9999 0.0
C0G620 1996020111 -9999 -9999 -9999 0.0
C0G620 1996020112 -9999 -9999 -9999 0.0
C0G620 1996020113 -9999 -9999 -9999 0.0
C0G620 1996020114 -9999 -9999 -9999 0.0
C0G620 1996020115 -9999 -9999 -9999 0.0
C0G620 1996020116 -9999 -9999 -9999 0.0
C0G620 1996020117 -9999 -9999 -9999 0.0
C0G620 1996020118 -9999 -9999 -9999 0.0
C0G620 1996020119 -9999 -9999 -9999 0.0
C0G620 1996020120 -9999 -9999 -9999 0.0
C0G620 1996020121 -9999 -9999 -9999 0.0
C0G620 1996020122 -9999 -9999 -9999 0.0
C0G620 1996020123 -9999 -9999 -9999 0.0
C0G620 1996020124 -9999 -9999 -9999 0.0
C0G620 1996020201 -9999 -9999 -9999 0.0
C0G620 1996020202 -9999 -9999 -9999 0.0
C0G620 1996020203 -9999 -9999 -9999 0.0
C0G620 1996020204 -9999 -9999 -9999 0.0
C0G620 1996020205 -9999 -9999 -9999 0.0
C0G620 1996020206 -9999 -9999 -9999 0.0
C0G620 1996020207 -9999 -9999 -9999 0.0
C0G620 1996020208 -9999 -9999 -9999 0.0
C0G620 1996020209 -9999 -9999 -9999 0.0
C0G620 1996020210 -9999 -9999 -9999 0.0
C0G620 1996020211 -9999 -9999 -9999 0.0
C0G620 1996020212 -9999 -9999 -9999 0.0
C0G620 1996020213 -9999 -9999 -9999 0.0
C0G620 1996020214 -9999 -9999 -9999 0.0
C0G620 1996020215 -9999 -9999 -9999 0.0
C0G620 1996020216 -9999 -9999 -9999 0.0
C0G620 1996020217 -9999 -9999 -9999 0.0
C0G620 1996020218 -9999 -9999 -9999 0.0
C0G620 1996020219 -9999 -9999 -9999 0.0
C0G620 1996020220 -9999 -9999 -9999 0.0
C0G620 1996020221 -9999 -9999 -9999 0.0
C0G620 1996020222 -9999 -9999 -9999 0.0
C0G620 1996020223 -9999 -9999 -9999 0.0
C0G620 1996020224 -9999 -9999 -9999 0.0
C0G620 1996020301 -9999 -9999 -9999 0.0
C0G620 1996020302 -9999 -9999 -9999 0.0
C0G620 1996020303 -9999 -9999 -9999 0.0
C0G620 1996020304 -9999 -9999 -9999 0.0
C0G620 1996020305 -9999 -9999 -9999 0.0
C0G620 1996020306 -9999 -9999 -9999 0.0
C0G620 1996020307 -9999 -9999 -9999 0.0
C0G620 1996020308 -9999 -9999 -9999 0.0
C0G620 1996020309 -9999 -9999 -9999 0.0
C0G620 1996020310 -9999 -9999 -9999 0.0
C0G620 1996020311 -9999 -9999 -9999 0.0
C0G620 1996020312 -9999 -9999 -9999 0.0
C0G620 1996020313 -9999 -9999 -9999 0.0
C0G620 1996020314 -9999 -9999 -9999 0.0
C0G620 1996020315 -9999 -9999 -9999 0.0
C0G620 1996020316 -9999 -9999 -9999 0.0
C0G620 1996020317 -9999 -9999 -9999 0.0
C0G620 1996020318 -9999 -9999 -9999 0.0
C0G620 1996020319 -9999 -9999 -9999 0.0
C0G620 1996020320 -9999 -9999 -9999 0.0
C0G620 1996020321 -9999 -9999 -9999 0.0
C0G620 1996020322 -9999 -9999 -9999 0.0
C0G620 1996020323 -9999 -9999 -9999 0.0
C0G620 1996020324 -9999 -9999 -9999 0.0
C0G620 1996020401 -9999 -9999 -9999 0.0
C0G620 1996020402 -9999 -9999 -9999 0.0
C0G620 1996020403 -9999 -9999 -9999 0.0
C0G620 1996020404 -9999 -9999 -9999 0.0
C0G620 1996020405 -9999 -9999 -9999 0.0
C0G620 1996020406 -9999 -9999 -9999 0.0
C0G620 1996020407 -9999 -9999 -9999 0.0
C0G620 1996020408 -9999 -9999 -9999 0.0
C0G620 1996020409 -9999 -9999 -9999 0.0
C0G620 1996020410 -9999 -9999 -9999 0.0
C0G620 1996020411 -9999 -9999 -9999 0.0
C0G620 1996020412 -9999 -9999 -9999 0.0
C0G620 1996020413 -9999 -9999 -9999 0.0
C0G620 1996020414 -9999 -9999 -9999 0.0
C0G620 1996020415 -9999 -9999 -9999 0.0
C0G620 1996020416 -9999 -9999 -9999 0.0
C0G620 1996020417 -9999 -9999 -9999 0.0
C0G620 1996020418 -9999 -9999 -9999 0.0
C0G620 1996020419 -9999 -9999 -9999 0.0
C0G620 1996020420 -9999 -9999 -9999 -9996
C0G620 1996020421 -9999 -9999 -9999 -9996
C0G620 1996020422 -9999 -9999 -9999 -9996
C0G620 1996020423 -9999 -9999 -9999 -9996
C0G620 1996020424 -9999 -9999 -9999 -9996
C0G620 1996020501 -9999 -9999 -9999 0.0
C0G620 1996020502 -9999 -9999 -9999 0.0
C0G620 1996020503 -9999 -9999 -9999 0.0
C0G620 1996020504 -9999 -9999 -9999 0.0
C0G620 1996020505 -9999 -9999 -9999 0.0
C0G620 1996020506 -9999 -9999 -9999 0.0
C0G620 1996020507 -9999 -9999 -9999 0.0
C0G620 1996020508 -9999 -9999 -9999 0.0
C0G620 1996020509 -9999 -9999 -9999 0.0
C0G620 1996020510 -9999 -9999 -9999 0.0
C0G620 1996020511 -9999 -9999 -9999 0.0
C0G620 1996020512 -9999 -9999 -9999 0.0
C0G620 1996020513 -9999 -9999 -9999 0.0
C0G620 1996020514 -9999 -9999 -9999 0.0
C0G620 1996020515 -9999 -9999 -9999 0.0
C0G620 1996020516 -9999 -9999 -9999 0.0
C0G620 1996020517 -9999 -9999 -9999 0.0
C0G620 1996020518 -9999 -9999 -9999 0.0
C0G620 1996020519 -9999 -9999 -9999 0.0
C0G620 1996020520 -9999 -9999 -9999 -9996
C0G620 1996020521 -9999 -9999 -9999 -9996
C0G620 1996020522 -9999 -9999 -9999 -9996
C0G620 1996020523 -9999 -9999 -9999 -9996
C0G620 1996020524 -9999 -9999 -9999 -9996
C0G620 1996020601 -9999 -9999 -9999 0.0
C0G620 1996020602 -9999 -9999 -9999 0.0
C0G620 1996020603 -9999 -9999 -9999 0.0
C0G620 1996020604 -9999 -9999 -9999 0.0
C0G620 1996020605 -9999 -9999 -9999 0.0
C0G620 1996020606 -9999 -9999 -9999 0.0
C0G620 1996020607 -9999 -9999 -9999 0.0
C0G620 1996020608 -9999 -9999 -9999 0.0
C0G620 1996020609 -9999 -9999 -9999 0.0
C0G620 1996020610 -9999 -9999 -9999 0.0
C0G620 1996020611 -9999 -9999 -9999 0.0
C0G620 1996020612 -9999 -9999 -9999 0.0
C0G620 1996020613 -9999 -9999 -9999 0.0
C0G620 1996020614 -9999 -9999 -9999 0.0
C0G620 1996020615 -9999 -9999 -9999 0.0
C0G620 1996020616 -9999 -9999 -9999 0.0
C0G620 1996020617 -9999 -9999 -9999 0.0
C0G620 1996020618 -9999 -9999 -9999 0.0
C0G620 1996020619 -9999 -9999 -9999 0.0
C0G620 1996020620 -9999 -9999 -9999 -9996
C0G620 1996020621 -9999 -9999 -9999 -9996
C0G620 1996020622 -9999 -9999 -9999 -9996
C0G620 1996020623 -9999 -9999 -9999 -9996
C0G620 1996020624 -9999 -9999 -9999 -9996
C0G620 1996020701 -9999 -9999 -9999 0.0
C0G620 1996020702 -9999 -9999 -9999 0.0
C0G620 1996020703 -9999 -9999 -9999 0.0
C0G620 1996020704 -9999 -9999 -9999 0.0
C0G620 1996020705 -9999 -9999 -9999 0.0
C0G620 1996020706 -9999 -9999 -9999 0.0
C0G620 1996020707 -9999 -9999 -9999 0.0
C0G620 1996020708 -9999 -9999 -9999 0.0
C0G620 1996020709 -9999 -9999 -9999 0.0
C0G620 1996020710 -9999 -9999 -9999 0.0
C0G620 1996020711 -9999 -9999 -9999 0.0
C0G620 1996020712 -9999 -9999 -9999 0.0
C0G620 1996020713 -9999 -9999 -9999 0.0
C0G620 1996020714 -9999 -9999 -9999 0.0
C0G620 1996020715 -9999 -9999 -9999 0.0
C0G620 1996020716 -9999 -9999 -9999 0.0
C0G620 1996020717 -9999 -9999 -9999 0.0
C0G620 1996020718 -9999 -9999 -9999 0.0
C0G620 1996020719 -9999 -9999 -9999 0.0
C0G620 1996020720 -9999 -9999 -9999 0.0
C0G620 1996020721 -9999 -9999 -9999 0.0
C0G620 1996020722 -9999 -9999 -9999 0.0
C0G620 1996020723 -9999 -9999 -9999 0.0
C0G620 1996020724 -9999 -9999 -9999 0.0
C0G620 1996020801 -9999 -9999 -9999 0.0
C0G620 1996020802 -9999 -9999 -9999 0.0
C0G620 1996020803 -9999 -9999 -9999 0.0
C0G620 1996020804 -9999 -9999 -9999 0.0
C0G620 1996020805 -9999 -9999 -9999 0.0
C0G620 1996020806 -9999 -9999 -9999 0.0
C0G620 1996020807 -9999 -9999 -9999 0.0
C0G620 1996020808 -9999 -9999 -9999 0.0
C0G620 1996020809 -9999 -9999 -9999 0.0
C0G620 1996020810 -9999 -9999 -9999 0.0
C0G620 1996020811 -9999 -9999 -9999 1.0
C0G620 1996020812 -9999 -9999 -9999 0.0
C0G620 1996020813 -9999 -9999 -9999 0.0
C0G620 1996020814 -9999 -9999 -9999 0.0
C0G620 1996020815 -9999 -9999 -9999 0.0
C0G620 1996020816 -9999 -9999 -9999 0.0
C0G620 1996020817 -9999 -9999 -9999 0.0
C0G620 1996020818 -9999 -9999 -9999 0.0
C0G620 1996020819 -9999 -9999 -9999 0.0
C0G620 1996020820 -9999 -9999 -9999 0.0
C0G620 1996020821 -9999 -9999 -9999 0.0
C0G620 1996020822 -9999 -9999 -9999 0.0
C0G620 1996020823 -9999 -9999 -9999 0.0
C0G620 1996020824 -9999 -9999 -9999 0.0
C0G620 1996020901 -9999 -9999 -9999 0.0
C0G620 1996020902 -9999 -9999 -9999 0.0
C0G620 1996020903 -9999 -9999 -9999 0.0
C0G620 1996020904 -9999 -9999 -9999 0.0
C0G620 1996020905 -9999 -9999 -9999 0.0
C0G620 1996020906 -9999 -9999 -9999 0.0
C0G620 1996020907 -9999 -9999 -9999 0.0
C0G620 1996020908 -9999 -9999 -9999 0.0
C0G620 1996020909 -9999 -9999 -9999 0.0
C0G620 1996020910 -9999 -9999 -9999 0.0
C0G620 1996020911 -9999 -9999 -9999 0.0
C0G620 1996020912 -9999 -9999 -9999 0.0
C0G620 1996020913 -9999 -9999 -9999 0.0
C0G620 1996020914 -9999 -9999 -9999 0.0
C0G620 1996020915 -9999 -9999 -9999 0.0
C0G620 1996020916 -9999 -9999 -9999 0.0
C0G620 1996020917 -9999 -9999 -9999 0.0
C0G620 1996020918 -9999 -9999 -9999 0.0
C0G620 1996020919 -9999 -9999 -9999 0.0
C0G620 1996020920 -9999 -9999 -9999 0.0
C0G620 1996020921 -9999 -9999 -9999 0.0
C0G620 1996020922 -9999 -9999 -9999 0.0
C0G620 1996020923 -9999 -9999 -9999 0.0
C0G620 1996020924 -9999 -9999 -9999 0.0
C0G620 1996021001 -9999 -9999 -9999 0.0
C0G620 1996021002 -9999 -9999 -9999 0.0
C0G620 1996021003 -9999 -9999 -9999 0.0
C0G620 1996021004 -9999 -9999 -9999 0.0
C0G620 1996021005 -9999 -9999 -9999 0.0
C0G620 1996021006 -9999 -9999 -9999 0.0
C0G620 1996021007 -9999 -9999 -9999 0.0
C0G620 1996021008 -9999 -9999 -9999 0.0
C0G620 1996021009 -9999 -9999 -9999 0.0
C0G620 1996021010 -9999 -9999 -9999 0.0
C0G620 1996021011 -9999 -9999 -9999 0.0
C0G620 1996021012 -9999 -9999 -9999 0.0
C0G620 1996021013 -9999 -9999 -9999 0.0
C0G620 1996021014 -9999 -9999 -9999 0.0
C0G620 1996021015 -9999 -9999 -9999 0.0
C0G620 1996021016 -9999 -9999 -9999 0.0
C0G620 1996021017 -9999 -9999 -9999 0.0
C0G620 1996021018 -9999 -9999 -9999 0.0
C0G620 1996021019 -9999 -9999 -9999 0.0
C0G620 1996021020 -9999 -9999 -9999 0.0
C0G620 1996021021 -9999 -9999 -9999 0.0
C0G620 1996021022 -9999 -9999 -9999 0.0
C0G620 1996021023 -9999 -9999 -9999 0.0
C0G620 1996021024 -9999 -9999 -9999 0.0
C0G620 1996021101 -9999 -9999 -9999 0.0
C0G620 1996021102 -9999 -9999 -9999 0.0
C0G620 1996021103 -9999 -9999 -9999 0.0
C0G620 1996021104 -9999 -9999 -9999 0.0
C0G620 1996021105 -9999 -9999 -9999 0.0
C0G620 1996021106 -9999 -9999 -9999 0.0
C0G620 1996021107 -9999 -9999 -9999 0.0
C0G620 1996021108 -9999 -9999 -9999 0.0
C0G620 1996021109 -9999 -9999 -9999 0.0
C0G620 1996021110 -9999 -9999 -9999 0.0
C0G620 1996021111 -9999 -9999 -9999 0.0
C0G620 1996021112 -9999 -9999 -9999 0.0
C0G620 1996021113 -9999 -9999 -9999 0.0
C0G620 1996021114 -9999 -9999 -9999 0.0
C0G620 1996021115 -9999 -9999 -9999 0.0
C0G620 1996021116 -9999 -9999 -9999 0.0
C0G620 1996021117 -9999 -9999 -9999 0.0
C0G620 1996021118 -9999 -9999 -9999 0.0
C0G620 1996021119 -9999 -9999 -9999 0.0
C0G620 1996021120 -9999 -9999 -9999 0.0
C0G620 1996021121 -9999 -9999 -9999 0.0
C0G620 1996021122 -9999 -9999 -9999 0.0
C0G620 1996021123 -9999 -9999 -9999 0.0
C0G620 1996021124 -9999 -9999 -9999 0.0
C0G620 1996021201 -9999 -9999 -9999 0.0
C0G620 1996021202 -9999 -9999 -9999 0.0
C0G620 1996021203 -9999 -9999 -9999 0.0
C0G620 1996021204 -9999 -9999 -9999 0.0
C0G620 1996021205 -9999 -9999 -9999 0.0
C0G620 1996021206 -9999 -9999 -9999 0.0
C0G620 1996021207 -9999 -9999 -9999 0.0
C0G620 1996021208 -9999 -9999 -9999 0.0
C0G620 1996021209 -9999 -9999 -9999 0.0
C0G620 1996021210 -9999 -9999 -9999 0.0
C0G620 1996021211 -9999 -9999 -9999 0.0
C0G620 1996021212 -9999 -9999 -9999 0.0
C0G620 1996021213 -9999 -9999 -9999 0.0
C0G620 1996021214 -9999 -9999 -9999 0.0
C0G620 1996021215 -9999 -9999 -9999 0.0
C0G620 1996021216 -9999 -9999 -9999 0.0
C0G620 1996021217 -9999 -9999 -9999 0.0
C0G620 1996021218 -9999 -9999 -9999 0.0
C0G620 1996021219 -9999 -9999 -9999 0.0
C0G620 1996021220 -9999 -9999 -9999 -9996
C0G620 1996021221 -9999 -9999 -9999 -9996
C0G620 1996021222 -9999 -9999 -9999 -9996
C0G620 1996021223 -9999 -9999 -9999 -9996
C0G620 1996021224 -9999 -9999 -9999 -9996
C0G620 1996021301 -9999 -9999 -9999 0.0
C0G620 1996021302 -9999 -9999 -9999 0.0
C0G620 1996021303 -9999 -9999 -9999 0.0
C0G620 1996021304 -9999 -9999 -9999 0.0
C0G620 1996021305 -9999 -9999 -9999 0.0
C0G620 1996021306 -9999 -9999 -9999 0.0
C0G620 1996021307 -9999 -9999 -9999 0.0
C0G620 1996021308 -9999 -9999 -9999 0.0
C0G620 1996021309 -9999 -9999 -9999 0.0
C0G620 1996021310 -9999 -9999 -9999 0.0
C0G620 1996021311 -9999 -9999 -9999 0.0
C0G620 1996021312 -9999 -9999 -9999 0.0
C0G620 1996021313 -9999 -9999 -9999 0.0
C0G620 1996021314 -9999 -9999 -9999 0.0
C0G620 1996021315 -9999 -9999 -9999 0.0
C0G620 1996021316 -9999 -9999 -9999 0.0
C0G620 1996021317 -9999 -9999 -9999 0.0
C0G620 1996021318 -9999 -9999 -9999 0.0
C0G620 1996021319 -9999 -9999 -9999 0.0
C0G620 1996021320 -9999 -9999 -9999 -9996
C0G620 1996021321 -9999 -9999 -9999 -9996
C0G620 1996021322 -9999 -9999 -9999 -9996
C0G620 1996021323 -9999 -9999 -9999 -9996
C0G620 1996021324 -9999 -9999 -9999 -9996
C0G620 1996021401 -9999 -9999 -9999 0.0
C0G620 1996021402 -9999 -9999 -9999 0.0
C0G620 1996021403 -9999 -9999 -9999 0.0
C0G620 1996021404 -9999 -9999 -9999 0.0
C0G620 1996021405 -9999 -9999 -9999 0.0
C0G620 1996021406 -9999 -9999 -9999 0.0
C0G620 1996021407 -9999 -9999 -9999 0.0
C0G620 1996021408 -9999 -9999 -9999 0.0
C0G620 1996021409 -9999 -9999 -9999 0.0
C0G620 1996021410 -9999 -9999 -9999 0.0
C0G620 1996021411 -9999 -9999 -9999 0.0
C0G620 1996021412 -9999 -9999 -9999 0.0
C0G620 1996021413 -9999 -9999 -9999 0.0
C0G620 1996021414 -9999 -9999 -9999 0.0
C0G620 1996021415 -9999 -9999 -9999 0.0
C0G620 1996021416 -9999 -9999 -9999 0.0
C0G620 1996021417 -9999 -9999 -9999 0.0
C0G620 1996021418 -9999 -9999 -9999 0.0
C0G620 1996021419 -9999 -9999 -9999 0.0
C0G620 1996021420 -9999 -9999 -9999 -9996
C0G620 1996021421 -9999 -9999 -9999 -9996
C0G620 1996021422 -9999 -9999 -9999 -9996
C0G620 1996021423 -9999 -9999 -9999 -9996
C0G620 1996021424 -9999 -9999 -9999 -9996
C0G620 1996021501 -9999 -9999 -9999 0.0
C0G620 1996021502 -9999 -9999 -9999 0.0
C0G620 1996021503 -9999 -9999 -9999 0.0
C0G620 1996021504 -9999 -9999 -9999 0.0
C0G620 1996021505 -9999 -9999 -9999 0.0
C0G620 1996021506 -9999 -9999 -9999 0.0
C0G620 1996021507 -9999 -9999 -9999 0.0
C0G620 1996021508 -9999 -9999 -9999 0.0
C0G620 1996021509 -9999 -9999 -9999 0.0
C0G620 1996021510 -9999 -9999 -9999 0.0
C0G620 1996021511 -9999 -9999 -9999 0.0
C0G620 1996021512 -9999 -9999 -9999 0.0
C0G620 1996021513 -9999 -9999 -9999 0.0
C0G620 1996021514 -9999 -9999 -9999 0.0
C0G620 1996021515 -9999 -9999 -9999 0.0
C0G620 1996021516 -9999 -9999 -9999 0.0
C0G620 1996021517 -9999 -9999 -9999 0.0
C0G620 1996021518 -9999 -9999 -9999 0.0
C0G620 1996021519 -9999 -9999 -9999 0.0
C0G620 1996021520 -9999 -9999 -9999 0.0
C0G620 1996021521 -9999 -9999 -9999 0.0
C0G620 1996021522 -9999 -9999 -9999 0.0
C0G620 1996021523 -9999 -9999 -9999 0.0
C0G620 1996021524 -9999 -9999 -9999 0.0
C0G620 1996021601 -9999 -9999 -9999 0.0
C0G620 1996021602 -9999 -9999 -9999 0.0
C0G620 1996021603 -9999 -9999 -9999 0.0
C0G620 1996021604 -9999 -9999 -9999 0.0
C0G620 1996021605 -9999 -9999 -9999 0.0
C0G620 1996021606 -9999 -9999 -9999 0.0
C0G620 1996021607 -9999 -9999 -9999 0.0
C0G620 1996021608 -9999 -9999 -9999 0.0
C0G620 1996021609 -9999 -9999 -9999 0.0
C0G620 1996021610 -9999 -9999 -9999 0.0
C0G620 1996021611 -9999 -9999 -9999 0.0
C0G620 1996021612 -9999 -9999 -9999 0.0
C0G620 1996021613 -9999 -9999 -9999 0.0
C0G620 1996021614 -9999 -9999 -9999 0.0
C0G620 1996021615 -9999 -9999 -9999 0.0
C0G620 1996021616 -9999 -9999 -9999 0.0
C0G620 1996021617 -9999 -9999 -9999 0.0
C0G620 1996021618 -9999 -9999 -9999 0.0
C0G620 1996021619 -9999 -9999 -9999 0.0
C0G620 1996021620 -9999 -9999 -9999 0.0
C0G620 1996021621 -9999 -9999 -9999 0.0
C0G620 1996021622 -9999 -9999 -9999 0.0
C0G620 1996021623 -9999 -9999 -9999 0.0
C0G620 1996021624 -9999 -9999 -9999 0.0
C0G620 1996021701 -9999 -9999 -9999 0.0
C0G620 1996021702 -9999 -9999 -9999 0.0
C0G620 1996021703 -9999 -9999 -9999 0.0
C0G620 1996021704 -9999 -9999 -9999 0.0
C0G620 1996021705 -9999 -9999 -9999 0.0
C0G620 1996021706 -9999 -9999 -9999 0.0
C0G620 1996021707 -9999 -9999 -9999 0.0
C0G620 1996021708 -9999 -9999 -9999 0.0
C0G620 1996021709 -9999 -9999 -9999 0.0
C0G620 1996021710 -9999 -9999 -9999 0.0
C0G620 1996021711 -9999 -9999 -9999 0.0
C0G620 1996021712 -9999 -9999 -9999 0.0
C0G620 1996021713 -9999 -9999 -9999 0.0
C0G620 1996021714 -9999 -9999 -9999 0.0
C0G620 1996021715 -9999 -9999 -9999 0.0
C0G620 1996021716 -9999 -9999 -9999 0.0
C0G620 1996021717 -9999 -9999 -9999 0.0
C0G620 1996021718 -9999 -9999 -9999 0.0
C0G620 1996021719 -9999 -9999 -9999 0.0
C0G620 1996021720 -9999 -9999 -9999 0.0
C0G620 1996021721 -9999 -9999 -9999 0.0
C0G620 1996021722 -9999 -9999 -9999 0.0
C0G620 1996021723 -9999 -9999 -9999 0.0
C0G620 1996021724 -9999 -9999 -9999 0.0
C0G620 1996021801 -9999 -9999 -9999 0.0
C0G620 1996021802 -9999 -9999 -9999 0.0
C0G620 1996021803 -9999 -9999 -9999 0.0
C0G620 1996021804 -9999 -9999 -9999 0.0
C0G620 1996021805 -9999 -9999 -9999 0.0
C0G620 1996021806 -9999 -9999 -9999 0.0
C0G620 1996021807 -9999 -9999 -9999 0.0
C0G620 1996021808 -9999 -9999 -9999 0.0
C0G620 1996021809 -9999 -9999 -9999 0.0
C0G620 1996021810 -9999 -9999 -9999 0.0
C0G620 1996021811 -9999 -9999 -9999 0.0
C0G620 1996021812 -9999 -9999 -9999 0.0
C0G620 1996021813 -9999 -9999 -9999 0.0
C0G620 1996021814 -9999 -9999 -9999 0.5
C0G620 1996021815 -9999 -9999 -9999 0.5
C0G620 1996021816 -9999 -9999 -9999 0.0
C0G620 1996021817 -9999 -9999 -9999 0.0
C0G620 1996021818 -9999 -9999 -9999 0.0
C0G620 1996021819 -9999 -9999 -9999 0.0
C0G620 1996021820 -9999 -9999 -9999 0.0
C0G620 1996021821 -9999 -9999 -9999 0.0
C0G620 1996021822 -9999 -9999 -9999 0.0
C0G620 1996021823 -9999 -9999 -9999 0.0
C0G620 1996021824 -9999 -9999 -9999 0.0
C0G620 1996021901 -9999 -9999 -9999 0.0
C0G620 1996021902 -9999 -9999 -9999 0.0
C0G620 1996021903 -9999 -9999 -9999 0.5
C0G620 1996021904 -9999 -9999 -9999 1.5
C0G620 1996021905 -9999 -9999 -9999 0.5
C0G620 1996021906 -9999 -9999 -9999 1.5
C0G620 1996021907 -9999 -9999 -9999 0.5
C0G620 1996021908 -9999 -9999 -9999 -9996
C0G620 1996021909 -9999 -9999 -9999 -9996
C0G620 1996021910 -9999 -9999 -9999 0.5
C0G620 1996021911 -9999 -9999 -9999 0.0
C0G620 1996021912 -9999 -9999 -9999 0.0
C0G620 1996021913 -9999 -9999 -9999 0.0
C0G620 1996021914 -9999 -9999 -9999 0.0
C0G620 1996021915 -9999 -9999 -9999 0.0
C0G620 1996021916 -9999 -9999 -9999 0.0
C0G620 1996021917 -9999 -9999 -9999 0.0
C0G620 1996021918 -9999 -9999 -9999 0.0
C0G620 1996021919 -9999 -9999 -9999 0.0
C0G620 1996021920 -9999 -9999 -9999 0.0
C0G620 1996021921 -9999 -9999 -9999 0.0
C0G620 1996021922 -9999 -9999 -9999 0.0
C0G620 1996021923 -9999 -9999 -9999 0.0
C0G620 1996021924 -9999 -9999 -9999 0.0
C0G620 1996022001 -9999 -9999 -9999 0.0
C0G620 1996022002 -9999 -9999 -9999 0.0
C0G620 1996022003 -9999 -9999 -9999 0.0
C0G620 1996022004 -9999 -9999 -9999 0.0
C0G620 1996022005 -9999 -9999 -9999 -9996
C0G620 1996022006 -9999 -9999 -9999 -9996
C0G620 1996022007 -9999 -9999 -9999 0.5
C0G620 1996022008 -9999 -9999 -9999 0.0
C0G620 1996022009 -9999 -9999 -9999 0.0
C0G620 1996022010 -9999 -9999 -9999 0.0
C0G620 1996022011 -9999 -9999 -9999 0.0
C0G620 1996022012 -9999 -9999 -9999 0.0
C0G620 1996022013 -9999 -9999 -9999 0.0
C0G620 1996022014 -9999 -9999 -9999 -9996
C0G620 1996022015 -9999 -9999 -9999 -9996
C0G620 1996022016 -9999 -9999 -9999 -9996
C0G620 1996022017 -9999 -9999 -9999 0.5
C0G620 1996022018 -9999 -9999 -9999 0.0
C0G620 1996022019 -9999 -9999 -9999 0.0
C0G620 1996022020 -9999 -9999 -9999 0.0
C0G620 1996022021 -9999 -9999 -9999 0.0
C0G620 1996022022 -9999 -9999 -9999 0.0
C0G620 1996022023 -9999 -9999 -9999 0.0
C0G620 1996022024 -9999 -9999 -9999 0.0
C0G620 1996022101 -9999 -9999 -9999 0.0
C0G620 1996022102 -9999 -9999 -9999 0.0
C0G620 1996022103 -9999 -9999 -9999 0.0
C0G620 1996022104 -9999 -9999 -9999 0.0
C0G620 1996022105 -9999 -9999 -9999 0.0
C0G620 1996022106 -9999 -9999 -9999 -9996
C0G620 1996022107 -9999 -9999 -9999 0.5
C0G620 1996022108 -9999 -9999 -9999 0.0
C0G620 1996022109 -9999 -9999 -9999 0.0
C0G620 1996022110 -9999 -9999 -9999 0.0
C0G620 1996022111 -9999 -9999 -9999 0.0
C0G620 1996022112 -9999 -9999 -9999 0.0
C0G620 1996022113 -9999 -9999 -9999 0.0
C0G620 1996022114 -9999 -9999 -9999 0.0
C0G620 1996022115 -9999 -9999 -9999 0.0
C0G620 1996022116 -9999 -9999 -9999 0.0
C0G620 1996022117 -9999 -9999 -9999 0.0
C0G620 1996022118 -9999 -9999 -9999 0.0
C0G620 1996022119 -9999 -9999 -9999 0.0
C0G620 1996022120 -9999 -9999 -9999 -9996
C0G620 1996022121 -9999 -9999 -9999 -9996
C0G620 1996022122 -9999 -9999 -9999 -9996
C0G620 1996022123 -9999 -9999 -9999 -9996
C0G620 1996022124 -9999 -9999 -9999 -9996
C0G620 1996022201 -9999 -9999 -9999 0.0
C0G620 1996022202 -9999 -9999 -9999 0.5
C0G620 1996022203 -9999 -9999 -9999 0.0
C0G620 1996022204 -9999 -9999 -9999 0.0
C0G620 1996022205 -9999 -9999 -9999 0.0
C0G620 1996022206 -9999 -9999 -9999 0.0
C0G620 1996022207 -9999 -9999 -9999 0.0
C0G620 1996022208 -9999 -9999 -9999 0.0
C0G620 1996022209 -9999 -9999 -9999 -9996
C0G620 1996022210 -9999 -9999 -9999 -9996
C0G620 1996022211 -9999 -9999 -9999 -9996
C0G620 1996022212 -9999 -9999 -9999 -9996
C0G620 1996022213 -9999 -9999 -9999 0.5
C0G620 1996022214 -9999 -9999 -9999 0.0
C0G620 1996022215 -9999 -9999 -9999 0.0
C0G620 1996022216 -9999 -9999 -9999 0.0
C0G620 1996022217 -9999 -9999 -9999 0.0
C0G620 1996022218 -9999 -9999 -9999 0.0
C0G620 1996022219 -9999 -9999 -9999 0.0
C0G620 1996022220 -9999 -9999 -9999 -9996
C0G620 1996022221 -9999 -9999 -9999 -9996
C0G620 1996022222 -9999 -9999 -9999 -9996
C0G620 1996022223 -9999 -9999 -9999 -9996
C0G620 1996022224 -9999 -9999 -9999 -9996
C0G620 1996022301 -9999 -9999 -9999 0.0
C0G620 1996022302 -9999 -9999 -9999 0.0
C0G620 1996022303 -9999 -9999 -9999 0.0
C0G620 1996022304 -9999 -9999 -9999 0.0
C0G620 1996022305 -9999 -9999 -9999 0.0
C0G620 1996022306 -9999 -9999 -9999 0.0
C0G620 1996022307 -9999 -9999 -9999 0.0
C0G620 1996022308 -9999 -9999 -9999 0.0
C0G620 1996022309 -9999 -9999 -9999 0.0
C0G620 1996022310 -9999 -9999 -9999 0.0
C0G620 1996022311 -9999 -9999 -9999 0.0
C0G620 1996022312 -9999 -9999 -9999 0.0
C0G620 1996022313 -9999 -9999 -9999 0.0
C0G620 1996022314 -9999 -9999 -9999 0.0
C0G620 1996022315 -9999 -9999 -9999 0.0
C0G620 1996022316 -9999 -9999 -9999 0.0
C0G620 1996022317 -9999 -9999 -9999 0.0
C0G620 1996022318 -9999 -9999 -9999 0.0
C0G620 1996022319 -9999 -9999 -9999 0.0
C0G620 1996022320 -9999 -9999 -9999 -9996
C0G620 1996022321 -9999 -9999 -9999 -9996
C0G620 1996022322 -9999 -9999 -9999 -9996
C0G620 1996022323 -9999 -9999 -9999 -9996
C0G620 1996022324 -9999 -9999 -9999 -9996
C0G620 1996022401 -9999 -9999 -9999 0.0
C0G620 1996022402 -9999 -9999 -9999 0.0
C0G620 1996022403 -9999 -9999 -9999 0.0
C0G620 1996022404 -9999 -9999 -9999 0.0
C0G620 1996022405 -9999 -9999 -9999 0.0
C0G620 1996022406 -9999 -9999 -9999 0.0
C0G620 1996022407 -9999 -9999 -9999 0.0
C0G620 1996022408 -9999 -9999 -9999 0.0
C0G620 1996022409 -9999 -9999 -9999 -9996
C0G620 1996022410 -9999 -9999 -9999 -9996
C0G620 1996022411 -9999 -9999 -9999 -9996
C0G620 1996022412 -9999 -9999 -9999 0.5
C0G620 1996022413 -9999 -9999 -9999 0.0
C0G620 1996022414 -9999 -9999 -9999 0.0
C0G620 1996022415 -9999 -9999 -9999 0.0
C0G620 1996022416 -9999 -9999 -9999 0.0
C0G620 1996022417 -9999 -9999 -9999 0.0
C0G620 1996022418 -9999 -9999 -9999 0.0
C0G620 1996022419 -9999 -9999 -9999 -9996
C0G620 1996022420 -9999 -9999 -9999 -9996
C0G620 1996022421 -9999 -9999 -9999 -9996
C0G620 1996022422 -9999 -9999 -9999 -9996
C0G620 1996022423 -9999 -9999 -9999 -9996
C0G620 1996022424 -9999 -9999 -9999 1.5
C0G620 1996022501 -9999 -9999 -9999 -9996
C0G620 1996022502 -9999 -9999 -9999 0.5
C0G620 1996022503 -9999 -9999 -9999 -9996
C0G620 1996022504 -9999 -9999 -9999 0.5
C0G620 1996022505 -9999 -9999 -9999 0.5
C0G620 1996022506 -9999 -9999 -9999 -9996
C0G620 1996022507 -9999 -9999 -9999 -9996
C0G620 1996022508 -9999 -9999 -9999 0.5
C0G620 1996022509 -9999 -9999 -9999 0.0
C0G620 1996022510 -9999 -9999 -9999 0.0
C0G620 1996022511 -9999 -9999 -9999 0.0
C0G620 1996022512 -9999 -9999 -9999 0.0
C0G620 1996022513 -9999 -9999 -9999 0.0
C0G620 1996022514 -9999 -9999 -9999 0.0
C0G620 1996022515 -9999 -9999 -9999 0.0
C0G620 1996022516 -9999 -9999 -9999 0.0
C0G620 1996022517 -9999 -9999 -9999 0.0
C0G620 1996022518 -9999 -9999 -9999 0.0
C0G620 1996022519 -9999 -9999 -9999 0.0
C0G620 1996022520 -9999 -9999 -9999 0.0
C0G620 1996022521 -9999 -9999 -9999 0.0
C0G620 1996022522 -9999 -9999 -9999 0.0
C0G620 1996022523 -9999 -9999 -9999 0.0
C0G620 1996022524 -9999 -9999 -9999 0.0
C0G620 1996022601 -9999 -9999 -9999 0.0
C0G620 1996022602 -9999 -9999 -9999 0.0
C0G620 1996022603 -9999 -9999 -9999 -9996
C0G620 1996022604 -9999 -9999 -9999 0.5
C0G620 1996022605 -9999 -9999 -9999 -9996
C0G620 1996022606 -9999 -9999 -9999 -9996
C0G620 1996022607 -9999 -9999 -9999 -9996
C0G620 1996022608 -9999 -9999 -9999 -9996
C0G620 1996022609 -9999 -9999 -9999 3.5
C0G620 1996022610 -9999 -9999 -9999 -9996
C0G620 1996022611 -9999 -9999 -9999 -9996
C0G620 1996022612 -9999 -9999 -9999 -9996
C0G620 1996022613 -9999 -9999 -9999 0.5
C0G620 1996022614 -9999 -9999 -9999 2.5
C0G620 1996022615 -9999 -9999 -9999 4.0
C0G620 1996022616 -9999 -9999 -9999 3.0
C0G620 1996022617 -9999 -9999 -9999 4.5
C0G620 1996022618 -9999 -9999 -9999 1.5
C0G620 1996022619 -9999 -9999 -9999 0.5
C0G620 1996022620 -9999 -9999 -9999 0.5
C0G620 1996022621 -9999 -9999 -9999 0.5
C0G620 1996022622 -9999 -9999 -9999 0.0
C0G620 1996022623 -9999 -9999 -9999 0.0
C0G620 1996022624 -9999 -9999 -9999 0.0
C0G620 1996022701 -9999 -9999 -9999 0.0
C0G620 1996022702 -9999 -9999 -9999 0.0
C0G620 1996022703 -9999 -9999 -9999 0.0
C0G620 1996022704 -9999 -9999 -9999 0.0
C0G620 1996022705 -9999 -9999 -9999 0.0
C0G620 1996022706 -9999 -9999 -9999 0.0
C0G620 1996022707 -9999 -9999 -9999 0.0
C0G620 1996022708 -9999 -9999 -9999 0.0
C0G620 1996022709 -9999 -9999 -9999 0.0
C0G620 1996022710 -9999 -9999 -9999 0.0
C0G620 1996022711 -9999 -9999 -9999 0.0
C0G620 1996022712 -9999 -9999 -9999 0.0
C0G620 1996022713 -9999 -9999 -9999 0.0
C0G620 1996022714 -9999 -9999 -9999 0.0
C0G620 1996022715 -9999 -9999 -9999 0.0
C0G620 1996022716 -9999 -9999 -9999 0.0
C0G620 1996022717 -9999 -9999 -9999 0.0
C0G620 1996022718 -9999 -9999 -9999 0.0
C0G620 1996022719 -9999 -9999 -9999 0.0
C0G620 1996022720 -9999 -9999 -9999 0.0
C0G620 1996022721 -9999 -9999 -9999 0.0
C0G620 1996022722 -9999 -9999 -9999 0.0
C0G620 1996022723 -9999 -9999 -9999 0.0
C0G620 1996022724 -9999 -9999 -9999 0.0
C0G620 1996022801 -9999 -9999 -9999 0.0
C0G620 1996022802 -9999 -9999 -9999 0.0
C0G620 1996022803 -9999 -9999 -9999 0.0
C0G620 1996022804 -9999 -9999 -9999 0.0
C0G620 1996022805 -9999 -9999 -9999 0.0
C0G620 1996022806 -9999 -9999 -9999 0.0
C0G620 1996022807 -9999 -9999 -9999 0.0
C0G620 1996022808 -9999 -9999 -9999 0.0
C0G620 1996022809 -9999 -9999 -9999 0.0
C0G620 1996022810 -9999 -9999 -9999 0.0
C0G620 1996022811 -9999 -9999 -9999 0.0
C0G620 1996022812 -9999 -9999 -9999 0.0
C0G620 1996022813 -9999 -9999 -9999 0.0
C0G620 1996022814 -9999 -9999 -9999 0.0
C0G620 1996022815 -9999 -9999 -9999 0.0
C0G620 1996022816 -9999 -9999 -9999 0.0
C0G620 1996022817 -9999 -9999 -9999 0.0
C0G620 1996022818 -9999 -9999 -9999 0.0
C0G620 1996022819 -9999 -9999 -9999 0.0
C0G620 1996022820 -9999 -9999 -9999 0.0
C0G620 1996022821 -9999 -9999 -9999 0.0
C0G620 1996022822 -9999 -9999 -9999 0.0
C0G620 1996022823 -9999 -9999 -9999 0.0
C0G620 1996022824 -9999 -9999 -9999 0.0
C0G620 1996022901 -9999 -9999 -9999 0.0
C0G620 1996022902 -9999 -9999 -9999 0.0
C0G620 1996022903 -9999 -9999 -9999 0.0
C0G620 1996022904 -9999 -9999 -9999 0.0
C0G620 1996022905 -9999 -9999 -9999 0.0
C0G620 1996022906 -9999 -9999 -9999 0.0
C0G620 1996022907 -9999 -9999 -9999 0.0
C0G620 1996022908 -9999 -9999 -9999 0.0
C0G620 1996022909 -9999 -9999 -9999 0.0
C0G620 1996022910 -9999 -9999 -9999 0.0
C0G620 1996022911 -9999 -9999 -9999 0.0
C0G620 1996022912 -9999 -9999 -9999 0.0
C0G620 1996022913 -9999 -9999 -9999 0.0
C0G620 1996022914 -9999 -9999 -9999 0.0
C0G620 1996022915 -9999 -9999 -9999 0.0
C0G620 1996022916 -9999 -9999 -9999 0.0
C0G620 1996022917 -9999 -9999 -9999 0.0
C0G620 1996022918 -9999 -9999 -9999 0.0
C0G620 1996022919 -9999 -9999 -9999 0.0
C0G620 1996022920 -9999 -9999 -9999 0.0
C0G620 1996022921 -9999 -9999 -9999 0.0
C0G620 1996022922 -9999 -9999 -9999 0.0
C0G620 1996022923 -9999 -9999 -9999 0.0
C0G620 1996022924 -9999 -9999 -9999 0.0
C0G650 1996020101 15.6 -9999 1.7 0.0
C0G650 1996020102 15.5 -9999 1.2 0.0
C0G650 1996020103 15.2 -9999 2.1 0.0
C0G650 1996020104 14.6 -9999 2.4 0.0
C0G650 1996020105 14.3 -9999 2.7 0.0
C0G650 1996020106 14.1 -9999 2.2 0.0
C0G650 1996020107 13.9 -9999 1.8 0.0
C0G650 1996020108 14.6 -9999 2.0 0.0
C0G650 1996020109 15.2 -9999 2.2 0.0
C0G650 1996020110 16.7 -9999 2.1 0.0
C0G650 1996020111 18.8 -9999 2.0 0.0
C0G650 1996020112 19.5 -9999 1.9 0.0
C0G650 1996020113 20.5 -9999 1.9 0.0
C0G650 1996020114 20.7 -9999 2.5 0.0
C0G650 1996020115 20.2 -9999 2.8 0.0
C0G650 1996020116 19.0 -9999 2.9 0.0
C0G650 1996020117 17.0 -9999 2.3 0.0
C0G650 1996020118 15.0 -9999 2.1 0.0
C0G650 1996020119 13.8 -9999 1.9 0.0
C0G650 1996020120 13.4 -9999 0.9 0.0
C0G650 1996020121 12.9 -9999 1.1 0.0
C0G650 1996020122 12.8 -9999 1.7 0.0
C0G650 1996020123 12.6 -9999 1.5 0.0
C0G650 1996020124 12.3 -9999 0.9 0.0
C0G650 1996020201 11.7 -9999 0.2 0.0
C0G650 1996020202 11.9 -9999 1.5 0.0
C0G650 1996020203 12.2 -9999 1.5 0.0
C0G650 1996020204 11.9 -9999 2.5 0.0
C0G650 1996020205 11.3 -9999 2.2 0.0
C0G650 1996020206 11.1 -9999 1.9 0.0
C0G650 1996020207 10.8 -9999 1.8 0.0
C0G650 1996020208 11.0 -9999 0.4 0.0
C0G650 1996020209 12.8 -9999 1.1 0.0
C0G650 1996020210 14.0 -9999 3.0 0.0
C0G650 1996020211 15.3 -9999 2.6 0.0
C0G650 1996020212 16.0 -9999 3.2 0.0
C0G650 1996020213 17.7 -9999 2.3 0.0
C0G650 1996020214 17.7 -9999 2.4 0.0
C0G650 1996020215 17.5 -9999 2.1 0.0
C0G650 1996020216 16.3 -9999 2.3 0.0
C0G650 1996020217 14.7 -9999 1.8 0.0
C0G650 1996020218 12.8 -9999 2.1 0.0
C0G650 1996020219 11.4 -9999 1.0 0.0
C0G650 1996020220 10.7 -9999 1.4 0.0
C0G650 1996020221 10.2 -9999 0.2 0.0
C0G650 1996020222 10.4 -9999 0.1 0.0
C0G650 1996020223 10.3 -9999 0.5 0.0
C0G650 1996020224 10.1 -9999 0.1 0.0
C0G650 1996020301 9.5 -9999 0.1 0.0
C0G650 1996020302 9.9 -9999 0.0 0.0
C0G650 1996020303 10.1 -9999 0.2 0.0
C0G650 1996020304 10.1 -9999 0.2 0.0
C0G650 1996020305 10.0 -9999 0.0 0.0
C0G650 1996020306 9.5 -9999 0.2 0.0
C0G650 1996020307 9.5 -9999 0.3 0.0
C0G650 1996020308 10.4 -9999 0.1 0.0
C0G650 1996020309 12.1 -9999 0.3 0.0
C0G650 1996020310 14.4 -9999 0.8 0.0
C0G650 1996020311 17.1 -9999 0.4 0.0
C0G650 1996020312 18.8 -9999 0.3 0.0
C0G650 1996020313 19.4 -9999 0.5 0.0
C0G650 1996020314 21.1 -9999 0.3 0.0
C0G650 1996020315 19.8 -9999 1.3 0.0
C0G650 1996020316 18.5 -9999 0.9 0.0
C0G650 1996020317 17.0 -9999 0.3 0.0
C0G650 1996020318 15.7 -9999 0.9 0.0
C0G650 1996020319 14.5 -9999 0.0 0.0
C0G650 1996020320 13.2 -9999 0.0 0.0
C0G650 1996020321 11.8 -9999 0.0 0.0
C0G650 1996020322 11.5 -9999 0.0 0.0
C0G650 1996020323 10.6 -9999 0.0 0.0
C0G650 1996020324 10.7 -9999 0.0 0.0
C0G650 1996020401 10.8 -9999 0.0 0.0
C0G650 1996020402 11.7 -9999 0.0 0.0
C0G650 1996020403 11.3 -9999 0.0 0.0
C0G650 1996020404 10.7 -9999 0.0 0.0
C0G650 1996020405 9.8 -9999 0.0 0.0
C0G650 1996020406 9.7 -9999 0.0 0.0
C0G650 1996020407 9.8 -9999 0.0 0.0
C0G650 1996020408 10.8 -9999 0.0 0.0
C0G650 1996020409 15.5 -9999 0.0 0.0
C0G650 1996020410 17.8 -9999 0.5 0.0
C0G650 1996020411 19.7 -9999 0.6 0.0
C0G650 1996020412 21.1 -9999 0.5 0.0
C0G650 1996020413 22.0 -9999 0.7 0.0
C0G650 1996020414 20.4 -9999 1.0 0.0
C0G650 1996020415 20.3 -9999 1.7 0.0
C0G650 1996020416 19.9 -9999 0.8 0.0
C0G650 1996020417 18.8 -9999 0.2 0.0
C0G650 1996020418 17.5 -9999 0.1 0.0
C0G650 1996020419 16.4 -9999 0.0 0.0
C0G650 1996020420 14.1 -9999 0.0 0.0
C0G650 1996020421 14.4 -9999 0.0 0.0
C0G650 1996020422 13.5 -9999 0.0 0.0
C0G650 1996020423 11.4 -9999 0.0 0.0
C0G650 1996020424 11.6 -9999 0.1 0.0
C0G650 1996020501 10.6 -9999 0.0 0.0
C0G650 1996020502 11.7 -9999 0.0 0.0
C0G650 1996020503 12.2 -9999 0.0 0.0
C0G650 1996020504 13.9 -9999 1.6 0.0
C0G650 1996020505 13.5 -9999 0.3 0.0
C0G650 1996020506 14.1 -9999 0.1 0.0
C0G650 1996020507 13.9 -9999 0.9 0.0
C0G650 1996020508 15.1 -9999 1.1 0.0
C0G650 1996020509 16.3 -9999 1.2 0.0
C0G650 1996020510 18.1 -9999 2.2 0.0
C0G650 1996020511 20.1 -9999 1.8 0.0
C0G650 1996020512 -9997 -9999 -9997 0.0
C0G650 1996020513 22.3 -9999 2.4 0.0
C0G650 1996020514 22.1 -9999 2.9 0.0
C0G650 1996020515 22.1 -9999 1.4 0.0
C0G650 1996020516 20.9 -9999 1.6 0.0
C0G650 1996020517 19.6 -9999 0.3 0.0
C0G650 1996020518 18.6 -9999 0.8 0.0
C0G650 1996020519 17.8 -9999 0.1 0.0
C0G650 1996020520 -9997 -9999 -9997 0.0
C0G650 1996020521 16.9 -9999 0.0 0.0
C0G650 1996020522 16.3 -9999 0.1 0.0
C0G650 1996020523 -9997 -9999 -9997 0.0
C0G650 1996020524 15.1 -9999 0.0 0.0
C0G650 1996020601 14.7 -9999 0.0 0.0
C0G650 1996020602 14.2 -9999 0.1 0.0
C0G650 1996020603 -9997 -9999 -9997 0.0
C0G650 1996020604 13.2 -9999 0.1 0.0
C0G650 1996020605 13.0 -9999 0.3 0.0
C0G650 1996020606 -9997 -9999 -9997 0.0
C0G650 1996020607 -9997 -9999 -9997 0.0
C0G650 1996020608 -9997 -9999 -9997 0.0
C0G650 1996020609 15.4 -9999 0.2 0.0
C0G650 1996020610 17.9 -9999 0.4 0.0
C0G650 1996020611 19.7 -9999 1.3 0.0
C0G650 1996020612 22.5 -9999 0.6 0.0
C0G650 1996020613 23.6 -9999 0.1 0.0
C0G650 1996020614 23.0 -9999 0.2 0.0
C0G650 1996020615 22.0 -9999 0.4 0.0
C0G650 1996020616 21.3 -9999 0.6 0.0
C0G650 1996020617 20.3 -9999 0.3 0.0
C0G650 1996020618 18.8 -9999 0.0 0.0
C0G650 1996020619 17.4 -9999 0.0 0.0
C0G650 1996020620 16.0 -9999 0.0 0.0
C0G650 1996020621 -9997 -9999 0.1 0.0
C0G650 1996020622 13.8 -9999 0.1 0.0
C0G650 1996020623 13.0 -9999 0.0 0.0
C0G650 1996020624 12.6 -9999 0.0 0.0
C0G650 1996020701 12.5 -9999 0.0 0.0
C0G650 1996020702 11.8 -9999 0.0 0.0
C0G650 1996020703 11.4 -9999 0.0 0.0
C0G650 1996020704 11.6 -9999 0.0 0.0
C0G650 1996020705 11.3 -9999 0.0 0.0
C0G650 1996020706 11.0 -9999 0.0 0.0
C0G650 1996020707 11.1 -9999 0.0 0.0
C0G650 1996020708 12.2 -9999 0.0 0.0
C0G650 1996020709 15.6 -9999 0.0 0.0
C0G650 1996020710 18.8 -9999 0.0 0.0
C0G650 1996020711 20.7 -9999 0.4 0.0
C0G650 1996020712 22.3 -9999 0.1 0.0
C0G650 1996020713 23.5 -9999 1.3 0.0
C0G650 1996020714 24.1 -9999 0.3 0.0
C0G650 1996020715 21.4 -9999 1.3 0.0
C0G650 1996020716 19.4 -9999 2.1 0.0
C0G650 1996020717 18.9 -9999 2.1 0.0
C0G650 1996020718 18.1 -9999 0.9 0.0
C0G650 1996020719 17.1 -9999 0.0 0.0
C0G650 1996020720 16.3 -9999 0.0 0.0
C0G650 1996020721 15.4 -9999 0.0 0.0
C0G650 1996020722 14.9 -9999 0.0 0.0
C0G650 1996020723 13.7 -9999 0.0 0.0
C0G650 1996020724 12.9 -9999 0.0 0.0
C0G650 1996020801 13.8 -9999 0.0 0.0
C0G650 1996020802 13.4 -9999 0.0 0.0
C0G650 1996020803 13.2 -9999 0.0 0.0
C0G650 1996020804 13.4 -9999 0.0 0.0
C0G650 1996020805 14.1 -9999 0.0 0.0
C0G650 1996020806 14.1 -9999 0.0 0.0
C0G650 1996020807 13.6 -9999 0.5 0.0
C0G650 1996020808 13.9 -9999 2.2 0.0
C0G650 1996020809 15.8 -9999 2.0 0.0
C0G650 1996020810 17.1 -9999 1.6 0.0
C0G650 1996020811 20.0 -9999 0.8 0.0
C0G650 1996020812 22.8 -9999 0.8 0.0
C0G650 1996020813 22.7 -9999 0.9 0.0
C0G650 1996020814 23.4 -9999 1.9 0.0
C0G650 1996020815 24.8 -9999 0.8 0.0
C0G650 1996020816 24.6 -9999 1.1 0.0
C0G650 1996020817 21.8 -9999 0.4 0.0
C0G650 1996020818 17.9 -9999 1.6 0.0
C0G650 1996020819 17.3 -9999 0.0 0.0
C0G650 1996020820 16.7 -9999 0.0 0.0
C0G650 1996020821 15.9 -9999 0.0 0.0
C0G650 1996020822 16.1 -9999 0.0 0.0
C0G650 1996020823 15.3 -9999 0.1 0.0
C0G650 1996020824 14.7 -9999 0.3 0.0
C0G650 1996020901 15.4 -9999 0.8 0.0
C0G650 1996020902 15.5 -9999 0.8 0.0
C0G650 1996020903 15.5 -9999 2.2 0.0
C0G650 1996020904 15.1 -9999 2.7 0.0
C0G650 1996020905 14.6 -9999 2.4 0.0
C0G650 1996020906 14.3 -9999 1.7 0.0
C0G650 1996020907 14.0 -9999 1.1 0.0
C0G650 1996020908 14.9 -9999 1.7 0.0
C0G650 1996020909 16.1 -9999 2.7 0.0
C0G650 1996020910 16.6 -9999 3.0 0.0
C0G650 1996020911 17.4 -9999 2.8 0.0
C0G650 1996020912 17.7 -9999 3.4 0.0
C0G650 1996020913 18.5 -9999 2.9 0.0
C0G650 1996020914 19.0 -9999 2.1 0.0
C0G650 1996020915 17.9 -9999 3.8 0.0
C0G650 1996020916 16.9 -9999 2.9 0.0
C0G650 1996020917 16.9 -9999 3.0 0.0
C0G650 1996020918 14.8 -9999 1.1 0.0
C0G650 1996020919 14.1 -9999 0.7 0.0
C0G650 1996020920 13.0 -9999 0.0 0.0
C0G650 1996020921 14.1 -9999 0.3 0.0
C0G650 1996020922 13.4 -9999 0.5 0.0
C0G650 1996020923 13.5 -9999 1.5 0.0
C0G650 1996020924 12.2 -9999 2.0 0.0
C0G650 1996021001 11.8 -9999 1.9 0.0
C0G650 1996021002 11.2 -9999 1.0 0.0
C0G650 1996021003 10.8 -9999 0.5 0.0
C0G650 1996021004 10.6 -9999 1.0 0.0
C0G650 1996021005 10.1 -9999 0.9 0.0
C0G650 1996021006 10.0 -9999 1.0 0.0
C0G650 1996021007 9.9 -9999 0.8 0.0
C0G650 1996021008 10.8 -9999 0.8 0.0
C0G650 1996021009 12.5 -9999 1.2 0.0
C0G650 1996021010 -9997 -9999 -9997 0.0
C0G650 1996021011 -9997 -9999 -9997 0.0
C0G650 1996021012 -9997 -9999 -9997 0.0
C0G650 1996021013 -9997 -9999 -9997 0.0
C0G650 1996021014 -9997 -9999 -9997 0.0
C0G650 1996021015 -9997 -9999 -9997 0.0
C0G650 1996021016 -9997 -9999 -9997 0.0
C0G650 1996021017 -9997 -9999 -9997 0.0
C0G650 1996021018 15.2 -9999 0.7 0.0
C0G650 1996021019 13.9 -9999 0.0 0.0
C0G650 1996021020 12.8 -9999 0.5 0.0
C0G650 1996021021 12.0 -9999 0.2 0.0
C0G650 1996021022 11.1 -9999 0.0 0.0
C0G650 1996021023 10.3 -9999 0.0 0.0
C0G650 1996021024 9.5 -9999 0.0 0.0
C0G650 1996021101 9.1 -9999 0.0 0.0
C0G650 1996021102 8.9 -9999 0.0 0.0
C0G650 1996021103 8.3 -9999 0.0 0.0
C0G650 1996021104 8.0 -9999 0.0 0.0
C0G650 1996021105 8.5 -9999 0.0 0.0
C0G650 1996021106 8.3 -9999 0.0 0.0
C0G650 1996021107 7.6 -9999 0.0 0.0
C0G650 1996021108 9.3 -9999 0.0 0.0
C0G650 1996021109 13.0 -9999 0.0 0.0
C0G650 1996021110 16.3 -9999 0.5 0.0
C0G650 1996021111 19.0 -9999 1.5 0.0
C0G650 1996021112 20.9 -9999 0.9 0.0
C0G650 1996021113 21.4 -9999 0.6 0.0
C0G650 1996021114 21.3 -9999 1.8 0.0
C0G650 1996021115 20.2 -9999 0.3 0.0
C0G650 1996021116 18.7 -9999 1.5 0.0
C0G650 1996021117 17.1 -9999 0.3 0.0
C0G650 1996021118 15.6 -9999 0.0 0.0
C0G650 1996021119 14.2 -9999 0.0 0.0
C0G650 1996021120 12.9 -9999 0.0 0.0
C0G650 1996021121 12.0 -9999 0.0 0.0
C0G650 1996021122 11.3 -9999 0.0 0.0
C0G650 1996021123 11.2 -9999 0.0 0.0
C0G650 1996021124 10.5 -9999 0.0 0.0
C0G650 1996021201 9.8 -9999 0.0 0.0
C0G650 1996021202 9.6 -9999 0.2 0.0
C0G650 1996021203 9.8 -9999 0.0 0.0
C0G650 1996021204 9.0 -9999 0.0 0.0
C0G650 1996021205 8.5 -9999 0.0 0.0
C0G650 1996021206 8.8 -9999 0.0 0.0
C0G650 1996021207 8.6 -9999 0.0 0.0
C0G650 1996021208 11.3 -9999 0.0 0.0
C0G650 1996021209 16.9 -9999 0.0 0.0
C0G650 1996021210 19.4 -9999 0.0 0.0
C0G650 1996021211 21.0 -9999 0.1 0.0
C0G650 1996021212 23.4 -9999 1.5 0.0
C0G650 1996021213 24.5 -9999 2.7 0.0
C0G650 1996021214 25.9 -9999 1.1 0.0
C0G650 1996021215 25.5 -9999 0.5 0.0
C0G650 1996021216 25.8 -9999 0.6 0.0
C0G650 1996021217 23.7 -9999 0.7 0.0
C0G650 1996021218 21.2 -9999 0.0 0.0
C0G650 1996021219 18.7 -9999 0.0 0.0
C0G650 1996021220 17.3 -9999 0.0 0.0
C0G650 1996021221 16.0 -9999 0.0 0.0
C0G650 1996021222 15.4 -9999 0.0 0.0
C0G650 1996021223 14.8 -9999 0.0 0.0
C0G650 1996021224 14.6 -9999 0.0 0.0
C0G650 1996021301 14.5 -9999 0.0 0.0
C0G650 1996021302 14.1 -9999 0.0 0.0
C0G650 1996021303 14.0 -9999 0.0 0.0
C0G650 1996021304 18.1 -9999 0.1 0.0
C0G650 1996021305 18.6 -9999 0.1 0.0
C0G650 1996021306 17.4 -9999 0.0 0.0
C0G650 1996021307 15.9 -9999 0.0 0.0
C0G650 1996021308 18.3 -9999 0.0 0.0
C0G650 1996021309 23.2 -9999 1.4 0.0
C0G650 1996021310 25.3 -9999 2.6 0.0
C0G650 1996021311 26.5 -9999 2.3 0.0
C0G650 1996021312 27.0 -9999 0.9 0.0
C0G650 1996021313 26.9 -9999 1.0 0.0
C0G650 1996021314 27.0 -9999 1.5 0.0
C0G650 1996021315 27.1 -9999 1.2 0.0
C0G650 1996021316 24.3 -9999 0.9 0.0
C0G650 1996021317 23.4 -9999 0.5 0.0
C0G650 1996021318 22.3 -9999 0.1 0.0
C0G650 1996021319 20.0 -9999 0.0 0.0
C0G650 1996021320 18.4 -9999 0.0 0.0
C0G650 1996021321 17.8 -9999 0.1 0.0
C0G650 1996021322 18.2 -9999 0.0 0.0
C0G650 1996021323 17.8 -9999 0.0 0.0
C0G650 1996021324 17.8 -9999 0.0 0.0
C0G650 1996021401 18.3 -9999 0.2 0.0
C0G650 1996021402 18.8 -9999 1.1 0.0
C0G650 1996021403 18.1 -9999 0.4 0.0
C0G650 1996021404 17.4 -9999 0.0 0.0
C0G650 1996021405 19.2 -9999 0.6 0.0
C0G650 1996021406 19.2 -9999 0.0 0.0
C0G650 1996021407 19.4 -9999 0.6 0.0
C0G650 1996021408 20.4 -9999 -9997 0.0
C0G650 1996021409 21.9 -9999 1.3 0.0
C0G650 1996021410 24.3 -9999 2.1 0.0
C0G650 1996021411 25.7 -9999 2.8 0.0
C0G650 1996021412 27.4 -9999 2.6 0.0
C0G650 1996021413 28.7 -9999 1.4 0.0
C0G650 1996021414 28.4 -9999 1.4 0.0
C0G650 1996021415 28.4 -9999 0.5 0.0
C0G650 1996021416 27.8 -9999 1.6 0.0
C0G650 1996021417 25.5 -9999 -9997 0.0
C0G650 1996021418 23.5 -9999 1.8 0.0
C0G650 1996021419 22.1 -9999 0.2 0.0
C0G650 1996021420 21.4 -9999 1.0 0.0
C0G650 1996021421 20.6 -9999 0.1 0.0
C0G650 1996021422 20.2 -9999 1.7 0.0
C0G650 1996021423 20.7 -9999 1.2 0.0
C0G650 1996021424 20.9 -9999 0.5 0.0
C0G650 1996021501 20.9 -9999 1.0 0.0
C0G650 1996021502 20.9 -9999 0.6 0.0
C0G650 1996021503 20.6 -9999 0.8 0.0
C0G650 1996021504 20.5 -9999 0.0 0.0
C0G650 1996021505 20.1 -9999 0.0 0.0
C0G650 1996021506 -9997 -9999 0.0 0.0
C0G650 1996021507 19.8 -9999 0.0 0.0
C0G650 1996021508 21.4 -9999 0.0 0.0
C0G650 1996021509 23.9 -9999 2.0 0.0
C0G650 1996021510 25.5 -9999 2.2 0.0
C0G650 1996021511 27.2 -9999 0.6 0.0
C0G650 1996021512 28.2 -9999 0.7 0.0
C0G650 1996021513 28.3 -9999 1.4 0.0
C0G650 1996021514 29.4 -9999 1.7 0.0
C0G650 1996021515 27.9 -9999 1.2 0.0
C0G650 1996021516 25.5 -9999 0.7 0.0
C0G650 1996021517 23.3 -9999 0.9 0.0
C0G650 1996021518 22.4 -9999 0.5 0.0
C0G650 1996021519 22.3 -9999 0.5 0.0
C0G650 1996021520 22.0 -9999 0.0 0.0
C0G650 1996021521 21.7 -9999 0.1 0.0
C0G650 1996021522 21.6 -9999 0.0 0.0
C0G650 1996021523 21.4 -9999 0.0 0.0
C0G650 1996021524 21.0 -9999 0.0 0.0
C0G650 1996021601 21.0 -9999 0.0 0.0
C0G650 1996021602 20.8 -9999 0.0 0.0
C0G650 1996021603 20.4 -9999 0.2 0.0
C0G650 1996021604 20.0 -9999 1.0 0.0
C0G650 1996021605 19.4 -9999 1.2 0.0
C0G650 1996021606 19.2 -9999 1.2 0.0
C0G650 1996021607 18.9 -9999 0.4 0.0
C0G650 1996021608 19.2 -9999 0.6 0.0
C0G650 1996021609 20.6 -9999 0.3 0.0
C0G650 1996021610 21.9 -9999 0.4 0.0
C0G650 1996021611 22.9 -9999 1.1 0.0
C0G650 1996021612 24.5 -9999 0.6 0.0
C0G650 1996021613 24.6 -9999 1.2 0.0
C0G650 1996021614 -9997 -9999 -9997 0.0
C0G650 1996021615 24.0 -9999 2.5 0.0
C0G650 1996021616 23.5 -9999 1.8 0.0
C0G650 1996021617 21.3 -9999 2.1 0.0
C0G650 1996021618 20.1 -9999 1.1 0.0
C0G650 1996021619 18.7 -9999 0.3 0.0
C0G650 1996021620 17.9 -9999 0.3 0.0
C0G650 1996021621 17.4 -9999 0.7 0.0
C0G650 1996021622 17.5 -9999 0.6 0.0
C0G650 1996021623 17.7 -9999 1.2 0.0
C0G650 1996021624 17.8 -9999 0.9 0.0
C0G650 1996021701 18.0 -9999 0.7 0.0
C0G650 1996021702 18.2 -9999 1.2 0.0
C0G650 1996021703 18.1 -9999 1.4 0.0
C0G650 1996021704 18.0 -9999 0.9 0.0
C0G650 1996021705 17.6 -9999 1.3 0.0
C0G650 1996021706 17.2 -9999 0.5 0.0
C0G650 1996021707 17.3 -9999 0.0 0.0
C0G650 1996021708 18.1 -9999 2.6 0.0
C0G650 1996021709 19.6 -9999 1.2 0.0
C0G650 1996021710 21.6 -9999 0.4 0.0
C0G650 1996021711 21.6 -9999 1.1 0.0
C0G650 1996021712 21.9 -9999 2.7 0.0
C0G650 1996021713 22.1 -9999 2.5 0.0
C0G650 1996021714 22.6 -9999 1.1 0.0
C0G650 1996021715 22.9 -9999 0.7 0.0
C0G650 1996021716 21.3 -9999 1.6 0.0
C0G650 1996021717 19.1 -9999 1.5 0.0
C0G650 1996021718 17.9 -9999 1.6 0.0
C0G650 1996021719 17.2 -9999 0.8 0.0
C0G650 1996021720 16.4 -9999 2.5 0.0
C0G650 1996021721 16.4 -9999 1.2 0.0
C0G650 1996021722 15.7 -9999 2.1 0.0
C0G650 1996021723 14.4 -9999 2.1 0.0
C0G650 1996021724 14.0 -9999 1.9 0.0
C0G650 1996021801 13.3 -9999 2.1 0.0
C0G650 1996021802 13.2 -9999 1.6 0.0
C0G650 1996021803 13.2 -9999 1.6 0.0
C0G650 1996021804 13.3 -9999 1.5 0.0
C0G650 1996021805 13.2 -9999 1.0 0.0
C0G650 1996021806 13.2 -9999 1.6 0.0
C0G650 1996021807 12.7 -9999 2.4 0.0
C0G650 1996021808 12.7 -9999 2.1 0.0
C0G650 1996021809 13.1 -9999 1.7 0.0
C0G650 1996021810 14.2 -9999 0.1 0.0
C0G650 1996021811 15.3 -9999 0.1 0.0
C0G650 1996021812 15.3 -9999 2.4 0.0
C0G650 1996021813 13.9 -9999 2.2 0.0
C0G650 1996021814 12.1 -9999 1.8 0.0
C0G650 1996021815 12.8 -9999 1.6 0.5
C0G650 1996021816 13.7 -9999 2.8 0.0
C0G650 1996021817 12.7 -9999 2.3 0.0
C0G650 1996021818 12.4 -9999 2.0 0.0
C0G650 1996021819 12.4 -9999 1.2 0.0
C0G650 1996021820 12.3 -9999 0.4 0.0
C0G650 1996021821 12.3 -9999 2.1 0.0
C0G650 1996021822 12.3 -9999 1.5 0.0
C0G650 1996021823 12.5 -9999 0.7 0.0
C0G650 1996021824 12.4 -9999 1.4 0.0
C0G650 1996021901 12.4 -9999 1.1 0.0
C0G650 1996021902 12.4 -9999 0.7 0.0
C0G650 1996021903 11.4 -9999 0.4 0.0
C0G650 1996021904 11.1 -9999 0.2 2.0
C0G650 1996021905 11.1 -9999 0.4 0.0
C0G650 1996021906 11.2 -9999 0.9 1.5
C0G650 1996021907 11.1 -9999 0.5 1.5
C0G650 1996021908 11.5 -9999 0.4 0.0
C0G650 1996021909 12.3 -9999 0.3 0.0
C0G650 1996021910 12.8 -9999 1.0 0.0
C0G650 1996021911 14.2 -9999 0.6 0.0
C0G650 1996021912 15.6 -9999 0.0 0.0
C0G650 1996021913 16.2 -9999 1.0 0.0
C0G650 1996021914 17.3 -9999 1.1 0.0
C0G650 1996021915 17.0 -9999 0.9 0.0
C0G650 1996021916 15.6 -9999 1.6 0.0
C0G650 1996021917 14.9 -9999 1.3 0.0
C0G650 1996021918 14.0 -9999 1.7 0.0
C0G650 1996021919 13.8 -9999 1.8 0.0
C0G650 1996021920 13.6 -9999 0.8 0.0
C0G650 1996021921 12.8 -9999 0.1 0.5
C0G650 1996021922 12.9 -9999 0.4 0.0
C0G650 1996021923 12.3 -9999 0.2 0.0
C0G650 1996021924 12.2 -9999 0.0 0.0
C0G650 1996022001 12.4 -9999 0.6 0.0
C0G650 1996022002 12.6 -9999 0.5 0.0
C0G650 1996022003 12.8 -9999 0.8 0.0
C0G650 1996022004 12.4 -9999 1.1 0.0
C0G650 1996022005 12.8 -9999 0.5 0.0
C0G650 1996022006 12.5 -9999 0.5 0.0
C0G650 1996022007 12.2 -9999 1.0 0.5
C0G650 1996022008 12.2 -9999 1.9 0.0
C0G650 1996022009 12.2 -9999 1.2 0.0
C0G650 1996022010 12.7 -9999 1.0 0.0
C0G650 1996022011 13.1 -9999 1.9 0.0
C0G650 1996022012 13.8 -9999 0.3 0.0
C0G650 1996022013 13.7 -9999 2.0 0.0
C0G650 1996022014 12.7 -9999 1.9 0.0
C0G650 1996022015 12.7 -9999 0.6 0.0
C0G650 1996022016 12.3 -9999 1.0 0.0
C0G650 1996022017 11.9 -9999 0.5 0.0
C0G650 1996022018 11.9 -9999 0.8 0.0
C0G650 1996022019 11.9 -9999 1.7 0.0
C0G650 1996022020 11.9 -9999 1.2 0.0
C0G650 1996022021 11.8 -9999 1.6 0.0
C0G650 1996022022 11.7 -9999 0.7 0.0
C0G650 1996022023 11.6 -9999 0.4 0.0
C0G650 1996022024 11.4 -9999 0.7 0.0
C0G650 1996022101 11.4 -9999 0.7 0.0
C0G650 1996022102 11.4 -9999 1.4 0.0
C0G650 1996022103 11.1 -9999 1.5 0.0
C0G650 1996022104 11.1 -9999 1.3 0.0
C0G650 1996022105 10.9 -9999 1.2 0.0
C0G650 1996022106 10.6 -9999 0.5 0.0
C0G650 1996022107 10.1 -9999 0.0 1.0
C0G650 1996022108 10.3 -9999 0.4 0.0
C0G650 1996022109 10.7 -9999 1.3 0.0
C0G650 1996022110 12.0 -9999 1.1 0.0
C0G650 1996022111 14.3 -9999 0.7 0.0
C0G650 1996022112 15.2 -9999 1.2 0.0
C0G650 1996022113 15.7 -9999 1.4 0.0
C0G650 1996022114 15.2 -9999 2.3 0.0
C0G650 1996022115 14.4 -9999 2.4 0.0
C0G650 1996022116 13.4 -9999 2.9 0.0
C0G650 1996022117 13.1 -9999 1.1 0.0
C0G650 1996022118 12.7 -9999 1.3 0.0
C0G650 1996022119 12.3 -9999 0.2 0.0
C0G650 1996022120 12.2 -9999 0.0 0.0
C0G650 1996022121 11.8 -9999 0.6 0.0
C0G650 1996022122 11.9 -9999 0.4 0.0
C0G650 1996022123 11.8 -9999 0.8 0.0
C0G650 1996022124 11.7 -9999 0.0 0.0
C0G650 1996022201 11.8 -9999 0.2 0.0
C0G650 1996022202 11.4 -9999 0.7 0.0
C0G650 1996022203 11.3 -9999 0.2 0.0
C0G650 1996022204 11.5 -9999 0.0 0.0
C0G650 1996022205 11.6 -9999 0.0 0.0
C0G650 1996022206 11.5 -9999 0.8 0.0
C0G650 1996022207 11.7 -9999 0.2 0.0
C0G650 1996022208 12.0 -9999 0.0 0.0
C0G650 1996022209 12.6 -9999 0.0 0.0
C0G650 1996022210 13.0 -9999 0.7 0.0
C0G650 1996022211 13.4 -9999 0.7 0.0
C0G650 1996022212 13.8 -9999 0.1 0.0
C0G650 1996022213 14.3 -9999 0.8 0.0
C0G650 1996022214 15.1 -9999 1.0 0.0
C0G650 1996022215 15.5 -9999 2.5 0.0
C0G650 1996022216 14.3 -9999 2.4 0.0
C0G650 1996022217 13.4 -9999 2.2 0.0
C0G650 1996022218 12.9 -9999 2.2 0.5
C0G650 1996022219 12.8 -9999 1.6 0.0
C0G650 1996022220 12.9 -9999 1.1 0.0
C0G650 1996022221 13.0 -9999 1.0 0.0
C0G650 1996022222 12.9 -9999 1.1 0.0
C0G650 1996022223 12.8 -9999 0.0 0.0
C0G650 1996022224 12.8 -9999 0.0 0.0
C0G650 1996022301 12.7 -9999 0.6 0.0
C0G650 1996022302 12.6 -9999 0.4 0.0
C0G650 1996022303 12.7 -9999 0.3 0.0
C0G650 1996022304 12.7 -9999 0.1 0.0
C0G650 1996022305 12.7 -9999 0.1 0.0
C0G650 1996022306 13.0 -9999 1.2 0.0
C0G650 1996022307 13.3 -9999 0.7 0.0
C0G650 1996022308 14.3 -9999 0.9 0.0
C0G650 1996022309 15.5 -9999 0.3 0.0
C0G650 1996022310 17.6 -9999 0.4 0.0
C0G650 1996022311 17.9 -9999 2.2 0.0
C0G650 1996022312 18.0 -9999 2.0 0.0
C0G650 1996022313 19.2 -9999 1.1 0.0
C0G650 1996022314 21.0 -9999 0.1 0.0
C0G650 1996022315 19.4 -9999 2.6 0.0
C0G650 1996022316 17.5 -9999 3.1 0.0
C0G650 1996022317 16.5 -9999 1.4 0.0
C0G650 1996022318 15.7 -9999 0.3 0.0
C0G650 1996022319 14.2 -9999 2.8 0.0
C0G650 1996022320 13.4 -9999 1.8 0.0
C0G650 1996022321 13.7 -9999 1.7 0.0
C0G650 1996022322 13.9 -9999 0.5 0.0
C0G650 1996022323 13.8 -9999 0.0 0.0
C0G650 1996022324 13.9 -9999 1.2 0.0
C0G650 1996022401 14.0 -9999 1.1 0.0
C0G650 1996022402 14.0 -9999 1.4 0.0
C0G650 1996022403 13.9 -9999 1.0 0.0
C0G650 1996022404 14.1 -9999 0.3 0.0
C0G650 1996022405 13.9 -9999 0.5 0.0
C0G650 1996022406 13.9 -9999 0.6 0.0
C0G650 1996022407 14.0 -9999 0.3 0.0
C0G650 1996022408 14.5 -9999 0.6 0.0
C0G650 1996022409 15.4 -9999 0.9 0.0
C0G650 1996022410 16.2 -9999 0.2 0.0
C0G650 1996022411 16.6 -9999 0.9 0.0
C0G650 1996022412 16.0 -9999 0.7 0.0
C0G650 1996022413 16.6 -9999 1.2 0.0
C0G650 1996022414 17.2 -9999 2.3 0.0
C0G650 1996022415 16.7 -9999 1.8 0.0
C0G650 1996022416 15.4 -9999 2.4 0.0
C0G650 1996022417 15.0 -9999 1.2 0.0
C0G650 1996022418 14.7 -9999 0.6 0.0
C0G650 1996022419 14.1 -9999 1.2 0.0
C0G650 1996022420 14.0 -9999 1.7 0.0
C0G650 1996022421 14.2 -9999 0.0 0.0
C0G650 1996022422 13.9 -9999 1.0 0.0
C0G650 1996022423 14.1 -9999 0.4 0.0
C0G650 1996022424 14.2 -9999 1.6 0.0
C0G650 1996022501 14.0 -9999 0.9 0.0
C0G650 1996022502 14.0 -9999 0.4 0.0
C0G650 1996022503 14.0 -9999 0.6 0.0
C0G650 1996022504 14.0 -9999 0.3 1.0
C0G650 1996022505 13.9 -9999 0.0 0.5
C0G650 1996022506 14.1 -9999 0.4 0.0
C0G650 1996022507 14.2 -9999 0.0 0.0
C0G650 1996022508 14.7 -9999 0.8 0.0
C0G650 1996022509 15.5 -9999 0.7 0.5
C0G650 1996022510 17.0 -9999 1.1 0.0
C0G650 1996022511 16.3 -9999 0.7 0.0
C0G650 1996022512 17.0 -9999 0.4 0.0
C0G650 1996022513 16.4 -9999 1.3 0.0
C0G650 1996022514 17.9 -9999 0.9 0.0
C0G650 1996022515 19.1 -9999 1.0 0.0
C0G650 1996022516 20.3 -9999 1.1 0.0
C0G650 1996022517 19.6 -9999 0.5 0.0
C0G650 1996022518 16.2 -9999 1.8 0.0
C0G650 1996022519 16.1 -9999 1.7 0.0
C0G650 1996022520 16.3 -9999 0.1 0.0
C0G650 1996022521 16.3 -9999 0.1 0.0
C0G650 1996022522 16.4 -9999 0.2 0.0
C0G650 1996022523 16.1 -9999 0.2 0.0
C0G650 1996022524 15.8 -9999 0.0 0.0
C0G650 1996022601 15.7 -9999 0.0 0.0
C0G650 1996022602 15.6 -9999 0.1 0.0
C0G650 1996022603 15.6 -9999 0.0 0.5
C0G650 1996022604 15.5 -9999 0.0 0.5
C0G650 1996022605 15.4 -9999 0.0 0.5
C0G650 1996022606 15.2 -9999 0.0 0.0
C0G650 1996022607 15.4 -9999 0.0 0.0
C0G650 1996022608 15.6 -9999 0.3 0.5
C0G650 1996022609 16.2 -9999 0.7 0.0
C0G650 1996022610 17.3 -9999 0.4 0.0
C0G650 1996022611 18.7 -9999 0.0 0.0
C0G650 1996022612 18.8 -9999 0.1 0.5
C0G650 1996022613 17.3 -9999 1.1 0.0
C0G650 1996022614 -9997 -9999 -9997 2.0
C0G650 1996022615 14.2 -9999 1.7 2.5
C0G650 1996022616 -9997 -9999 -9997 3.5
C0G650 1996022617 14.2 -9999 0.1 5.0
C0G650 1996022618 14.0 -9999 0.1 1.5
C0G650 1996022619 14.0 -9999 1.0 0.5
C0G650 1996022620 13.8 -9999 1.7 0.0
C0G650 1996022621 13.4 -9999 2.4 0.0
C0G650 1996022622 -9997 -9999 -9997 0.0
C0G650 1996022623 13.4 -9999 1.4 0.0
C0G650 1996022624 13.3 -9999 0.3 0.0
C0G650 1996022701 -9997 -9999 -9997 0.0
C0G650 1996022702 13.1 -9999 1.5 0.0
C0G650 1996022703 12.8 -9999 1.5 0.0
C0G650 1996022704 -9997 -9999 -9997 0.0
C0G650 1996022705 -9997 -9999 -9997 0.0
C0G650 1996022706 -9997 -9999 -9997 0.0
C0G650 1996022707 12.6 -9999 1.0 0.5
C0G650 1996022708 13.3 -9999 1.2 0.0
C0G650 1996022709 -9997 -9999 -9997 0.0
C0G650 1996022710 16.4 -9999 1.7 0.0
C0G650 1996022711 17.8 -9999 1.2 0.0
C0G650 1996022712 18.8 -9999 2.1 0.0
C0G650 1996022713 19.5 -9999 2.2 0.0
C0G650 1996022714 20.9 -9999 1.0 0.0
C0G650 1996022715 20.4 -9999 2.1 0.0
C0G650 1996022716 20.0 -9999 1.1 0.0
C0G650 1996022717 18.2 -9999 1.0 0.0
C0G650 1996022718 17.1 -9999 0.6 0.0
C0G650 1996022719 15.5 -9999 1.4 0.0
C0G650 1996022720 15.1 -9999 1.1 0.0
C0G650 1996022721 15.3 -9999 0.0 0.0
C0G650 1996022722 15.2 -9999 0.0 0.0
C0G650 1996022723 15.1 -9999 0.0 0.0
C0G650 1996022724 15.0 -9999 0.0 0.0
C0G650 1996022801 14.7 -9999 0.0 0.0
C0G650 1996022802 14.4 -9999 0.0 0.0
C0G650 1996022803 14.6 -9999 0.0 0.0
C0G650 1996022804 15.1 -9999 0.2 0.0
C0G650 1996022805 15.1 -9999 0.0 0.0
C0G650 1996022806 14.7 -9999 0.0 0.0
C0G650 1996022807 14.8 -9999 0.0 0.0
C0G650 1996022808 15.2 -9999 0.0 0.0
C0G650 1996022809 16.8 -9999 0.0 0.0
C0G650 1996022810 18.0 -9999 0.0 0.0
C0G650 1996022811 19.5 -9999 0.7 0.0
C0G650 1996022812 20.1 -9999 0.6 0.0
C0G650 1996022813 21.5 -9999 1.3 0.0
C0G650 1996022814 21.3 -9999 1.1 0.0
C0G650 1996022815 21.1 -9999 1.0 0.0
C0G650 1996022816 20.1 -9999 0.6 0.0
C0G650 1996022817 18.0 -9999 0.9 0.0
C0G650 1996022818 17.1 -9999 0.3 0.0
C0G650 1996022819 16.1 -9999 0.8 0.0
C0G650 1996022820 16.1 -9999 0.0 0.0
C0G650 1996022821 15.6 -9999 0.0 0.0
C0G650 1996022822 16.1 -9999 0.0 0.0
C0G650 1996022823 16.1 -9999 0.6 0.0
C0G650 1996022824 16.0 -9999 0.0 0.0
C0G650 1996022901 15.4 -9999 0.0 0.0
C0G650 1996022902 14.7 -9999 0.6 0.0
C0G650 1996022903 15.2 -9999 0.1 0.0
C0G650 1996022904 15.5 -9999 0.2 0.0
C0G650 1996022905 14.9 -9999 0.2 0.0
C0G650 1996022906 14.6 -9999 0.1 0.0
C0G650 1996022907 14.9 -9999 0.0 0.0
C0G650 1996022908 15.3 -9999 0.2 0.0
C0G650 1996022909 15.0 -9999 0.3 0.0
C0G650 1996022910 16.3 -9999 0.1 0.0
C0G650 1996022911 17.8 -9999 1.2 0.0
C0G650 1996022912 18.1 -9999 1.1 0.0
C0G650 1996022913 20.4 -9999 0.4 0.0
C0G650 1996022914 22.4 -9999 0.3 0.0
C0G650 1996022915 -9997 -9999 -9997 0.0
C0G650 1996022916 -9997 -9999 -9997 0.0
C0G650 1996022917 -9997 -9999 -9997 0.0
C0G650 1996022918 -9997 -9999 -9997 0.0
C0G650 1996022919 -9997 -9999 -9997 0.0
C0G650 1996022920 -9997 -9999 -9997 0.0
C0G650 1996022921 -9997 -9999 -9997 0.0
C0G650 1996022922 -9997 -9999 -9997 0.0
C0G650 1996022923 -9997 -9999 -9997 0.0
C0G650 1996022924 -9997 -9999 -9997 0.0
C0G660 1996020101 -9999 -9999 -9999 0.0
C0G660 1996020102 -9999 -9999 -9999 0.0
C0G660 1996020103 -9999 -9999 -9999 0.0
C0G660 1996020104 -9999 -9999 -9999 0.0
C0G660 1996020105 -9999 -9999 -9999 0.0
C0G660 1996020106 -9999 -9999 -9999 0.0
C0G660 1996020107 -9999 -9999 -9999 0.0
C0G660 1996020108 -9999 -9999 -9999 0.0
C0G660 1996020109 -9999 -9999 -9999 0.0
C0G660 1996020110 -9999 -9999 -9999 0.0
C0G660 1996020111 -9999 -9999 -9999 0.0
C0G660 1996020112 -9999 -9999 -9999 0.0
C0G660 1996020113 -9999 -9999 -9999 0.0
C0G660 1996020114 -9999 -9999 -9999 0.0
C0G660 1996020115 -9999 -9999 -9999 0.0
C0G660 1996020116 -9999 -9999 -9999 0.0
C0G660 1996020117 -9999 -9999 -9999 0.0
C0G660 1996020118 -9999 -9999 -9999 0.0
C0G660 1996020119 -9999 -9999 -9999 0.0
C0G660 1996020120 -9999 -9999 -9999 0.0
C0G660 1996020121 -9999 -9999 -9999 0.0
C0G660 1996020122 -9999 -9999 -9999 0.0
C0G660 1996020123 -9999 -9999 -9999 0.0
C0G660 1996020124 -9999 -9999 -9999 0.0
C0G660 1996020201 -9999 -9999 -9999 0.0
C0G660 1996020202 -9999 -9999 -9999 0.0
C0G660 1996020203 -9999 -9999 -9999 0.0
C0G660 1996020204 -9999 -9999 -9999 0.0
C0G660 1996020205 -9999 -9999 -9999 0.0
C0G660 1996020206 -9999 -9999 -9999 0.0
C0G660 1996020207 -9999 -9999 -9999 0.0
C0G660 1996020208 -9999 -9999 -9999 0.0
C0G660 1996020209 -9999 -9999 -9999 0.0
C0G660 1996020210 -9999 -9999 -9999 0.0
C0G660 1996020211 -9999 -9999 -9999 0.0
C0G660 1996020212 -9999 -9999 -9999 0.0
C0G660 1996020213 -9999 -9999 -9999 0.0
C0G660 1996020214 -9999 -9999 -9999 0.0
C0G660 1996020215 -9999 -9999 -9999 0.0
C0G660 1996020216 -9999 -9999 -9999 0.0
C0G660 1996020217 -9999 -9999 -9999 0.0
C0G660 1996020218 -9999 -9999 -9999 0.0
C0G660 1996020219 -9999 -9999 -9999 0.0
C0G660 1996020220 -9999 -9999 -9999 0.0
C0G660 1996020221 -9999 -9999 -9999 0.0
C0G660 1996020222 -9999 -9999 -9999 0.0
C0G660 1996020223 -9999 -9999 -9999 0.0
C0G660 1996020224 -9999 -9999 -9999 0.0
C0G660 1996020301 -9999 -9999 -9999 0.0
C0G660 1996020302 -9999 -9999 -9999 0.0
C0G660 1996020303 -9999 -9999 -9999 0.0
C0G660 1996020304 -9999 -9999 -9999 0.0
C0G660 1996020305 -9999 -9999 -9999 0.0
C0G660 1996020306 -9999 -9999 -9999 0.0
C0G660 1996020307 -9999 -9999 -9999 0.0
C0G660 1996020308 -9999 -9999 -9999 0.0
C0G660 1996020309 -9999 -9999 -9999 0.0
C0G660 1996020310 -9999 -9999 -9999 0.0
C0G660 1996020311 -9999 -9999 -9999 0.0
C0G660 1996020312 -9999 -9999 -9999 0.0
C0G660 1996020313 -9999 -9999 -9999 0.0
C0G660 1996020314 -9999 -9999 -9999 0.0
C0G660 1996020315 -9999 -9999 -9999 0.0
C0G660 1996020316 -9999 -9999 -9999 0.0
C0G660 1996020317 -9999 -9999 -9999 0.0
C0G660 1996020318 -9999 -9999 -9999 0.0
C0G660 1996020319 -9999 -9999 -9999 0.0
C0G660 1996020320 -9999 -9999 -9999 0.0
C0G660 1996020321 -9999 -9999 -9999 0.0
C0G660 1996020322 -9999 -9999 -9999 0.0
C0G660 1996020323 -9999 -9999 -9999 0.0
C0G660 1996020324 -9999 -9999 -9999 0.0
C0G660 1996020401 -9999 -9999 -9999 0.0
C0G660 1996020402 -9999 -9999 -9999 0.0
C0G660 1996020403 -9999 -9999 -9999 0.0
C0G660 1996020404 -9999 -9999 -9999 0.0
C0G660 1996020405 -9999 -9999 -9999 0.0
C0G660 1996020406 -9999 -9999 -9999 0.0
C0G660 1996020407 -9999 -9999 -9999 0.0
C0G660 1996020408 -9999 -9999 -9999 0.0
C0G660 1996020409 -9999 -9999 -9999 0.0
C0G660 1996020410 -9999 -9999 -9999 0.0
C0G660 1996020411 -9999 -9999 -9999 0.0
C0G660 1996020412 -9999 -9999 -9999 0.0
C0G660 1996020413 -9999 -9999 -9999 0.0
C0G660 1996020414 -9999 -9999 -9999 0.0
C0G660 1996020415 -9999 -9999 -9999 0.0
C0G660 1996020416 -9999 -9999 -9999 0.0
C0G660 1996020417 -9999 -9999 -9999 0.0
C0G660 1996020418 -9999 -9999 -9999 0.0
C0G660 1996020419 -9999 -9999 -9999 0.0
C0G660 1996020420 -9999 -9999 -9999 0.0
C0G660 1996020421 -9999 -9999 -9999 0.0
C0G660 1996020422 -9999 -9999 -9999 0.0
C0G660 1996020423 -9999 -9999 -9999 0.0
C0G660 1996020424 -9999 -9999 -9999 0.0
C0G660 1996020501 -9999 -9999 -9999 0.0
C0G660 1996020502 -9999 -9999 -9999 0.0
C0G660 1996020503 -9999 -9999 -9999 0.0
C0G660 1996020504 -9999 -9999 -9999 0.0
C0G660 1996020505 -9999 -9999 -9999 0.0
C0G660 1996020506 -9999 -9999 -9999 0.0
C0G660 1996020507 -9999 -9999 -9999 0.0
C0G660 1996020508 -9999 -9999 -9999 0.0
C0G660 1996020509 -9999 -9999 -9999 0.0
C0G660 1996020510 -9999 -9999 -9999 0.0
C0G660 1996020511 -9999 -9999 -9999 0.0
C0G660 1996020512 -9999 -9999 -9999 0.0
C0G660 1996020513 -9999 -9999 -9999 0.0
C0G660 1996020514 -9999 -9999 -9999 0.0
C0G660 1996020515 -9999 -9999 -9999 0.0
C0G660 1996020516 -9999 -9999 -9999 0.0
C0G660 1996020517 -9999 -9999 -9999 0.0
C0G660 1996020518 -9999 -9999 -9999 0.0
C0G660 1996020519 -9999 -9999 -9999 0.0
C0G660 1996020520 -9999 -9999 -9999 -9996
C0G660 1996020521 -9999 -9999 -9999 -9996
C0G660 1996020522 -9999 -9999 -9999 -9996
C0G660 1996020523 -9999 -9999 -9999 -9996
C0G660 1996020524 -9999 -9999 -9999 -9996
C0G660 1996020601 -9999 -9999 -9999 0.0
C0G660 1996020602 -9999 -9999 -9999 0.0
C0G660 1996020603 -9999 -9999 -9999 0.0
C0G660 1996020604 -9999 -9999 -9999 0.0
C0G660 1996020605 -9999 -9999 -9999 0.0
C0G660 1996020606 -9999 -9999 -9999 0.0
C0G660 1996020607 -9999 -9999 -9999 0.0
C0G660 1996020608 -9999 -9999 -9999 0.0
C0G660 1996020609 -9999 -9999 -9999 0.0
C0G660 1996020610 -9999 -9999 -9999 0.0
C0G660 1996020611 -9999 -9999 -9999 0.0
C0G660 1996020612 -9999 -9999 -9999 0.0
C0G660 1996020613 -9999 -9999 -9999 0.0
C0G660 1996020614 -9999 -9999 -9999 0.0
C0G660 1996020615 -9999 -9999 -9999 0.0
C0G660 1996020616 -9999 -9999 -9999 0.0
C0G660 1996020617 -9999 -9999 -9999 0.0
C0G660 1996020618 -9999 -9999 -9999 0.0
C0G660 1996020619 -9999 -9999 -9999 0.0
C0G660 1996020620 -9999 -9999 -9999 0.0
C0G660 1996020621 -9999 -9999 -9999 0.0
C0G660 1996020622 -9999 -9999 -9999 0.0
C0G660 1996020623 -9999 -9999 -9999 0.0
C0G660 1996020624 -9999 -9999 -9999 0.0
C0G660 1996020701 -9999 -9999 -9999 0.0
C0G660 1996020702 -9999 -9999 -9999 0.0
C0G660 1996020703 -9999 -9999 -9999 0.0
C0G660 1996020704 -9999 -9999 -9999 0.0
C0G660 1996020705 -9999 -9999 -9999 0.0
C0G660 1996020706 -9999 -9999 -9999 0.0
C0G660 1996020707 -9999 -9999 -9999 0.0
C0G660 1996020708 -9999 -9999 -9999 0.0
C0G660 1996020709 -9999 -9999 -9999 0.0
C0G660 1996020710 -9999 -9999 -9999 0.0
C0G660 1996020711 -9999 -9999 -9999 0.0
C0G660 1996020712 -9999 -9999 -9999 0.0
C0G660 1996020713 -9999 -9999 -9999 0.0
C0G660 1996020714 -9999 -9999 -9999 0.0
C0G660 1996020715 -9999 -9999 -9999 0.0
C0G660 1996020716 -9999 -9999 -9999 0.0
C0G660 1996020717 -9999 -9999 -9999 0.0
C0G660 1996020718 -9999 -9999 -9999 0.0
C0G660 1996020719 -9999 -9999 -9999 0.0
C0G660 1996020720 -9999 -9999 -9999 0.0
C0G660 1996020721 -9999 -9999 -9999 0.0
C0G660 1996020722 -9999 -9999 -9999 0.0
C0G660 1996020723 -9999 -9999 -9999 0.0
C0G660 1996020724 -9999 -9999 -9999 0.0
C0G660 1996020801 -9999 -9999 -9999 0.0
C0G660 1996020802 -9999 -9999 -9999 0.0
C0G660 1996020803 -9999 -9999 -9999 0.0
C0G660 1996020804 -9999 -9999 -9999 0.0
C0G660 1996020805 -9999 -9999 -9999 0.0
C0G660 1996020806 -9999 -9999 -9999 0.0
C0G660 1996020807 -9999 -9999 -9999 0.0
C0G660 1996020808 -9999 -9999 -9999 0.0
C0G660 1996020809 -9999 -9999 -9999 0.0
C0G660 1996020810 -9999 -9999 -9999 0.0
C0G660 1996020811 -9999 -9999 -9999 0.0
C0G660 1996020812 -9999 -9999 -9999 0.0
C0G660 1996020813 -9999 -9999 -9999 0.0
C0G660 1996020814 -9999 -9999 -9999 0.0
C0G660 1996020815 -9999 -9999 -9999 0.0
C0G660 1996020816 -9999 -9999 -9999 0.0
C0G660 1996020817 -9999 -9999 -9999 0.0
C0G660 1996020818 -9999 -9999 -9999 0.0
C0G660 1996020819 -9999 -9999 -9999 0.0
C0G660 1996020820 -9999 -9999 -9999 0.0
C0G660 1996020821 -9999 -9999 -9999 0.0
C0G660 1996020822 -9999 -9999 -9999 0.0
C0G660 1996020823 -9999 -9999 -9999 0.0
C0G660 1996020824 -9999 -9999 -9999 0.0
C0G660 1996020901 -9999 -9999 -9999 0.0
C0G660 1996020902 -9999 -9999 -9999 0.0
C0G660 1996020903 -9999 -9999 -9999 0.0
C0G660 1996020904 -9999 -9999 -9999 0.0
C0G660 1996020905 -9999 -9999 -9999 0.0
C0G660 1996020906 -9999 -9999 -9999 0.0
C0G660 1996020907 -9999 -9999 -9999 0.0
C0G660 1996020908 -9999 -9999 -9999 0.0
C0G660 1996020909 -9999 -9999 -9999 0.0
C0G660 1996020910 -9999 -9999 -9999 0.0
C0G660 1996020911 -9999 -9999 -9999 0.0
C0G660 1996020912 -9999 -9999 -9999 0.0
C0G660 1996020913 -9999 -9999 -9999 0.0
C0G660 1996020914 -9999 -9999 -9999 0.0
C0G660 1996020915 -9999 -9999 -9999 0.0
C0G660 1996020916 -9999 -9999 -9999 0.0
C0G660 1996020917 -9999 -9999 -9999 0.0
C0G660 1996020918 -9999 -9999 -9999 0.0
C0G660 1996020919 -9999 -9999 -9999 0.0
C0G660 1996020920 -9999 -9999 -9999 0.0
C0G660 1996020921 -9999 -9999 -9999 0.0
C0G660 1996020922 -9999 -9999 -9999 0.0
C0G660 1996020923 -9999 -9999 -9999 0.0
C0G660 1996020924 -9999 -9999 -9999 0.0
C0G660 1996021001 -9999 -9999 -9999 0.0
C0G660 1996021002 -9999 -9999 -9999 0.0
C0G660 1996021003 -9999 -9999 -9999 0.0
C0G660 1996021004 -9999 -9999 -9999 0.0
C0G660 1996021005 -9999 -9999 -9999 0.0
C0G660 1996021006 -9999 -9999 -9999 0.0
C0G660 1996021007 -9999 -9999 -9999 0.0
C0G660 1996021008 -9999 -9999 -9999 0.0
C0G660 1996021009 -9999 -9999 -9999 0.0
C0G660 1996021010 -9999 -9999 -9999 0.0
C0G660 1996021011 -9999 -9999 -9999 0.0
C0G660 1996021012 -9999 -9999 -9999 0.0
C0G660 1996021013 -9999 -9999 -9999 0.0
C0G660 1996021014 -9999 -9999 -9999 0.0
C0G660 1996021015 -9999 -9999 -9999 0.0
C0G660 1996021016 -9999 -9999 -9999 0.0
C0G660 1996021017 -9999 -9999 -9999 0.0
C0G660 1996021018 -9999 -9999 -9999 0.0
C0G660 1996021019 -9999 -9999 -9999 0.0
C0G660 1996021020 -9999 -9999 -9999 0.0
C0G660 1996021021 -9999 -9999 -9999 0.0
C0G660 1996021022 -9999 -9999 -9999 0.0
C0G660 1996021023 -9999 -9999 -9999 0.0
C0G660 1996021024 -9999 -9999 -9999 0.0
C0G660 1996021101 -9999 -9999 -9999 0.0
C0G660 1996021102 -9999 -9999 -9999 0.0
C0G660 1996021103 -9999 -9999 -9999 0.0
C0G660 1996021104 -9999 -9999 -9999 0.0
C0G660 1996021105 -9999 -9999 -9999 0.0
C0G660 1996021106 -9999 -9999 -9999 0.0
C0G660 1996021107 -9999 -9999 -9999 0.0
C0G660 1996021108 -9999 -9999 -9999 0.0
C0G660 1996021109 -9999 -9999 -9999 0.0
C0G660 1996021110 -9999 -9999 -9999 0.0
C0G660 1996021111 -9999 -9999 -9999 0.0
C0G660 1996021112 -9999 -9999 -9999 0.0
C0G660 1996021113 -9999 -9999 -9999 0.0
C0G660 1996021114 -9999 -9999 -9999 0.0
C0G660 1996021115 -9999 -9999 -9999 0.0
C0G660 1996021116 -9999 -9999 -9999 0.0
C0G660 1996021117 -9999 -9999 -9999 0.0
C0G660 1996021118 -9999 -9999 -9999 0.0
C0G660 1996021119 -9999 -9999 -9999 0.0
C0G660 1996021120 -9999 -9999 -9999 0.0
C0G660 1996021121 -9999 -9999 -9999 0.0
C0G660 1996021122 -9999 -9999 -9999 0.0
C0G660 1996021123 -9999 -9999 -9999 0.0
C0G660 1996021124 -9999 -9999 -9999 0.0
C0G660 1996021201 -9999 -9999 -9999 0.0
C0G660 1996021202 -9999 -9999 -9999 0.0
C0G660 1996021203 -9999 -9999 -9999 0.0
C0G660 1996021204 -9999 -9999 -9999 0.0
C0G660 1996021205 -9999 -9999 -9999 0.0
C0G660 1996021206 -9999 -9999 -9999 0.0
C0G660 1996021207 -9999 -9999 -9999 0.0
C0G660 1996021208 -9999 -9999 -9999 0.0
C0G660 1996021209 -9999 -9999 -9999 0.0
C0G660 1996021210 -9999 -9999 -9999 0.0
C0G660 1996021211 -9999 -9999 -9999 0.0
C0G660 1996021212 -9999 -9999 -9999 0.0
C0G660 1996021213 -9999 -9999 -9999 0.0
C0G660 1996021214 -9999 -9999 -9999 0.0
C0G660 1996021215 -9999 -9999 -9999 0.0
C0G660 1996021216 -9999 -9999 -9999 0.0
C0G660 1996021217 -9999 -9999 -9999 0.0
C0G660 1996021218 -9999 -9999 -9999 0.0
C0G660 1996021219 -9999 -9999 -9999 0.0
C0G660 1996021220 -9999 -9999 -9999 0.0
C0G660 1996021221 -9999 -9999 -9999 0.0
C0G660 1996021222 -9999 -9999 -9999 0.0
C0G660 1996021223 -9999 -9999 -9999 0.0
C0G660 1996021224 -9999 -9999 -9999 0.0
C0G660 1996021301 -9999 -9999 -9999 0.0
C0G660 1996021302 -9999 -9999 -9999 0.0
C0G660 1996021303 -9999 -9999 -9999 0.0
C0G660 1996021304 -9999 -9999 -9999 0.0
C0G660 1996021305 -9999 -9999 -9999 0.0
C0G660 1996021306 -9999 -9999 -9999 0.0
C0G660 1996021307 -9999 -9999 -9999 0.0
C0G660 1996021308 -9999 -9999 -9999 0.0
C0G660 1996021309 -9999 -9999 -9999 0.0
C0G660 1996021310 -9999 -9999 -9999 0.0
C0G660 1996021311 -9999 -9999 -9999 0.0
C0G660 1996021312 -9999 -9999 -9999 0.0
C0G660 1996021313 -9999 -9999 -9999 0.0
C0G660 1996021314 -9999 -9999 -9999 0.0
C0G660 1996021315 -9999 -9999 -9999 0.0
C0G660 1996021316 -9999 -9999 -9999 0.0
C0G660 1996021317 -9999 -9999 -9999 0.0
C0G660 1996021318 -9999 -9999 -9999 0.0
C0G660 1996021319 -9999 -9999 -9999 0.0
C0G660 1996021320 -9999 -9999 -9999 0.0
C0G660 1996021321 -9999 -9999 -9999 0.0
C0G660 1996021322 -9999 -9999 -9999 0.0
C0G660 1996021323 -9999 -9999 -9999 0.0
C0G660 1996021324 -9999 -9999 -9999 0.0
C0G660 1996021401 -9999 -9999 -9999 0.0
C0G660 1996021402 -9999 -9999 -9999 0.0
C0G660 1996021403 -9999 -9999 -9999 0.0
C0G660 1996021404 -9999 -9999 -9999 0.0
C0G660 1996021405 -9999 -9999 -9999 0.0
C0G660 1996021406 -9999 -9999 -9999 0.0
C0G660 1996021407 -9999 -9999 -9999 0.0
C0G660 1996021408 -9999 -9999 -9999 0.0
C0G660 1996021409 -9999 -9999 -9999 0.0
C0G660 1996021410 -9999 -9999 -9999 0.0
C0G660 1996021411 -9999 -9999 -9999 0.0
C0G660 1996021412 -9999 -9999 -9999 0.0
C0G660 1996021413 -9999 -9999 -9999 0.0
C0G660 1996021414 -9999 -9999 -9999 0.0
C0G660 1996021415 -9999 -9999 -9999 0.0
C0G660 1996021416 -9999 -9999 -9999 0.0
C0G660 1996021417 -9999 -9999 -9999 0.0
C0G660 1996021418 -9999 -9999 -9999 0.0
C0G660 1996021419 -9999 -9999 -9999 0.0
C0G660 1996021420 -9999 -9999 -9999 0.0
C0G660 1996021421 -9999 -9999 -9999 0.0
C0G660 1996021422 -9999 -9999 -9999 0.0
C0G660 1996021423 -9999 -9999 -9999 0.0
C0G660 1996021424 -9999 -9999 -9999 0.0
C0G660 1996021501 -9999 -9999 -9999 0.0
C0G660 1996021502 -9999 -9999 -9999 0.0
C0G660 1996021503 -9999 -9999 -9999 0.0
C0G660 1996021504 -9999 -9999 -9999 0.0
C0G660 1996021505 -9999 -9999 -9999 0.0
C0G660 1996021506 -9999 -9999 -9999 0.0
C0G660 1996021507 -9999 -9999 -9999 0.0
C0G660 1996021508 -9999 -9999 -9999 0.0
C0G660 1996021509 -9999 -9999 -9999 0.0
C0G660 1996021510 -9999 -9999 -9999 0.0
C0G660 1996021511 -9999 -9999 -9999 0.0
C0G660 1996021512 -9999 -9999 -9999 0.0
C0G660 1996021513 -9999 -9999 -9999 0.0
C0G660 1996021514 -9999 -9999 -9999 0.0
C0G660 1996021515 -9999 -9999 -9999 0.0
C0G660 1996021516 -9999 -9999 -9999 0.0
C0G660 1996021517 -9999 -9999 -9999 0.0
C0G660 1996021518 -9999 -9999 -9999 0.0
C0G660 1996021519 -9999 -9999 -9999 0.0
C0G660 1996021520 -9999 -9999 -9999 0.0
C0G660 1996021521 -9999 -9999 -9999 0.0
C0G660 1996021522 -9999 -9999 -9999 0.0
C0G660 1996021523 -9999 -9999 -9999 0.0
C0G660 1996021524 -9999 -9999 -9999 0.0
C0G660 1996021601 -9999 -9999 -9999 0.0
C0G660 1996021602 -9999 -9999 -9999 0.0
C0G660 1996021603 -9999 -9999 -9999 0.0
C0G660 1996021604 -9999 -9999 -9999 0.0
C0G660 1996021605 -9999 -9999 -9999 0.0
C0G660 1996021606 -9999 -9999 -9999 0.0
C0G660 1996021607 -9999 -9999 -9999 0.0
C0G660 1996021608 -9999 -9999 -9999 0.0
C0G660 1996021609 -9999 -9999 -9999 0.0
C0G660 1996021610 -9999 -9999 -9999 0.0
C0G660 1996021611 -9999 -9999 -9999 0.0
C0G660 1996021612 -9999 -9999 -9999 0.0
C0G660 1996021613 -9999 -9999 -9999 0.0
C0G660 1996021614 -9999 -9999 -9999 0.0
C0G660 1996021615 -9999 -9999 -9999 0.0
C0G660 1996021616 -9999 -9999 -9999 0.0
C0G660 1996021617 -9999 -9999 -9999 0.0
C0G660 1996021618 -9999 -9999 -9999 0.0
C0G660 1996021619 -9999 -9999 -9999 0.0
C0G660 1996021620 -9999 -9999 -9999 0.0
C0G660 1996021621 -9999 -9999 -9999 0.0
C0G660 1996021622 -9999 -9999 -9999 0.0
C0G660 1996021623 -9999 -9999 -9999 0.0
C0G660 1996021624 -9999 -9999 -9999 0.0
C0G660 1996021701 -9999 -9999 -9999 0.0
C0G660 1996021702 -9999 -9999 -9999 0.0
C0G660 1996021703 -9999 -9999 -9999 0.0
C0G660 1996021704 -9999 -9999 -9999 0.0
C0G660 1996021705 -9999 -9999 -9999 0.0
C0G660 1996021706 -9999 -9999 -9999 0.0
C0G660 1996021707 -9999 -9999 -9999 0.0
C0G660 1996021708 -9999 -9999 -9999 0.0
C0G660 1996021709 -9999 -9999 -9999 0.0
C0G660 1996021710 -9999 -9999 -9999 0.0
C0G660 1996021711 -9999 -9999 -9999 0.0
C0G660 1996021712 -9999 -9999 -9999 0.0
C0G660 1996021713 -9999 -9999 -9999 0.0
C0G660 1996021714 -9999 -9999 -9999 0.0
C0G660 1996021715 -9999 -9999 -9999 0.0
C0G660 1996021716 -9999 -9999 -9999 0.0
C0G660 1996021717 -9999 -9999 -9999 0.0
C0G660 1996021718 -9999 -9999 -9999 0.0
C0G660 1996021719 -9999 -9999 -9999 0.0
C0G660 1996021720 -9999 -9999 -9999 0.0
C0G660 1996021721 -9999 -9999 -9999 0.0
C0G660 1996021722 -9999 -9999 -9999 0.0
C0G660 1996021723 -9999 -9999 -9999 0.0
C0G660 1996021724 -9999 -9999 -9999 0.0
C0G660 1996021801 -9999 -9999 -9999 0.0
C0G660 1996021802 -9999 -9999 -9999 0.0
C0G660 1996021803 -9999 -9999 -9999 0.0
C0G660 1996021804 -9999 -9999 -9999 0.0
C0G660 1996021805 -9999 -9999 -9999 0.0
C0G660 1996021806 -9999 -9999 -9999 0.0
C0G660 1996021807 -9999 -9999 -9999 0.0
C0G660 1996021808 -9999 -9999 -9999 0.0
C0G660 1996021809 -9999 -9999 -9999 -9996
C0G660 1996021810 -9999 -9999 -9999 -9996
C0G660 1996021811 -9999 -9999 -9999 -9996
C0G660 1996021812 -9999 -9999 -9999 -9996
C0G660 1996021813 -9999 -9999 -9999 -9996
C0G660 1996021814 -9999 -9999 -9999 1.0
C0G660 1996021815 -9999 -9999 -9999 0.0
C0G660 1996021816 -9999 -9999 -9999 0.0
C0G660 1996021817 -9999 -9999 -9999 0.0
C0G660 1996021818 -9999 -9999 -9999 0.0
C0G660 1996021819 -9999 -9999 -9999 0.0
C0G660 1996021820 -9999 -9999 -9999 0.0
C0G660 1996021821 -9999 -9999 -9999 -9996
C0G660 1996021822 -9999 -9999 -9999 -9996
C0G660 1996021823 -9999 -9999 -9999 0.5
C0G660 1996021824 -9999 -9999 -9999 -9996
C0G660 1996021901 -9999 -9999 -9999 -9996
C0G660 1996021902 -9999 -9999 -9999 -9996
C0G660 1996021903 -9999 -9999 -9999 0.5
C0G660 1996021904 -9999 -9999 -9999 1.5
C0G660 1996021905 -9999 -9999 -9999 0.5
C0G660 1996021906 -9999 -9999 -9999 0.5
C0G660 1996021907 -9999 -9999 -9999 1.5
C0G660 1996021908 -9999 -9999 -9999 0.0
C0G660 1996021909 -9999 -9999 -9999 0.0
C0G660 1996021910 -9999 -9999 -9999 0.0
C0G660 1996021911 -9999 -9999 -9999 0.0
C0G660 1996021912 -9999 -9999 -9999 0.0
C0G660 1996021913 -9999 -9999 -9999 0.0
C0G660 1996021914 -9999 -9999 -9999 0.0
C0G660 1996021915 -9999 -9999 -9999 0.0
C0G660 1996021916 -9999 -9999 -9999 0.0
C0G660 1996021917 -9999 -9999 -9999 0.0
C0G660 1996021918 -9999 -9999 -9999 0.0
C0G660 1996021919 -9999 -9999 -9999 0.0
C0G660 1996021920 -9999 -9999 -9999 0.0
C0G660 1996021921 -9999 -9999 -9999 0.0
C0G660 1996021922 -9999 -9999 -9999 0.0
C0G660 1996021923 -9999 -9999 -9999 0.0
C0G660 1996021924 -9999 -9999 -9999 0.0
C0G660 1996022001 -9999 -9999 -9999 0.0
C0G660 1996022002 -9999 -9999 -9999 0.0
C0G660 1996022003 -9999 -9999 -9999 -9996
C0G660 1996022004 -9999 -9999 -9999 -9996
C0G660 1996022005 -9999 -9999 -9999 -9996
C0G660 1996022006 -9999 -9999 -9999 -9996
C0G660 1996022007 -9999 -9999 -9999 0.5
C0G660 1996022008 -9999 -9999 -9999 0.0
C0G660 1996022009 -9999 -9999 -9999 0.0
C0G660 1996022010 -9999 -9999 -9999 0.0
C0G660 1996022011 -9999 -9999 -9999 0.0
C0G660 1996022012 -9999 -9999 -9999 0.0
C0G660 1996022013 -9999 -9999 -9999 0.0
C0G660 1996022014 -9999 -9999 -9999 -9996
C0G660 1996022015 -9999 -9999 -9999 -9996
C0G660 1996022016 -9999 -9999 -9999 -9996
C0G660 1996022017 -9999 -9999 -9999 -9996
C0G660 1996022018 -9999 -9999 -9999 -9996
C0G660 1996022019 -9999 -9999 -9999 -9996
C0G660 1996022020 -9999 -9999 -9999 -9996
C0G660 1996022021 -9999 -9999 -9999 -9996
C0G660 1996022022 -9999 -9999 -9999 -9996
C0G660 1996022023 -9999 -9999 -9999 -9996
C0G660 1996022024 -9999 -9999 -9999 -9996
C0G660 1996022101 -9999 -9999 -9999 0.0
C0G660 1996022102 -9999 -9999 -9999 -9996
C0G660 1996022103 -9999 -9999 -9999 -9996
C0G660 1996022104 -9999 -9999 -9999 -9996
C0G660 1996022105 -9999 -9999 -9999 -9996
C0G660 1996022106 -9999 -9999 -9999 -9996
C0G660 1996022107 -9999 -9999 -9999 0.5
C0G660 1996022108 -9999 -9999 -9999 0.0
C0G660 1996022109 -9999 -9999 -9999 0.0
C0G660 1996022110 -9999 -9999 -9999 0.0
C0G660 1996022111 -9999 -9999 -9999 0.0
C0G660 1996022112 -9999 -9999 -9999 0.0
C0G660 1996022113 -9999 -9999 -9999 0.0
C0G660 1996022114 -9999 -9999 -9999 0.0
C0G660 1996022115 -9999 -9999 -9999 0.0
C0G660 1996022116 -9999 -9999 -9999 0.0
C0G660 1996022117 -9999 -9999 -9999 0.0
C0G660 1996022118 -9999 -9999 -9999 0.0
C0G660 1996022119 -9999 -9999 -9999 0.0
C0G660 1996022120 -9999 -9999 -9999 0.0
C0G660 1996022121 -9999 -9999 -9999 0.0
C0G660 1996022122 -9999 -9999 -9999 0.0
C0G660 1996022123 -9999 -9999 -9999 0.0
C0G660 1996022124 -9999 -9999 -9999 0.0
C0G660 1996022201 -9999 -9999 -9999 0.0
C0G660 1996022202 -9999 -9999 -9999 0.5
C0G660 1996022203 -9999 -9999 -9999 0.0
C0G660 1996022204 -9999 -9999 -9999 0.0
C0G660 1996022205 -9999 -9999 -9999 0.0
C0G660 1996022206 -9999 -9999 -9999 0.0
C0G660 1996022207 -9999 -9999 -9999 0.0
C0G660 1996022208 -9999 -9999 -9999 0.0
C0G660 1996022209 -9999 -9999 -9999 0.0
C0G660 1996022210 -9999 -9999 -9999 0.0
C0G660 1996022211 -9999 -9999 -9999 0.0
C0G660 1996022212 -9999 -9999 -9999 0.0
C0G660 1996022213 -9999 -9999 -9999 0.0
C0G660 1996022214 -9999 -9999 -9999 0.0
C0G660 1996022215 -9999 -9999 -9999 0.0
C0G660 1996022216 -9999 -9999 -9999 0.0
C0G660 1996022217 -9999 -9999 -9999 0.0
C0G660 1996022218 -9999 -9999 -9999 0.0
C0G660 1996022219 -9999 -9999 -9999 0.0
C0G660 1996022220 -9999 -9999 -9999 0.0
C0G660 1996022221 -9999 -9999 -9999 0.0
C0G660 1996022222 -9999 -9999 -9999 0.0
C0G660 1996022223 -9999 -9999 -9999 0.0
C0G660 1996022224 -9999 -9999 -9999 0.0
C0G660 1996022301 -9999 -9999 -9999 0.0
C0G660 1996022302 -9999 -9999 -9999 0.0
C0G660 1996022303 -9999 -9999 -9999 0.0
C0G660 1996022304 -9999 -9999 -9999 0.0
C0G660 1996022305 -9999 -9999 -9999 0.0
C0G660 1996022306 -9999 -9999 -9999 0.0
C0G660 1996022307 -9999 -9999 -9999 0.0
C0G660 1996022308 -9999 -9999 -9999 0.0
C0G660 1996022309 -9999 -9999 -9999 0.0
C0G660 1996022310 -9999 -9999 -9999 0.0
C0G660 1996022311 -9999 -9999 -9999 0.0
C0G660 1996022312 -9999 -9999 -9999 0.0
C0G660 1996022313 -9999 -9999 -9999 0.0
C0G660 1996022314 -9999 -9999 -9999 0.0
C0G660 1996022315 -9999 -9999 -9999 0.0
C0G660 1996022316 -9999 -9999 -9999 0.0
C0G660 1996022317 -9999 -9999 -9999 0.0
C0G660 1996022318 -9999 -9999 -9999 0.0
C0G660 1996022319 -9999 -9999 -9999 0.0
C0G660 1996022320 -9999 -9999 -9999 0.0
C0G660 1996022321 -9999 -9999 -9999 0.0
C0G660 1996022322 -9999 -9999 -9999 0.0
C0G660 1996022323 -9999 -9999 -9999 0.0
C0G660 1996022324 -9999 -9999 -9999 0.0
C0G660 1996022401 -9999 -9999 -9999 0.0
C0G660 1996022402 -9999 -9999 -9999 0.0
C0G660 1996022403 -9999 -9999 -9999 0.0
C0G660 1996022404 -9999 -9999 -9999 0.0
C0G660 1996022405 -9999 -9999 -9999 0.0
C0G660 1996022406 -9999 -9999 -9999 0.0
C0G660 1996022407 -9999 -9999 -9999 0.0
C0G660 1996022408 -9999 -9999 -9999 0.0
C0G660 1996022409 -9999 -9999 -9999 0.0
C0G660 1996022410 -9999 -9999 -9999 0.0
C0G660 1996022411 -9999 -9999 -9999 0.0
C0G660 1996022412 -9999 -9999 -9999 0.5
C0G660 1996022413 -9999 -9999 -9999 0.0
C0G660 1996022414 -9999 -9999 -9999 0.0
C0G660 1996022415 -9999 -9999 -9999 0.0
C0G660 1996022416 -9999 -9999 -9999 0.0
C0G660 1996022417 -9999 -9999 -9999 0.0
C0G660 1996022418 -9999 -9999 -9999 0.0
C0G660 1996022419 -9999 -9999 -9999 -9996
C0G660 1996022420 -9999 -9999 -9999 -9996
C0G660 1996022421 -9999 -9999 -9999 -9996
C0G660 1996022422 -9999 -9999 -9999 0.5
C0G660 1996022423 -9999 -9999 -9999 -9996
C0G660 1996022424 -9999 -9999 -9999 0.5
C0G660 1996022501 -9999 -9999 -9999 -9996
C0G660 1996022502 -9999 -9999 -9999 -9996
C0G660 1996022503 -9999 -9999 -9999 -9996
C0G660 1996022504 -9999 -9999 -9999 0.5
C0G660 1996022505 -9999 -9999 -9999 0.5
C0G660 1996022506 -9999 -9999 -9999 0.0
C0G660 1996022507 -9999 -9999 -9999 0.0
C0G660 1996022508 -9999 -9999 -9999 0.0
C0G660 1996022509 -9999 -9999 -9999 0.0
C0G660 1996022510 -9999 -9999 -9999 0.0
C0G660 1996022511 -9999 -9999 -9999 0.0
C0G660 1996022512 -9999 -9999 -9999 0.0
C0G660 1996022513 -9999 -9999 -9999 0.0
C0G660 1996022514 -9999 -9999 -9999 0.0
C0G660 1996022515 -9999 -9999 -9999 0.0
C0G660 1996022516 -9999 -9999 -9999 0.0
C0G660 1996022517 -9999 -9999 -9999 0.0
C0G660 1996022518 -9999 -9999 -9999 0.0
C0G660 1996022519 -9999 -9999 -9999 0.0
C0G660 1996022520 -9999 -9999 -9999 0.0
C0G660 1996022521 -9999 -9999 -9999 0.0
C0G660 1996022522 -9999 -9999 -9999 0.0
C0G660 1996022523 -9999 -9999 -9999 0.0
C0G660 1996022524 -9999 -9999 -9999 0.0
C0G660 1996022601 -9999 -9999 -9999 0.5
C0G660 1996022602 -9999 -9999 -9999 -9996
C0G660 1996022603 -9999 -9999 -9999 -9996
C0G660 1996022604 -9999 -9999 -9999 -9996
C0G660 1996022605 -9999 -9999 -9999 0.5
C0G660 1996022606 -9999 -9999 -9999 -9996
C0G660 1996022607 -9999 -9999 -9999 -9996
C0G660 1996022608 -9999 -9999 -9999 1.0
C0G660 1996022609 -9999 -9999 -9999 9.0
C0G660 1996022610 -9999 -9999 -9999 -9996
C0G660 1996022611 -9999 -9999 -9999 -9996
C0G660 1996022612 -9999 -9999 -9999 -9996
C0G660 1996022613 -9999 -9999 -9999 0.5
C0G660 1996022614 -9999 -9999 -9999 4.5
C0G660 1996022615 -9999 -9999 -9999 3.0
C0G660 1996022616 -9999 -9999 -9999 4.5
C0G660 1996022617 -9999 -9999 -9999 4.0
C0G660 1996022618 -9999 -9999 -9999 1.5
C0G660 1996022619 -9999 -9999 -9999 1.0
C0G660 1996022620 -9999 -9999 -9999 -9996
C0G660 1996022621 -9999 -9999 -9999 -9996
C0G660 1996022622 -9999 -9999 -9999 -9996
C0G660 1996022623 -9999 -9999 -9999 -9996
C0G660 1996022624 -9999 -9999 -9999 -9996
C0G660 1996022701 -9999 -9999 -9999 0.0
C0G660 1996022702 -9999 -9999 -9999 0.0
C0G660 1996022703 -9999 -9999 -9999 0.0
C0G660 1996022704 -9999 -9999 -9999 0.0
C0G660 1996022705 -9999 -9999 -9999 0.0
C0G660 1996022706 -9999 -9999 -9999 0.0
C0G660 1996022707 -9999 -9999 -9999 0.0
C0G660 1996022708 -9999 -9999 -9999 0.0
C0G660 1996022709 -9999 -9999 -9999 0.0
C0G660 1996022710 -9999 -9999 -9999 0.0
C0G660 1996022711 -9999 -9999 -9999 0.0
C0G660 1996022712 -9999 -9999 -9999 0.0
C0G660 1996022713 -9999 -9999 -9999 0.0
C0G660 1996022714 -9999 -9999 -9999 0.0
C0G660 1996022715 -9999 -9999 -9999 0.0
C0G660 1996022716 -9999 -9999 -9999 0.0
C0G660 1996022717 -9999 -9999 -9999 0.0
C0G660 1996022718 -9999 -9999 -9999 0.0
C0G660 1996022719 -9999 -9999 -9999 0.0
C0G660 1996022720 -9999 -9999 -9999 0.0
C0G660 1996022721 -9999 -9999 -9999 0.0
C0G660 1996022722 -9999 -9999 -9999 0.0
C0G660 1996022723 -9999 -9999 -9999 0.0
C0G660 1996022724 -9999 -9999 -9999 0.0
C0G660 1996022801 -9999 -9999 -9999 0.0
C0G660 1996022802 -9999 -9999 -9999 0.0
C0G660 1996022803 -9999 -9999 -9999 0.0
C0G660 1996022804 -9999 -9999 -9999 0.0
C0G660 1996022805 -9999 -9999 -9999 0.0
C0G660 1996022806 -9999 -9999 -9999 0.0
C0G660 1996022807 -9999 -9999 -9999 0.0
C0G660 1996022808 -9999 -9999 -9999 0.0
C0G660 1996022809 -9999 -9999 -9999 0.0
C0G660 1996022810 -9999 -9999 -9999 0.0
C0G660 1996022811 -9999 -9999 -9999 0.0
C0G660 1996022812 -9999 -9999 -9999 0.0
C0G660 1996022813 -9999 -9999 -9999 0.0
C0G660 1996022814 -9999 -9999 -9999 0.0
C0G660 1996022815 -9999 -9999 -9999 0.0
C0G660 1996022816 -9999 -9999 -9999 0.0
C0G660 1996022817 -9999 -9999 -9999 0.0
C0G660 1996022818 -9999 -9999 -9999 0.0
C0G660 1996022819 -9999 -9999 -9999 0.0
C0G660 1996022820 -9999 -9999 -9999 0.0
C0G660 1996022821 -9999 -9999 -9999 0.0
C0G660 1996022822 -9999 -9999 -9999 0.0
C0G660 1996022823 -9999 -9999 -9999 0.0
C0G660 1996022824 -9999 -9999 -9999 0.0
C0G660 1996022901 -9999 -9999 -9999 0.0
C0G660 1996022902 -9999 -9999 -9999 0.0
C0G660 1996022903 -9999 -9999 -9999 0.0
C0G660 1996022904 -9999 -9999 -9999 0.0
C0G660 1996022905 -9999 -9999 -9999 0.0
C0G660 1996022906 -9999 -9999 -9999 0.0
C0G660 1996022907 -9999 -9999 -9999 0.0
C0G660 1996022908 -9999 -9999 -9999 0.0
C0G660 1996022909 -9999 -9999 -9999 0.0
C0G660 1996022910 -9999 -9999 -9999 0.0
C0G660 1996022911 -9999 -9999 -9999 0.0
C0G660 1996022912 -9999 -9999 -9999 0.0
C0G660 1996022913 -9999 -9999 -9999 0.0
C0G660 1996022914 -9999 -9999 -9999 0.0
C0G660 1996022915 -9999 -9999 -9999 0.0
C0G660 1996022916 -9999 -9999 -9999 0.0
C0G660 1996022917 -9999 -9999 -9999 0.0
C0G660 1996022918 -9999 -9999 -9999 0.0
C0G660 1996022919 -9999 -9999 -9999 0.0
C0G660 1996022920 -9999 -9999 -9999 0.0
C0G660 1996022921 -9999 -9999 -9999 0.0
C0G660 1996022922 -9999 -9999 -9999 0.0
C0G660 1996022923 -9999 -9999 -9999 0.0
C0G660 1996022924 -9999 -9999 -9999 0.0
