C0G620 1996070101 -9999 -9999 -9999 0.0
C0G620 1996070102 -9999 -9999 -9999 0.0
C0G620 1996070103 -9999 -9999 -9999 0.0
C0G620 1996070104 -9999 -9999 -9999 0.0
C0G620 1996070105 -9999 -9999 -9999 0.0
C0G620 1996070106 -9999 -9999 -9999 0.0
C0G620 1996070107 -9999 -9999 -9999 0.0
C0G620 1996070108 -9999 -9999 -9999 0.0
C0G620 1996070109 -9999 -9999 -9999 0.0
C0G620 1996070110 -9999 -9999 -9999 0.0
C0G620 1996070111 -9999 -9999 -9999 0.0
C0G620 1996070112 -9999 -9999 -9999 0.0
C0G620 1996070113 -9999 -9999 -9999 0.0
C0G620 1996070114 -9999 -9999 -9999 0.0
C0G620 1996070115 -9999 -9999 -9999 0.0
C0G620 1996070116 -9999 -9999 -9999 0.0
C0G620 1996070117 -9999 -9999 -9999 0.0
C0G620 1996070118 -9999 -9999 -9999 0.0
C0G620 1996070119 -9999 -9999 -9999 0.0
C0G620 1996070120 -9999 -9999 -9999 0.0
C0G620 1996070121 -9999 -9999 -9999 0.0
C0G620 1996070122 -9999 -9999 -9999 0.0
C0G620 1996070123 -9999 -9999 -9999 0.0
C0G620 1996070124 -9999 -9999 -9999 0.0
C0G620 1996070201 -9999 -9999 -9999 0.0
C0G620 1996070202 -9999 -9999 -9999 0.0
C0G620 1996070203 -9999 -9999 -9999 0.0
C0G620 1996070204 -9999 -9999 -9999 0.0
C0G620 1996070205 -9999 -9999 -9999 0.0
C0G620 1996070206 -9999 -9999 -9999 0.0
C0G620 1996070207 -9999 -9999 -9999 0.0
C0G620 1996070208 -9999 -9999 -9999 0.0
C0G620 1996070209 -9999 -9999 -9999 0.0
C0G620 1996070210 -9999 -9999 -9999 0.0
C0G620 1996070211 -9999 -9999 -9999 0.0
C0G620 1996070212 -9999 -9999 -9999 0.0
C0G620 1996070213 -9999 -9999 -9999 0.0
C0G620 1996070214 -9999 -9999 -9999 0.0
C0G620 1996070215 -9999 -9999 -9999 0.0
C0G620 1996070216 -9999 -9999 -9999 0.0
C0G620 1996070217 -9999 -9999 -9999 0.0
C0G620 1996070218 -9999 -9999 -9999 0.0
C0G620 1996070219 -9999 -9999 -9999 0.0
C0G620 1996070220 -9999 -9999 -9999 0.0
C0G620 1996070221 -9999 -9999 -9999 0.0
C0G620 1996070222 -9999 -9999 -9999 0.0
C0G620 1996070223 -9999 -9999 -9999 0.0
C0G620 1996070224 -9999 -9999 -9999 0.0
C0G620 1996070301 -9999 -9999 -9999 0.0
C0G620 1996070302 -9999 -9999 -9999 0.0
C0G620 1996070303 -9999 -9999 -9999 0.0
C0G620 1996070304 -9999 -9999 -9999 0.0
C0G620 1996070305 -9999 -9999 -9999 0.0
C0G620 1996070306 -9999 -9999 -9999 0.0
C0G620 1996070307 -9999 -9999 -9999 0.0
C0G620 1996070308 -9999 -9999 -9999 0.0
C0G620 1996070309 -9999 -9999 -9999 0.0
C0G620 1996070310 -9999 -9999 -9999 0.0
C0G620 1996070311 -9999 -9999 -9999 0.0
C0G620 1996070312 -9999 -9999 -9999 0.0
C0G620 1996070313 -9999 -9999 -9999 0.0
C0G620 1996070314 -9999 -9999 -9999 0.0
C0G620 1996070315 -9999 -9999 -9999 0.0
C0G620 1996070316 -9999 -9999 -9999 -9996
C0G620 1996070317 -9999 -9999 -9999 -9996
C0G620 1996070318 -9999 -9999 -9999 -9996
C0G620 1996070319 -9999 -9999 -9999 -9996
C0G620 1996070320 -9999 -9999 -9999 -9996
C0G620 1996070321 -9999 -9999 -9999 -9996
C0G620 1996070322 -9999 -9999 -9999 1.0
C0G620 1996070323 -9999 -9999 -9999 0.0
C0G620 1996070324 -9999 -9999 -9999 0.0
C0G620 1996070401 -9999 -9999 -9999 0.0
C0G620 1996070402 -9999 -9999 -9999 0.0
C0G620 1996070403 -9999 -9999 -9999 0.0
C0G620 1996070404 -9999 -9999 -9999 0.0
C0G620 1996070405 -9999 -9999 -9999 0.0
C0G620 1996070406 -9999 -9999 -9999 0.0
C0G620 1996070407 -9999 -9999 -9999 0.0
C0G620 1996070408 -9999 -9999 -9999 0.0
C0G620 1996070409 -9999 -9999 -9999 0.0
C0G620 1996070410 -9999 -9999 -9999 0.0
C0G620 1996070411 -9999 -9999 -9999 0.0
C0G620 1996070412 -9999 -9999 -9999 0.0
C0G620 1996070413 -9999 -9999 -9999 0.0
C0G620 1996070414 -9999 -9999 -9999 0.0
C0G620 1996070415 -9999 -9999 -9999 0.0
C0G620 1996070416 -9999 -9999 -9999 0.0
C0G620 1996070417 -9999 -9999 -9999 -9996
C0G620 1996070418 -9999 -9999 -9999 -9996
C0G620 1996070419 -9999 -9999 -9999 -9996
C0G620 1996070420 -9999 -9999 -9999 -9996
C0G620 1996070421 -9999 -9999 -9999 1.0
C0G620 1996070422 -9999 -9999 -9999 0.5
C0G620 1996070423 -9999 -9999 -9999 0.0
C0G620 1996070424 -9999 -9999 -9999 0.0
C0G620 1996070501 -9999 -9999 -9999 0.0
C0G620 1996070502 -9999 -9999 -9999 0.0
C0G620 1996070503 -9999 -9999 -9999 0.0
C0G620 1996070504 -9999 -9999 -9999 0.0
C0G620 1996070505 -9999 -9999 -9999 0.0
C0G620 1996070506 -9999 -9999 -9999 0.0
C0G620 1996070507 -9999 -9999 -9999 0.0
C0G620 1996070508 -9999 -9999 -9999 0.0
C0G620 1996070509 -9999 -9999 -9999 0.0
C0G620 1996070510 -9999 -9999 -9999 0.0
C0G620 1996070511 -9999 -9999 -9999 0.0
C0G620 1996070512 -9999 -9999 -9999 0.0
C0G620 1996070513 -9999 -9999 -9999 0.0
C0G620 1996070514 -9999 -9999 -9999 0.0
C0G620 1996070515 -9999 -9999 -9999 0.0
C0G620 1996070516 -9999 -9999 -9999 0.0
C0G620 1996070517 -9999 -9999 -9999 0.0
C0G620 1996070518 -9999 -9999 -9999 0.0
C0G620 1996070519 -9999 -9999 -9999 0.0
C0G620 1996070520 -9999 -9999 -9999 0.0
C0G620 1996070521 -9999 -9999 -9999 0.0
C0G620 1996070522 -9999 -9999 -9999 0.0
C0G620 1996070523 -9999 -9999 -9999 0.0
C0G620 1996070524 -9999 -9999 -9999 0.0
C0G620 1996070601 -9999 -9999 -9999 0.0
C0G620 1996070602 -9999 -9999 -9999 0.0
C0G620 1996070603 -9999 -9999 -9999 0.0
C0G620 1996070604 -9999 -9999 -9999 0.0
C0G620 1996070605 -9999 -9999 -9999 0.0
C0G620 1996070606 -9999 -9999 -9999 0.0
C0G620 1996070607 -9999 -9999 -9999 0.0
C0G620 1996070608 -9999 -9999 -9999 0.0
C0G620 1996070609 -9999 -9999 -9999 0.0
C0G620 1996070610 -9999 -9999 -9999 0.0
C0G620 1996070611 -9999 -9999 -9999 0.0
C0G620 1996070612 -9999 -9999 -9999 0.0
C0G620 1996070613 -9999 -9999 -9999 0.0
C0G620 1996070614 -9999 -9999 -9999 0.0
C0G620 1996070615 -9999 -9999 -9999 0.0
C0G620 1996070616 -9999 -9999 -9999 0.0
C0G620 1996070617 -9999 -9999 -9999 0.0
C0G620 1996070618 -9999 -9999 -9999 0.0
C0G620 1996070619 -9999 -9999 -9999 0.0
C0G620 1996070620 -9999 -9999 -9999 0.0
C0G620 1996070621 -9999 -9999 -9999 0.0
C0G620 1996070622 -9999 -9999 -9999 0.0
C0G620 1996070623 -9999 -9999 -9999 0.0
C0G620 1996070624 -9999 -9999 -9999 0.0
C0G620 1996070701 -9999 -9999 -9999 0.0
C0G620 1996070702 -9999 -9999 -9999 0.0
C0G620 1996070703 -9999 -9999 -9999 0.0
C0G620 1996070704 -9999 -9999 -9999 0.0
C0G620 1996070705 -9999 -9999 -9999 0.0
C0G620 1996070706 -9999 -9999 -9999 0.0
C0G620 1996070707 -9999 -9999 -9999 0.0
C0G620 1996070708 -9999 -9999 -9999 0.0
C0G620 1996070709 -9999 -9999 -9999 0.0
C0G620 1996070710 -9999 -9999 -9999 0.0
C0G620 1996070711 -9999 -9999 -9999 0.0
C0G620 1996070712 -9999 -9999 -9999 0.0
C0G620 1996070713 -9999 -9999 -9999 0.0
C0G620 1996070714 -9999 -9999 -9999 0.0
C0G620 1996070715 -9999 -9999 -9999 0.0
C0G620 1996070716 -9999 -9999 -9999 0.0
C0G620 1996070717 -9999 -9999 -9999 0.0
C0G620 1996070718 -9999 -9999 -9999 0.0
C0G620 1996070719 -9999 -9999 -9999 0.0
C0G620 1996070720 -9999 -9999 -9999 0.0
C0G620 1996070721 -9999 -9999 -9999 0.0
C0G620 1996070722 -9999 -9999 -9999 0.0
C0G620 1996070723 -9999 -9999 -9999 0.0
C0G620 1996070724 -9999 -9999 -9999 0.0
C0G620 1996070801 -9999 -9999 -9999 0.0
C0G620 1996070802 -9999 -9999 -9999 0.0
C0G620 1996070803 -9999 -9999 -9999 0.0
C0G620 1996070804 -9999 -9999 -9999 0.0
C0G620 1996070805 -9999 -9999 -9999 0.0
C0G620 1996070806 -9999 -9999 -9999 0.0
C0G620 1996070807 -9999 -9999 -9999 0.0
C0G620 1996070808 -9999 -9999 -9999 0.0
C0G620 1996070809 -9999 -9999 -9999 0.0
C0G620 1996070810 -9999 -9999 -9999 0.0
C0G620 1996070811 -9999 -9999 -9999 0.0
C0G620 1996070812 -9999 -9999 -9999 0.0
C0G620 1996070813 -9999 -9999 -9999 0.0
C0G620 1996070814 -9999 -9999 -9999 0.0
C0G620 1996070815 -9999 -9999 -9999 0.0
C0G620 1996070816 -9999 -9999 -9999 0.0
C0G620 1996070817 -9999 -9999 -9999 0.0
C0G620 1996070818 -9999 -9999 -9999 0.0
C0G620 1996070819 -9999 -9999 -9999 0.0
C0G620 1996070820 -9999 -9999 -9999 0.0
C0G620 1996070821 -9999 -9999 -9999 0.0
C0G620 1996070822 -9999 -9999 -9999 0.0
C0G620 1996070823 -9999 -9999 -9999 0.0
C0G620 1996070824 -9999 -9999 -9999 0.0
C0G620 1996070901 -9999 -9999 -9999 0.0
C0G620 1996070902 -9999 -9999 -9999 0.0
C0G620 1996070903 -9999 -9999 -9999 0.0
C0G620 1996070904 -9999 -9999 -9999 0.0
C0G620 1996070905 -9999 -9999 -9999 0.0
C0G620 1996070906 -9999 -9999 -9999 0.0
C0G620 1996070907 -9999 -9999 -9999 0.0
C0G620 1996070908 -9999 -9999 -9999 0.0
C0G620 1996070909 -9999 -9999 -9999 0.0
C0G620 1996070910 -9999 -9999 -9999 0.0
C0G620 1996070911 -9999 -9999 -9999 0.0
C0G620 1996070912 -9999 -9999 -9999 0.0
C0G620 1996070913 -9999 -9999 -9999 0.0
C0G620 1996070914 -9999 -9999 -9999 0.0
C0G620 1996070915 -9999 -9999 -9999 0.0
C0G620 1996070916 -9999 -9999 -9999 0.0
C0G620 1996070917 -9999 -9999 -9999 0.0
C0G620 1996070918 -9999 -9999 -9999 0.0
C0G620 1996070919 -9999 -9999 -9999 0.0
C0G620 1996070920 -9999 -9999 -9999 0.0
C0G620 1996070921 -9999 -9999 -9999 0.0
C0G620 1996070922 -9999 -9999 -9999 0.0
C0G620 1996070923 -9999 -9999 -9999 0.0
C0G620 1996070924 -9999 -9999 -9999 0.0
C0G620 1996071001 -9999 -9999 -9999 0.0
C0G620 1996071002 -9999 -9999 -9999 0.0
C0G620 1996071003 -9999 -9999 -9999 0.0
C0G620 1996071004 -9999 -9999 -9999 0.0
C0G620 1996071005 -9999 -9999 -9999 0.0
C0G620 1996071006 -9999 -9999 -9999 0.0
C0G620 1996071007 -9999 -9999 -9999 0.0
C0G620 1996071008 -9999 -9999 -9999 0.0
C0G620 1996071009 -9999 -9999 -9999 0.0
C0G620 1996071010 -9999 -9999 -9999 0.0
C0G620 1996071011 -9999 -9999 -9999 0.0
C0G620 1996071012 -9999 -9999 -9999 0.0
C0G620 1996071013 -9999 -9999 -9999 0.0
C0G620 1996071014 -9999 -9999 -9999 0.0
C0G620 1996071015 -9999 -9999 -9999 0.0
C0G620 1996071016 -9999 -9999 -9999 0.0
C0G620 1996071017 -9999 -9999 -9999 0.0
C0G620 1996071018 -9999 -9999 -9999 0.0
C0G620 1996071019 -9999 -9999 -9999 0.0
C0G620 1996071020 -9999 -9999 -9999 0.0
C0G620 1996071021 -9999 -9999 -9999 0.0
C0G620 1996071022 -9999 -9999 -9999 0.0
C0G620 1996071023 -9999 -9999 -9999 0.0
C0G620 1996071024 -9999 -9999 -9999 0.0
C0G620 1996071101 -9999 -9999 -9999 0.0
C0G620 1996071102 -9999 -9999 -9999 0.0
C0G620 1996071103 -9999 -9999 -9999 0.0
C0G620 1996071104 -9999 -9999 -9999 0.0
C0G620 1996071105 -9999 -9999 -9999 0.0
C0G620 1996071106 -9999 -9999 -9999 0.0
C0G620 1996071107 -9999 -9999 -9999 0.0
C0G620 1996071108 -9999 -9999 -9999 0.0
C0G620 1996071109 -9999 -9999 -9999 0.0
C0G620 1996071110 -9999 -9999 -9999 0.0
C0G620 1996071111 -9999 -9999 -9999 0.0
C0G620 1996071112 -9999 -9999 -9999 0.0
C0G620 1996071113 -9999 -9999 -9999 0.0
C0G620 1996071114 -9999 -9999 -9999 0.0
C0G620 1996071115 -9999 -9999 -9999 0.0
C0G620 1996071116 -9999 -9999 -9999 0.0
C0G620 1996071117 -9999 -9999 -9999 0.0
C0G620 1996071118 -9999 -9999 -9999 0.0
C0G620 1996071119 -9999 -9999 -9999 0.0
C0G620 1996071120 -9999 -9999 -9999 0.0
C0G620 1996071121 -9999 -9999 -9999 0.0
C0G620 1996071122 -9999 -9999 -9999 0.0
C0G620 1996071123 -9999 -9999 -9999 0.0
C0G620 1996071124 -9999 -9999 -9999 0.0
C0G620 1996071201 -9999 -9999 -9999 0.0
C0G620 1996071202 -9999 -9999 -9999 0.0
C0G620 1996071203 -9999 -9999 -9999 0.0
C0G620 1996071204 -9999 -9999 -9999 0.0
C0G620 1996071205 -9999 -9999 -9999 0.0
C0G620 1996071206 -9999 -9999 -9999 0.0
C0G620 1996071207 -9999 -9999 -9999 0.0
C0G620 1996071208 -9999 -9999 -9999 0.0
C0G620 1996071209 -9999 -9999 -9999 0.0
C0G620 1996071210 -9999 -9999 -9999 0.0
C0G620 1996071211 -9999 -9999 -9999 0.0
C0G620 1996071212 -9999 -9999 -9999 0.0
C0G620 1996071213 -9999 -9999 -9999 0.0
C0G620 1996071214 -9999 -9999 -9999 0.0
C0G620 1996071215 -9999 -9999 -9999 0.0
C0G620 1996071216 -9999 -9999 -9999 0.0
C0G620 1996071217 -9999 -9999 -9999 0.0
C0G620 1996071218 -9999 -9999 -9999 0.0
C0G620 1996071219 -9999 -9999 -9999 0.0
C0G620 1996071220 -9999 -9999 -9999 0.0
C0G620 1996071221 -9999 -9999 -9999 0.0
C0G620 1996071222 -9999 -9999 -9999 0.0
C0G620 1996071223 -9999 -9999 -9999 0.0
C0G620 1996071224 -9999 -9999 -9999 0.0
C0G620 1996071301 -9999 -9999 -9999 0.0
C0G620 1996071302 -9999 -9999 -9999 0.0
C0G620 1996071303 -9999 -9999 -9999 0.0
C0G620 1996071304 -9999 -9999 -9999 0.0
C0G620 1996071305 -9999 -9999 -9999 0.0
C0G620 1996071306 -9999 -9999 -9999 0.0
C0G620 1996071307 -9999 -9999 -9999 0.0
C0G620 1996071308 -9999 -9999 -9999 0.0
C0G620 1996071309 -9999 -9999 -9999 0.0
C0G620 1996071310 -9999 -9999 -9999 0.0
C0G620 1996071311 -9999 -9999 -9999 0.0
C0G620 1996071312 -9999 -9999 -9999 0.0
C0G620 1996071313 -9999 -9999 -9999 0.0
C0G620 1996071314 -9999 -9999 -9999 0.0
C0G620 1996071315 -9999 -9999 -9999 0.0
C0G620 1996071316 -9999 -9999 -9999 0.0
C0G620 1996071317 -9999 -9999 -9999 0.0
C0G620 1996071318 -9999 -9999 -9999 0.0
C0G620 1996071319 -9999 -9999 -9999 0.0
C0G620 1996071320 -9999 -9999 -9999 0.0
C0G620 1996071321 -9999 -9999 -9999 0.0
C0G620 1996071322 -9999 -9999 -9999 0.0
C0G620 1996071323 -9999 -9999 -9999 0.0
C0G620 1996071324 -9999 -9999 -9999 0.0
C0G620 1996071401 -9999 -9999 -9999 0.0
C0G620 1996071402 -9999 -9999 -9999 0.0
C0G620 1996071403 -9999 -9999 -9999 0.0
C0G620 1996071404 -9999 -9999 -9999 0.0
C0G620 1996071405 -9999 -9999 -9999 0.0
C0G620 1996071406 -9999 -9999 -9999 0.0
C0G620 1996071407 -9999 -9999 -9999 0.0
C0G620 1996071408 -9999 -9999 -9999 0.0
C0G620 1996071409 -9999 -9999 -9999 0.0
C0G620 1996071410 -9999 -9999 -9999 0.0
C0G620 1996071411 -9999 -9999 -9999 0.0
C0G620 1996071412 -9999 -9999 -9999 0.0
C0G620 1996071413 -9999 -9999 -9999 0.0
C0G620 1996071414 -9999 -9999 -9999 0.0
C0G620 1996071415 -9999 -9999 -9999 0.0
C0G620 1996071416 -9999 -9999 -9999 0.0
C0G620 1996071417 -9999 -9999 -9999 0.0
C0G620 1996071418 -9999 -9999 -9999 0.0
C0G620 1996071419 -9999 -9999 -9999 0.0
C0G620 1996071420 -9999 -9999 -9999 0.0
C0G620 1996071421 -9999 -9999 -9999 0.0
C0G620 1996071422 -9999 -9999 -9999 0.0
C0G620 1996071423 -9999 -9999 -9999 0.0
C0G620 1996071424 -9999 -9999 -9999 0.0
C0G620 1996071501 -9999 -9999 -9999 0.0
C0G620 1996071502 -9999 -9999 -9999 0.0
C0G620 1996071503 -9999 -9999 -9999 0.0
C0G620 1996071504 -9999 -9999 -9999 0.0
C0G620 1996071505 -9999 -9999 -9999 0.0
C0G620 1996071506 -9999 -9999 -9999 0.0
C0G620 1996071507 -9999 -9999 -9999 0.0
C0G620 1996071508 -9999 -9999 -9999 0.0
C0G620 1996071509 -9999 -9999 -9999 0.0
C0G620 1996071510 -9999 -9999 -9999 0.0
C0G620 1996071511 -9999 -9999 -9999 0.0
C0G620 1996071512 -9999 -9999 -9999 0.0
C0G620 1996071513 -9999 -9999 -9999 0.0
C0G620 1996071514 -9999 -9999 -9999 0.0
C0G620 1996071515 -9999 -9999 -9999 0.0
C0G620 1996071516 -9999 -9999 -9999 0.0
C0G620 1996071517 -9999 -9999 -9999 0.0
C0G620 1996071518 -9999 -9999 -9999 0.0
C0G620 1996071519 -9999 -9999 -9999 0.0
C0G620 1996071520 -9999 -9999 -9999 0.0
C0G620 1996071521 -9999 -9999 -9999 0.0
C0G620 1996071522 -9999 -9999 -9999 0.0
C0G620 1996071523 -9999 -9999 -9999 0.0
C0G620 1996071524 -9999 -9999 -9999 0.0
C0G620 1996071601 -9999 -9999 -9999 0.0
C0G620 1996071602 -9999 -9999 -9999 0.0
C0G620 1996071603 -9999 -9999 -9999 0.0
C0G620 1996071604 -9999 -9999 -9999 0.0
C0G620 1996071605 -9999 -9999 -9999 0.0
C0G620 1996071606 -9999 -9999 -9999 0.0
C0G620 1996071607 -9999 -9999 -9999 0.0
C0G620 1996071608 -9999 -9999 -9999 0.0
C0G620 1996071609 -9999 -9999 -9999 0.0
C0G620 1996071610 -9999 -9999 -9999 0.0
C0G620 1996071611 -9999 -9999 -9999 0.0
C0G620 1996071612 -9999 -9999 -9999 0.0
C0G620 1996071613 -9999 -9999 -9999 -9996
C0G620 1996071614 -9999 -9999 -9999 -9996
C0G620 1996071615 -9999 -9999 -9999 -9996
C0G620 1996071616 -9999 -9999 -9999 -9996
C0G620 1996071617 -9999 -9999 -9999 6.0
C0G620 1996071618 -9999 -9999 -9999 0.5
C0G620 1996071619 -9999 -9999 -9999 0.0
C0G620 1996071620 -9999 -9999 -9999 0.0
C0G620 1996071621 -9999 -9999 -9999 0.0
C0G620 1996071622 -9999 -9999 -9999 0.0
C0G620 1996071623 -9999 -9999 -9999 0.0
C0G620 1996071624 -9999 -9999 -9999 0.0
C0G620 1996071701 -9999 -9999 -9999 0.0
C0G620 1996071702 -9999 -9999 -9999 0.0
C0G620 1996071703 -9999 -9999 -9999 0.0
C0G620 1996071704 -9999 -9999 -9999 0.0
C0G620 1996071705 -9999 -9999 -9999 0.0
C0G620 1996071706 -9999 -9999 -9999 0.0
C0G620 1996071707 -9999 -9999 -9999 0.0
C0G620 1996071708 -9999 -9999 -9999 0.0
C0G620 1996071709 -9999 -9999 -9999 0.0
C0G620 1996071710 -9999 -9999 -9999 0.0
C0G620 1996071711 -9999 -9999 -9999 0.0
C0G620 1996071712 -9999 -9999 -9999 0.0
C0G620 1996071713 -9999 -9999 -9999 -9996
C0G620 1996071714 -9999 -9999 -9999 -9996
C0G620 1996071715 -9999 -9999 -9999 24.0
C0G620 1996071716 -9999 -9999 -9999 7.5
C0G620 1996071717 -9999 -9999 -9999 28.0
C0G620 1996071718 -9999 -9999 -9999 0.0
C0G620 1996071719 -9999 -9999 -9999 0.0
C0G620 1996071720 -9999 -9999 -9999 0.0
C0G620 1996071721 -9999 -9999 -9999 0.0
C0G620 1996071722 -9999 -9999 -9999 0.0
C0G620 1996071723 -9999 -9999 -9999 0.0
C0G620 1996071724 -9999 -9999 -9999 0.5
C0G620 1996071801 -9999 -9999 -9999 0.0
C0G620 1996071802 -9999 -9999 -9999 0.0
C0G620 1996071803 -9999 -9999 -9999 0.0
C0G620 1996071804 -9999 -9999 -9999 0.0
C0G620 1996071805 -9999 -9999 -9999 0.0
C0G620 1996071806 -9999 -9999 -9999 0.0
C0G620 1996071807 -9999 -9999 -9999 0.0
C0G620 1996071808 -9999 -9999 -9999 0.0
C0G620 1996071809 -9999 -9999 -9999 0.0
C0G620 1996071810 -9999 -9999 -9999 0.0
C0G620 1996071811 -9999 -9999 -9999 0.0
C0G620 1996071812 -9999 -9999 -9999 0.0
C0G620 1996071813 -9999 -9999 -9999 0.0
C0G620 1996071814 -9999 -9999 -9999 0.0
C0G620 1996071815 -9999 -9999 -9999 0.0
C0G620 1996071816 -9999 -9999 -9999 0.0
C0G620 1996071817 -9999 -9999 -9999 0.0
C0G620 1996071818 -9999 -9999 -9999 0.0
C0G620 1996071819 -9999 -9999 -9999 0.0
C0G620 1996071820 -9999 -9999 -9999 0.0
C0G620 1996071821 -9999 -9999 -9999 0.0
C0G620 1996071822 -9999 -9999 -9999 0.0
C0G620 1996071823 -9999 -9999 -9999 0.0
C0G620 1996071824 -9999 -9999 -9999 0.0
C0G620 1996071901 -9999 -9999 -9999 0.0
C0G620 1996071902 -9999 -9999 -9999 0.0
C0G620 1996071903 -9999 -9999 -9999 0.0
C0G620 1996071904 -9999 -9999 -9999 0.0
C0G620 1996071905 -9999 -9999 -9999 0.0
C0G620 1996071906 -9999 -9999 -9999 0.0
C0G620 1996071907 -9999 -9999 -9999 0.0
C0G620 1996071908 -9999 -9999 -9999 0.0
C0G620 1996071909 -9999 -9999 -9999 0.0
C0G620 1996071910 -9999 -9999 -9999 0.0
C0G620 1996071911 -9999 -9999 -9999 0.0
C0G620 1996071912 -9999 -9999 -9999 0.0
C0G620 1996071913 -9999 -9999 -9999 0.0
C0G620 1996071914 -9999 -9999 -9999 0.0
C0G620 1996071915 -9999 -9999 -9999 0.0
C0G620 1996071916 -9999 -9999 -9999 0.0
C0G620 1996071917 -9999 -9999 -9999 0.0
C0G620 1996071918 -9999 -9999 -9999 0.0
C0G620 1996071919 -9999 -9999 -9999 0.0
C0G620 1996071920 -9999 -9999 -9999 0.0
C0G620 1996071921 -9999 -9999 -9999 0.0
C0G620 1996071922 -9999 -9999 -9999 0.0
C0G620 1996071923 -9999 -9999 -9999 0.0
C0G620 1996071924 -9999 -9999 -9999 0.0
C0G620 1996072001 -9999 -9999 -9999 0.0
C0G620 1996072002 -9999 -9999 -9999 0.0
C0G620 1996072003 -9999 -9999 -9999 0.0
C0G620 1996072004 -9999 -9999 -9999 0.0
C0G620 1996072005 -9999 -9999 -9999 0.0
C0G620 1996072006 -9999 -9999 -9999 0.0
C0G620 1996072007 -9999 -9999 -9999 0.0
C0G620 1996072008 -9999 -9999 -9999 0.0
C0G620 1996072009 -9999 -9999 -9999 0.0
C0G620 1996072010 -9999 -9999 -9999 0.0
C0G620 1996072011 -9999 -9999 -9999 0.0
C0G620 1996072012 -9999 -9999 -9999 0.0
C0G620 1996072013 -9999 -9999 -9999 0.0
C0G620 1996072014 -9999 -9999 -9999 0.0
C0G620 1996072015 -9999 -9999 -9999 0.0
C0G620 1996072016 -9999 -9999 -9999 0.0
C0G620 1996072017 -9999 -9999 -9999 0.0
C0G620 1996072018 -9999 -9999 -9999 0.0
C0G620 1996072019 -9999 -9999 -9999 0.0
C0G620 1996072020 -9999 -9999 -9999 0.0
C0G620 1996072021 -9999 -9999 -9999 0.0
C0G620 1996072022 -9999 -9999 -9999 0.0
C0G620 1996072023 -9999 -9999 -9999 0.0
C0G620 1996072024 -9999 -9999 -9999 0.0
C0G620 1996072101 -9999 -9999 -9999 0.0
C0G620 1996072102 -9999 -9999 -9999 0.0
C0G620 1996072103 -9999 -9999 -9999 0.0
C0G620 1996072104 -9999 -9999 -9999 0.0
C0G620 1996072105 -9999 -9999 -9999 0.0
C0G620 1996072106 -9999 -9999 -9999 0.0
C0G620 1996072107 -9999 -9999 -9999 0.0
C0G620 1996072108 -9999 -9999 -9999 0.0
C0G620 1996072109 -9999 -9999 -9999 0.0
C0G620 1996072110 -9999 -9999 -9999 0.0
C0G620 1996072111 -9999 -9999 -9999 0.0
C0G620 1996072112 -9999 -9999 -9999 0.0
C0G620 1996072113 -9999 -9999 -9999 0.0
C0G620 1996072114 -9999 -9999 -9999 0.0
C0G620 1996072115 -9999 -9999 -9999 0.0
C0G620 1996072116 -9999 -9999 -9999 0.0
C0G620 1996072117 -9999 -9999 -9999 0.0
C0G620 1996072118 -9999 -9999 -9999 0.0
C0G620 1996072119 -9999 -9999 -9999 0.0
C0G620 1996072120 -9999 -9999 -9999 0.0
C0G620 1996072121 -9999 -9999 -9999 0.0
C0G620 1996072122 -9999 -9999 -9999 0.0
C0G620 1996072123 -9999 -9999 -9999 0.0
C0G620 1996072124 -9999 -9999 -9999 0.0
C0G620 1996072201 -9999 -9999 -9999 0.0
C0G620 1996072202 -9999 -9999 -9999 0.0
C0G620 1996072203 -9999 -9999 -9999 0.0
C0G620 1996072204 -9999 -9999 -9999 0.0
C0G620 1996072205 -9999 -9999 -9999 0.0
C0G620 1996072206 -9999 -9999 -9999 0.0
C0G620 1996072207 -9999 -9999 -9999 0.0
C0G620 1996072208 -9999 -9999 -9999 0.0
C0G620 1996072209 -9999 -9999 -9999 0.0
C0G620 1996072210 -9999 -9999 -9999 0.0
C0G620 1996072211 -9999 -9999 -9999 0.0
C0G620 1996072212 -9999 -9999 -9999 0.0
C0G620 1996072213 -9999 -9999 -9999 0.0
C0G620 1996072214 -9999 -9999 -9999 0.0
C0G620 1996072215 -9999 -9999 -9999 0.0
C0G620 1996072216 -9999 -9999 -9999 0.0
C0G620 1996072217 -9999 -9999 -9999 0.0
C0G620 1996072218 -9999 -9999 -9999 0.0
C0G620 1996072219 -9999 -9999 -9999 2.5
C0G620 1996072220 -9999 -9999 -9999 11.0
C0G620 1996072221 -9999 -9999 -9999 -9996
C0G620 1996072222 -9999 -9999 -9999 -9996
C0G620 1996072223 -9999 -9999 -9999 0.5
C0G620 1996072224 -9999 -9999 -9999 0.0
C0G620 1996072301 -9999 -9999 -9999 0.0
C0G620 1996072302 -9999 -9999 -9999 0.0
C0G620 1996072303 -9999 -9999 -9999 0.0
C0G620 1996072304 -9999 -9999 -9999 0.0
C0G620 1996072305 -9999 -9999 -9999 0.0
C0G620 1996072306 -9999 -9999 -9999 0.0
C0G620 1996072307 -9999 -9999 -9999 0.0
C0G620 1996072308 -9999 -9999 -9999 0.0
C0G620 1996072309 -9999 -9999 -9999 0.0
C0G620 1996072310 -9999 -9999 -9999 0.0
C0G620 1996072311 -9999 -9999 -9999 0.0
C0G620 1996072312 -9999 -9999 -9999 0.0
C0G620 1996072313 -9999 -9999 -9999 0.0
C0G620 1996072314 -9999 -9999 -9999 0.0
C0G620 1996072315 -9999 -9999 -9999 0.0
C0G620 1996072316 -9999 -9999 -9999 0.0
C0G620 1996072317 -9999 -9999 -9999 0.0
C0G620 1996072318 -9999 -9999 -9999 0.0
C0G620 1996072319 -9999 -9999 -9999 0.0
C0G620 1996072320 -9999 -9999 -9999 0.0
C0G620 1996072321 -9999 -9999 -9999 0.0
C0G620 1996072322 -9999 -9999 -9999 0.0
C0G620 1996072323 -9999 -9999 -9999 0.0
C0G620 1996072324 -9999 -9999 -9999 0.0
C0G620 1996072401 -9999 -9999 -9999 0.0
C0G620 1996072402 -9999 -9999 -9999 0.0
C0G620 1996072403 -9999 -9999 -9999 0.0
C0G620 1996072404 -9999 -9999 -9999 0.0
C0G620 1996072405 -9999 -9999 -9999 0.0
C0G620 1996072406 -9999 -9999 -9999 0.0
C0G620 1996072407 -9999 -9999 -9999 0.0
C0G620 1996072408 -9999 -9999 -9999 0.0
C0G620 1996072409 -9999 -9999 -9999 0.0
C0G620 1996072410 -9999 -9999 -9999 0.0
C0G620 1996072411 -9999 -9999 -9999 0.0
C0G620 1996072412 -9999 -9999 -9999 0.0
C0G620 1996072413 -9999 -9999 -9999 0.0
C0G620 1996072414 -9999 -9999 -9999 0.0
C0G620 1996072415 -9999 -9999 -9999 0.0
C0G620 1996072416 -9999 -9999 -9999 0.0
C0G620 1996072417 -9999 -9999 -9999 0.0
C0G620 1996072418 -9999 -9999 -9999 0.0
C0G620 1996072419 -9999 -9999 -9999 0.0
C0G620 1996072420 -9999 -9999 -9999 0.0
C0G620 1996072421 -9999 -9999 -9999 0.0
C0G620 1996072422 -9999 -9999 -9999 0.0
C0G620 1996072423 -9999 -9999 -9999 0.0
C0G620 1996072424 -9999 -9999 -9999 0.0
C0G620 1996072501 -9999 -9999 -9999 0.0
C0G620 1996072502 -9999 -9999 -9999 0.0
C0G620 1996072503 -9999 -9999 -9999 0.0
C0G620 1996072504 -9999 -9999 -9999 0.0
C0G620 1996072505 -9999 -9999 -9999 0.0
C0G620 1996072506 -9999 -9999 -9999 0.0
C0G620 1996072507 -9999 -9999 -9999 0.0
C0G620 1996072508 -9999 -9999 -9999 0.0
C0G620 1996072509 -9999 -9999 -9999 0.0
C0G620 1996072510 -9999 -9999 -9999 0.0
C0G620 1996072511 -9999 -9999 -9999 0.0
C0G620 1996072512 -9999 -9999 -9999 0.0
C0G620 1996072513 -9999 -9999 -9999 0.0
C0G620 1996072514 -9999 -9999 -9999 0.0
C0G620 1996072515 -9999 -9999 -9999 0.0
C0G620 1996072516 -9999 -9999 -9999 0.0
C0G620 1996072517 -9999 -9999 -9999 0.0
C0G620 1996072518 -9999 -9999 -9999 -9996
C0G620 1996072519 -9999 -9999 -9999 0.5
C0G620 1996072520 -9999 -9999 -9999 -9996
C0G620 1996072521 -9999 -9999 -9999 -9996
C0G620 1996072522 -9999 -9999 -9999 -9996
C0G620 1996072523 -9999 -9999 -9999 -9996
C0G620 1996072524 -9999 -9999 -9999 -9996
C0G620 1996072601 -9999 -9999 -9999 0.0
C0G620 1996072602 -9999 -9999 -9999 0.0
C0G620 1996072603 -9999 -9999 -9999 0.0
C0G620 1996072604 -9999 -9999 -9999 0.0
C0G620 1996072605 -9999 -9999 -9999 0.0
C0G620 1996072606 -9999 -9999 -9999 0.0
C0G620 1996072607 -9999 -9999 -9999 0.0
C0G620 1996072608 -9999 -9999 -9999 0.0
C0G620 1996072609 -9999 -9999 -9999 0.0
C0G620 1996072610 -9999 -9999 -9999 0.0
C0G620 1996072611 -9999 -9999 -9999 0.0
C0G620 1996072612 -9999 -9999 -9999 0.0
C0G620 1996072613 -9999 -9999 -9999 0.0
C0G620 1996072614 -9999 -9999 -9999 0.0
C0G620 1996072615 -9999 -9999 -9999 0.0
C0G620 1996072616 -9999 -9999 -9999 0.0
C0G620 1996072617 -9999 -9999 -9999 0.0
C0G620 1996072618 -9999 -9999 -9999 0.0
C0G620 1996072619 -9999 -9999 -9999 0.0
C0G620 1996072620 -9999 -9999 -9999 -9996
C0G620 1996072621 -9999 -9999 -9999 -9996
C0G620 1996072622 -9999 -9999 -9999 -9996
C0G620 1996072623 -9999 -9999 -9999 -9996
C0G620 1996072624 -9999 -9999 -9999 -9996
C0G620 1996072701 -9999 -9999 -9999 2.0
C0G620 1996072702 -9999 -9999 -9999 -9996
C0G620 1996072703 -9999 -9999 -9999 0.5
C0G620 1996072704 -9999 -9999 -9999 -9996
C0G620 1996072705 -9999 -9999 -9999 2.0
C0G620 1996072706 -9999 -9999 -9999 4.5
C0G620 1996072707 -9999 -9999 -9999 4.0
C0G620 1996072708 -9999 -9999 -9999 0.5
C0G620 1996072709 -9999 -9999 -9999 0.0
C0G620 1996072710 -9999 -9999 -9999 0.0
C0G620 1996072711 -9999 -9999 -9999 0.0
C0G620 1996072712 -9999 -9999 -9999 0.0
C0G620 1996072713 -9999 -9999 -9999 0.0
C0G620 1996072714 -9999 -9999 -9999 0.0
C0G620 1996072715 -9999 -9999 -9999 0.0
C0G620 1996072716 -9999 -9999 -9999 0.0
C0G620 1996072717 -9999 -9999 -9999 0.0
C0G620 1996072718 -9999 -9999 -9999 0.0
C0G620 1996072719 -9999 -9999 -9999 0.0
C0G620 1996072720 -9999 -9999 -9999 0.0
C0G620 1996072721 -9999 -9999 -9999 0.0
C0G620 1996072722 -9999 -9999 -9999 0.0
C0G620 1996072723 -9999 -9999 -9999 0.0
C0G620 1996072724 -9999 -9999 -9999 0.0
C0G620 1996072801 -9999 -9999 -9999 0.0
C0G620 1996072802 -9999 -9999 -9999 0.0
C0G620 1996072803 -9999 -9999 -9999 0.0
C0G620 1996072804 -9999 -9999 -9999 0.0
C0G620 1996072805 -9999 -9999 -9999 0.0
C0G620 1996072806 -9999 -9999 -9999 0.0
C0G620 1996072807 -9999 -9999 -9999 0.0
C0G620 1996072808 -9999 -9999 -9999 0.0
C0G620 1996072809 -9999 -9999 -9999 0.0
C0G620 1996072810 -9999 -9999 -9999 0.0
C0G620 1996072811 -9999 -9999 -9999 0.0
C0G620 1996072812 -9999 -9999 -9999 0.0
C0G620 1996072813 -9999 -9999 -9999 0.0
C0G620 1996072814 -9999 -9999 -9999 0.0
C0G620 1996072815 -9999 -9999 -9999 -9996
C0G620 1996072816 -9999 -9999 -9999 -9996
C0G620 1996072817 -9999 -9999 -9999 -9996
C0G620 1996072818 -9999 -9999 -9999 -9996
C0G620 1996072819 -9999 -9999 -9999 1.0
C0G620 1996072820 -9999 -9999 -9999 -9996
C0G620 1996072821 -9999 -9999 -9999 -9996
C0G620 1996072822 -9999 -9999 -9999 -9996
C0G620 1996072823 -9999 -9999 -9999 -9996
C0G620 1996072824 -9999 -9999 -9999 -9996
C0G620 1996072901 -9999 -9999 -9999 0.0
C0G620 1996072902 -9999 -9999 -9999 0.0
C0G620 1996072903 -9999 -9999 -9999 0.0
C0G620 1996072904 -9999 -9999 -9999 0.0
C0G620 1996072905 -9999 -9999 -9999 0.0
C0G620 1996072906 -9999 -9999 -9999 0.0
C0G620 1996072907 -9999 -9999 -9999 0.0
C0G620 1996072908 -9999 -9999 -9999 0.0
C0G620 1996072909 -9999 -9999 -9999 0.0
C0G620 1996072910 -9999 -9999 -9999 0.0
C0G620 1996072911 -9999 -9999 -9999 0.0
C0G620 1996072912 -9999 -9999 -9999 0.0
C0G620 1996072913 -9999 -9999 -9999 0.0
C0G620 1996072914 -9999 -9999 -9999 0.0
C0G620 1996072915 -9999 -9999 -9999 0.0
C0G620 1996072916 -9999 -9999 -9999 0.0
C0G620 1996072917 -9999 -9999 -9999 0.0
C0G620 1996072918 -9999 -9999 -9999 0.0
C0G620 1996072919 -9999 -9999 -9999 0.0
C0G620 1996072920 -9999 -9999 -9999 -9996
C0G620 1996072921 -9999 -9999 -9999 -9996
C0G620 1996072922 -9999 -9999 -9999 -9996
C0G620 1996072923 -9999 -9999 -9999 -9996
C0G620 1996072924 -9999 -9999 -9999 -9996
C0G620 1996073001 -9999 -9999 -9999 0.0
C0G620 1996073002 -9999 -9999 -9999 0.0
C0G620 1996073003 -9999 -9999 -9999 0.0
C0G620 1996073004 -9999 -9999 -9999 0.0
C0G620 1996073005 -9999 -9999 -9999 0.0
C0G620 1996073006 -9999 -9999 -9999 0.0
C0G620 1996073007 -9999 -9999 -9999 0.0
C0G620 1996073008 -9999 -9999 -9999 0.0
C0G620 1996073009 -9999 -9999 -9999 0.0
C0G620 1996073010 -9999 -9999 -9999 0.0
C0G620 1996073011 -9999 -9999 -9999 0.0
C0G620 1996073012 -9999 -9999 -9999 0.0
C0G620 1996073013 -9999 -9999 -9999 0.0
C0G620 1996073014 -9999 -9999 -9999 -9996
C0G620 1996073015 -9999 -9999 -9999 -9996
C0G620 1996073016 -9999 -9999 -9999 1.0
C0G620 1996073017 -9999 -9999 -9999 3.0
C0G620 1996073018 -9999 -9999 -9999 0.5
C0G620 1996073019 -9999 -9999 -9999 0.5
C0G620 1996073020 -9999 -9999 -9999 1.0
C0G620 1996073021 -9999 -9999 -9999 3.5
C0G620 1996073022 -9999 -9999 -9999 -9996
C0G620 1996073023 -9999 -9999 -9999 0.5
C0G620 1996073024 -9999 -9999 -9999 -9996
C0G620 1996073101 -9999 -9999 -9999 3.0
C0G620 1996073102 -9999 -9999 -9999 13.0
C0G620 1996073103 -9999 -9999 -9999 1.0
C0G620 1996073104 -9999 -9999 -9999 20.5
C0G620 1996073105 -9999 -9999 -9999 10.0
C0G620 1996073106 -9999 -9999 -9999 -9996
C0G620 1996073107 -9999 -9999 -9999 0.5
C0G620 1996073108 -9999 -9999 -9999 1.0
C0G620 1996073109 -9999 -9999 -9999 1.5
C0G620 1996073110 -9999 -9999 -9999 2.5
C0G620 1996073111 -9999 -9999 -9999 5.0
C0G620 1996073112 -9999 -9999 -9999 -9996
C0G620 1996073113 -9999 -9999 -9999 2.5
C0G620 1996073114 -9999 -9999 -9999 -9996
C0G620 1996073115 -9999 -9999 -9999 4.0
C0G620 1996073116 -9999 -9999 -9999 12.0
C0G620 1996073117 -9999 -9999 -9999 -9996
C0G620 1996073118 -9999 -9999 -9999 -9996
C0G620 1996073119 -9999 -9999 -9999 -9996
C0G620 1996073120 -9999 -9999 -9999 -9996
C0G620 1996073121 -9999 -9999 -9999 -9996
C0G620 1996073122 -9999 -9999 -9999 -9996
C0G620 1996073123 -9999 -9999 -9999 -9996
C0G620 1996073124 -9999 -9999 -9999 -9996
C0G650 1996070101 25.6 -9999 0.5 0.0
C0G650 1996070102 26.1 -9999 0.7 0.0
C0G650 1996070103 25.7 -9999 1.2 0.0
C0G650 1996070104 25.2 -9999 0.0 0.0
C0G650 1996070105 24.8 -9999 0.0 0.0
C0G650 1996070106 25.4 -9999 0.0 0.0
C0G650 1996070107 28.1 -9999 0.0 0.0
C0G650 1996070108 29.8 -9999 0.9 0.0
C0G650 1996070109 31.1 -9999 1.5 0.0
C0G650 1996070110 32.0 -9999 3.0 0.0
C0G650 1996070111 32.8 -9999 2.1 0.0
C0G650 1996070112 33.7 -9999 2.1 0.0
C0G650 1996070113 33.8 -9999 1.3 0.0
C0G650 1996070114 34.4 -9999 1.4 0.0
C0G650 1996070115 33.5 -9999 2.3 0.0
C0G650 1996070116 33.8 -9999 1.7 0.0
C0G650 1996070117 31.9 -9999 0.7 0.0
C0G650 1996070118 31.4 -9999 1.3 0.0
C0G650 1996070119 29.5 -9999 1.4 0.0
C0G650 1996070120 28.7 -9999 0.0 0.0
C0G650 1996070121 27.7 -9999 0.0 0.0
C0G650 1996070122 27.3 -9999 0.0 0.0
C0G650 1996070123 26.9 -9999 0.7 0.0
C0G650 1996070124 26.6 -9999 0.0 0.0
C0G650 1996070201 26.5 -9999 0.0 0.0
C0G650 1996070202 26.3 -9999 0.0 0.0
C0G650 1996070203 25.9 -9999 0.0 0.0
C0G650 1996070204 25.3 -9999 0.0 0.0
C0G650 1996070205 25.1 -9999 0.0 0.0
C0G650 1996070206 24.9 -9999 0.0 0.0
C0G650 1996070207 27.0 -9999 0.0 0.0
C0G650 1996070208 29.9 -9999 1.1 0.0
C0G650 1996070209 30.8 -9999 1.8 0.0
C0G650 1996070210 32.4 -9999 1.4 0.0
C0G650 1996070211 33.0 -9999 2.0 0.0
C0G650 1996070212 33.9 -9999 0.7 0.0
C0G650 1996070213 34.9 -9999 -9997 0.0
C0G650 1996070214 34.9 -9999 1.5 0.0
C0G650 1996070215 33.3 -9999 1.3 0.0
C0G650 1996070216 33.2 -9999 1.4 0.0
C0G650 1996070217 31.3 -9999 0.6 0.0
C0G650 1996070218 30.3 -9999 0.0 0.0
C0G650 1996070219 29.7 -9999 0.0 0.0
C0G650 1996070220 28.9 -9999 0.0 0.0
C0G650 1996070221 -9997 -9999 -9997 0.0
C0G650 1996070222 27.5 -9999 0.3 0.0
C0G650 1996070223 27.0 -9999 0.0 0.0
C0G650 1996070224 26.7 -9999 0.0 0.0
C0G650 1996070301 26.3 -9999 0.0 0.0
C0G650 1996070302 26.3 -9999 0.0 0.0
C0G650 1996070303 26.2 -9999 0.0 0.0
C0G650 1996070304 25.8 -9999 0.0 0.0
C0G650 1996070305 25.6 -9999 0.0 0.0
C0G650 1996070306 25.3 -9999 0.0 0.0
C0G650 1996070307 29.2 -9999 0.5 0.0
C0G650 1996070308 30.3 -9999 0.2 0.0
C0G650 1996070309 31.1 -9999 0.5 0.0
C0G650 1996070310 31.9 -9999 0.0 0.0
C0G650 1996070311 33.9 -9999 0.3 0.0
C0G650 1996070312 33.7 -9999 0.3 0.0
C0G650 1996070313 32.2 -9999 0.4 0.0
C0G650 1996070314 33.7 -9999 0.8 0.0
C0G650 1996070315 32.9 -9999 0.8 0.0
C0G650 1996070316 31.7 -9999 1.2 0.0
C0G650 1996070317 28.4 -9999 0.7 0.5
C0G650 1996070318 28.7 -9999 0.0 0.0
C0G650 1996070319 28.4 -9999 0.0 0.0
C0G650 1996070320 27.2 -9999 0.0 0.0
C0G650 1996070321 26.9 -9999 0.0 0.5
C0G650 1996070322 26.1 -9999 0.0 0.0
C0G650 1996070323 26.1 -9999 0.0 0.0
C0G650 1996070324 25.6 -9999 0.0 0.0
C0G650 1996070401 25.5 -9999 0.0 0.5
C0G650 1996070402 25.4 -9999 0.0 0.0
C0G650 1996070403 25.3 -9999 0.0 0.0
C0G650 1996070404 25.0 -9999 0.0 0.0
C0G650 1996070405 24.9 -9999 0.0 0.0
C0G650 1996070406 25.1 -9999 0.0 0.0
C0G650 1996070407 27.2 -9999 0.0 0.0
C0G650 1996070408 30.0 -9999 0.0 0.0
C0G650 1996070409 31.3 -9999 0.5 0.0
C0G650 1996070410 32.6 -9999 0.3 0.0
C0G650 1996070411 32.8 -9999 0.1 0.0
C0G650 1996070412 32.3 -9999 1.0 0.0
C0G650 1996070413 32.2 -9999 0.9 0.0
C0G650 1996070414 33.2 -9999 0.5 0.0
C0G650 1996070415 32.6 -9999 0.9 0.0
C0G650 1996070416 31.9 -9999 1.4 0.0
C0G650 1996070417 31.5 -9999 0.8 0.0
C0G650 1996070418 30.7 -9999 0.4 0.0
C0G650 1996070419 28.9 -9999 0.0 0.0
C0G650 1996070420 28.3 -9999 0.7 0.0
C0G650 1996070421 26.6 -9999 0.0 0.0
C0G650 1996070422 26.6 -9999 0.0 0.0
C0G650 1996070423 26.4 -9999 0.0 0.0
C0G650 1996070424 26.2 -9999 0.1 0.0
C0G650 1996070501 26.0 -9999 0.0 0.0
C0G650 1996070502 26.2 -9999 0.0 0.0
C0G650 1996070503 25.9 -9999 0.0 0.0
C0G650 1996070504 25.5 -9999 0.0 0.0
C0G650 1996070505 25.1 -9999 0.0 0.0
C0G650 1996070506 25.6 -9999 0.0 0.0
C0G650 1996070507 -9997 -9999 0.0 0.0
C0G650 1996070508 29.9 -9999 0.8 0.0
C0G650 1996070509 31.0 -9999 2.0 0.0
C0G650 1996070510 32.0 -9999 3.1 0.0
C0G650 1996070511 34.2 -9999 0.7 0.0
C0G650 1996070512 33.5 -9999 1.6 0.0
C0G650 1996070513 32.3 -9999 1.1 0.0
C0G650 1996070514 32.8 -9999 0.8 0.0
C0G650 1996070515 32.8 -9999 1.0 0.0
C0G650 1996070516 32.7 -9999 1.1 0.0
C0G650 1996070517 31.5 -9999 0.7 0.0
C0G650 1996070518 30.7 -9999 0.7 0.0
C0G650 1996070519 29.3 -9999 0.7 0.0
C0G650 1996070520 28.5 -9999 0.0 0.0
C0G650 1996070521 27.5 -9999 0.0 0.0
C0G650 1996070522 27.1 -9999 0.0 0.0
C0G650 1996070523 26.5 -9999 0.0 0.0
C0G650 1996070524 26.1 -9999 0.0 0.0
C0G650 1996070601 26.0 -9999 0.0 0.0
C0G650 1996070602 25.7 -9999 0.0 0.0
C0G650 1996070603 25.4 -9999 0.0 0.0
C0G650 1996070604 25.1 -9999 0.3 0.0
C0G650 1996070605 24.9 -9999 0.0 0.0
C0G650 1996070606 25.1 -9999 0.0 0.0
C0G650 1996070607 27.8 -9999 0.8 0.0
C0G650 1996070608 29.4 -9999 1.7 0.0
C0G650 1996070609 30.7 -9999 1.4 0.0
C0G650 1996070610 32.2 -9999 1.7 0.0
C0G650 1996070611 33.8 -9999 1.2 0.0
C0G650 1996070612 33.1 -9999 1.4 0.0
C0G650 1996070613 33.7 -9999 0.4 0.0
C0G650 1996070614 33.9 -9999 2.2 0.0
C0G650 1996070615 34.5 -9999 0.5 0.0
C0G650 1996070616 34.0 -9999 1.0 0.0
C0G650 1996070617 33.0 -9999 0.5 0.0
C0G650 1996070618 31.3 -9999 1.3 0.0
C0G650 1996070619 29.8 -9999 0.3 0.0
C0G650 1996070620 29.1 -9999 0.0 0.0
C0G650 1996070621 28.1 -9999 0.0 0.0
C0G650 1996070622 27.1 -9999 0.0 0.0
C0G650 1996070623 26.4 -9999 0.0 0.0
C0G650 1996070624 26.1 -9999 0.0 0.0
C0G650 1996070701 25.9 -9999 0.0 0.0
C0G650 1996070702 25.6 -9999 0.0 0.0
C0G650 1996070703 25.5 -9999 0.0 0.0
C0G650 1996070704 25.2 -9999 0.0 0.0
C0G650 1996070705 25.2 -9999 0.0 0.0
C0G650 1996070706 25.6 -9999 0.0 0.0
C0G650 1996070707 27.4 -9999 0.4 0.0
C0G650 1996070708 29.3 -9999 2.2 0.0
C0G650 1996070709 31.2 -9999 1.8 0.0
C0G650 1996070710 32.2 -9999 1.2 0.0
C0G650 1996070711 32.6 -9999 0.7 0.0
C0G650 1996070712 34.2 -9999 0.6 0.0
C0G650 1996070713 32.8 -9999 0.3 0.0
C0G650 1996070714 33.8 -9999 0.3 0.0
C0G650 1996070715 34.3 -9999 0.3 0.0
C0G650 1996070716 33.7 -9999 1.0 0.0
C0G650 1996070717 32.4 -9999 0.8 0.0
C0G650 1996070718 30.9 -9999 0.0 0.0
C0G650 1996070719 29.3 -9999 0.0 0.0
C0G650 1996070720 28.7 -9999 0.0 0.0
C0G650 1996070721 27.7 -9999 0.0 0.0
C0G650 1996070722 27.1 -9999 0.0 0.0
C0G650 1996070723 26.8 -9999 0.0 0.0
C0G650 1996070724 26.4 -9999 0.0 0.0
C0G650 1996070801 26.2 -9999 0.0 0.0
C0G650 1996070802 25.8 -9999 0.0 0.0
C0G650 1996070803 26.0 -9999 0.0 0.0
C0G650 1996070804 26.0 -9999 0.0 0.0
C0G650 1996070805 25.7 -9999 0.0 0.0
C0G650 1996070806 25.8 -9999 0.0 0.0
C0G650 1996070807 27.1 -9999 0.0 0.0
C0G650 1996070808 28.1 -9999 0.0 0.0
C0G650 1996070809 28.7 -9999 0.1 0.0
C0G650 1996070810 29.6 -9999 0.1 0.0
C0G650 1996070811 31.1 -9999 0.2 0.0
C0G650 1996070812 32.0 -9999 1.2 0.0
C0G650 1996070813 33.2 -9999 0.4 0.0
C0G650 1996070814 33.9 -9999 0.4 0.0
C0G650 1996070815 -9997 -9999 -9997 0.0
C0G650 1996070816 -9997 -9999 -9997 0.0
C0G650 1996070817 -9997 -9999 -9997 0.0
C0G650 1996070818 -9997 -9999 -9997 0.0
C0G650 1996070819 -9997 -9999 -9997 0.0
C0G650 1996070820 -9997 -9999 -9997 0.0
C0G650 1996070821 -9997 -9999 -9997 0.0
C0G650 1996070822 -9997 -9999 -9997 0.0
C0G650 1996070823 -9997 -9999 -9997 0.0
C0G650 1996070824 -9997 -9999 -9997 0.0
C0G650 1996070901 -9997 -9999 -9997 0.0
C0G650 1996070902 -9997 -9999 -9997 0.0
C0G650 1996070903 -9997 -9999 -9997 0.0
C0G650 1996070904 -9997 -9999 -9997 0.0
C0G650 1996070905 -9997 -9999 -9997 0.0
C0G650 1996070906 -9997 -9999 -9997 0.0
C0G650 1996070907 -9997 -9999 -9997 0.0
C0G650 1996070908 -9997 -9999 -9997 0.0
C0G650 1996070909 -9997 -9999 -9997 0.0
C0G650 1996070910 31.8 -9999 0.0 0.0
C0G650 1996070911 31.6 -9999 0.1 0.0
C0G650 1996070912 33.0 -9999 0.7 0.0
C0G650 1996070913 34.2 -9999 0.7 0.0
C0G650 1996070914 34.1 -9999 0.7 0.0
C0G650 1996070915 33.8 -9999 0.8 0.0
C0G650 1996070916 32.4 -9999 2.1 0.0
C0G650 1996070917 32.1 -9999 0.6 0.0
C0G650 1996070918 30.3 -9999 0.0 0.0
C0G650 1996070919 29.2 -9999 0.0 0.0
C0G650 1996070920 28.2 -9999 0.0 0.0
C0G650 1996070921 27.4 -9999 0.5 0.0
C0G650 1996070922 26.5 -9999 0.0 0.0
C0G650 1996070923 25.8 -9999 0.0 0.0
C0G650 1996070924 25.3 -9999 0.0 0.0
C0G650 1996071001 25.0 -9999 0.0 0.0
C0G650 1996071002 24.7 -9999 0.0 0.0
C0G650 1996071003 24.4 -9999 0.0 0.0
C0G650 1996071004 24.3 -9999 0.0 0.0
C0G650 1996071005 24.1 -9999 0.0 0.0
C0G650 1996071006 24.3 -9999 0.0 0.0
C0G650 1996071007 26.2 -9999 0.6 0.0
C0G650 1996071008 28.7 -9999 0.7 0.0
C0G650 1996071009 30.3 -9999 1.2 0.0
C0G650 1996071010 31.1 -9999 0.9 0.0
C0G650 1996071011 32.3 -9999 1.5 0.0
C0G650 1996071012 33.6 -9999 0.4 0.0
C0G650 1996071013 34.6 -9999 0.6 0.0
C0G650 1996071014 33.6 -9999 1.3 0.0
C0G650 1996071015 35.1 -9999 0.9 0.0
C0G650 1996071016 34.0 -9999 0.9 0.0
C0G650 1996071017 33.4 -9999 0.4 0.0
C0G650 1996071018 31.2 -9999 0.5 0.0
C0G650 1996071019 29.7 -9999 0.0 0.0
C0G650 1996071020 28.5 -9999 0.0 0.0
C0G650 1996071021 27.1 -9999 0.0 0.0
C0G650 1996071022 26.5 -9999 0.0 0.0
C0G650 1996071023 26.2 -9999 0.0 0.0
C0G650 1996071024 26.0 -9999 0.0 0.0
C0G650 1996071101 25.7 -9999 0.0 0.0
C0G650 1996071102 25.8 -9999 0.0 0.0
C0G650 1996071103 25.7 -9999 0.0 0.0
C0G650 1996071104 25.3 -9999 0.0 0.0
C0G650 1996071105 24.8 -9999 0.0 0.0
C0G650 1996071106 25.3 -9999 0.0 0.0
C0G650 1996071107 28.7 -9999 0.9 0.0
C0G650 1996071108 30.6 -9999 2.0 0.0
C0G650 1996071109 31.1 -9999 2.1 0.0
C0G650 1996071110 31.5 -9999 1.4 0.0
C0G650 1996071111 33.2 -9999 1.8 0.0
C0G650 1996071112 34.0 -9999 1.1 0.0
C0G650 1996071113 34.4 -9999 0.9 0.0
C0G650 1996071114 -9997 -9999 -9997 0.0
C0G650 1996071115 30.7 -9999 3.9 0.0
C0G650 1996071116 -9997 -9999 -9997 0.0
C0G650 1996071117 -9997 -9999 -9997 0.0
C0G650 1996071118 -9997 -9999 -9997 0.0
C0G650 1996071119 -9997 -9999 -9997 0.0
C0G650 1996071120 -9997 -9999 -9997 0.0
C0G650 1996071121 -9997 -9999 -9997 0.0
C0G650 1996071122 -9997 -9999 -9997 0.0
C0G650 1996071123 -9997 -9999 -9997 0.0
C0G650 1996071124 -9997 -9999 -9997 0.0
C0G650 1996071201 -9997 -9999 -9997 0.0
C0G650 1996071202 -9997 -9999 -9997 0.0
C0G650 1996071203 -9997 -9999 -9997 0.0
C0G650 1996071204 -9997 -9999 -9997 0.0
C0G650 1996071205 -9997 -9999 -9997 0.0
C0G650 1996071206 -9997 -9999 -9997 0.0
C0G650 1996071207 -9997 -9999 -9997 0.0
C0G650 1996071208 -9997 -9999 -9997 0.0
C0G650 1996071209 -9997 -9999 -9997 0.0
C0G650 1996071210 33.4 -9999 1.2 0.0
C0G650 1996071211 34.6 -9999 2.1 0.0
C0G650 1996071212 34.4 -9999 2.0 0.0
C0G650 1996071213 35.4 -9999 1.6 0.0
C0G650 1996071214 34.8 -9999 1.8 0.0
C0G650 1996071215 36.0 -9999 1.5 0.0
C0G650 1996071216 35.2 -9999 1.1 0.0
C0G650 1996071217 33.8 -9999 2.0 0.0
C0G650 1996071218 31.8 -9999 1.2 0.0
C0G650 1996071219 30.5 -9999 0.1 0.0
C0G650 1996071220 29.2 -9999 0.0 0.0
C0G650 1996071221 28.0 -9999 0.0 0.0
C0G650 1996071222 27.4 -9999 0.0 0.0
C0G650 1996071223 26.9 -9999 0.0 0.0
C0G650 1996071224 26.7 -9999 0.0 0.0
C0G650 1996071301 26.4 -9999 0.0 0.0
C0G650 1996071302 26.1 -9999 0.0 0.0
C0G650 1996071303 26.1 -9999 0.0 0.0
C0G650 1996071304 25.3 -9999 -9997 0.0
C0G650 1996071305 25.8 -9999 0.0 0.0
C0G650 1996071306 26.9 -9999 0.0 0.0
C0G650 1996071307 28.4 -9999 0.0 0.0
C0G650 1996071308 30.2 -9999 2.4 0.0
C0G650 1996071309 32.1 -9999 0.8 0.0
C0G650 1996071310 33.5 -9999 0.8 0.0
C0G650 1996071311 34.1 -9999 0.8 0.0
C0G650 1996071312 35.3 -9999 0.7 0.0
C0G650 1996071313 34.5 -9999 0.7 0.0
C0G650 1996071314 35.3 -9999 0.5 0.0
C0G650 1996071315 34.9 -9999 0.8 0.0
C0G650 1996071316 33.1 -9999 1.0 0.0
C0G650 1996071317 32.5 -9999 0.5 0.0
C0G650 1996071318 30.6 -9999 0.7 0.0
C0G650 1996071319 29.7 -9999 0.0 0.0
C0G650 1996071320 28.3 -9999 0.8 0.0
C0G650 1996071321 28.1 -9999 0.0 0.0
C0G650 1996071322 28.1 -9999 0.0 0.0
C0G650 1996071323 28.2 -9999 0.0 0.0
C0G650 1996071324 28.8 -9999 0.2 0.0
C0G650 1996071401 28.0 -9999 0.0 0.0
C0G650 1996071402 26.6 -9999 0.0 0.0
C0G650 1996071403 25.9 -9999 0.0 0.0
C0G650 1996071404 25.5 -9999 0.0 0.0
C0G650 1996071405 25.4 -9999 0.0 0.0
C0G650 1996071406 26.3 -9999 0.0 0.0
C0G650 1996071407 28.5 -9999 0.0 0.0
C0G650 1996071408 30.6 -9999 0.0 0.0
C0G650 1996071409 31.9 -9999 0.6 0.0
C0G650 1996071410 33.4 -9999 0.7 0.0
C0G650 1996071411 34.6 -9999 0.2 0.0
C0G650 1996071412 34.6 -9999 0.3 0.0
C0G650 1996071413 35.7 -9999 0.9 0.0
C0G650 1996071414 34.0 -9999 0.4 0.0
C0G650 1996071415 33.3 -9999 1.3 0.0
C0G650 1996071416 33.4 -9999 0.9 0.0
C0G650 1996071417 32.3 -9999 0.4 0.0
C0G650 1996071418 30.5 -9999 1.7 0.0
C0G650 1996071419 29.3 -9999 0.4 0.0
C0G650 1996071420 29.0 -9999 0.0 0.0
C0G650 1996071421 28.5 -9999 0.0 0.0
C0G650 1996071422 28.0 -9999 0.0 0.0
C0G650 1996071423 27.7 -9999 0.0 0.0
C0G650 1996071424 27.4 -9999 0.0 0.0
C0G650 1996071501 26.5 -9999 0.0 0.0
C0G650 1996071502 26.4 -9999 0.0 0.0
C0G650 1996071503 26.0 -9999 0.0 0.0
C0G650 1996071504 26.0 -9999 0.0 0.0
C0G650 1996071505 25.4 -9999 0.0 0.0
C0G650 1996071506 26.0 -9999 0.0 0.0
C0G650 1996071507 28.4 -9999 0.0 0.0
C0G650 1996071508 30.8 -9999 0.5 0.0
C0G650 1996071509 31.6 -9999 1.4 0.0
C0G650 1996071510 33.5 -9999 1.1 0.0
C0G650 1996071511 33.1 -9999 1.0 0.0
C0G650 1996071512 33.6 -9999 1.2 0.0
C0G650 1996071513 34.4 -9999 1.1 0.0
C0G650 1996071514 34.4 -9999 0.7 0.0
C0G650 1996071515 33.1 -9999 1.3 0.0
C0G650 1996071516 30.9 -9999 0.7 0.0
C0G650 1996071517 30.2 -9999 0.2 0.0
C0G650 1996071518 29.1 -9999 0.4 0.0
C0G650 1996071519 28.0 -9999 0.0 0.0
C0G650 1996071520 27.6 -9999 0.7 0.0
C0G650 1996071521 27.5 -9999 0.0 0.0
C0G650 1996071522 27.1 -9999 0.3 0.0
C0G650 1996071523 27.0 -9999 0.0 0.0
C0G650 1996071524 26.5 -9999 0.0 0.0
C0G650 1996071601 26.1 -9999 0.0 0.0
C0G650 1996071602 25.5 -9999 0.0 0.0
C0G650 1996071603 25.7 -9999 0.0 0.0
C0G650 1996071604 25.8 -9999 0.0 0.0
C0G650 1996071605 25.5 -9999 0.0 0.0
C0G650 1996071606 26.1 -9999 0.0 0.0
C0G650 1996071607 28.1 -9999 0.0 0.0
C0G650 1996071608 30.3 -9999 2.2 0.0
C0G650 1996071609 31.3 -9999 2.4 0.0
C0G650 1996071610 32.7 -9999 2.2 0.0
C0G650 1996071611 33.8 -9999 1.2 0.0
C0G650 1996071612 34.2 -9999 1.3 0.0
C0G650 1996071613 34.2 -9999 1.0 0.0
C0G650 1996071614 31.7 -9999 1.0 0.0
C0G650 1996071615 29.4 -9999 1.0 0.0
C0G650 1996071616 26.6 -9999 2.6 1.5
C0G650 1996071617 25.2 -9999 0.1 0.0
C0G650 1996071618 26.0 -9999 0.0 0.0
C0G650 1996071619 25.9 -9999 0.0 0.0
C0G650 1996071620 25.7 -9999 0.0 0.5
C0G650 1996071621 25.2 -9999 0.0 0.0
C0G650 1996071622 25.5 -9999 0.0 0.0
C0G650 1996071623 25.7 -9999 0.0 0.0
C0G650 1996071624 26.0 -9999 0.0 0.0
C0G650 1996071701 25.4 -9999 0.0 0.0
C0G650 1996071702 25.1 -9999 0.0 0.0
C0G650 1996071703 24.6 -9999 0.0 0.0
C0G650 1996071704 24.7 -9999 0.0 0.0
C0G650 1996071705 24.6 -9999 0.0 0.0
C0G650 1996071706 24.6 -9999 0.0 0.0
C0G650 1996071707 26.3 -9999 0.0 0.0
C0G650 1996071708 30.2 -9999 1.5 0.0
C0G650 1996071709 31.8 -9999 1.5 0.0
C0G650 1996071710 32.6 -9999 0.9 0.0
C0G650 1996071711 33.9 -9999 1.5 0.0
C0G650 1996071712 34.0 -9999 1.8 0.0
C0G650 1996071713 34.5 -9999 1.6 0.0
C0G650 1996071714 35.0 -9999 1.1 0.0
C0G650 1996071715 34.4 -9999 1.0 0.0
C0G650 1996071716 29.0 -9999 0.3 0.0
C0G650 1996071717 27.0 -9999 0.3 1.0
C0G650 1996071718 26.6 -9999 0.0 1.5
C0G650 1996071719 26.7 -9999 0.8 0.0
C0G650 1996071720 26.7 -9999 0.0 0.0
C0G650 1996071721 26.2 -9999 0.0 0.0
C0G650 1996071722 26.2 -9999 0.6 0.0
C0G650 1996071723 26.1 -9999 0.0 0.0
C0G650 1996071724 26.1 -9999 0.0 0.0
C0G650 1996071801 26.0 -9999 0.0 0.0
C0G650 1996071802 25.9 -9999 0.0 0.0
C0G650 1996071803 26.3 -9999 0.0 0.0
C0G650 1996071804 26.2 -9999 0.0 0.0
C0G650 1996071805 26.2 -9999 0.0 0.0
C0G650 1996071806 26.3 -9999 0.0 0.0
C0G650 1996071807 28.8 -9999 0.0 0.0
C0G650 1996071808 30.5 -9999 0.0 0.0
C0G650 1996071809 32.5 -9999 0.4 0.0
C0G650 1996071810 33.0 -9999 0.6 0.0
C0G650 1996071811 34.0 -9999 0.8 0.0
C0G650 1996071812 35.0 -9999 0.2 0.0
C0G650 1996071813 33.8 -9999 0.6 0.0
C0G650 1996071814 34.4 -9999 1.0 0.0
C0G650 1996071815 34.2 -9999 0.9 0.0
C0G650 1996071816 33.3 -9999 1.3 0.0
C0G650 1996071817 32.3 -9999 0.2 0.0
C0G650 1996071818 28.1 -9999 2.0 1.5
C0G650 1996071819 -9997 -9999 -9997 0.0
C0G650 1996071820 26.3 -9999 0.0 0.0
C0G650 1996071821 26.3 -9999 0.0 0.5
C0G650 1996071822 26.5 -9999 0.0 0.0
C0G650 1996071823 26.4 -9999 0.0 0.0
C0G650 1996071824 26.4 -9999 0.0 0.0
C0G650 1996071901 26.4 -9999 0.0 0.0
C0G650 1996071902 26.1 -9999 0.0 0.0
C0G650 1996071903 25.8 -9999 0.0 0.0
C0G650 1996071904 26.0 -9999 0.0 0.0
C0G650 1996071905 25.7 -9999 0.0 0.0
C0G650 1996071906 26.2 -9999 0.0 0.0
C0G650 1996071907 -9997 -9999 -9997 0.0
C0G650 1996071908 29.8 -9999 0.0 0.0
C0G650 1996071909 31.8 -9999 1.7 0.0
C0G650 1996071910 32.8 -9999 1.3 0.0
C0G650 1996071911 33.6 -9999 2.2 0.0
C0G650 1996071912 33.7 -9999 1.7 0.0
C0G650 1996071913 34.4 -9999 1.2 0.0
C0G650 1996071914 35.0 -9999 1.6 0.0
C0G650 1996071915 34.2 -9999 2.0 0.0
C0G650 1996071916 33.9 -9999 2.0 0.0
C0G650 1996071917 32.8 -9999 2.8 0.0
C0G650 1996071918 31.9 -9999 2.1 0.0
C0G650 1996071919 31.2 -9999 0.6 0.0
C0G650 1996071920 30.3 -9999 0.1 0.0
C0G650 1996071921 29.7 -9999 0.0 0.0
C0G650 1996071922 28.4 -9999 0.0 0.0
C0G650 1996071923 27.8 -9999 0.0 0.0
C0G650 1996071924 27.2 -9999 0.2 0.0
C0G650 1996072001 27.1 -9999 0.0 0.0
C0G650 1996072002 26.6 -9999 0.0 0.0
C0G650 1996072003 26.2 -9999 0.0 0.0
C0G650 1996072004 26.7 -9999 0.0 0.0
C0G650 1996072005 27.3 -9999 0.0 0.0
C0G650 1996072006 -9997 -9999 -9997 0.0
C0G650 1996072007 28.8 -9999 0.1 0.0
C0G650 1996072008 -9997 -9999 1.4 0.0
C0G650 1996072009 32.5 -9999 0.7 0.0
C0G650 1996072010 33.8 -9999 1.7 0.0
C0G650 1996072011 34.0 -9999 1.5 0.0
C0G650 1996072012 35.1 -9999 0.5 0.0
C0G650 1996072013 35.4 -9999 0.8 0.0
C0G650 1996072014 35.8 -9999 1.0 0.0
C0G650 1996072015 35.4 -9999 0.7 0.0
C0G650 1996072016 35.0 -9999 0.6 0.0
C0G650 1996072017 34.0 -9999 0.4 0.0
C0G650 1996072018 32.9 -9999 0.4 0.0
C0G650 1996072019 31.7 -9999 0.1 0.0
C0G650 1996072020 31.0 -9999 0.6 0.0
C0G650 1996072021 29.5 -9999 0.0 0.0
C0G650 1996072022 28.6 -9999 0.0 0.0
C0G650 1996072023 28.7 -9999 0.0 0.0
C0G650 1996072024 27.9 -9999 0.0 0.0
C0G650 1996072101 27.5 -9999 0.0 0.0
C0G650 1996072102 27.3 -9999 0.0 0.0
C0G650 1996072103 26.7 -9999 0.0 0.0
C0G650 1996072104 26.5 -9999 0.0 0.0
C0G650 1996072105 27.0 -9999 0.0 0.0
C0G650 1996072106 26.9 -9999 0.0 0.0
C0G650 1996072107 28.0 -9999 0.0 0.0
C0G650 1996072108 30.1 -9999 1.1 0.0
C0G650 1996072109 32.7 -9999 0.0 0.0
C0G650 1996072110 33.9 -9999 0.8 0.0
C0G650 1996072111 34.0 -9999 0.7 0.0
C0G650 1996072112 33.8 -9999 1.1 0.0
C0G650 1996072113 34.9 -9999 1.2 0.0
C0G650 1996072114 35.3 -9999 0.8 0.0
C0G650 1996072115 34.7 -9999 0.5 0.0
C0G650 1996072116 33.7 -9999 1.6 0.0
C0G650 1996072117 33.3 -9999 0.9 0.0
C0G650 1996072118 32.5 -9999 0.8 0.0
C0G650 1996072119 31.5 -9999 0.2 0.0
C0G650 1996072120 30.7 -9999 0.1 0.0
C0G650 1996072121 30.2 -9999 0.0 0.0
C0G650 1996072122 29.5 -9999 0.1 0.0
C0G650 1996072123 28.8 -9999 0.0 0.0
C0G650 1996072124 28.7 -9999 0.0 0.0
C0G650 1996072201 28.3 -9999 0.0 0.0
C0G650 1996072202 28.3 -9999 0.0 0.0
C0G650 1996072203 28.3 -9999 0.1 0.0
C0G650 1996072204 28.4 -9999 0.5 0.0
C0G650 1996072205 28.3 -9999 0.0 0.0
C0G650 1996072206 28.2 -9999 0.1 0.0
C0G650 1996072207 29.5 -9999 0.4 0.0
C0G650 1996072208 30.8 -9999 0.9 0.0
C0G650 1996072209 31.7 -9999 1.1 0.0
C0G650 1996072210 32.8 -9999 2.1 0.0
C0G650 1996072211 34.9 -9999 1.0 0.0
C0G650 1996072212 34.8 -9999 0.9 0.0
C0G650 1996072213 33.2 -9999 2.6 0.0
C0G650 1996072214 33.8 -9999 2.0 0.0
C0G650 1996072215 32.6 -9999 0.7 0.0
C0G650 1996072216 32.4 -9999 0.1 0.0
C0G650 1996072217 30.7 -9999 1.9 0.0
C0G650 1996072218 29.2 -9999 2.1 0.0
C0G650 1996072219 29.1 -9999 0.8 0.0
C0G650 1996072220 28.8 -9999 0.4 0.0
C0G650 1996072221 28.9 -9999 0.1 0.0
C0G650 1996072222 28.4 -9999 0.0 0.0
C0G650 1996072223 28.1 -9999 0.0 0.0
C0G650 1996072224 28.0 -9999 0.0 0.0
C0G650 1996072301 27.5 -9999 0.0 0.0
C0G650 1996072302 27.6 -9999 0.0 0.0
C0G650 1996072303 27.6 -9999 0.0 0.0
C0G650 1996072304 27.7 -9999 0.0 0.0
C0G650 1996072305 27.4 -9999 0.1 0.0
C0G650 1996072306 27.6 -9999 0.0 0.0
C0G650 1996072307 28.9 -9999 0.4 0.0
C0G650 1996072308 30.2 -9999 1.5 0.0
C0G650 1996072309 31.5 -9999 1.4 0.0
C0G650 1996072310 33.3 -9999 1.6 0.0
C0G650 1996072311 33.3 -9999 2.7 0.0
C0G650 1996072312 34.3 -9999 2.5 0.0
C0G650 1996072313 34.5 -9999 1.8 0.0
C0G650 1996072314 34.5 -9999 1.2 0.0
C0G650 1996072315 34.0 -9999 2.1 0.0
C0G650 1996072316 33.6 -9999 2.2 0.0
C0G650 1996072317 32.9 -9999 1.4 0.0
C0G650 1996072318 31.8 -9999 0.9 0.0
C0G650 1996072319 30.7 -9999 0.2 0.0
C0G650 1996072320 30.0 -9999 0.0 0.0
C0G650 1996072321 29.3 -9999 0.2 0.0
C0G650 1996072322 28.7 -9999 0.7 0.0
C0G650 1996072323 28.5 -9999 0.0 0.0
C0G650 1996072324 28.7 -9999 0.0 0.0
C0G650 1996072401 28.4 -9999 1.7 0.0
C0G650 1996072402 28.1 -9999 0.4 0.0
C0G650 1996072403 27.9 -9999 0.0 0.0
C0G650 1996072404 27.7 -9999 0.0 0.0
C0G650 1996072405 27.2 -9999 0.0 0.0
C0G650 1996072406 26.9 -9999 0.0 0.0
C0G650 1996072407 28.0 -9999 0.0 0.0
C0G650 1996072408 30.3 -9999 0.0 0.0
C0G650 1996072409 31.8 -9999 0.3 0.0
C0G650 1996072410 33.1 -9999 0.6 0.0
C0G650 1996072411 34.7 -9999 0.9 0.0
C0G650 1996072412 34.9 -9999 1.1 0.0
C0G650 1996072413 34.5 -9999 1.2 0.0
C0G650 1996072414 34.8 -9999 1.1 0.0
C0G650 1996072415 34.5 -9999 1.1 0.0
C0G650 1996072416 33.8 -9999 0.6 0.0
C0G650 1996072417 33.6 -9999 0.4 0.0
C0G650 1996072418 32.7 -9999 0.0 0.0
C0G650 1996072419 31.6 -9999 0.0 0.0
C0G650 1996072420 30.7 -9999 0.0 0.0
C0G650 1996072421 29.8 -9999 0.0 0.0
C0G650 1996072422 29.2 -9999 0.0 0.0
C0G650 1996072423 29.0 -9999 0.0 0.0
C0G650 1996072424 28.6 -9999 0.0 0.0
C0G650 1996072501 28.2 -9999 0.0 0.0
C0G650 1996072502 28.4 -9999 0.2 0.0
C0G650 1996072503 28.5 -9999 0.0 0.0
C0G650 1996072504 27.9 -9999 0.0 0.0
C0G650 1996072505 28.0 -9999 0.0 0.0
C0G650 1996072506 28.0 -9999 0.0 0.0
C0G650 1996072507 28.1 -9999 0.0 0.0
C0G650 1996072508 29.5 -9999 0.0 0.0
C0G650 1996072509 30.6 -9999 0.0 0.0
C0G650 1996072510 31.9 -9999 0.3 0.0
C0G650 1996072511 31.2 -9999 1.0 0.0
C0G650 1996072512 31.0 -9999 0.5 0.0
C0G650 1996072513 31.0 -9999 0.1 0.0
C0G650 1996072514 31.6 -9999 2.0 0.0
C0G650 1996072515 31.5 -9999 0.1 0.0
C0G650 1996072516 31.2 -9999 0.5 0.0
C0G650 1996072517 30.6 -9999 0.0 0.0
C0G650 1996072518 30.1 -9999 0.0 0.0
C0G650 1996072519 29.2 -9999 0.3 0.5
C0G650 1996072520 28.7 -9999 0.3 0.0
C0G650 1996072521 28.5 -9999 0.0 0.0
C0G650 1996072522 27.9 -9999 0.1 0.0
C0G650 1996072523 27.6 -9999 0.9 0.0
C0G650 1996072524 27.6 -9999 0.2 0.0
C0G650 1996072601 27.3 -9999 0.5 0.0
C0G650 1996072602 27.2 -9999 0.0 0.0
C0G650 1996072603 27.2 -9999 0.0 0.0
C0G650 1996072604 26.9 -9999 0.7 0.0
C0G650 1996072605 25.8 -9999 0.0 0.0
C0G650 1996072606 26.9 -9999 0.0 0.0
C0G650 1996072607 26.9 -9999 0.0 0.0
C0G650 1996072608 27.7 -9999 0.3 0.0
C0G650 1996072609 29.2 -9999 0.3 0.0
C0G650 1996072610 30.7 -9999 0.5 0.0
C0G650 1996072611 -9997 -9999 -9997 0.0
C0G650 1996072612 35.8 -9999 2.5 0.0
C0G650 1996072613 34.3 -9999 5.0 0.0
C0G650 1996072614 35.1 -9999 3.6 0.0
C0G650 1996072615 35.6 -9999 4.1 0.0
C0G650 1996072616 35.3 -9999 4.5 0.0
C0G650 1996072617 34.9 -9999 5.6 0.0
C0G650 1996072618 34.8 -9999 4.6 0.0
C0G650 1996072619 32.7 -9999 5.6 0.0
C0G650 1996072620 28.1 -9999 6.1 0.0
C0G650 1996072621 27.1 -9999 4.0 0.0
C0G650 1996072622 27.2 -9999 4.0 0.0
C0G650 1996072623 27.4 -9999 3.6 0.0
C0G650 1996072624 26.2 -9999 3.8 0.0
C0G650 1996072701 27.2 -9999 3.7 0.5
C0G650 1996072702 27.3 -9999 3.1 0.0
C0G650 1996072703 26.0 -9999 1.9 0.5
C0G650 1996072704 26.1 -9999 0.1 0.0
C0G650 1996072705 24.9 -9999 5.1 3.0
C0G650 1996072706 24.8 -9999 2.0 5.0
C0G650 1996072707 24.5 -9999 1.8 2.5
C0G650 1996072708 24.8 -9999 0.1 0.5
C0G650 1996072709 25.5 -9999 0.0 0.0
C0G650 1996072710 27.1 -9999 0.0 0.0
C0G650 1996072711 30.4 -9999 2.0 0.0
C0G650 1996072712 31.3 -9999 3.4 0.0
C0G650 1996072713 32.0 -9999 2.5 0.0
C0G650 1996072714 32.3 -9999 4.2 0.0
C0G650 1996072715 31.5 -9999 2.8 0.0
C0G650 1996072716 30.4 -9999 2.9 0.0
C0G650 1996072717 30.1 -9999 1.6 0.0
C0G650 1996072718 29.8 -9999 2.6 0.0
C0G650 1996072719 29.0 -9999 2.1 0.0
C0G650 1996072720 27.8 -9999 2.9 0.0
C0G650 1996072721 27.4 -9999 0.2 0.0
C0G650 1996072722 -9997 -9999 -9997 0.0
C0G650 1996072723 26.8 -9999 -9997 0.0
C0G650 1996072724 26.9 -9999 0.0 0.0
C0G650 1996072801 26.6 -9999 0.0 0.0
C0G650 1996072802 26.4 -9999 0.0 0.0
C0G650 1996072803 -9997 -9999 -9997 0.0
C0G650 1996072804 25.7 -9999 -9997 0.0
C0G650 1996072805 25.7 -9999 0.0 0.0
C0G650 1996072806 25.9 -9999 0.0 0.0
C0G650 1996072807 26.4 -9999 0.7 0.0
C0G650 1996072808 28.2 -9999 0.0 0.0
C0G650 1996072809 28.3 -9999 0.5 -9996
C0G650 1996072810 30.5 -9999 1.2 -9996
C0G650 1996072811 30.9 -9999 2.3 -9996
C0G650 1996072812 31.2 -9999 2.9 -9996
C0G650 1996072813 31.6 -9999 1.7 -9996
C0G650 1996072814 30.8 -9999 1.7 -9996
C0G650 1996072815 31.1 -9999 0.6 -9996
C0G650 1996072816 30.1 -9999 0.0 -9996
C0G650 1996072817 29.5 -9999 0.0 -9996
C0G650 1996072818 26.0 -9999 0.4 54.0
C0G650 1996072819 25.6 -9999 0.0 19.0
C0G650 1996072820 25.8 -9999 0.0 0.0
C0G650 1996072821 26.1 -9999 0.0 0.0
C0G650 1996072822 -9997 -9999 -9997 0.0
C0G650 1996072823 -9997 -9999 -9997 0.0
C0G650 1996072824 25.3 -9999 0.0 0.0
C0G650 1996072901 25.5 -9999 0.0 0.0
C0G650 1996072902 25.5 -9999 0.2 0.5
C0G650 1996072903 25.2 -9999 0.0 0.0
C0G650 1996072904 25.1 -9999 0.0 0.0
C0G650 1996072905 25.1 -9999 0.0 0.0
C0G650 1996072906 25.4 -9999 0.0 0.0
C0G650 1996072907 25.7 -9999 0.0 0.0
C0G650 1996072908 -9997 -9999 -9997 0.0
C0G650 1996072909 30.2 -9999 0.2 0.0
C0G650 1996072910 30.8 -9999 0.5 0.0
C0G650 1996072911 31.6 -9999 0.5 0.0
C0G650 1996072912 32.1 -9999 0.8 0.0
C0G650 1996072913 31.1 -9999 0.9 0.0
C0G650 1996072914 33.0 -9999 0.5 0.0
C0G650 1996072915 32.5 -9999 0.2 0.0
C0G650 1996072916 32.4 -9999 0.5 0.0
C0G650 1996072917 32.6 -9999 0.0 0.0
C0G650 1996072918 31.1 -9999 0.0 0.0
C0G650 1996072919 30.1 -9999 0.0 0.0
C0G650 1996072920 29.1 -9999 0.0 0.0
C0G650 1996072921 28.1 -9999 0.0 0.0
C0G650 1996072922 27.7 -9999 0.0 0.0
C0G650 1996072923 27.3 -9999 0.0 0.0
C0G650 1996072924 27.3 -9999 0.0 0.0
C0G650 1996073001 27.5 -9999 0.0 0.0
C0G650 1996073002 27.6 -9999 0.0 0.0
C0G650 1996073003 27.1 -9999 0.0 0.0
C0G650 1996073004 26.2 -9999 0.0 0.0
C0G650 1996073005 26.2 -9999 0.0 0.0
C0G650 1996073006 26.4 -9999 0.0 0.0
C0G650 1996073007 26.2 -9999 0.0 0.0
C0G650 1996073008 27.3 -9999 0.2 0.0
C0G650 1996073009 29.1 -9999 0.4 0.0
C0G650 1996073010 30.7 -9999 0.3 0.0
C0G650 1996073011 32.5 -9999 0.2 0.0
C0G650 1996073012 33.4 -9999 3.3 0.0
C0G650 1996073013 34.0 -9999 1.5 0.0
C0G650 1996073014 33.4 -9999 0.1 0.0
C0G650 1996073015 31.8 -9999 2.2 0.0
C0G650 1996073016 27.4 -9999 3.8 0.0
C0G650 1996073017 26.5 -9999 0.7 2.0
C0G650 1996073018 26.9 -9999 1.2 0.5
C0G650 1996073019 26.9 -9999 1.6 0.0
C0G650 1996073020 27.0 -9999 2.3 0.5
C0G650 1996073021 27.2 -9999 2.7 0.5
C0G650 1996073022 27.4 -9999 2.6 0.0
C0G650 1996073023 27.6 -9999 1.9 0.0
C0G650 1996073024 26.6 -9999 2.0 0.5
C0G650 1996073101 26.6 -9999 1.7 1.5
C0G650 1996073102 26.7 -9999 2.5 8.0
C0G650 1996073103 26.3 -9999 2.8 1.5
C0G650 1996073104 24.9 -9999 2.1 13.0
C0G650 1996073105 26.4 -9999 4.5 9.5
C0G650 1996073106 26.8 -9999 5.3 0.5
C0G650 1996073107 26.9 -9999 3.6 0.0
C0G650 1996073108 26.3 -9999 4.4 3.5
C0G650 1996073109 -9997 -9999 -9997 2.0
C0G650 1996073110 -9997 -9999 -9997 3.0
C0G650 1996073111 -9997 -9999 -9997 3.0
C0G650 1996073112 27.8 -9999 5.0 0.5
C0G650 1996073113 -9997 -9999 6.8 0.5
C0G650 1996073114 27.4 -9999 5.4 0.0
C0G650 1996073115 26.9 -9999 4.4 1.0
C0G650 1996073116 26.5 -9999 5.2 6.0
C0G650 1996073117 -9997 -9999 -9997 -9996
C0G650 1996073118 -9997 -9999 -9997 -9996
C0G650 1996073119 -9997 -9999 -9997 -9996
C0G650 1996073120 -9997 -9999 -9997 -9996
C0G650 1996073121 -9997 -9999 -9997 -9996
C0G650 1996073122 -9997 -9999 -9997 -9996
C0G650 1996073123 -9997 -9999 -9997 -9996
C0G650 1996073124 -9997 -9999 -9997 -9996
C0G660 1996070101 -9999 -9999 -9999 0.0
C0G660 1996070102 -9999 -9999 -9999 0.0
C0G660 1996070103 -9999 -9999 -9999 0.0
C0G660 1996070104 -9999 -9999 -9999 0.0
C0G660 1996070105 -9999 -9999 -9999 0.0
C0G660 1996070106 -9999 -9999 -9999 0.0
C0G660 1996070107 -9999 -9999 -9999 0.0
C0G660 1996070108 -9999 -9999 -9999 0.0
C0G660 1996070109 -9999 -9999 -9999 0.0
C0G660 1996070110 -9999 -9999 -9999 0.0
C0G660 1996070111 -9999 -9999 -9999 0.0
C0G660 1996070112 -9999 -9999 -9999 0.0
C0G660 1996070113 -9999 -9999 -9999 0.0
C0G660 1996070114 -9999 -9999 -9999 0.0
C0G660 1996070115 -9999 -9999 -9999 0.0
C0G660 1996070116 -9999 -9999 -9999 0.0
C0G660 1996070117 -9999 -9999 -9999 0.0
C0G660 1996070118 -9999 -9999 -9999 0.0
C0G660 1996070119 -9999 -9999 -9999 0.0
C0G660 1996070120 -9999 -9999 -9999 0.0
C0G660 1996070121 -9999 -9999 -9999 0.0
C0G660 1996070122 -9999 -9999 -9999 0.0
C0G660 1996070123 -9999 -9999 -9999 0.0
C0G660 1996070124 -9999 -9999 -9999 0.0
C0G660 1996070201 -9999 -9999 -9999 0.0
C0G660 1996070202 -9999 -9999 -9999 0.0
C0G660 1996070203 -9999 -9999 -9999 0.0
C0G660 1996070204 -9999 -9999 -9999 0.0
C0G660 1996070205 -9999 -9999 -9999 0.0
C0G660 1996070206 -9999 -9999 -9999 0.0
C0G660 1996070207 -9999 -9999 -9999 0.0
C0G660 1996070208 -9999 -9999 -9999 0.0
C0G660 1996070209 -9999 -9999 -9999 0.0
C0G660 1996070210 -9999 -9999 -9999 0.0
C0G660 1996070211 -9999 -9999 -9999 0.0
C0G660 1996070212 -9999 -9999 -9999 0.0
C0G660 1996070213 -9999 -9999 -9999 0.0
C0G660 1996070214 -9999 -9999 -9999 0.0
C0G660 1996070215 -9999 -9999 -9999 0.0
C0G660 1996070216 -9999 -9999 -9999 0.0
C0G660 1996070217 -9999 -9999 -9999 0.0
C0G660 1996070218 -9999 -9999 -9999 0.0
C0G660 1996070219 -9999 -9999 -9999 0.0
C0G660 1996070220 -9999 -9999 -9999 0.0
C0G660 1996070221 -9999 -9999 -9999 0.0
C0G660 1996070222 -9999 -9999 -9999 0.0
C0G660 1996070223 -9999 -9999 -9999 0.0
C0G660 1996070224 -9999 -9999 -9999 0.0
C0G660 1996070301 -9999 -9999 -9999 0.0
C0G660 1996070302 -9999 -9999 -9999 0.0
C0G660 1996070303 -9999 -9999 -9999 0.0
C0G660 1996070304 -9999 -9999 -9999 0.0
C0G660 1996070305 -9999 -9999 -9999 0.0
C0G660 1996070306 -9999 -9999 -9999 0.0
C0G660 1996070307 -9999 -9999 -9999 0.0
C0G660 1996070308 -9999 -9999 -9999 0.0
C0G660 1996070309 -9999 -9999 -9999 0.0
C0G660 1996070310 -9999 -9999 -9999 0.0
C0G660 1996070311 -9999 -9999 -9999 0.0
C0G660 1996070312 -9999 -9999 -9999 0.0
C0G660 1996070313 -9999 -9999 -9999 0.0
C0G660 1996070314 -9999 -9999 -9999 0.0
C0G660 1996070315 -9999 -9999 -9999 0.0
C0G660 1996070316 -9999 -9999 -9999 0.0
C0G660 1996070317 -9999 -9999 -9999 0.0
C0G660 1996070318 -9999 -9999 -9999 -9996
C0G660 1996070319 -9999 -9999 -9999 4.0
C0G660 1996070320 -9999 -9999 -9999 -9996
C0G660 1996070321 -9999 -9999 -9999 -9996
C0G660 1996070322 -9999 -9999 -9999 -9996
C0G660 1996070323 -9999 -9999 -9999 -9996
C0G660 1996070324 -9999 -9999 -9999 -9996
C0G660 1996070401 -9999 -9999 -9999 0.0
C0G660 1996070402 -9999 -9999 -9999 0.0
C0G660 1996070403 -9999 -9999 -9999 0.0
C0G660 1996070404 -9999 -9999 -9999 0.0
C0G660 1996070405 -9999 -9999 -9999 0.0
C0G660 1996070406 -9999 -9999 -9999 0.0
C0G660 1996070407 -9999 -9999 -9999 0.0
C0G660 1996070408 -9999 -9999 -9999 0.0
C0G660 1996070409 -9999 -9999 -9999 0.0
C0G660 1996070410 -9999 -9999 -9999 0.0
C0G660 1996070411 -9999 -9999 -9999 0.0
C0G660 1996070412 -9999 -9999 -9999 0.0
C0G660 1996070413 -9999 -9999 -9999 0.0
C0G660 1996070414 -9999 -9999 -9999 0.0
C0G660 1996070415 -9999 -9999 -9999 0.0
C0G660 1996070416 -9999 -9999 -9999 0.0
C0G660 1996070417 -9999 -9999 -9999 0.0
C0G660 1996070418 -9999 -9999 -9999 0.0
C0G660 1996070419 -9999 -9999 -9999 0.0
C0G660 1996070420 -9999 -9999 -9999 0.0
C0G660 1996070421 -9999 -9999 -9999 0.0
C0G660 1996070422 -9999 -9999 -9999 0.0
C0G660 1996070423 -9999 -9999 -9999 0.0
C0G660 1996070424 -9999 -9999 -9999 0.0
C0G660 1996070501 -9999 -9999 -9999 0.0
C0G660 1996070502 -9999 -9999 -9999 0.0
C0G660 1996070503 -9999 -9999 -9999 0.0
C0G660 1996070504 -9999 -9999 -9999 0.0
C0G660 1996070505 -9999 -9999 -9999 0.0
C0G660 1996070506 -9999 -9999 -9999 0.0
C0G660 1996070507 -9999 -9999 -9999 0.0
C0G660 1996070508 -9999 -9999 -9999 0.0
C0G660 1996070509 -9999 -9999 -9999 0.0
C0G660 1996070510 -9999 -9999 -9999 0.0
C0G660 1996070511 -9999 -9999 -9999 0.0
C0G660 1996070512 -9999 -9999 -9999 0.0
C0G660 1996070513 -9999 -9999 -9999 0.0
C0G660 1996070514 -9999 -9999 -9999 0.0
C0G660 1996070515 -9999 -9999 -9999 0.0
C0G660 1996070516 -9999 -9999 -9999 0.0
C0G660 1996070517 -9999 -9999 -9999 0.0
C0G660 1996070518 -9999 -9999 -9999 0.0
C0G660 1996070519 -9999 -9999 -9999 0.0
C0G660 1996070520 -9999 -9999 -9999 0.0
C0G660 1996070521 -9999 -9999 -9999 0.0
C0G660 1996070522 -9999 -9999 -9999 0.0
C0G660 1996070523 -9999 -9999 -9999 0.0
C0G660 1996070524 -9999 -9999 -9999 0.0
C0G660 1996070601 -9999 -9999 -9999 0.0
C0G660 1996070602 -9999 -9999 -9999 0.0
C0G660 1996070603 -9999 -9999 -9999 0.0
C0G660 1996070604 -9999 -9999 -9999 0.0
C0G660 1996070605 -9999 -9999 -9999 0.0
C0G660 1996070606 -9999 -9999 -9999 0.0
C0G660 1996070607 -9999 -9999 -9999 0.0
C0G660 1996070608 -9999 -9999 -9999 0.0
C0G660 1996070609 -9999 -9999 -9999 0.0
C0G660 1996070610 -9999 -9999 -9999 0.0
C0G660 1996070611 -9999 -9999 -9999 0.0
C0G660 1996070612 -9999 -9999 -9999 0.0
C0G660 1996070613 -9999 -9999 -9999 0.0
C0G660 1996070614 -9999 -9999 -9999 0.0
C0G660 1996070615 -9999 -9999 -9999 0.0
C0G660 1996070616 -9999 -9999 -9999 0.0
C0G660 1996070617 -9999 -9999 -9999 0.0
C0G660 1996070618 -9999 -9999 -9999 0.0
C0G660 1996070619 -9999 -9999 -9999 0.0
C0G660 1996070620 -9999 -9999 -9999 0.0
C0G660 1996070621 -9999 -9999 -9999 0.0
C0G660 1996070622 -9999 -9999 -9999 0.0
C0G660 1996070623 -9999 -9999 -9999 0.0
C0G660 1996070624 -9999 -9999 -9999 0.0
C0G660 1996070701 -9999 -9999 -9999 0.0
C0G660 1996070702 -9999 -9999 -9999 0.0
C0G660 1996070703 -9999 -9999 -9999 0.0
C0G660 1996070704 -9999 -9999 -9999 0.0
C0G660 1996070705 -9999 -9999 -9999 0.0
C0G660 1996070706 -9999 -9999 -9999 0.0
C0G660 1996070707 -9999 -9999 -9999 0.0
C0G660 1996070708 -9999 -9999 -9999 0.0
C0G660 1996070709 -9999 -9999 -9999 0.0
C0G660 1996070710 -9999 -9999 -9999 0.0
C0G660 1996070711 -9999 -9999 -9999 0.0
C0G660 1996070712 -9999 -9999 -9999 0.0
C0G660 1996070713 -9999 -9999 -9999 0.0
C0G660 1996070714 -9999 -9999 -9999 0.0
C0G660 1996070715 -9999 -9999 -9999 0.0
C0G660 1996070716 -9999 -9999 -9999 0.0
C0G660 1996070717 -9999 -9999 -9999 0.0
C0G660 1996070718 -9999 -9999 -9999 0.0
C0G660 1996070719 -9999 -9999 -9999 0.0
C0G660 1996070720 -9999 -9999 -9999 0.0
C0G660 1996070721 -9999 -9999 -9999 0.0
C0G660 1996070722 -9999 -9999 -9999 0.0
C0G660 1996070723 -9999 -9999 -9999 0.0
C0G660 1996070724 -9999 -9999 -9999 0.0
C0G660 1996070801 -9999 -9999 -9999 0.0
C0G660 1996070802 -9999 -9999 -9999 0.0
C0G660 1996070803 -9999 -9999 -9999 0.0
C0G660 1996070804 -9999 -9999 -9999 0.0
C0G660 1996070805 -9999 -9999 -9999 0.0
C0G660 1996070806 -9999 -9999 -9999 0.0
C0G660 1996070807 -9999 -9999 -9999 0.0
C0G660 1996070808 -9999 -9999 -9999 0.0
C0G660 1996070809 -9999 -9999 -9999 0.0
C0G660 1996070810 -9999 -9999 -9999 0.0
C0G660 1996070811 -9999 -9999 -9999 0.0
C0G660 1996070812 -9999 -9999 -9999 0.0
C0G660 1996070813 -9999 -9999 -9999 0.0
C0G660 1996070814 -9999 -9999 -9999 0.0
C0G660 1996070815 -9999 -9999 -9999 0.0
C0G660 1996070816 -9999 -9999 -9999 0.0
C0G660 1996070817 -9999 -9999 -9999 0.0
C0G660 1996070818 -9999 -9999 -9999 0.0
C0G660 1996070819 -9999 -9999 -9999 0.0
C0G660 1996070820 -9999 -9999 -9999 0.0
C0G660 1996070821 -9999 -9999 -9999 0.0
C0G660 1996070822 -9999 -9999 -9999 0.0
C0G660 1996070823 -9999 -9999 -9999 0.0
C0G660 1996070824 -9999 -9999 -9999 0.0
C0G660 1996070901 -9999 -9999 -9999 0.0
C0G660 1996070902 -9999 -9999 -9999 0.0
C0G660 1996070903 -9999 -9999 -9999 0.0
C0G660 1996070904 -9999 -9999 -9999 0.0
C0G660 1996070905 -9999 -9999 -9999 0.0
C0G660 1996070906 -9999 -9999 -9999 0.0
C0G660 1996070907 -9999 -9999 -9999 0.0
C0G660 1996070908 -9999 -9999 -9999 0.0
C0G660 1996070909 -9999 -9999 -9999 0.0
C0G660 1996070910 -9999 -9999 -9999 0.0
C0G660 1996070911 -9999 -9999 -9999 0.0
C0G660 1996070912 -9999 -9999 -9999 0.0
C0G660 1996070913 -9999 -9999 -9999 0.0
C0G660 1996070914 -9999 -9999 -9999 0.0
C0G660 1996070915 -9999 -9999 -9999 0.0
C0G660 1996070916 -9999 -9999 -9999 0.0
C0G660 1996070917 -9999 -9999 -9999 0.0
C0G660 1996070918 -9999 -9999 -9999 0.0
C0G660 1996070919 -9999 -9999 -9999 0.0
C0G660 1996070920 -9999 -9999 -9999 -9996
C0G660 1996070921 -9999 -9999 -9999 -9996
C0G660 1996070922 -9999 -9999 -9999 -9996
C0G660 1996070923 -9999 -9999 -9999 -9996
C0G660 1996070924 -9999 -9999 -9999 -9996
C0G660 1996071001 -9999 -9999 -9999 0.0
C0G660 1996071002 -9999 -9999 -9999 0.0
C0G660 1996071003 -9999 -9999 -9999 0.0
C0G660 1996071004 -9999 -9999 -9999 0.0
C0G660 1996071005 -9999 -9999 -9999 0.0
C0G660 1996071006 -9999 -9999 -9999 0.0
C0G660 1996071007 -9999 -9999 -9999 0.0
C0G660 1996071008 -9999 -9999 -9999 0.0
C0G660 1996071009 -9999 -9999 -9999 0.0
C0G660 1996071010 -9999 -9999 -9999 0.0
C0G660 1996071011 -9999 -9999 -9999 0.0
C0G660 1996071012 -9999 -9999 -9999 0.0
C0G660 1996071013 -9999 -9999 -9999 0.0
C0G660 1996071014 -9999 -9999 -9999 0.0
C0G660 1996071015 -9999 -9999 -9999 0.0
C0G660 1996071016 -9999 -9999 -9999 0.0
C0G660 1996071017 -9999 -9999 -9999 0.0
C0G660 1996071018 -9999 -9999 -9999 0.0
C0G660 1996071019 -9999 -9999 -9999 0.0
C0G660 1996071020 -9999 -9999 -9999 0.0
C0G660 1996071021 -9999 -9999 -9999 0.0
C0G660 1996071022 -9999 -9999 -9999 0.0
C0G660 1996071023 -9999 -9999 -9999 0.0
C0G660 1996071024 -9999 -9999 -9999 0.0
C0G660 1996071101 -9999 -9999 -9999 0.0
C0G660 1996071102 -9999 -9999 -9999 0.0
C0G660 1996071103 -9999 -9999 -9999 0.0
C0G660 1996071104 -9999 -9999 -9999 0.0
C0G660 1996071105 -9999 -9999 -9999 0.0
C0G660 1996071106 -9999 -9999 -9999 0.0
C0G660 1996071107 -9999 -9999 -9999 0.0
C0G660 1996071108 -9999 -9999 -9999 0.0
C0G660 1996071109 -9999 -9999 -9999 0.0
C0G660 1996071110 -9999 -9999 -9999 0.0
C0G660 1996071111 -9999 -9999 -9999 0.0
C0G660 1996071112 -9999 -9999 -9999 0.0
C0G660 1996071113 -9999 -9999 -9999 0.0
C0G660 1996071114 -9999 -9999 -9999 0.0
C0G660 1996071115 -9999 -9999 -9999 0.0
C0G660 1996071116 -9999 -9999 -9999 0.0
C0G660 1996071117 -9999 -9999 -9999 0.0
C0G660 1996071118 -9999 -9999 -9999 0.0
C0G660 1996071119 -9999 -9999 -9999 0.0
C0G660 1996071120 -9999 -9999 -9999 0.0
C0G660 1996071121 -9999 -9999 -9999 0.0
C0G660 1996071122 -9999 -9999 -9999 0.0
C0G660 1996071123 -9999 -9999 -9999 0.0
C0G660 1996071124 -9999 -9999 -9999 0.0
C0G660 1996071201 -9999 -9999 -9999 0.0
C0G660 1996071202 -9999 -9999 -9999 0.0
C0G660 1996071203 -9999 -9999 -9999 0.0
C0G660 1996071204 -9999 -9999 -9999 0.0
C0G660 1996071205 -9999 -9999 -9999 0.0
C0G660 1996071206 -9999 -9999 -9999 0.0
C0G660 1996071207 -9999 -9999 -9999 0.0
C0G660 1996071208 -9999 -9999 -9999 0.0
C0G660 1996071209 -9999 -9999 -9999 0.0
C0G660 1996071210 -9999 -9999 -9999 0.0
C0G660 1996071211 -9999 -9999 -9999 0.0
C0G660 1996071212 -9999 -9999 -9999 0.0
C0G660 1996071213 -9999 -9999 -9999 0.0
C0G660 1996071214 -9999 -9999 -9999 0.0
C0G660 1996071215 -9999 -9999 -9999 0.0
C0G660 1996071216 -9999 -9999 -9999 0.0
C0G660 1996071217 -9999 -9999 -9999 0.0
C0G660 1996071218 -9999 -9999 -9999 0.0
C0G660 1996071219 -9999 -9999 -9999 0.0
C0G660 1996071220 -9999 -9999 -9999 0.0
C0G660 1996071221 -9999 -9999 -9999 0.0
C0G660 1996071222 -9999 -9999 -9999 0.0
C0G660 1996071223 -9999 -9999 -9999 0.0
C0G660 1996071224 -9999 -9999 -9999 0.0
C0G660 1996071301 -9999 -9999 -9999 0.0
C0G660 1996071302 -9999 -9999 -9999 0.0
C0G660 1996071303 -9999 -9999 -9999 0.0
C0G660 1996071304 -9999 -9999 -9999 0.0
C0G660 1996071305 -9999 -9999 -9999 0.0
C0G660 1996071306 -9999 -9999 -9999 0.0
C0G660 1996071307 -9999 -9999 -9999 0.0
C0G660 1996071308 -9999 -9999 -9999 0.0
C0G660 1996071309 -9999 -9999 -9999 0.0
C0G660 1996071310 -9999 -9999 -9999 0.0
C0G660 1996071311 -9999 -9999 -9999 0.0
C0G660 1996071312 -9999 -9999 -9999 0.0
C0G660 1996071313 -9999 -9999 -9999 0.0
C0G660 1996071314 -9999 -9999 -9999 0.0
C0G660 1996071315 -9999 -9999 -9999 0.0
C0G660 1996071316 -9999 -9999 -9999 0.0
C0G660 1996071317 -9999 -9999 -9999 0.0
C0G660 1996071318 -9999 -9999 -9999 0.0
C0G660 1996071319 -9999 -9999 -9999 0.0
C0G660 1996071320 -9999 -9999 -9999 0.0
C0G660 1996071321 -9999 -9999 -9999 0.0
C0G660 1996071322 -9999 -9999 -9999 0.0
C0G660 1996071323 -9999 -9999 -9999 0.0
C0G660 1996071324 -9999 -9999 -9999 0.0
C0G660 1996071401 -9999 -9999 -9999 0.0
C0G660 1996071402 -9999 -9999 -9999 0.0
C0G660 1996071403 -9999 -9999 -9999 0.0
C0G660 1996071404 -9999 -9999 -9999 0.0
C0G660 1996071405 -9999 -9999 -9999 0.0
C0G660 1996071406 -9999 -9999 -9999 0.0
C0G660 1996071407 -9999 -9999 -9999 0.0
C0G660 1996071408 -9999 -9999 -9999 0.0
C0G660 1996071409 -9999 -9999 -9999 0.0
C0G660 1996071410 -9999 -9999 -9999 0.0
C0G660 1996071411 -9999 -9999 -9999 0.0
C0G660 1996071412 -9999 -9999 -9999 0.0
C0G660 1996071413 -9999 -9999 -9999 0.0
C0G660 1996071414 -9999 -9999 -9999 0.0
C0G660 1996071415 -9999 -9999 -9999 0.0
C0G660 1996071416 -9999 -9999 -9999 0.0
C0G660 1996071417 -9999 -9999 -9999 0.0
C0G660 1996071418 -9999 -9999 -9999 0.0
C0G660 1996071419 -9999 -9999 -9999 0.0
C0G660 1996071420 -9999 -9999 -9999 0.0
C0G660 1996071421 -9999 -9999 -9999 0.0
C0G660 1996071422 -9999 -9999 -9999 0.0
C0G660 1996071423 -9999 -9999 -9999 0.0
C0G660 1996071424 -9999 -9999 -9999 0.0
C0G660 1996071501 -9999 -9999 -9999 0.0
C0G660 1996071502 -9999 -9999 -9999 0.0
C0G660 1996071503 -9999 -9999 -9999 0.0
C0G660 1996071504 -9999 -9999 -9999 0.0
C0G660 1996071505 -9999 -9999 -9999 0.0
C0G660 1996071506 -9999 -9999 -9999 0.0
C0G660 1996071507 -9999 -9999 -9999 0.0
C0G660 1996071508 -9999 -9999 -9999 0.0
C0G660 1996071509 -9999 -9999 -9999 0.0
C0G660 1996071510 -9999 -9999 -9999 0.0
C0G660 1996071511 -9999 -9999 -9999 0.0
C0G660 1996071512 -9999 -9999 -9999 0.0
C0G660 1996071513 -9999 -9999 -9999 0.0
C0G660 1996071514 -9999 -9999 -9999 0.0
C0G660 1996071515 -9999 -9999 -9999 0.0
C0G660 1996071516 -9999 -9999 -9999 0.0
C0G660 1996071517 -9999 -9999 -9999 0.0
C0G660 1996071518 -9999 -9999 -9999 0.0
C0G660 1996071519 -9999 -9999 -9999 -9996
C0G660 1996071520 -9999 -9999 -9999 -9996
C0G660 1996071521 -9999 -9999 -9999 -9996
C0G660 1996071522 -9999 -9999 -9999 -9996
C0G660 1996071523 -9999 -9999 -9999 -9996
C0G660 1996071524 -9999 -9999 -9999 -9996
C0G660 1996071601 -9999 -9999 -9999 0.0
C0G660 1996071602 -9999 -9999 -9999 0.0
C0G660 1996071603 -9999 -9999 -9999 0.0
C0G660 1996071604 -9999 -9999 -9999 0.0
C0G660 1996071605 -9999 -9999 -9999 0.0
C0G660 1996071606 -9999 -9999 -9999 0.0
C0G660 1996071607 -9999 -9999 -9999 0.0
C0G660 1996071608 -9999 -9999 -9999 0.0
C0G660 1996071609 -9999 -9999 -9999 0.0
C0G660 1996071610 -9999 -9999 -9999 0.0
C0G660 1996071611 -9999 -9999 -9999 0.0
C0G660 1996071612 -9999 -9999 -9999 0.0
C0G660 1996071613 -9999 -9999 -9999 0.0
C0G660 1996071614 -9999 -9999 -9999 0.0
C0G660 1996071615 -9999 -9999 -9999 0.0
C0G660 1996071616 -9999 -9999 -9999 0.0
C0G660 1996071617 -9999 -9999 -9999 0.0
C0G660 1996071618 -9999 -9999 -9999 0.0
C0G660 1996071619 -9999 -9999 -9999 0.0
C0G660 1996071620 -9999 -9999 -9999 0.0
C0G660 1996071621 -9999 -9999 -9999 0.0
C0G660 1996071622 -9999 -9999 -9999 0.0
C0G660 1996071623 -9999 -9999 -9999 0.0
C0G660 1996071624 -9999 -9999 -9999 0.0
C0G660 1996071701 -9999 -9999 -9999 0.0
C0G660 1996071702 -9999 -9999 -9999 0.0
C0G660 1996071703 -9999 -9999 -9999 0.0
C0G660 1996071704 -9999 -9999 -9999 0.0
C0G660 1996071705 -9999 -9999 -9999 0.0
C0G660 1996071706 -9999 -9999 -9999 0.0
C0G660 1996071707 -9999 -9999 -9999 0.0
C0G660 1996071708 -9999 -9999 -9999 0.0
C0G660 1996071709 -9999 -9999 -9999 0.0
C0G660 1996071710 -9999 -9999 -9999 0.0
C0G660 1996071711 -9999 -9999 -9999 0.0
C0G660 1996071712 -9999 -9999 -9999 0.0
C0G660 1996071713 -9999 -9999 -9999 0.0
C0G660 1996071714 -9999 -9999 -9999 0.0
C0G660 1996071715 -9999 -9999 -9999 -9996
C0G660 1996071716 -9999 -9999 -9999 -9996
C0G660 1996071717 -9999 -9999 -9999 -9996
C0G660 1996071718 -9999 -9999 -9999 13.0
C0G660 1996071719 -9999 -9999 -9999 0.0
C0G660 1996071720 -9999 -9999 -9999 0.0
C0G660 1996071721 -9999 -9999 -9999 0.0
C0G660 1996071722 -9999 -9999 -9999 0.0
C0G660 1996071723 -9999 -9999 -9999 0.0
C0G660 1996071724 -9999 -9999 -9999 0.0
C0G660 1996071801 -9999 -9999 -9999 0.0
C0G660 1996071802 -9999 -9999 -9999 0.0
C0G660 1996071803 -9999 -9999 -9999 0.0
C0G660 1996071804 -9999 -9999 -9999 0.0
C0G660 1996071805 -9999 -9999 -9999 0.0
C0G660 1996071806 -9999 -9999 -9999 0.0
C0G660 1996071807 -9999 -9999 -9999 0.0
C0G660 1996071808 -9999 -9999 -9999 0.0
C0G660 1996071809 -9999 -9999 -9999 0.0
C0G660 1996071810 -9999 -9999 -9999 0.0
C0G660 1996071811 -9999 -9999 -9999 0.0
C0G660 1996071812 -9999 -9999 -9999 0.0
C0G660 1996071813 -9999 -9999 -9999 0.0
C0G660 1996071814 -9999 -9999 -9999 -9996
C0G660 1996071815 -9999 -9999 -9999 -9996
C0G660 1996071816 -9999 -9999 -9999 -9996
C0G660 1996071817 -9999 -9999 -9999 -9996
C0G660 1996071818 -9999 -9999 -9999 -9996
C0G660 1996071819 -9999 -9999 -9999 2.0
C0G660 1996071820 -9999 -9999 -9999 -9996
C0G660 1996071821 -9999 -9999 -9999 -9996
C0G660 1996071822 -9999 -9999 -9999 -9996
C0G660 1996071823 -9999 -9999 -9999 -9996
C0G660 1996071824 -9999 -9999 -9999 -9996
C0G660 1996071901 -9999 -9999 -9999 0.0
C0G660 1996071902 -9999 -9999 -9999 0.0
C0G660 1996071903 -9999 -9999 -9999 0.0
C0G660 1996071904 -9999 -9999 -9999 0.0
C0G660 1996071905 -9999 -9999 -9999 0.0
C0G660 1996071906 -9999 -9999 -9999 0.0
C0G660 1996071907 -9999 -9999 -9999 0.0
C0G660 1996071908 -9999 -9999 -9999 0.0
C0G660 1996071909 -9999 -9999 -9999 0.0
C0G660 1996071910 -9999 -9999 -9999 0.0
C0G660 1996071911 -9999 -9999 -9999 0.0
C0G660 1996071912 -9999 -9999 -9999 0.0
C0G660 1996071913 -9999 -9999 -9999 0.0
C0G660 1996071914 -9999 -9999 -9999 0.0
C0G660 1996071915 -9999 -9999 -9999 0.0
C0G660 1996071916 -9999 -9999 -9999 0.0
C0G660 1996071917 -9999 -9999 -9999 0.0
C0G660 1996071918 -9999 -9999 -9999 0.0
C0G660 1996071919 -9999 -9999 -9999 0.0
C0G660 1996071920 -9999 -9999 -9999 0.0
C0G660 1996071921 -9999 -9999 -9999 0.0
C0G660 1996071922 -9999 -9999 -9999 0.0
C0G660 1996071923 -9999 -9999 -9999 0.0
C0G660 1996071924 -9999 -9999 -9999 0.0
C0G660 1996072001 -9999 -9999 -9999 0.0
C0G660 1996072002 -9999 -9999 -9999 0.0
C0G660 1996072003 -9999 -9999 -9999 0.0
C0G660 1996072004 -9999 -9999 -9999 0.0
C0G660 1996072005 -9999 -9999 -9999 0.0
C0G660 1996072006 -9999 -9999 -9999 0.0
C0G660 1996072007 -9999 -9999 -9999 0.0
C0G660 1996072008 -9999 -9999 -9999 0.0
C0G660 1996072009 -9999 -9999 -9999 0.0
C0G660 1996072010 -9999 -9999 -9999 0.0
C0G660 1996072011 -9999 -9999 -9999 0.0
C0G660 1996072012 -9999 -9999 -9999 0.0
C0G660 1996072013 -9999 -9999 -9999 0.0
C0G660 1996072014 -9999 -9999 -9999 0.0
C0G660 1996072015 -9999 -9999 -9999 0.0
C0G660 1996072016 -9999 -9999 -9999 0.0
C0G660 1996072017 -9999 -9999 -9999 0.0
C0G660 1996072018 -9999 -9999 -9999 0.0
C0G660 1996072019 -9999 -9999 -9999 0.0
C0G660 1996072020 -9999 -9999 -9999 0.0
C0G660 1996072021 -9999 -9999 -9999 0.0
C0G660 1996072022 -9999 -9999 -9999 0.0
C0G660 1996072023 -9999 -9999 -9999 0.0
C0G660 1996072024 -9999 -9999 -9999 0.0
C0G660 1996072101 -9999 -9999 -9999 0.0
C0G660 1996072102 -9999 -9999 -9999 0.0
C0G660 1996072103 -9999 -9999 -9999 0.0
C0G660 1996072104 -9999 -9999 -9999 0.0
C0G660 1996072105 -9999 -9999 -9999 0.0
C0G660 1996072106 -9999 -9999 -9999 0.0
C0G660 1996072107 -9999 -9999 -9999 0.0
C0G660 1996072108 -9999 -9999 -9999 0.0
C0G660 1996072109 -9999 -9999 -9999 0.0
C0G660 1996072110 -9999 -9999 -9999 0.0
C0G660 1996072111 -9999 -9999 -9999 0.0
C0G660 1996072112 -9999 -9999 -9999 0.0
C0G660 1996072113 -9999 -9999 -9999 0.0
C0G660 1996072114 -9999 -9999 -9999 0.0
C0G660 1996072115 -9999 -9999 -9999 0.0
C0G660 1996072116 -9999 -9999 -9999 0.0
C0G660 1996072117 -9999 -9999 -9999 0.0
C0G660 1996072118 -9999 -9999 -9999 0.0
C0G660 1996072119 -9999 -9999 -9999 0.0
C0G660 1996072120 -9999 -9999 -9999 0.0
C0G660 1996072121 -9999 -9999 -9999 0.0
C0G660 1996072122 -9999 -9999 -9999 0.0
C0G660 1996072123 -9999 -9999 -9999 0.0
C0G660 1996072124 -9999 -9999 -9999 0.0
C0G660 1996072201 -9999 -9999 -9999 0.0
C0G660 1996072202 -9999 -9999 -9999 0.0
C0G660 1996072203 -9999 -9999 -9999 0.0
C0G660 1996072204 -9999 -9999 -9999 0.0
C0G660 1996072205 -9999 -9999 -9999 0.0
C0G660 1996072206 -9999 -9999 -9999 0.0
C0G660 1996072207 -9999 -9999 -9999 0.0
C0G660 1996072208 -9999 -9999 -9999 0.0
C0G660 1996072209 -9999 -9999 -9999 0.0
C0G660 1996072210 -9999 -9999 -9999 0.0
C0G660 1996072211 -9999 -9999 -9999 0.0
C0G660 1996072212 -9999 -9999 -9999 0.0
C0G660 1996072213 -9999 -9999 -9999 0.0
C0G660 1996072214 -9999 -9999 -9999 0.0
C0G660 1996072215 -9999 -9999 -9999 0.0
C0G660 1996072216 -9999 -9999 -9999 0.0
C0G660 1996072217 -9999 -9999 -9999 0.0
C0G660 1996072218 -9999 -9999 -9999 -9996
C0G660 1996072219 -9999 -9999 -9999 -9996
C0G660 1996072220 -9999 -9999 -9999 -9996
C0G660 1996072221 -9999 -9999 -9999 -9996
C0G660 1996072222 -9999 -9999 -9999 1.0
C0G660 1996072223 -9999 -9999 -9999 0.0
C0G660 1996072224 -9999 -9999 -9999 0.0
C0G660 1996072301 -9999 -9999 -9999 0.0
C0G660 1996072302 -9999 -9999 -9999 0.0
C0G660 1996072303 -9999 -9999 -9999 0.0
C0G660 1996072304 -9999 -9999 -9999 0.0
C0G660 1996072305 -9999 -9999 -9999 0.0
C0G660 1996072306 -9999 -9999 -9999 0.0
C0G660 1996072307 -9999 -9999 -9999 0.0
C0G660 1996072308 -9999 -9999 -9999 0.0
C0G660 1996072309 -9999 -9999 -9999 0.0
C0G660 1996072310 -9999 -9999 -9999 0.0
C0G660 1996072311 -9999 -9999 -9999 0.0
C0G660 1996072312 -9999 -9999 -9999 0.0
C0G660 1996072313 -9999 -9999 -9999 0.0
C0G660 1996072314 -9999 -9999 -9999 0.0
C0G660 1996072315 -9999 -9999 -9999 0.0
C0G660 1996072316 -9999 -9999 -9999 0.0
C0G660 1996072317 -9999 -9999 -9999 0.0
C0G660 1996072318 -9999 -9999 -9999 0.0
C0G660 1996072319 -9999 -9999 -9999 0.0
C0G660 1996072320 -9999 -9999 -9999 0.0
C0G660 1996072321 -9999 -9999 -9999 0.0
C0G660 1996072322 -9999 -9999 -9999 0.0
C0G660 1996072323 -9999 -9999 -9999 0.0
C0G660 1996072324 -9999 -9999 -9999 0.0
C0G660 1996072401 -9999 -9999 -9999 0.0
C0G660 1996072402 -9999 -9999 -9999 0.0
C0G660 1996072403 -9999 -9999 -9999 0.0
C0G660 1996072404 -9999 -9999 -9999 0.0
C0G660 1996072405 -9999 -9999 -9999 0.0
C0G660 1996072406 -9999 -9999 -9999 0.0
C0G660 1996072407 -9999 -9999 -9999 0.0
C0G660 1996072408 -9999 -9999 -9999 0.0
C0G660 1996072409 -9999 -9999 -9999 0.0
C0G660 1996072410 -9999 -9999 -9999 0.0
C0G660 1996072411 -9999 -9999 -9999 0.0
C0G660 1996072412 -9999 -9999 -9999 0.0
C0G660 1996072413 -9999 -9999 -9999 0.0
C0G660 1996072414 -9999 -9999 -9999 0.0
C0G660 1996072415 -9999 -9999 -9999 0.0
C0G660 1996072416 -9999 -9999 -9999 0.0
C0G660 1996072417 -9999 -9999 -9999 0.0
C0G660 1996072418 -9999 -9999 -9999 0.0
C0G660 1996072419 -9999 -9999 -9999 0.0
C0G660 1996072420 -9999 -9999 -9999 0.0
C0G660 1996072421 -9999 -9999 -9999 0.0
C0G660 1996072422 -9999 -9999 -9999 0.0
C0G660 1996072423 -9999 -9999 -9999 0.0
C0G660 1996072424 -9999 -9999 -9999 0.0
C0G660 1996072501 -9999 -9999 -9999 0.0
C0G660 1996072502 -9999 -9999 -9999 0.0
C0G660 1996072503 -9999 -9999 -9999 0.0
C0G660 1996072504 -9999 -9999 -9999 0.0
C0G660 1996072505 -9999 -9999 -9999 0.0
C0G660 1996072506 -9999 -9999 -9999 0.0
C0G660 1996072507 -9999 -9999 -9999 0.0
C0G660 1996072508 -9999 -9999 -9999 0.0
C0G660 1996072509 -9999 -9999 -9999 0.0
C0G660 1996072510 -9999 -9999 -9999 0.0
C0G660 1996072511 -9999 -9999 -9999 0.0
C0G660 1996072512 -9999 -9999 -9999 0.0
C0G660 1996072513 -9999 -9999 -9999 0.0
C0G660 1996072514 -9999 -9999 -9999 0.0
C0G660 1996072515 -9999 -9999 -9999 0.0
C0G660 1996072516 -9999 -9999 -9999 0.0
C0G660 1996072517 -9999 -9999 -9999 0.0
C0G660 1996072518 -9999 -9999 -9999 0.0
C0G660 1996072519 -9999 -9999 -9999 0.5
C0G660 1996072520 -9999 -9999 -9999 0.0
C0G660 1996072521 -9999 -9999 -9999 0.0
C0G660 1996072522 -9999 -9999 -9999 0.0
C0G660 1996072523 -9999 -9999 -9999 0.0
C0G660 1996072524 -9999 -9999 -9999 0.0
C0G660 1996072601 -9999 -9999 -9999 0.0
C0G660 1996072602 -9999 -9999 -9999 0.0
C0G660 1996072603 -9999 -9999 -9999 0.0
C0G660 1996072604 -9999 -9999 -9999 0.0
C0G660 1996072605 -9999 -9999 -9999 0.0
C0G660 1996072606 -9999 -9999 -9999 0.0
C0G660 1996072607 -9999 -9999 -9999 0.0
C0G660 1996072608 -9999 -9999 -9999 0.0
C0G660 1996072609 -9999 -9999 -9999 0.0
C0G660 1996072610 -9999 -9999 -9999 0.0
C0G660 1996072611 -9999 -9999 -9999 0.0
C0G660 1996072612 -9999 -9999 -9999 0.0
C0G660 1996072613 -9999 -9999 -9999 0.0
C0G660 1996072614 -9999 -9999 -9999 0.0
C0G660 1996072615 -9999 -9999 -9999 0.0
C0G660 1996072616 -9999 -9999 -9999 0.0
C0G660 1996072617 -9999 -9999 -9999 0.0
C0G660 1996072618 -9999 -9999 -9999 0.0
C0G660 1996072619 -9999 -9999 -9999 0.0
C0G660 1996072620 -9999 -9999 -9999 0.0
C0G660 1996072621 -9999 -9999 -9999 0.0
C0G660 1996072622 -9999 -9999 -9999 0.0
C0G660 1996072623 -9999 -9999 -9999 0.0
C0G660 1996072624 -9999 -9999 -9999 0.0
C0G660 1996072701 -9999 -9999 -9999 0.0
C0G660 1996072702 -9999 -9999 -9999 0.0
C0G660 1996072703 -9999 -9999 -9999 0.0
C0G660 1996072704 -9999 -9999 -9999 -9996
C0G660 1996072705 -9999 -9999 -9999 1.5
C0G660 1996072706 -9999 -9999 -9999 6.5
C0G660 1996072707 -9999 -9999 -9999 3.5
C0G660 1996072708 -9999 -9999 -9999 0.0
C0G660 1996072709 -9999 -9999 -9999 0.0
C0G660 1996072710 -9999 -9999 -9999 0.0
C0G660 1996072711 -9999 -9999 -9999 0.0
C0G660 1996072712 -9999 -9999 -9999 0.0
C0G660 1996072713 -9999 -9999 -9999 0.0
C0G660 1996072714 -9999 -9999 -9999 0.0
C0G660 1996072715 -9999 -9999 -9999 0.0
C0G660 1996072716 -9999 -9999 -9999 0.0
C0G660 1996072717 -9999 -9999 -9999 0.0
C0G660 1996072718 -9999 -9999 -9999 0.0
C0G660 1996072719 -9999 -9999 -9999 0.0
C0G660 1996072720 -9999 -9999 -9999 0.0
C0G660 1996072721 -9999 -9999 -9999 0.0
C0G660 1996072722 -9999 -9999 -9999 0.0
C0G660 1996072723 -9999 -9999 -9999 0.0
C0G660 1996072724 -9999 -9999 -9999 0.0
C0G660 1996072801 -9999 -9999 -9999 0.0
C0G660 1996072802 -9999 -9999 -9999 0.0
C0G660 1996072803 -9999 -9999 -9999 0.0
C0G660 1996072804 -9999 -9999 -9999 0.0
C0G660 1996072805 -9999 -9999 -9999 0.0
C0G660 1996072806 -9999 -9999 -9999 0.0
C0G660 1996072807 -9999 -9999 -9999 0.0
C0G660 1996072808 -9999 -9999 -9999 0.0
C0G660 1996072809 -9999 -9999 -9999 0.0
C0G660 1996072810 -9999 -9999 -9999 0.0
C0G660 1996072811 -9999 -9999 -9999 0.0
C0G660 1996072812 -9999 -9999 -9999 0.0
C0G660 1996072813 -9999 -9999 -9999 0.0
C0G660 1996072814 -9999 -9999 -9999 0.0
C0G660 1996072815 -9999 -9999 -9999 0.0
C0G660 1996072816 -9999 -9999 -9999 0.0
C0G660 1996072817 -9999 -9999 -9999 0.0
C0G660 1996072818 -9999 -9999 -9999 0.0
C0G660 1996072819 -9999 -9999 -9999 0.0
C0G660 1996072820 -9999 -9999 -9999 0.0
C0G660 1996072821 -9999 -9999 -9999 0.0
C0G660 1996072822 -9999 -9999 -9999 -9996
C0G660 1996072823 -9999 -9999 -9999 0.5
C0G660 1996072824 -9999 -9999 -9999 0.0
C0G660 1996072901 -9999 -9999 -9999 0.0
C0G660 1996072902 -9999 -9999 -9999 0.0
C0G660 1996072903 -9999 -9999 -9999 0.0
C0G660 1996072904 -9999 -9999 -9999 0.0
C0G660 1996072905 -9999 -9999 -9999 0.0
C0G660 1996072906 -9999 -9999 -9999 0.0
C0G660 1996072907 -9999 -9999 -9999 0.0
C0G660 1996072908 -9999 -9999 -9999 0.0
C0G660 1996072909 -9999 -9999 -9999 0.0
C0G660 1996072910 -9999 -9999 -9999 0.0
C0G660 1996072911 -9999 -9999 -9999 0.0
C0G660 1996072912 -9999 -9999 -9999 0.0
C0G660 1996072913 -9999 -9999 -9999 0.0
C0G660 1996072914 -9999 -9999 -9999 0.0
C0G660 1996072915 -9999 -9999 -9999 0.0
C0G660 1996072916 -9999 -9999 -9999 0.0
C0G660 1996072917 -9999 -9999 -9999 0.0
C0G660 1996072918 -9999 -9999 -9999 0.0
C0G660 1996072919 -9999 -9999 -9999 0.0
C0G660 1996072920 -9999 -9999 -9999 0.0
C0G660 1996072921 -9999 -9999 -9999 0.0
C0G660 1996072922 -9999 -9999 -9999 0.0
C0G660 1996072923 -9999 -9999 -9999 0.0
C0G660 1996072924 -9999 -9999 -9999 0.0
C0G660 1996073001 -9999 -9999 -9999 0.0
C0G660 1996073002 -9999 -9999 -9999 0.0
C0G660 1996073003 -9999 -9999 -9999 0.0
C0G660 1996073004 -9999 -9999 -9999 0.0
C0G660 1996073005 -9999 -9999 -9999 0.0
C0G660 1996073006 -9999 -9999 -9999 0.0
C0G660 1996073007 -9999 -9999 -9999 0.0
C0G660 1996073008 -9999 -9999 -9999 0.0
C0G660 1996073009 -9999 -9999 -9999 0.0
C0G660 1996073010 -9999 -9999 -9999 0.0
C0G660 1996073011 -9999 -9999 -9999 0.0
C0G660 1996073012 -9999 -9999 -9999 0.0
C0G660 1996073013 -9999 -9999 -9999 -9996
C0G660 1996073014 -9999 -9999 -9999 -9996
C0G660 1996073015 -9999 -9999 -9999 -9996
C0G660 1996073016 -9999 -9999 -9999 -9996
C0G660 1996073017 -9999 -9999 -9999 4.5
C0G660 1996073018 -9999 -9999 -9999 2.5
C0G660 1996073019 -9999 -9999 -9999 0.5
C0G660 1996073020 -9999 -9999 -9999 2.0
C0G660 1996073021 -9999 -9999 -9999 1.0
C0G660 1996073022 -9999 -9999 -9999 9.5
C0G660 1996073023 -9999 -9999 -9999 2.0
C0G660 1996073024 -9999 -9999 -9999 11.0
C0G660 1996073101 -9999 -9999 -9999 5.0
C0G660 1996073102 -9999 -9999 -9999 3.5
C0G660 1996073103 -9999 -9999 -9999 20.5
C0G660 1996073104 -9999 -9999 -9999 28.5
C0G660 1996073105 -9999 -9999 -9999 1.5
C0G660 1996073106 -9999 -9999 -9999 2.5
C0G660 1996073107 -9999 -9999 -9999 -9996
C0G660 1996073108 -9999 -9999 -9999 2.0
C0G660 1996073109 -9999 -9999 -9999 2.5
C0G660 1996073110 -9999 -9999 -9999 2.0
C0G660 1996073111 -9999 -9999 -9999 8.5
C0G660 1996073112 -9999 -9999 -9999 -9996
C0G660 1996073113 -9999 -9999 -9999 -9996
C0G660 1996073114 -9999 -9999 -9999 -9996
C0G660 1996073115 -9999 -9999 -9999 1.0
C0G660 1996073116 -9999 -9999 -9999 6.0
C0G660 1996073117 -9999 -9999 -9999 -9996
C0G660 1996073118 -9999 -9999 -9999 -9996
C0G660 1996073119 -9999 -9999 -9999 -9996
C0G660 1996073120 -9999 -9999 -9999 -9996
C0G660 1996073121 -9999 -9999 -9999 -9996
C0G660 1996073122 -9999 -9999 -9999 -9996
C0G660 1996073123 -9999 -9999 -9999 -9996
C0G660 1996073124 -9999 -9999 -9999 -9996
