C0G620 1997020101 -9999 -9999 -9999 0.0
C0G620 1997020102 -9999 -9999 -9999 0.0
C0G620 1997020103 -9999 -9999 -9999 0.0
C0G620 1997020104 -9999 -9999 -9999 0.0
C0G620 1997020105 -9999 -9999 -9999 0.0
C0G620 1997020106 -9999 -9999 -9999 0.0
C0G620 1997020107 -9999 -9999 -9999 0.0
C0G620 1997020108 -9999 -9999 -9999 0.0
C0G620 1997020109 -9999 -9999 -9999 0.0
C0G620 1997020110 -9999 -9999 -9999 0.0
C0G620 1997020111 -9999 -9999 -9999 0.0
C0G620 1997020112 -9999 -9999 -9999 0.0
C0G620 1997020113 -9999 -9999 -9999 0.0
C0G620 1997020114 -9999 -9999 -9999 0.0
C0G620 1997020115 -9999 -9999 -9999 0.0
C0G620 1997020116 -9999 -9999 -9999 0.0
C0G620 1997020117 -9999 -9999 -9999 0.0
C0G620 1997020118 -9999 -9999 -9999 0.0
C0G620 1997020119 -9999 -9999 -9999 -9996
C0G620 1997020120 -9999 -9999 -9999 -9996
C0G620 1997020121 -9999 -9999 -9999 -9996
C0G620 1997020122 -9999 -9999 -9999 0.5
C0G620 1997020123 -9999 -9999 -9999 1.0
C0G620 1997020124 -9999 -9999 -9999 0.5
C0G620 1997020201 -9999 -9999 -9999 0.0
C0G620 1997020202 -9999 -9999 -9999 0.0
C0G620 1997020203 -9999 -9999 -9999 0.0
C0G620 1997020204 -9999 -9999 -9999 0.0
C0G620 1997020205 -9999 -9999 -9999 0.0
C0G620 1997020206 -9999 -9999 -9999 0.5
C0G620 1997020207 -9999 -9999 -9999 0.0
C0G620 1997020208 -9999 -9999 -9999 0.0
C0G620 1997020209 -9999 -9999 -9999 0.0
C0G620 1997020210 -9999 -9999 -9999 0.0
C0G620 1997020211 -9999 -9999 -9999 0.0
C0G620 1997020212 -9999 -9999 -9999 0.0
C0G620 1997020213 -9999 -9999 -9999 -9996
C0G620 1997020214 -9999 -9999 -9999 -9996
C0G620 1997020215 -9999 -9999 -9999 -9996
C0G620 1997020216 -9999 -9999 -9999 -9996
C0G620 1997020217 -9999 -9999 -9999 -9996
C0G620 1997020218 -9999 -9999 -9999 1.5
C0G620 1997020219 -9999 -9999 -9999 -9996
C0G620 1997020220 -9999 -9999 -9999 -9996
C0G620 1997020221 -9999 -9999 -9999 1.5
C0G620 1997020222 -9999 -9999 -9999 -9996
C0G620 1997020223 -9999 -9999 -9999 -9996
C0G620 1997020224 -9999 -9999 -9999 1.0
C0G620 1997020301 -9999 -9999 -9999 0.5
C0G620 1997020302 -9999 -9999 -9999 0.5
C0G620 1997020303 -9999 -9999 -9999 0.5
C0G620 1997020304 -9999 -9999 -9999 -9996
C0G620 1997020305 -9999 -9999 -9999 2.0
C0G620 1997020306 -9999 -9999 -9999 1.5
C0G620 1997020307 -9999 -9999 -9999 2.5
C0G620 1997020308 -9999 -9999 -9999 1.0
C0G620 1997020309 -9999 -9999 -9999 -9996
C0G620 1997020310 -9999 -9999 -9999 1.5
C0G620 1997020311 -9999 -9999 -9999 1.0
C0G620 1997020312 -9999 -9999 -9999 -9996
C0G620 1997020313 -9999 -9999 -9999 0.5
C0G620 1997020314 -9999 -9999 -9999 -9996
C0G620 1997020315 -9999 -9999 -9999 0.5
C0G620 1997020316 -9999 -9999 -9999 -9996
C0G620 1997020317 -9999 -9999 -9999 -9996
C0G620 1997020318 -9999 -9999 -9999 -9996
C0G620 1997020319 -9999 -9999 -9999 0.5
C0G620 1997020320 -9999 -9999 -9999 -9996
C0G620 1997020321 -9999 -9999 -9999 0.5
C0G620 1997020322 -9999 -9999 -9999 0.5
C0G620 1997020323 -9999 -9999 -9999 1.0
C0G620 1997020324 -9999 -9999 -9999 -9996
C0G620 1997020401 -9999 -9999 -9999 1.0
C0G620 1997020402 -9999 -9999 -9999 3.5
C0G620 1997020403 -9999 -9999 -9999 2.0
C0G620 1997020404 -9999 -9999 -9999 4.0
C0G620 1997020405 -9999 -9999 -9999 1.0
C0G620 1997020406 -9999 -9999 -9999 2.5
C0G620 1997020407 -9999 -9999 -9999 0.5
C0G620 1997020408 -9999 -9999 -9999 -9996
C0G620 1997020409 -9999 -9999 -9999 1.0
C0G620 1997020410 -9999 -9999 -9999 0.0
C0G620 1997020411 -9999 -9999 -9999 0.0
C0G620 1997020412 -9999 -9999 -9999 0.0
C0G620 1997020413 -9999 -9999 -9999 0.0
C0G620 1997020414 -9999 -9999 -9999 0.0
C0G620 1997020415 -9999 -9999 -9999 0.0
C0G620 1997020416 -9999 -9999 -9999 0.0
C0G620 1997020417 -9999 -9999 -9999 0.0
C0G620 1997020418 -9999 -9999 -9999 0.0
C0G620 1997020419 -9999 -9999 -9999 0.0
C0G620 1997020420 -9999 -9999 -9999 0.0
C0G620 1997020421 -9999 -9999 -9999 0.0
C0G620 1997020422 -9999 -9999 -9999 0.0
C0G620 1997020423 -9999 -9999 -9999 0.0
C0G620 1997020424 -9999 -9999 -9999 0.0
C0G620 1997020501 -9999 -9999 -9999 0.0
C0G620 1997020502 -9999 -9999 -9999 0.0
C0G620 1997020503 -9999 -9999 -9999 0.0
C0G620 1997020504 -9999 -9999 -9999 0.0
C0G620 1997020505 -9999 -9999 -9999 0.0
C0G620 1997020506 -9999 -9999 -9999 0.0
C0G620 1997020507 -9999 -9999 -9999 0.0
C0G620 1997020508 -9999 -9999 -9999 0.0
C0G620 1997020509 -9999 -9999 -9999 0.0
C0G620 1997020510 -9999 -9999 -9999 0.0
C0G620 1997020511 -9999 -9999 -9999 0.0
C0G620 1997020512 -9999 -9999 -9999 0.0
C0G620 1997020513 -9999 -9999 -9999 0.0
C0G620 1997020514 -9999 -9999 -9999 0.0
C0G620 1997020515 -9999 -9999 -9999 0.0
C0G620 1997020516 -9999 -9999 -9999 -9996
C0G620 1997020517 -9999 -9999 -9999 0.5
C0G620 1997020518 -9999 -9999 -9999 0.0
C0G620 1997020519 -9999 -9999 -9999 0.0
C0G620 1997020520 -9999 -9999 -9999 0.0
C0G620 1997020521 -9999 -9999 -9999 0.0
C0G620 1997020522 -9999 -9999 -9999 0.0
C0G620 1997020523 -9999 -9999 -9999 0.0
C0G620 1997020524 -9999 -9999 -9999 0.0
C0G620 1997020601 -9999 -9999 -9999 0.0
C0G620 1997020602 -9999 -9999 -9999 0.0
C0G620 1997020603 -9999 -9999 -9999 0.0
C0G620 1997020604 -9999 -9999 -9999 0.0
C0G620 1997020605 -9999 -9999 -9999 0.0
C0G620 1997020606 -9999 -9999 -9999 0.0
C0G620 1997020607 -9999 -9999 -9999 0.0
C0G620 1997020608 -9999 -9999 -9999 0.0
C0G620 1997020609 -9999 -9999 -9999 0.0
C0G620 1997020610 -9999 -9999 -9999 0.0
C0G620 1997020611 -9999 -9999 -9999 0.0
C0G620 1997020612 -9999 -9999 -9999 0.0
C0G620 1997020613 -9999 -9999 -9999 0.0
C0G620 1997020614 -9999 -9999 -9999 0.0
C0G620 1997020615 -9999 -9999 -9999 0.0
C0G620 1997020616 -9999 -9999 -9999 0.0
C0G620 1997020617 -9999 -9999 -9999 0.0
C0G620 1997020618 -9999 -9999 -9999 0.0
C0G620 1997020619 -9999 -9999 -9999 0.0
C0G620 1997020620 -9999 -9999 -9999 0.0
C0G620 1997020621 -9999 -9999 -9999 0.0
C0G620 1997020622 -9999 -9999 -9999 0.0
C0G620 1997020623 -9999 -9999 -9999 0.0
C0G620 1997020624 -9999 -9999 -9999 0.0
C0G620 1997020701 -9999 -9999 -9999 0.0
C0G620 1997020702 -9999 -9999 -9999 0.0
C0G620 1997020703 -9999 -9999 -9999 0.0
C0G620 1997020704 -9999 -9999 -9999 0.0
C0G620 1997020705 -9999 -9999 -9999 0.0
C0G620 1997020706 -9999 -9999 -9999 0.0
C0G620 1997020707 -9999 -9999 -9999 0.5
C0G620 1997020708 -9999 -9999 -9999 -9996
C0G620 1997020709 -9999 -9999 -9999 1.0
C0G620 1997020710 -9999 -9999 -9999 1.0
C0G620 1997020711 -9999 -9999 -9999 1.0
C0G620 1997020712 -9999 -9999 -9999 -9996
C0G620 1997020713 -9999 -9999 -9999 0.5
C0G620 1997020714 -9999 -9999 -9999 2.0
C0G620 1997020715 -9999 -9999 -9999 1.5
C0G620 1997020716 -9999 -9999 -9999 1.0
C0G620 1997020717 -9999 -9999 -9999 0.5
C0G620 1997020718 -9999 -9999 -9999 0.0
C0G620 1997020719 -9999 -9999 -9999 0.0
C0G620 1997020720 -9999 -9999 -9999 0.0
C0G620 1997020721 -9999 -9999 -9999 0.0
C0G620 1997020722 -9999 -9999 -9999 0.0
C0G620 1997020723 -9999 -9999 -9999 0.0
C0G620 1997020724 -9999 -9999 -9999 0.0
C0G620 1997020801 -9999 -9999 -9999 0.0
C0G620 1997020802 -9999 -9999 -9999 0.0
C0G620 1997020803 -9999 -9999 -9999 0.0
C0G620 1997020804 -9999 -9999 -9999 0.0
C0G620 1997020805 -9999 -9999 -9999 0.0
C0G620 1997020806 -9999 -9999 -9999 -9996
C0G620 1997020807 -9999 -9999 -9999 -9996
C0G620 1997020808 -9999 -9999 -9999 0.5
C0G620 1997020809 -9999 -9999 -9999 -9996
C0G620 1997020810 -9999 -9999 -9999 1.0
C0G620 1997020811 -9999 -9999 -9999 -9996
C0G620 1997020812 -9999 -9999 -9999 -9996
C0G620 1997020813 -9999 -9999 -9999 0.5
C0G620 1997020814 -9999 -9999 -9999 0.5
C0G620 1997020815 -9999 -9999 -9999 0.5
C0G620 1997020816 -9999 -9999 -9999 0.5
C0G620 1997020817 -9999 -9999 -9999 1.0
C0G620 1997020818 -9999 -9999 -9999 0.5
C0G620 1997020819 -9999 -9999 -9999 -9996
C0G620 1997020820 -9999 -9999 -9999 -9996
C0G620 1997020821 -9999 -9999 -9999 0.5
C0G620 1997020822 -9999 -9999 -9999 -9996
C0G620 1997020823 -9999 -9999 -9999 0.5
C0G620 1997020824 -9999 -9999 -9999 0.5
C0G620 1997020901 -9999 -9999 -9999 0.0
C0G620 1997020902 -9999 -9999 -9999 0.0
C0G620 1997020903 -9999 -9999 -9999 0.0
C0G620 1997020904 -9999 -9999 -9999 0.0
C0G620 1997020905 -9999 -9999 -9999 0.0
C0G620 1997020906 -9999 -9999 -9999 0.0
C0G620 1997020907 -9999 -9999 -9999 0.0
C0G620 1997020908 -9999 -9999 -9999 0.0
C0G620 1997020909 -9999 -9999 -9999 0.0
C0G620 1997020910 -9999 -9999 -9999 0.0
C0G620 1997020911 -9999 -9999 -9999 0.0
C0G620 1997020912 -9999 -9999 -9999 0.0
C0G620 1997020913 -9999 -9999 -9999 0.0
C0G620 1997020914 -9999 -9999 -9999 0.0
C0G620 1997020915 -9999 -9999 -9999 0.0
C0G620 1997020916 -9999 -9999 -9999 0.0
C0G620 1997020917 -9999 -9999 -9999 0.0
C0G620 1997020918 -9999 -9999 -9999 0.0
C0G620 1997020919 -9999 -9999 -9999 0.0
C0G620 1997020920 -9999 -9999 -9999 0.0
C0G620 1997020921 -9999 -9999 -9999 0.0
C0G620 1997020922 -9999 -9999 -9999 0.0
C0G620 1997020923 -9999 -9999 -9999 0.0
C0G620 1997020924 -9999 -9999 -9999 0.0
C0G620 1997021001 -9999 -9999 -9999 0.0
C0G620 1997021002 -9999 -9999 -9999 0.0
C0G620 1997021003 -9999 -9999 -9999 0.0
C0G620 1997021004 -9999 -9999 -9999 0.0
C0G620 1997021005 -9999 -9999 -9999 0.0
C0G620 1997021006 -9999 -9999 -9999 0.0
C0G620 1997021007 -9999 -9999 -9999 0.0
C0G620 1997021008 -9999 -9999 -9999 0.0
C0G620 1997021009 -9999 -9999 -9999 0.0
C0G620 1997021010 -9999 -9999 -9999 0.0
C0G620 1997021011 -9999 -9999 -9999 0.0
C0G620 1997021012 -9999 -9999 -9999 0.0
C0G620 1997021013 -9999 -9999 -9999 0.0
C0G620 1997021014 -9999 -9999 -9999 0.0
C0G620 1997021015 -9999 -9999 -9999 0.0
C0G620 1997021016 -9999 -9999 -9999 0.0
C0G620 1997021017 -9999 -9999 -9999 0.0
C0G620 1997021018 -9999 -9999 -9999 0.0
C0G620 1997021019 -9999 -9999 -9999 0.0
C0G620 1997021020 -9999 -9999 -9999 0.0
C0G620 1997021021 -9999 -9999 -9999 0.0
C0G620 1997021022 -9999 -9999 -9999 0.0
C0G620 1997021023 -9999 -9999 -9999 0.0
C0G620 1997021024 -9999 -9999 -9999 0.0
C0G620 1997021101 -9999 -9999 -9999 0.0
C0G620 1997021102 -9999 -9999 -9999 0.0
C0G620 1997021103 -9999 -9999 -9999 0.0
C0G620 1997021104 -9999 -9999 -9999 0.0
C0G620 1997021105 -9999 -9999 -9999 0.0
C0G620 1997021106 -9999 -9999 -9999 0.0
C0G620 1997021107 -9999 -9999 -9999 0.0
C0G620 1997021108 -9999 -9999 -9999 0.0
C0G620 1997021109 -9999 -9999 -9999 0.0
C0G620 1997021110 -9999 -9999 -9999 0.0
C0G620 1997021111 -9999 -9999 -9999 0.0
C0G620 1997021112 -9999 -9999 -9999 0.0
C0G620 1997021113 -9999 -9999 -9999 0.0
C0G620 1997021114 -9999 -9999 -9999 0.0
C0G620 1997021115 -9999 -9999 -9999 0.0
C0G620 1997021116 -9999 -9999 -9999 0.0
C0G620 1997021117 -9999 -9999 -9999 0.0
C0G620 1997021118 -9999 -9999 -9999 0.0
C0G620 1997021119 -9999 -9999 -9999 0.0
C0G620 1997021120 -9999 -9999 -9999 -9996
C0G620 1997021121 -9999 -9999 -9999 -9996
C0G620 1997021122 -9999 -9999 -9999 -9996
C0G620 1997021123 -9999 -9999 -9999 -9996
C0G620 1997021124 -9999 -9999 -9999 -9996
C0G620 1997021201 -9999 -9999 -9999 0.0
C0G620 1997021202 -9999 -9999 -9999 0.0
C0G620 1997021203 -9999 -9999 -9999 0.0
C0G620 1997021204 -9999 -9999 -9999 0.0
C0G620 1997021205 -9999 -9999 -9999 0.0
C0G620 1997021206 -9999 -9999 -9999 0.0
C0G620 1997021207 -9999 -9999 -9999 0.0
C0G620 1997021208 -9999 -9999 -9999 0.0
C0G620 1997021209 -9999 -9999 -9999 0.0
C0G620 1997021210 -9999 -9999 -9999 0.0
C0G620 1997021211 -9999 -9999 -9999 0.0
C0G620 1997021212 -9999 -9999 -9999 0.0
C0G620 1997021213 -9999 -9999 -9999 0.0
C0G620 1997021214 -9999 -9999 -9999 0.0
C0G620 1997021215 -9999 -9999 -9999 0.0
C0G620 1997021216 -9999 -9999 -9999 0.0
C0G620 1997021217 -9999 -9999 -9999 0.0
C0G620 1997021218 -9999 -9999 -9999 0.0
C0G620 1997021219 -9999 -9999 -9999 0.0
C0G620 1997021220 -9999 -9999 -9999 -9996
C0G620 1997021221 -9999 -9999 -9999 -9996
C0G620 1997021222 -9999 -9999 -9999 -9996
C0G620 1997021223 -9999 -9999 -9999 -9996
C0G620 1997021224 -9999 -9999 -9999 -9996
C0G620 1997021301 -9999 -9999 -9999 0.0
C0G620 1997021302 -9999 -9999 -9999 0.0
C0G620 1997021303 -9999 -9999 -9999 0.0
C0G620 1997021304 -9999 -9999 -9999 0.0
C0G620 1997021305 -9999 -9999 -9999 0.0
C0G620 1997021306 -9999 -9999 -9999 0.0
C0G620 1997021307 -9999 -9999 -9999 0.0
C0G620 1997021308 -9999 -9999 -9999 0.0
C0G620 1997021309 -9999 -9999 -9999 0.0
C0G620 1997021310 -9999 -9999 -9999 0.0
C0G620 1997021311 -9999 -9999 -9999 0.0
C0G620 1997021312 -9999 -9999 -9999 0.0
C0G620 1997021313 -9999 -9999 -9999 0.0
C0G620 1997021314 -9999 -9999 -9999 0.0
C0G620 1997021315 -9999 -9999 -9999 0.0
C0G620 1997021316 -9999 -9999 -9999 0.0
C0G620 1997021317 -9999 -9999 -9999 0.0
C0G620 1997021318 -9999 -9999 -9999 0.0
C0G620 1997021319 -9999 -9999 -9999 0.0
C0G620 1997021320 -9999 -9999 -9999 -9996
C0G620 1997021321 -9999 -9999 -9999 -9996
C0G620 1997021322 -9999 -9999 -9999 -9996
C0G620 1997021323 -9999 -9999 -9999 -9996
C0G620 1997021324 -9999 -9999 -9999 -9996
C0G620 1997021401 -9999 -9999 -9999 0.0
C0G620 1997021402 -9999 -9999 -9999 0.0
C0G620 1997021403 -9999 -9999 -9999 0.0
C0G620 1997021404 -9999 -9999 -9999 0.0
C0G620 1997021405 -9999 -9999 -9999 0.0
C0G620 1997021406 -9999 -9999 -9999 0.0
C0G620 1997021407 -9999 -9999 -9999 0.0
C0G620 1997021408 -9999 -9999 -9999 0.0
C0G620 1997021409 -9999 -9999 -9999 0.0
C0G620 1997021410 -9999 -9999 -9999 0.0
C0G620 1997021411 -9999 -9999 -9999 0.0
C0G620 1997021412 -9999 -9999 -9999 0.0
C0G620 1997021413 -9999 -9999 -9999 0.0
C0G620 1997021414 -9999 -9999 -9999 0.0
C0G620 1997021415 -9999 -9999 -9999 0.0
C0G620 1997021416 -9999 -9999 -9999 0.0
C0G620 1997021417 -9999 -9999 -9999 0.0
C0G620 1997021418 -9999 -9999 -9999 0.0
C0G620 1997021419 -9999 -9999 -9999 0.0
C0G620 1997021420 -9999 -9999 -9999 0.0
C0G620 1997021421 -9999 -9999 -9999 0.0
C0G620 1997021422 -9999 -9999 -9999 0.0
C0G620 1997021423 -9999 -9999 -9999 0.0
C0G620 1997021424 -9999 -9999 -9999 0.0
C0G620 1997021501 -9999 -9999 -9999 0.0
C0G620 1997021502 -9999 -9999 -9999 0.0
C0G620 1997021503 -9999 -9999 -9999 0.0
C0G620 1997021504 -9999 -9999 -9999 0.0
C0G620 1997021505 -9999 -9999 -9999 0.0
C0G620 1997021506 -9999 -9999 -9999 0.0
C0G620 1997021507 -9999 -9999 -9999 0.0
C0G620 1997021508 -9999 -9999 -9999 0.0
C0G620 1997021509 -9999 -9999 -9999 1.0
C0G620 1997021510 -9999 -9999 -9999 0.5
C0G620 1997021511 -9999 -9999 -9999 0.0
C0G620 1997021512 -9999 -9999 -9999 0.0
C0G620 1997021513 -9999 -9999 -9999 0.0
C0G620 1997021514 -9999 -9999 -9999 0.0
C0G620 1997021515 -9999 -9999 -9999 0.0
C0G620 1997021516 -9999 -9999 -9999 0.0
C0G620 1997021517 -9999 -9999 -9999 -9996
C0G620 1997021518 -9999 -9999 -9999 -9996
C0G620 1997021519 -9999 -9999 -9999 -9996
C0G620 1997021520 -9999 -9999 -9999 6.0
C0G620 1997021521 -9999 -9999 -9999 2.0
C0G620 1997021522 -9999 -9999 -9999 -9996
C0G620 1997021523 -9999 -9999 -9999 -9996
C0G620 1997021524 -9999 -9999 -9999 -9996
C0G620 1997021601 -9999 -9999 -9999 4.5
C0G620 1997021602 -9999 -9999 -9999 0.5
C0G620 1997021603 -9999 -9999 -9999 1.0
C0G620 1997021604 -9999 -9999 -9999 -9996
C0G620 1997021605 -9999 -9999 -9999 -9996
C0G620 1997021606 -9999 -9999 -9999 1.0
C0G620 1997021607 -9999 -9999 -9999 0.0
C0G620 1997021608 -9999 -9999 -9999 0.0
C0G620 1997021609 -9999 -9999 -9999 0.0
C0G620 1997021610 -9999 -9999 -9999 0.0
C0G620 1997021611 -9999 -9999 -9999 0.0
C0G620 1997021612 -9999 -9999 -9999 0.0
C0G620 1997021613 -9999 -9999 -9999 0.0
C0G620 1997021614 -9999 -9999 -9999 0.0
C0G620 1997021615 -9999 -9999 -9999 0.0
C0G620 1997021616 -9999 -9999 -9999 0.0
C0G620 1997021617 -9999 -9999 -9999 0.0
C0G620 1997021618 -9999 -9999 -9999 0.0
C0G620 1997021619 -9999 -9999 -9999 0.0
C0G620 1997021620 -9999 -9999 -9999 0.0
C0G620 1997021621 -9999 -9999 -9999 0.0
C0G620 1997021622 -9999 -9999 -9999 0.0
C0G620 1997021623 -9999 -9999 -9999 0.0
C0G620 1997021624 -9999 -9999 -9999 0.0
C0G620 1997021701 -9999 -9999 -9999 0.0
C0G620 1997021702 -9999 -9999 -9999 0.0
C0G620 1997021703 -9999 -9999 -9999 0.0
C0G620 1997021704 -9999 -9999 -9999 0.0
C0G620 1997021705 -9999 -9999 -9999 0.0
C0G620 1997021706 -9999 -9999 -9999 0.0
C0G620 1997021707 -9999 -9999 -9999 0.0
C0G620 1997021708 -9999 -9999 -9999 0.0
C0G620 1997021709 -9999 -9999 -9999 0.0
C0G620 1997021710 -9999 -9999 -9999 0.0
C0G620 1997021711 -9999 -9999 -9999 0.0
C0G620 1997021712 -9999 -9999 -9999 0.0
C0G620 1997021713 -9999 -9999 -9999 0.0
C0G620 1997021714 -9999 -9999 -9999 0.0
C0G620 1997021715 -9999 -9999 -9999 0.0
C0G620 1997021716 -9999 -9999 -9999 0.0
C0G620 1997021717 -9999 -9999 -9999 0.0
C0G620 1997021718 -9999 -9999 -9999 0.0
C0G620 1997021719 -9999 -9999 -9999 0.0
C0G620 1997021720 -9999 -9999 -9999 0.0
C0G620 1997021721 -9999 -9999 -9999 0.0
C0G620 1997021722 -9999 -9999 -9999 0.0
C0G620 1997021723 -9999 -9999 -9999 0.0
C0G620 1997021724 -9999 -9999 -9999 0.0
C0G620 1997021801 -9999 -9999 -9999 -9996
C0G620 1997021802 -9999 -9999 -9999 1.0
C0G620 1997021803 -9999 -9999 -9999 1.0
C0G620 1997021804 -9999 -9999 -9999 -9996
C0G620 1997021805 -9999 -9999 -9999 1.0
C0G620 1997021806 -9999 -9999 -9999 -9996
C0G620 1997021807 -9999 -9999 -9999 0.5
C0G620 1997021808 -9999 -9999 -9999 0.0
C0G620 1997021809 -9999 -9999 -9999 0.0
C0G620 1997021810 -9999 -9999 -9999 0.0
C0G620 1997021811 -9999 -9999 -9999 0.0
C0G620 1997021812 -9999 -9999 -9999 0.0
C0G620 1997021813 -9999 -9999 -9999 0.0
C0G620 1997021814 -9999 -9999 -9999 0.0
C0G620 1997021815 -9999 -9999 -9999 0.0
C0G620 1997021816 -9999 -9999 -9999 0.0
C0G620 1997021817 -9999 -9999 -9999 0.0
C0G620 1997021818 -9999 -9999 -9999 0.0
C0G620 1997021819 -9999 -9999 -9999 0.0
C0G620 1997021820 -9999 -9999 -9999 -9996
C0G620 1997021821 -9999 -9999 -9999 -9996
C0G620 1997021822 -9999 -9999 -9999 -9996
C0G620 1997021823 -9999 -9999 -9999 -9996
C0G620 1997021824 -9999 -9999 -9999 -9996
C0G620 1997021901 -9999 -9999 -9999 0.0
C0G620 1997021902 -9999 -9999 -9999 0.0
C0G620 1997021903 -9999 -9999 -9999 0.0
C0G620 1997021904 -9999 -9999 -9999 0.0
C0G620 1997021905 -9999 -9999 -9999 0.0
C0G620 1997021906 -9999 -9999 -9999 0.0
C0G620 1997021907 -9999 -9999 -9999 0.0
C0G620 1997021908 -9999 -9999 -9999 0.0
C0G620 1997021909 -9999 -9999 -9999 0.0
C0G620 1997021910 -9999 -9999 -9999 0.0
C0G620 1997021911 -9999 -9999 -9999 0.0
C0G620 1997021912 -9999 -9999 -9999 0.0
C0G620 1997021913 -9999 -9999 -9999 0.0
C0G620 1997021914 -9999 -9999 -9999 0.0
C0G620 1997021915 -9999 -9999 -9999 0.0
C0G620 1997021916 -9999 -9999 -9999 0.0
C0G620 1997021917 -9999 -9999 -9999 0.0
C0G620 1997021918 -9999 -9999 -9999 0.0
C0G620 1997021919 -9999 -9999 -9999 0.0
C0G620 1997021920 -9999 -9999 -9999 -9996
C0G620 1997021921 -9999 -9999 -9999 -9996
C0G620 1997021922 -9999 -9999 -9999 -9996
C0G620 1997021923 -9999 -9999 -9999 -9996
C0G620 1997021924 -9999 -9999 -9999 -9996
C0G620 1997022001 -9999 -9999 -9999 0.0
C0G620 1997022002 -9999 -9999 -9999 0.0
C0G620 1997022003 -9999 -9999 -9999 0.0
C0G620 1997022004 -9999 -9999 -9999 0.0
C0G620 1997022005 -9999 -9999 -9999 0.0
C0G620 1997022006 -9999 -9999 -9999 0.0
C0G620 1997022007 -9999 -9999 -9999 0.0
C0G620 1997022008 -9999 -9999 -9999 0.0
C0G620 1997022009 -9999 -9999 -9999 0.0
C0G620 1997022010 -9999 -9999 -9999 0.0
C0G620 1997022011 -9999 -9999 -9999 0.0
C0G620 1997022012 -9999 -9999 -9999 0.0
C0G620 1997022013 -9999 -9999 -9999 1.0
C0G620 1997022014 -9999 -9999 -9999 0.0
C0G620 1997022015 -9999 -9999 -9999 0.0
C0G620 1997022016 -9999 -9999 -9999 0.0
C0G620 1997022017 -9999 -9999 -9999 0.0
C0G620 1997022018 -9999 -9999 -9999 0.0
C0G620 1997022019 -9999 -9999 -9999 0.0
C0G620 1997022020 -9999 -9999 -9999 -9996
C0G620 1997022021 -9999 -9999 -9999 -9996
C0G620 1997022022 -9999 -9999 -9999 -9996
C0G620 1997022023 -9999 -9999 -9999 -9996
C0G620 1997022024 -9999 -9999 -9999 -9996
C0G620 1997022101 -9999 -9999 -9999 0.0
C0G620 1997022102 -9999 -9999 -9999 0.0
C0G620 1997022103 -9999 -9999 -9999 0.0
C0G620 1997022104 -9999 -9999 -9999 0.0
C0G620 1997022105 -9999 -9999 -9999 0.0
C0G620 1997022106 -9999 -9999 -9999 0.0
C0G620 1997022107 -9999 -9999 -9999 0.0
C0G620 1997022108 -9999 -9999 -9999 0.0
C0G620 1997022109 -9999 -9999 -9999 0.0
C0G620 1997022110 -9999 -9999 -9999 0.0
C0G620 1997022111 -9999 -9999 -9999 0.0
C0G620 1997022112 -9999 -9999 -9999 0.0
C0G620 1997022113 -9999 -9999 -9999 0.0
C0G620 1997022114 -9999 -9999 -9999 0.0
C0G620 1997022115 -9999 -9999 -9999 0.0
C0G620 1997022116 -9999 -9999 -9999 0.0
C0G620 1997022117 -9999 -9999 -9999 0.0
C0G620 1997022118 -9999 -9999 -9999 0.0
C0G620 1997022119 -9999 -9999 -9999 0.0
C0G620 1997022120 -9999 -9999 -9999 -9996
C0G620 1997022121 -9999 -9999 -9999 -9996
C0G620 1997022122 -9999 -9999 -9999 -9996
C0G620 1997022123 -9999 -9999 -9999 -9996
C0G620 1997022124 -9999 -9999 -9999 -9996
C0G620 1997022201 -9999 -9999 -9999 0.0
C0G620 1997022202 -9999 -9999 -9999 0.0
C0G620 1997022203 -9999 -9999 -9999 0.0
C0G620 1997022204 -9999 -9999 -9999 0.0
C0G620 1997022205 -9999 -9999 -9999 0.0
C0G620 1997022206 -9999 -9999 -9999 0.0
C0G620 1997022207 -9999 -9999 -9999 0.0
C0G620 1997022208 -9999 -9999 -9999 0.0
C0G620 1997022209 -9999 -9999 -9999 0.0
C0G620 1997022210 -9999 -9999 -9999 0.0
C0G620 1997022211 -9999 -9999 -9999 0.0
C0G620 1997022212 -9999 -9999 -9999 0.0
C0G620 1997022213 -9999 -9999 -9999 0.0
C0G620 1997022214 -9999 -9999 -9999 0.0
C0G620 1997022215 -9999 -9999 -9999 0.0
C0G620 1997022216 -9999 -9999 -9999 0.0
C0G620 1997022217 -9999 -9999 -9999 0.0
C0G620 1997022218 -9999 -9999 -9999 0.0
C0G620 1997022219 -9999 -9999 -9999 0.0
C0G620 1997022220 -9999 -9999 -9999 0.0
C0G620 1997022221 -9999 -9999 -9999 0.0
C0G620 1997022222 -9999 -9999 -9999 0.0
C0G620 1997022223 -9999 -9999 -9999 0.0
C0G620 1997022224 -9999 -9999 -9999 0.0
C0G620 1997022301 -9999 -9999 -9999 0.0
C0G620 1997022302 -9999 -9999 -9999 0.0
C0G620 1997022303 -9999 -9999 -9999 0.0
C0G620 1997022304 -9999 -9999 -9999 0.0
C0G620 1997022305 -9999 -9999 -9999 0.0
C0G620 1997022306 -9999 -9999 -9999 0.0
C0G620 1997022307 -9999 -9999 -9999 0.0
C0G620 1997022308 -9999 -9999 -9999 0.0
C0G620 1997022309 -9999 -9999 -9999 0.0
C0G620 1997022310 -9999 -9999 -9999 0.0
C0G620 1997022311 -9999 -9999 -9999 0.0
C0G620 1997022312 -9999 -9999 -9999 0.0
C0G620 1997022313 -9999 -9999 -9999 0.0
C0G620 1997022314 -9999 -9999 -9999 0.0
C0G620 1997022315 -9999 -9999 -9999 0.0
C0G620 1997022316 -9999 -9999 -9999 0.0
C0G620 1997022317 -9999 -9999 -9999 0.0
C0G620 1997022318 -9999 -9999 -9999 0.0
C0G620 1997022319 -9999 -9999 -9999 0.0
C0G620 1997022320 -9999 -9999 -9999 0.0
C0G620 1997022321 -9999 -9999 -9999 0.0
C0G620 1997022322 -9999 -9999 -9999 0.0
C0G620 1997022323 -9999 -9999 -9999 0.0
C0G620 1997022324 -9999 -9999 -9999 0.0
C0G620 1997022401 -9999 -9999 -9999 0.0
C0G620 1997022402 -9999 -9999 -9999 0.0
C0G620 1997022403 -9999 -9999 -9999 0.0
C0G620 1997022404 -9999 -9999 -9999 0.0
C0G620 1997022405 -9999 -9999 -9999 0.0
C0G620 1997022406 -9999 -9999 -9999 0.0
C0G620 1997022407 -9999 -9999 -9999 0.0
C0G620 1997022408 -9999 -9999 -9999 0.0
C0G620 1997022409 -9999 -9999 -9999 0.0
C0G620 1997022410 -9999 -9999 -9999 0.0
C0G620 1997022411 -9999 -9999 -9999 0.0
C0G620 1997022412 -9999 -9999 -9999 0.0
C0G620 1997022413 -9999 -9999 -9999 0.0
C0G620 1997022414 -9999 -9999 -9999 0.0
C0G620 1997022415 -9999 -9999 -9999 0.0
C0G620 1997022416 -9999 -9999 -9999 0.0
C0G620 1997022417 -9999 -9999 -9999 0.0
C0G620 1997022418 -9999 -9999 -9999 0.0
C0G620 1997022419 -9999 -9999 -9999 0.0
C0G620 1997022420 -9999 -9999 -9999 0.0
C0G620 1997022421 -9999 -9999 -9999 0.0
C0G620 1997022422 -9999 -9999 -9999 0.0
C0G620 1997022423 -9999 -9999 -9999 0.0
C0G620 1997022424 -9999 -9999 -9999 0.0
C0G620 1997022501 -9999 -9999 -9999 0.0
C0G620 1997022502 -9999 -9999 -9999 0.0
C0G620 1997022503 -9999 -9999 -9999 0.0
C0G620 1997022504 -9999 -9999 -9999 0.0
C0G620 1997022505 -9999 -9999 -9999 0.0
C0G620 1997022506 -9999 -9999 -9999 0.0
C0G620 1997022507 -9999 -9999 -9999 0.0
C0G620 1997022508 -9999 -9999 -9999 0.0
C0G620 1997022509 -9999 -9999 -9999 0.0
C0G620 1997022510 -9999 -9999 -9999 0.0
C0G620 1997022511 -9999 -9999 -9999 0.0
C0G620 1997022512 -9999 -9999 -9999 0.0
C0G620 1997022513 -9999 -9999 -9999 0.0
C0G620 1997022514 -9999 -9999 -9999 0.0
C0G620 1997022515 -9999 -9999 -9999 0.0
C0G620 1997022516 -9999 -9999 -9999 0.0
C0G620 1997022517 -9999 -9999 -9999 0.0
C0G620 1997022518 -9999 -9999 -9999 0.0
C0G620 1997022519 -9999 -9999 -9999 0.0
C0G620 1997022520 -9999 -9999 -9999 0.0
C0G620 1997022521 -9999 -9999 -9999 0.0
C0G620 1997022522 -9999 -9999 -9999 0.0
C0G620 1997022523 -9999 -9999 -9999 0.0
C0G620 1997022524 -9999 -9999 -9999 0.0
C0G620 1997022601 -9999 -9999 -9999 0.0
C0G620 1997022602 -9999 -9999 -9999 0.0
C0G620 1997022603 -9999 -9999 -9999 0.0
C0G620 1997022604 -9999 -9999 -9999 0.0
C0G620 1997022605 -9999 -9999 -9999 0.0
C0G620 1997022606 -9999 -9999 -9999 0.0
C0G620 1997022607 -9999 -9999 -9999 0.0
C0G620 1997022608 -9999 -9999 -9999 0.0
C0G620 1997022609 -9999 -9999 -9999 0.0
C0G620 1997022610 -9999 -9999 -9999 0.0
C0G620 1997022611 -9999 -9999 -9999 0.0
C0G620 1997022612 -9999 -9999 -9999 0.0
C0G620 1997022613 -9999 -9999 -9999 0.0
C0G620 1997022614 -9999 -9999 -9999 0.0
C0G620 1997022615 -9999 -9999 -9999 0.0
C0G620 1997022616 -9999 -9999 -9999 0.0
C0G620 1997022617 -9999 -9999 -9999 0.0
C0G620 1997022618 -9999 -9999 -9999 0.0
C0G620 1997022619 -9999 -9999 -9999 0.0
C0G620 1997022620 -9999 -9999 -9999 0.0
C0G620 1997022621 -9999 -9999 -9999 0.0
C0G620 1997022622 -9999 -9999 -9999 0.0
C0G620 1997022623 -9999 -9999 -9999 0.0
C0G620 1997022624 -9999 -9999 -9999 0.0
C0G620 1997022701 -9999 -9999 -9999 0.0
C0G620 1997022702 -9999 -9999 -9999 0.0
C0G620 1997022703 -9999 -9999 -9999 0.0
C0G620 1997022704 -9999 -9999 -9999 0.0
C0G620 1997022705 -9999 -9999 -9999 0.0
C0G620 1997022706 -9999 -9999 -9999 0.0
C0G620 1997022707 -9999 -9999 -9999 0.0
C0G620 1997022708 -9999 -9999 -9999 0.0
C0G620 1997022709 -9999 -9999 -9999 0.0
C0G620 1997022710 -9999 -9999 -9999 0.0
C0G620 1997022711 -9999 -9999 -9999 0.0
C0G620 1997022712 -9999 -9999 -9999 0.0
C0G620 1997022713 -9999 -9999 -9999 0.0
C0G620 1997022714 -9999 -9999 -9999 0.0
C0G620 1997022715 -9999 -9999 -9999 0.0
C0G620 1997022716 -9999 -9999 -9999 0.0
C0G620 1997022717 -9999 -9999 -9999 0.0
C0G620 1997022718 -9999 -9999 -9999 0.0
C0G620 1997022719 -9999 -9999 -9999 0.0
C0G620 1997022720 -9999 -9999 -9999 0.0
C0G620 1997022721 -9999 -9999 -9999 0.0
C0G620 1997022722 -9999 -9999 -9999 0.0
C0G620 1997022723 -9999 -9999 -9999 0.0
C0G620 1997022724 -9999 -9999 -9999 0.0
C0G620 1997022801 -9999 -9999 -9999 0.0
C0G620 1997022802 -9999 -9999 -9999 0.0
C0G620 1997022803 -9999 -9999 -9999 0.0
C0G620 1997022804 -9999 -9999 -9999 0.0
C0G620 1997022805 -9999 -9999 -9999 0.0
C0G620 1997022806 -9999 -9999 -9999 0.0
C0G620 1997022807 -9999 -9999 -9999 0.0
C0G620 1997022808 -9999 -9999 -9999 0.0
C0G620 1997022809 -9999 -9999 -9999 0.0
C0G620 1997022810 -9999 -9999 -9999 0.0
C0G620 1997022811 -9999 -9999 -9999 0.0
C0G620 1997022812 -9999 -9999 -9999 0.0
C0G620 1997022813 -9999 -9999 -9999 0.0
C0G620 1997022814 -9999 -9999 -9999 0.0
C0G620 1997022815 -9999 -9999 -9999 0.0
C0G620 1997022816 -9999 -9999 -9999 0.0
C0G620 1997022817 -9999 -9999 -9999 0.0
C0G620 1997022818 -9999 -9999 -9999 0.0
C0G620 1997022819 -9999 -9999 -9999 0.0
C0G620 1997022820 -9999 -9999 -9999 0.0
C0G620 1997022821 -9999 -9999 -9999 0.0
C0G620 1997022822 -9999 -9999 -9999 0.0
C0G620 1997022823 -9999 -9999 -9999 0.0
C0G620 1997022824 -9999 -9999 -9999 0.0
C0G650 1997020101 16.7 -9999 0.2 0.0
C0G650 1997020102 16.6 -9999 0.0 0.0
C0G650 1997020103 15.9 -9999 0.2 0.0
C0G650 1997020104 15.4 -9999 0.6 0.0
C0G650 1997020105 15.6 -9999 0.1 0.0
C0G650 1997020106 14.4 -9999 0.0 0.0
C0G650 1997020107 14.6 -9999 0.0 0.0
C0G650 1997020108 16.0 -9999 0.5 0.0
C0G650 1997020109 17.9 -9999 0.4 0.0
C0G650 1997020110 20.4 -9999 0.2 0.0
C0G650 1997020111 22.9 -9999 0.2 0.0
C0G650 1997020112 24.6 -9999 -9997 0.0
C0G650 1997020113 24.0 -9999 0.5 0.0
C0G650 1997020114 23.2 -9999 0.7 0.0
C0G650 1997020115 21.6 -9999 0.8 0.0
C0G650 1997020116 21.2 -9999 0.6 0.0
C0G650 1997020117 19.9 -9999 0.4 0.0
C0G650 1997020118 18.5 -9999 0.2 0.0
C0G650 1997020119 18.1 -9999 0.0 0.0
C0G650 1997020120 18.0 -9999 0.0 0.0
C0G650 1997020121 18.0 -9999 0.5 0.0
C0G650 1997020122 17.7 -9999 0.0 -9996
C0G650 1997020123 17.1 -9999 0.6 1.0
C0G650 1997020124 17.3 -9999 0.1 0.5
C0G650 1997020201 17.2 -9999 0.0 0.5
C0G650 1997020202 16.5 -9999 0.0 0.0
C0G650 1997020203 16.4 -9999 0.1 0.0
C0G650 1997020204 16.5 -9999 0.0 0.0
C0G650 1997020205 16.7 -9999 0.0 0.0
C0G650 1997020206 16.5 -9999 0.0 0.0
C0G650 1997020207 16.7 -9999 0.0 0.0
C0G650 1997020208 17.3 -9999 0.1 0.0
C0G650 1997020209 18.0 -9999 0.6 0.0
C0G650 1997020210 18.0 -9999 1.7 0.0
C0G650 1997020211 19.5 -9999 1.4 0.0
C0G650 1997020212 21.7 -9999 0.2 0.0
C0G650 1997020213 22.1 -9999 0.5 0.0
C0G650 1997020214 22.7 -9999 1.2 0.0
C0G650 1997020215 22.0 -9999 1.3 -9996
C0G650 1997020216 20.3 -9999 1.3 -9996
C0G650 1997020217 18.8 -9999 0.5 -9996
C0G650 1997020218 17.7 -9999 2.1 0.5
C0G650 1997020219 17.1 -9999 1.0 -9996
C0G650 1997020220 16.3 -9999 1.8 -9996
C0G650 1997020221 15.7 -9999 1.1 -9996
C0G650 1997020222 15.9 -9999 1.2 -9996
C0G650 1997020223 15.8 -9999 0.3 -9996
C0G650 1997020224 15.4 -9999 0.1 0.5
C0G650 1997020301 15.1 -9999 0.9 -9996
C0G650 1997020302 14.8 -9999 1.0 1.0
C0G650 1997020303 14.8 -9999 1.4 -9996
C0G650 1997020304 14.4 -9999 0.8 0.5
C0G650 1997020305 14.2 -9999 0.3 2.0
C0G650 1997020306 14.2 -9999 0.1 1.5
C0G650 1997020307 14.3 -9999 0.8 2.5
C0G650 1997020308 14.8 -9999 0.5 0.5
C0G650 1997020309 15.0 -9999 0.8 0.5
C0G650 1997020310 14.7 -9999 1.5 2.0
C0G650 1997020311 -9997 -9999 -9997 0.5
C0G650 1997020312 16.2 -9999 0.7 0.5
C0G650 1997020313 16.4 -9999 0.5 -9996
C0G650 1997020314 16.8 -9999 1.0 -9996
C0G650 1997020315 -9997 -9999 1.4 0.5
C0G650 1997020316 16.4 -9999 1.2 -9996
C0G650 1997020317 15.9 -9999 1.8 -9996
C0G650 1997020318 15.4 -9999 1.0 -9996
C0G650 1997020319 15.1 -9999 0.5 0.5
C0G650 1997020320 15.1 -9999 0.5 -9996
C0G650 1997020321 15.0 -9999 0.4 -9996
C0G650 1997020322 14.7 -9999 0.2 1.0
C0G650 1997020323 14.5 -9999 0.0 1.5
C0G650 1997020324 14.4 -9999 0.1 1.0
C0G650 1997020401 14.4 -9999 1.1 0.5
C0G650 1997020402 14.3 -9999 0.1 4.0
C0G650 1997020403 14.1 -9999 0.0 3.5
C0G650 1997020404 14.4 -9999 0.0 1.5
C0G650 1997020405 14.5 -9999 0.0 2.0
C0G650 1997020406 14.8 -9999 0.2 2.5
C0G650 1997020407 14.5 -9999 0.5 -9996
C0G650 1997020408 15.1 -9999 0.6 0.5
C0G650 1997020409 15.5 -9999 2.2 0.0
C0G650 1997020410 16.6 -9999 1.1 0.0
C0G650 1997020411 17.5 -9999 1.7 0.0
C0G650 1997020412 17.8 -9999 1.1 0.0
C0G650 1997020413 18.1 -9999 1.5 0.0
C0G650 1997020414 18.2 -9999 1.8 0.0
C0G650 1997020415 20.1 -9999 1.4 0.0
C0G650 1997020416 18.3 -9999 1.3 0.0
C0G650 1997020417 17.0 -9999 0.6 0.0
C0G650 1997020418 16.5 -9999 1.6 0.0
C0G650 1997020419 16.1 -9999 0.9 0.0
C0G650 1997020420 16.0 -9999 0.9 0.0
C0G650 1997020421 15.9 -9999 0.5 0.0
C0G650 1997020422 15.8 -9999 0.3 0.0
C0G650 1997020423 15.8 -9999 0.3 0.0
C0G650 1997020424 16.0 -9999 0.6 0.0
C0G650 1997020501 -9997 -9999 -9997 0.0
C0G650 1997020502 16.2 -9999 0.7 0.0
C0G650 1997020503 16.0 -9999 0.1 0.0
C0G650 1997020504 16.0 -9999 1.3 0.0
C0G650 1997020505 15.4 -9999 0.4 0.0
C0G650 1997020506 15.1 -9999 1.7 0.0
C0G650 1997020507 15.4 -9999 0.0 0.0
C0G650 1997020508 16.1 -9999 1.2 0.0
C0G650 1997020509 17.1 -9999 0.9 0.0
C0G650 1997020510 18.1 -9999 1.0 0.0
C0G650 1997020511 17.2 -9999 1.9 0.0
C0G650 1997020512 18.9 -9999 0.8 0.0
C0G650 1997020513 20.0 -9999 0.4 0.0
C0G650 1997020514 20.3 -9999 0.8 0.0
C0G650 1997020515 21.5 -9999 0.6 0.0
C0G650 1997020516 19.5 -9999 0.5 0.0
C0G650 1997020517 18.2 -9999 0.7 0.0
C0G650 1997020518 17.4 -9999 0.2 0.0
C0G650 1997020519 16.7 -9999 0.1 0.0
C0G650 1997020520 16.7 -9999 0.0 0.0
C0G650 1997020521 17.0 -9999 0.4 0.0
C0G650 1997020522 16.9 -9999 0.5 0.0
C0G650 1997020523 16.8 -9999 0.2 0.0
C0G650 1997020524 16.3 -9999 0.3 0.0
C0G650 1997020601 16.4 -9999 0.4 0.0
C0G650 1997020602 16.4 -9999 0.2 0.0
C0G650 1997020603 16.3 -9999 0.4 0.0
C0G650 1997020604 16.2 -9999 1.1 0.0
C0G650 1997020605 16.1 -9999 0.6 0.0
C0G650 1997020606 15.9 -9999 0.0 0.0
C0G650 1997020607 15.6 -9999 0.3 0.0
C0G650 1997020608 15.9 -9999 0.3 0.0
C0G650 1997020609 16.5 -9999 0.7 0.0
C0G650 1997020610 17.5 -9999 1.5 0.0
C0G650 1997020611 18.3 -9999 -9997 0.0
C0G650 1997020612 18.3 -9999 0.1 -9996
C0G650 1997020613 18.2 -9999 0.3 -9996
C0G650 1997020614 17.8 -9999 0.7 -9996
C0G650 1997020615 17.3 -9999 1.8 -9996
C0G650 1997020616 16.5 -9999 0.9 -9996
C0G650 1997020617 16.2 -9999 0.6 0.5
C0G650 1997020618 16.1 -9999 1.1 0.0
C0G650 1997020619 16.1 -9999 0.7 0.0
C0G650 1997020620 15.9 -9999 0.1 0.0
C0G650 1997020621 15.2 -9999 0.0 0.0
C0G650 1997020622 14.9 -9999 0.0 0.0
C0G650 1997020623 14.9 -9999 0.0 0.0
C0G650 1997020624 15.0 -9999 0.0 0.0
C0G650 1997020701 15.0 -9999 0.0 0.0
C0G650 1997020702 15.1 -9999 0.0 0.0
C0G650 1997020703 15.2 -9999 0.1 0.0
C0G650 1997020704 15.2 -9999 0.0 0.0
C0G650 1997020705 15.3 -9999 0.0 0.0
C0G650 1997020706 15.4 -9999 0.0 0.0
C0G650 1997020707 15.4 -9999 0.0 -9996
C0G650 1997020708 15.9 -9999 0.0 -9996
C0G650 1997020709 -9997 -9999 0.0 0.5
C0G650 1997020710 16.5 -9999 0.5 -9996
C0G650 1997020711 16.8 -9999 0.6 1.0
C0G650 1997020712 17.5 -9999 0.6 -9996
C0G650 1997020713 16.8 -9999 0.3 0.5
C0G650 1997020714 16.9 -9999 0.1 3.0
C0G650 1997020715 17.0 -9999 0.1 1.5
C0G650 1997020716 17.0 -9999 0.0 1.5
C0G650 1997020717 16.3 -9999 0.3 0.0
C0G650 1997020718 15.8 -9999 1.2 0.0
C0G650 1997020719 15.9 -9999 1.5 0.0
C0G650 1997020720 15.8 -9999 0.6 0.0
C0G650 1997020721 15.2 -9999 0.5 0.0
C0G650 1997020722 15.4 -9999 0.1 0.0
C0G650 1997020723 15.6 -9999 -9997 0.0
C0G650 1997020724 15.8 -9999 0.1 0.0
C0G650 1997020801 15.6 -9999 0.0 0.0
C0G650 1997020802 15.8 -9999 0.6 0.0
C0G650 1997020803 15.8 -9999 0.1 0.0
C0G650 1997020804 16.2 -9999 0.1 0.0
C0G650 1997020805 16.0 -9999 0.0 0.0
C0G650 1997020806 15.9 -9999 0.0 0.5
C0G650 1997020807 16.3 -9999 0.0 -9996
C0G650 1997020808 16.7 -9999 0.4 -9996
C0G650 1997020809 16.9 -9999 0.6 -9996
C0G650 1997020810 15.6 -9999 1.3 0.5
C0G650 1997020811 16.0 -9999 1.3 2.0
C0G650 1997020812 16.0 -9999 0.1 -9996
C0G650 1997020813 15.6 -9999 0.6 0.5
C0G650 1997020814 15.6 -9999 0.5 1.5
C0G650 1997020815 15.8 -9999 0.0 -9996
C0G650 1997020816 15.6 -9999 0.1 -9996
C0G650 1997020817 15.7 -9999 0.0 0.5
C0G650 1997020818 15.5 -9999 0.4 0.5
C0G650 1997020819 15.5 -9999 0.1 -9996
C0G650 1997020820 15.5 -9999 0.4 -9996
C0G650 1997020821 15.3 -9999 0.5 1.0
C0G650 1997020822 15.3 -9999 0.2 0.5
C0G650 1997020823 15.3 -9999 0.0 -9996
C0G650 1997020824 -9997 -9999 0.2 0.5
C0G650 1997020901 15.0 -9999 0.1 0.0
C0G650 1997020902 15.1 -9999 0.5 0.0
C0G650 1997020903 14.9 -9999 -9997 0.0
C0G650 1997020904 14.7 -9999 0.7 0.0
C0G650 1997020905 14.6 -9999 0.8 0.0
C0G650 1997020906 14.6 -9999 1.3 0.0
C0G650 1997020907 14.8 -9999 0.3 0.0
C0G650 1997020908 15.4 -9999 0.6 0.0
C0G650 1997020909 15.4 -9999 1.2 0.0
C0G650 1997020910 16.0 -9999 1.3 0.0
C0G650 1997020911 16.5 -9999 0.2 0.0
C0G650 1997020912 16.7 -9999 1.0 0.0
C0G650 1997020913 17.5 -9999 0.9 0.0
C0G650 1997020914 18.1 -9999 0.0 0.0
C0G650 1997020915 18.9 -9999 0.0 0.0
C0G650 1997020916 19.7 -9999 0.0 0.0
C0G650 1997020917 18.8 -9999 0.5 0.0
C0G650 1997020918 17.8 -9999 0.1 0.0
C0G650 1997020919 16.6 -9999 0.1 0.0
C0G650 1997020920 15.3 -9999 0.9 -9996
C0G650 1997020921 15.1 -9999 0.7 -9996
C0G650 1997020922 14.9 -9999 0.1 -9996
C0G650 1997020923 14.9 -9999 0.8 -9996
C0G650 1997020924 14.3 -9999 0.4 -9996
C0G650 1997021001 14.6 -9999 0.6 0.0
C0G650 1997021002 14.7 -9999 0.3 0.0
C0G650 1997021003 14.1 -9999 0.0 0.0
C0G650 1997021004 14.0 -9999 0.2 0.0
C0G650 1997021005 14.3 -9999 1.1 0.0
C0G650 1997021006 13.1 -9999 0.0 0.0
C0G650 1997021007 13.9 -9999 0.9 0.0
C0G650 1997021008 14.4 -9999 1.4 0.0
C0G650 1997021009 15.1 -9999 1.2 0.0
C0G650 1997021010 16.7 -9999 1.2 0.0
C0G650 1997021011 17.7 -9999 1.0 0.0
C0G650 1997021012 18.1 -9999 0.5 0.0
C0G650 1997021013 18.2 -9999 0.7 0.0
C0G650 1997021014 18.1 -9999 0.7 0.0
C0G650 1997021015 18.9 -9999 0.5 0.0
C0G650 1997021016 17.4 -9999 1.1 0.0
C0G650 1997021017 16.5 -9999 1.0 0.0
C0G650 1997021018 15.5 -9999 1.2 0.0
C0G650 1997021019 14.7 -9999 1.8 0.0
C0G650 1997021020 14.5 -9999 0.3 0.0
C0G650 1997021021 14.6 -9999 0.3 0.0
C0G650 1997021022 14.7 -9999 0.5 0.0
C0G650 1997021023 13.8 -9999 0.6 0.0
C0G650 1997021024 13.5 -9999 0.9 0.0
C0G650 1997021101 13.4 -9999 1.3 0.0
C0G650 1997021102 13.2 -9999 1.7 0.0
C0G650 1997021103 13.1 -9999 0.2 0.0
C0G650 1997021104 13.0 -9999 0.4 0.0
C0G650 1997021105 12.3 -9999 1.7 0.0
C0G650 1997021106 12.2 -9999 1.1 0.0
C0G650 1997021107 12.5 -9999 0.7 0.0
C0G650 1997021108 12.6 -9999 1.7 0.0
C0G650 1997021109 13.7 -9999 1.4 0.0
C0G650 1997021110 15.3 -9999 1.2 0.0
C0G650 1997021111 17.3 -9999 1.6 0.0
C0G650 1997021112 18.0 -9999 1.7 0.0
C0G650 1997021113 17.8 -9999 1.8 0.0
C0G650 1997021114 16.4 -9999 1.6 0.0
C0G650 1997021115 15.4 -9999 1.0 0.0
C0G650 1997021116 14.3 -9999 1.0 0.0
C0G650 1997021117 14.2 -9999 1.2 0.0
C0G650 1997021118 13.7 -9999 0.7 0.0
C0G650 1997021119 13.0 -9999 1.1 0.0
C0G650 1997021120 12.8 -9999 0.6 0.0
C0G650 1997021121 12.7 -9999 0.5 0.0
C0G650 1997021122 12.7 -9999 0.4 0.0
C0G650 1997021123 12.6 -9999 0.5 0.0
C0G650 1997021124 12.5 -9999 0.4 0.0
C0G650 1997021201 12.5 -9999 1.0 0.0
C0G650 1997021202 12.5 -9999 0.0 0.0
C0G650 1997021203 12.4 -9999 0.0 0.0
C0G650 1997021204 12.4 -9999 0.8 0.0
C0G650 1997021205 12.4 -9999 0.0 0.0
C0G650 1997021206 12.5 -9999 0.0 0.0
C0G650 1997021207 12.5 -9999 0.3 0.0
C0G650 1997021208 -9997 -9999 1.0 0.0
C0G650 1997021209 13.4 -9999 0.4 0.0
C0G650 1997021210 14.0 -9999 1.1 0.0
C0G650 1997021211 15.3 -9999 0.4 0.0
C0G650 1997021212 16.1 -9999 0.1 0.0
C0G650 1997021213 15.0 -9999 0.8 0.0
C0G650 1997021214 14.7 -9999 1.2 0.0
C0G650 1997021215 15.4 -9999 0.5 0.0
C0G650 1997021216 15.1 -9999 0.8 0.0
C0G650 1997021217 14.9 -9999 0.3 0.0
C0G650 1997021218 14.4 -9999 1.0 0.0
C0G650 1997021219 14.0 -9999 0.1 0.0
C0G650 1997021220 13.6 -9999 0.7 0.0
C0G650 1997021221 13.1 -9999 0.3 0.0
C0G650 1997021222 13.1 -9999 0.8 0.0
C0G650 1997021223 12.5 -9999 0.4 0.0
C0G650 1997021224 12.4 -9999 0.2 0.0
C0G650 1997021301 12.5 -9999 0.5 0.0
C0G650 1997021302 12.9 -9999 0.1 0.0
C0G650 1997021303 12.7 -9999 0.0 0.0
C0G650 1997021304 12.8 -9999 0.1 0.0
C0G650 1997021305 13.0 -9999 1.4 0.0
C0G650 1997021306 13.1 -9999 0.7 0.0
C0G650 1997021307 12.8 -9999 0.2 0.0
C0G650 1997021308 13.3 -9999 0.2 0.0
C0G650 1997021309 15.1 -9999 1.5 0.0
C0G650 1997021310 17.2 -9999 0.9 0.0
C0G650 1997021311 18.9 -9999 0.7 0.0
C0G650 1997021312 19.3 -9999 0.4 0.0
C0G650 1997021313 18.2 -9999 0.7 0.0
C0G650 1997021314 17.4 -9999 0.9 0.0
C0G650 1997021315 18.8 -9999 0.6 0.0
C0G650 1997021316 18.7 -9999 0.5 0.0
C0G650 1997021317 17.4 -9999 0.4 0.0
C0G650 1997021318 16.5 -9999 1.3 0.0
C0G650 1997021319 15.5 -9999 1.1 0.0
C0G650 1997021320 14.7 -9999 0.8 -9996
C0G650 1997021321 14.5 -9999 0.4 -9996
C0G650 1997021322 14.3 -9999 0.5 -9996
C0G650 1997021323 14.0 -9999 0.3 -9996
C0G650 1997021324 13.9 -9999 1.0 -9996
C0G650 1997021401 13.6 -9999 0.0 0.0
C0G650 1997021402 13.7 -9999 0.7 0.0
C0G650 1997021403 13.3 -9999 0.1 0.0
C0G650 1997021404 13.2 -9999 0.0 0.0
C0G650 1997021405 13.2 -9999 0.0 0.0
C0G650 1997021406 13.0 -9999 0.0 0.0
C0G650 1997021407 13.4 -9999 0.2 0.0
C0G650 1997021408 13.8 -9999 0.5 0.0
C0G650 1997021409 14.9 -9999 0.4 0.0
C0G650 1997021410 16.1 -9999 0.1 0.0
C0G650 1997021411 16.8 -9999 0.2 0.0
C0G650 1997021412 18.8 -9999 0.8 0.0
C0G650 1997021413 20.8 -9999 0.1 0.0
C0G650 1997021414 22.0 -9999 0.6 0.0
C0G650 1997021415 20.7 -9999 1.2 0.0
C0G650 1997021416 21.0 -9999 0.7 0.0
C0G650 1997021417 18.6 -9999 2.1 0.0
C0G650 1997021418 17.9 -9999 0.3 0.0
C0G650 1997021419 17.3 -9999 0.0 0.0
C0G650 1997021420 16.6 -9999 0.4 0.0
C0G650 1997021421 16.4 -9999 0.5 0.0
C0G650 1997021422 16.3 -9999 0.0 0.0
C0G650 1997021423 16.5 -9999 0.0 0.0
C0G650 1997021424 16.5 -9999 0.3 0.0
C0G650 1997021501 16.3 -9999 0.1 0.0
C0G650 1997021502 15.4 -9999 0.2 0.0
C0G650 1997021503 15.2 -9999 0.2 0.0
C0G650 1997021504 15.4 -9999 0.0 -9996
C0G650 1997021505 15.6 -9999 0.1 -9996
C0G650 1997021506 15.4 -9999 0.3 -9996
C0G650 1997021507 15.4 -9999 0.0 -9996
C0G650 1997021508 15.1 -9999 0.9 1.0
C0G650 1997021509 15.0 -9999 1.3 0.5
C0G650 1997021510 15.8 -9999 0.5 0.5
C0G650 1997021511 17.3 -9999 0.8 0.0
C0G650 1997021512 18.7 -9999 0.7 0.0
C0G650 1997021513 19.2 -9999 1.4 0.0
C0G650 1997021514 18.8 -9999 0.7 0.0
C0G650 1997021515 19.3 -9999 0.8 0.0
C0G650 1997021516 18.4 -9999 1.0 0.0
C0G650 1997021517 17.3 -9999 1.1 -9996
C0G650 1997021518 16.2 -9999 1.0 -9996
C0G650 1997021519 15.9 -9999 0.3 -9996
C0G650 1997021520 -9997 -9999 -9997 4.0
C0G650 1997021521 14.9 -9999 0.0 -9996
C0G650 1997021522 15.0 -9999 0.4 0.5
C0G650 1997021523 15.1 -9999 1.2 -9996
C0G650 1997021524 14.7 -9999 1.6 -9996
C0G650 1997021601 13.5 -9999 1.2 4.0
C0G650 1997021602 13.1 -9999 1.0 1.0
C0G650 1997021603 12.6 -9999 0.9 2.5
C0G650 1997021604 12.8 -9999 1.9 0.0
C0G650 1997021605 12.3 -9999 1.1 0.0
C0G650 1997021606 12.2 -9999 1.5 0.0
C0G650 1997021607 12.3 -9999 1.2 0.0
C0G650 1997021608 13.0 -9999 0.0 0.0
C0G650 1997021609 14.0 -9999 0.9 0.0
C0G650 1997021610 15.8 -9999 0.3 0.0
C0G650 1997021611 16.7 -9999 0.1 0.0
C0G650 1997021612 18.0 -9999 0.8 0.0
C0G650 1997021613 19.2 -9999 0.7 0.0
C0G650 1997021614 19.2 -9999 1.0 0.0
C0G650 1997021615 17.7 -9999 1.8 0.0
C0G650 1997021616 17.4 -9999 1.2 0.0
C0G650 1997021617 16.6 -9999 0.5 0.0
C0G650 1997021618 15.6 -9999 0.2 0.0
C0G650 1997021619 14.9 -9999 1.0 0.0
C0G650 1997021620 14.5 -9999 0.7 0.0
C0G650 1997021621 14.1 -9999 0.3 0.0
C0G650 1997021622 13.7 -9999 0.3 0.0
C0G650 1997021623 13.7 -9999 0.1 0.0
C0G650 1997021624 13.5 -9999 0.1 0.0
C0G650 1997021701 13.2 -9999 0.4 0.0
C0G650 1997021702 13.1 -9999 0.5 0.0
C0G650 1997021703 12.9 -9999 0.2 0.0
C0G650 1997021704 12.8 -9999 0.2 0.0
C0G650 1997021705 12.5 -9999 0.1 0.0
C0G650 1997021706 12.8 -9999 0.9 0.0
C0G650 1997021707 12.8 -9999 0.6 0.0
C0G650 1997021708 13.4 -9999 0.4 0.0
C0G650 1997021709 14.4 -9999 0.2 0.0
C0G650 1997021710 14.6 -9999 0.1 0.0
C0G650 1997021711 15.7 -9999 0.2 0.0
C0G650 1997021712 15.2 -9999 1.5 0.0
C0G650 1997021713 15.7 -9999 1.1 0.0
C0G650 1997021714 14.9 -9999 0.7 0.0
C0G650 1997021715 14.7 -9999 1.2 0.0
C0G650 1997021716 14.8 -9999 0.3 0.0
C0G650 1997021717 14.7 -9999 0.7 0.0
C0G650 1997021718 14.2 -9999 0.7 0.0
C0G650 1997021719 13.5 -9999 1.4 0.0
C0G650 1997021720 13.0 -9999 0.9 0.0
C0G650 1997021721 13.0 -9999 0.8 0.0
C0G650 1997021722 12.8 -9999 0.9 0.0
C0G650 1997021723 12.7 -9999 0.6 0.0
C0G650 1997021724 12.5 -9999 1.1 0.0
C0G650 1997021801 12.5 -9999 0.1 -9996
C0G650 1997021802 11.5 -9999 0.9 1.0
C0G650 1997021803 11.3 -9999 0.7 0.5
C0G650 1997021804 11.1 -9999 0.5 0.5
C0G650 1997021805 10.9 -9999 0.2 1.5
C0G650 1997021806 11.1 -9999 0.2 0.0
C0G650 1997021807 11.3 -9999 0.5 0.0
C0G650 1997021808 11.7 -9999 0.3 0.0
C0G650 1997021809 12.7 -9999 0.7 0.0
C0G650 1997021810 13.8 -9999 0.9 0.0
C0G650 1997021811 15.4 -9999 1.1 0.0
C0G650 1997021812 16.4 -9999 0.9 0.0
C0G650 1997021813 15.2 -9999 2.0 0.0
C0G650 1997021814 16.0 -9999 1.6 0.0
C0G650 1997021815 16.3 -9999 2.0 0.0
C0G650 1997021816 16.3 -9999 1.2 0.0
C0G650 1997021817 15.3 -9999 1.8 0.0
C0G650 1997021818 -9997 -9999 1.1 0.0
C0G650 1997021819 13.2 -9999 0.6 0.0
C0G650 1997021820 13.2 -9999 0.6 0.0
C0G650 1997021821 13.0 -9999 0.0 0.0
C0G650 1997021822 12.9 -9999 1.5 0.0
C0G650 1997021823 12.8 -9999 0.2 0.0
C0G650 1997021824 13.0 -9999 0.2 0.0
C0G650 1997021901 13.0 -9999 0.0 0.0
C0G650 1997021902 13.0 -9999 0.0 0.0
C0G650 1997021903 13.1 -9999 0.1 0.0
C0G650 1997021904 12.9 -9999 0.0 0.0
C0G650 1997021905 12.5 -9999 0.2 0.0
C0G650 1997021906 12.9 -9999 0.0 0.0
C0G650 1997021907 13.1 -9999 0.6 0.0
C0G650 1997021908 13.5 -9999 0.7 0.0
C0G650 1997021909 14.4 -9999 0.0 0.0
C0G650 1997021910 16.0 -9999 0.0 0.0
C0G650 1997021911 17.7 -9999 0.0 0.0
C0G650 1997021912 19.6 -9999 0.2 0.0
C0G650 1997021913 21.7 -9999 0.6 0.0
C0G650 1997021914 21.5 -9999 1.2 0.0
C0G650 1997021915 20.1 -9999 0.7 0.0
C0G650 1997021916 19.3 -9999 1.9 0.0
C0G650 1997021917 18.8 -9999 0.6 0.0
C0G650 1997021918 18.3 -9999 0.6 0.0
C0G650 1997021919 17.1 -9999 0.0 0.0
C0G650 1997021920 16.2 -9999 0.0 0.0
C0G650 1997021921 15.4 -9999 0.0 0.0
C0G650 1997021922 14.8 -9999 0.0 0.0
C0G650 1997021923 14.6 -9999 -9997 0.0
C0G650 1997021924 14.3 -9999 0.0 0.0
C0G650 1997022001 13.9 -9999 0.0 0.0
C0G650 1997022002 13.4 -9999 0.0 0.0
C0G650 1997022003 13.0 -9999 0.0 0.0
C0G650 1997022004 12.8 -9999 0.0 0.0
C0G650 1997022005 13.0 -9999 0.0 0.0
C0G650 1997022006 12.8 -9999 0.0 0.0
C0G650 1997022007 12.9 -9999 0.0 0.0
C0G650 1997022008 13.7 -9999 0.5 0.0
C0G650 1997022009 15.4 -9999 0.0 0.0
C0G650 1997022010 18.0 -9999 0.1 0.0
C0G650 1997022011 20.0 -9999 0.5 0.0
C0G650 1997022012 20.6 -9999 1.3 0.0
C0G650 1997022013 20.8 -9999 0.4 0.0
C0G650 1997022014 20.4 -9999 0.5 0.0
C0G650 1997022015 20.5 -9999 0.2 0.0
C0G650 1997022016 19.0 -9999 0.5 0.0
C0G650 1997022017 17.5 -9999 1.0 0.0
C0G650 1997022018 17.1 -9999 0.5 0.0
C0G650 1997022019 17.0 -9999 0.3 0.0
C0G650 1997022020 16.5 -9999 0.2 0.0
C0G650 1997022021 16.1 -9999 0.2 0.0
C0G650 1997022022 16.2 -9999 0.1 0.0
C0G650 1997022023 16.1 -9999 0.0 0.0
C0G650 1997022024 15.9 -9999 0.0 0.0
C0G650 1997022101 15.4 -9999 0.0 0.0
C0G650 1997022102 15.0 -9999 0.1 0.0
C0G650 1997022103 14.4 -9999 0.0 0.0
C0G650 1997022104 13.3 -9999 0.0 0.0
C0G650 1997022105 13.7 -9999 0.1 0.0
C0G650 1997022106 14.2 -9999 0.4 0.0
C0G650 1997022107 13.7 -9999 0.0 0.0
C0G650 1997022108 14.9 -9999 0.1 0.0
C0G650 1997022109 17.3 -9999 0.1 0.0
C0G650 1997022110 19.4 -9999 0.1 0.0
C0G650 1997022111 21.4 -9999 0.2 0.0
C0G650 1997022112 22.2 -9999 0.3 0.0
C0G650 1997022113 22.9 -9999 1.1 0.0
C0G650 1997022114 21.5 -9999 2.0 0.0
C0G650 1997022115 22.6 -9999 0.5 0.0
C0G650 1997022116 21.3 -9999 0.8 0.0
C0G650 1997022117 20.3 -9999 0.7 0.0
C0G650 1997022118 18.7 -9999 0.2 0.0
C0G650 1997022119 17.7 -9999 -9997 0.0
C0G650 1997022120 17.1 -9999 0.3 0.0
C0G650 1997022121 16.7 -9999 0.1 0.0
C0G650 1997022122 16.3 -9999 0.0 0.0
C0G650 1997022123 15.7 -9999 0.0 0.0
C0G650 1997022124 15.1 -9999 0.0 0.0
C0G650 1997022201 14.9 -9999 0.0 0.0
C0G650 1997022202 14.7 -9999 0.0 0.0
C0G650 1997022203 14.1 -9999 0.0 0.0
C0G650 1997022204 13.5 -9999 0.0 0.0
C0G650 1997022205 14.1 -9999 0.0 0.0
C0G650 1997022206 14.4 -9999 0.1 0.0
C0G650 1997022207 12.9 -9999 0.0 0.0
C0G650 1997022208 14.0 -9999 0.0 0.0
C0G650 1997022209 16.0 -9999 0.2 0.0
C0G650 1997022210 18.6 -9999 0.0 0.0
C0G650 1997022211 21.4 -9999 0.4 0.0
C0G650 1997022212 21.9 -9999 0.4 0.0
C0G650 1997022213 23.0 -9999 0.9 0.0
C0G650 1997022214 22.4 -9999 0.8 0.0
C0G650 1997022215 23.0 -9999 0.9 0.0
C0G650 1997022216 23.0 -9999 0.3 0.0
C0G650 1997022217 19.7 -9999 0.4 0.0
C0G650 1997022218 18.1 -9999 0.2 0.0
C0G650 1997022219 17.1 -9999 0.1 0.0
C0G650 1997022220 16.3 -9999 0.1 0.0
C0G650 1997022221 15.8 -9999 0.4 0.0
C0G650 1997022222 15.4 -9999 0.0 0.0
C0G650 1997022223 14.4 -9999 0.0 0.0
C0G650 1997022224 13.9 -9999 0.0 0.0
C0G650 1997022301 13.2 -9999 0.0 0.0
C0G650 1997022302 13.6 -9999 0.0 0.0
C0G650 1997022303 14.1 -9999 0.1 0.0
C0G650 1997022304 12.5 -9999 0.0 0.0
C0G650 1997022305 12.3 -9999 0.0 0.0
C0G650 1997022306 13.1 -9999 0.1 0.0
C0G650 1997022307 12.4 -9999 0.0 0.0
C0G650 1997022308 13.6 -9999 0.0 0.0
C0G650 1997022309 16.0 -9999 0.0 0.0
C0G650 1997022310 18.9 -9999 0.3 0.0
C0G650 1997022311 21.2 -9999 0.4 0.0
C0G650 1997022312 23.9 -9999 0.2 0.0
C0G650 1997022313 24.5 -9999 0.2 0.0
C0G650 1997022314 24.2 -9999 0.8 0.0
C0G650 1997022315 22.9 -9999 0.9 0.0
C0G650 1997022316 22.0 -9999 0.7 0.0
C0G650 1997022317 21.3 -9999 0.2 0.0
C0G650 1997022318 19.2 -9999 0.3 0.0
C0G650 1997022319 17.9 -9999 0.0 0.0
C0G650 1997022320 17.0 -9999 0.0 0.0
C0G650 1997022321 16.4 -9999 0.0 0.0
C0G650 1997022322 15.8 -9999 0.0 0.0
C0G650 1997022323 15.3 -9999 0.0 0.0
C0G650 1997022324 14.6 -9999 0.0 0.0
C0G650 1997022401 14.6 -9999 0.0 0.0
C0G650 1997022402 15.2 -9999 1.0 0.0
C0G650 1997022403 15.1 -9999 0.1 0.0
C0G650 1997022404 15.1 -9999 0.1 0.0
C0G650 1997022405 15.0 -9999 0.1 0.0
C0G650 1997022406 15.1 -9999 0.1 0.0
C0G650 1997022407 15.0 -9999 0.0 0.0
C0G650 1997022408 15.5 -9999 0.3 0.0
C0G650 1997022409 16.5 -9999 0.4 0.0
C0G650 1997022410 18.4 -9999 0.2 0.0
C0G650 1997022411 20.8 -9999 0.6 0.0
C0G650 1997022412 22.8 -9999 0.8 0.0
C0G650 1997022413 23.7 -9999 1.1 0.0
C0G650 1997022414 23.6 -9999 0.3 0.0
C0G650 1997022415 22.8 -9999 0.4 0.0
C0G650 1997022416 21.7 -9999 0.2 0.0
C0G650 1997022417 20.6 -9999 0.6 0.0
C0G650 1997022418 19.4 -9999 0.0 0.0
C0G650 1997022419 17.6 -9999 0.1 0.0
C0G650 1997022420 16.6 -9999 0.0 0.0
C0G650 1997022421 16.0 -9999 0.0 0.0
C0G650 1997022422 15.4 -9999 0.0 0.0
C0G650 1997022423 15.4 -9999 0.0 0.0
C0G650 1997022424 14.9 -9999 0.0 0.0
C0G650 1997022501 14.1 -9999 0.2 0.0
C0G650 1997022502 13.9 -9999 0.0 0.0
C0G650 1997022503 14.1 -9999 0.0 0.0
C0G650 1997022504 14.1 -9999 0.1 0.0
C0G650 1997022505 14.1 -9999 0.0 0.0
C0G650 1997022506 13.8 -9999 0.0 0.0
C0G650 1997022507 14.0 -9999 0.0 0.0
C0G650 1997022508 14.4 -9999 0.0 0.0
C0G650 1997022509 14.9 -9999 0.1 0.0
C0G650 1997022510 17.9 -9999 0.0 0.0
C0G650 1997022511 22.1 -9999 0.0 0.0
C0G650 1997022512 24.4 -9999 0.2 0.0
C0G650 1997022513 25.5 -9999 0.3 0.0
C0G650 1997022514 25.4 -9999 1.5 0.0
C0G650 1997022515 24.2 -9999 0.7 0.0
C0G650 1997022516 23.6 -9999 0.6 0.0
C0G650 1997022517 23.4 -9999 0.1 0.0
C0G650 1997022518 21.1 -9999 0.0 0.0
C0G650 1997022519 19.3 -9999 -9997 0.0
C0G650 1997022520 18.3 -9999 -9997 0.0
C0G650 1997022521 17.5 -9999 -9997 0.0
C0G650 1997022522 16.6 -9999 0.0 0.0
C0G650 1997022523 17.1 -9999 0.0 0.0
C0G650 1997022524 16.2 -9999 0.0 0.0
C0G650 1997022601 15.7 -9999 0.0 0.0
C0G650 1997022602 15.5 -9999 0.0 0.0
C0G650 1997022603 14.3 -9999 0.0 0.0
C0G650 1997022604 14.1 -9999 0.0 0.0
C0G650 1997022605 14.3 -9999 0.0 0.0
C0G650 1997022606 14.5 -9999 0.4 0.0
C0G650 1997022607 -9997 -9999 -9997 0.0
C0G650 1997022608 15.5 -9999 0.3 0.0
C0G650 1997022609 17.3 -9999 0.0 0.0
C0G650 1997022610 20.1 -9999 -9997 0.0
C0G650 1997022611 22.7 -9999 0.4 0.0
C0G650 1997022612 24.2 -9999 0.4 0.0
C0G650 1997022613 25.5 -9999 0.5 0.0
C0G650 1997022614 25.9 -9999 0.7 0.0
C0G650 1997022615 25.0 -9999 0.4 0.0
C0G650 1997022616 22.9 -9999 0.8 0.0
C0G650 1997022617 21.9 -9999 0.7 0.0
C0G650 1997022618 19.3 -9999 0.3 0.0
C0G650 1997022619 18.5 -9999 0.0 0.0
C0G650 1997022620 17.9 -9999 0.3 0.0
C0G650 1997022621 17.3 -9999 0.0 0.0
C0G650 1997022622 17.0 -9999 0.0 0.0
C0G650 1997022623 16.0 -9999 0.0 0.0
C0G650 1997022624 16.2 -9999 0.0 0.0
C0G650 1997022701 16.3 -9999 0.0 0.0
C0G650 1997022702 16.2 -9999 0.0 0.0
C0G650 1997022703 16.1 -9999 0.2 0.0
C0G650 1997022704 15.6 -9999 0.0 0.0
C0G650 1997022705 15.3 -9999 0.0 0.0
C0G650 1997022706 15.2 -9999 0.0 0.0
C0G650 1997022707 15.7 -9999 0.0 0.0
C0G650 1997022708 15.4 -9999 0.0 0.0
C0G650 1997022709 16.5 -9999 0.0 0.0
C0G650 1997022710 18.6 -9999 0.2 0.0
C0G650 1997022711 21.5 -9999 0.5 0.0
C0G650 1997022712 24.8 -9999 0.6 0.0
C0G650 1997022713 25.3 -9999 0.5 0.0
C0G650 1997022714 25.4 -9999 0.6 0.0
C0G650 1997022715 26.2 -9999 0.6 0.0
C0G650 1997022716 24.9 -9999 0.1 0.0
C0G650 1997022717 23.4 -9999 0.2 0.0
C0G650 1997022718 21.8 -9999 0.2 0.0
C0G650 1997022719 20.3 -9999 0.1 0.0
C0G650 1997022720 19.7 -9999 0.0 0.0
C0G650 1997022721 19.4 -9999 0.0 0.0
C0G650 1997022722 19.2 -9999 0.0 0.0
C0G650 1997022723 19.2 -9999 0.0 0.0
C0G650 1997022724 19.0 -9999 0.0 0.0
C0G650 1997022801 19.1 -9999 0.0 0.0
C0G650 1997022802 19.0 -9999 0.0 0.0
C0G650 1997022803 18.9 -9999 0.0 0.0
C0G650 1997022804 18.7 -9999 0.1 0.0
C0G650 1997022805 18.4 -9999 0.0 0.0
C0G650 1997022806 18.1 -9999 0.0 0.0
C0G650 1997022807 19.2 -9999 0.0 0.0
C0G650 1997022808 19.9 -9999 0.2 0.0
C0G650 1997022809 20.2 -9999 0.0 0.0
C0G650 1997022810 22.1 -9999 0.2 0.0
C0G650 1997022811 23.5 -9999 0.7 0.0
C0G650 1997022812 24.4 -9999 0.0 0.0
C0G650 1997022813 25.3 -9999 0.5 0.0
C0G650 1997022814 25.8 -9999 0.9 0.0
C0G650 1997022815 25.4 -9999 0.6 0.0
C0G650 1997022816 25.3 -9999 0.0 0.0
C0G650 1997022817 24.4 -9999 0.4 0.0
C0G650 1997022818 22.7 -9999 0.0 0.0
C0G650 1997022819 21.2 -9999 0.0 0.0
C0G650 1997022820 20.0 -9999 0.0 0.0
C0G650 1997022821 18.8 -9999 0.0 0.0
C0G650 1997022822 17.5 -9999 0.0 0.0
C0G650 1997022823 16.8 -9999 0.0 0.0
C0G650 1997022824 17.9 -9999 0.1 0.0
C0G660 1997020101 -9999 -9999 -9999 0.0
C0G660 1997020102 -9999 -9999 -9999 0.0
C0G660 1997020103 -9999 -9999 -9999 0.0
C0G660 1997020104 -9999 -9999 -9999 0.0
C0G660 1997020105 -9999 -9999 -9999 0.0
C0G660 1997020106 -9999 -9999 -9999 0.0
C0G660 1997020107 -9999 -9999 -9999 0.0
C0G660 1997020108 -9999 -9999 -9999 0.0
C0G660 1997020109 -9999 -9999 -9999 0.0
C0G660 1997020110 -9999 -9999 -9999 0.0
C0G660 1997020111 -9999 -9999 -9999 0.0
C0G660 1997020112 -9999 -9999 -9999 0.0
C0G660 1997020113 -9999 -9999 -9999 0.0
C0G660 1997020114 -9999 -9999 -9999 0.0
C0G660 1997020115 -9999 -9999 -9999 0.0
C0G660 1997020116 -9999 -9999 -9999 0.0
C0G660 1997020117 -9999 -9999 -9999 0.0
C0G660 1997020118 -9999 -9999 -9999 -9996
C0G660 1997020119 -9999 -9999 -9999 -9996
C0G660 1997020120 -9999 -9999 -9999 -9996
C0G660 1997020121 -9999 -9999 -9999 -9996
C0G660 1997020122 -9999 -9999 -9999 0.5
C0G660 1997020123 -9999 -9999 -9999 1.0
C0G660 1997020124 -9999 -9999 -9999 0.5
C0G660 1997020201 -9999 -9999 -9999 0.5
C0G660 1997020202 -9999 -9999 -9999 0.0
C0G660 1997020203 -9999 -9999 -9999 0.0
C0G660 1997020204 -9999 -9999 -9999 0.0
C0G660 1997020205 -9999 -9999 -9999 0.0
C0G660 1997020206 -9999 -9999 -9999 0.0
C0G660 1997020207 -9999 -9999 -9999 0.0
C0G660 1997020208 -9999 -9999 -9999 0.0
C0G660 1997020209 -9999 -9999 -9999 0.0
C0G660 1997020210 -9999 -9999 -9999 0.0
C0G660 1997020211 -9999 -9999 -9999 0.0
C0G660 1997020212 -9999 -9999 -9999 0.0
C0G660 1997020213 -9999 -9999 -9999 0.0
C0G660 1997020214 -9999 -9999 -9999 0.0
C0G660 1997020215 -9999 -9999 -9999 0.0
C0G660 1997020216 -9999 -9999 -9999 0.0
C0G660 1997020217 -9999 -9999 -9999 0.0
C0G660 1997020218 -9999 -9999 -9999 0.0
C0G660 1997020219 -9999 -9999 -9999 0.0
C0G660 1997020220 -9999 -9999 -9999 -9996
C0G660 1997020221 -9999 -9999 -9999 0.5
C0G660 1997020222 -9999 -9999 -9999 -9996
C0G660 1997020223 -9999 -9999 -9999 -9996
C0G660 1997020224 -9999 -9999 -9999 0.5
C0G660 1997020301 -9999 -9999 -9999 -9996
C0G660 1997020302 -9999 -9999 -9999 1.0
C0G660 1997020303 -9999 -9999 -9999 -9996
C0G660 1997020304 -9999 -9999 -9999 -9996
C0G660 1997020305 -9999 -9999 -9999 1.5
C0G660 1997020306 -9999 -9999 -9999 2.0
C0G660 1997020307 -9999 -9999 -9999 2.0
C0G660 1997020308 -9999 -9999 -9999 0.5
C0G660 1997020309 -9999 -9999 -9999 0.5
C0G660 1997020310 -9999 -9999 -9999 2.0
C0G660 1997020311 -9999 -9999 -9999 -9996
C0G660 1997020312 -9999 -9999 -9999 0.5
C0G660 1997020313 -9999 -9999 -9999 -9996
C0G660 1997020314 -9999 -9999 -9999 -9996
C0G660 1997020315 -9999 -9999 -9999 0.5
C0G660 1997020316 -9999 -9999 -9999 -9996
C0G660 1997020317 -9999 -9999 -9999 -9996
C0G660 1997020318 -9999 -9999 -9999 -9996
C0G660 1997020319 -9999 -9999 -9999 0.5
C0G660 1997020320 -9999 -9999 -9999 -9996
C0G660 1997020321 -9999 -9999 -9999 0.5
C0G660 1997020322 -9999 -9999 -9999 1.0
C0G660 1997020323 -9999 -9999 -9999 1.0
C0G660 1997020324 -9999 -9999 -9999 0.5
C0G660 1997020401 -9999 -9999 -9999 1.0
C0G660 1997020402 -9999 -9999 -9999 3.5
C0G660 1997020403 -9999 -9999 -9999 2.5
C0G660 1997020404 -9999 -9999 -9999 2.0
C0G660 1997020405 -9999 -9999 -9999 2.0
C0G660 1997020406 -9999 -9999 -9999 2.0
C0G660 1997020407 -9999 -9999 -9999 -9996
C0G660 1997020408 -9999 -9999 -9999 -9996
C0G660 1997020409 -9999 -9999 -9999 0.5
C0G660 1997020410 -9999 -9999 -9999 0.0
C0G660 1997020411 -9999 -9999 -9999 0.0
C0G660 1997020412 -9999 -9999 -9999 0.0
C0G660 1997020413 -9999 -9999 -9999 0.0
C0G660 1997020414 -9999 -9999 -9999 0.0
C0G660 1997020415 -9999 -9999 -9999 0.0
C0G660 1997020416 -9999 -9999 -9999 0.0
C0G660 1997020417 -9999 -9999 -9999 0.0
C0G660 1997020418 -9999 -9999 -9999 0.0
C0G660 1997020419 -9999 -9999 -9999 0.0
C0G660 1997020420 -9999 -9999 -9999 0.0
C0G660 1997020421 -9999 -9999 -9999 0.0
C0G660 1997020422 -9999 -9999 -9999 0.0
C0G660 1997020423 -9999 -9999 -9999 0.0
C0G660 1997020424 -9999 -9999 -9999 0.0
C0G660 1997020501 -9999 -9999 -9999 0.0
C0G660 1997020502 -9999 -9999 -9999 0.0
C0G660 1997020503 -9999 -9999 -9999 0.0
C0G660 1997020504 -9999 -9999 -9999 0.0
C0G660 1997020505 -9999 -9999 -9999 0.0
C0G660 1997020506 -9999 -9999 -9999 0.0
C0G660 1997020507 -9999 -9999 -9999 0.0
C0G660 1997020508 -9999 -9999 -9999 0.0
C0G660 1997020509 -9999 -9999 -9999 0.0
C0G660 1997020510 -9999 -9999 -9999 0.0
C0G660 1997020511 -9999 -9999 -9999 0.0
C0G660 1997020512 -9999 -9999 -9999 0.0
C0G660 1997020513 -9999 -9999 -9999 0.0
C0G660 1997020514 -9999 -9999 -9999 0.0
C0G660 1997020515 -9999 -9999 -9999 0.0
C0G660 1997020516 -9999 -9999 -9999 0.0
C0G660 1997020517 -9999 -9999 -9999 0.0
C0G660 1997020518 -9999 -9999 -9999 0.0
C0G660 1997020519 -9999 -9999 -9999 0.0
C0G660 1997020520 -9999 -9999 -9999 0.0
C0G660 1997020521 -9999 -9999 -9999 0.0
C0G660 1997020522 -9999 -9999 -9999 0.0
C0G660 1997020523 -9999 -9999 -9999 0.0
C0G660 1997020524 -9999 -9999 -9999 0.0
C0G660 1997020601 -9999 -9999 -9999 0.0
C0G660 1997020602 -9999 -9999 -9999 0.0
C0G660 1997020603 -9999 -9999 -9999 0.0
C0G660 1997020604 -9999 -9999 -9999 0.0
C0G660 1997020605 -9999 -9999 -9999 0.0
C0G660 1997020606 -9999 -9999 -9999 0.0
C0G660 1997020607 -9999 -9999 -9999 0.0
C0G660 1997020608 -9999 -9999 -9999 0.0
C0G660 1997020609 -9999 -9999 -9999 0.0
C0G660 1997020610 -9999 -9999 -9999 0.0
C0G660 1997020611 -9999 -9999 -9999 0.0
C0G660 1997020612 -9999 -9999 -9999 0.0
C0G660 1997020613 -9999 -9999 -9999 0.0
C0G660 1997020614 -9999 -9999 -9999 0.0
C0G660 1997020615 -9999 -9999 -9999 0.0
C0G660 1997020616 -9999 -9999 -9999 0.0
C0G660 1997020617 -9999 -9999 -9999 0.0
C0G660 1997020618 -9999 -9999 -9999 0.5
C0G660 1997020619 -9999 -9999 -9999 0.0
C0G660 1997020620 -9999 -9999 -9999 0.0
C0G660 1997020621 -9999 -9999 -9999 0.0
C0G660 1997020622 -9999 -9999 -9999 0.0
C0G660 1997020623 -9999 -9999 -9999 0.0
C0G660 1997020624 -9999 -9999 -9999 0.0
C0G660 1997020701 -9999 -9999 -9999 0.0
C0G660 1997020702 -9999 -9999 -9999 0.0
C0G660 1997020703 -9999 -9999 -9999 0.0
C0G660 1997020704 -9999 -9999 -9999 0.0
C0G660 1997020705 -9999 -9999 -9999 0.0
C0G660 1997020706 -9999 -9999 -9999 0.0
C0G660 1997020707 -9999 -9999 -9999 0.0
C0G660 1997020708 -9999 -9999 -9999 0.5
C0G660 1997020709 -9999 -9999 -9999 0.5
C0G660 1997020710 -9999 -9999 -9999 1.0
C0G660 1997020711 -9999 -9999 -9999 1.0
C0G660 1997020712 -9999 -9999 -9999 -9996
C0G660 1997020713 -9999 -9999 -9999 1.0
C0G660 1997020714 -9999 -9999 -9999 2.5
C0G660 1997020715 -9999 -9999 -9999 1.0
C0G660 1997020716 -9999 -9999 -9999 1.0
C0G660 1997020717 -9999 -9999 -9999 0.0
C0G660 1997020718 -9999 -9999 -9999 0.0
C0G660 1997020719 -9999 -9999 -9999 0.0
C0G660 1997020720 -9999 -9999 -9999 0.0
C0G660 1997020721 -9999 -9999 -9999 0.0
C0G660 1997020722 -9999 -9999 -9999 0.0
C0G660 1997020723 -9999 -9999 -9999 0.0
C0G660 1997020724 -9999 -9999 -9999 0.0
C0G660 1997020801 -9999 -9999 -9999 0.0
C0G660 1997020802 -9999 -9999 -9999 0.0
C0G660 1997020803 -9999 -9999 -9999 0.0
C0G660 1997020804 -9999 -9999 -9999 0.0
C0G660 1997020805 -9999 -9999 -9999 -9996
C0G660 1997020806 -9999 -9999 -9999 -9996
C0G660 1997020807 -9999 -9999 -9999 -9996
C0G660 1997020808 -9999 -9999 -9999 0.5
C0G660 1997020809 -9999 -9999 -9999 -9996
C0G660 1997020810 -9999 -9999 -9999 -9996
C0G660 1997020811 -9999 -9999 -9999 -9996
C0G660 1997020812 -9999 -9999 -9999 1.0
C0G660 1997020813 -9999 -9999 -9999 0.5
C0G660 1997020814 -9999 -9999 -9999 1.0
C0G660 1997020815 -9999 -9999 -9999 0.5
C0G660 1997020816 -9999 -9999 -9999 -9996
C0G660 1997020817 -9999 -9999 -9999 0.5
C0G660 1997020818 -9999 -9999 -9999 -9996
C0G660 1997020819 -9999 -9999 -9999 -9996
C0G660 1997020820 -9999 -9999 -9999 -9996
C0G660 1997020821 -9999 -9999 -9999 -9996
C0G660 1997020822 -9999 -9999 -9999 -9996
C0G660 1997020823 -9999 -9999 -9999 0.5
C0G660 1997020824 -9999 -9999 -9999 0.0
C0G660 1997020901 -9999 -9999 -9999 0.0
C0G660 1997020902 -9999 -9999 -9999 0.0
C0G660 1997020903 -9999 -9999 -9999 0.0
C0G660 1997020904 -9999 -9999 -9999 0.0
C0G660 1997020905 -9999 -9999 -9999 0.0
C0G660 1997020906 -9999 -9999 -9999 -9996
C0G660 1997020907 -9999 -9999 -9999 -9996
C0G660 1997020908 -9999 -9999 -9999 -9996
C0G660 1997020909 -9999 -9999 -9999 0.5
C0G660 1997020910 -9999 -9999 -9999 0.0
C0G660 1997020911 -9999 -9999 -9999 0.0
C0G660 1997020912 -9999 -9999 -9999 0.0
C0G660 1997020913 -9999 -9999 -9999 0.0
C0G660 1997020914 -9999 -9999 -9999 0.0
C0G660 1997020915 -9999 -9999 -9999 0.0
C0G660 1997020916 -9999 -9999 -9999 0.0
C0G660 1997020917 -9999 -9999 -9999 0.0
C0G660 1997020918 -9999 -9999 -9999 0.0
C0G660 1997020919 -9999 -9999 -9999 0.0
C0G660 1997020920 -9999 -9999 -9999 0.0
C0G660 1997020921 -9999 -9999 -9999 0.0
C0G660 1997020922 -9999 -9999 -9999 0.0
C0G660 1997020923 -9999 -9999 -9999 0.0
C0G660 1997020924 -9999 -9999 -9999 0.0
C0G660 1997021001 -9999 -9999 -9999 0.0
C0G660 1997021002 -9999 -9999 -9999 0.0
C0G660 1997021003 -9999 -9999 -9999 0.0
C0G660 1997021004 -9999 -9999 -9999 0.0
C0G660 1997021005 -9999 -9999 -9999 0.0
C0G660 1997021006 -9999 -9999 -9999 0.0
C0G660 1997021007 -9999 -9999 -9999 0.0
C0G660 1997021008 -9999 -9999 -9999 0.0
C0G660 1997021009 -9999 -9999 -9999 0.0
C0G660 1997021010 -9999 -9999 -9999 0.0
C0G660 1997021011 -9999 -9999 -9999 0.0
C0G660 1997021012 -9999 -9999 -9999 0.0
C0G660 1997021013 -9999 -9999 -9999 0.0
C0G660 1997021014 -9999 -9999 -9999 0.0
C0G660 1997021015 -9999 -9999 -9999 0.0
C0G660 1997021016 -9999 -9999 -9999 0.0
C0G660 1997021017 -9999 -9999 -9999 0.0
C0G660 1997021018 -9999 -9999 -9999 0.0
C0G660 1997021019 -9999 -9999 -9999 0.0
C0G660 1997021020 -9999 -9999 -9999 0.0
C0G660 1997021021 -9999 -9999 -9999 0.0
C0G660 1997021022 -9999 -9999 -9999 0.0
C0G660 1997021023 -9999 -9999 -9999 0.0
C0G660 1997021024 -9999 -9999 -9999 0.0
C0G660 1997021101 -9999 -9999 -9999 0.0
C0G660 1997021102 -9999 -9999 -9999 0.0
C0G660 1997021103 -9999 -9999 -9999 0.0
C0G660 1997021104 -9999 -9999 -9999 0.0
C0G660 1997021105 -9999 -9999 -9999 0.0
C0G660 1997021106 -9999 -9999 -9999 0.0
C0G660 1997021107 -9999 -9999 -9999 0.0
C0G660 1997021108 -9999 -9999 -9999 0.0
C0G660 1997021109 -9999 -9999 -9999 0.0
C0G660 1997021110 -9999 -9999 -9999 0.0
C0G660 1997021111 -9999 -9999 -9999 0.0
C0G660 1997021112 -9999 -9999 -9999 0.0
C0G660 1997021113 -9999 -9999 -9999 0.0
C0G660 1997021114 -9999 -9999 -9999 0.0
C0G660 1997021115 -9999 -9999 -9999 0.0
C0G660 1997021116 -9999 -9999 -9999 0.0
C0G660 1997021117 -9999 -9999 -9999 0.0
C0G660 1997021118 -9999 -9999 -9999 0.0
C0G660 1997021119 -9999 -9999 -9999 0.0
C0G660 1997021120 -9999 -9999 -9999 0.0
C0G660 1997021121 -9999 -9999 -9999 0.0
C0G660 1997021122 -9999 -9999 -9999 0.0
C0G660 1997021123 -9999 -9999 -9999 0.0
C0G660 1997021124 -9999 -9999 -9999 0.0
C0G660 1997021201 -9999 -9999 -9999 0.0
C0G660 1997021202 -9999 -9999 -9999 0.0
C0G660 1997021203 -9999 -9999 -9999 0.0
C0G660 1997021204 -9999 -9999 -9999 0.0
C0G660 1997021205 -9999 -9999 -9999 0.0
C0G660 1997021206 -9999 -9999 -9999 0.0
C0G660 1997021207 -9999 -9999 -9999 0.0
C0G660 1997021208 -9999 -9999 -9999 0.0
C0G660 1997021209 -9999 -9999 -9999 0.0
C0G660 1997021210 -9999 -9999 -9999 0.0
C0G660 1997021211 -9999 -9999 -9999 0.0
C0G660 1997021212 -9999 -9999 -9999 0.0
C0G660 1997021213 -9999 -9999 -9999 0.0
C0G660 1997021214 -9999 -9999 -9999 0.0
C0G660 1997021215 -9999 -9999 -9999 0.0
C0G660 1997021216 -9999 -9999 -9999 0.0
C0G660 1997021217 -9999 -9999 -9999 0.0
C0G660 1997021218 -9999 -9999 -9999 0.0
C0G660 1997021219 -9999 -9999 -9999 -9996
C0G660 1997021220 -9999 -9999 -9999 -9996
C0G660 1997021221 -9999 -9999 -9999 -9996
C0G660 1997021222 -9999 -9999 -9999 -9996
C0G660 1997021223 -9999 -9999 -9999 -9996
C0G660 1997021224 -9999 -9999 -9999 -9996
C0G660 1997021301 -9999 -9999 -9999 0.0
C0G660 1997021302 -9999 -9999 -9999 0.0
C0G660 1997021303 -9999 -9999 -9999 0.0
C0G660 1997021304 -9999 -9999 -9999 0.0
C0G660 1997021305 -9999 -9999 -9999 0.0
C0G660 1997021306 -9999 -9999 -9999 0.0
C0G660 1997021307 -9999 -9999 -9999 0.0
C0G660 1997021308 -9999 -9999 -9999 0.0
C0G660 1997021309 -9999 -9999 -9999 0.0
C0G660 1997021310 -9999 -9999 -9999 0.0
C0G660 1997021311 -9999 -9999 -9999 0.0
C0G660 1997021312 -9999 -9999 -9999 0.0
C0G660 1997021313 -9999 -9999 -9999 0.0
C0G660 1997021314 -9999 -9999 -9999 0.0
C0G660 1997021315 -9999 -9999 -9999 0.0
C0G660 1997021316 -9999 -9999 -9999 0.0
C0G660 1997021317 -9999 -9999 -9999 0.0
C0G660 1997021318 -9999 -9999 -9999 0.0
C0G660 1997021319 -9999 -9999 -9999 0.0
C0G660 1997021320 -9999 -9999 -9999 0.0
C0G660 1997021321 -9999 -9999 -9999 0.0
C0G660 1997021322 -9999 -9999 -9999 0.0
C0G660 1997021323 -9999 -9999 -9999 0.0
C0G660 1997021324 -9999 -9999 -9999 0.0
C0G660 1997021401 -9999 -9999 -9999 0.0
C0G660 1997021402 -9999 -9999 -9999 0.0
C0G660 1997021403 -9999 -9999 -9999 0.0
C0G660 1997021404 -9999 -9999 -9999 0.0
C0G660 1997021405 -9999 -9999 -9999 0.0
C0G660 1997021406 -9999 -9999 -9999 0.0
C0G660 1997021407 -9999 -9999 -9999 0.0
C0G660 1997021408 -9999 -9999 -9999 0.0
C0G660 1997021409 -9999 -9999 -9999 0.0
C0G660 1997021410 -9999 -9999 -9999 0.0
C0G660 1997021411 -9999 -9999 -9999 0.0
C0G660 1997021412 -9999 -9999 -9999 0.0
C0G660 1997021413 -9999 -9999 -9999 0.0
C0G660 1997021414 -9999 -9999 -9999 0.0
C0G660 1997021415 -9999 -9999 -9999 0.0
C0G660 1997021416 -9999 -9999 -9999 0.0
C0G660 1997021417 -9999 -9999 -9999 0.0
C0G660 1997021418 -9999 -9999 -9999 0.0
C0G660 1997021419 -9999 -9999 -9999 0.0
C0G660 1997021420 -9999 -9999 -9999 0.0
C0G660 1997021421 -9999 -9999 -9999 0.0
C0G660 1997021422 -9999 -9999 -9999 0.0
C0G660 1997021423 -9999 -9999 -9999 0.0
C0G660 1997021424 -9999 -9999 -9999 0.0
C0G660 1997021501 -9999 -9999 -9999 0.0
C0G660 1997021502 -9999 -9999 -9999 0.0
C0G660 1997021503 -9999 -9999 -9999 0.0
C0G660 1997021504 -9999 -9999 -9999 -9996
C0G660 1997021505 -9999 -9999 -9999 -9996
C0G660 1997021506 -9999 -9999 -9999 -9996
C0G660 1997021507 -9999 -9999 -9999 -9996
C0G660 1997021508 -9999 -9999 -9999 0.5
C0G660 1997021509 -9999 -9999 -9999 2.0
C0G660 1997021510 -9999 -9999 -9999 -9996
C0G660 1997021511 -9999 -9999 -9999 -9996
C0G660 1997021512 -9999 -9999 -9999 -9996
C0G660 1997021513 -9999 -9999 -9999 -9996
C0G660 1997021514 -9999 -9999 -9999 -9996
C0G660 1997021515 -9999 -9999 -9999 0.5
C0G660 1997021516 -9999 -9999 -9999 -9996
C0G660 1997021517 -9999 -9999 -9999 -9996
C0G660 1997021518 -9999 -9999 -9999 -9996
C0G660 1997021519 -9999 -9999 -9999 1.0
C0G660 1997021520 -9999 -9999 -9999 9.0
C0G660 1997021521 -9999 -9999 -9999 -9996
C0G660 1997021522 -9999 -9999 -9999 -9996
C0G660 1997021523 -9999 -9999 -9999 -9996
C0G660 1997021524 -9999 -9999 -9999 1.0
C0G660 1997021601 -9999 -9999 -9999 3.5
C0G660 1997021602 -9999 -9999 -9999 0.5
C0G660 1997021603 -9999 -9999 -9999 2.0
C0G660 1997021604 -9999 -9999 -9999 0.0
C0G660 1997021605 -9999 -9999 -9999 0.0
C0G660 1997021606 -9999 -9999 -9999 0.0
C0G660 1997021607 -9999 -9999 -9999 0.0
C0G660 1997021608 -9999 -9999 -9999 0.0
C0G660 1997021609 -9999 -9999 -9999 0.0
C0G660 1997021610 -9999 -9999 -9999 0.0
C0G660 1997021611 -9999 -9999 -9999 0.0
C0G660 1997021612 -9999 -9999 -9999 0.0
C0G660 1997021613 -9999 -9999 -9999 0.0
C0G660 1997021614 -9999 -9999 -9999 0.0
C0G660 1997021615 -9999 -9999 -9999 0.0
C0G660 1997021616 -9999 -9999 -9999 0.0
C0G660 1997021617 -9999 -9999 -9999 0.0
C0G660 1997021618 -9999 -9999 -9999 0.0
C0G660 1997021619 -9999 -9999 -9999 0.0
C0G660 1997021620 -9999 -9999 -9999 0.0
C0G660 1997021621 -9999 -9999 -9999 0.0
C0G660 1997021622 -9999 -9999 -9999 0.0
C0G660 1997021623 -9999 -9999 -9999 0.0
C0G660 1997021624 -9999 -9999 -9999 0.0
C0G660 1997021701 -9999 -9999 -9999 0.0
C0G660 1997021702 -9999 -9999 -9999 0.0
C0G660 1997021703 -9999 -9999 -9999 0.0
C0G660 1997021704 -9999 -9999 -9999 0.0
C0G660 1997021705 -9999 -9999 -9999 0.0
C0G660 1997021706 -9999 -9999 -9999 0.0
C0G660 1997021707 -9999 -9999 -9999 0.0
C0G660 1997021708 -9999 -9999 -9999 0.0
C0G660 1997021709 -9999 -9999 -9999 0.0
C0G660 1997021710 -9999 -9999 -9999 0.0
C0G660 1997021711 -9999 -9999 -9999 0.0
C0G660 1997021712 -9999 -9999 -9999 0.0
C0G660 1997021713 -9999 -9999 -9999 0.0
C0G660 1997021714 -9999 -9999 -9999 0.0
C0G660 1997021715 -9999 -9999 -9999 0.0
C0G660 1997021716 -9999 -9999 -9999 0.0
C0G660 1997021717 -9999 -9999 -9999 0.0
C0G660 1997021718 -9999 -9999 -9999 0.0
C0G660 1997021719 -9999 -9999 -9999 0.0
C0G660 1997021720 -9999 -9999 -9999 0.0
C0G660 1997021721 -9999 -9999 -9999 0.0
C0G660 1997021722 -9999 -9999 -9999 0.0
C0G660 1997021723 -9999 -9999 -9999 0.0
C0G660 1997021724 -9999 -9999 -9999 -9996
C0G660 1997021801 -9999 -9999 -9999 -9996
C0G660 1997021802 -9999 -9999 -9999 -9996
C0G660 1997021803 -9999 -9999 -9999 0.5
C0G660 1997021804 -9999 -9999 -9999 0.5
C0G660 1997021805 -9999 -9999 -9999 0.5
C0G660 1997021806 -9999 -9999 -9999 0.0
C0G660 1997021807 -9999 -9999 -9999 0.0
C0G660 1997021808 -9999 -9999 -9999 0.0
C0G660 1997021809 -9999 -9999 -9999 0.0
C0G660 1997021810 -9999 -9999 -9999 0.0
C0G660 1997021811 -9999 -9999 -9999 0.0
C0G660 1997021812 -9999 -9999 -9999 0.0
C0G660 1997021813 -9999 -9999 -9999 0.0
C0G660 1997021814 -9999 -9999 -9999 0.0
C0G660 1997021815 -9999 -9999 -9999 0.0
C0G660 1997021816 -9999 -9999 -9999 0.0
C0G660 1997021817 -9999 -9999 -9999 0.0
C0G660 1997021818 -9999 -9999 -9999 0.0
C0G660 1997021819 -9999 -9999 -9999 0.0
C0G660 1997021820 -9999 -9999 -9999 0.0
C0G660 1997021821 -9999 -9999 -9999 0.0
C0G660 1997021822 -9999 -9999 -9999 0.0
C0G660 1997021823 -9999 -9999 -9999 0.0
C0G660 1997021824 -9999 -9999 -9999 0.0
C0G660 1997021901 -9999 -9999 -9999 0.0
C0G660 1997021902 -9999 -9999 -9999 0.0
C0G660 1997021903 -9999 -9999 -9999 0.0
C0G660 1997021904 -9999 -9999 -9999 0.0
C0G660 1997021905 -9999 -9999 -9999 0.0
C0G660 1997021906 -9999 -9999 -9999 0.0
C0G660 1997021907 -9999 -9999 -9999 0.0
C0G660 1997021908 -9999 -9999 -9999 0.0
C0G660 1997021909 -9999 -9999 -9999 0.0
C0G660 1997021910 -9999 -9999 -9999 0.0
C0G660 1997021911 -9999 -9999 -9999 0.0
C0G660 1997021912 -9999 -9999 -9999 0.0
C0G660 1997021913 -9999 -9999 -9999 0.0
C0G660 1997021914 -9999 -9999 -9999 0.0
C0G660 1997021915 -9999 -9999 -9999 0.0
C0G660 1997021916 -9999 -9999 -9999 0.0
C0G660 1997021917 -9999 -9999 -9999 0.0
C0G660 1997021918 -9999 -9999 -9999 0.0
C0G660 1997021919 -9999 -9999 -9999 0.0
C0G660 1997021920 -9999 -9999 -9999 0.0
C0G660 1997021921 -9999 -9999 -9999 0.0
C0G660 1997021922 -9999 -9999 -9999 0.0
C0G660 1997021923 -9999 -9999 -9999 0.0
C0G660 1997021924 -9999 -9999 -9999 0.0
C0G660 1997022001 -9999 -9999 -9999 0.0
C0G660 1997022002 -9999 -9999 -9999 0.0
C0G660 1997022003 -9999 -9999 -9999 0.0
C0G660 1997022004 -9999 -9999 -9999 0.0
C0G660 1997022005 -9999 -9999 -9999 0.0
C0G660 1997022006 -9999 -9999 -9999 0.0
C0G660 1997022007 -9999 -9999 -9999 0.0
C0G660 1997022008 -9999 -9999 -9999 0.0
C0G660 1997022009 -9999 -9999 -9999 0.0
C0G660 1997022010 -9999 -9999 -9999 0.0
C0G660 1997022011 -9999 -9999 -9999 0.0
C0G660 1997022012 -9999 -9999 -9999 0.0
C0G660 1997022013 -9999 -9999 -9999 0.0
C0G660 1997022014 -9999 -9999 -9999 0.0
C0G660 1997022015 -9999 -9999 -9999 0.0
C0G660 1997022016 -9999 -9999 -9999 0.0
C0G660 1997022017 -9999 -9999 -9999 0.0
C0G660 1997022018 -9999 -9999 -9999 0.0
C0G660 1997022019 -9999 -9999 -9999 0.0
C0G660 1997022020 -9999 -9999 -9999 0.0
C0G660 1997022021 -9999 -9999 -9999 0.0
C0G660 1997022022 -9999 -9999 -9999 0.0
C0G660 1997022023 -9999 -9999 -9999 0.0
C0G660 1997022024 -9999 -9999 -9999 0.0
C0G660 1997022101 -9999 -9999 -9999 0.0
C0G660 1997022102 -9999 -9999 -9999 0.0
C0G660 1997022103 -9999 -9999 -9999 0.0
C0G660 1997022104 -9999 -9999 -9999 0.0
C0G660 1997022105 -9999 -9999 -9999 0.0
C0G660 1997022106 -9999 -9999 -9999 0.0
C0G660 1997022107 -9999 -9999 -9999 0.0
C0G660 1997022108 -9999 -9999 -9999 0.0
C0G660 1997022109 -9999 -9999 -9999 0.0
C0G660 1997022110 -9999 -9999 -9999 0.0
C0G660 1997022111 -9999 -9999 -9999 0.0
C0G660 1997022112 -9999 -9999 -9999 0.0
C0G660 1997022113 -9999 -9999 -9999 0.0
C0G660 1997022114 -9999 -9999 -9999 0.0
C0G660 1997022115 -9999 -9999 -9999 0.0
C0G660 1997022116 -9999 -9999 -9999 0.0
C0G660 1997022117 -9999 -9999 -9999 0.0
C0G660 1997022118 -9999 -9999 -9999 0.0
C0G660 1997022119 -9999 -9999 -9999 0.0
C0G660 1997022120 -9999 -9999 -9999 0.0
C0G660 1997022121 -9999 -9999 -9999 0.0
C0G660 1997022122 -9999 -9999 -9999 0.0
C0G660 1997022123 -9999 -9999 -9999 0.0
C0G660 1997022124 -9999 -9999 -9999 0.0
C0G660 1997022201 -9999 -9999 -9999 0.0
C0G660 1997022202 -9999 -9999 -9999 0.0
C0G660 1997022203 -9999 -9999 -9999 0.0
C0G660 1997022204 -9999 -9999 -9999 0.0
C0G660 1997022205 -9999 -9999 -9999 0.0
C0G660 1997022206 -9999 -9999 -9999 0.0
C0G660 1997022207 -9999 -9999 -9999 0.0
C0G660 1997022208 -9999 -9999 -9999 0.0
C0G660 1997022209 -9999 -9999 -9999 0.0
C0G660 1997022210 -9999 -9999 -9999 0.0
C0G660 1997022211 -9999 -9999 -9999 0.0
C0G660 1997022212 -9999 -9999 -9999 0.0
C0G660 1997022213 -9999 -9999 -9999 0.0
C0G660 1997022214 -9999 -9999 -9999 0.0
C0G660 1997022215 -9999 -9999 -9999 0.0
C0G660 1997022216 -9999 -9999 -9999 0.0
C0G660 1997022217 -9999 -9999 -9999 0.0
C0G660 1997022218 -9999 -9999 -9999 0.0
C0G660 1997022219 -9999 -9999 -9999 0.0
C0G660 1997022220 -9999 -9999 -9999 0.0
C0G660 1997022221 -9999 -9999 -9999 0.0
C0G660 1997022222 -9999 -9999 -9999 0.0
C0G660 1997022223 -9999 -9999 -9999 0.0
C0G660 1997022224 -9999 -9999 -9999 0.0
C0G660 1997022301 -9999 -9999 -9999 0.0
C0G660 1997022302 -9999 -9999 -9999 0.0
C0G660 1997022303 -9999 -9999 -9999 0.0
C0G660 1997022304 -9999 -9999 -9999 0.0
C0G660 1997022305 -9999 -9999 -9999 0.0
C0G660 1997022306 -9999 -9999 -9999 0.0
C0G660 1997022307 -9999 -9999 -9999 0.0
C0G660 1997022308 -9999 -9999 -9999 0.0
C0G660 1997022309 -9999 -9999 -9999 0.0
C0G660 1997022310 -9999 -9999 -9999 0.0
C0G660 1997022311 -9999 -9999 -9999 0.0
C0G660 1997022312 -9999 -9999 -9999 0.0
C0G660 1997022313 -9999 -9999 -9999 0.0
C0G660 1997022314 -9999 -9999 -9999 0.0
C0G660 1997022315 -9999 -9999 -9999 0.0
C0G660 1997022316 -9999 -9999 -9999 0.0
C0G660 1997022317 -9999 -9999 -9999 0.0
C0G660 1997022318 -9999 -9999 -9999 0.0
C0G660 1997022319 -9999 -9999 -9999 0.0
C0G660 1997022320 -9999 -9999 -9999 0.0
C0G660 1997022321 -9999 -9999 -9999 0.0
C0G660 1997022322 -9999 -9999 -9999 0.0
C0G660 1997022323 -9999 -9999 -9999 0.0
C0G660 1997022324 -9999 -9999 -9999 0.0
C0G660 1997022401 -9999 -9999 -9999 0.0
C0G660 1997022402 -9999 -9999 -9999 0.0
C0G660 1997022403 -9999 -9999 -9999 0.0
C0G660 1997022404 -9999 -9999 -9999 0.0
C0G660 1997022405 -9999 -9999 -9999 0.0
C0G660 1997022406 -9999 -9999 -9999 0.0
C0G660 1997022407 -9999 -9999 -9999 0.0
C0G660 1997022408 -9999 -9999 -9999 0.0
C0G660 1997022409 -9999 -9999 -9999 0.0
C0G660 1997022410 -9999 -9999 -9999 0.0
C0G660 1997022411 -9999 -9999 -9999 0.0
C0G660 1997022412 -9999 -9999 -9999 0.0
C0G660 1997022413 -9999 -9999 -9999 0.0
C0G660 1997022414 -9999 -9999 -9999 0.0
C0G660 1997022415 -9999 -9999 -9999 0.0
C0G660 1997022416 -9999 -9999 -9999 0.0
C0G660 1997022417 -9999 -9999 -9999 0.0
C0G660 1997022418 -9999 -9999 -9999 0.0
C0G660 1997022419 -9999 -9999 -9999 0.0
C0G660 1997022420 -9999 -9999 -9999 0.0
C0G660 1997022421 -9999 -9999 -9999 0.0
C0G660 1997022422 -9999 -9999 -9999 0.0
C0G660 1997022423 -9999 -9999 -9999 0.0
C0G660 1997022424 -9999 -9999 -9999 0.0
C0G660 1997022501 -9999 -9999 -9999 0.0
C0G660 1997022502 -9999 -9999 -9999 0.0
C0G660 1997022503 -9999 -9999 -9999 0.0
C0G660 1997022504 -9999 -9999 -9999 0.0
C0G660 1997022505 -9999 -9999 -9999 0.0
C0G660 1997022506 -9999 -9999 -9999 0.0
C0G660 1997022507 -9999 -9999 -9999 0.0
C0G660 1997022508 -9999 -9999 -9999 0.0
C0G660 1997022509 -9999 -9999 -9999 0.0
C0G660 1997022510 -9999 -9999 -9999 0.0
C0G660 1997022511 -9999 -9999 -9999 0.0
C0G660 1997022512 -9999 -9999 -9999 0.0
C0G660 1997022513 -9999 -9999 -9999 0.0
C0G660 1997022514 -9999 -9999 -9999 0.0
C0G660 1997022515 -9999 -9999 -9999 0.0
C0G660 1997022516 -9999 -9999 -9999 0.0
C0G660 1997022517 -9999 -9999 -9999 0.0
C0G660 1997022518 -9999 -9999 -9999 0.0
C0G660 1997022519 -9999 -9999 -9999 0.0
C0G660 1997022520 -9999 -9999 -9999 -9996
C0G660 1997022521 -9999 -9999 -9999 -9996
C0G660 1997022522 -9999 -9999 -9999 -9996
C0G660 1997022523 -9999 -9999 -9999 -9996
C0G660 1997022524 -9999 -9999 -9999 -9996
C0G660 1997022601 -9999 -9999 -9999 0.0
C0G660 1997022602 -9999 -9999 -9999 0.0
C0G660 1997022603 -9999 -9999 -9999 0.0
C0G660 1997022604 -9999 -9999 -9999 0.0
C0G660 1997022605 -9999 -9999 -9999 0.0
C0G660 1997022606 -9999 -9999 -9999 0.0
C0G660 1997022607 -9999 -9999 -9999 0.0
C0G660 1997022608 -9999 -9999 -9999 0.0
C0G660 1997022609 -9999 -9999 -9999 0.0
C0G660 1997022610 -9999 -9999 -9999 0.0
C0G660 1997022611 -9999 -9999 -9999 0.0
C0G660 1997022612 -9999 -9999 -9999 0.0
C0G660 1997022613 -9999 -9999 -9999 0.0
C0G660 1997022614 -9999 -9999 -9999 0.0
C0G660 1997022615 -9999 -9999 -9999 0.0
C0G660 1997022616 -9999 -9999 -9999 0.0
C0G660 1997022617 -9999 -9999 -9999 0.0
C0G660 1997022618 -9999 -9999 -9999 0.0
C0G660 1997022619 -9999 -9999 -9999 0.0
C0G660 1997022620 -9999 -9999 -9999 0.0
C0G660 1997022621 -9999 -9999 -9999 0.0
C0G660 1997022622 -9999 -9999 -9999 0.0
C0G660 1997022623 -9999 -9999 -9999 0.0
C0G660 1997022624 -9999 -9999 -9999 0.0
C0G660 1997022701 -9999 -9999 -9999 0.0
C0G660 1997022702 -9999 -9999 -9999 0.0
C0G660 1997022703 -9999 -9999 -9999 0.0
C0G660 1997022704 -9999 -9999 -9999 0.0
C0G660 1997022705 -9999 -9999 -9999 0.0
C0G660 1997022706 -9999 -9999 -9999 0.0
C0G660 1997022707 -9999 -9999 -9999 0.0
C0G660 1997022708 -9999 -9999 -9999 0.0
C0G660 1997022709 -9999 -9999 -9999 0.0
C0G660 1997022710 -9999 -9999 -9999 0.0
C0G660 1997022711 -9999 -9999 -9999 0.0
C0G660 1997022712 -9999 -9999 -9999 0.0
C0G660 1997022713 -9999 -9999 -9999 0.0
C0G660 1997022714 -9999 -9999 -9999 0.0
C0G660 1997022715 -9999 -9999 -9999 0.0
C0G660 1997022716 -9999 -9999 -9999 0.0
C0G660 1997022717 -9999 -9999 -9999 0.0
C0G660 1997022718 -9999 -9999 -9999 0.0
C0G660 1997022719 -9999 -9999 -9999 0.0
C0G660 1997022720 -9999 -9999 -9999 0.0
C0G660 1997022721 -9999 -9999 -9999 0.0
C0G660 1997022722 -9999 -9999 -9999 0.0
C0G660 1997022723 -9999 -9999 -9999 0.0
C0G660 1997022724 -9999 -9999 -9999 0.0
C0G660 1997022801 -9999 -9999 -9999 0.0
C0G660 1997022802 -9999 -9999 -9999 0.0
C0G660 1997022803 -9999 -9999 -9999 0.0
C0G660 1997022804 -9999 -9999 -9999 0.0
C0G660 1997022805 -9999 -9999 -9999 0.0
C0G660 1997022806 -9999 -9999 -9999 0.0
C0G660 1997022807 -9999 -9999 -9999 0.0
C0G660 1997022808 -9999 -9999 -9999 0.0
C0G660 1997022809 -9999 -9999 -9999 0.0
C0G660 1997022810 -9999 -9999 -9999 0.0
C0G660 1997022811 -9999 -9999 -9999 0.0
C0G660 1997022812 -9999 -9999 -9999 0.0
C0G660 1997022813 -9999 -9999 -9999 0.0
C0G660 1997022814 -9999 -9999 -9999 0.0
C0G660 1997022815 -9999 -9999 -9999 0.0
C0G660 1997022816 -9999 -9999 -9999 0.0
C0G660 1997022817 -9999 -9999 -9999 0.0
C0G660 1997022818 -9999 -9999 -9999 0.0
C0G660 1997022819 -9999 -9999 -9999 0.0
C0G660 1997022820 -9999 -9999 -9999 0.0
C0G660 1997022821 -9999 -9999 -9999 0.0
C0G660 1997022822 -9999 -9999 -9999 0.0
C0G660 1997022823 -9999 -9999 -9999 0.0
C0G660 1997022824 -9999 -9999 -9999 0.0
