C0G620 1997100101 -9999 -9999 -9999 0.0
C0G620 1997100102 -9999 -9999 -9999 0.0
C0G620 1997100103 -9999 -9999 -9999 0.0
C0G620 1997100104 -9999 -9999 -9999 0.0
C0G620 1997100105 -9999 -9999 -9999 0.0
C0G620 1997100106 -9999 -9999 -9999 0.0
C0G620 1997100107 -9999 -9999 -9999 0.0
C0G620 1997100108 -9999 -9999 -9999 0.0
C0G620 1997100109 -9999 -9999 -9999 0.0
C0G620 1997100110 -9999 -9999 -9999 0.0
C0G620 1997100111 -9999 -9999 -9999 0.0
C0G620 1997100112 -9999 -9999 -9999 0.0
C0G620 1997100113 -9999 -9999 -9999 0.0
C0G620 1997100114 -9999 -9999 -9999 0.0
C0G620 1997100115 -9999 -9999 -9999 0.0
C0G620 1997100116 -9999 -9999 -9999 0.0
C0G620 1997100117 -9999 -9999 -9999 0.0
C0G620 1997100118 -9999 -9999 -9999 0.0
C0G620 1997100119 -9999 -9999 -9999 0.0
C0G620 1997100120 -9999 -9999 -9999 0.0
C0G620 1997100121 -9999 -9999 -9999 0.0
C0G620 1997100122 -9999 -9999 -9999 0.0
C0G620 1997100123 -9999 -9999 -9999 0.0
C0G620 1997100124 -9999 -9999 -9999 0.0
C0G620 1997100201 -9999 -9999 -9999 0.0
C0G620 1997100202 -9999 -9999 -9999 0.0
C0G620 1997100203 -9999 -9999 -9999 0.0
C0G620 1997100204 -9999 -9999 -9999 0.0
C0G620 1997100205 -9999 -9999 -9999 0.0
C0G620 1997100206 -9999 -9999 -9999 0.0
C0G620 1997100207 -9999 -9999 -9999 0.0
C0G620 1997100208 -9999 -9999 -9999 0.0
C0G620 1997100209 -9999 -9999 -9999 0.0
C0G620 1997100210 -9999 -9999 -9999 0.0
C0G620 1997100211 -9999 -9999 -9999 0.0
C0G620 1997100212 -9999 -9999 -9999 0.0
C0G620 1997100213 -9999 -9999 -9999 0.0
C0G620 1997100214 -9999 -9999 -9999 0.0
C0G620 1997100215 -9999 -9999 -9999 0.0
C0G620 1997100216 -9999 -9999 -9999 0.0
C0G620 1997100217 -9999 -9999 -9999 0.0
C0G620 1997100218 -9999 -9999 -9999 0.0
C0G620 1997100219 -9999 -9999 -9999 0.0
C0G620 1997100220 -9999 -9999 -9999 0.0
C0G620 1997100221 -9999 -9999 -9999 0.0
C0G620 1997100222 -9999 -9999 -9999 0.0
C0G620 1997100223 -9999 -9999 -9999 0.0
C0G620 1997100224 -9999 -9999 -9999 0.0
C0G620 1997100301 -9999 -9999 -9999 0.0
C0G620 1997100302 -9999 -9999 -9999 0.0
C0G620 1997100303 -9999 -9999 -9999 0.0
C0G620 1997100304 -9999 -9999 -9999 0.0
C0G620 1997100305 -9999 -9999 -9999 0.0
C0G620 1997100306 -9999 -9999 -9999 0.0
C0G620 1997100307 -9999 -9999 -9999 0.0
C0G620 1997100308 -9999 -9999 -9999 0.0
C0G620 1997100309 -9999 -9999 -9999 0.0
C0G620 1997100310 -9999 -9999 -9999 0.0
C0G620 1997100311 -9999 -9999 -9999 0.0
C0G620 1997100312 -9999 -9999 -9999 0.0
C0G620 1997100313 -9999 -9999 -9999 0.0
C0G620 1997100314 -9999 -9999 -9999 0.0
C0G620 1997100315 -9999 -9999 -9999 0.0
C0G620 1997100316 -9999 -9999 -9999 0.0
C0G620 1997100317 -9999 -9999 -9999 0.0
C0G620 1997100318 -9999 -9999 -9999 0.0
C0G620 1997100319 -9999 -9999 -9999 0.0
C0G620 1997100320 -9999 -9999 -9999 0.0
C0G620 1997100321 -9999 -9999 -9999 0.0
C0G620 1997100322 -9999 -9999 -9999 0.0
C0G620 1997100323 -9999 -9999 -9999 0.0
C0G620 1997100324 -9999 -9999 -9999 0.0
C0G620 1997100401 -9999 -9999 -9999 0.0
C0G620 1997100402 -9999 -9999 -9999 0.0
C0G620 1997100403 -9999 -9999 -9999 0.0
C0G620 1997100404 -9999 -9999 -9999 0.0
C0G620 1997100405 -9999 -9999 -9999 0.0
C0G620 1997100406 -9999 -9999 -9999 0.0
C0G620 1997100407 -9999 -9999 -9999 0.0
C0G620 1997100408 -9999 -9999 -9999 0.0
C0G620 1997100409 -9999 -9999 -9999 0.0
C0G620 1997100410 -9999 -9999 -9999 0.0
C0G620 1997100411 -9999 -9999 -9999 0.0
C0G620 1997100412 -9999 -9999 -9999 0.0
C0G620 1997100413 -9999 -9999 -9999 0.0
C0G620 1997100414 -9999 -9999 -9999 0.0
C0G620 1997100415 -9999 -9999 -9999 0.0
C0G620 1997100416 -9999 -9999 -9999 0.0
C0G620 1997100417 -9999 -9999 -9999 0.0
C0G620 1997100418 -9999 -9999 -9999 0.0
C0G620 1997100419 -9999 -9999 -9999 0.0
C0G620 1997100420 -9999 -9999 -9999 0.0
C0G620 1997100421 -9999 -9999 -9999 0.0
C0G620 1997100422 -9999 -9999 -9999 0.0
C0G620 1997100423 -9999 -9999 -9999 0.0
C0G620 1997100424 -9999 -9999 -9999 0.0
C0G620 1997100501 -9999 -9999 -9999 0.0
C0G620 1997100502 -9999 -9999 -9999 0.0
C0G620 1997100503 -9999 -9999 -9999 0.0
C0G620 1997100504 -9999 -9999 -9999 0.0
C0G620 1997100505 -9999 -9999 -9999 0.0
C0G620 1997100506 -9999 -9999 -9999 0.0
C0G620 1997100507 -9999 -9999 -9999 0.0
C0G620 1997100508 -9999 -9999 -9999 0.0
C0G620 1997100509 -9999 -9999 -9999 0.0
C0G620 1997100510 -9999 -9999 -9999 0.0
C0G620 1997100511 -9999 -9999 -9999 0.0
C0G620 1997100512 -9999 -9999 -9999 0.0
C0G620 1997100513 -9999 -9999 -9999 0.0
C0G620 1997100514 -9999 -9999 -9999 0.0
C0G620 1997100515 -9999 -9999 -9999 0.0
C0G620 1997100516 -9999 -9999 -9999 0.0
C0G620 1997100517 -9999 -9999 -9999 0.0
C0G620 1997100518 -9999 -9999 -9999 0.0
C0G620 1997100519 -9999 -9999 -9999 0.0
C0G620 1997100520 -9999 -9999 -9999 0.0
C0G620 1997100521 -9999 -9999 -9999 0.0
C0G620 1997100522 -9999 -9999 -9999 0.0
C0G620 1997100523 -9999 -9999 -9999 0.0
C0G620 1997100524 -9999 -9999 -9999 0.0
C0G620 1997100601 -9999 -9999 -9999 0.0
C0G620 1997100602 -9999 -9999 -9999 0.0
C0G620 1997100603 -9999 -9999 -9999 0.0
C0G620 1997100604 -9999 -9999 -9999 0.0
C0G620 1997100605 -9999 -9999 -9999 0.0
C0G620 1997100606 -9999 -9999 -9999 0.0
C0G620 1997100607 -9999 -9999 -9999 0.0
C0G620 1997100608 -9999 -9999 -9999 0.0
C0G620 1997100609 -9999 -9999 -9999 0.0
C0G620 1997100610 -9999 -9999 -9999 0.0
C0G620 1997100611 -9999 -9999 -9999 0.0
C0G620 1997100612 -9999 -9999 -9999 0.0
C0G620 1997100613 -9999 -9999 -9999 0.0
C0G620 1997100614 -9999 -9999 -9999 0.0
C0G620 1997100615 -9999 -9999 -9999 0.0
C0G620 1997100616 -9999 -9999 -9999 0.0
C0G620 1997100617 -9999 -9999 -9999 0.0
C0G620 1997100618 -9999 -9999 -9999 0.0
C0G620 1997100619 -9999 -9999 -9999 0.0
C0G620 1997100620 -9999 -9999 -9999 0.0
C0G620 1997100621 -9999 -9999 -9999 0.0
C0G620 1997100622 -9999 -9999 -9999 0.0
C0G620 1997100623 -9999 -9999 -9999 0.0
C0G620 1997100624 -9999 -9999 -9999 0.0
C0G620 1997100701 -9999 -9999 -9999 0.0
C0G620 1997100702 -9999 -9999 -9999 0.0
C0G620 1997100703 -9999 -9999 -9999 0.0
C0G620 1997100704 -9999 -9999 -9999 0.0
C0G620 1997100705 -9999 -9999 -9999 0.0
C0G620 1997100706 -9999 -9999 -9999 0.0
C0G620 1997100707 -9999 -9999 -9999 0.0
C0G620 1997100708 -9999 -9999 -9999 0.0
C0G620 1997100709 -9999 -9999 -9999 0.0
C0G620 1997100710 -9999 -9999 -9999 0.0
C0G620 1997100711 -9999 -9999 -9999 0.0
C0G620 1997100712 -9999 -9999 -9999 0.0
C0G620 1997100713 -9999 -9999 -9999 0.0
C0G620 1997100714 -9999 -9999 -9999 0.0
C0G620 1997100715 -9999 -9999 -9999 0.0
C0G620 1997100716 -9999 -9999 -9999 0.0
C0G620 1997100717 -9999 -9999 -9999 0.0
C0G620 1997100718 -9999 -9999 -9999 0.0
C0G620 1997100719 -9999 -9999 -9999 0.0
C0G620 1997100720 -9999 -9999 -9999 0.0
C0G620 1997100721 -9999 -9999 -9999 0.0
C0G620 1997100722 -9999 -9999 -9999 0.0
C0G620 1997100723 -9999 -9999 -9999 0.0
C0G620 1997100724 -9999 -9999 -9999 0.0
C0G620 1997100801 -9999 -9999 -9999 0.0
C0G620 1997100802 -9999 -9999 -9999 0.0
C0G620 1997100803 -9999 -9999 -9999 0.0
C0G620 1997100804 -9999 -9999 -9999 0.0
C0G620 1997100805 -9999 -9999 -9999 0.0
C0G620 1997100806 -9999 -9999 -9999 0.0
C0G620 1997100807 -9999 -9999 -9999 0.0
C0G620 1997100808 -9999 -9999 -9999 0.0
C0G620 1997100809 -9999 -9999 -9999 0.0
C0G620 1997100810 -9999 -9999 -9999 0.0
C0G620 1997100811 -9999 -9999 -9999 0.0
C0G620 1997100812 -9999 -9999 -9999 0.0
C0G620 1997100813 -9999 -9999 -9999 0.0
C0G620 1997100814 -9999 -9999 -9999 0.0
C0G620 1997100815 -9999 -9999 -9999 0.0
C0G620 1997100816 -9999 -9999 -9999 0.0
C0G620 1997100817 -9999 -9999 -9999 0.0
C0G620 1997100818 -9999 -9999 -9999 0.0
C0G620 1997100819 -9999 -9999 -9999 0.0
C0G620 1997100820 -9999 -9999 -9999 -9996
C0G620 1997100821 -9999 -9999 -9999 -9996
C0G620 1997100822 -9999 -9999 -9999 -9996
C0G620 1997100823 -9999 -9999 -9999 -9996
C0G620 1997100824 -9999 -9999 -9999 -9996
C0G620 1997100901 -9999 -9999 -9999 0.0
C0G620 1997100902 -9999 -9999 -9999 0.0
C0G620 1997100903 -9999 -9999 -9999 0.0
C0G620 1997100904 -9999 -9999 -9999 0.0
C0G620 1997100905 -9999 -9999 -9999 0.0
C0G620 1997100906 -9999 -9999 -9999 0.0
C0G620 1997100907 -9999 -9999 -9999 0.0
C0G620 1997100908 -9999 -9999 -9999 0.0
C0G620 1997100909 -9999 -9999 -9999 0.0
C0G620 1997100910 -9999 -9999 -9999 0.0
C0G620 1997100911 -9999 -9999 -9999 0.0
C0G620 1997100912 -9999 -9999 -9999 0.0
C0G620 1997100913 -9999 -9999 -9999 0.0
C0G620 1997100914 -9999 -9999 -9999 0.0
C0G620 1997100915 -9999 -9999 -9999 0.0
C0G620 1997100916 -9999 -9999 -9999 0.0
C0G620 1997100917 -9999 -9999 -9999 0.0
C0G620 1997100918 -9999 -9999 -9999 0.0
C0G620 1997100919 -9999 -9999 -9999 0.0
C0G620 1997100920 -9999 -9999 -9999 -9996
C0G620 1997100921 -9999 -9999 -9999 -9996
C0G620 1997100922 -9999 -9999 -9999 -9996
C0G620 1997100923 -9999 -9999 -9999 -9996
C0G620 1997100924 -9999 -9999 -9999 -9996
C0G620 1997101001 -9999 -9999 -9999 0.0
C0G620 1997101002 -9999 -9999 -9999 0.0
C0G620 1997101003 -9999 -9999 -9999 0.0
C0G620 1997101004 -9999 -9999 -9999 0.0
C0G620 1997101005 -9999 -9999 -9999 0.0
C0G620 1997101006 -9999 -9999 -9999 0.0
C0G620 1997101007 -9999 -9999 -9999 0.0
C0G620 1997101008 -9999 -9999 -9999 0.0
C0G620 1997101009 -9999 -9999 -9999 0.0
C0G620 1997101010 -9999 -9999 -9999 0.0
C0G620 1997101011 -9999 -9999 -9999 0.0
C0G620 1997101012 -9999 -9999 -9999 0.0
C0G620 1997101013 -9999 -9999 -9999 0.0
C0G620 1997101014 -9999 -9999 -9999 0.0
C0G620 1997101015 -9999 -9999 -9999 0.0
C0G620 1997101016 -9999 -9999 -9999 0.0
C0G620 1997101017 -9999 -9999 -9999 0.0
C0G620 1997101018 -9999 -9999 -9999 0.0
C0G620 1997101019 -9999 -9999 -9999 0.0
C0G620 1997101020 -9999 -9999 -9999 -9996
C0G620 1997101021 -9999 -9999 -9999 -9996
C0G620 1997101022 -9999 -9999 -9999 -9996
C0G620 1997101023 -9999 -9999 -9999 -9996
C0G620 1997101024 -9999 -9999 -9999 -9996
C0G620 1997101101 -9999 -9999 -9999 0.0
C0G620 1997101102 -9999 -9999 -9999 0.0
C0G620 1997101103 -9999 -9999 -9999 0.0
C0G620 1997101104 -9999 -9999 -9999 0.0
C0G620 1997101105 -9999 -9999 -9999 0.0
C0G620 1997101106 -9999 -9999 -9999 0.0
C0G620 1997101107 -9999 -9999 -9999 0.0
C0G620 1997101108 -9999 -9999 -9999 0.0
C0G620 1997101109 -9999 -9999 -9999 0.0
C0G620 1997101110 -9999 -9999 -9999 0.0
C0G620 1997101111 -9999 -9999 -9999 0.0
C0G620 1997101112 -9999 -9999 -9999 0.0
C0G620 1997101113 -9999 -9999 -9999 0.0
C0G620 1997101114 -9999 -9999 -9999 0.0
C0G620 1997101115 -9999 -9999 -9999 0.0
C0G620 1997101116 -9999 -9999 -9999 0.0
C0G620 1997101117 -9999 -9999 -9999 0.0
C0G620 1997101118 -9999 -9999 -9999 0.0
C0G620 1997101119 -9999 -9999 -9999 0.0
C0G620 1997101120 -9999 -9999 -9999 -9996
C0G620 1997101121 -9999 -9999 -9999 -9996
C0G620 1997101122 -9999 -9999 -9999 -9996
C0G620 1997101123 -9999 -9999 -9999 -9996
C0G620 1997101124 -9999 -9999 -9999 -9996
C0G620 1997101201 -9999 -9999 -9999 0.0
C0G620 1997101202 -9999 -9999 -9999 0.0
C0G620 1997101203 -9999 -9999 -9999 0.0
C0G620 1997101204 -9999 -9999 -9999 0.0
C0G620 1997101205 -9999 -9999 -9999 0.0
C0G620 1997101206 -9999 -9999 -9999 0.0
C0G620 1997101207 -9999 -9999 -9999 0.0
C0G620 1997101208 -9999 -9999 -9999 0.0
C0G620 1997101209 -9999 -9999 -9999 0.0
C0G620 1997101210 -9999 -9999 -9999 0.0
C0G620 1997101211 -9999 -9999 -9999 0.0
C0G620 1997101212 -9999 -9999 -9999 0.0
C0G620 1997101213 -9999 -9999 -9999 0.0
C0G620 1997101214 -9999 -9999 -9999 0.0
C0G620 1997101215 -9999 -9999 -9999 0.0
C0G620 1997101216 -9999 -9999 -9999 0.0
C0G620 1997101217 -9999 -9999 -9999 0.0
C0G620 1997101218 -9999 -9999 -9999 0.0
C0G620 1997101219 -9999 -9999 -9999 0.0
C0G620 1997101220 -9999 -9999 -9999 0.0
C0G620 1997101221 -9999 -9999 -9999 0.0
C0G620 1997101222 -9999 -9999 -9999 0.0
C0G620 1997101223 -9999 -9999 -9999 0.0
C0G620 1997101224 -9999 -9999 -9999 0.0
C0G620 1997101301 -9999 -9999 -9999 0.0
C0G620 1997101302 -9999 -9999 -9999 0.0
C0G620 1997101303 -9999 -9999 -9999 0.0
C0G620 1997101304 -9999 -9999 -9999 0.0
C0G620 1997101305 -9999 -9999 -9999 0.0
C0G620 1997101306 -9999 -9999 -9999 0.0
C0G620 1997101307 -9999 -9999 -9999 0.0
C0G620 1997101308 -9999 -9999 -9999 0.0
C0G620 1997101309 -9999 -9999 -9999 0.0
C0G620 1997101310 -9999 -9999 -9999 0.0
C0G620 1997101311 -9999 -9999 -9999 0.0
C0G620 1997101312 -9999 -9999 -9999 0.0
C0G620 1997101313 -9999 -9999 -9999 0.0
C0G620 1997101314 -9999 -9999 -9999 0.0
C0G620 1997101315 -9999 -9999 -9999 0.0
C0G620 1997101316 -9999 -9999 -9999 0.0
C0G620 1997101317 -9999 -9999 -9999 0.0
C0G620 1997101318 -9999 -9999 -9999 0.0
C0G620 1997101319 -9999 -9999 -9999 0.0
C0G620 1997101320 -9999 -9999 -9999 0.0
C0G620 1997101321 -9999 -9999 -9999 0.0
C0G620 1997101322 -9999 -9999 -9999 0.0
C0G620 1997101323 -9999 -9999 -9999 0.0
C0G620 1997101324 -9999 -9999 -9999 0.0
C0G620 1997101401 -9999 -9999 -9999 0.0
C0G620 1997101402 -9999 -9999 -9999 0.0
C0G620 1997101403 -9999 -9999 -9999 0.0
C0G620 1997101404 -9999 -9999 -9999 0.0
C0G620 1997101405 -9999 -9999 -9999 0.0
C0G620 1997101406 -9999 -9999 -9999 0.0
C0G620 1997101407 -9999 -9999 -9999 0.0
C0G620 1997101408 -9999 -9999 -9999 0.0
C0G620 1997101409 -9999 -9999 -9999 0.0
C0G620 1997101410 -9999 -9999 -9999 0.0
C0G620 1997101411 -9999 -9999 -9999 0.0
C0G620 1997101412 -9999 -9999 -9999 0.0
C0G620 1997101413 -9999 -9999 -9999 0.0
C0G620 1997101414 -9999 -9999 -9999 0.0
C0G620 1997101415 -9999 -9999 -9999 0.0
C0G620 1997101416 -9999 -9999 -9999 0.0
C0G620 1997101417 -9999 -9999 -9999 0.0
C0G620 1997101418 -9999 -9999 -9999 0.0
C0G620 1997101419 -9999 -9999 -9999 0.0
C0G620 1997101420 -9999 -9999 -9999 0.0
C0G620 1997101421 -9999 -9999 -9999 0.0
C0G620 1997101422 -9999 -9999 -9999 0.0
C0G620 1997101423 -9999 -9999 -9999 0.0
C0G620 1997101424 -9999 -9999 -9999 0.0
C0G620 1997101501 -9999 -9999 -9999 0.0
C0G620 1997101502 -9999 -9999 -9999 0.0
C0G620 1997101503 -9999 -9999 -9999 0.0
C0G620 1997101504 -9999 -9999 -9999 0.0
C0G620 1997101505 -9999 -9999 -9999 0.0
C0G620 1997101506 -9999 -9999 -9999 0.0
C0G620 1997101507 -9999 -9999 -9999 0.0
C0G620 1997101508 -9999 -9999 -9999 0.0
C0G620 1997101509 -9999 -9999 -9999 0.0
C0G620 1997101510 -9999 -9999 -9999 0.0
C0G620 1997101511 -9999 -9999 -9999 0.0
C0G620 1997101512 -9999 -9999 -9999 0.0
C0G620 1997101513 -9999 -9999 -9999 0.0
C0G620 1997101514 -9999 -9999 -9999 0.0
C0G620 1997101515 -9999 -9999 -9999 0.0
C0G620 1997101516 -9999 -9999 -9999 0.0
C0G620 1997101517 -9999 -9999 -9999 0.0
C0G620 1997101518 -9999 -9999 -9999 0.0
C0G620 1997101519 -9999 -9999 -9999 0.0
C0G620 1997101520 -9999 -9999 -9999 0.0
C0G620 1997101521 -9999 -9999 -9999 0.0
C0G620 1997101522 -9999 -9999 -9999 0.0
C0G620 1997101523 -9999 -9999 -9999 0.0
C0G620 1997101524 -9999 -9999 -9999 0.0
C0G620 1997101601 -9999 -9999 -9999 0.0
C0G620 1997101602 -9999 -9999 -9999 0.0
C0G620 1997101603 -9999 -9999 -9999 0.0
C0G620 1997101604 -9999 -9999 -9999 0.0
C0G620 1997101605 -9999 -9999 -9999 0.0
C0G620 1997101606 -9999 -9999 -9999 0.0
C0G620 1997101607 -9999 -9999 -9999 0.0
C0G620 1997101608 -9999 -9999 -9999 0.0
C0G620 1997101609 -9999 -9999 -9999 0.0
C0G620 1997101610 -9999 -9999 -9999 0.0
C0G620 1997101611 -9999 -9999 -9999 0.0
C0G620 1997101612 -9999 -9999 -9999 0.0
C0G620 1997101613 -9999 -9999 -9999 0.0
C0G620 1997101614 -9999 -9999 -9999 0.0
C0G620 1997101615 -9999 -9999 -9999 0.0
C0G620 1997101616 -9999 -9999 -9999 0.0
C0G620 1997101617 -9999 -9999 -9999 0.0
C0G620 1997101618 -9999 -9999 -9999 0.0
C0G620 1997101619 -9999 -9999 -9999 0.0
C0G620 1997101620 -9999 -9999 -9999 0.0
C0G620 1997101621 -9999 -9999 -9999 0.0
C0G620 1997101622 -9999 -9999 -9999 0.0
C0G620 1997101623 -9999 -9999 -9999 0.0
C0G620 1997101624 -9999 -9999 -9999 0.0
C0G620 1997101701 -9999 -9999 -9999 0.0
C0G620 1997101702 -9999 -9999 -9999 0.0
C0G620 1997101703 -9999 -9999 -9999 0.0
C0G620 1997101704 -9999 -9999 -9999 0.0
C0G620 1997101705 -9999 -9999 -9999 0.0
C0G620 1997101706 -9999 -9999 -9999 0.0
C0G620 1997101707 -9999 -9999 -9999 0.0
C0G620 1997101708 -9999 -9999 -9999 0.0
C0G620 1997101709 -9999 -9999 -9999 0.0
C0G620 1997101710 -9999 -9999 -9999 0.0
C0G620 1997101711 -9999 -9999 -9999 0.0
C0G620 1997101712 -9999 -9999 -9999 0.0
C0G620 1997101713 -9999 -9999 -9999 0.0
C0G620 1997101714 -9999 -9999 -9999 0.0
C0G620 1997101715 -9999 -9999 -9999 0.0
C0G620 1997101716 -9999 -9999 -9999 0.0
C0G620 1997101717 -9999 -9999 -9999 0.0
C0G620 1997101718 -9999 -9999 -9999 0.0
C0G620 1997101719 -9999 -9999 -9999 0.0
C0G620 1997101720 -9999 -9999 -9999 0.0
C0G620 1997101721 -9999 -9999 -9999 0.0
C0G620 1997101722 -9999 -9999 -9999 0.0
C0G620 1997101723 -9999 -9999 -9999 0.0
C0G620 1997101724 -9999 -9999 -9999 0.0
C0G620 1997101801 -9999 -9999 -9999 0.0
C0G620 1997101802 -9999 -9999 -9999 0.0
C0G620 1997101803 -9999 -9999 -9999 0.0
C0G620 1997101804 -9999 -9999 -9999 0.0
C0G620 1997101805 -9999 -9999 -9999 0.0
C0G620 1997101806 -9999 -9999 -9999 0.0
C0G620 1997101807 -9999 -9999 -9999 0.0
C0G620 1997101808 -9999 -9999 -9999 0.0
C0G620 1997101809 -9999 -9999 -9999 0.0
C0G620 1997101810 -9999 -9999 -9999 0.0
C0G620 1997101811 -9999 -9999 -9999 0.0
C0G620 1997101812 -9999 -9999 -9999 0.0
C0G620 1997101813 -9999 -9999 -9999 0.0
C0G620 1997101814 -9999 -9999 -9999 0.0
C0G620 1997101815 -9999 -9999 -9999 0.0
C0G620 1997101816 -9999 -9999 -9999 0.0
C0G620 1997101817 -9999 -9999 -9999 0.0
C0G620 1997101818 -9999 -9999 -9999 0.0
C0G620 1997101819 -9999 -9999 -9999 0.0
C0G620 1997101820 -9999 -9999 -9999 0.0
C0G620 1997101821 -9999 -9999 -9999 0.0
C0G620 1997101822 -9999 -9999 -9999 0.0
C0G620 1997101823 -9999 -9999 -9999 0.0
C0G620 1997101824 -9999 -9999 -9999 0.0
C0G620 1997101901 -9999 -9999 -9999 0.0
C0G620 1997101902 -9999 -9999 -9999 0.0
C0G620 1997101903 -9999 -9999 -9999 0.0
C0G620 1997101904 -9999 -9999 -9999 0.0
C0G620 1997101905 -9999 -9999 -9999 0.0
C0G620 1997101906 -9999 -9999 -9999 0.0
C0G620 1997101907 -9999 -9999 -9999 0.0
C0G620 1997101908 -9999 -9999 -9999 0.0
C0G620 1997101909 -9999 -9999 -9999 0.0
C0G620 1997101910 -9999 -9999 -9999 0.0
C0G620 1997101911 -9999 -9999 -9999 0.0
C0G620 1997101912 -9999 -9999 -9999 0.0
C0G620 1997101913 -9999 -9999 -9999 0.0
C0G620 1997101914 -9999 -9999 -9999 0.0
C0G620 1997101915 -9999 -9999 -9999 0.0
C0G620 1997101916 -9999 -9999 -9999 0.0
C0G620 1997101917 -9999 -9999 -9999 0.0
C0G620 1997101918 -9999 -9999 -9999 0.0
C0G620 1997101919 -9999 -9999 -9999 0.0
C0G620 1997101920 -9999 -9999 -9999 0.0
C0G620 1997101921 -9999 -9999 -9999 0.0
C0G620 1997101922 -9999 -9999 -9999 0.0
C0G620 1997101923 -9999 -9999 -9999 0.0
C0G620 1997101924 -9999 -9999 -9999 0.0
C0G650 1997100101 23.4 -9999 0.0 0.0
C0G650 1997100102 22.9 -9999 0.0 0.0
C0G650 1997100103 22.8 -9999 0.0 0.0
C0G650 1997100104 23.4 -9999 0.0 0.0
C0G650 1997100105 23.3 -9999 0.0 0.0
C0G650 1997100106 22.9 -9999 0.0 0.0
C0G650 1997100107 23.6 -9999 0.0 0.0
C0G650 1997100108 25.4 -9999 0.0 0.0
C0G650 1997100109 27.1 -9999 0.0 0.0
C0G650 1997100110 29.1 -9999 0.3 0.0
C0G650 1997100111 28.9 -9999 0.1 0.0
C0G650 1997100112 30.1 -9999 0.0 0.0
C0G650 1997100113 30.1 -9999 0.2 0.0
C0G650 1997100114 -9997 -9999 -9997 0.0
C0G650 1997100115 29.9 -9999 1.8 0.0
C0G650 1997100116 29.2 -9999 1.9 0.0
C0G650 1997100117 28.4 -9999 0.9 0.0
C0G650 1997100118 27.2 -9999 0.2 0.0
C0G650 1997100119 26.3 -9999 0.1 0.0
C0G650 1997100120 25.7 -9999 0.0 0.0
C0G650 1997100121 25.0 -9999 0.0 0.0
C0G650 1997100122 24.9 -9999 0.0 0.0
C0G650 1997100123 -9997 -9999 0.1 0.0
C0G650 1997100124 24.3 -9999 0.0 0.0
C0G650 1997100201 24.0 -9999 0.0 0.0
C0G650 1997100202 23.6 -9999 0.0 0.0
C0G650 1997100203 23.2 -9999 0.0 0.0
C0G650 1997100204 23.3 -9999 0.0 0.0
C0G650 1997100205 -9997 -9999 -9997 0.0
C0G650 1997100206 22.8 -9999 0.0 0.0
C0G650 1997100207 24.3 -9999 0.0 0.0
C0G650 1997100208 26.2 -9999 0.2 0.0
C0G650 1997100209 27.2 -9999 0.1 0.0
C0G650 1997100210 29.2 -9999 0.0 0.0
C0G650 1997100211 31.0 -9999 0.0 0.0
C0G650 1997100212 31.4 -9999 0.5 0.0
C0G650 1997100213 31.9 -9999 0.8 0.0
C0G650 1997100214 -9997 -9999 1.3 0.0
C0G650 1997100215 31.4 -9999 0.2 0.0
C0G650 1997100216 31.5 -9999 0.3 0.0
C0G650 1997100217 30.3 -9999 0.0 0.0
C0G650 1997100218 28.2 -9999 0.0 0.0
C0G650 1997100219 26.4 -9999 0.0 0.0
C0G650 1997100220 25.5 -9999 0.0 0.0
C0G650 1997100221 25.1 -9999 0.0 0.0
C0G650 1997100222 24.6 -9999 0.0 0.0
C0G650 1997100223 24.4 -9999 0.0 0.0
C0G650 1997100224 24.1 -9999 0.0 0.0
C0G650 1997100301 23.8 -9999 0.0 0.0
C0G650 1997100302 23.5 -9999 0.0 0.0
C0G650 1997100303 24.2 -9999 0.2 0.0
C0G650 1997100304 23.9 -9999 -9997 0.0
C0G650 1997100305 23.6 -9999 0.0 0.0
C0G650 1997100306 23.3 -9999 0.0 0.0
C0G650 1997100307 23.7 -9999 0.0 0.0
C0G650 1997100308 26.3 -9999 0.0 0.0
C0G650 1997100309 28.4 -9999 0.1 0.0
C0G650 1997100310 30.3 -9999 0.0 0.0
C0G650 1997100311 -9997 -9999 -9997 0.0
C0G650 1997100312 32.2 -9999 0.1 0.0
C0G650 1997100313 32.7 -9999 0.5 0.0
C0G650 1997100314 32.8 -9999 0.3 0.0
C0G650 1997100315 32.3 -9999 0.3 0.0
C0G650 1997100316 31.1 -9999 0.7 0.0
C0G650 1997100317 30.3 -9999 0.2 0.0
C0G650 1997100318 28.2 -9999 0.0 0.0
C0G650 1997100319 26.9 -9999 0.0 0.0
C0G650 1997100320 25.8 -9999 0.0 0.0
C0G650 1997100321 25.0 -9999 0.0 0.0
C0G650 1997100322 24.6 -9999 0.0 0.0
C0G650 1997100323 24.2 -9999 0.0 0.0
C0G650 1997100324 23.9 -9999 0.0 0.0
C0G650 1997100401 23.7 -9999 0.0 0.0
C0G650 1997100402 23.1 -9999 0.0 0.0
C0G650 1997100403 23.0 -9999 0.0 0.0
C0G650 1997100404 23.4 -9999 0.0 0.0
C0G650 1997100405 23.7 -9999 0.0 0.0
C0G650 1997100406 22.9 -9999 0.0 0.0
C0G650 1997100407 -9997 -9999 -9997 0.0
C0G650 1997100408 25.7 -9999 0.1 0.0
C0G650 1997100409 27.6 -9999 0.7 0.0
C0G650 1997100410 29.3 -9999 0.5 0.0
C0G650 1997100411 30.4 -9999 0.8 0.0
C0G650 1997100412 32.5 -9999 0.2 0.0
C0G650 1997100413 31.9 -9999 0.4 0.0
C0G650 1997100414 -9997 -9999 -9997 0.0
C0G650 1997100415 31.0 -9999 0.3 0.0
C0G650 1997100416 29.8 -9999 0.5 0.0
C0G650 1997100417 29.3 -9999 0.0 0.0
C0G650 1997100418 27.9 -9999 0.0 0.0
C0G650 1997100419 26.3 -9999 0.0 0.0
C0G650 1997100420 -9997 -9999 -9997 -9996
C0G650 1997100421 25.1 -9999 0.0 -9996
C0G650 1997100422 24.5 -9999 -9997 -9996
C0G650 1997100423 24.9 -9999 0.3 -9996
C0G650 1997100424 24.8 -9999 0.0 -9996
C0G650 1997100501 25.0 -9999 0.0 0.0
C0G650 1997100502 24.2 -9999 0.0 0.0
C0G650 1997100503 23.8 -9999 0.0 0.0
C0G650 1997100504 24.1 -9999 0.0 0.0
C0G650 1997100505 23.3 -9999 0.1 0.0
C0G650 1997100506 23.1 -9999 0.0 0.0
C0G650 1997100507 24.1 -9999 0.0 0.0
C0G650 1997100508 26.5 -9999 0.0 0.0
C0G650 1997100509 28.3 -9999 0.1 0.0
C0G650 1997100510 29.3 -9999 1.0 0.0
C0G650 1997100511 30.8 -9999 0.1 0.0
C0G650 1997100512 30.8 -9999 1.9 0.0
C0G650 1997100513 31.4 -9999 1.3 0.0
C0G650 1997100514 31.4 -9999 1.1 0.0
C0G650 1997100515 29.9 -9999 2.9 0.0
C0G650 1997100516 29.8 -9999 0.9 0.0
C0G650 1997100517 28.6 -9999 1.2 0.0
C0G650 1997100518 27.0 -9999 0.1 0.0
C0G650 1997100519 -9997 -9999 -9997 0.0
C0G650 1997100520 25.0 -9999 0.2 0.0
C0G650 1997100521 24.6 -9999 0.1 0.0
C0G650 1997100522 24.0 -9999 0.1 0.0
C0G650 1997100523 23.7 -9999 0.0 0.0
C0G650 1997100524 23.5 -9999 0.0 0.0
C0G650 1997100601 23.2 -9999 0.0 0.0
C0G650 1997100602 23.3 -9999 0.0 0.0
C0G650 1997100603 23.5 -9999 0.0 0.0
C0G650 1997100604 22.8 -9999 0.0 0.0
C0G650 1997100605 22.9 -9999 0.0 0.0
C0G650 1997100606 22.7 -9999 0.0 0.0
C0G650 1997100607 23.3 -9999 0.0 0.0
C0G650 1997100608 24.8 -9999 1.0 0.0
C0G650 1997100609 26.4 -9999 0.1 0.0
C0G650 1997100610 27.9 -9999 0.1 0.0
C0G650 1997100611 30.0 -9999 0.2 0.0
C0G650 1997100612 29.9 -9999 0.3 0.0
C0G650 1997100613 30.1 -9999 1.1 0.0
C0G650 1997100614 30.6 -9999 0.4 0.0
C0G650 1997100615 30.8 -9999 0.7 0.0
C0G650 1997100616 30.8 -9999 0.4 0.0
C0G650 1997100617 29.7 -9999 0.3 0.0
C0G650 1997100618 27.3 -9999 0.4 0.0
C0G650 1997100619 26.0 -9999 0.5 0.0
C0G650 1997100620 25.4 -9999 0.1 0.0
C0G650 1997100621 25.0 -9999 0.2 0.0
C0G650 1997100622 23.8 -9999 0.0 0.0
C0G650 1997100623 23.0 -9999 0.0 0.0
C0G650 1997100624 22.5 -9999 0.0 0.0
C0G650 1997100701 22.3 -9999 0.0 0.0
C0G650 1997100702 22.7 -9999 0.0 0.0
C0G650 1997100703 22.4 -9999 0.0 0.0
C0G650 1997100704 22.8 -9999 0.0 0.0
C0G650 1997100705 22.4 -9999 0.0 0.0
C0G650 1997100706 22.5 -9999 0.0 0.0
C0G650 1997100707 23.9 -9999 0.0 0.0
C0G650 1997100708 25.3 -9999 0.0 0.0
C0G650 1997100709 27.6 -9999 0.8 0.0
C0G650 1997100710 28.9 -9999 0.0 0.0
C0G650 1997100711 30.3 -9999 0.5 0.0
C0G650 1997100712 30.9 -9999 0.8 0.0
C0G650 1997100713 31.5 -9999 0.6 0.0
C0G650 1997100714 30.5 -9999 1.5 0.0
C0G650 1997100715 29.3 -9999 2.7 0.0
C0G650 1997100716 29.2 -9999 1.1 0.0
C0G650 1997100717 28.3 -9999 1.1 0.0
C0G650 1997100718 26.8 -9999 0.0 0.0
C0G650 1997100719 25.6 -9999 0.0 0.0
C0G650 1997100720 25.1 -9999 -9997 0.0
C0G650 1997100721 24.3 -9999 0.0 0.0
C0G650 1997100722 24.5 -9999 0.0 0.0
C0G650 1997100723 23.4 -9999 0.0 0.0
C0G650 1997100724 22.8 -9999 0.0 0.0
C0G650 1997100801 22.3 -9999 0.0 0.0
C0G650 1997100802 21.9 -9999 0.0 0.0
C0G650 1997100803 21.5 -9999 0.0 0.0
C0G650 1997100804 22.4 -9999 0.2 0.0
C0G650 1997100805 22.2 -9999 0.0 0.0
C0G650 1997100806 22.3 -9999 0.0 0.0
C0G650 1997100807 22.7 -9999 0.2 0.0
C0G650 1997100808 24.2 -9999 0.0 0.0
C0G650 1997100809 25.9 -9999 0.1 0.0
C0G650 1997100810 27.2 -9999 0.7 0.0
C0G650 1997100811 29.0 -9999 0.8 0.0
C0G650 1997100812 29.9 -9999 1.2 0.0
C0G650 1997100813 -9997 -9999 -9997 0.0
C0G650 1997100814 31.1 -9999 0.3 0.0
C0G650 1997100815 30.5 -9999 1.1 0.0
C0G650 1997100816 -9997 -9999 -9997 0.0
C0G650 1997100817 28.4 -9999 -9997 0.0
C0G650 1997100818 26.9 -9999 0.0 0.0
C0G650 1997100819 25.0 -9999 0.0 0.0
C0G650 1997100820 24.2 -9999 0.0 -9996
C0G650 1997100821 -9997 -9999 0.0 -9996
C0G650 1997100822 23.1 -9999 0.0 -9996
C0G650 1997100823 23.1 -9999 0.0 -9996
C0G650 1997100824 22.6 -9999 0.0 -9996
C0G650 1997100901 22.2 -9999 0.0 0.0
C0G650 1997100902 22.2 -9999 0.0 0.0
C0G650 1997100903 22.0 -9999 0.0 0.0
C0G650 1997100904 -9997 -9999 -9997 0.0
C0G650 1997100905 21.9 -9999 0.0 0.0
C0G650 1997100906 22.0 -9999 0.0 0.0
C0G650 1997100907 23.4 -9999 0.0 0.0
C0G650 1997100908 25.5 -9999 0.0 0.0
C0G650 1997100909 -9997 -9999 -9997 0.0
C0G650 1997100910 27.9 -9999 0.8 0.0
C0G650 1997100911 29.5 -9999 -9997 0.0
C0G650 1997100912 -9997 -9999 -9997 0.0
C0G650 1997100913 -9997 -9999 2.1 0.0
C0G650 1997100914 30.4 -9999 1.1 0.0
C0G650 1997100915 28.5 -9999 -9997 0.0
C0G650 1997100916 -9997 -9999 -9997 0.0
C0G650 1997100917 27.5 -9999 -9997 0.0
C0G650 1997100918 26.2 -9999 0.2 0.0
C0G650 1997100919 25.4 -9999 0.0 0.0
C0G650 1997100920 24.2 -9999 0.0 0.0
C0G650 1997100921 23.7 -9999 0.0 0.0
C0G650 1997100922 23.4 -9999 0.0 0.0
C0G650 1997100923 23.0 -9999 0.0 0.0
C0G650 1997100924 23.7 -9999 0.0 0.0
C0G650 1997101001 23.6 -9999 0.0 0.0
C0G650 1997101002 23.6 -9999 0.0 0.0
C0G650 1997101003 23.8 -9999 0.0 0.0
C0G650 1997101004 23.4 -9999 0.0 0.0
C0G650 1997101005 23.5 -9999 0.0 0.0
C0G650 1997101006 23.3 -9999 0.0 0.0
C0G650 1997101007 23.9 -9999 0.1 0.0
C0G650 1997101008 24.8 -9999 0.0 0.0
C0G650 1997101009 25.6 -9999 0.4 0.0
C0G650 1997101010 25.9 -9999 1.2 0.0
C0G650 1997101011 -9997 -9999 -9997 0.0
C0G650 1997101012 27.1 -9999 0.0 0.0
C0G650 1997101013 27.5 -9999 0.0 0.0
C0G650 1997101014 27.4 -9999 -9997 0.0
C0G650 1997101015 -9997 -9999 -9997 0.0
C0G650 1997101016 -9997 -9999 -9997 0.0
C0G650 1997101017 26.1 -9999 0.0 0.0
C0G650 1997101018 25.9 -9999 0.4 0.0
C0G650 1997101019 25.4 -9999 0.7 0.0
C0G650 1997101020 25.1 -9999 0.0 0.0
C0G650 1997101021 24.8 -9999 0.4 0.0
C0G650 1997101022 24.4 -9999 0.1 0.0
C0G650 1997101023 24.6 -9999 0.2 0.0
C0G650 1997101024 23.9 -9999 0.1 0.0
C0G650 1997101101 23.5 -9999 0.0 0.0
C0G650 1997101102 22.7 -9999 0.1 0.0
C0G650 1997101103 22.2 -9999 0.0 0.0
C0G650 1997101104 22.0 -9999 0.0 0.0
C0G650 1997101105 21.9 -9999 0.0 0.0
C0G650 1997101106 22.9 -9999 0.2 0.0
C0G650 1997101107 22.1 -9999 0.0 0.0
C0G650 1997101108 24.4 -9999 0.0 0.0
C0G650 1997101109 25.8 -9999 0.1 0.0
C0G650 1997101110 27.5 -9999 0.3 0.0
C0G650 1997101111 28.9 -9999 1.0 0.0
C0G650 1997101112 29.3 -9999 0.9 0.0
C0G650 1997101113 30.3 -9999 1.0 0.0
C0G650 1997101114 30.6 -9999 0.7 0.0
C0G650 1997101115 29.5 -9999 1.9 0.0
C0G650 1997101116 29.0 -9999 1.5 0.0
C0G650 1997101117 27.7 -9999 0.4 0.0
C0G650 1997101118 26.5 -9999 1.4 0.0
C0G650 1997101119 25.3 -9999 0.0 0.0
C0G650 1997101120 24.4 -9999 0.1 0.0
C0G650 1997101121 23.7 -9999 0.0 0.0
C0G650 1997101122 23.5 -9999 0.0 0.0
C0G650 1997101123 23.5 -9999 0.0 0.0
C0G650 1997101124 23.3 -9999 0.0 0.0
C0G650 1997101201 22.9 -9999 0.0 0.0
C0G650 1997101202 22.6 -9999 0.0 0.0
C0G650 1997101203 22.6 -9999 0.0 0.0
C0G650 1997101204 22.4 -9999 0.0 0.0
C0G650 1997101205 22.2 -9999 0.0 0.0
C0G650 1997101206 21.7 -9999 0.0 0.0
C0G650 1997101207 23.3 -9999 0.0 0.0
C0G650 1997101208 24.7 -9999 0.0 0.0
C0G650 1997101209 26.3 -9999 -9997 0.0
C0G650 1997101210 28.4 -9999 0.0 0.0
C0G650 1997101211 30.7 -9999 0.4 0.0
C0G650 1997101212 30.9 -9999 0.1 0.0
C0G650 1997101213 30.5 -9999 1.0 0.0
C0G650 1997101214 30.5 -9999 1.0 0.0
C0G650 1997101215 -9997 -9999 0.5 0.0
C0G650 1997101216 29.1 -9999 0.3 0.0
C0G650 1997101217 27.6 -9999 0.2 0.0
C0G650 1997101218 26.3 -9999 0.8 0.0
C0G650 1997101219 25.7 -9999 0.1 0.0
C0G650 1997101220 25.2 -9999 0.0 -9996
C0G650 1997101221 24.3 -9999 0.0 -9996
C0G650 1997101222 -9997 -9999 -9997 -9996
C0G650 1997101223 23.2 -9999 -9997 -9996
C0G650 1997101224 22.8 -9999 0.0 -9996
C0G650 1997101301 22.5 -9999 0.0 0.0
C0G650 1997101302 22.4 -9999 0.0 0.0
C0G650 1997101303 22.2 -9999 0.0 0.0
C0G650 1997101304 22.0 -9999 0.0 0.0
C0G650 1997101305 -9997 -9999 0.0 0.0
C0G650 1997101306 21.8 -9999 0.0 0.0
C0G650 1997101307 22.6 -9999 0.0 0.0
C0G650 1997101308 25.2 -9999 0.0 0.0
C0G650 1997101309 26.6 -9999 1.2 0.0
C0G650 1997101310 28.1 -9999 0.2 0.0
C0G650 1997101311 29.8 -9999 0.1 0.0
C0G650 1997101312 30.7 -9999 0.1 0.0
C0G650 1997101313 -9997 -9999 -9997 0.0
C0G650 1997101314 29.5 -9999 1.1 0.0
C0G650 1997101315 -9997 -9999 -9997 0.0
C0G650 1997101316 28.7 -9999 1.3 0.0
C0G650 1997101317 27.6 -9999 0.5 0.0
C0G650 1997101318 -9997 -9999 -9997 0.0
C0G650 1997101319 25.6 -9999 0.0 0.0
C0G650 1997101320 24.8 -9999 0.0 0.0
C0G650 1997101321 24.4 -9999 0.0 0.0
C0G650 1997101322 24.0 -9999 0.0 0.0
C0G650 1997101323 23.5 -9999 0.0 0.0
C0G650 1997101324 23.1 -9999 0.0 0.0
C0G650 1997101401 -9997 -9999 -9997 0.0
C0G650 1997101402 22.6 -9999 0.0 0.0
C0G650 1997101403 -9997 -9999 -9997 0.0
C0G650 1997101404 22.7 -9999 0.0 0.0
C0G650 1997101405 -9997 -9999 -9997 0.0
C0G650 1997101406 22.4 -9999 0.0 0.0
C0G650 1997101407 22.7 -9999 0.0 0.0
C0G650 1997101408 25.2 -9999 0.0 0.0
C0G650 1997101409 27.4 -9999 0.2 0.0
C0G650 1997101410 29.1 -9999 0.2 0.0
C0G650 1997101411 29.4 -9999 0.5 0.0
C0G650 1997101412 -9997 -9999 0.2 0.0
C0G650 1997101413 30.1 -9999 0.7 0.0
C0G650 1997101414 -9997 -9999 0.4 0.0
C0G650 1997101415 30.2 -9999 0.5 0.0
C0G650 1997101416 29.3 -9999 -9997 0.0
C0G650 1997101417 28.1 -9999 0.6 0.0
C0G650 1997101418 27.0 -9999 0.1 0.0
C0G650 1997101419 25.9 -9999 0.1 0.0
C0G650 1997101420 24.9 -9999 0.0 0.0
C0G650 1997101421 24.0 -9999 0.0 0.0
C0G650 1997101422 24.2 -9999 -9997 0.0
C0G650 1997101423 -9997 -9999 -9997 0.0
C0G650 1997101424 23.1 -9999 0.0 0.0
C0G650 1997101501 23.2 -9999 0.0 0.0
C0G650 1997101502 24.0 -9999 0.0 0.0
C0G650 1997101503 23.5 -9999 0.0 0.0
C0G650 1997101504 22.5 -9999 0.0 0.0
C0G650 1997101505 22.2 -9999 0.0 0.0
C0G650 1997101506 22.0 -9999 0.0 0.0
C0G650 1997101507 22.8 -9999 0.0 0.0
C0G650 1997101508 25.6 -9999 0.0 0.0
C0G650 1997101509 -9997 -9999 -9997 0.0
C0G650 1997101510 29.4 -9999 0.1 0.0
C0G650 1997101511 31.3 -9999 0.2 0.0
C0G650 1997101512 31.9 -9999 0.5 0.0
C0G650 1997101513 31.7 -9999 0.7 0.0
C0G650 1997101514 31.0 -9999 0.8 0.0
C0G650 1997101515 30.3 -9999 0.3 0.0
C0G650 1997101516 29.2 -9999 0.2 0.0
C0G650 1997101517 -9997 -9999 -9997 0.0
C0G650 1997101518 27.0 -9999 0.0 0.0
C0G650 1997101519 26.3 -9999 0.1 0.0
C0G650 1997101520 25.8 -9999 0.0 0.0
C0G650 1997101521 25.1 -9999 0.0 0.0
C0G650 1997101522 24.2 -9999 0.0 0.0
C0G650 1997101523 23.7 -9999 0.0 0.0
C0G650 1997101524 23.7 -9999 0.0 0.0
C0G650 1997101601 22.9 -9999 0.0 0.0
C0G650 1997101602 22.8 -9999 0.0 0.0
C0G650 1997101603 22.8 -9999 0.0 0.0
C0G650 1997101604 22.3 -9999 0.0 0.0
C0G650 1997101605 21.9 -9999 0.0 0.0
C0G650 1997101606 21.9 -9999 0.0 0.0
C0G650 1997101607 22.6 -9999 0.0 0.0
C0G650 1997101608 25.5 -9999 0.0 0.0
C0G650 1997101609 27.4 -9999 0.0 0.0
C0G650 1997101610 29.6 -9999 0.8 0.0
C0G650 1997101611 31.2 -9999 0.1 0.0
C0G650 1997101612 31.7 -9999 0.8 0.0
C0G650 1997101613 32.4 -9999 0.8 0.0
C0G650 1997101614 32.0 -9999 0.4 0.0
C0G650 1997101615 31.2 -9999 1.1 0.0
C0G650 1997101616 30.2 -9999 1.5 0.0
C0G650 1997101617 28.8 -9999 0.1 0.0
C0G650 1997101618 27.2 -9999 0.0 0.0
C0G650 1997101619 25.7 -9999 0.0 -9996
C0G650 1997101620 25.3 -9999 0.0 -9996
C0G650 1997101621 24.6 -9999 0.0 -9996
C0G650 1997101622 24.2 -9999 0.0 -9996
C0G650 1997101623 23.6 -9999 0.0 -9996
C0G650 1997101624 23.6 -9999 0.0 -9996
C0G650 1997101701 23.4 -9999 0.0 0.0
C0G650 1997101702 23.5 -9999 0.0 0.0
C0G650 1997101703 23.7 -9999 0.0 0.0
C0G650 1997101704 23.2 -9999 0.0 0.0
C0G650 1997101705 23.1 -9999 0.0 0.0
C0G650 1997101706 22.8 -9999 0.0 0.0
C0G650 1997101707 23.2 -9999 0.0 0.0
C0G650 1997101708 25.6 -9999 0.1 0.0
C0G650 1997101709 27.0 -9999 0.3 0.0
C0G650 1997101710 28.1 -9999 0.8 0.0
C0G650 1997101711 29.6 -9999 0.5 0.0
C0G650 1997101712 30.7 -9999 0.4 0.0
C0G650 1997101713 30.6 -9999 1.2 0.0
C0G650 1997101714 30.4 -9999 0.9 0.0
C0G650 1997101715 30.3 -9999 2.0 0.0
C0G650 1997101716 29.7 -9999 -9997 0.0
C0G650 1997101717 28.1 -9999 -9997 0.0
C0G650 1997101718 -9997 -9999 -9997 0.0
C0G650 1997101719 26.0 -9999 0.0 0.0
C0G650 1997101720 24.9 -9999 0.6 0.0
C0G650 1997101721 -9997 -9999 -9997 0.0
C0G650 1997101722 24.0 -9999 0.0 0.0
C0G650 1997101723 23.0 -9999 0.0 0.0
C0G650 1997101724 22.7 -9999 0.0 0.0
C0G650 1997101801 22.7 -9999 0.0 0.0
C0G650 1997101802 22.2 -9999 0.0 0.0
C0G650 1997101803 21.9 -9999 0.0 0.0
C0G650 1997101804 22.1 -9999 0.0 0.0
C0G650 1997101805 21.7 -9999 0.0 0.0
C0G650 1997101806 21.4 -9999 0.0 0.0
C0G650 1997101807 -9997 -9999 -9997 0.0
C0G650 1997101808 24.2 -9999 0.1 0.0
C0G650 1997101809 26.0 -9999 0.3 0.0
C0G650 1997101810 27.3 -9999 1.0 0.0
C0G650 1997101811 28.9 -9999 0.2 0.0
C0G650 1997101812 30.3 -9999 0.5 0.0
C0G650 1997101813 29.5 -9999 0.8 0.0
C0G650 1997101814 30.7 -9999 -9997 0.0
C0G650 1997101815 29.7 -9999 0.9 0.0
C0G650 1997101816 28.1 -9999 2.2 0.0
C0G650 1997101817 -9997 -9999 -9997 0.0
C0G650 1997101818 25.5 -9999 -9997 0.0
C0G650 1997101819 24.9 -9999 0.4 0.0
C0G650 1997101820 23.7 -9999 0.0 0.0
C0G650 1997101821 22.6 -9999 0.0 0.0
C0G650 1997101822 22.0 -9999 0.0 0.0
C0G650 1997101823 21.7 -9999 0.0 0.0
C0G650 1997101824 21.3 -9999 0.0 0.0
C0G650 1997101901 21.3 -9999 0.0 0.0
C0G650 1997101902 21.5 -9999 0.0 0.0
C0G650 1997101903 21.4 -9999 0.0 0.0
C0G650 1997101904 21.5 -9999 0.0 0.0
C0G650 1997101905 21.3 -9999 0.0 0.0
C0G650 1997101906 21.1 -9999 0.0 0.0
C0G650 1997101907 22.3 -9999 0.0 0.0
C0G650 1997101908 24.0 -9999 0.0 0.0
C0G650 1997101909 26.8 -9999 0.7 0.0
C0G650 1997101910 28.2 -9999 0.2 0.0
C0G650 1997101911 29.6 -9999 0.5 0.0
C0G650 1997101912 29.8 -9999 0.2 0.0
C0G650 1997101913 30.0 -9999 1.4 0.0
C0G650 1997101914 30.5 -9999 0.3 0.0
C0G650 1997101915 30.6 -9999 0.3 0.0
C0G650 1997101916 30.4 -9999 0.1 0.0
C0G650 1997101917 28.2 -9999 0.3 0.0
C0G650 1997101918 26.7 -9999 0.0 0.0
C0G650 1997101919 25.2 -9999 -9997 0.0
C0G650 1997101920 24.2 -9999 0.0 0.0
C0G650 1997101921 23.4 -9999 0.0 0.0
C0G650 1997101922 -9997 -9999 -9997 0.0
C0G650 1997101923 -9997 -9999 -9997 0.0
C0G650 1997101924 22.7 -9999 0.0 0.0
C0G650 1997102001 22.5 -9999 0.0 0.0
C0G650 1997102002 22.4 -9999 0.0 0.0
C0G650 1997102003 22.3 -9999 0.0 0.0
C0G650 1997102004 -9997 -9999 -9997 0.0
C0G650 1997102005 -9997 -9999 -9997 0.0
C0G650 1997102006 -9997 -9999 0.0 0.0
C0G650 1997102007 22.0 -9999 0.0 0.0
C0G650 1997102008 24.3 -9999 0.0 0.0
C0G650 1997102009 27.5 -9999 0.7 0.0
C0G650 1997102010 28.6 -9999 0.7 0.0
C0G650 1997102011 29.7 -9999 0.1 0.0
C0G650 1997102012 30.3 -9999 0.5 0.0
C0G650 1997102013 31.2 -9999 0.2 0.0
C0G650 1997102014 30.9 -9999 0.3 0.0
C0G650 1997102015 31.3 -9999 0.2 0.0
C0G650 1997102016 30.1 -9999 0.0 0.0
C0G650 1997102017 28.3 -9999 0.3 0.0
C0G650 1997102018 27.2 -9999 -9997 0.0
C0G650 1997102019 25.7 -9999 0.0 0.0
C0G650 1997102020 -9997 -9999 -9997 0.0
C0G650 1997102021 -9997 -9999 -9997 0.0
C0G650 1997102022 23.9 -9999 0.0 0.0
C0G650 1997102023 23.6 -9999 0.0 0.0
C0G650 1997102024 23.3 -9999 0.0 0.0
C0G650 1997102101 23.0 -9999 0.0 0.0
C0G650 1997102102 22.7 -9999 0.0 0.0
C0G650 1997102103 22.5 -9999 0.0 0.0
C0G650 1997102104 22.3 -9999 0.0 0.0
C0G650 1997102105 22.7 -9999 0.0 0.0
C0G650 1997102106 22.2 -9999 0.0 0.0
C0G650 1997102107 22.5 -9999 0.0 0.0
C0G650 1997102108 24.2 -9999 0.0 0.0
C0G650 1997102109 -9997 -9999 -9997 0.0
C0G650 1997102110 27.3 -9999 0.0 0.0
C0G650 1997102111 28.1 -9999 0.0 0.0
C0G650 1997102112 -9997 -9999 0.2 0.0
C0G650 1997102113 28.5 -9999 0.1 0.0
C0G650 1997102114 29.1 -9999 0.0 0.0
C0G650 1997102115 -9997 -9999 0.8 0.0
C0G650 1997102116 27.9 -9999 0.0 0.0
C0G650 1997102117 -9997 -9999 -9997 0.0
C0G650 1997102118 26.1 -9999 0.7 0.0
C0G650 1997102119 25.4 -9999 0.0 0.0
C0G650 1997102120 25.2 -9999 0.0 0.0
C0G650 1997102121 24.9 -9999 0.0 0.0
C0G650 1997102122 24.4 -9999 0.0 0.0
C0G650 1997102123 23.6 -9999 -9997 0.0
C0G650 1997102124 23.9 -9999 0.0 0.0
C0G650 1997102201 23.3 -9999 0.0 0.0
C0G650 1997102202 23.1 -9999 0.0 0.0
C0G650 1997102203 22.9 -9999 0.0 0.0
C0G650 1997102204 22.7 -9999 0.0 0.0
C0G650 1997102205 22.4 -9999 0.0 0.0
C0G650 1997102206 22.2 -9999 0.0 0.0
C0G650 1997102207 22.8 -9999 0.0 0.0
C0G650 1997102208 25.1 -9999 0.5 0.0
C0G650 1997102209 27.0 -9999 0.1 0.0
C0G650 1997102210 27.7 -9999 0.5 0.0
C0G650 1997102211 29.4 -9999 0.3 0.0
C0G650 1997102212 29.8 -9999 1.8 0.0
C0G650 1997102213 29.9 -9999 2.0 0.0
C0G650 1997102214 29.5 -9999 1.8 0.0
C0G650 1997102215 29.8 -9999 1.2 0.0
C0G650 1997102216 28.3 -9999 1.5 0.0
C0G650 1997102217 27.2 -9999 -9997 0.0
C0G650 1997102218 25.8 -9999 0.3 0.0
C0G650 1997102219 25.1 -9999 0.0 0.0
C0G650 1997102220 23.3 -9999 0.0 0.0
C0G650 1997102221 22.6 -9999 0.0 0.0
C0G650 1997102222 22.0 -9999 0.0 0.0
C0G650 1997102223 21.6 -9999 0.0 0.0
C0G650 1997102224 21.3 -9999 0.0 0.0
C0G650 1997102301 21.0 -9999 0.0 0.0
C0G650 1997102302 21.1 -9999 0.0 0.0
C0G650 1997102303 20.6 -9999 0.0 0.0
C0G650 1997102304 20.7 -9999 0.0 0.0
C0G650 1997102305 20.3 -9999 0.0 0.0
C0G650 1997102306 20.0 -9999 0.0 0.0
C0G650 1997102307 -9997 -9999 0.0 0.0
C0G650 1997102308 22.8 -9999 0.3 0.0
C0G650 1997102309 24.6 -9999 0.0 0.0
C0G650 1997102310 27.0 -9999 0.0 0.0
C0G650 1997102311 28.8 -9999 0.4 0.0
C0G650 1997102312 29.7 -9999 0.5 0.0
C0G650 1997102313 29.8 -9999 0.2 0.0
C0G650 1997102314 30.7 -9999 0.7 0.0
C0G650 1997102315 29.5 -9999 1.1 0.0
C0G650 1997102316 28.4 -9999 1.5 0.0
C0G650 1997102317 27.1 -9999 0.5 0.0
C0G650 1997102318 25.9 -9999 0.2 0.0
C0G650 1997102319 25.3 -9999 0.0 0.0
C0G650 1997102320 22.9 -9999 0.0 0.0
C0G650 1997102321 23.0 -9999 0.0 0.0
C0G650 1997102322 21.2 -9999 0.0 0.0
C0G650 1997102323 20.9 -9999 0.0 0.0
C0G650 1997102324 20.3 -9999 0.0 0.0
C0G650 1997102401 20.1 -9999 0.0 0.0
C0G650 1997102402 19.9 -9999 0.0 0.0
C0G650 1997102403 20.8 -9999 0.0 0.0
C0G650 1997102404 20.0 -9999 0.0 0.0
C0G650 1997102405 20.5 -9999 0.0 0.0
C0G650 1997102406 20.7 -9999 0.0 0.0
C0G650 1997102407 21.5 -9999 0.0 0.0
C0G650 1997102408 22.6 -9999 0.0 0.0
C0G650 1997102409 25.5 -9999 0.0 0.0
C0G650 1997102410 26.8 -9999 0.0 0.0
C0G650 1997102411 28.3 -9999 0.2 0.0
C0G650 1997102412 29.4 -9999 0.4 0.0
C0G650 1997102413 29.2 -9999 1.0 0.0
C0G650 1997102414 -9997 -9999 -9997 0.0
C0G650 1997102415 29.1 -9999 1.9 0.0
C0G650 1997102416 28.0 -9999 1.2 0.0
C0G650 1997102417 26.8 -9999 -9997 0.0
C0G650 1997102418 25.2 -9999 0.4 0.0
C0G650 1997102419 24.5 -9999 0.0 0.0
C0G650 1997102420 23.2 -9999 0.0 0.0
C0G650 1997102421 22.8 -9999 0.0 0.0
C0G650 1997102422 21.5 -9999 0.0 0.0
C0G650 1997102423 20.6 -9999 0.0 0.0
C0G650 1997102424 20.1 -9999 0.0 0.0
C0G650 1997102501 19.5 -9999 0.0 0.0
C0G650 1997102502 19.7 -9999 0.0 0.0
C0G650 1997102503 19.3 -9999 0.0 0.0
C0G650 1997102504 19.1 -9999 0.0 0.0
C0G650 1997102505 20.3 -9999 0.0 0.0
C0G650 1997102506 20.8 -9999 0.0 0.0
C0G650 1997102507 20.0 -9999 0.0 0.0
C0G650 1997102508 22.2 -9999 0.0 0.0
C0G650 1997102509 24.8 -9999 0.0 0.0
C0G650 1997102510 -9997 -9999 0.4 0.0
C0G650 1997102511 28.3 -9999 0.2 0.0
C0G650 1997102512 28.4 -9999 0.8 0.0
C0G650 1997102513 29.0 -9999 0.1 0.0
C0G650 1997102514 29.8 -9999 0.1 0.0
C0G650 1997102515 29.3 -9999 0.2 0.0
C0G650 1997102516 28.0 -9999 0.4 0.0
C0G650 1997102517 26.9 -9999 0.0 0.0
C0G650 1997102518 25.3 -9999 0.0 0.0
C0G650 1997102519 23.4 -9999 0.0 0.0
C0G650 1997102520 22.8 -9999 0.0 -9996
C0G650 1997102521 22.4 -9999 0.0 -9996
C0G650 1997102522 22.6 -9999 0.0 -9996
C0G650 1997102523 23.5 -9999 0.0 -9996
C0G650 1997102524 23.6 -9999 0.0 -9996
C0G650 1997102601 22.7 -9999 0.0 0.0
C0G650 1997102602 21.4 -9999 0.0 0.0
C0G650 1997102603 20.8 -9999 0.0 0.0
C0G650 1997102604 20.2 -9999 0.0 0.0
C0G650 1997102605 20.3 -9999 0.0 0.0
C0G650 1997102606 19.8 -9999 0.0 0.0
C0G650 1997102607 20.4 -9999 0.0 0.0
C0G650 1997102608 24.0 -9999 0.0 0.0
C0G650 1997102609 25.6 -9999 0.0 0.0
C0G650 1997102610 27.3 -9999 0.2 0.0
C0G650 1997102611 28.3 -9999 0.2 0.0
C0G650 1997102612 28.6 -9999 0.1 0.0
C0G650 1997102613 29.0 -9999 0.4 0.0
C0G650 1997102614 27.9 -9999 0.1 0.0
C0G650 1997102615 27.5 -9999 1.2 0.0
C0G650 1997102616 -9997 -9999 1.4 0.0
C0G650 1997102617 25.7 -9999 0.8 0.0
C0G650 1997102618 24.2 -9999 0.2 0.0
C0G650 1997102619 24.0 -9999 0.4 0.0
C0G650 1997102620 23.6 -9999 0.5 0.0
C0G650 1997102621 23.1 -9999 0.2 0.0
C0G650 1997102622 22.8 -9999 0.0 0.0
C0G650 1997102623 22.2 -9999 0.0 0.0
C0G650 1997102624 21.7 -9999 0.0 0.0
C0G650 1997102701 21.3 -9999 0.0 0.0
C0G650 1997102702 21.7 -9999 0.0 0.0
C0G650 1997102703 21.6 -9999 0.0 0.0
C0G650 1997102704 20.4 -9999 0.0 0.0
C0G650 1997102705 20.0 -9999 0.0 0.0
C0G650 1997102706 20.4 -9999 0.0 0.0
C0G650 1997102707 21.2 -9999 0.0 0.0
C0G650 1997102708 22.1 -9999 0.8 0.0
C0G650 1997102709 24.0 -9999 0.6 0.0
C0G650 1997102710 25.2 -9999 1.3 0.0
C0G650 1997102711 25.7 -9999 1.5 0.0
C0G650 1997102712 26.4 -9999 2.7 0.0
C0G650 1997102713 25.4 -9999 2.5 0.0
C0G650 1997102714 24.7 -9999 3.2 0.0
C0G650 1997102715 24.2 -9999 2.5 0.0
C0G650 1997102716 23.5 -9999 2.3 0.0
C0G650 1997102717 22.5 -9999 1.4 0.0
C0G650 1997102718 21.6 -9999 1.4 0.0
C0G650 1997102719 21.2 -9999 0.6 0.0
C0G650 1997102720 20.8 -9999 0.4 0.0
C0G650 1997102721 20.7 -9999 1.2 0.0
C0G650 1997102722 20.5 -9999 0.1 0.0
C0G650 1997102723 19.8 -9999 0.0 -9996
C0G650 1997102724 19.2 -9999 0.0 0.5
C0G650 1997102801 19.4 -9999 0.2 0.0
C0G650 1997102802 -9997 -9999 0.0 0.0
C0G650 1997102803 19.6 -9999 0.0 0.0
C0G650 1997102804 19.4 -9999 0.0 0.0
C0G650 1997102805 19.5 -9999 0.1 0.0
C0G650 1997102806 19.4 -9999 0.2 0.0
C0G650 1997102807 19.5 -9999 0.1 0.0
C0G650 1997102808 20.8 -9999 0.2 0.0
C0G650 1997102809 21.9 -9999 1.4 0.0
C0G650 1997102810 23.7 -9999 1.0 0.0
C0G650 1997102811 24.4 -9999 0.3 0.0
C0G650 1997102812 24.5 -9999 1.1 0.0
C0G650 1997102813 25.8 -9999 0.1 0.0
C0G650 1997102814 25.1 -9999 0.6 0.0
C0G650 1997102815 24.4 -9999 0.6 0.0
C0G650 1997102816 23.9 -9999 0.2 0.0
C0G650 1997102817 23.3 -9999 0.5 0.0
C0G650 1997102818 22.5 -9999 0.2 0.0
C0G650 1997102819 22.0 -9999 0.1 0.0
C0G650 1997102820 21.6 -9999 0.3 -9996
C0G650 1997102821 21.2 -9999 0.0 -9996
C0G650 1997102822 21.2 -9999 0.2 -9996
C0G650 1997102823 21.1 -9999 0.3 -9996
C0G650 1997102824 21.0 -9999 0.1 -9996
C0G650 1997102901 20.9 -9999 0.6 0.0
C0G650 1997102902 20.7 -9999 0.1 -9996
C0G650 1997102903 20.5 -9999 0.1 -9996
C0G650 1997102904 20.1 -9999 0.0 1.0
C0G650 1997102905 20.4 -9999 0.8 0.5
C0G650 1997102906 20.4 -9999 0.0 -9996
C0G650 1997102907 20.5 -9999 0.3 1.5
C0G650 1997102908 21.4 -9999 1.0 1.0
C0G650 1997102909 23.9 -9999 0.9 0.0
C0G650 1997102910 25.4 -9999 1.6 0.0
C0G650 1997102911 25.8 -9999 0.6 0.0
C0G650 1997102912 23.6 -9999 1.1 0.0
C0G650 1997102913 23.7 -9999 0.5 0.0
C0G650 1997102914 23.8 -9999 0.1 0.0
C0G650 1997102915 23.7 -9999 0.4 0.0
C0G650 1997102916 23.4 -9999 0.4 0.0
C0G650 1997102917 23.1 -9999 0.7 0.0
C0G650 1997102918 22.6 -9999 0.5 0.0
C0G650 1997102919 22.3 -9999 1.6 0.0
C0G650 1997102920 21.9 -9999 1.2 0.0
C0G650 1997102921 21.6 -9999 0.2 0.0
C0G650 1997102922 21.5 -9999 0.3 0.0
C0G650 1997102923 21.3 -9999 0.2 0.0
C0G650 1997102924 21.0 -9999 0.4 0.0
C0G650 1997103001 20.5 -9999 0.0 0.0
C0G650 1997103002 21.3 -9999 0.2 0.0
C0G650 1997103003 21.5 -9999 0.9 0.0
C0G650 1997103004 21.5 -9999 0.3 0.0
C0G650 1997103005 21.1 -9999 0.0 0.0
C0G650 1997103006 20.9 -9999 0.9 0.0
C0G650 1997103007 21.4 -9999 0.1 0.0
C0G650 1997103008 21.8 -9999 1.3 0.0
C0G650 1997103009 23.1 -9999 1.2 0.0
C0G650 1997103010 24.4 -9999 1.3 0.0
C0G650 1997103011 25.5 -9999 2.2 0.0
C0G650 1997103012 -9997 -9999 -9997 0.0
C0G650 1997103013 -9997 -9999 -9997 0.0
C0G650 1997103014 25.8 -9999 3.0 0.0
C0G650 1997103015 -9997 -9999 -9997 0.0
C0G650 1997103016 -9997 -9999 -9997 0.0
C0G650 1997103017 22.4 -9999 2.8 0.0
C0G650 1997103018 -9997 -9999 -9997 0.0
C0G650 1997103019 -9997 -9999 1.3 0.0
C0G650 1997103020 -9997 -9999 -9997 0.0
C0G650 1997103021 -9997 -9999 -9997 0.0
C0G650 1997103022 -9997 -9999 -9997 0.0
C0G650 1997103023 -9997 -9999 -9997 0.0
C0G650 1997103024 -9997 -9999 -9997 0.0
C0G650 1997103101 -9997 -9999 -9997 0.0
C0G650 1997103102 -9997 -9999 -9997 0.0
C0G650 1997103103 -9997 -9999 -9997 0.0
C0G650 1997103104 20.0 -9999 0.5 0.0
C0G650 1997103105 19.9 -9999 0.4 0.0
C0G650 1997103106 -9997 -9999 -9997 0.0
C0G650 1997103107 20.4 -9999 1.7 0.0
C0G650 1997103108 -9997 -9999 -9997 0.0
C0G650 1997103109 22.1 -9999 1.7 0.0
C0G650 1997103110 23.5 -9999 1.7 0.0
C0G650 1997103111 -9997 -9999 -9997 0.0
C0G650 1997103112 25.1 -9999 2.2 0.0
C0G650 1997103113 24.8 -9999 2.2 0.0
C0G650 1997103114 -9997 -9999 -9997 0.0
C0G650 1997103115 -9997 -9999 -9997 0.0
C0G650 1997103116 -9997 -9999 -9997 0.0
C0G650 1997103117 -9997 -9999 -9997 0.0
C0G650 1997103118 20.8 -9999 0.6 0.0
C0G650 1997103119 -9997 -9999 -9997 0.0
C0G650 1997103120 20.3 -9999 0.9 0.0
C0G650 1997103121 -9997 -9999 -9997 0.0
C0G650 1997103122 19.7 -9999 0.6 0.0
C0G650 1997103123 19.6 -9999 1.3 0.0
C0G650 1997103124 -9997 -9999 -9997 0.0
C0G660 1997100101 -9999 -9999 -9999 0.0
C0G660 1997100102 -9999 -9999 -9999 0.0
C0G660 1997100103 -9999 -9999 -9999 0.0
C0G660 1997100104 -9999 -9999 -9999 0.0
C0G660 1997100105 -9999 -9999 -9999 0.0
C0G660 1997100106 -9999 -9999 -9999 0.0
C0G660 1997100107 -9999 -9999 -9999 0.0
C0G660 1997100108 -9999 -9999 -9999 0.0
C0G660 1997100109 -9999 -9999 -9999 0.0
C0G660 1997100110 -9999 -9999 -9999 0.0
C0G660 1997100111 -9999 -9999 -9999 0.0
C0G660 1997100112 -9999 -9999 -9999 0.0
C0G660 1997100113 -9999 -9999 -9999 0.0
C0G660 1997100114 -9999 -9999 -9999 0.0
C0G660 1997100115 -9999 -9999 -9999 0.0
C0G660 1997100116 -9999 -9999 -9999 0.0
C0G660 1997100117 -9999 -9999 -9999 0.0
C0G660 1997100118 -9999 -9999 -9999 0.0
C0G660 1997100119 -9999 -9999 -9999 0.0
C0G660 1997100120 -9999 -9999 -9999 -9996
C0G660 1997100121 -9999 -9999 -9999 -9996
C0G660 1997100122 -9999 -9999 -9999 -9996
C0G660 1997100123 -9999 -9999 -9999 -9996
C0G660 1997100124 -9999 -9999 -9999 -9996
C0G660 1997100201 -9999 -9999 -9999 0.0
C0G660 1997100202 -9999 -9999 -9999 0.0
C0G660 1997100203 -9999 -9999 -9999 0.0
C0G660 1997100204 -9999 -9999 -9999 0.0
C0G660 1997100205 -9999 -9999 -9999 0.0
C0G660 1997100206 -9999 -9999 -9999 0.0
C0G660 1997100207 -9999 -9999 -9999 0.0
C0G660 1997100208 -9999 -9999 -9999 0.0
C0G660 1997100209 -9999 -9999 -9999 0.0
C0G660 1997100210 -9999 -9999 -9999 0.0
C0G660 1997100211 -9999 -9999 -9999 0.0
C0G660 1997100212 -9999 -9999 -9999 0.0
C0G660 1997100213 -9999 -9999 -9999 0.0
C0G660 1997100214 -9999 -9999 -9999 0.0
C0G660 1997100215 -9999 -9999 -9999 0.0
C0G660 1997100216 -9999 -9999 -9999 0.0
C0G660 1997100217 -9999 -9999 -9999 0.0
C0G660 1997100218 -9999 -9999 -9999 0.0
C0G660 1997100219 -9999 -9999 -9999 0.0
C0G660 1997100220 -9999 -9999 -9999 0.0
C0G660 1997100221 -9999 -9999 -9999 0.0
C0G660 1997100222 -9999 -9999 -9999 0.0
C0G660 1997100223 -9999 -9999 -9999 0.0
C0G660 1997100224 -9999 -9999 -9999 0.0
C0G660 1997100301 -9999 -9999 -9999 0.0
C0G660 1997100302 -9999 -9999 -9999 0.0
C0G660 1997100303 -9999 -9999 -9999 0.0
C0G660 1997100304 -9999 -9999 -9999 0.0
C0G660 1997100305 -9999 -9999 -9999 0.0
C0G660 1997100306 -9999 -9999 -9999 0.0
C0G660 1997100307 -9999 -9999 -9999 0.0
C0G660 1997100308 -9999 -9999 -9999 0.0
C0G660 1997100309 -9999 -9999 -9999 0.0
C0G660 1997100310 -9999 -9999 -9999 0.0
C0G660 1997100311 -9999 -9999 -9999 0.0
C0G660 1997100312 -9999 -9999 -9999 0.0
C0G660 1997100313 -9999 -9999 -9999 0.0
C0G660 1997100314 -9999 -9999 -9999 0.0
C0G660 1997100315 -9999 -9999 -9999 0.0
C0G660 1997100316 -9999 -9999 -9999 0.0
C0G660 1997100317 -9999 -9999 -9999 0.0
C0G660 1997100318 -9999 -9999 -9999 0.0
C0G660 1997100319 -9999 -9999 -9999 0.0
C0G660 1997100320 -9999 -9999 -9999 0.0
C0G660 1997100321 -9999 -9999 -9999 0.0
C0G660 1997100322 -9999 -9999 -9999 0.0
C0G660 1997100323 -9999 -9999 -9999 0.0
C0G660 1997100324 -9999 -9999 -9999 0.0
C0G660 1997100401 -9999 -9999 -9999 0.0
C0G660 1997100402 -9999 -9999 -9999 0.0
C0G660 1997100403 -9999 -9999 -9999 0.0
C0G660 1997100404 -9999 -9999 -9999 0.0
C0G660 1997100405 -9999 -9999 -9999 0.0
C0G660 1997100406 -9999 -9999 -9999 0.0
C0G660 1997100407 -9999 -9999 -9999 0.0
C0G660 1997100408 -9999 -9999 -9999 0.0
C0G660 1997100409 -9999 -9999 -9999 0.0
C0G660 1997100410 -9999 -9999 -9999 0.0
C0G660 1997100411 -9999 -9999 -9999 0.0
C0G660 1997100412 -9999 -9999 -9999 0.0
C0G660 1997100413 -9999 -9999 -9999 0.0
C0G660 1997100414 -9999 -9999 -9999 0.0
C0G660 1997100415 -9999 -9999 -9999 0.0
C0G660 1997100416 -9999 -9999 -9999 0.0
C0G660 1997100417 -9999 -9999 -9999 0.0
C0G660 1997100418 -9999 -9999 -9999 0.0
C0G660 1997100419 -9999 -9999 -9999 0.0
C0G660 1997100420 -9999 -9999 -9999 0.0
C0G660 1997100421 -9999 -9999 -9999 0.0
C0G660 1997100422 -9999 -9999 -9999 0.0
C0G660 1997100423 -9999 -9999 -9999 0.0
C0G660 1997100424 -9999 -9999 -9999 0.0
C0G660 1997100501 -9999 -9999 -9999 0.0
C0G660 1997100502 -9999 -9999 -9999 0.0
C0G660 1997100503 -9999 -9999 -9999 0.0
C0G660 1997100504 -9999 -9999 -9999 0.0
C0G660 1997100505 -9999 -9999 -9999 0.0
C0G660 1997100506 -9999 -9999 -9999 0.0
C0G660 1997100507 -9999 -9999 -9999 0.0
C0G660 1997100508 -9999 -9999 -9999 0.0
C0G660 1997100509 -9999 -9999 -9999 0.0
C0G660 1997100510 -9999 -9999 -9999 0.0
C0G660 1997100511 -9999 -9999 -9999 0.0
C0G660 1997100512 -9999 -9999 -9999 0.0
C0G660 1997100513 -9999 -9999 -9999 0.0
C0G660 1997100514 -9999 -9999 -9999 0.0
C0G660 1997100515 -9999 -9999 -9999 0.0
C0G660 1997100516 -9999 -9999 -9999 0.0
C0G660 1997100517 -9999 -9999 -9999 0.0
C0G660 1997100518 -9999 -9999 -9999 0.0
C0G660 1997100519 -9999 -9999 -9999 0.0
C0G660 1997100520 -9999 -9999 -9999 0.0
C0G660 1997100521 -9999 -9999 -9999 0.0
C0G660 1997100522 -9999 -9999 -9999 0.0
C0G660 1997100523 -9999 -9999 -9999 0.0
C0G660 1997100524 -9999 -9999 -9999 0.0
C0G660 1997100601 -9999 -9999 -9999 0.0
C0G660 1997100602 -9999 -9999 -9999 0.0
C0G660 1997100603 -9999 -9999 -9999 0.0
C0G660 1997100604 -9999 -9999 -9999 0.0
C0G660 1997100605 -9999 -9999 -9999 0.0
C0G660 1997100606 -9999 -9999 -9999 0.0
C0G660 1997100607 -9999 -9999 -9999 0.0
C0G660 1997100608 -9999 -9999 -9999 0.0
C0G660 1997100609 -9999 -9999 -9999 0.0
C0G660 1997100610 -9999 -9999 -9999 0.0
C0G660 1997100611 -9999 -9999 -9999 0.0
C0G660 1997100612 -9999 -9999 -9999 0.0
C0G660 1997100613 -9999 -9999 -9999 0.0
C0G660 1997100614 -9999 -9999 -9999 0.0
C0G660 1997100615 -9999 -9999 -9999 0.0
C0G660 1997100616 -9999 -9999 -9999 0.0
C0G660 1997100617 -9999 -9999 -9999 0.0
C0G660 1997100618 -9999 -9999 -9999 0.0
C0G660 1997100619 -9999 -9999 -9999 0.0
C0G660 1997100620 -9999 -9999 -9999 0.0
C0G660 1997100621 -9999 -9999 -9999 0.0
C0G660 1997100622 -9999 -9999 -9999 0.0
C0G660 1997100623 -9999 -9999 -9999 0.0
C0G660 1997100624 -9999 -9999 -9999 0.0
C0G660 1997100701 -9999 -9999 -9999 0.0
C0G660 1997100702 -9999 -9999 -9999 0.0
C0G660 1997100703 -9999 -9999 -9999 0.0
C0G660 1997100704 -9999 -9999 -9999 0.0
C0G660 1997100705 -9999 -9999 -9999 0.0
C0G660 1997100706 -9999 -9999 -9999 0.0
C0G660 1997100707 -9999 -9999 -9999 0.0
C0G660 1997100708 -9999 -9999 -9999 0.0
C0G660 1997100709 -9999 -9999 -9999 0.0
C0G660 1997100710 -9999 -9999 -9999 0.0
C0G660 1997100711 -9999 -9999 -9999 0.0
C0G660 1997100712 -9999 -9999 -9999 0.0
C0G660 1997100713 -9999 -9999 -9999 0.0
C0G660 1997100714 -9999 -9999 -9999 0.0
C0G660 1997100715 -9999 -9999 -9999 0.0
C0G660 1997100716 -9999 -9999 -9999 0.0
C0G660 1997100717 -9999 -9999 -9999 0.0
C0G660 1997100718 -9999 -9999 -9999 0.0
C0G660 1997100719 -9999 -9999 -9999 0.0
C0G660 1997100720 -9999 -9999 -9999 -9996
C0G660 1997100721 -9999 -9999 -9999 -9996
C0G660 1997100722 -9999 -9999 -9999 -9996
C0G660 1997100723 -9999 -9999 -9999 -9996
C0G660 1997100724 -9999 -9999 -9999 -9996
C0G660 1997100801 -9999 -9999 -9999 0.0
C0G660 1997100802 -9999 -9999 -9999 0.0
C0G660 1997100803 -9999 -9999 -9999 0.0
C0G660 1997100804 -9999 -9999 -9999 0.0
C0G660 1997100805 -9999 -9999 -9999 0.0
C0G660 1997100806 -9999 -9999 -9999 0.0
C0G660 1997100807 -9999 -9999 -9999 0.0
C0G660 1997100808 -9999 -9999 -9999 0.0
C0G660 1997100809 -9999 -9999 -9999 0.0
C0G660 1997100810 -9999 -9999 -9999 0.0
C0G660 1997100811 -9999 -9999 -9999 0.0
C0G660 1997100812 -9999 -9999 -9999 0.0
C0G660 1997100813 -9999 -9999 -9999 0.0
C0G660 1997100814 -9999 -9999 -9999 0.0
C0G660 1997100815 -9999 -9999 -9999 0.0
C0G660 1997100816 -9999 -9999 -9999 0.0
C0G660 1997100817 -9999 -9999 -9999 0.0
C0G660 1997100818 -9999 -9999 -9999 0.0
C0G660 1997100819 -9999 -9999 -9999 0.0
C0G660 1997100820 -9999 -9999 -9999 0.0
C0G660 1997100821 -9999 -9999 -9999 0.0
C0G660 1997100822 -9999 -9999 -9999 0.0
C0G660 1997100823 -9999 -9999 -9999 0.0
C0G660 1997100824 -9999 -9999 -9999 0.0
C0G660 1997100901 -9999 -9999 -9999 0.0
C0G660 1997100902 -9999 -9999 -9999 0.0
C0G660 1997100903 -9999 -9999 -9999 0.0
C0G660 1997100904 -9999 -9999 -9999 0.0
C0G660 1997100905 -9999 -9999 -9999 0.0
C0G660 1997100906 -9999 -9999 -9999 0.0
C0G660 1997100907 -9999 -9999 -9999 0.0
C0G660 1997100908 -9999 -9999 -9999 0.0
C0G660 1997100909 -9999 -9999 -9999 0.0
C0G660 1997100910 -9999 -9999 -9999 0.0
C0G660 1997100911 -9999 -9999 -9999 0.0
C0G660 1997100912 -9999 -9999 -9999 0.0
C0G660 1997100913 -9999 -9999 -9999 0.0
C0G660 1997100914 -9999 -9999 -9999 0.0
C0G660 1997100915 -9999 -9999 -9999 0.0
C0G660 1997100916 -9999 -9999 -9999 0.0
C0G660 1997100917 -9999 -9999 -9999 0.0
C0G660 1997100918 -9999 -9999 -9999 0.0
C0G660 1997100919 -9999 -9999 -9999 0.0
C0G660 1997100920 -9999 -9999 -9999 0.0
C0G660 1997100921 -9999 -9999 -9999 0.0
C0G660 1997100922 -9999 -9999 -9999 0.0
C0G660 1997100923 -9999 -9999 -9999 0.0
C0G660 1997100924 -9999 -9999 -9999 0.0
C0G660 1997101001 -9999 -9999 -9999 0.0
C0G660 1997101002 -9999 -9999 -9999 0.0
C0G660 1997101003 -9999 -9999 -9999 0.0
C0G660 1997101004 -9999 -9999 -9999 0.0
C0G660 1997101005 -9999 -9999 -9999 0.0
C0G660 1997101006 -9999 -9999 -9999 0.0
C0G660 1997101007 -9999 -9999 -9999 0.0
C0G660 1997101008 -9999 -9999 -9999 0.0
C0G660 1997101009 -9999 -9999 -9999 0.0
C0G660 1997101010 -9999 -9999 -9999 0.0
C0G660 1997101011 -9999 -9999 -9999 0.0
C0G660 1997101012 -9999 -9999 -9999 0.0
C0G660 1997101013 -9999 -9999 -9999 0.0
C0G660 1997101014 -9999 -9999 -9999 0.0
C0G660 1997101015 -9999 -9999 -9999 0.0
C0G660 1997101016 -9999 -9999 -9999 0.0
C0G660 1997101017 -9999 -9999 -9999 0.0
C0G660 1997101018 -9999 -9999 -9999 0.0
C0G660 1997101019 -9999 -9999 -9999 0.0
C0G660 1997101020 -9999 -9999 -9999 0.0
C0G660 1997101021 -9999 -9999 -9999 0.0
C0G660 1997101022 -9999 -9999 -9999 0.0
C0G660 1997101023 -9999 -9999 -9999 0.0
C0G660 1997101024 -9999 -9999 -9999 0.0
C0G660 1997101101 -9999 -9999 -9999 0.0
C0G660 1997101102 -9999 -9999 -9999 0.0
C0G660 1997101103 -9999 -9999 -9999 0.0
C0G660 1997101104 -9999 -9999 -9999 0.0
C0G660 1997101105 -9999 -9999 -9999 0.0
C0G660 1997101106 -9999 -9999 -9999 0.0
C0G660 1997101107 -9999 -9999 -9999 0.0
C0G660 1997101108 -9999 -9999 -9999 0.0
C0G660 1997101109 -9999 -9999 -9999 0.0
C0G660 1997101110 -9999 -9999 -9999 0.0
C0G660 1997101111 -9999 -9999 -9999 0.0
C0G660 1997101112 -9999 -9999 -9999 0.0
C0G660 1997101113 -9999 -9999 -9999 0.0
C0G660 1997101114 -9999 -9999 -9999 0.0
C0G660 1997101115 -9999 -9999 -9999 0.0
C0G660 1997101116 -9999 -9999 -9999 0.0
C0G660 1997101117 -9999 -9999 -9999 0.0
C0G660 1997101118 -9999 -9999 -9999 0.0
C0G660 1997101119 -9999 -9999 -9999 0.0
C0G660 1997101120 -9999 -9999 -9999 0.0
C0G660 1997101121 -9999 -9999 -9999 0.0
C0G660 1997101122 -9999 -9999 -9999 0.0
C0G660 1997101123 -9999 -9999 -9999 0.0
C0G660 1997101124 -9999 -9999 -9999 0.0
C0G660 1997101201 -9999 -9999 -9999 0.0
C0G660 1997101202 -9999 -9999 -9999 0.0
C0G660 1997101203 -9999 -9999 -9999 0.0
C0G660 1997101204 -9999 -9999 -9999 0.0
C0G660 1997101205 -9999 -9999 -9999 0.0
C0G660 1997101206 -9999 -9999 -9999 0.0
C0G660 1997101207 -9999 -9999 -9999 0.0
C0G660 1997101208 -9999 -9999 -9999 0.0
C0G660 1997101209 -9999 -9999 -9999 0.0
C0G660 1997101210 -9999 -9999 -9999 0.0
C0G660 1997101211 -9999 -9999 -9999 0.0
C0G660 1997101212 -9999 -9999 -9999 0.0
C0G660 1997101213 -9999 -9999 -9999 0.0
C0G660 1997101214 -9999 -9999 -9999 0.0
C0G660 1997101215 -9999 -9999 -9999 0.0
C0G660 1997101216 -9999 -9999 -9999 0.0
C0G660 1997101217 -9999 -9999 -9999 0.0
C0G660 1997101218 -9999 -9999 -9999 0.0
C0G660 1997101219 -9999 -9999 -9999 0.0
C0G660 1997101220 -9999 -9999 -9999 0.0
C0G660 1997101221 -9999 -9999 -9999 0.0
C0G660 1997101222 -9999 -9999 -9999 0.0
C0G660 1997101223 -9999 -9999 -9999 0.0
C0G660 1997101224 -9999 -9999 -9999 0.0
C0G660 1997101301 -9999 -9999 -9999 0.0
C0G660 1997101302 -9999 -9999 -9999 0.0
C0G660 1997101303 -9999 -9999 -9999 0.0
C0G660 1997101304 -9999 -9999 -9999 0.0
C0G660 1997101305 -9999 -9999 -9999 0.0
C0G660 1997101306 -9999 -9999 -9999 0.0
C0G660 1997101307 -9999 -9999 -9999 0.0
C0G660 1997101308 -9999 -9999 -9999 0.0
C0G660 1997101309 -9999 -9999 -9999 0.0
C0G660 1997101310 -9999 -9999 -9999 0.0
C0G660 1997101311 -9999 -9999 -9999 0.0
C0G660 1997101312 -9999 -9999 -9999 0.0
C0G660 1997101313 -9999 -9999 -9999 0.0
C0G660 1997101314 -9999 -9999 -9999 0.0
C0G660 1997101315 -9999 -9999 -9999 0.0
C0G660 1997101316 -9999 -9999 -9999 0.0
C0G660 1997101317 -9999 -9999 -9999 0.0
C0G660 1997101318 -9999 -9999 -9999 0.0
C0G660 1997101319 -9999 -9999 -9999 0.0
C0G660 1997101320 -9999 -9999 -9999 -9996
C0G660 1997101321 -9999 -9999 -9999 -9996
C0G660 1997101322 -9999 -9999 -9999 -9996
C0G660 1997101323 -9999 -9999 -9999 -9996
C0G660 1997101324 -9999 -9999 -9999 -9996
C0G660 1997101401 -9999 -9999 -9999 0.0
C0G660 1997101402 -9999 -9999 -9999 0.0
C0G660 1997101403 -9999 -9999 -9999 0.0
C0G660 1997101404 -9999 -9999 -9999 0.0
C0G660 1997101405 -9999 -9999 -9999 0.0
C0G660 1997101406 -9999 -9999 -9999 0.0
C0G660 1997101407 -9999 -9999 -9999 0.0
C0G660 1997101408 -9999 -9999 -9999 0.0
C0G660 1997101409 -9999 -9999 -9999 0.0
C0G660 1997101410 -9999 -9999 -9999 0.0
C0G660 1997101411 -9999 -9999 -9999 0.0
C0G660 1997101412 -9999 -9999 -9999 0.0
C0G660 1997101413 -9999 -9999 -9999 0.0
C0G660 1997101414 -9999 -9999 -9999 0.0
C0G660 1997101415 -9999 -9999 -9999 0.0
C0G660 1997101416 -9999 -9999 -9999 0.0
C0G660 1997101417 -9999 -9999 -9999 0.0
C0G660 1997101418 -9999 -9999 -9999 0.0
C0G660 1997101419 -9999 -9999 -9999 0.0
C0G660 1997101420 -9999 -9999 -9999 0.0
C0G660 1997101421 -9999 -9999 -9999 0.0
C0G660 1997101422 -9999 -9999 -9999 0.0
C0G660 1997101423 -9999 -9999 -9999 0.0
C0G660 1997101424 -9999 -9999 -9999 0.0
C0G660 1997101501 -9999 -9999 -9999 0.0
C0G660 1997101502 -9999 -9999 -9999 0.0
C0G660 1997101503 -9999 -9999 -9999 0.0
C0G660 1997101504 -9999 -9999 -9999 0.0
C0G660 1997101505 -9999 -9999 -9999 0.0
C0G660 1997101506 -9999 -9999 -9999 0.0
C0G660 1997101507 -9999 -9999 -9999 0.0
C0G660 1997101508 -9999 -9999 -9999 0.0
C0G660 1997101509 -9999 -9999 -9999 0.0
C0G660 1997101510 -9999 -9999 -9999 0.0
C0G660 1997101511 -9999 -9999 -9999 0.0
C0G660 1997101512 -9999 -9999 -9999 0.0
C0G660 1997101513 -9999 -9999 -9999 0.0
C0G660 1997101514 -9999 -9999 -9999 0.0
C0G660 1997101515 -9999 -9999 -9999 0.0
C0G660 1997101516 -9999 -9999 -9999 0.0
C0G660 1997101517 -9999 -9999 -9999 0.0
C0G660 1997101518 -9999 -9999 -9999 0.0
C0G660 1997101519 -9999 -9999 -9999 0.0
C0G660 1997101520 -9999 -9999 -9999 0.0
C0G660 1997101521 -9999 -9999 -9999 0.0
C0G660 1997101522 -9999 -9999 -9999 0.0
C0G660 1997101523 -9999 -9999 -9999 0.0
C0G660 1997101524 -9999 -9999 -9999 0.0
C0G660 1997101601 -9999 -9999 -9999 0.0
C0G660 1997101602 -9999 -9999 -9999 0.0
C0G660 1997101603 -9999 -9999 -9999 0.0
C0G660 1997101604 -9999 -9999 -9999 0.0
C0G660 1997101605 -9999 -9999 -9999 0.0
C0G660 1997101606 -9999 -9999 -9999 0.0
C0G660 1997101607 -9999 -9999 -9999 0.0
C0G660 1997101608 -9999 -9999 -9999 0.0
C0G660 1997101609 -9999 -9999 -9999 0.0
C0G660 1997101610 -9999 -9999 -9999 0.0
C0G660 1997101611 -9999 -9999 -9999 0.0
C0G660 1997101612 -9999 -9999 -9999 0.0
C0G660 1997101613 -9999 -9999 -9999 0.0
C0G660 1997101614 -9999 -9999 -9999 0.0
C0G660 1997101615 -9999 -9999 -9999 0.0
C0G660 1997101616 -9999 -9999 -9999 0.0
C0G660 1997101617 -9999 -9999 -9999 0.0
C0G660 1997101618 -9999 -9999 -9999 0.0
C0G660 1997101619 -9999 -9999 -9999 0.0
C0G660 1997101620 -9999 -9999 -9999 0.0
C0G660 1997101621 -9999 -9999 -9999 0.0
C0G660 1997101622 -9999 -9999 -9999 0.0
C0G660 1997101623 -9999 -9999 -9999 0.0
C0G660 1997101624 -9999 -9999 -9999 0.0
C0G660 1997101701 -9999 -9999 -9999 0.0
C0G660 1997101702 -9999 -9999 -9999 0.0
C0G660 1997101703 -9999 -9999 -9999 0.0
C0G660 1997101704 -9999 -9999 -9999 0.0
C0G660 1997101705 -9999 -9999 -9999 0.0
C0G660 1997101706 -9999 -9999 -9999 0.0
C0G660 1997101707 -9999 -9999 -9999 0.0
C0G660 1997101708 -9999 -9999 -9999 0.0
C0G660 1997101709 -9999 -9999 -9999 0.0
C0G660 1997101710 -9999 -9999 -9999 0.0
C0G660 1997101711 -9999 -9999 -9999 0.0
C0G660 1997101712 -9999 -9999 -9999 0.0
C0G660 1997101713 -9999 -9999 -9999 0.0
C0G660 1997101714 -9999 -9999 -9999 0.0
C0G660 1997101715 -9999 -9999 -9999 0.0
C0G660 1997101716 -9999 -9999 -9999 0.0
C0G660 1997101717 -9999 -9999 -9999 0.0
C0G660 1997101718 -9999 -9999 -9999 0.0
C0G660 1997101719 -9999 -9999 -9999 0.0
C0G660 1997101720 -9999 -9999 -9999 0.0
C0G660 1997101721 -9999 -9999 -9999 0.0
C0G660 1997101722 -9999 -9999 -9999 0.0
C0G660 1997101723 -9999 -9999 -9999 0.0
C0G660 1997101724 -9999 -9999 -9999 0.0
C0G660 1997101801 -9999 -9999 -9999 0.0
C0G660 1997101802 -9999 -9999 -9999 0.0
C0G660 1997101803 -9999 -9999 -9999 0.0
C0G660 1997101804 -9999 -9999 -9999 0.0
C0G660 1997101805 -9999 -9999 -9999 0.0
C0G660 1997101806 -9999 -9999 -9999 0.0
C0G660 1997101807 -9999 -9999 -9999 0.0
C0G660 1997101808 -9999 -9999 -9999 0.0
C0G660 1997101809 -9999 -9999 -9999 0.0
C0G660 1997101810 -9999 -9999 -9999 0.0
C0G660 1997101811 -9999 -9999 -9999 0.0
C0G660 1997101812 -9999 -9999 -9999 0.0
C0G660 1997101813 -9999 -9999 -9999 0.0
C0G660 1997101814 -9999 -9999 -9999 0.0
C0G660 1997101815 -9999 -9999 -9999 0.0
C0G660 1997101816 -9999 -9999 -9999 0.0
C0G660 1997101817 -9999 -9999 -9999 0.0
C0G660 1997101818 -9999 -9999 -9999 0.0
C0G660 1997101819 -9999 -9999 -9999 0.0
C0G660 1997101820 -9999 -9999 -9999 0.0
C0G660 1997101821 -9999 -9999 -9999 0.0
C0G660 1997101822 -9999 -9999 -9999 0.0
C0G660 1997101823 -9999 -9999 -9999 0.0
C0G660 1997101824 -9999 -9999 -9999 0.0
C0G660 1997101901 -9999 -9999 -9999 0.0
C0G660 1997101902 -9999 -9999 -9999 0.0
C0G660 1997101903 -9999 -9999 -9999 0.0
C0G660 1997101904 -9999 -9999 -9999 0.0
C0G660 1997101905 -9999 -9999 -9999 0.0
C0G660 1997101906 -9999 -9999 -9999 0.0
C0G660 1997101907 -9999 -9999 -9999 0.0
C0G660 1997101908 -9999 -9999 -9999 0.0
C0G660 1997101909 -9999 -9999 -9999 0.0
C0G660 1997101910 -9999 -9999 -9999 0.0
C0G660 1997101911 -9999 -9999 -9999 0.0
C0G660 1997101912 -9999 -9999 -9999 0.0
C0G660 1997101913 -9999 -9999 -9999 -9996
C0G660 1997101914 -9999 -9999 -9999 -9996
C0G660 1997101915 -9999 -9999 -9999 -9996
C0G660 1997101916 -9999 -9999 -9999 -9996
C0G660 1997101917 -9999 -9999 -9999 -9996
C0G660 1997101918 -9999 -9999 -9999 -9996
C0G660 1997101919 -9999 -9999 -9999 -9996
C0G660 1997101920 -9999 -9999 -9999 -9996
C0G660 1997101921 -9999 -9999 -9999 -9996
C0G660 1997101922 -9999 -9999 -9999 -9996
C0G660 1997101923 -9999 -9999 -9999 -9996
C0G660 1997101924 -9999 -9999 -9999 -9996
C0G660 1997102001 -9999 -9999 -9999 0.0
C0G660 1997102002 -9999 -9999 -9999 0.0
C0G660 1997102003 -9999 -9999 -9999 0.0
C0G660 1997102004 -9999 -9999 -9999 0.0
C0G660 1997102005 -9999 -9999 -9999 0.0
C0G660 1997102006 -9999 -9999 -9999 0.0
C0G660 1997102007 -9999 -9999 -9999 0.0
C0G660 1997102008 -9999 -9999 -9999 0.0
C0G660 1997102009 -9999 -9999 -9999 0.0
C0G660 1997102010 -9999 -9999 -9999 0.0
C0G660 1997102011 -9999 -9999 -9999 0.0
C0G660 1997102012 -9999 -9999 -9999 0.0
C0G660 1997102013 -9999 -9999 -9999 0.0
C0G660 1997102014 -9999 -9999 -9999 0.0
C0G660 1997102015 -9999 -9999 -9999 0.0
C0G660 1997102016 -9999 -9999 -9999 0.0
C0G660 1997102017 -9999 -9999 -9999 0.0
C0G660 1997102018 -9999 -9999 -9999 0.0
C0G660 1997102019 -9999 -9999 -9999 0.0
C0G660 1997102020 -9999 -9999 -9999 0.0
C0G660 1997102021 -9999 -9999 -9999 0.0
C0G660 1997102022 -9999 -9999 -9999 0.0
C0G660 1997102023 -9999 -9999 -9999 0.0
C0G660 1997102024 -9999 -9999 -9999 0.0
C0G660 1997102101 -9999 -9999 -9999 0.0
C0G660 1997102102 -9999 -9999 -9999 0.0
C0G660 1997102103 -9999 -9999 -9999 0.0
C0G660 1997102104 -9999 -9999 -9999 0.0
C0G660 1997102105 -9999 -9999 -9999 0.0
C0G660 1997102106 -9999 -9999 -9999 0.0
C0G660 1997102107 -9999 -9999 -9999 0.0
C0G660 1997102108 -9999 -9999 -9999 0.0
C0G660 1997102109 -9999 -9999 -9999 0.0
C0G660 1997102110 -9999 -9999 -9999 0.0
C0G660 1997102111 -9999 -9999 -9999 0.0
C0G660 1997102112 -9999 -9999 -9999 0.0
C0G660 1997102113 -9999 -9999 -9999 0.0
C0G660 1997102114 -9999 -9999 -9999 0.0
C0G660 1997102115 -9999 -9999 -9999 0.0
C0G660 1997102116 -9999 -9999 -9999 0.0
C0G660 1997102117 -9999 -9999 -9999 0.0
C0G660 1997102118 -9999 -9999 -9999 0.0
C0G660 1997102119 -9999 -9999 -9999 0.0
C0G660 1997102120 -9999 -9999 -9999 0.0
C0G660 1997102121 -9999 -9999 -9999 0.0
C0G660 1997102122 -9999 -9999 -9999 0.0
C0G660 1997102123 -9999 -9999 -9999 0.0
C0G660 1997102124 -9999 -9999 -9999 0.0
C0G660 1997102201 -9999 -9999 -9999 0.0
C0G660 1997102202 -9999 -9999 -9999 0.0
C0G660 1997102203 -9999 -9999 -9999 0.0
C0G660 1997102204 -9999 -9999 -9999 0.0
C0G660 1997102205 -9999 -9999 -9999 0.0
C0G660 1997102206 -9999 -9999 -9999 0.0
C0G660 1997102207 -9999 -9999 -9999 0.0
C0G660 1997102208 -9999 -9999 -9999 0.0
C0G660 1997102209 -9999 -9999 -9999 0.0
C0G660 1997102210 -9999 -9999 -9999 0.0
C0G660 1997102211 -9999 -9999 -9999 0.0
C0G660 1997102212 -9999 -9999 -9999 0.0
C0G660 1997102213 -9999 -9999 -9999 0.0
C0G660 1997102214 -9999 -9999 -9999 0.0
C0G660 1997102215 -9999 -9999 -9999 0.0
C0G660 1997102216 -9999 -9999 -9999 0.0
C0G660 1997102217 -9999 -9999 -9999 0.0
C0G660 1997102218 -9999 -9999 -9999 0.0
C0G660 1997102219 -9999 -9999 -9999 0.0
C0G660 1997102220 -9999 -9999 -9999 0.0
C0G660 1997102221 -9999 -9999 -9999 0.0
C0G660 1997102222 -9999 -9999 -9999 0.0
C0G660 1997102223 -9999 -9999 -9999 0.0
C0G660 1997102224 -9999 -9999 -9999 0.0
C0G660 1997102301 -9999 -9999 -9999 0.0
C0G660 1997102302 -9999 -9999 -9999 0.0
C0G660 1997102303 -9999 -9999 -9999 0.0
C0G660 1997102304 -9999 -9999 -9999 0.0
C0G660 1997102305 -9999 -9999 -9999 0.0
C0G660 1997102306 -9999 -9999 -9999 0.0
C0G660 1997102307 -9999 -9999 -9999 0.0
C0G660 1997102308 -9999 -9999 -9999 0.0
C0G660 1997102309 -9999 -9999 -9999 0.0
C0G660 1997102310 -9999 -9999 -9999 0.0
C0G660 1997102311 -9999 -9999 -9999 0.0
C0G660 1997102312 -9999 -9999 -9999 0.0
C0G660 1997102313 -9999 -9999 -9999 0.0
C0G660 1997102314 -9999 -9999 -9999 0.0
C0G660 1997102315 -9999 -9999 -9999 0.0
C0G660 1997102316 -9999 -9999 -9999 0.0
C0G660 1997102317 -9999 -9999 -9999 0.0
C0G660 1997102318 -9999 -9999 -9999 0.0
C0G660 1997102319 -9999 -9999 -9999 0.0
C0G660 1997102320 -9999 -9999 -9999 0.0
C0G660 1997102321 -9999 -9999 -9999 0.0
C0G660 1997102322 -9999 -9999 -9999 0.0
C0G660 1997102323 -9999 -9999 -9999 0.0
C0G660 1997102324 -9999 -9999 -9999 0.0
C0G660 1997102401 -9999 -9999 -9999 0.0
C0G660 1997102402 -9999 -9999 -9999 0.0
C0G660 1997102403 -9999 -9999 -9999 0.0
C0G660 1997102404 -9999 -9999 -9999 0.0
C0G660 1997102405 -9999 -9999 -9999 0.0
C0G660 1997102406 -9999 -9999 -9999 0.0
C0G660 1997102407 -9999 -9999 -9999 0.0
C0G660 1997102408 -9999 -9999 -9999 0.0
C0G660 1997102409 -9999 -9999 -9999 0.0
C0G660 1997102410 -9999 -9999 -9999 0.0
C0G660 1997102411 -9999 -9999 -9999 0.0
C0G660 1997102412 -9999 -9999 -9999 0.0
C0G660 1997102413 -9999 -9999 -9999 0.0
C0G660 1997102414 -9999 -9999 -9999 0.0
C0G660 1997102415 -9999 -9999 -9999 0.0
C0G660 1997102416 -9999 -9999 -9999 0.0
C0G660 1997102417 -9999 -9999 -9999 0.0
C0G660 1997102418 -9999 -9999 -9999 0.0
C0G660 1997102419 -9999 -9999 -9999 0.0
C0G660 1997102420 -9999 -9999 -9999 0.0
C0G660 1997102421 -9999 -9999 -9999 0.0
C0G660 1997102422 -9999 -9999 -9999 0.0
C0G660 1997102423 -9999 -9999 -9999 0.0
C0G660 1997102424 -9999 -9999 -9999 0.0
C0G660 1997102501 -9999 -9999 -9999 0.0
C0G660 1997102502 -9999 -9999 -9999 0.0
C0G660 1997102503 -9999 -9999 -9999 0.0
C0G660 1997102504 -9999 -9999 -9999 0.0
C0G660 1997102505 -9999 -9999 -9999 0.0
C0G660 1997102506 -9999 -9999 -9999 0.0
C0G660 1997102507 -9999 -9999 -9999 0.0
C0G660 1997102508 -9999 -9999 -9999 0.0
C0G660 1997102509 -9999 -9999 -9999 0.0
C0G660 1997102510 -9999 -9999 -9999 0.0
C0G660 1997102511 -9999 -9999 -9999 0.0
C0G660 1997102512 -9999 -9999 -9999 0.0
C0G660 1997102513 -9999 -9999 -9999 0.0
C0G660 1997102514 -9999 -9999 -9999 0.0
C0G660 1997102515 -9999 -9999 -9999 0.0
C0G660 1997102516 -9999 -9999 -9999 0.0
C0G660 1997102517 -9999 -9999 -9999 0.0
C0G660 1997102518 -9999 -9999 -9999 0.0
C0G660 1997102519 -9999 -9999 -9999 -9996
C0G660 1997102520 -9999 -9999 -9999 -9996
C0G660 1997102521 -9999 -9999 -9999 -9996
C0G660 1997102522 -9999 -9999 -9999 -9996
C0G660 1997102523 -9999 -9999 -9999 -9996
C0G660 1997102524 -9999 -9999 -9999 -9996
C0G660 1997102601 -9999 -9999 -9999 0.0
C0G660 1997102602 -9999 -9999 -9999 0.0
C0G660 1997102603 -9999 -9999 -9999 0.0
C0G660 1997102604 -9999 -9999 -9999 0.0
C0G660 1997102605 -9999 -9999 -9999 0.0
C0G660 1997102606 -9999 -9999 -9999 0.0
C0G660 1997102607 -9999 -9999 -9999 0.0
C0G660 1997102608 -9999 -9999 -9999 0.0
C0G660 1997102609 -9999 -9999 -9999 0.0
C0G660 1997102610 -9999 -9999 -9999 0.0
C0G660 1997102611 -9999 -9999 -9999 0.0
C0G660 1997102612 -9999 -9999 -9999 0.0
C0G660 1997102613 -9999 -9999 -9999 0.0
C0G660 1997102614 -9999 -9999 -9999 0.0
C0G660 1997102615 -9999 -9999 -9999 0.0
C0G660 1997102616 -9999 -9999 -9999 0.0
C0G660 1997102617 -9999 -9999 -9999 0.0
C0G660 1997102618 -9999 -9999 -9999 0.0
C0G660 1997102619 -9999 -9999 -9999 0.0
C0G660 1997102620 -9999 -9999 -9999 0.0
C0G660 1997102621 -9999 -9999 -9999 0.0
C0G660 1997102622 -9999 -9999 -9999 0.0
C0G660 1997102623 -9999 -9999 -9999 0.0
C0G660 1997102624 -9999 -9999 -9999 0.0
C0G660 1997102701 -9999 -9999 -9999 0.0
C0G660 1997102702 -9999 -9999 -9999 0.0
C0G660 1997102703 -9999 -9999 -9999 0.0
C0G660 1997102704 -9999 -9999 -9999 0.0
C0G660 1997102705 -9999 -9999 -9999 0.0
C0G660 1997102706 -9999 -9999 -9999 0.0
C0G660 1997102707 -9999 -9999 -9999 0.0
C0G660 1997102708 -9999 -9999 -9999 0.0
C0G660 1997102709 -9999 -9999 -9999 0.0
C0G660 1997102710 -9999 -9999 -9999 0.0
C0G660 1997102711 -9999 -9999 -9999 0.0
C0G660 1997102712 -9999 -9999 -9999 0.0
C0G660 1997102713 -9999 -9999 -9999 0.0
C0G660 1997102714 -9999 -9999 -9999 0.0
C0G660 1997102715 -9999 -9999 -9999 0.0
C0G660 1997102716 -9999 -9999 -9999 0.0
C0G660 1997102717 -9999 -9999 -9999 0.0
C0G660 1997102718 -9999 -9999 -9999 0.0
C0G660 1997102719 -9999 -9999 -9999 0.0
C0G660 1997102720 -9999 -9999 -9999 0.0
C0G660 1997102721 -9999 -9999 -9999 0.0
C0G660 1997102722 -9999 -9999 -9999 0.0
C0G660 1997102723 -9999 -9999 -9999 0.0
C0G660 1997102724 -9999 -9999 -9999 0.0
C0G660 1997102801 -9999 -9999 -9999 0.0
C0G660 1997102802 -9999 -9999 -9999 0.0
C0G660 1997102803 -9999 -9999 -9999 0.0
C0G660 1997102804 -9999 -9999 -9999 0.0
C0G660 1997102805 -9999 -9999 -9999 0.0
C0G660 1997102806 -9999 -9999 -9999 0.0
C0G660 1997102807 -9999 -9999 -9999 0.0
C0G660 1997102808 -9999 -9999 -9999 0.0
C0G660 1997102809 -9999 -9999 -9999 0.0
C0G660 1997102810 -9999 -9999 -9999 0.0
C0G660 1997102811 -9999 -9999 -9999 0.0
C0G660 1997102812 -9999 -9999 -9999 0.0
C0G660 1997102813 -9999 -9999 -9999 0.0
C0G660 1997102814 -9999 -9999 -9999 0.0
C0G660 1997102815 -9999 -9999 -9999 0.0
C0G660 1997102816 -9999 -9999 -9999 0.0
C0G660 1997102817 -9999 -9999 -9999 0.0
C0G660 1997102818 -9999 -9999 -9999 0.0
C0G660 1997102819 -9999 -9999 -9999 0.0
C0G660 1997102820 -9999 -9999 -9999 0.0
C0G660 1997102821 -9999 -9999 -9999 0.0
C0G660 1997102822 -9999 -9999 -9999 0.0
C0G660 1997102823 -9999 -9999 -9999 0.0
C0G660 1997102824 -9999 -9999 -9999 0.0
C0G660 1997102901 -9999 -9999 -9999 0.0
C0G660 1997102902 -9999 -9999 -9999 0.0
C0G660 1997102903 -9999 -9999 -9999 0.0
C0G660 1997102904 -9999 -9999 -9999 0.0
C0G660 1997102905 -9999 -9999 -9999 -9996
C0G660 1997102906 -9999 -9999 -9999 -9996
C0G660 1997102907 -9999 -9999 -9999 1.0
C0G660 1997102908 -9999 -9999 -9999 -9996
C0G660 1997102909 -9999 -9999 -9999 -9996
C0G660 1997102910 -9999 -9999 -9999 -9996
C0G660 1997102911 -9999 -9999 -9999 -9996
C0G660 1997102912 -9999 -9999 -9999 -9996
C0G660 1997102913 -9999 -9999 -9999 -9996
C0G660 1997102914 -9999 -9999 -9999 0.5
C0G660 1997102915 -9999 -9999 -9999 0.0
C0G660 1997102916 -9999 -9999 -9999 0.0
C0G660 1997102917 -9999 -9999 -9999 0.0
C0G660 1997102918 -9999 -9999 -9999 0.0
C0G660 1997102919 -9999 -9999 -9999 0.0
C0G660 1997102920 -9999 -9999 -9999 0.0
C0G660 1997102921 -9999 -9999 -9999 0.0
C0G660 1997102922 -9999 -9999 -9999 0.0
C0G660 1997102923 -9999 -9999 -9999 0.0
C0G660 1997102924 -9999 -9999 -9999 0.0
C0G660 1997103001 -9999 -9999 -9999 0.0
C0G660 1997103002 -9999 -9999 -9999 0.0
C0G660 1997103003 -9999 -9999 -9999 0.0
C0G660 1997103004 -9999 -9999 -9999 0.0
C0G660 1997103005 -9999 -9999 -9999 0.0
C0G660 1997103006 -9999 -9999 -9999 0.0
C0G660 1997103007 -9999 -9999 -9999 0.0
C0G660 1997103008 -9999 -9999 -9999 0.0
C0G660 1997103009 -9999 -9999 -9999 0.0
C0G660 1997103010 -9999 -9999 -9999 0.0
C0G660 1997103011 -9999 -9999 -9999 0.0
C0G660 1997103012 -9999 -9999 -9999 0.0
C0G660 1997103013 -9999 -9999 -9999 0.0
C0G660 1997103014 -9999 -9999 -9999 0.0
C0G660 1997103015 -9999 -9999 -9999 0.0
C0G660 1997103016 -9999 -9999 -9999 0.0
C0G660 1997103017 -9999 -9999 -9999 0.0
C0G660 1997103018 -9999 -9999 -9999 0.0
C0G660 1997103019 -9999 -9999 -9999 0.0
C0G660 1997103020 -9999 -9999 -9999 0.0
C0G660 1997103021 -9999 -9999 -9999 0.0
C0G660 1997103022 -9999 -9999 -9999 0.0
C0G660 1997103023 -9999 -9999 -9999 0.0
C0G660 1997103024 -9999 -9999 -9999 0.0
C0G660 1997103101 -9999 -9999 -9999 0.0
C0G660 1997103102 -9999 -9999 -9999 0.0
C0G660 1997103103 -9999 -9999 -9999 0.0
C0G660 1997103104 -9999 -9999 -9999 0.0
C0G660 1997103105 -9999 -9999 -9999 0.0
C0G660 1997103106 -9999 -9999 -9999 0.0
C0G660 1997103107 -9999 -9999 -9999 0.0
C0G660 1997103108 -9999 -9999 -9999 0.0
C0G660 1997103109 -9999 -9999 -9999 0.0
C0G660 1997103110 -9999 -9999 -9999 0.0
C0G660 1997103111 -9999 -9999 -9999 0.0
C0G660 1997103112 -9999 -9999 -9999 0.0
C0G660 1997103113 -9999 -9999 -9999 0.0
C0G660 1997103114 -9999 -9999 -9999 0.0
C0G660 1997103115 -9999 -9999 -9999 0.0
C0G660 1997103116 -9999 -9999 -9999 0.0
C0G660 1997103117 -9999 -9999 -9999 0.0
C0G660 1997103118 -9999 -9999 -9999 0.0
C0G660 1997103119 -9999 -9999 -9999 0.0
C0G660 1997103120 -9999 -9999 -9999 0.0
C0G660 1997103121 -9999 -9999 -9999 0.0
C0G660 1997103122 -9999 -9999 -9999 0.0
C0G660 1997103123 -9999 -9999 -9999 0.0
C0G660 1997103124 -9999 -9999 -9999 0.0
