C0G620 1997040101 -9999 -9999 -9999 0.0
C0G620 1997040102 -9999 -9999 -9999 0.0
C0G620 1997040103 -9999 -9999 -9999 0.0
C0G620 1997040104 -9999 -9999 -9999 0.0
C0G620 1997040105 -9999 -9999 -9999 0.0
C0G620 1997040106 -9999 -9999 -9999 0.0
C0G620 1997040107 -9999 -9999 -9999 0.0
C0G620 1997040108 -9999 -9999 -9999 0.0
C0G620 1997040109 -9999 -9999 -9999 0.0
C0G620 1997040110 -9999 -9999 -9999 0.0
C0G620 1997040111 -9999 -9999 -9999 0.0
C0G620 1997040112 -9999 -9999 -9999 0.0
C0G620 1997040113 -9999 -9999 -9999 0.0
C0G620 1997040114 -9999 -9999 -9999 0.0
C0G620 1997040115 -9999 -9999 -9999 0.0
C0G620 1997040116 -9999 -9999 -9999 0.0
C0G620 1997040117 -9999 -9999 -9999 0.0
C0G620 1997040118 -9999 -9999 -9999 0.0
C0G620 1997040119 -9999 -9999 -9999 0.0
C0G620 1997040120 -9999 -9999 -9999 0.0
C0G620 1997040121 -9999 -9999 -9999 0.0
C0G620 1997040122 -9999 -9999 -9999 0.0
C0G620 1997040123 -9999 -9999 -9999 0.0
C0G620 1997040124 -9999 -9999 -9999 0.0
C0G620 1997040201 -9999 -9999 -9999 0.0
C0G620 1997040202 -9999 -9999 -9999 0.0
C0G620 1997040203 -9999 -9999 -9999 0.0
C0G620 1997040204 -9999 -9999 -9999 0.0
C0G620 1997040205 -9999 -9999 -9999 0.0
C0G620 1997040206 -9999 -9999 -9999 0.0
C0G620 1997040207 -9999 -9999 -9999 0.0
C0G620 1997040208 -9999 -9999 -9999 0.0
C0G620 1997040209 -9999 -9999 -9999 0.0
C0G620 1997040210 -9999 -9999 -9999 0.0
C0G620 1997040211 -9999 -9999 -9999 0.0
C0G620 1997040212 -9999 -9999 -9999 0.0
C0G620 1997040213 -9999 -9999 -9999 0.0
C0G620 1997040214 -9999 -9999 -9999 0.0
C0G620 1997040215 -9999 -9999 -9999 0.0
C0G620 1997040216 -9999 -9999 -9999 0.0
C0G620 1997040217 -9999 -9999 -9999 0.0
C0G620 1997040218 -9999 -9999 -9999 0.0
C0G620 1997040219 -9999 -9999 -9999 0.0
C0G620 1997040220 -9999 -9999 -9999 0.0
C0G620 1997040221 -9999 -9999 -9999 0.0
C0G620 1997040222 -9999 -9999 -9999 0.0
C0G620 1997040223 -9999 -9999 -9999 0.0
C0G620 1997040224 -9999 -9999 -9999 0.0
C0G620 1997040301 -9999 -9999 -9999 0.0
C0G620 1997040302 -9999 -9999 -9999 0.0
C0G620 1997040303 -9999 -9999 -9999 0.0
C0G620 1997040304 -9999 -9999 -9999 0.0
C0G620 1997040305 -9999 -9999 -9999 0.0
C0G620 1997040306 -9999 -9999 -9999 0.0
C0G620 1997040307 -9999 -9999 -9999 0.0
C0G620 1997040308 -9999 -9999 -9999 0.0
C0G620 1997040309 -9999 -9999 -9999 0.0
C0G620 1997040310 -9999 -9999 -9999 0.0
C0G620 1997040311 -9999 -9999 -9999 0.0
C0G620 1997040312 -9999 -9999 -9999 0.0
C0G620 1997040313 -9999 -9999 -9999 0.0
C0G620 1997040314 -9999 -9999 -9999 0.0
C0G620 1997040315 -9999 -9999 -9999 0.0
C0G620 1997040316 -9999 -9999 -9999 0.0
C0G620 1997040317 -9999 -9999 -9999 0.0
C0G620 1997040318 -9999 -9999 -9999 0.0
C0G620 1997040319 -9999 -9999 -9999 0.0
C0G620 1997040320 -9999 -9999 -9999 0.0
C0G620 1997040321 -9999 -9999 -9999 0.0
C0G620 1997040322 -9999 -9999 -9999 0.0
C0G620 1997040323 -9999 -9999 -9999 0.0
C0G620 1997040324 -9999 -9999 -9999 0.0
C0G620 1997040401 -9999 -9999 -9999 0.0
C0G620 1997040402 -9999 -9999 -9999 0.0
C0G620 1997040403 -9999 -9999 -9999 0.0
C0G620 1997040404 -9999 -9999 -9999 0.0
C0G620 1997040405 -9999 -9999 -9999 0.0
C0G620 1997040406 -9999 -9999 -9999 0.0
C0G620 1997040407 -9999 -9999 -9999 0.0
C0G620 1997040408 -9999 -9999 -9999 0.0
C0G620 1997040409 -9999 -9999 -9999 0.0
C0G620 1997040410 -9999 -9999 -9999 0.0
C0G620 1997040411 -9999 -9999 -9999 0.0
C0G620 1997040412 -9999 -9999 -9999 0.0
C0G620 1997040413 -9999 -9999 -9999 0.0
C0G620 1997040414 -9999 -9999 -9999 0.0
C0G620 1997040415 -9999 -9999 -9999 0.0
C0G620 1997040416 -9999 -9999 -9999 0.0
C0G620 1997040417 -9999 -9999 -9999 0.0
C0G620 1997040418 -9999 -9999 -9999 0.0
C0G620 1997040419 -9999 -9999 -9999 0.0
C0G620 1997040420 -9999 -9999 -9999 0.0
C0G620 1997040421 -9999 -9999 -9999 0.0
C0G620 1997040422 -9999 -9999 -9999 0.0
C0G620 1997040423 -9999 -9999 -9999 0.0
C0G620 1997040424 -9999 -9999 -9999 0.0
C0G620 1997040501 -9999 -9999 -9999 0.0
C0G620 1997040502 -9999 -9999 -9999 0.0
C0G620 1997040503 -9999 -9999 -9999 0.0
C0G620 1997040504 -9999 -9999 -9999 0.0
C0G620 1997040505 -9999 -9999 -9999 0.0
C0G620 1997040506 -9999 -9999 -9999 0.0
C0G620 1997040507 -9999 -9999 -9999 0.0
C0G620 1997040508 -9999 -9999 -9999 0.0
C0G620 1997040509 -9999 -9999 -9999 0.0
C0G620 1997040510 -9999 -9999 -9999 0.0
C0G620 1997040511 -9999 -9999 -9999 0.0
C0G620 1997040512 -9999 -9999 -9999 0.0
C0G620 1997040513 -9999 -9999 -9999 0.0
C0G620 1997040514 -9999 -9999 -9999 0.0
C0G620 1997040515 -9999 -9999 -9999 0.0
C0G620 1997040516 -9999 -9999 -9999 0.0
C0G620 1997040517 -9999 -9999 -9999 0.0
C0G620 1997040518 -9999 -9999 -9999 0.0
C0G620 1997040519 -9999 -9999 -9999 0.0
C0G620 1997040520 -9999 -9999 -9999 0.0
C0G620 1997040521 -9999 -9999 -9999 0.0
C0G620 1997040522 -9999 -9999 -9999 0.0
C0G620 1997040523 -9999 -9999 -9999 0.0
C0G620 1997040524 -9999 -9999 -9999 0.0
C0G620 1997040601 -9999 -9999 -9999 0.0
C0G620 1997040602 -9999 -9999 -9999 0.0
C0G620 1997040603 -9999 -9999 -9999 0.0
C0G620 1997040604 -9999 -9999 -9999 0.0
C0G620 1997040605 -9999 -9999 -9999 0.0
C0G620 1997040606 -9999 -9999 -9999 0.0
C0G620 1997040607 -9999 -9999 -9999 0.0
C0G620 1997040608 -9999 -9999 -9999 0.0
C0G620 1997040609 -9999 -9999 -9999 0.0
C0G620 1997040610 -9999 -9999 -9999 0.0
C0G620 1997040611 -9999 -9999 -9999 0.0
C0G620 1997040612 -9999 -9999 -9999 0.0
C0G620 1997040613 -9999 -9999 -9999 0.0
C0G620 1997040614 -9999 -9999 -9999 0.0
C0G620 1997040615 -9999 -9999 -9999 0.0
C0G620 1997040616 -9999 -9999 -9999 0.0
C0G620 1997040617 -9999 -9999 -9999 0.0
C0G620 1997040618 -9999 -9999 -9999 0.0
C0G620 1997040619 -9999 -9999 -9999 0.0
C0G620 1997040620 -9999 -9999 -9999 0.0
C0G620 1997040621 -9999 -9999 -9999 0.0
C0G620 1997040622 -9999 -9999 -9999 0.0
C0G620 1997040623 -9999 -9999 -9999 0.0
C0G620 1997040624 -9999 -9999 -9999 0.0
C0G620 1997040701 -9999 -9999 -9999 0.0
C0G620 1997040702 -9999 -9999 -9999 0.0
C0G620 1997040703 -9999 -9999 -9999 0.0
C0G620 1997040704 -9999 -9999 -9999 0.0
C0G620 1997040705 -9999 -9999 -9999 0.0
C0G620 1997040706 -9999 -9999 -9999 0.0
C0G620 1997040707 -9999 -9999 -9999 0.0
C0G620 1997040708 -9999 -9999 -9999 0.0
C0G620 1997040709 -9999 -9999 -9999 0.0
C0G620 1997040710 -9999 -9999 -9999 0.0
C0G620 1997040711 -9999 -9999 -9999 0.0
C0G620 1997040712 -9999 -9999 -9999 0.0
C0G620 1997040713 -9999 -9999 -9999 0.0
C0G620 1997040714 -9999 -9999 -9999 0.0
C0G620 1997040715 -9999 -9999 -9999 0.0
C0G620 1997040716 -9999 -9999 -9999 0.0
C0G620 1997040717 -9999 -9999 -9999 0.0
C0G620 1997040718 -9999 -9999 -9999 0.0
C0G620 1997040719 -9999 -9999 -9999 0.0
C0G620 1997040720 -9999 -9999 -9999 0.0
C0G620 1997040721 -9999 -9999 -9999 0.0
C0G620 1997040722 -9999 -9999 -9999 0.0
C0G620 1997040723 -9999 -9999 -9999 0.0
C0G620 1997040724 -9999 -9999 -9999 0.0
C0G620 1997040801 -9999 -9999 -9999 0.0
C0G620 1997040802 -9999 -9999 -9999 0.0
C0G620 1997040803 -9999 -9999 -9999 0.0
C0G620 1997040804 -9999 -9999 -9999 0.0
C0G620 1997040805 -9999 -9999 -9999 0.0
C0G620 1997040806 -9999 -9999 -9999 0.0
C0G620 1997040807 -9999 -9999 -9999 0.0
C0G620 1997040808 -9999 -9999 -9999 0.0
C0G620 1997040809 -9999 -9999 -9999 0.0
C0G620 1997040810 -9999 -9999 -9999 0.0
C0G620 1997040811 -9999 -9999 -9999 0.0
C0G620 1997040812 -9999 -9999 -9999 0.0
C0G620 1997040813 -9999 -9999 -9999 0.0
C0G620 1997040814 -9999 -9999 -9999 0.0
C0G620 1997040815 -9999 -9999 -9999 0.0
C0G620 1997040816 -9999 -9999 -9999 0.0
C0G620 1997040817 -9999 -9999 -9999 0.0
C0G620 1997040818 -9999 -9999 -9999 0.0
C0G620 1997040819 -9999 -9999 -9999 0.0
C0G620 1997040820 -9999 -9999 -9999 0.0
C0G620 1997040821 -9999 -9999 -9999 0.0
C0G620 1997040822 -9999 -9999 -9999 0.0
C0G620 1997040823 -9999 -9999 -9999 0.0
C0G620 1997040824 -9999 -9999 -9999 0.0
C0G620 1997040901 -9999 -9999 -9999 0.0
C0G620 1997040902 -9999 -9999 -9999 0.0
C0G620 1997040903 -9999 -9999 -9999 0.0
C0G620 1997040904 -9999 -9999 -9999 0.0
C0G620 1997040905 -9999 -9999 -9999 0.0
C0G620 1997040906 -9999 -9999 -9999 0.0
C0G620 1997040907 -9999 -9999 -9999 0.0
C0G620 1997040908 -9999 -9999 -9999 0.0
C0G620 1997040909 -9999 -9999 -9999 0.0
C0G620 1997040910 -9999 -9999 -9999 0.0
C0G620 1997040911 -9999 -9999 -9999 0.0
C0G620 1997040912 -9999 -9999 -9999 0.0
C0G620 1997040913 -9999 -9999 -9999 0.0
C0G620 1997040914 -9999 -9999 -9999 0.0
C0G620 1997040915 -9999 -9999 -9999 0.0
C0G620 1997040916 -9999 -9999 -9999 0.0
C0G620 1997040917 -9999 -9999 -9999 0.0
C0G620 1997040918 -9999 -9999 -9999 0.0
C0G620 1997040919 -9999 -9999 -9999 0.0
C0G620 1997040920 -9999 -9999 -9999 0.0
C0G620 1997040921 -9999 -9999 -9999 0.0
C0G620 1997040922 -9999 -9999 -9999 0.0
C0G620 1997040923 -9999 -9999 -9999 0.0
C0G620 1997040924 -9999 -9999 -9999 0.0
C0G620 1997041001 -9999 -9999 -9999 0.0
C0G620 1997041002 -9999 -9999 -9999 0.0
C0G620 1997041003 -9999 -9999 -9999 0.0
C0G620 1997041004 -9999 -9999 -9999 0.0
C0G620 1997041005 -9999 -9999 -9999 0.0
C0G620 1997041006 -9999 -9999 -9999 0.0
C0G620 1997041007 -9999 -9999 -9999 0.0
C0G620 1997041008 -9999 -9999 -9999 0.0
C0G620 1997041009 -9999 -9999 -9999 0.0
C0G620 1997041010 -9999 -9999 -9999 0.0
C0G620 1997041011 -9999 -9999 -9999 -9996
C0G620 1997041012 -9999 -9999 -9999 6.0
C0G620 1997041013 -9999 -9999 -9999 2.5
C0G620 1997041014 -9999 -9999 -9999 -9996
C0G620 1997041015 -9999 -9999 -9999 1.5
C0G620 1997041016 -9999 -9999 -9999 0.5
C0G620 1997041017 -9999 -9999 -9999 0.5
C0G620 1997041018 -9999 -9999 -9999 0.5
C0G620 1997041019 -9999 -9999 -9999 0.5
C0G620 1997041020 -9999 -9999 -9999 0.0
C0G620 1997041021 -9999 -9999 -9999 0.0
C0G620 1997041022 -9999 -9999 -9999 0.0
C0G620 1997041023 -9999 -9999 -9999 0.0
C0G620 1997041024 -9999 -9999 -9999 0.0
C0G620 1997041101 -9999 -9999 -9999 0.0
C0G620 1997041102 -9999 -9999 -9999 0.0
C0G620 1997041103 -9999 -9999 -9999 0.0
C0G620 1997041104 -9999 -9999 -9999 0.0
C0G620 1997041105 -9999 -9999 -9999 0.0
C0G620 1997041106 -9999 -9999 -9999 0.0
C0G620 1997041107 -9999 -9999 -9999 0.0
C0G620 1997041108 -9999 -9999 -9999 0.0
C0G620 1997041109 -9999 -9999 -9999 0.0
C0G620 1997041110 -9999 -9999 -9999 0.0
C0G620 1997041111 -9999 -9999 -9999 0.0
C0G620 1997041112 -9999 -9999 -9999 0.0
C0G620 1997041113 -9999 -9999 -9999 0.0
C0G620 1997041114 -9999 -9999 -9999 0.0
C0G620 1997041115 -9999 -9999 -9999 0.0
C0G620 1997041116 -9999 -9999 -9999 0.0
C0G620 1997041117 -9999 -9999 -9999 0.0
C0G620 1997041118 -9999 -9999 -9999 0.0
C0G620 1997041119 -9999 -9999 -9999 0.0
C0G620 1997041120 -9999 -9999 -9999 0.0
C0G620 1997041121 -9999 -9999 -9999 0.0
C0G620 1997041122 -9999 -9999 -9999 0.0
C0G620 1997041123 -9999 -9999 -9999 0.0
C0G620 1997041124 -9999 -9999 -9999 0.0
C0G620 1997041201 -9999 -9999 -9999 0.0
C0G620 1997041202 -9999 -9999 -9999 0.0
C0G620 1997041203 -9999 -9999 -9999 0.0
C0G620 1997041204 -9999 -9999 -9999 0.0
C0G620 1997041205 -9999 -9999 -9999 0.0
C0G620 1997041206 -9999 -9999 -9999 0.0
C0G620 1997041207 -9999 -9999 -9999 0.0
C0G620 1997041208 -9999 -9999 -9999 0.0
C0G620 1997041209 -9999 -9999 -9999 0.0
C0G620 1997041210 -9999 -9999 -9999 0.0
C0G620 1997041211 -9999 -9999 -9999 0.0
C0G620 1997041212 -9999 -9999 -9999 0.0
C0G620 1997041213 -9999 -9999 -9999 0.0
C0G620 1997041214 -9999 -9999 -9999 0.0
C0G620 1997041215 -9999 -9999 -9999 0.0
C0G620 1997041216 -9999 -9999 -9999 0.0
C0G620 1997041217 -9999 -9999 -9999 0.0
C0G620 1997041218 -9999 -9999 -9999 0.0
C0G620 1997041219 -9999 -9999 -9999 0.0
C0G620 1997041220 -9999 -9999 -9999 0.0
C0G620 1997041221 -9999 -9999 -9999 0.0
C0G620 1997041222 -9999 -9999 -9999 0.0
C0G620 1997041223 -9999 -9999 -9999 0.0
C0G620 1997041224 -9999 -9999 -9999 0.0
C0G620 1997041301 -9999 -9999 -9999 0.0
C0G620 1997041302 -9999 -9999 -9999 0.0
C0G620 1997041303 -9999 -9999 -9999 0.0
C0G620 1997041304 -9999 -9999 -9999 0.0
C0G620 1997041305 -9999 -9999 -9999 0.0
C0G620 1997041306 -9999 -9999 -9999 0.0
C0G620 1997041307 -9999 -9999 -9999 0.0
C0G620 1997041308 -9999 -9999 -9999 0.0
C0G620 1997041309 -9999 -9999 -9999 0.0
C0G620 1997041310 -9999 -9999 -9999 0.0
C0G620 1997041311 -9999 -9999 -9999 0.0
C0G620 1997041312 -9999 -9999 -9999 0.0
C0G620 1997041313 -9999 -9999 -9999 0.0
C0G620 1997041314 -9999 -9999 -9999 0.0
C0G620 1997041315 -9999 -9999 -9999 0.0
C0G620 1997041316 -9999 -9999 -9999 0.0
C0G620 1997041317 -9999 -9999 -9999 0.0
C0G620 1997041318 -9999 -9999 -9999 0.0
C0G620 1997041319 -9999 -9999 -9999 0.0
C0G620 1997041320 -9999 -9999 -9999 0.0
C0G620 1997041321 -9999 -9999 -9999 0.0
C0G620 1997041322 -9999 -9999 -9999 0.0
C0G620 1997041323 -9999 -9999 -9999 0.0
C0G620 1997041324 -9999 -9999 -9999 0.0
C0G620 1997041401 -9999 -9999 -9999 0.0
C0G620 1997041402 -9999 -9999 -9999 0.0
C0G620 1997041403 -9999 -9999 -9999 0.0
C0G620 1997041404 -9999 -9999 -9999 0.0
C0G620 1997041405 -9999 -9999 -9999 0.0
C0G620 1997041406 -9999 -9999 -9999 0.0
C0G620 1997041407 -9999 -9999 -9999 0.0
C0G620 1997041408 -9999 -9999 -9999 0.0
C0G620 1997041409 -9999 -9999 -9999 -9996
C0G620 1997041410 -9999 -9999 -9999 -9996
C0G620 1997041411 -9999 -9999 -9999 0.5
C0G620 1997041412 -9999 -9999 -9999 0.0
C0G620 1997041413 -9999 -9999 -9999 0.0
C0G620 1997041414 -9999 -9999 -9999 0.0
C0G620 1997041415 -9999 -9999 -9999 0.0
C0G620 1997041416 -9999 -9999 -9999 0.0
C0G620 1997041417 -9999 -9999 -9999 0.0
C0G620 1997041418 -9999 -9999 -9999 0.0
C0G620 1997041419 -9999 -9999 -9999 0.0
C0G620 1997041420 -9999 -9999 -9999 0.0
C0G620 1997041421 -9999 -9999 -9999 0.0
C0G620 1997041422 -9999 -9999 -9999 0.0
C0G620 1997041423 -9999 -9999 -9999 0.0
C0G620 1997041424 -9999 -9999 -9999 -9996
C0G620 1997041501 -9999 -9999 -9999 -9996
C0G620 1997041502 -9999 -9999 -9999 -9996
C0G620 1997041503 -9999 -9999 -9999 1.0
C0G620 1997041504 -9999 -9999 -9999 1.5
C0G620 1997041505 -9999 -9999 -9999 -9996
C0G620 1997041506 -9999 -9999 -9999 1.0
C0G620 1997041507 -9999 -9999 -9999 -9996
C0G620 1997041508 -9999 -9999 -9999 2.0
C0G620 1997041509 -9999 -9999 -9999 -9996
C0G620 1997041510 -9999 -9999 -9999 -9996
C0G620 1997041511 -9999 -9999 -9999 -9996
C0G620 1997041512 -9999 -9999 -9999 0.5
C0G620 1997041513 -9999 -9999 -9999 0.0
C0G620 1997041514 -9999 -9999 -9999 0.0
C0G620 1997041515 -9999 -9999 -9999 0.0
C0G620 1997041516 -9999 -9999 -9999 0.0
C0G620 1997041517 -9999 -9999 -9999 0.0
C0G620 1997041518 -9999 -9999 -9999 0.0
C0G620 1997041519 -9999 -9999 -9999 0.0
C0G620 1997041520 -9999 -9999 -9999 -9996
C0G620 1997041521 -9999 -9999 -9999 -9996
C0G620 1997041522 -9999 -9999 -9999 -9996
C0G620 1997041523 -9999 -9999 -9999 -9996
C0G620 1997041524 -9999 -9999 -9999 -9996
C0G620 1997041601 -9999 -9999 -9999 0.0
C0G620 1997041602 -9999 -9999 -9999 0.0
C0G620 1997041603 -9999 -9999 -9999 0.0
C0G620 1997041604 -9999 -9999 -9999 0.0
C0G620 1997041605 -9999 -9999 -9999 0.0
C0G620 1997041606 -9999 -9999 -9999 0.0
C0G620 1997041607 -9999 -9999 -9999 0.0
C0G620 1997041608 -9999 -9999 -9999 0.0
C0G620 1997041609 -9999 -9999 -9999 0.0
C0G620 1997041610 -9999 -9999 -9999 0.0
C0G620 1997041611 -9999 -9999 -9999 0.0
C0G620 1997041612 -9999 -9999 -9999 0.0
C0G620 1997041613 -9999 -9999 -9999 0.0
C0G620 1997041614 -9999 -9999 -9999 0.0
C0G620 1997041615 -9999 -9999 -9999 0.0
C0G620 1997041616 -9999 -9999 -9999 0.0
C0G620 1997041617 -9999 -9999 -9999 0.0
C0G620 1997041618 -9999 -9999 -9999 0.0
C0G620 1997041619 -9999 -9999 -9999 0.0
C0G620 1997041620 -9999 -9999 -9999 -9996
C0G620 1997041621 -9999 -9999 -9999 -9996
C0G620 1997041622 -9999 -9999 -9999 -9996
C0G620 1997041623 -9999 -9999 -9999 -9996
C0G620 1997041624 -9999 -9999 -9999 -9996
C0G620 1997041701 -9999 -9999 -9999 0.0
C0G620 1997041702 -9999 -9999 -9999 0.0
C0G620 1997041703 -9999 -9999 -9999 0.0
C0G620 1997041704 -9999 -9999 -9999 0.0
C0G620 1997041705 -9999 -9999 -9999 0.0
C0G620 1997041706 -9999 -9999 -9999 0.0
C0G620 1997041707 -9999 -9999 -9999 0.0
C0G620 1997041708 -9999 -9999 -9999 0.0
C0G620 1997041709 -9999 -9999 -9999 0.0
C0G620 1997041710 -9999 -9999 -9999 0.0
C0G620 1997041711 -9999 -9999 -9999 0.0
C0G620 1997041712 -9999 -9999 -9999 0.0
C0G620 1997041713 -9999 -9999 -9999 0.0
C0G620 1997041714 -9999 -9999 -9999 0.0
C0G620 1997041715 -9999 -9999 -9999 0.0
C0G620 1997041716 -9999 -9999 -9999 0.0
C0G620 1997041717 -9999 -9999 -9999 0.0
C0G620 1997041718 -9999 -9999 -9999 0.0
C0G620 1997041719 -9999 -9999 -9999 0.0
C0G620 1997041720 -9999 -9999 -9999 -9996
C0G620 1997041721 -9999 -9999 -9999 -9996
C0G620 1997041722 -9999 -9999 -9999 -9996
C0G620 1997041723 -9999 -9999 -9999 -9996
C0G620 1997041724 -9999 -9999 -9999 -9996
C0G620 1997041801 -9999 -9999 -9999 0.0
C0G620 1997041802 -9999 -9999 -9999 0.0
C0G620 1997041803 -9999 -9999 -9999 0.0
C0G620 1997041804 -9999 -9999 -9999 0.0
C0G620 1997041805 -9999 -9999 -9999 0.0
C0G620 1997041806 -9999 -9999 -9999 0.0
C0G620 1997041807 -9999 -9999 -9999 0.0
C0G620 1997041808 -9999 -9999 -9999 0.0
C0G620 1997041809 -9999 -9999 -9999 0.0
C0G620 1997041810 -9999 -9999 -9999 0.0
C0G620 1997041811 -9999 -9999 -9999 0.0
C0G620 1997041812 -9999 -9999 -9999 0.0
C0G620 1997041813 -9999 -9999 -9999 0.0
C0G620 1997041814 -9999 -9999 -9999 0.0
C0G620 1997041815 -9999 -9999 -9999 0.0
C0G620 1997041816 -9999 -9999 -9999 0.0
C0G620 1997041817 -9999 -9999 -9999 0.0
C0G620 1997041818 -9999 -9999 -9999 0.0
C0G620 1997041819 -9999 -9999 -9999 0.0
C0G620 1997041820 -9999 -9999 -9999 0.0
C0G620 1997041821 -9999 -9999 -9999 0.0
C0G620 1997041822 -9999 -9999 -9999 0.0
C0G620 1997041823 -9999 -9999 -9999 0.0
C0G620 1997041824 -9999 -9999 -9999 0.0
C0G620 1997041901 -9999 -9999 -9999 0.0
C0G620 1997041902 -9999 -9999 -9999 0.0
C0G620 1997041903 -9999 -9999 -9999 0.0
C0G620 1997041904 -9999 -9999 -9999 0.0
C0G620 1997041905 -9999 -9999 -9999 0.0
C0G620 1997041906 -9999 -9999 -9999 0.0
C0G620 1997041907 -9999 -9999 -9999 0.0
C0G620 1997041908 -9999 -9999 -9999 0.0
C0G620 1997041909 -9999 -9999 -9999 0.0
C0G620 1997041910 -9999 -9999 -9999 0.0
C0G620 1997041911 -9999 -9999 -9999 0.0
C0G620 1997041912 -9999 -9999 -9999 0.0
C0G620 1997041913 -9999 -9999 -9999 0.0
C0G620 1997041914 -9999 -9999 -9999 0.0
C0G620 1997041915 -9999 -9999 -9999 0.0
C0G620 1997041916 -9999 -9999 -9999 0.0
C0G620 1997041917 -9999 -9999 -9999 0.0
C0G620 1997041918 -9999 -9999 -9999 0.0
C0G620 1997041919 -9999 -9999 -9999 0.0
C0G620 1997041920 -9999 -9999 -9999 0.0
C0G620 1997041921 -9999 -9999 -9999 0.0
C0G620 1997041922 -9999 -9999 -9999 0.0
C0G620 1997041923 -9999 -9999 -9999 0.0
C0G620 1997041924 -9999 -9999 -9999 0.0
C0G620 1997042001 -9999 -9999 -9999 0.0
C0G620 1997042002 -9999 -9999 -9999 0.0
C0G620 1997042003 -9999 -9999 -9999 0.0
C0G620 1997042004 -9999 -9999 -9999 0.0
C0G620 1997042005 -9999 -9999 -9999 0.0
C0G620 1997042006 -9999 -9999 -9999 0.0
C0G620 1997042007 -9999 -9999 -9999 0.0
C0G620 1997042008 -9999 -9999 -9999 0.0
C0G620 1997042009 -9999 -9999 -9999 0.0
C0G620 1997042010 -9999 -9999 -9999 0.0
C0G620 1997042011 -9999 -9999 -9999 0.0
C0G620 1997042012 -9999 -9999 -9999 0.0
C0G620 1997042013 -9999 -9999 -9999 0.0
C0G620 1997042014 -9999 -9999 -9999 0.0
C0G620 1997042015 -9999 -9999 -9999 0.0
C0G620 1997042016 -9999 -9999 -9999 0.0
C0G620 1997042017 -9999 -9999 -9999 0.0
C0G620 1997042018 -9999 -9999 -9999 0.0
C0G620 1997042019 -9999 -9999 -9999 0.0
C0G620 1997042020 -9999 -9999 -9999 0.0
C0G620 1997042021 -9999 -9999 -9999 0.0
C0G620 1997042022 -9999 -9999 -9999 0.0
C0G620 1997042023 -9999 -9999 -9999 0.0
C0G620 1997042024 -9999 -9999 -9999 0.0
C0G620 1997042101 -9999 -9999 -9999 0.0
C0G620 1997042102 -9999 -9999 -9999 0.0
C0G620 1997042103 -9999 -9999 -9999 0.0
C0G620 1997042104 -9999 -9999 -9999 0.0
C0G620 1997042105 -9999 -9999 -9999 0.0
C0G620 1997042106 -9999 -9999 -9999 0.0
C0G620 1997042107 -9999 -9999 -9999 0.0
C0G620 1997042108 -9999 -9999 -9999 0.0
C0G620 1997042109 -9999 -9999 -9999 0.0
C0G620 1997042110 -9999 -9999 -9999 0.0
C0G620 1997042111 -9999 -9999 -9999 0.0
C0G620 1997042112 -9999 -9999 -9999 0.0
C0G620 1997042113 -9999 -9999 -9999 0.0
C0G620 1997042114 -9999 -9999 -9999 0.0
C0G620 1997042115 -9999 -9999 -9999 0.0
C0G620 1997042116 -9999 -9999 -9999 0.0
C0G620 1997042117 -9999 -9999 -9999 0.0
C0G620 1997042118 -9999 -9999 -9999 0.0
C0G620 1997042119 -9999 -9999 -9999 0.0
C0G620 1997042120 -9999 -9999 -9999 0.0
C0G620 1997042121 -9999 -9999 -9999 0.0
C0G620 1997042122 -9999 -9999 -9999 0.0
C0G620 1997042123 -9999 -9999 -9999 0.0
C0G620 1997042124 -9999 -9999 -9999 0.0
C0G620 1997042201 -9999 -9999 -9999 0.0
C0G620 1997042202 -9999 -9999 -9999 0.0
C0G620 1997042203 -9999 -9999 -9999 0.0
C0G620 1997042204 -9999 -9999 -9999 0.0
C0G620 1997042205 -9999 -9999 -9999 0.0
C0G620 1997042206 -9999 -9999 -9999 0.0
C0G620 1997042207 -9999 -9999 -9999 0.0
C0G620 1997042208 -9999 -9999 -9999 0.0
C0G620 1997042209 -9999 -9999 -9999 0.0
C0G620 1997042210 -9999 -9999 -9999 0.0
C0G620 1997042211 -9999 -9999 -9999 0.0
C0G620 1997042212 -9999 -9999 -9999 0.0
C0G620 1997042213 -9999 -9999 -9999 0.0
C0G620 1997042214 -9999 -9999 -9999 0.0
C0G620 1997042215 -9999 -9999 -9999 0.0
C0G620 1997042216 -9999 -9999 -9999 0.0
C0G620 1997042217 -9999 -9999 -9999 0.0
C0G620 1997042218 -9999 -9999 -9999 0.0
C0G620 1997042219 -9999 -9999 -9999 0.0
C0G620 1997042220 -9999 -9999 -9999 0.0
C0G620 1997042221 -9999 -9999 -9999 0.0
C0G620 1997042222 -9999 -9999 -9999 0.0
C0G620 1997042223 -9999 -9999 -9999 0.0
C0G620 1997042224 -9999 -9999 -9999 0.0
C0G620 1997042301 -9999 -9999 -9999 0.0
C0G620 1997042302 -9999 -9999 -9999 0.0
C0G620 1997042303 -9999 -9999 -9999 0.0
C0G620 1997042304 -9999 -9999 -9999 0.0
C0G620 1997042305 -9999 -9999 -9999 0.0
C0G620 1997042306 -9999 -9999 -9999 0.0
C0G620 1997042307 -9999 -9999 -9999 0.0
C0G620 1997042308 -9999 -9999 -9999 0.0
C0G620 1997042309 -9999 -9999 -9999 0.0
C0G620 1997042310 -9999 -9999 -9999 0.0
C0G620 1997042311 -9999 -9999 -9999 0.0
C0G620 1997042312 -9999 -9999 -9999 0.0
C0G620 1997042313 -9999 -9999 -9999 0.0
C0G620 1997042314 -9999 -9999 -9999 0.0
C0G620 1997042315 -9999 -9999 -9999 0.0
C0G620 1997042316 -9999 -9999 -9999 0.0
C0G620 1997042317 -9999 -9999 -9999 0.0
C0G620 1997042318 -9999 -9999 -9999 0.0
C0G620 1997042319 -9999 -9999 -9999 0.0
C0G620 1997042320 -9999 -9999 -9999 0.0
C0G620 1997042321 -9999 -9999 -9999 0.0
C0G620 1997042322 -9999 -9999 -9999 0.0
C0G620 1997042323 -9999 -9999 -9999 0.0
C0G620 1997042324 -9999 -9999 -9999 0.0
C0G620 1997042401 -9999 -9999 -9999 0.0
C0G620 1997042402 -9999 -9999 -9999 0.0
C0G620 1997042403 -9999 -9999 -9999 0.0
C0G620 1997042404 -9999 -9999 -9999 0.0
C0G620 1997042405 -9999 -9999 -9999 0.0
C0G620 1997042406 -9999 -9999 -9999 0.0
C0G620 1997042407 -9999 -9999 -9999 0.0
C0G620 1997042408 -9999 -9999 -9999 0.0
C0G620 1997042409 -9999 -9999 -9999 0.0
C0G620 1997042410 -9999 -9999 -9999 0.0
C0G620 1997042411 -9999 -9999 -9999 0.0
C0G620 1997042412 -9999 -9999 -9999 0.0
C0G620 1997042413 -9999 -9999 -9999 0.0
C0G620 1997042414 -9999 -9999 -9999 0.0
C0G620 1997042415 -9999 -9999 -9999 0.0
C0G620 1997042416 -9999 -9999 -9999 0.0
C0G620 1997042417 -9999 -9999 -9999 0.0
C0G620 1997042418 -9999 -9999 -9999 0.0
C0G620 1997042419 -9999 -9999 -9999 0.0
C0G620 1997042420 -9999 -9999 -9999 0.0
C0G620 1997042421 -9999 -9999 -9999 0.0
C0G620 1997042422 -9999 -9999 -9999 0.0
C0G620 1997042423 -9999 -9999 -9999 0.0
C0G620 1997042424 -9999 -9999 -9999 0.0
C0G620 1997042501 -9999 -9999 -9999 0.0
C0G620 1997042502 -9999 -9999 -9999 0.0
C0G620 1997042503 -9999 -9999 -9999 0.0
C0G620 1997042504 -9999 -9999 -9999 0.0
C0G620 1997042505 -9999 -9999 -9999 0.0
C0G620 1997042506 -9999 -9999 -9999 0.0
C0G620 1997042507 -9999 -9999 -9999 0.0
C0G620 1997042508 -9999 -9999 -9999 0.0
C0G620 1997042509 -9999 -9999 -9999 0.0
C0G620 1997042510 -9999 -9999 -9999 0.0
C0G620 1997042511 -9999 -9999 -9999 0.0
C0G620 1997042512 -9999 -9999 -9999 0.0
C0G620 1997042513 -9999 -9999 -9999 0.0
C0G620 1997042514 -9999 -9999 -9999 0.0
C0G620 1997042515 -9999 -9999 -9999 0.0
C0G620 1997042516 -9999 -9999 -9999 0.0
C0G620 1997042517 -9999 -9999 -9999 0.0
C0G620 1997042518 -9999 -9999 -9999 0.0
C0G620 1997042519 -9999 -9999 -9999 0.0
C0G620 1997042520 -9999 -9999 -9999 0.0
C0G620 1997042521 -9999 -9999 -9999 0.0
C0G620 1997042522 -9999 -9999 -9999 0.0
C0G620 1997042523 -9999 -9999 -9999 0.0
C0G620 1997042524 -9999 -9999 -9999 0.0
C0G620 1997042601 -9999 -9999 -9999 0.0
C0G620 1997042602 -9999 -9999 -9999 0.0
C0G620 1997042603 -9999 -9999 -9999 0.0
C0G620 1997042604 -9999 -9999 -9999 0.0
C0G620 1997042605 -9999 -9999 -9999 0.0
C0G620 1997042606 -9999 -9999 -9999 0.0
C0G620 1997042607 -9999 -9999 -9999 0.0
C0G620 1997042608 -9999 -9999 -9999 0.0
C0G620 1997042609 -9999 -9999 -9999 0.0
C0G620 1997042610 -9999 -9999 -9999 0.0
C0G620 1997042611 -9999 -9999 -9999 0.0
C0G620 1997042612 -9999 -9999 -9999 0.0
C0G620 1997042613 -9999 -9999 -9999 0.0
C0G620 1997042614 -9999 -9999 -9999 0.0
C0G620 1997042615 -9999 -9999 -9999 0.0
C0G620 1997042616 -9999 -9999 -9999 0.0
C0G620 1997042617 -9999 -9999 -9999 0.0
C0G620 1997042618 -9999 -9999 -9999 0.0
C0G620 1997042619 -9999 -9999 -9999 0.0
C0G620 1997042620 -9999 -9999 -9999 0.0
C0G620 1997042621 -9999 -9999 -9999 0.0
C0G620 1997042622 -9999 -9999 -9999 0.0
C0G620 1997042623 -9999 -9999 -9999 0.0
C0G620 1997042624 -9999 -9999 -9999 0.0
C0G620 1997042701 -9999 -9999 -9999 0.0
C0G620 1997042702 -9999 -9999 -9999 0.0
C0G620 1997042703 -9999 -9999 -9999 0.0
C0G620 1997042704 -9999 -9999 -9999 0.0
C0G620 1997042705 -9999 -9999 -9999 0.0
C0G620 1997042706 -9999 -9999 -9999 0.0
C0G620 1997042707 -9999 -9999 -9999 0.0
C0G620 1997042708 -9999 -9999 -9999 0.0
C0G620 1997042709 -9999 -9999 -9999 0.0
C0G620 1997042710 -9999 -9999 -9999 0.0
C0G620 1997042711 -9999 -9999 -9999 0.0
C0G620 1997042712 -9999 -9999 -9999 0.0
C0G620 1997042713 -9999 -9999 -9999 0.0
C0G620 1997042714 -9999 -9999 -9999 0.0
C0G620 1997042715 -9999 -9999 -9999 0.0
C0G620 1997042716 -9999 -9999 -9999 0.0
C0G620 1997042717 -9999 -9999 -9999 0.0
C0G620 1997042718 -9999 -9999 -9999 0.0
C0G620 1997042719 -9999 -9999 -9999 0.0
C0G620 1997042720 -9999 -9999 -9999 0.0
C0G620 1997042721 -9999 -9999 -9999 0.0
C0G620 1997042722 -9999 -9999 -9999 0.0
C0G620 1997042723 -9999 -9999 -9999 0.0
C0G620 1997042724 -9999 -9999 -9999 0.0
C0G620 1997042801 -9999 -9999 -9999 0.0
C0G620 1997042802 -9999 -9999 -9999 0.0
C0G620 1997042803 -9999 -9999 -9999 0.0
C0G620 1997042804 -9999 -9999 -9999 0.0
C0G620 1997042805 -9999 -9999 -9999 0.0
C0G620 1997042806 -9999 -9999 -9999 0.0
C0G620 1997042807 -9999 -9999 -9999 0.0
C0G620 1997042808 -9999 -9999 -9999 0.0
C0G620 1997042809 -9999 -9999 -9999 0.0
C0G620 1997042810 -9999 -9999 -9999 0.0
C0G620 1997042811 -9999 -9999 -9999 0.0
C0G620 1997042812 -9999 -9999 -9999 0.0
C0G620 1997042813 -9999 -9999 -9999 0.0
C0G620 1997042814 -9999 -9999 -9999 0.0
C0G620 1997042815 -9999 -9999 -9999 0.0
C0G620 1997042816 -9999 -9999 -9999 0.0
C0G620 1997042817 -9999 -9999 -9999 0.0
C0G620 1997042818 -9999 -9999 -9999 0.0
C0G620 1997042819 -9999 -9999 -9999 0.0
C0G620 1997042820 -9999 -9999 -9999 0.0
C0G620 1997042821 -9999 -9999 -9999 0.0
C0G620 1997042822 -9999 -9999 -9999 0.0
C0G620 1997042823 -9999 -9999 -9999 0.0
C0G620 1997042824 -9999 -9999 -9999 0.0
C0G620 1997042901 -9999 -9999 -9999 0.0
C0G620 1997042902 -9999 -9999 -9999 0.0
C0G620 1997042903 -9999 -9999 -9999 0.0
C0G620 1997042904 -9999 -9999 -9999 0.0
C0G620 1997042905 -9999 -9999 -9999 0.0
C0G620 1997042906 -9999 -9999 -9999 0.0
C0G620 1997042907 -9999 -9999 -9999 0.0
C0G620 1997042908 -9999 -9999 -9999 0.0
C0G620 1997042909 -9999 -9999 -9999 0.0
C0G620 1997042910 -9999 -9999 -9999 0.0
C0G620 1997042911 -9999 -9999 -9999 0.0
C0G620 1997042912 -9999 -9999 -9999 0.0
C0G620 1997042913 -9999 -9999 -9999 0.0
C0G620 1997042914 -9999 -9999 -9999 0.0
C0G620 1997042915 -9999 -9999 -9999 0.0
C0G620 1997042916 -9999 -9999 -9999 0.0
C0G620 1997042917 -9999 -9999 -9999 0.0
C0G620 1997042918 -9999 -9999 -9999 0.0
C0G620 1997042919 -9999 -9999 -9999 0.0
C0G620 1997042920 -9999 -9999 -9999 0.0
C0G620 1997042921 -9999 -9999 -9999 0.0
C0G620 1997042922 -9999 -9999 -9999 0.0
C0G620 1997042923 -9999 -9999 -9999 0.0
C0G620 1997042924 -9999 -9999 -9999 0.0
C0G620 1997043001 -9999 -9999 -9999 0.0
C0G620 1997043002 -9999 -9999 -9999 0.0
C0G620 1997043003 -9999 -9999 -9999 0.0
C0G620 1997043004 -9999 -9999 -9999 0.0
C0G620 1997043005 -9999 -9999 -9999 0.0
C0G620 1997043006 -9999 -9999 -9999 0.0
C0G620 1997043007 -9999 -9999 -9999 0.0
C0G620 1997043008 -9999 -9999 -9999 0.0
C0G620 1997043009 -9999 -9999 -9999 0.0
C0G620 1997043010 -9999 -9999 -9999 0.0
C0G620 1997043011 -9999 -9999 -9999 0.0
C0G620 1997043012 -9999 -9999 -9999 0.0
C0G620 1997043013 -9999 -9999 -9999 0.0
C0G620 1997043014 -9999 -9999 -9999 0.0
C0G620 1997043015 -9999 -9999 -9999 0.0
C0G620 1997043016 -9999 -9999 -9999 0.0
C0G620 1997043017 -9999 -9999 -9999 0.0
C0G620 1997043018 -9999 -9999 -9999 0.0
C0G620 1997043019 -9999 -9999 -9999 0.0
C0G620 1997043020 -9999 -9999 -9999 0.0
C0G620 1997043021 -9999 -9999 -9999 0.0
C0G620 1997043022 -9999 -9999 -9999 0.0
C0G620 1997043023 -9999 -9999 -9999 0.0
C0G620 1997043024 -9999 -9999 -9999 0.0
C0G650 1997040101 21.0 -9999 0.0 0.0
C0G650 1997040102 20.9 -9999 0.0 0.0
C0G650 1997040103 20.5 -9999 0.0 0.0
C0G650 1997040104 20.0 -9999 0.0 0.0
C0G650 1997040105 20.2 -9999 0.0 0.0
C0G650 1997040106 20.0 -9999 0.0 0.0
C0G650 1997040107 20.1 -9999 0.0 0.0
C0G650 1997040108 21.2 -9999 0.0 0.0
C0G650 1997040109 21.9 -9999 0.0 0.0
C0G650 1997040110 23.0 -9999 0.0 0.0
C0G650 1997040111 24.5 -9999 0.0 0.0
C0G650 1997040112 25.7 -9999 0.0 0.0
C0G650 1997040113 25.2 -9999 0.0 0.0
C0G650 1997040114 24.2 -9999 0.0 0.0
C0G650 1997040115 23.9 -9999 0.0 0.0
C0G650 1997040116 23.4 -9999 0.0 0.0
C0G650 1997040117 22.2 -9999 0.0 0.0
C0G650 1997040118 21.4 -9999 0.0 0.0
C0G650 1997040119 -9997 -9999 0.0 0.0
C0G650 1997040120 20.7 -9999 0.0 0.0
C0G650 1997040121 20.5 -9999 0.0 0.0
C0G650 1997040122 20.4 -9999 0.0 0.0
C0G650 1997040123 19.9 -9999 0.0 0.0
C0G650 1997040124 19.9 -9999 0.0 0.0
C0G650 1997040201 19.7 -9999 0.0 0.0
C0G650 1997040202 19.9 -9999 0.0 0.0
C0G650 1997040203 19.4 -9999 0.0 0.0
C0G650 1997040204 19.4 -9999 0.0 0.0
C0G650 1997040205 19.0 -9999 0.0 0.0
C0G650 1997040206 18.4 -9999 0.0 0.0
C0G650 1997040207 19.5 -9999 0.0 0.0
C0G650 1997040208 21.8 -9999 0.0 0.0
C0G650 1997040209 25.2 -9999 0.0 0.0
C0G650 1997040210 27.3 -9999 0.0 0.0
C0G650 1997040211 28.1 -9999 0.0 0.0
C0G650 1997040212 29.5 -9999 0.0 0.0
C0G650 1997040213 29.6 -9999 0.0 0.0
C0G650 1997040214 29.4 -9999 0.0 0.0
C0G650 1997040215 27.8 -9999 0.0 0.0
C0G650 1997040216 27.7 -9999 0.0 0.0
C0G650 1997040217 27.1 -9999 0.0 0.0
C0G650 1997040218 25.6 -9999 0.0 0.0
C0G650 1997040219 24.5 -9999 -9997 0.0
C0G650 1997040220 24.3 -9999 0.0 0.0
C0G650 1997040221 24.5 -9999 0.0 0.0
C0G650 1997040222 24.6 -9999 0.0 0.0
C0G650 1997040223 23.8 -9999 0.0 0.0
C0G650 1997040224 23.3 -9999 0.0 0.0
C0G650 1997040301 22.5 -9999 0.0 0.0
C0G650 1997040302 21.6 -9999 0.0 0.0
C0G650 1997040303 20.8 -9999 0.0 0.0
C0G650 1997040304 20.5 -9999 0.0 0.0
C0G650 1997040305 20.4 -9999 0.0 0.0
C0G650 1997040306 19.9 -9999 0.0 0.0
C0G650 1997040307 -9997 -9999 -9997 0.0
C0G650 1997040308 25.0 -9999 0.0 0.0
C0G650 1997040309 26.4 -9999 0.0 0.0
C0G650 1997040310 27.8 -9999 0.0 0.0
C0G650 1997040311 29.4 -9999 0.0 0.0
C0G650 1997040312 -9997 -9999 -9997 0.0
C0G650 1997040313 29.7 -9999 0.0 0.0
C0G650 1997040314 29.7 -9999 0.0 0.0
C0G650 1997040315 29.8 -9999 0.0 0.0
C0G650 1997040316 28.7 -9999 0.0 0.0
C0G650 1997040317 27.8 -9999 0.0 0.0
C0G650 1997040318 27.0 -9999 0.0 0.0
C0G650 1997040319 26.1 -9999 0.0 0.0
C0G650 1997040320 25.6 -9999 0.0 0.0
C0G650 1997040321 25.3 -9999 0.0 0.0
C0G650 1997040322 -9997 -9999 -9997 0.0
C0G650 1997040323 24.6 -9999 0.0 0.0
C0G650 1997040324 -9997 -9999 -9997 0.0
C0G650 1997040401 -9997 -9999 -9997 0.0
C0G650 1997040402 23.0 -9999 0.0 0.0
C0G650 1997040403 22.3 -9999 -9997 0.0
C0G650 1997040404 21.7 -9999 0.0 0.0
C0G650 1997040405 21.7 -9999 0.0 0.0
C0G650 1997040406 21.1 -9999 -9997 0.0
C0G650 1997040407 22.0 -9999 0.0 0.0
C0G650 1997040408 25.1 -9999 0.0 0.0
C0G650 1997040409 27.1 -9999 0.0 0.0
C0G650 1997040410 27.5 -9999 0.0 0.0
C0G650 1997040411 28.6 -9999 0.0 0.0
C0G650 1997040412 29.1 -9999 -9997 0.0
C0G650 1997040413 29.2 -9999 0.0 0.0
C0G650 1997040414 29.1 -9999 0.0 0.0
C0G650 1997040415 29.4 -9999 0.0 0.0
C0G650 1997040416 28.5 -9999 0.0 0.0
C0G650 1997040417 28.2 -9999 0.0 0.0
C0G650 1997040418 26.6 -9999 0.0 0.0
C0G650 1997040419 25.7 -9999 0.0 0.0
C0G650 1997040420 25.0 -9999 0.0 0.0
C0G650 1997040421 24.4 -9999 0.0 0.0
C0G650 1997040422 -9997 -9999 -9997 0.0
C0G650 1997040423 23.2 -9999 0.0 0.0
C0G650 1997040424 23.4 -9999 0.0 0.0
C0G650 1997040501 22.7 -9999 0.0 0.0
C0G650 1997040502 22.6 -9999 0.0 0.0
C0G650 1997040503 22.9 -9999 0.0 0.0
C0G650 1997040504 22.7 -9999 0.0 0.0
C0G650 1997040505 23.2 -9999 0.0 0.0
C0G650 1997040506 -9997 -9999 -9997 0.0
C0G650 1997040507 -9997 -9999 -9997 0.0
C0G650 1997040508 -9997 -9999 -9997 0.0
C0G650 1997040509 24.9 -9999 0.0 0.0
C0G650 1997040510 25.9 -9999 0.0 0.0
C0G650 1997040511 26.9 -9999 0.0 0.0
C0G650 1997040512 28.4 -9999 0.0 0.0
C0G650 1997040513 29.2 -9999 0.0 0.0
C0G650 1997040514 27.1 -9999 0.0 0.0
C0G650 1997040515 -9997 -9999 0.0 0.0
C0G650 1997040516 26.3 -9999 0.0 0.0
C0G650 1997040517 26.5 -9999 0.0 0.0
C0G650 1997040518 -9997 -9999 -9997 0.0
C0G650 1997040519 23.8 -9999 -9997 0.0
C0G650 1997040520 23.0 -9999 0.0 0.0
C0G650 1997040521 22.4 -9999 0.0 0.0
C0G650 1997040522 22.6 -9999 -9997 0.0
C0G650 1997040523 22.0 -9999 0.0 0.0
C0G650 1997040524 -9997 -9999 -9997 0.0
C0G650 1997040601 21.5 -9999 0.0 0.0
C0G650 1997040602 21.6 -9999 0.0 0.0
C0G650 1997040603 21.1 -9999 0.0 0.0
C0G650 1997040604 21.2 -9999 0.0 0.0
C0G650 1997040605 21.0 -9999 0.0 0.0
C0G650 1997040606 -9997 -9999 0.0 0.0
C0G650 1997040607 -9997 -9999 -9997 0.0
C0G650 1997040608 21.6 -9999 0.0 0.0
C0G650 1997040609 22.4 -9999 0.0 0.0
C0G650 1997040610 23.2 -9999 0.0 0.0
C0G650 1997040611 23.5 -9999 0.0 0.0
C0G650 1997040612 24.3 -9999 0.0 0.0
C0G650 1997040613 26.6 -9999 0.0 0.0
C0G650 1997040614 26.5 -9999 0.0 0.0
C0G650 1997040615 27.1 -9999 0.0 0.0
C0G650 1997040616 25.2 -9999 0.0 0.0
C0G650 1997040617 24.2 -9999 0.0 0.0
C0G650 1997040618 23.2 -9999 0.0 0.0
C0G650 1997040619 22.5 -9999 0.0 0.0
C0G650 1997040620 22.2 -9999 0.0 0.0
C0G650 1997040621 -9997 -9999 -9997 0.0
C0G650 1997040622 20.5 -9999 0.0 0.0
C0G650 1997040623 21.0 -9999 0.0 0.0
C0G650 1997040624 20.4 -9999 0.0 0.0
C0G650 1997040701 20.4 -9999 0.0 0.0
C0G650 1997040702 20.1 -9999 0.0 0.0
C0G650 1997040703 20.0 -9999 0.0 0.0
C0G650 1997040704 19.3 -9999 0.0 0.0
C0G650 1997040705 19.0 -9999 0.0 0.0
C0G650 1997040706 19.0 -9999 0.0 0.0
C0G650 1997040707 -9997 -9999 -9997 0.0
C0G650 1997040708 -9997 -9999 -9997 0.0
C0G650 1997040709 -9997 -9999 0.0 0.0
C0G650 1997040710 24.3 -9999 0.0 0.0
C0G650 1997040711 26.7 -9999 0.0 0.0
C0G650 1997040712 27.9 -9999 0.0 0.0
C0G650 1997040713 28.5 -9999 0.0 0.0
C0G650 1997040714 28.1 -9999 0.0 0.0
C0G650 1997040715 27.1 -9999 0.0 0.0
C0G650 1997040716 27.0 -9999 0.0 0.0
C0G650 1997040717 25.7 -9999 0.0 0.0
C0G650 1997040718 24.8 -9999 0.0 0.0
C0G650 1997040719 23.5 -9999 0.0 0.0
C0G650 1997040720 23.7 -9999 0.0 0.0
C0G650 1997040721 23.1 -9999 0.0 0.0
C0G650 1997040722 22.4 -9999 0.0 0.0
C0G650 1997040723 21.4 -9999 0.0 0.0
C0G650 1997040724 20.9 -9999 0.0 0.0
C0G650 1997040801 20.4 -9999 0.0 0.0
C0G650 1997040802 20.3 -9999 0.0 0.0
C0G650 1997040803 20.1 -9999 0.0 0.0
C0G650 1997040804 20.4 -9999 0.0 0.0
C0G650 1997040805 20.9 -9999 0.0 0.0
C0G650 1997040806 -9997 -9999 -9997 0.0
C0G650 1997040807 22.2 -9999 0.0 0.0
C0G650 1997040808 -9997 -9999 0.0 0.0
C0G650 1997040809 -9997 -9999 -9997 0.0
C0G650 1997040810 27.4 -9999 0.0 0.0
C0G650 1997040811 28.1 -9999 0.0 0.0
C0G650 1997040812 29.8 -9999 0.0 0.0
C0G650 1997040813 29.4 -9999 0.0 0.0
C0G650 1997040814 29.0 -9999 0.0 0.0
C0G650 1997040815 30.3 -9999 0.0 0.0
C0G650 1997040816 28.9 -9999 0.0 0.0
C0G650 1997040817 27.5 -9999 0.0 0.0
C0G650 1997040818 26.1 -9999 0.0 0.0
C0G650 1997040819 -9997 -9999 0.0 0.0
C0G650 1997040820 24.5 -9999 0.0 0.0
C0G650 1997040821 23.2 -9999 0.0 0.0
C0G650 1997040822 22.7 -9999 -9997 0.0
C0G650 1997040823 22.8 -9999 0.0 0.0
C0G650 1997040824 -9997 -9999 -9997 0.0
C0G650 1997040901 -9997 -9999 0.0 0.0
C0G650 1997040902 21.5 -9999 0.0 0.0
C0G650 1997040903 21.1 -9999 0.0 0.0
C0G650 1997040904 22.0 -9999 0.0 0.0
C0G650 1997040905 21.8 -9999 0.0 0.0
C0G650 1997040906 21.1 -9999 0.0 0.0
C0G650 1997040907 22.5 -9999 0.0 0.0
C0G650 1997040908 24.9 -9999 0.0 0.0
C0G650 1997040909 26.7 -9999 0.0 0.0
C0G650 1997040910 26.9 -9999 0.0 0.0
C0G650 1997040911 27.5 -9999 0.0 0.0
C0G650 1997040912 27.7 -9999 0.0 0.0
C0G650 1997040913 28.2 -9999 0.0 0.0
C0G650 1997040914 28.7 -9999 0.0 0.0
C0G650 1997040915 26.4 -9999 0.0 0.0
C0G650 1997040916 26.2 -9999 0.0 0.0
C0G650 1997040917 24.7 -9999 0.0 0.0
C0G650 1997040918 -9997 -9999 0.0 0.0
C0G650 1997040919 21.9 -9999 0.0 0.0
C0G650 1997040920 21.5 -9999 0.0 0.0
C0G650 1997040921 21.4 -9999 0.0 0.0
C0G650 1997040922 21.5 -9999 0.0 0.0
C0G650 1997040923 21.8 -9999 0.0 0.0
C0G650 1997040924 20.8 -9999 0.0 0.0
C0G650 1997041001 21.6 -9999 0.0 0.0
C0G650 1997041002 20.9 -9999 0.0 0.0
C0G650 1997041003 20.4 -9999 0.0 0.0
C0G650 1997041004 19.9 -9999 0.0 0.0
C0G650 1997041005 19.9 -9999 0.0 0.0
C0G650 1997041006 19.8 -9999 0.0 0.0
C0G650 1997041007 19.9 -9999 -9997 -9996
C0G650 1997041008 20.0 -9999 0.0 -9996
C0G650 1997041009 19.5 -9999 0.0 1.0
C0G650 1997041010 19.4 -9999 0.0 1.0
C0G650 1997041011 19.7 -9999 0.0 0.5
C0G650 1997041012 19.1 -9999 0.0 3.5
C0G650 1997041013 -9997 -9999 -9997 2.5
C0G650 1997041014 19.9 -9999 0.0 0.5
C0G650 1997041015 -9997 -9999 -9997 1.5
C0G650 1997041016 -9997 -9999 -9997 2.5
C0G650 1997041017 20.6 -9999 0.0 -9996
C0G650 1997041018 -9997 -9999 0.0 -9996
C0G650 1997041019 20.1 -9999 0.0 -9996
C0G650 1997041020 20.2 -9999 0.0 -9996
C0G650 1997041021 19.7 -9999 0.0 -9996
C0G650 1997041022 19.5 -9999 0.0 -9996
C0G650 1997041023 19.1 -9999 0.0 -9996
C0G650 1997041024 -9997 -9999 -9997 -9996
C0G650 1997041101 18.2 -9999 0.0 -9996
C0G650 1997041102 -9997 -9999 -9997 0.5
C0G650 1997041103 18.6 -9999 0.0 0.0
C0G650 1997041104 18.6 -9999 0.0 0.0
C0G650 1997041105 18.6 -9999 0.0 0.0
C0G650 1997041106 18.5 -9999 0.0 0.0
C0G650 1997041107 19.1 -9999 0.0 0.0
C0G650 1997041108 -9997 -9999 -9997 0.0
C0G650 1997041109 22.6 -9999 -9997 0.0
C0G650 1997041110 24.4 -9999 0.0 0.0
C0G650 1997041111 25.5 -9999 0.0 0.0
C0G650 1997041112 26.8 -9999 0.0 0.0
C0G650 1997041113 26.5 -9999 0.0 0.0
C0G650 1997041114 26.1 -9999 0.0 0.0
C0G650 1997041115 -9997 -9999 0.0 0.0
C0G650 1997041116 25.7 -9999 0.0 0.0
C0G650 1997041117 24.8 -9999 0.0 0.0
C0G650 1997041118 23.3 -9999 0.0 0.0
C0G650 1997041119 22.0 -9999 0.0 0.0
C0G650 1997041120 21.1 -9999 0.0 0.0
C0G650 1997041121 20.6 -9999 0.0 0.0
C0G650 1997041122 19.8 -9999 0.0 0.0
C0G650 1997041123 18.5 -9999 0.0 0.0
C0G650 1997041124 -9997 -9999 -9997 0.0
C0G650 1997041201 -9997 -9999 -9997 0.0
C0G650 1997041202 -9997 -9999 -9997 0.0
C0G650 1997041203 18.0 -9999 0.0 0.0
C0G650 1997041204 17.5 -9999 0.0 0.0
C0G650 1997041205 17.2 -9999 0.0 0.0
C0G650 1997041206 17.1 -9999 0.0 0.0
C0G650 1997041207 18.1 -9999 0.0 0.0
C0G650 1997041208 20.1 -9999 0.0 0.0
C0G650 1997041209 22.0 -9999 0.0 0.0
C0G650 1997041210 24.3 -9999 0.0 0.0
C0G650 1997041211 26.7 -9999 0.0 0.0
C0G650 1997041212 28.2 -9999 0.0 0.0
C0G650 1997041213 28.5 -9999 0.0 0.0
C0G650 1997041214 28.2 -9999 0.0 0.0
C0G650 1997041215 26.9 -9999 0.0 0.0
C0G650 1997041216 26.6 -9999 0.0 0.0
C0G650 1997041217 25.7 -9999 0.0 0.0
C0G650 1997041218 24.6 -9999 0.0 0.0
C0G650 1997041219 23.6 -9999 0.0 0.0
C0G650 1997041220 22.0 -9999 0.0 0.0
C0G650 1997041221 21.8 -9999 0.0 0.0
C0G650 1997041222 21.0 -9999 0.0 0.0
C0G650 1997041223 21.0 -9999 0.0 0.0
C0G650 1997041224 22.0 -9999 0.0 0.0
C0G650 1997041301 22.0 -9999 0.0 0.0
C0G650 1997041302 21.1 -9999 0.0 0.0
C0G650 1997041303 19.8 -9999 0.0 0.0
C0G650 1997041304 20.1 -9999 0.0 0.0
C0G650 1997041305 19.8 -9999 0.0 0.0
C0G650 1997041306 20.6 -9999 0.0 0.0
C0G650 1997041307 21.1 -9999 0.0 0.0
C0G650 1997041308 23.3 -9999 0.0 0.0
C0G650 1997041309 25.0 -9999 0.0 0.0
C0G650 1997041310 26.3 -9999 0.0 0.0
C0G650 1997041311 27.1 -9999 0.0 0.0
C0G650 1997041312 28.0 -9999 0.0 0.0
C0G650 1997041313 28.0 -9999 0.0 0.0
C0G650 1997041314 28.0 -9999 0.0 0.0
C0G650 1997041315 27.4 -9999 0.0 0.0
C0G650 1997041316 26.7 -9999 0.0 0.0
C0G650 1997041317 26.9 -9999 0.0 0.0
C0G650 1997041318 25.9 -9999 0.0 0.0
C0G650 1997041319 25.1 -9999 0.0 0.0
C0G650 1997041320 24.2 -9999 -9997 0.0
C0G650 1997041321 -9997 -9999 -9997 0.0
C0G650 1997041322 -9997 -9999 -9997 0.0
C0G650 1997041323 23.3 -9999 0.0 0.0
C0G650 1997041324 23.0 -9999 -9997 0.0
C0G650 1997041401 -9997 -9999 -9997 -9996
C0G650 1997041402 -9997 -9999 -9997 -9996
C0G650 1997041403 -9997 -9999 -9997 -9996
C0G650 1997041404 -9997 -9999 -9997 -9996
C0G650 1997041405 -9997 -9999 -9997 -9996
C0G650 1997041406 21.9 -9999 0.0 -9996
C0G650 1997041407 -9997 -9999 -9997 -9996
C0G650 1997041408 -9997 -9999 -9997 -9996
C0G650 1997041409 -9997 -9999 -9997 -9996
C0G650 1997041410 22.5 -9999 0.0 0.5
C0G650 1997041411 23.2 -9999 0.0 0.5
C0G650 1997041412 26.0 -9999 0.0 0.0
C0G650 1997041413 28.8 -9999 0.0 0.0
C0G650 1997041414 -9997 -9999 -9997 0.0
C0G650 1997041415 -9997 -9999 -9997 0.0
C0G650 1997041416 26.7 -9999 0.0 0.0
C0G650 1997041417 26.9 -9999 0.0 0.0
C0G650 1997041418 26.3 -9999 0.0 0.0
C0G650 1997041419 25.4 -9999 0.0 0.0
C0G650 1997041420 25.1 -9999 0.0 0.0
C0G650 1997041421 24.7 -9999 0.0 0.0
C0G650 1997041422 24.1 -9999 0.0 0.0
C0G650 1997041423 -9997 -9999 -9997 0.0
C0G650 1997041424 24.0 -9999 0.0 0.0
C0G650 1997041501 23.7 -9999 0.0 -9996
C0G650 1997041502 23.6 -9999 0.0 -9996
C0G650 1997041503 23.3 -9999 0.0 0.5
C0G650 1997041504 -9997 -9999 -9997 0.5
C0G650 1997041505 22.5 -9999 0.0 0.5
C0G650 1997041506 22.6 -9999 0.0 0.0
C0G650 1997041507 23.1 -9999 0.0 0.0
C0G650 1997041508 23.5 -9999 0.0 0.0
C0G650 1997041509 -9997 -9999 0.0 0.0
C0G650 1997041510 26.6 -9999 0.0 0.0
C0G650 1997041511 -9997 -9999 0.0 0.0
C0G650 1997041512 27.8 -9999 0.0 0.5
C0G650 1997041513 -9997 -9999 -9997 1.0
C0G650 1997041514 26.8 -9999 0.0 0.0
C0G650 1997041515 24.7 -9999 0.0 0.0
C0G650 1997041516 24.3 -9999 0.0 0.0
C0G650 1997041517 23.8 -9999 0.0 0.0
C0G650 1997041518 23.3 -9999 0.0 0.0
C0G650 1997041519 22.1 -9999 0.0 0.0
C0G650 1997041520 21.7 -9999 0.0 -9996
C0G650 1997041521 21.2 -9999 0.0 -9996
C0G650 1997041522 20.4 -9999 0.0 -9996
C0G650 1997041523 20.0 -9999 0.0 -9996
C0G650 1997041524 20.0 -9999 0.0 -9996
C0G650 1997041601 19.5 -9999 0.0 0.0
C0G650 1997041602 19.3 -9999 0.0 0.0
C0G650 1997041603 19.6 -9999 0.0 0.0
C0G650 1997041604 19.4 -9999 0.0 0.0
C0G650 1997041605 19.4 -9999 0.0 0.0
C0G650 1997041606 19.4 -9999 0.0 0.0
C0G650 1997041607 19.8 -9999 0.0 0.0
C0G650 1997041608 21.5 -9999 0.0 0.0
C0G650 1997041609 22.1 -9999 -9997 0.0
C0G650 1997041610 23.0 -9999 -9997 0.0
C0G650 1997041611 24.5 -9999 0.0 0.0
C0G650 1997041612 26.4 -9999 0.0 0.0
C0G650 1997041613 28.3 -9999 0.0 0.0
C0G650 1997041614 28.2 -9999 0.0 0.0
C0G650 1997041615 27.8 -9999 0.0 0.0
C0G650 1997041616 27.3 -9999 0.0 0.0
C0G650 1997041617 26.1 -9999 0.0 0.0
C0G650 1997041618 24.0 -9999 0.0 0.0
C0G650 1997041619 23.1 -9999 0.0 0.0
C0G650 1997041620 22.6 -9999 0.0 0.0
C0G650 1997041621 -9997 -9999 -9997 0.0
C0G650 1997041622 20.8 -9999 0.0 0.0
C0G650 1997041623 20.6 -9999 0.0 0.0
C0G650 1997041624 20.4 -9999 0.0 0.0
C0G650 1997041701 20.1 -9999 0.0 0.0
C0G650 1997041702 19.9 -9999 0.0 0.0
C0G650 1997041703 20.4 -9999 0.0 0.0
C0G650 1997041704 19.7 -9999 0.0 0.0
C0G650 1997041705 20.0 -9999 0.0 0.0
C0G650 1997041706 -9997 -9999 -9997 0.0
C0G650 1997041707 21.2 -9999 0.0 0.0
C0G650 1997041708 23.3 -9999 0.0 0.0
C0G650 1997041709 24.6 -9999 0.0 0.0
C0G650 1997041710 25.8 -9999 0.0 0.0
C0G650 1997041711 28.0 -9999 0.0 0.0
C0G650 1997041712 28.7 -9999 0.0 0.0
C0G650 1997041713 29.0 -9999 0.0 0.0
C0G650 1997041714 29.1 -9999 0.0 0.0
C0G650 1997041715 27.3 -9999 -9997 0.0
C0G650 1997041716 27.0 -9999 0.0 0.0
C0G650 1997041717 26.4 -9999 0.0 0.0
C0G650 1997041718 -9997 -9999 -9997 0.0
C0G650 1997041719 24.6 -9999 0.0 0.0
C0G650 1997041720 24.1 -9999 0.0 0.0
C0G650 1997041721 -9997 -9999 -9997 0.0
C0G650 1997041722 23.0 -9999 0.0 0.0
C0G650 1997041723 22.2 -9999 0.0 0.0
C0G650 1997041724 21.8 -9999 0.0 0.0
C0G650 1997041801 22.0 -9999 0.0 0.0
C0G650 1997041802 21.8 -9999 0.0 0.0
C0G650 1997041803 21.8 -9999 -9997 0.0
C0G650 1997041804 -9997 -9999 0.0 0.0
C0G650 1997041805 -9997 -9999 -9997 0.0
C0G650 1997041806 -9997 -9999 -9997 0.0
C0G650 1997041807 -9997 -9999 -9997 0.0
C0G650 1997041808 -9997 -9999 -9997 0.0
C0G650 1997041809 -9997 -9999 -9997 0.0
C0G650 1997041810 27.0 -9999 0.0 0.0
C0G650 1997041811 -9997 -9999 -9997 0.0
C0G650 1997041812 27.8 -9999 0.0 0.0
C0G650 1997041813 27.4 -9999 0.0 0.0
C0G650 1997041814 -9997 -9999 0.0 0.0
C0G650 1997041815 27.9 -9999 0.0 0.0
C0G650 1997041816 27.2 -9999 0.0 0.0
C0G650 1997041817 -9997 -9999 -9997 0.0
C0G650 1997041818 25.9 -9999 0.0 0.0
C0G650 1997041819 25.0 -9999 0.0 0.0
C0G650 1997041820 -9997 -9999 -9997 0.0
C0G650 1997041821 24.0 -9999 0.0 0.0
C0G650 1997041822 24.0 -9999 0.0 0.0
C0G650 1997041823 23.7 -9999 0.0 0.0
C0G650 1997041824 23.4 -9999 0.0 0.0
C0G650 1997041901 22.9 -9999 0.0 0.0
C0G650 1997041902 -9997 -9999 -9997 0.0
C0G650 1997041903 21.8 -9999 0.0 0.0
C0G650 1997041904 21.3 -9999 0.0 0.0
C0G650 1997041905 21.1 -9999 0.0 0.0
C0G650 1997041906 -9997 -9999 -9997 0.0
C0G650 1997041907 21.8 -9999 0.0 0.0
C0G650 1997041908 23.5 -9999 0.0 0.0
C0G650 1997041909 25.2 -9999 0.0 0.0
C0G650 1997041910 -9997 -9999 -9997 0.0
C0G650 1997041911 26.0 -9999 0.0 0.0
C0G650 1997041912 -9997 -9999 -9997 0.0
C0G650 1997041913 29.0 -9999 0.0 0.0
C0G650 1997041914 28.9 -9999 0.0 -9996
C0G650 1997041915 28.3 -9999 0.0 -9996
C0G650 1997041916 26.6 -9999 0.0 -9996
C0G650 1997041917 25.2 -9999 0.0 -9996
C0G650 1997041918 -9997 -9999 -9997 -9996
C0G650 1997041919 -9997 -9999 -9997 -9996
C0G650 1997041920 23.0 -9999 0.0 -9996
C0G650 1997041921 22.6 -9999 0.0 -9996
C0G650 1997041922 -9997 -9999 -9997 -9996
C0G650 1997041923 22.0 -9999 0.0 -9996
C0G650 1997041924 21.9 -9999 0.0 -9996
C0G650 1997042001 21.4 -9999 0.0 0.0
C0G650 1997042002 21.2 -9999 -9997 0.0
C0G650 1997042003 20.6 -9999 0.0 0.0
C0G650 1997042004 20.2 -9999 0.0 0.0
C0G650 1997042005 19.9 -9999 0.0 0.0
C0G650 1997042006 19.8 -9999 0.0 0.0
C0G650 1997042007 21.1 -9999 0.0 0.0
C0G650 1997042008 -9997 -9999 -9997 0.0
C0G650 1997042009 -9997 -9999 -9997 0.0
C0G650 1997042010 26.1 -9999 0.0 0.0
C0G650 1997042011 27.2 -9999 0.0 0.0
C0G650 1997042012 -9997 -9999 -9997 0.0
C0G650 1997042013 29.1 -9999 0.0 0.0
C0G650 1997042014 28.8 -9999 0.0 0.0
C0G650 1997042015 29.1 -9999 0.0 0.0
C0G650 1997042016 -9997 -9999 0.0 0.0
C0G650 1997042017 28.3 -9999 0.0 0.0
C0G650 1997042018 26.9 -9999 0.0 0.0
C0G650 1997042019 25.0 -9999 -9997 0.0
C0G650 1997042020 23.7 -9999 0.0 0.0
C0G650 1997042021 23.7 -9999 0.0 0.0
C0G650 1997042022 23.3 -9999 0.0 0.0
C0G650 1997042023 22.7 -9999 0.0 0.0
C0G650 1997042024 22.5 -9999 0.0 0.0
C0G650 1997042101 22.4 -9999 0.0 0.0
C0G650 1997042102 22.6 -9999 0.0 0.0
C0G650 1997042103 22.2 -9999 0.0 0.0
C0G650 1997042104 21.7 -9999 0.0 0.0
C0G650 1997042105 22.4 -9999 0.0 0.0
C0G650 1997042106 22.1 -9999 0.0 0.0
C0G650 1997042107 22.9 -9999 0.0 0.0
C0G650 1997042108 23.9 -9999 0.0 0.0
C0G650 1997042109 26.1 -9999 -9997 0.0
C0G650 1997042110 27.6 -9999 0.0 0.0
C0G650 1997042111 -9997 -9999 -9997 0.0
C0G650 1997042112 29.5 -9999 0.0 0.0
C0G650 1997042113 -9997 -9999 -9997 0.0
C0G650 1997042114 29.6 -9999 0.0 0.0
C0G650 1997042115 29.0 -9999 0.0 0.0
C0G650 1997042116 -9997 -9999 -9997 0.0
C0G650 1997042117 27.7 -9999 -9997 0.0
C0G650 1997042118 -9997 -9999 -9997 0.0
C0G650 1997042119 25.4 -9999 0.0 0.0
C0G650 1997042120 24.3 -9999 0.0 0.0
C0G650 1997042121 23.1 -9999 0.0 0.0
C0G650 1997042122 22.4 -9999 0.0 0.0
C0G650 1997042123 22.4 -9999 0.0 0.0
C0G650 1997042124 23.0 -9999 0.0 0.0
C0G650 1997042201 22.1 -9999 0.0 0.0
C0G650 1997042202 22.2 -9999 0.0 0.0
C0G650 1997042203 22.8 -9999 0.0 0.0
C0G650 1997042204 22.4 -9999 0.0 0.0
C0G650 1997042205 22.3 -9999 0.0 0.0
C0G650 1997042206 -9997 -9999 -9997 0.0
C0G650 1997042207 23.4 -9999 -9997 0.0
C0G650 1997042208 24.6 -9999 0.0 0.0
C0G650 1997042209 26.4 -9999 0.0 0.0
C0G650 1997042210 27.5 -9999 0.0 0.0
C0G650 1997042211 -9997 -9999 -9997 0.0
C0G650 1997042212 28.8 -9999 0.0 0.0
C0G650 1997042213 28.5 -9999 0.0 0.0
C0G650 1997042214 28.4 -9999 0.1 0.0
C0G650 1997042215 28.4 -9999 0.0 0.0
C0G650 1997042216 28.0 -9999 0.0 0.0
C0G650 1997042217 25.3 -9999 0.0 0.0
C0G650 1997042218 23.5 -9999 -9997 0.0
C0G650 1997042219 22.2 -9999 0.0 0.0
C0G650 1997042220 21.6 -9999 0.0 0.0
C0G650 1997042221 21.1 -9999 0.0 0.0
C0G650 1997042222 20.6 -9999 0.0 0.0
C0G650 1997042223 20.4 -9999 0.0 0.0
C0G650 1997042224 -9997 -9999 -9997 0.0
C0G650 1997042301 20.0 -9999 0.0 0.0
C0G650 1997042302 -9997 -9999 0.0 0.0
C0G650 1997042303 19.5 -9999 0.0 0.0
C0G650 1997042304 19.4 -9999 0.0 0.0
C0G650 1997042305 19.2 -9999 0.0 0.0
C0G650 1997042306 19.5 -9999 0.0 0.0
C0G650 1997042307 20.8 -9999 0.0 0.0
C0G650 1997042308 22.1 -9999 0.0 0.0
C0G650 1997042309 23.0 -9999 0.0 0.0
C0G650 1997042310 25.0 -9999 0.0 0.0
C0G650 1997042311 26.7 -9999 0.0 0.0
C0G650 1997042312 27.5 -9999 0.0 0.0
C0G650 1997042313 27.8 -9999 0.0 0.0
C0G650 1997042314 26.6 -9999 0.1 0.0
C0G650 1997042315 26.4 -9999 0.0 0.0
C0G650 1997042316 25.4 -9999 0.0 0.0
C0G650 1997042317 24.1 -9999 0.0 0.0
C0G650 1997042318 22.0 -9999 0.0 0.0
C0G650 1997042319 20.8 -9999 0.0 0.0
C0G650 1997042320 19.8 -9999 0.0 -9996
C0G650 1997042321 19.1 -9999 0.0 -9996
C0G650 1997042322 18.5 -9999 0.0 -9996
C0G650 1997042323 18.0 -9999 0.0 -9996
C0G650 1997042324 17.8 -9999 0.0 -9996
C0G650 1997042401 17.6 -9999 0.0 0.0
C0G650 1997042402 17.6 -9999 0.0 0.0
C0G650 1997042403 17.4 -9999 0.0 0.0
C0G650 1997042404 17.4 -9999 0.0 0.0
C0G650 1997042405 18.2 -9999 0.0 0.0
C0G650 1997042406 17.2 -9999 0.0 0.0
C0G650 1997042407 18.9 -9999 0.0 0.0
C0G650 1997042408 20.4 -9999 0.0 0.0
C0G650 1997042409 21.5 -9999 0.0 0.0
C0G650 1997042410 23.3 -9999 0.0 0.0
C0G650 1997042411 24.2 -9999 0.0 0.0
C0G650 1997042412 24.3 -9999 0.0 0.0
C0G650 1997042413 24.4 -9999 0.0 0.0
C0G650 1997042414 26.0 -9999 0.0 0.0
C0G650 1997042415 25.9 -9999 0.0 0.0
C0G650 1997042416 24.4 -9999 0.0 0.0
C0G650 1997042417 -9997 -9999 0.0 0.0
C0G650 1997042418 22.5 -9999 0.0 0.0
C0G650 1997042419 21.4 -9999 0.0 0.0
C0G650 1997042420 20.5 -9999 0.0 0.0
C0G650 1997042421 20.0 -9999 0.0 0.0
C0G650 1997042422 19.5 -9999 0.0 0.0
C0G650 1997042423 19.4 -9999 0.0 0.0
C0G650 1997042424 -9997 -9999 -9997 0.0
C0G650 1997042501 19.1 -9999 0.0 0.0
C0G650 1997042502 18.9 -9999 0.0 0.0
C0G650 1997042503 18.8 -9999 0.0 0.0
C0G650 1997042504 18.6 -9999 0.0 0.0
C0G650 1997042505 18.4 -9999 0.0 0.0
C0G650 1997042506 18.5 -9999 0.0 0.0
C0G650 1997042507 19.0 -9999 0.0 0.0
C0G650 1997042508 19.4 -9999 0.0 0.0
C0G650 1997042509 20.7 -9999 0.0 0.0
C0G650 1997042510 21.6 -9999 0.0 0.0
C0G650 1997042511 22.9 -9999 0.0 0.0
C0G650 1997042512 24.0 -9999 0.0 0.0
C0G650 1997042513 25.1 -9999 0.0 0.0
C0G650 1997042514 25.7 -9999 0.0 0.0
C0G650 1997042515 25.6 -9999 0.0 0.0
C0G650 1997042516 25.6 -9999 0.0 0.0
C0G650 1997042517 24.5 -9999 0.0 0.0
C0G650 1997042518 23.3 -9999 0.0 0.0
C0G650 1997042519 22.3 -9999 -9997 0.0
C0G650 1997042520 21.5 -9999 0.0 0.0
C0G650 1997042521 21.3 -9999 0.0 0.0
C0G650 1997042522 20.5 -9999 0.0 0.0
C0G650 1997042523 20.0 -9999 -9997 0.0
C0G650 1997042524 19.5 -9999 0.0 0.0
C0G650 1997042601 18.9 -9999 0.0 0.0
C0G650 1997042602 18.8 -9999 0.0 0.0
C0G650 1997042603 18.5 -9999 0.0 0.0
C0G650 1997042604 18.7 -9999 0.0 0.0
C0G650 1997042605 17.9 -9999 0.0 0.0
C0G650 1997042606 17.7 -9999 0.0 0.0
C0G650 1997042607 19.2 -9999 0.0 0.0
C0G650 1997042608 20.8 -9999 0.0 0.0
C0G650 1997042609 -9997 -9999 -9997 0.0
C0G650 1997042610 -9997 -9999 -9997 0.0
C0G650 1997042611 -9997 -9999 -9997 0.0
C0G650 1997042612 27.2 -9999 0.0 0.0
C0G650 1997042613 -9997 -9999 -9997 0.0
C0G650 1997042614 27.2 -9999 0.0 0.0
C0G650 1997042615 -9997 -9999 -9997 0.0
C0G650 1997042616 25.4 -9999 0.0 0.0
C0G650 1997042617 -9997 -9999 -9997 0.0
C0G650 1997042618 24.4 -9999 0.0 0.0
C0G650 1997042619 23.2 -9999 -9997 0.0
C0G650 1997042620 22.3 -9999 0.0 0.0
C0G650 1997042621 21.9 -9999 0.0 0.0
C0G650 1997042622 -9997 -9999 0.0 0.0
C0G650 1997042623 21.0 -9999 0.0 0.0
C0G650 1997042624 -9997 -9999 -9997 0.0
C0G650 1997042701 -9997 -9999 -9997 0.0
C0G650 1997042702 -9997 -9999 -9997 0.0
C0G650 1997042703 20.4 -9999 0.0 0.0
C0G650 1997042704 20.5 -9999 0.0 0.0
C0G650 1997042705 20.2 -9999 0.0 0.0
C0G650 1997042706 20.2 -9999 -9997 0.0
C0G650 1997042707 -9997 -9999 -9997 0.0
C0G650 1997042708 -9997 -9999 0.0 0.0
C0G650 1997042709 24.0 -9999 0.0 0.0
C0G650 1997042710 25.1 -9999 0.0 0.0
C0G650 1997042711 25.4 -9999 0.0 0.0
C0G650 1997042712 26.6 -9999 0.0 0.0
C0G650 1997042713 26.7 -9999 0.0 0.0
C0G650 1997042714 -9997 -9999 -9997 0.0
C0G650 1997042715 -9997 -9999 0.0 0.0
C0G650 1997042716 -9997 -9999 -9997 0.0
C0G650 1997042717 25.8 -9999 0.0 0.0
C0G650 1997042718 24.8 -9999 0.0 0.0
C0G650 1997042719 -9997 -9999 -9997 0.0
C0G650 1997042720 -9997 -9999 -9997 -9996
C0G650 1997042721 23.0 -9999 0.0 -9996
C0G650 1997042722 22.2 -9999 0.0 -9996
C0G650 1997042723 21.6 -9999 0.0 -9996
C0G650 1997042724 21.5 -9999 0.0 -9996
C0G650 1997042801 21.4 -9999 0.0 0.0
C0G650 1997042802 21.0 -9999 0.0 0.0
C0G650 1997042803 21.3 -9999 0.0 0.0
C0G650 1997042804 -9997 -9999 -9997 0.0
C0G650 1997042805 20.2 -9999 0.0 0.0
C0G650 1997042806 20.4 -9999 0.0 0.0
C0G650 1997042807 22.3 -9999 0.0 0.0
C0G650 1997042808 -9997 -9999 -9997 0.0
C0G650 1997042809 26.3 -9999 0.0 0.0
C0G650 1997042810 28.1 -9999 0.0 0.0
C0G650 1997042811 29.2 -9999 0.0 0.0
C0G650 1997042812 -9997 -9999 0.0 0.0
C0G650 1997042813 28.9 -9999 0.0 0.0
C0G650 1997042814 29.3 -9999 0.0 0.0
C0G650 1997042815 28.7 -9999 0.0 0.0
C0G650 1997042816 28.4 -9999 0.0 0.0
C0G650 1997042817 27.9 -9999 0.0 0.0
C0G650 1997042818 26.2 -9999 0.0 0.0
C0G650 1997042819 -9997 -9999 -9997 0.0
C0G650 1997042820 23.3 -9999 0.0 0.0
C0G650 1997042821 22.9 -9999 0.0 0.0
C0G650 1997042822 22.1 -9999 0.0 0.0
C0G650 1997042823 21.6 -9999 0.0 0.0
C0G650 1997042824 21.6 -9999 0.0 0.0
C0G650 1997042901 21.0 -9999 0.0 0.0
C0G650 1997042902 21.2 -9999 0.0 0.0
C0G650 1997042903 -9997 -9999 -9997 0.0
C0G650 1997042904 -9997 -9999 -9997 0.0
C0G650 1997042905 -9997 -9999 -9997 0.0
C0G650 1997042906 -9997 -9999 -9997 0.0
C0G650 1997042907 22.5 -9999 0.0 0.0
C0G650 1997042908 -9997 -9999 -9997 0.0
C0G650 1997042909 26.9 -9999 0.0 0.0
C0G650 1997042910 28.3 -9999 0.0 0.0
C0G650 1997042911 30.0 -9999 0.0 0.0
C0G650 1997042912 30.7 -9999 0.0 0.0
C0G650 1997042913 30.2 -9999 0.0 0.0
C0G650 1997042914 29.8 -9999 0.0 0.0
C0G650 1997042915 28.0 -9999 0.0 0.0
C0G650 1997042916 -9997 -9999 0.0 0.0
C0G650 1997042917 27.3 -9999 0.0 0.0
C0G650 1997042918 27.1 -9999 0.0 0.0
C0G650 1997042919 25.9 -9999 -9997 0.0
C0G650 1997042920 25.7 -9999 -9997 0.0
C0G650 1997042921 25.6 -9999 0.0 0.0
C0G650 1997042922 25.8 -9999 0.0 0.0
C0G650 1997042923 24.9 -9999 0.0 0.0
C0G650 1997042924 -9997 -9999 0.0 0.0
C0G650 1997043001 23.8 -9999 0.0 0.0
C0G650 1997043002 23.5 -9999 0.0 0.0
C0G650 1997043003 22.9 -9999 0.0 0.0
C0G650 1997043004 23.4 -9999 0.0 0.0
C0G650 1997043005 23.5 -9999 0.0 0.0
C0G650 1997043006 23.8 -9999 0.0 0.0
C0G650 1997043007 25.4 -9999 0.0 0.0
C0G650 1997043008 27.1 -9999 0.0 0.0
C0G650 1997043009 27.9 -9999 0.0 0.0
C0G650 1997043010 29.5 -9999 0.0 0.0
C0G650 1997043011 31.1 -9999 0.0 0.0
C0G650 1997043012 31.6 -9999 0.0 0.0
C0G650 1997043013 30.3 -9999 0.0 0.0
C0G650 1997043014 30.0 -9999 -9997 0.0
C0G650 1997043015 30.5 -9999 0.0 0.0
C0G650 1997043016 29.0 -9999 0.0 0.0
C0G650 1997043017 28.0 -9999 -9997 0.0
C0G650 1997043018 27.2 -9999 0.0 0.0
C0G650 1997043019 26.4 -9999 0.0 0.0
C0G650 1997043020 25.8 -9999 0.0 0.0
C0G650 1997043021 25.9 -9999 0.0 0.0
C0G650 1997043022 25.3 -9999 0.0 0.0
C0G650 1997043023 24.8 -9999 0.0 0.0
C0G650 1997043024 23.7 -9999 0.0 0.0
C0G660 1997040101 -9999 -9999 -9999 0.0
C0G660 1997040102 -9999 -9999 -9999 0.0
C0G660 1997040103 -9999 -9999 -9999 0.0
C0G660 1997040104 -9999 -9999 -9999 0.0
C0G660 1997040105 -9999 -9999 -9999 0.0
C0G660 1997040106 -9999 -9999 -9999 0.0
C0G660 1997040107 -9999 -9999 -9999 0.0
C0G660 1997040108 -9999 -9999 -9999 0.0
C0G660 1997040109 -9999 -9999 -9999 0.0
C0G660 1997040110 -9999 -9999 -9999 0.0
C0G660 1997040111 -9999 -9999 -9999 0.0
C0G660 1997040112 -9999 -9999 -9999 0.0
C0G660 1997040113 -9999 -9999 -9999 0.0
C0G660 1997040114 -9999 -9999 -9999 0.0
C0G660 1997040115 -9999 -9999 -9999 0.0
C0G660 1997040116 -9999 -9999 -9999 0.0
C0G660 1997040117 -9999 -9999 -9999 0.0
C0G660 1997040118 -9999 -9999 -9999 0.0
C0G660 1997040119 -9999 -9999 -9999 0.0
C0G660 1997040120 -9999 -9999 -9999 0.0
C0G660 1997040121 -9999 -9999 -9999 0.0
C0G660 1997040122 -9999 -9999 -9999 0.0
C0G660 1997040123 -9999 -9999 -9999 0.0
C0G660 1997040124 -9999 -9999 -9999 0.0
C0G660 1997040201 -9999 -9999 -9999 0.0
C0G660 1997040202 -9999 -9999 -9999 0.0
C0G660 1997040203 -9999 -9999 -9999 0.0
C0G660 1997040204 -9999 -9999 -9999 0.0
C0G660 1997040205 -9999 -9999 -9999 0.0
C0G660 1997040206 -9999 -9999 -9999 0.0
C0G660 1997040207 -9999 -9999 -9999 0.0
C0G660 1997040208 -9999 -9999 -9999 0.0
C0G660 1997040209 -9999 -9999 -9999 0.0
C0G660 1997040210 -9999 -9999 -9999 0.0
C0G660 1997040211 -9999 -9999 -9999 0.0
C0G660 1997040212 -9999 -9999 -9999 0.0
C0G660 1997040213 -9999 -9999 -9999 0.0
C0G660 1997040214 -9999 -9999 -9999 0.0
C0G660 1997040215 -9999 -9999 -9999 0.0
C0G660 1997040216 -9999 -9999 -9999 0.0
C0G660 1997040217 -9999 -9999 -9999 0.0
C0G660 1997040218 -9999 -9999 -9999 0.0
C0G660 1997040219 -9999 -9999 -9999 0.0
C0G660 1997040220 -9999 -9999 -9999 0.0
C0G660 1997040221 -9999 -9999 -9999 0.0
C0G660 1997040222 -9999 -9999 -9999 0.0
C0G660 1997040223 -9999 -9999 -9999 0.0
C0G660 1997040224 -9999 -9999 -9999 0.0
C0G660 1997040301 -9999 -9999 -9999 0.0
C0G660 1997040302 -9999 -9999 -9999 0.0
C0G660 1997040303 -9999 -9999 -9999 0.0
C0G660 1997040304 -9999 -9999 -9999 0.0
C0G660 1997040305 -9999 -9999 -9999 0.0
C0G660 1997040306 -9999 -9999 -9999 0.0
C0G660 1997040307 -9999 -9999 -9999 0.0
C0G660 1997040308 -9999 -9999 -9999 0.0
C0G660 1997040309 -9999 -9999 -9999 0.0
C0G660 1997040310 -9999 -9999 -9999 0.0
C0G660 1997040311 -9999 -9999 -9999 0.0
C0G660 1997040312 -9999 -9999 -9999 0.0
C0G660 1997040313 -9999 -9999 -9999 0.0
C0G660 1997040314 -9999 -9999 -9999 0.0
C0G660 1997040315 -9999 -9999 -9999 0.0
C0G660 1997040316 -9999 -9999 -9999 0.0
C0G660 1997040317 -9999 -9999 -9999 0.0
C0G660 1997040318 -9999 -9999 -9999 0.0
C0G660 1997040319 -9999 -9999 -9999 0.0
C0G660 1997040320 -9999 -9999 -9999 -9996
C0G660 1997040321 -9999 -9999 -9999 -9996
C0G660 1997040322 -9999 -9999 -9999 -9996
C0G660 1997040323 -9999 -9999 -9999 -9996
C0G660 1997040324 -9999 -9999 -9999 -9996
C0G660 1997040401 -9999 -9999 -9999 0.0
C0G660 1997040402 -9999 -9999 -9999 0.0
C0G660 1997040403 -9999 -9999 -9999 0.0
C0G660 1997040404 -9999 -9999 -9999 0.0
C0G660 1997040405 -9999 -9999 -9999 0.0
C0G660 1997040406 -9999 -9999 -9999 0.0
C0G660 1997040407 -9999 -9999 -9999 0.0
C0G660 1997040408 -9999 -9999 -9999 0.0
C0G660 1997040409 -9999 -9999 -9999 0.0
C0G660 1997040410 -9999 -9999 -9999 0.0
C0G660 1997040411 -9999 -9999 -9999 0.0
C0G660 1997040412 -9999 -9999 -9999 0.0
C0G660 1997040413 -9999 -9999 -9999 0.0
C0G660 1997040414 -9999 -9999 -9999 0.0
C0G660 1997040415 -9999 -9999 -9999 0.0
C0G660 1997040416 -9999 -9999 -9999 0.0
C0G660 1997040417 -9999 -9999 -9999 0.0
C0G660 1997040418 -9999 -9999 -9999 0.0
C0G660 1997040419 -9999 -9999 -9999 0.0
C0G660 1997040420 -9999 -9999 -9999 0.0
C0G660 1997040421 -9999 -9999 -9999 0.0
C0G660 1997040422 -9999 -9999 -9999 0.0
C0G660 1997040423 -9999 -9999 -9999 0.0
C0G660 1997040424 -9999 -9999 -9999 0.0
C0G660 1997040501 -9999 -9999 -9999 0.0
C0G660 1997040502 -9999 -9999 -9999 0.0
C0G660 1997040503 -9999 -9999 -9999 0.0
C0G660 1997040504 -9999 -9999 -9999 0.0
C0G660 1997040505 -9999 -9999 -9999 0.0
C0G660 1997040506 -9999 -9999 -9999 0.0
C0G660 1997040507 -9999 -9999 -9999 0.0
C0G660 1997040508 -9999 -9999 -9999 0.0
C0G660 1997040509 -9999 -9999 -9999 0.0
C0G660 1997040510 -9999 -9999 -9999 0.0
C0G660 1997040511 -9999 -9999 -9999 0.0
C0G660 1997040512 -9999 -9999 -9999 0.0
C0G660 1997040513 -9999 -9999 -9999 0.0
C0G660 1997040514 -9999 -9999 -9999 0.0
C0G660 1997040515 -9999 -9999 -9999 0.0
C0G660 1997040516 -9999 -9999 -9999 0.0
C0G660 1997040517 -9999 -9999 -9999 0.0
C0G660 1997040518 -9999 -9999 -9999 0.0
C0G660 1997040519 -9999 -9999 -9999 0.0
C0G660 1997040520 -9999 -9999 -9999 0.0
C0G660 1997040521 -9999 -9999 -9999 0.0
C0G660 1997040522 -9999 -9999 -9999 -9996
C0G660 1997040523 -9999 -9999 -9999 -9996
C0G660 1997040524 -9999 -9999 -9999 -9996
C0G660 1997040601 -9999 -9999 -9999 -9996
C0G660 1997040602 -9999 -9999 -9999 -9996
C0G660 1997040603 -9999 -9999 -9999 -9996
C0G660 1997040604 -9999 -9999 -9999 -9996
C0G660 1997040605 -9999 -9999 -9999 -9996
C0G660 1997040606 -9999 -9999 -9999 -9996
C0G660 1997040607 -9999 -9999 -9999 -9996
C0G660 1997040608 -9999 -9999 -9999 -9996
C0G660 1997040609 -9999 -9999 -9999 -9996
C0G660 1997040610 -9999 -9999 -9999 -9996
C0G660 1997040611 -9999 -9999 -9999 -9996
C0G660 1997040612 -9999 -9999 -9999 -9996
C0G660 1997040613 -9999 -9999 -9999 0.5
C0G660 1997040614 -9999 -9999 -9999 0.0
C0G660 1997040615 -9999 -9999 -9999 0.0
C0G660 1997040616 -9999 -9999 -9999 0.0
C0G660 1997040617 -9999 -9999 -9999 0.0
C0G660 1997040618 -9999 -9999 -9999 0.0
C0G660 1997040619 -9999 -9999 -9999 0.0
C0G660 1997040620 -9999 -9999 -9999 -9996
C0G660 1997040621 -9999 -9999 -9999 -9996
C0G660 1997040622 -9999 -9999 -9999 -9996
C0G660 1997040623 -9999 -9999 -9999 -9996
C0G660 1997040624 -9999 -9999 -9999 -9996
C0G660 1997040701 -9999 -9999 -9999 0.0
C0G660 1997040702 -9999 -9999 -9999 0.0
C0G660 1997040703 -9999 -9999 -9999 0.0
C0G660 1997040704 -9999 -9999 -9999 0.0
C0G660 1997040705 -9999 -9999 -9999 0.0
C0G660 1997040706 -9999 -9999 -9999 0.0
C0G660 1997040707 -9999 -9999 -9999 0.0
C0G660 1997040708 -9999 -9999 -9999 0.0
C0G660 1997040709 -9999 -9999 -9999 0.0
C0G660 1997040710 -9999 -9999 -9999 0.0
C0G660 1997040711 -9999 -9999 -9999 0.0
C0G660 1997040712 -9999 -9999 -9999 0.0
C0G660 1997040713 -9999 -9999 -9999 0.0
C0G660 1997040714 -9999 -9999 -9999 0.0
C0G660 1997040715 -9999 -9999 -9999 0.0
C0G660 1997040716 -9999 -9999 -9999 0.0
C0G660 1997040717 -9999 -9999 -9999 0.0
C0G660 1997040718 -9999 -9999 -9999 0.0
C0G660 1997040719 -9999 -9999 -9999 0.0
C0G660 1997040720 -9999 -9999 -9999 0.0
C0G660 1997040721 -9999 -9999 -9999 0.0
C0G660 1997040722 -9999 -9999 -9999 0.0
C0G660 1997040723 -9999 -9999 -9999 0.0
C0G660 1997040724 -9999 -9999 -9999 0.0
C0G660 1997040801 -9999 -9999 -9999 0.0
C0G660 1997040802 -9999 -9999 -9999 0.0
C0G660 1997040803 -9999 -9999 -9999 0.0
C0G660 1997040804 -9999 -9999 -9999 0.0
C0G660 1997040805 -9999 -9999 -9999 0.0
C0G660 1997040806 -9999 -9999 -9999 0.0
C0G660 1997040807 -9999 -9999 -9999 0.0
C0G660 1997040808 -9999 -9999 -9999 0.0
C0G660 1997040809 -9999 -9999 -9999 0.0
C0G660 1997040810 -9999 -9999 -9999 0.0
C0G660 1997040811 -9999 -9999 -9999 0.0
C0G660 1997040812 -9999 -9999 -9999 0.0
C0G660 1997040813 -9999 -9999 -9999 0.0
C0G660 1997040814 -9999 -9999 -9999 0.0
C0G660 1997040815 -9999 -9999 -9999 0.0
C0G660 1997040816 -9999 -9999 -9999 0.0
C0G660 1997040817 -9999 -9999 -9999 0.0
C0G660 1997040818 -9999 -9999 -9999 0.0
C0G660 1997040819 -9999 -9999 -9999 0.0
C0G660 1997040820 -9999 -9999 -9999 0.0
C0G660 1997040821 -9999 -9999 -9999 0.0
C0G660 1997040822 -9999 -9999 -9999 0.0
C0G660 1997040823 -9999 -9999 -9999 0.0
C0G660 1997040824 -9999 -9999 -9999 0.0
C0G660 1997040901 -9999 -9999 -9999 0.0
C0G660 1997040902 -9999 -9999 -9999 0.0
C0G660 1997040903 -9999 -9999 -9999 0.0
C0G660 1997040904 -9999 -9999 -9999 0.0
C0G660 1997040905 -9999 -9999 -9999 0.0
C0G660 1997040906 -9999 -9999 -9999 0.0
C0G660 1997040907 -9999 -9999 -9999 0.0
C0G660 1997040908 -9999 -9999 -9999 0.0
C0G660 1997040909 -9999 -9999 -9999 0.0
C0G660 1997040910 -9999 -9999 -9999 0.0
C0G660 1997040911 -9999 -9999 -9999 0.0
C0G660 1997040912 -9999 -9999 -9999 0.0
C0G660 1997040913 -9999 -9999 -9999 0.0
C0G660 1997040914 -9999 -9999 -9999 0.0
C0G660 1997040915 -9999 -9999 -9999 0.0
C0G660 1997040916 -9999 -9999 -9999 0.0
C0G660 1997040917 -9999 -9999 -9999 0.0
C0G660 1997040918 -9999 -9999 -9999 0.0
C0G660 1997040919 -9999 -9999 -9999 0.0
C0G660 1997040920 -9999 -9999 -9999 0.0
C0G660 1997040921 -9999 -9999 -9999 0.0
C0G660 1997040922 -9999 -9999 -9999 0.0
C0G660 1997040923 -9999 -9999 -9999 0.0
C0G660 1997040924 -9999 -9999 -9999 0.0
C0G660 1997041001 -9999 -9999 -9999 0.0
C0G660 1997041002 -9999 -9999 -9999 0.0
C0G660 1997041003 -9999 -9999 -9999 0.0
C0G660 1997041004 -9999 -9999 -9999 0.0
C0G660 1997041005 -9999 -9999 -9999 0.0
C0G660 1997041006 -9999 -9999 -9999 0.0
C0G660 1997041007 -9999 -9999 -9999 0.0
C0G660 1997041008 -9999 -9999 -9999 0.0
C0G660 1997041009 -9999 -9999 -9999 0.0
C0G660 1997041010 -9999 -9999 -9999 0.0
C0G660 1997041011 -9999 -9999 -9999 -9996
C0G660 1997041012 -9999 -9999 -9999 3.5
C0G660 1997041013 -9999 -9999 -9999 2.0
C0G660 1997041014 -9999 -9999 -9999 -9996
C0G660 1997041015 -9999 -9999 -9999 1.0
C0G660 1997041016 -9999 -9999 -9999 -9996
C0G660 1997041017 -9999 -9999 -9999 -9996
C0G660 1997041018 -9999 -9999 -9999 -9996
C0G660 1997041019 -9999 -9999 -9999 -9996
C0G660 1997041020 -9999 -9999 -9999 2.0
C0G660 1997041021 -9999 -9999 -9999 0.0
C0G660 1997041022 -9999 -9999 -9999 0.0
C0G660 1997041023 -9999 -9999 -9999 0.0
C0G660 1997041024 -9999 -9999 -9999 0.0
C0G660 1997041101 -9999 -9999 -9999 0.0
C0G660 1997041102 -9999 -9999 -9999 0.0
C0G660 1997041103 -9999 -9999 -9999 0.0
C0G660 1997041104 -9999 -9999 -9999 0.0
C0G660 1997041105 -9999 -9999 -9999 0.0
C0G660 1997041106 -9999 -9999 -9999 0.0
C0G660 1997041107 -9999 -9999 -9999 0.0
C0G660 1997041108 -9999 -9999 -9999 0.0
C0G660 1997041109 -9999 -9999 -9999 0.0
C0G660 1997041110 -9999 -9999 -9999 0.0
C0G660 1997041111 -9999 -9999 -9999 0.0
C0G660 1997041112 -9999 -9999 -9999 0.0
C0G660 1997041113 -9999 -9999 -9999 0.0
C0G660 1997041114 -9999 -9999 -9999 0.0
C0G660 1997041115 -9999 -9999 -9999 0.0
C0G660 1997041116 -9999 -9999 -9999 0.0
C0G660 1997041117 -9999 -9999 -9999 0.0
C0G660 1997041118 -9999 -9999 -9999 0.0
C0G660 1997041119 -9999 -9999 -9999 0.0
C0G660 1997041120 -9999 -9999 -9999 0.0
C0G660 1997041121 -9999 -9999 -9999 0.0
C0G660 1997041122 -9999 -9999 -9999 0.0
C0G660 1997041123 -9999 -9999 -9999 0.0
C0G660 1997041124 -9999 -9999 -9999 0.0
C0G660 1997041201 -9999 -9999 -9999 0.0
C0G660 1997041202 -9999 -9999 -9999 0.0
C0G660 1997041203 -9999 -9999 -9999 0.0
C0G660 1997041204 -9999 -9999 -9999 0.0
C0G660 1997041205 -9999 -9999 -9999 0.0
C0G660 1997041206 -9999 -9999 -9999 0.0
C0G660 1997041207 -9999 -9999 -9999 0.0
C0G660 1997041208 -9999 -9999 -9999 0.0
C0G660 1997041209 -9999 -9999 -9999 0.0
C0G660 1997041210 -9999 -9999 -9999 0.0
C0G660 1997041211 -9999 -9999 -9999 0.0
C0G660 1997041212 -9999 -9999 -9999 0.0
C0G660 1997041213 -9999 -9999 -9999 0.0
C0G660 1997041214 -9999 -9999 -9999 0.0
C0G660 1997041215 -9999 -9999 -9999 0.0
C0G660 1997041216 -9999 -9999 -9999 0.0
C0G660 1997041217 -9999 -9999 -9999 0.0
C0G660 1997041218 -9999 -9999 -9999 0.0
C0G660 1997041219 -9999 -9999 -9999 0.0
C0G660 1997041220 -9999 -9999 -9999 0.0
C0G660 1997041221 -9999 -9999 -9999 0.0
C0G660 1997041222 -9999 -9999 -9999 0.0
C0G660 1997041223 -9999 -9999 -9999 0.0
C0G660 1997041224 -9999 -9999 -9999 0.0
C0G660 1997041301 -9999 -9999 -9999 0.0
C0G660 1997041302 -9999 -9999 -9999 0.0
C0G660 1997041303 -9999 -9999 -9999 0.0
C0G660 1997041304 -9999 -9999 -9999 0.0
C0G660 1997041305 -9999 -9999 -9999 0.0
C0G660 1997041306 -9999 -9999 -9999 0.0
C0G660 1997041307 -9999 -9999 -9999 0.0
C0G660 1997041308 -9999 -9999 -9999 0.0
C0G660 1997041309 -9999 -9999 -9999 0.0
C0G660 1997041310 -9999 -9999 -9999 0.0
C0G660 1997041311 -9999 -9999 -9999 0.0
C0G660 1997041312 -9999 -9999 -9999 0.0
C0G660 1997041313 -9999 -9999 -9999 0.0
C0G660 1997041314 -9999 -9999 -9999 0.0
C0G660 1997041315 -9999 -9999 -9999 0.0
C0G660 1997041316 -9999 -9999 -9999 0.0
C0G660 1997041317 -9999 -9999 -9999 0.0
C0G660 1997041318 -9999 -9999 -9999 0.0
C0G660 1997041319 -9999 -9999 -9999 0.0
C0G660 1997041320 -9999 -9999 -9999 0.0
C0G660 1997041321 -9999 -9999 -9999 0.0
C0G660 1997041322 -9999 -9999 -9999 0.0
C0G660 1997041323 -9999 -9999 -9999 0.0
C0G660 1997041324 -9999 -9999 -9999 -9996
C0G660 1997041401 -9999 -9999 -9999 -9996
C0G660 1997041402 -9999 -9999 -9999 -9996
C0G660 1997041403 -9999 -9999 -9999 -9996
C0G660 1997041404 -9999 -9999 -9999 -9996
C0G660 1997041405 -9999 -9999 -9999 -9996
C0G660 1997041406 -9999 -9999 -9999 -9996
C0G660 1997041407 -9999 -9999 -9999 -9996
C0G660 1997041408 -9999 -9999 -9999 -9996
C0G660 1997041409 -9999 -9999 -9999 -9996
C0G660 1997041410 -9999 -9999 -9999 -9996
C0G660 1997041411 -9999 -9999 -9999 0.5
C0G660 1997041412 -9999 -9999 -9999 0.0
C0G660 1997041413 -9999 -9999 -9999 0.0
C0G660 1997041414 -9999 -9999 -9999 0.0
C0G660 1997041415 -9999 -9999 -9999 0.0
C0G660 1997041416 -9999 -9999 -9999 0.0
C0G660 1997041417 -9999 -9999 -9999 0.0
C0G660 1997041418 -9999 -9999 -9999 0.0
C0G660 1997041419 -9999 -9999 -9999 0.0
C0G660 1997041420 -9999 -9999 -9999 0.0
C0G660 1997041421 -9999 -9999 -9999 0.0
C0G660 1997041422 -9999 -9999 -9999 0.0
C0G660 1997041423 -9999 -9999 -9999 0.0
C0G660 1997041424 -9999 -9999 -9999 0.0
C0G660 1997041501 -9999 -9999 -9999 -9996
C0G660 1997041502 -9999 -9999 -9999 -9996
C0G660 1997041503 -9999 -9999 -9999 1.0
C0G660 1997041504 -9999 -9999 -9999 -9996
C0G660 1997041505 -9999 -9999 -9999 0.5
C0G660 1997041506 -9999 -9999 -9999 1.0
C0G660 1997041507 -9999 -9999 -9999 -9996
C0G660 1997041508 -9999 -9999 -9999 -9996
C0G660 1997041509 -9999 -9999 -9999 -9996
C0G660 1997041510 -9999 -9999 -9999 -9996
C0G660 1997041511 -9999 -9999 -9999 -9996
C0G660 1997041512 -9999 -9999 -9999 2.5
C0G660 1997041513 -9999 -9999 -9999 0.0
C0G660 1997041514 -9999 -9999 -9999 0.0
C0G660 1997041515 -9999 -9999 -9999 0.0
C0G660 1997041516 -9999 -9999 -9999 0.0
C0G660 1997041517 -9999 -9999 -9999 0.0
C0G660 1997041518 -9999 -9999 -9999 0.0
C0G660 1997041519 -9999 -9999 -9999 0.0
C0G660 1997041520 -9999 -9999 -9999 -9996
C0G660 1997041521 -9999 -9999 -9999 -9996
C0G660 1997041522 -9999 -9999 -9999 -9996
C0G660 1997041523 -9999 -9999 -9999 -9996
C0G660 1997041524 -9999 -9999 -9999 -9996
C0G660 1997041601 -9999 -9999 -9999 0.0
C0G660 1997041602 -9999 -9999 -9999 0.0
C0G660 1997041603 -9999 -9999 -9999 0.0
C0G660 1997041604 -9999 -9999 -9999 0.0
C0G660 1997041605 -9999 -9999 -9999 0.0
C0G660 1997041606 -9999 -9999 -9999 0.0
C0G660 1997041607 -9999 -9999 -9999 0.0
C0G660 1997041608 -9999 -9999 -9999 0.0
C0G660 1997041609 -9999 -9999 -9999 0.0
C0G660 1997041610 -9999 -9999 -9999 0.0
C0G660 1997041611 -9999 -9999 -9999 0.0
C0G660 1997041612 -9999 -9999 -9999 0.0
C0G660 1997041613 -9999 -9999 -9999 0.0
C0G660 1997041614 -9999 -9999 -9999 0.0
C0G660 1997041615 -9999 -9999 -9999 0.0
C0G660 1997041616 -9999 -9999 -9999 0.0
C0G660 1997041617 -9999 -9999 -9999 0.0
C0G660 1997041618 -9999 -9999 -9999 0.0
C0G660 1997041619 -9999 -9999 -9999 0.0
C0G660 1997041620 -9999 -9999 -9999 0.0
C0G660 1997041621 -9999 -9999 -9999 0.0
C0G660 1997041622 -9999 -9999 -9999 0.0
C0G660 1997041623 -9999 -9999 -9999 0.0
C0G660 1997041624 -9999 -9999 -9999 0.0
C0G660 1997041701 -9999 -9999 -9999 0.0
C0G660 1997041702 -9999 -9999 -9999 0.0
C0G660 1997041703 -9999 -9999 -9999 0.0
C0G660 1997041704 -9999 -9999 -9999 0.0
C0G660 1997041705 -9999 -9999 -9999 0.0
C0G660 1997041706 -9999 -9999 -9999 0.0
C0G660 1997041707 -9999 -9999 -9999 0.0
C0G660 1997041708 -9999 -9999 -9999 0.0
C0G660 1997041709 -9999 -9999 -9999 0.0
C0G660 1997041710 -9999 -9999 -9999 0.0
C0G660 1997041711 -9999 -9999 -9999 0.0
C0G660 1997041712 -9999 -9999 -9999 0.0
C0G660 1997041713 -9999 -9999 -9999 0.0
C0G660 1997041714 -9999 -9999 -9999 0.0
C0G660 1997041715 -9999 -9999 -9999 0.0
C0G660 1997041716 -9999 -9999 -9999 0.0
C0G660 1997041717 -9999 -9999 -9999 0.0
C0G660 1997041718 -9999 -9999 -9999 0.0
C0G660 1997041719 -9999 -9999 -9999 0.0
C0G660 1997041720 -9999 -9999 -9999 0.0
C0G660 1997041721 -9999 -9999 -9999 0.0
C0G660 1997041722 -9999 -9999 -9999 0.0
C0G660 1997041723 -9999 -9999 -9999 0.0
C0G660 1997041724 -9999 -9999 -9999 0.0
C0G660 1997041801 -9999 -9999 -9999 0.0
C0G660 1997041802 -9999 -9999 -9999 0.0
C0G660 1997041803 -9999 -9999 -9999 0.0
C0G660 1997041804 -9999 -9999 -9999 0.0
C0G660 1997041805 -9999 -9999 -9999 0.0
C0G660 1997041806 -9999 -9999 -9999 0.0
C0G660 1997041807 -9999 -9999 -9999 0.0
C0G660 1997041808 -9999 -9999 -9999 0.0
C0G660 1997041809 -9999 -9999 -9999 0.0
C0G660 1997041810 -9999 -9999 -9999 0.0
C0G660 1997041811 -9999 -9999 -9999 0.0
C0G660 1997041812 -9999 -9999 -9999 0.0
C0G660 1997041813 -9999 -9999 -9999 0.0
C0G660 1997041814 -9999 -9999 -9999 0.0
C0G660 1997041815 -9999 -9999 -9999 0.0
C0G660 1997041816 -9999 -9999 -9999 0.0
C0G660 1997041817 -9999 -9999 -9999 0.0
C0G660 1997041818 -9999 -9999 -9999 0.0
C0G660 1997041819 -9999 -9999 -9999 0.0
C0G660 1997041820 -9999 -9999 -9999 0.0
C0G660 1997041821 -9999 -9999 -9999 0.0
C0G660 1997041822 -9999 -9999 -9999 0.0
C0G660 1997041823 -9999 -9999 -9999 0.0
C0G660 1997041824 -9999 -9999 -9999 0.0
C0G660 1997041901 -9999 -9999 -9999 0.0
C0G660 1997041902 -9999 -9999 -9999 0.0
C0G660 1997041903 -9999 -9999 -9999 0.0
C0G660 1997041904 -9999 -9999 -9999 0.0
C0G660 1997041905 -9999 -9999 -9999 0.0
C0G660 1997041906 -9999 -9999 -9999 0.0
C0G660 1997041907 -9999 -9999 -9999 0.0
C0G660 1997041908 -9999 -9999 -9999 0.0
C0G660 1997041909 -9999 -9999 -9999 0.0
C0G660 1997041910 -9999 -9999 -9999 0.0
C0G660 1997041911 -9999 -9999 -9999 0.0
C0G660 1997041912 -9999 -9999 -9999 0.0
C0G660 1997041913 -9999 -9999 -9999 0.0
C0G660 1997041914 -9999 -9999 -9999 0.0
C0G660 1997041915 -9999 -9999 -9999 0.0
C0G660 1997041916 -9999 -9999 -9999 0.0
C0G660 1997041917 -9999 -9999 -9999 0.0
C0G660 1997041918 -9999 -9999 -9999 0.0
C0G660 1997041919 -9999 -9999 -9999 0.0
C0G660 1997041920 -9999 -9999 -9999 0.0
C0G660 1997041921 -9999 -9999 -9999 0.0
C0G660 1997041922 -9999 -9999 -9999 0.0
C0G660 1997041923 -9999 -9999 -9999 0.0
C0G660 1997041924 -9999 -9999 -9999 0.0
C0G660 1997042001 -9999 -9999 -9999 0.0
C0G660 1997042002 -9999 -9999 -9999 0.0
C0G660 1997042003 -9999 -9999 -9999 0.0
C0G660 1997042004 -9999 -9999 -9999 0.0
C0G660 1997042005 -9999 -9999 -9999 0.0
C0G660 1997042006 -9999 -9999 -9999 0.0
C0G660 1997042007 -9999 -9999 -9999 0.0
C0G660 1997042008 -9999 -9999 -9999 0.0
C0G660 1997042009 -9999 -9999 -9999 0.0
C0G660 1997042010 -9999 -9999 -9999 0.0
C0G660 1997042011 -9999 -9999 -9999 0.0
C0G660 1997042012 -9999 -9999 -9999 0.0
C0G660 1997042013 -9999 -9999 -9999 0.0
C0G660 1997042014 -9999 -9999 -9999 0.0
C0G660 1997042015 -9999 -9999 -9999 0.0
C0G660 1997042016 -9999 -9999 -9999 0.0
C0G660 1997042017 -9999 -9999 -9999 0.0
C0G660 1997042018 -9999 -9999 -9999 0.0
C0G660 1997042019 -9999 -9999 -9999 0.0
C0G660 1997042020 -9999 -9999 -9999 0.0
C0G660 1997042021 -9999 -9999 -9999 0.0
C0G660 1997042022 -9999 -9999 -9999 0.0
C0G660 1997042023 -9999 -9999 -9999 0.0
C0G660 1997042024 -9999 -9999 -9999 0.0
C0G660 1997042101 -9999 -9999 -9999 0.0
C0G660 1997042102 -9999 -9999 -9999 0.0
C0G660 1997042103 -9999 -9999 -9999 0.0
C0G660 1997042104 -9999 -9999 -9999 0.0
C0G660 1997042105 -9999 -9999 -9999 0.0
C0G660 1997042106 -9999 -9999 -9999 0.0
C0G660 1997042107 -9999 -9999 -9999 0.0
C0G660 1997042108 -9999 -9999 -9999 0.0
C0G660 1997042109 -9999 -9999 -9999 0.0
C0G660 1997042110 -9999 -9999 -9999 0.0
C0G660 1997042111 -9999 -9999 -9999 0.0
C0G660 1997042112 -9999 -9999 -9999 0.0
C0G660 1997042113 -9999 -9999 -9999 0.0
C0G660 1997042114 -9999 -9999 -9999 0.0
C0G660 1997042115 -9999 -9999 -9999 0.0
C0G660 1997042116 -9999 -9999 -9999 0.0
C0G660 1997042117 -9999 -9999 -9999 0.0
C0G660 1997042118 -9999 -9999 -9999 0.0
C0G660 1997042119 -9999 -9999 -9999 0.0
C0G660 1997042120 -9999 -9999 -9999 -9996
C0G660 1997042121 -9999 -9999 -9999 -9996
C0G660 1997042122 -9999 -9999 -9999 -9996
C0G660 1997042123 -9999 -9999 -9999 -9996
C0G660 1997042124 -9999 -9999 -9999 -9996
C0G660 1997042201 -9999 -9999 -9999 0.0
C0G660 1997042202 -9999 -9999 -9999 0.0
C0G660 1997042203 -9999 -9999 -9999 0.0
C0G660 1997042204 -9999 -9999 -9999 0.0
C0G660 1997042205 -9999 -9999 -9999 0.0
C0G660 1997042206 -9999 -9999 -9999 0.0
C0G660 1997042207 -9999 -9999 -9999 0.0
C0G660 1997042208 -9999 -9999 -9999 0.0
C0G660 1997042209 -9999 -9999 -9999 0.0
C0G660 1997042210 -9999 -9999 -9999 0.0
C0G660 1997042211 -9999 -9999 -9999 0.0
C0G660 1997042212 -9999 -9999 -9999 0.0
C0G660 1997042213 -9999 -9999 -9999 0.0
C0G660 1997042214 -9999 -9999 -9999 0.0
C0G660 1997042215 -9999 -9999 -9999 0.0
C0G660 1997042216 -9999 -9999 -9999 0.0
C0G660 1997042217 -9999 -9999 -9999 0.0
C0G660 1997042218 -9999 -9999 -9999 0.0
C0G660 1997042219 -9999 -9999 -9999 0.0
C0G660 1997042220 -9999 -9999 -9999 0.0
C0G660 1997042221 -9999 -9999 -9999 0.0
C0G660 1997042222 -9999 -9999 -9999 0.0
C0G660 1997042223 -9999 -9999 -9999 0.0
C0G660 1997042224 -9999 -9999 -9999 0.0
C0G660 1997042301 -9999 -9999 -9999 0.0
C0G660 1997042302 -9999 -9999 -9999 0.0
C0G660 1997042303 -9999 -9999 -9999 0.0
C0G660 1997042304 -9999 -9999 -9999 0.0
C0G660 1997042305 -9999 -9999 -9999 0.0
C0G660 1997042306 -9999 -9999 -9999 0.0
C0G660 1997042307 -9999 -9999 -9999 0.0
C0G660 1997042308 -9999 -9999 -9999 0.0
C0G660 1997042309 -9999 -9999 -9999 0.0
C0G660 1997042310 -9999 -9999 -9999 0.0
C0G660 1997042311 -9999 -9999 -9999 0.0
C0G660 1997042312 -9999 -9999 -9999 0.0
C0G660 1997042313 -9999 -9999 -9999 0.0
C0G660 1997042314 -9999 -9999 -9999 0.0
C0G660 1997042315 -9999 -9999 -9999 0.0
C0G660 1997042316 -9999 -9999 -9999 0.0
C0G660 1997042317 -9999 -9999 -9999 0.0
C0G660 1997042318 -9999 -9999 -9999 0.0
C0G660 1997042319 -9999 -9999 -9999 0.0
C0G660 1997042320 -9999 -9999 -9999 0.0
C0G660 1997042321 -9999 -9999 -9999 0.0
C0G660 1997042322 -9999 -9999 -9999 0.0
C0G660 1997042323 -9999 -9999 -9999 0.0
C0G660 1997042324 -9999 -9999 -9999 0.0
C0G660 1997042401 -9999 -9999 -9999 0.0
C0G660 1997042402 -9999 -9999 -9999 0.0
C0G660 1997042403 -9999 -9999 -9999 0.0
C0G660 1997042404 -9999 -9999 -9999 0.0
C0G660 1997042405 -9999 -9999 -9999 0.0
C0G660 1997042406 -9999 -9999 -9999 0.0
C0G660 1997042407 -9999 -9999 -9999 0.0
C0G660 1997042408 -9999 -9999 -9999 0.0
C0G660 1997042409 -9999 -9999 -9999 0.0
C0G660 1997042410 -9999 -9999 -9999 0.0
C0G660 1997042411 -9999 -9999 -9999 0.0
C0G660 1997042412 -9999 -9999 -9999 0.0
C0G660 1997042413 -9999 -9999 -9999 0.0
C0G660 1997042414 -9999 -9999 -9999 0.0
C0G660 1997042415 -9999 -9999 -9999 0.0
C0G660 1997042416 -9999 -9999 -9999 0.0
C0G660 1997042417 -9999 -9999 -9999 0.0
C0G660 1997042418 -9999 -9999 -9999 0.0
C0G660 1997042419 -9999 -9999 -9999 0.0
C0G660 1997042420 -9999 -9999 -9999 0.0
C0G660 1997042421 -9999 -9999 -9999 0.0
C0G660 1997042422 -9999 -9999 -9999 0.0
C0G660 1997042423 -9999 -9999 -9999 0.0
C0G660 1997042424 -9999 -9999 -9999 0.0
C0G660 1997042501 -9999 -9999 -9999 0.0
C0G660 1997042502 -9999 -9999 -9999 0.0
C0G660 1997042503 -9999 -9999 -9999 0.0
C0G660 1997042504 -9999 -9999 -9999 0.0
C0G660 1997042505 -9999 -9999 -9999 0.0
C0G660 1997042506 -9999 -9999 -9999 0.0
C0G660 1997042507 -9999 -9999 -9999 0.0
C0G660 1997042508 -9999 -9999 -9999 0.0
C0G660 1997042509 -9999 -9999 -9999 0.0
C0G660 1997042510 -9999 -9999 -9999 0.0
C0G660 1997042511 -9999 -9999 -9999 0.0
C0G660 1997042512 -9999 -9999 -9999 0.0
C0G660 1997042513 -9999 -9999 -9999 0.0
C0G660 1997042514 -9999 -9999 -9999 0.0
C0G660 1997042515 -9999 -9999 -9999 0.0
C0G660 1997042516 -9999 -9999 -9999 0.0
C0G660 1997042517 -9999 -9999 -9999 0.0
C0G660 1997042518 -9999 -9999 -9999 0.0
C0G660 1997042519 -9999 -9999 -9999 0.0
C0G660 1997042520 -9999 -9999 -9999 0.0
C0G660 1997042521 -9999 -9999 -9999 0.0
C0G660 1997042522 -9999 -9999 -9999 0.0
C0G660 1997042523 -9999 -9999 -9999 0.0
C0G660 1997042524 -9999 -9999 -9999 0.0
C0G660 1997042601 -9999 -9999 -9999 0.0
C0G660 1997042602 -9999 -9999 -9999 0.0
C0G660 1997042603 -9999 -9999 -9999 0.0
C0G660 1997042604 -9999 -9999 -9999 0.0
C0G660 1997042605 -9999 -9999 -9999 0.0
C0G660 1997042606 -9999 -9999 -9999 0.0
C0G660 1997042607 -9999 -9999 -9999 0.0
C0G660 1997042608 -9999 -9999 -9999 0.0
C0G660 1997042609 -9999 -9999 -9999 0.0
C0G660 1997042610 -9999 -9999 -9999 0.0
C0G660 1997042611 -9999 -9999 -9999 0.0
C0G660 1997042612 -9999 -9999 -9999 0.0
C0G660 1997042613 -9999 -9999 -9999 0.0
C0G660 1997042614 -9999 -9999 -9999 0.0
C0G660 1997042615 -9999 -9999 -9999 0.0
C0G660 1997042616 -9999 -9999 -9999 0.0
C0G660 1997042617 -9999 -9999 -9999 0.0
C0G660 1997042618 -9999 -9999 -9999 0.0
C0G660 1997042619 -9999 -9999 -9999 0.0
C0G660 1997042620 -9999 -9999 -9999 0.0
C0G660 1997042621 -9999 -9999 -9999 0.0
C0G660 1997042622 -9999 -9999 -9999 0.0
C0G660 1997042623 -9999 -9999 -9999 0.0
C0G660 1997042624 -9999 -9999 -9999 0.0
C0G660 1997042701 -9999 -9999 -9999 0.0
C0G660 1997042702 -9999 -9999 -9999 0.0
C0G660 1997042703 -9999 -9999 -9999 0.0
C0G660 1997042704 -9999 -9999 -9999 0.0
C0G660 1997042705 -9999 -9999 -9999 0.0
C0G660 1997042706 -9999 -9999 -9999 0.0
C0G660 1997042707 -9999 -9999 -9999 0.0
C0G660 1997042708 -9999 -9999 -9999 0.0
C0G660 1997042709 -9999 -9999 -9999 0.0
C0G660 1997042710 -9999 -9999 -9999 0.0
C0G660 1997042711 -9999 -9999 -9999 0.0
C0G660 1997042712 -9999 -9999 -9999 0.0
C0G660 1997042713 -9999 -9999 -9999 -9996
C0G660 1997042714 -9999 -9999 -9999 -9996
C0G660 1997042715 -9999 -9999 -9999 -9996
C0G660 1997042716 -9999 -9999 -9999 -9996
C0G660 1997042717 -9999 -9999 -9999 -9996
C0G660 1997042718 -9999 -9999 -9999 -9996
C0G660 1997042719 -9999 -9999 -9999 -9996
C0G660 1997042720 -9999 -9999 -9999 -9996
C0G660 1997042721 -9999 -9999 -9999 -9996
C0G660 1997042722 -9999 -9999 -9999 -9996
C0G660 1997042723 -9999 -9999 -9999 -9996
C0G660 1997042724 -9999 -9999 -9999 -9996
C0G660 1997042801 -9999 -9999 -9999 0.0
C0G660 1997042802 -9999 -9999 -9999 0.0
C0G660 1997042803 -9999 -9999 -9999 0.0
C0G660 1997042804 -9999 -9999 -9999 0.0
C0G660 1997042805 -9999 -9999 -9999 0.0
C0G660 1997042806 -9999 -9999 -9999 0.0
C0G660 1997042807 -9999 -9999 -9999 0.0
C0G660 1997042808 -9999 -9999 -9999 0.0
C0G660 1997042809 -9999 -9999 -9999 0.0
C0G660 1997042810 -9999 -9999 -9999 0.0
C0G660 1997042811 -9999 -9999 -9999 0.0
C0G660 1997042812 -9999 -9999 -9999 0.0
C0G660 1997042813 -9999 -9999 -9999 0.0
C0G660 1997042814 -9999 -9999 -9999 0.0
C0G660 1997042815 -9999 -9999 -9999 0.0
C0G660 1997042816 -9999 -9999 -9999 0.0
C0G660 1997042817 -9999 -9999 -9999 0.0
C0G660 1997042818 -9999 -9999 -9999 0.0
C0G660 1997042819 -9999 -9999 -9999 0.0
C0G660 1997042820 -9999 -9999 -9999 0.0
C0G660 1997042821 -9999 -9999 -9999 0.0
C0G660 1997042822 -9999 -9999 -9999 0.0
C0G660 1997042823 -9999 -9999 -9999 0.0
C0G660 1997042824 -9999 -9999 -9999 0.0
C0G660 1997042901 -9999 -9999 -9999 0.0
C0G660 1997042902 -9999 -9999 -9999 0.0
C0G660 1997042903 -9999 -9999 -9999 0.0
C0G660 1997042904 -9999 -9999 -9999 0.0
C0G660 1997042905 -9999 -9999 -9999 0.0
C0G660 1997042906 -9999 -9999 -9999 0.0
C0G660 1997042907 -9999 -9999 -9999 0.0
C0G660 1997042908 -9999 -9999 -9999 0.0
C0G660 1997042909 -9999 -9999 -9999 0.0
C0G660 1997042910 -9999 -9999 -9999 0.0
C0G660 1997042911 -9999 -9999 -9999 0.0
C0G660 1997042912 -9999 -9999 -9999 0.0
C0G660 1997042913 -9999 -9999 -9999 0.0
C0G660 1997042914 -9999 -9999 -9999 0.0
C0G660 1997042915 -9999 -9999 -9999 0.0
C0G660 1997042916 -9999 -9999 -9999 0.0
C0G660 1997042917 -9999 -9999 -9999 0.0
C0G660 1997042918 -9999 -9999 -9999 0.0
C0G660 1997042919 -9999 -9999 -9999 0.0
C0G660 1997042920 -9999 -9999 -9999 0.0
C0G660 1997042921 -9999 -9999 -9999 0.0
C0G660 1997042922 -9999 -9999 -9999 0.0
C0G660 1997042923 -9999 -9999 -9999 0.0
C0G660 1997042924 -9999 -9999 -9999 0.0
C0G660 1997043001 -9999 -9999 -9999 0.0
C0G660 1997043002 -9999 -9999 -9999 0.0
C0G660 1997043003 -9999 -9999 -9999 0.0
C0G660 1997043004 -9999 -9999 -9999 0.0
C0G660 1997043005 -9999 -9999 -9999 0.0
C0G660 1997043006 -9999 -9999 -9999 0.0
C0G660 1997043007 -9999 -9999 -9999 0.0
C0G660 1997043008 -9999 -9999 -9999 0.0
C0G660 1997043009 -9999 -9999 -9999 0.0
C0G660 1997043010 -9999 -9999 -9999 0.0
C0G660 1997043011 -9999 -9999 -9999 0.0
C0G660 1997043012 -9999 -9999 -9999 0.0
C0G660 1997043013 -9999 -9999 -9999 0.0
C0G660 1997043014 -9999 -9999 -9999 0.0
C0G660 1997043015 -9999 -9999 -9999 0.0
C0G660 1997043016 -9999 -9999 -9999 0.0
C0G660 1997043017 -9999 -9999 -9999 0.0
C0G660 1997043018 -9999 -9999 -9999 0.0
C0G660 1997043019 -9999 -9999 -9999 0.0
C0G660 1997043020 -9999 -9999 -9999 0.0
C0G660 1997043021 -9999 -9999 -9999 0.0
C0G660 1997043022 -9999 -9999 -9999 0.0
C0G660 1997043023 -9999 -9999 -9999 0.0
C0G660 1997043024 -9999 -9999 -9999 0.0
