C0G650 1998080101 27.1 -9997 0.0 0.0
C0G650 1998080102 26.8 -9997 0.0 0.0
C0G650 1998080103 26.5 -9997 0.0 0.0
C0G650 1998080104 26.6 -9997 0.0 0.0
C0G650 1998080105 26.4 -9997 0.0 0.0
C0G650 1998080106 26.5 -9997 0.0 0.0
C0G650 1998080107 28.6 -9997 0.2 0.0
C0G650 1998080108 31.0 -9997 2.5 0.0
C0G650 1998080109 32.8 -9997 1.6 0.0
C0G650 1998080110 33.2 -9997 1.5 0.0
C0G650 1998080111 35.3 -9997 2.0 0.0
C0G650 1998080112 35.2 -9997 0.7 0.0
C0G650 1998080113 33.6 -9997 1.4 0.0
C0G650 1998080114 35.0 -9997 0.7 0.0
C0G650 1998080115 35.2 -9997 1.2 0.0
C0G650 1998080116 34.5 -9997 1.2 0.0
C0G650 1998080117 34.0 -9997 1.0 0.0
C0G650 1998080118 32.3 -9997 0.7 0.0
C0G650 1998080119 31.1 -9997 0.8 0.0
C0G650 1998080120 30.2 -9997 0.4 0.0
C0G650 1998080121 29.6 -9997 0.1 0.0
C0G650 1998080122 28.6 -9997 0.0 0.0
C0G650 1998080123 28.1 -9997 0.0 0.0
C0G650 1998080124 27.9 -9997 0.0 0.0
C0G650 1998080201 27.7 -9997 0.0 0.0
C0G650 1998080202 27.3 -9997 0.0 0.0
C0G650 1998080203 27.3 -9997 0.0 0.0
C0G650 1998080204 27.0 -9997 0.0 0.0
C0G650 1998080205 26.6 -9997 0.0 0.0
C0G650 1998080206 26.7 -9997 0.0 0.0
C0G650 1998080207 28.6 -9997 0.1 0.0
C0G650 1998080208 31.8 -9997 0.7 0.0
C0G650 1998080209 33.2 -9997 1.5 0.0
C0G650 1998080210 34.9 -9997 1.1 0.0
C0G650 1998080211 33.5 -9997 0.2 0.0
C0G650 1998080212 33.0 -9997 1.2 0.0
C0G650 1998080213 33.3 -9997 1.5 0.0
C0G650 1998080214 34.4 -9997 1.4 0.0
C0G650 1998080215 33.5 -9997 1.4 0.0
C0G650 1998080216 34.2 -9997 0.9 0.0
C0G650 1998080217 31.6 -9997 0.6 0.0
C0G650 1998080218 31.4 -9997 0.0 0.0
C0G650 1998080219 29.6 -9997 0.1 0.0
C0G650 1998080220 28.4 -9997 0.5 0.0
C0G650 1998080221 28.3 -9997 0.1 0.0
C0G650 1998080222 27.7 -9997 0.0 0.0
C0G650 1998080223 27.9 -9997 0.0 0.0
C0G650 1998080224 27.7 -9997 0.0 0.0
C0G650 1998080301 27.6 -9997 0.0 0.0
C0G650 1998080302 27.2 -9997 0.0 0.0
C0G650 1998080303 27.2 -9997 0.0 0.0
C0G650 1998080304 26.9 -9997 0.0 0.0
C0G650 1998080305 26.4 -9997 0.0 0.0
C0G650 1998080306 26.4 -9997 0.0 0.0
C0G650 1998080307 29.0 -9997 0.1 0.0
C0G650 1998080308 30.7 -9997 0.9 0.0
C0G650 1998080309 31.5 -9997 1.0 0.0
C0G650 1998080310 33.0 -9997 1.1 0.0
C0G650 1998080311 33.6 -9997 0.8 0.0
C0G650 1998080312 34.9 -9997 0.8 0.0
C0G650 1998080313 34.3 -9997 1.8 0.0
C0G650 1998080314 34.7 -9997 1.6 0.0
C0G650 1998080315 33.5 -9997 1.7 0.0
C0G650 1998080316 33.2 -9997 2.1 0.0
C0G650 1998080317 32.0 -9997 1.7 0.0
C0G650 1998080318 31.5 -9997 1.2 0.0
C0G650 1998080319 30.7 -9997 0.4 0.0
C0G650 1998080320 30.1 -9997 0.1 0.0
C0G650 1998080321 28.8 -9997 0.0 0.0
C0G650 1998080322 28.2 -9997 0.0 0.0
C0G650 1998080323 27.7 -9997 0.0 0.0
C0G650 1998080324 27.1 -9997 0.0 0.0
C0G650 1998080401 27.2 -9997 0.0 -9996
C0G650 1998080402 26.9 -9997 0.3 -9996
C0G650 1998080403 27.1 -9997 0.1 -9996
C0G650 1998080404 27.4 -9997 0.0 -9996
C0G650 1998080405 27.2 -9997 0.5 0.5
C0G650 1998080406 27.0 -9997 0.0 -9996
C0G650 1998080407 27.6 -9997 0.0 0.5
C0G650 1998080408 27.4 -9997 0.0 -9996
C0G650 1998080409 26.9 -9997 0.0 -9996
C0G650 1998080410 29.0 -9997 0.0 -9996
C0G650 1998080411 28.6 -9997 0.1 0.5
C0G650 1998080412 28.8 -9997 0.0 -9996
C0G650 1998080413 28.2 -9997 0.0 -9996
C0G650 1998080414 27.5 -9997 0.2 2.0
C0G650 1998080415 27.0 -9997 0.0 2.0
C0G650 1998080416 26.3 -9997 1.3 12.0
C0G650 1998080417 -9997 -9997 -9997 6.5
C0G650 1998080418 25.5 -9997 2.9 4.0
C0G650 1998080419 -9997 -9997 3.8 2.0
C0G650 1998080420 25.4 -9997 6.0 3.5
C0G650 1998080421 25.3 -9997 6.8 13.0
C0G650 1998080422 25.6 -9997 4.8 12.5
C0G650 1998080423 25.4 -9997 -9997 1.0
C0G650 1998080424 -9997 -9997 -9997 -9996
C0G650 1998080501 25.7 -9997 -9997 -9996
C0G650 1998080502 24.5 -9997 2.4 6.0
C0G650 1998080503 24.6 -9997 3.7 8.0
C0G650 1998080504 24.5 -9997 3.1 5.5
C0G650 1998080505 24.3 -9997 2.7 3.0
C0G650 1998080506 24.4 -9997 -9997 2.0
C0G650 1998080507 24.6 -9997 0.0 0.0
C0G650 1998080508 25.7 -9997 0.0 0.0
C0G650 1998080509 27.0 -9997 0.0 0.0
C0G650 1998080510 29.5 -9997 1.0 0.0
C0G650 1998080511 30.9 -9997 1.8 0.0
C0G650 1998080512 32.9 -9997 3.8 0.0
C0G650 1998080513 33.7 -9997 1.9 0.0
C0G650 1998080514 -9997 -9997 -9997 0.0
C0G650 1998080515 33.0 -9997 2.4 0.0
C0G650 1998080516 32.6 -9997 2.1 0.0
C0G650 1998080517 31.5 -9997 2.2 0.0
C0G650 1998080518 30.2 -9997 0.9 0.0
C0G650 1998080519 29.3 -9997 0.9 0.0
C0G650 1998080520 29.1 -9997 1.2 -9996
C0G650 1998080521 28.3 -9997 1.6 -9996
C0G650 1998080522 27.7 -9997 0.2 -9996
C0G650 1998080523 -9997 -9997 -9997 -9996
C0G650 1998080524 27.1 -9997 0.0 -9996
C0G650 1998080601 26.4 -9997 0.0 0.0
C0G650 1998080602 26.1 -9997 0.0 0.0
C0G650 1998080603 -9997 -9997 -9997 0.0
C0G650 1998080604 -9997 -9997 -9997 0.0
C0G650 1998080605 26.2 -9997 -9997 0.0
C0G650 1998080606 26.6 -9997 0.0 0.0
C0G650 1998080607 28.1 -9997 -9997 0.0
C0G650 1998080608 31.1 -9997 0.8 0.0
C0G650 1998080609 -9997 -9997 -9997 0.0
C0G650 1998080610 -9997 -9997 -9997 0.0
C0G650 1998080611 32.9 -9997 2.8 0.0
C0G650 1998080612 33.4 -9997 2.2 0.0
C0G650 1998080613 34.1 -9997 1.7 0.0
C0G650 1998080614 34.7 -9997 0.9 0.0
C0G650 1998080615 32.8 -9997 1.4 0.0
C0G650 1998080616 31.4 -9997 2.6 0.0
C0G650 1998080617 30.9 -9997 2.8 0.0
C0G650 1998080618 30.2 -9997 -9997 0.0
C0G650 1998080619 29.6 -9997 1.0 0.0
C0G650 1998080620 29.2 -9997 0.3 0.0
C0G650 1998080621 28.7 -9997 0.1 0.0
C0G650 1998080622 28.6 -9997 0.8 0.0
C0G650 1998080623 27.9 -9997 0.3 0.0
C0G650 1998080624 27.9 -9997 0.1 0.0
C0G650 1998080701 27.0 -9997 0.0 0.0
C0G650 1998080702 26.5 -9997 0.0 0.0
C0G650 1998080703 26.4 -9997 0.0 0.0
C0G650 1998080704 26.1 -9997 0.0 0.0
C0G650 1998080705 -9997 -9997 -9997 0.0
C0G650 1998080706 25.9 -9997 -9997 0.0
C0G650 1998080707 27.9 -9997 0.0 0.0
C0G650 1998080708 30.5 -9997 0.3 0.0
C0G650 1998080709 -9997 -9997 1.5 0.0
C0G650 1998080710 -9997 -9997 -9997 0.0
C0G650 1998080711 32.1 -9997 1.4 0.0
C0G650 1998080712 32.8 -9997 0.2 0.0
C0G650 1998080713 33.3 -9997 1.2 0.0
C0G650 1998080714 34.1 -9997 1.2 0.0
C0G650 1998080715 33.2 -9997 0.7 0.0
C0G650 1998080716 32.0 -9997 1.1 0.0
C0G650 1998080717 31.3 -9997 0.3 -9996
C0G650 1998080718 30.8 -9997 0.4 -9996
C0G650 1998080719 27.6 -9997 1.3 0.5
C0G650 1998080720 26.8 -9997 0.2 -9996
C0G650 1998080721 26.8 -9997 0.0 -9996
C0G650 1998080722 26.8 -9997 0.0 -9996
C0G650 1998080723 27.0 -9997 0.0 -9996
C0G650 1998080724 26.9 -9997 0.0 -9996
C0G650 1998080801 26.2 -9997 0.0 0.0
C0G650 1998080802 -9997 -9997 -9997 0.0
C0G650 1998080803 -9997 -9997 0.0 0.0
C0G650 1998080804 25.2 -9997 0.0 0.0
C0G650 1998080805 -9997 -9997 0.0 0.0
C0G650 1998080806 -9997 -9997 -9997 0.0
C0G650 1998080807 27.3 -9997 0.0 0.0
C0G650 1998080808 31.7 -9997 0.1 0.0
C0G650 1998080809 32.5 -9997 0.8 0.0
C0G650 1998080810 33.0 -9997 -9997 0.0
C0G650 1998080811 33.8 -9997 1.1 0.0
C0G650 1998080812 35.5 -9997 0.3 0.0
C0G650 1998080813 33.2 -9997 0.7 0.0
C0G650 1998080814 33.5 -9997 0.5 0.0
C0G650 1998080815 33.5 -9997 0.8 0.0
C0G650 1998080816 32.0 -9997 1.2 0.0
C0G650 1998080817 31.7 -9997 0.8 0.0
C0G650 1998080818 30.5 -9997 0.1 0.0
C0G650 1998080819 29.9 -9997 0.2 0.0
C0G650 1998080820 29.4 -9997 0.4 0.0
C0G650 1998080821 28.2 -9997 0.0 0.0
C0G650 1998080822 27.5 -9997 0.0 0.0
C0G650 1998080823 27.0 -9997 0.0 0.0
C0G650 1998080824 26.4 -9997 0.0 0.0
C0G650 1998080901 -9997 -9997 0.0 0.0
C0G650 1998080902 26.2 -9997 0.0 0.0
C0G650 1998080903 26.3 -9997 0.0 0.0
C0G650 1998080904 26.5 -9997 0.0 0.0
C0G650 1998080905 25.9 -9997 0.0 0.0
C0G650 1998080906 25.9 -9997 0.0 0.0
C0G650 1998080907 27.9 -9997 0.0 0.0
C0G650 1998080908 30.7 -9997 0.2 0.0
C0G650 1998080909 31.5 -9997 0.2 0.0
C0G650 1998080910 33.3 -9997 0.1 0.0
C0G650 1998080911 33.6 -9997 0.3 0.0
C0G650 1998080912 34.1 -9997 0.7 0.0
C0G650 1998080913 34.9 -9997 0.5 0.0
C0G650 1998080914 34.7 -9997 1.0 0.0
C0G650 1998080915 34.9 -9997 0.9 0.0
C0G650 1998080916 33.7 -9997 0.9 0.0
C0G650 1998080917 32.8 -9997 0.4 0.0
C0G650 1998080918 28.2 -9997 1.5 0.0
C0G650 1998080919 28.1 -9997 0.0 0.0
C0G650 1998080920 27.9 -9997 0.0 0.0
C0G650 1998080921 27.2 -9997 0.0 0.0
C0G650 1998080922 26.8 -9997 0.0 0.0
C0G650 1998080923 26.9 -9997 0.0 0.0
C0G650 1998080924 26.4 -9997 0.0 0.0
C0G650 1998081001 26.4 -9997 0.0 0.0
C0G650 1998081002 27.4 -9997 0.0 0.0
C0G650 1998081003 26.6 -9997 0.0 0.0
C0G650 1998081004 26.4 -9997 0.0 0.0
C0G650 1998081005 26.6 -9997 0.0 0.0
C0G650 1998081006 26.5 -9997 0.0 0.0
C0G650 1998081007 28.3 -9997 0.0 0.0
C0G650 1998081008 31.1 -9997 0.1 0.0
C0G650 1998081009 31.8 -9997 0.4 0.0
C0G650 1998081010 32.8 -9997 0.2 0.0
C0G650 1998081011 33.6 -9997 0.0 0.0
C0G650 1998081012 33.5 -9997 0.2 -9996
C0G650 1998081013 34.3 -9997 0.2 -9996
C0G650 1998081014 34.8 -9997 0.6 -9996
C0G650 1998081015 33.1 -9997 1.6 -9996
C0G650 1998081016 27.4 -9997 1.2 2.5
C0G650 1998081017 26.8 -9997 0.4 3.5
C0G650 1998081018 27.3 -9997 0.3 -9996
C0G650 1998081019 26.6 -9997 0.0 -9996
C0G650 1998081020 24.6 -9997 1.7 29.0
C0G650 1998081021 25.2 -9997 0.0 4.0
C0G650 1998081022 25.9 -9997 0.0 0.5
C0G650 1998081023 26.1 -9997 0.0 2.0
C0G650 1998081024 26.0 -9997 0.0 0.0
C0G650 1998081101 25.0 -9997 0.0 0.0
C0G650 1998081102 24.8 -9997 0.0 0.0
C0G650 1998081103 24.7 -9997 0.0 0.0
C0G650 1998081104 24.6 -9997 0.0 0.0
C0G650 1998081105 24.4 -9997 0.0 0.0
C0G650 1998081106 24.2 -9997 0.0 0.0
C0G650 1998081107 26.0 -9997 0.0 0.0
C0G650 1998081108 30.4 -9997 0.0 0.0
C0G650 1998081109 32.0 -9997 1.3 0.0
C0G650 1998081110 33.2 -9997 0.9 0.0
C0G650 1998081111 -9997 -9997 -9997 0.0
C0G650 1998081112 34.6 -9997 -9997 0.0
C0G650 1998081113 33.8 -9997 0.9 0.0
C0G650 1998081114 33.1 -9997 1.0 0.0
C0G650 1998081115 33.8 -9997 1.2 0.0
C0G650 1998081116 33.2 -9997 1.4 0.0
C0G650 1998081117 32.0 -9997 1.6 0.0
C0G650 1998081118 31.3 -9997 0.7 0.0
C0G650 1998081119 30.5 -9997 0.1 -9996
C0G650 1998081120 28.7 -9997 1.5 -9996
C0G650 1998081121 26.8 -9997 0.4 1.5
C0G650 1998081122 26.4 -9997 0.0 -9996
C0G650 1998081123 27.0 -9997 0.0 -9996
C0G650 1998081124 26.3 -9997 0.0 -9996
C0G650 1998081201 26.0 -9997 0.0 -9996
C0G650 1998081202 25.7 -9997 0.0 -9996
C0G650 1998081203 25.3 -9997 0.0 -9996
C0G650 1998081204 25.0 -9997 0.0 0.5
C0G650 1998081205 -9997 -9997 -9997 0.0
C0G650 1998081206 -9997 -9997 -9997 0.0
C0G650 1998081207 26.9 -9997 0.0 0.0
C0G650 1998081208 29.7 -9997 0.0 0.0
C0G650 1998081209 32.5 -9997 0.0 0.0
C0G650 1998081210 32.1 -9997 0.4 0.0
C0G650 1998081211 32.8 -9997 1.1 0.0
C0G650 1998081212 33.4 -9997 0.5 0.0
C0G650 1998081213 33.4 -9997 1.5 0.0
C0G650 1998081214 32.8 -9997 2.2 0.0
C0G650 1998081215 32.5 -9997 1.0 0.0
C0G650 1998081216 32.9 -9997 1.3 0.0
C0G650 1998081217 31.2 -9997 0.5 0.0
C0G650 1998081218 31.0 -9997 0.0 0.0
C0G650 1998081219 29.5 -9997 1.0 0.0
C0G650 1998081220 28.6 -9997 0.0 0.0
C0G650 1998081221 27.9 -9997 0.0 0.0
C0G650 1998081222 27.4 -9997 0.0 0.0
C0G650 1998081223 27.0 -9997 0.0 0.0
C0G650 1998081224 26.8 -9997 0.0 0.0
C0G650 1998081301 26.1 -9997 0.0 0.0
C0G650 1998081302 26.1 -9997 0.0 0.0
C0G650 1998081303 26.5 -9997 0.0 0.0
C0G650 1998081304 26.6 -9997 0.0 0.0
C0G650 1998081305 26.4 -9997 0.0 0.0
C0G650 1998081306 26.2 -9997 0.0 0.0
C0G650 1998081307 28.3 -9997 0.0 0.0
C0G650 1998081308 30.8 -9997 0.8 0.0
C0G650 1998081309 31.9 -9997 1.0 0.0
C0G650 1998081310 32.2 -9997 1.2 0.0
C0G650 1998081311 32.8 -9997 1.3 0.0
C0G650 1998081312 34.2 -9997 1.3 0.0
C0G650 1998081313 34.2 -9997 1.1 -9996
C0G650 1998081314 33.8 -9997 1.0 -9996
C0G650 1998081315 33.4 -9997 1.3 -9996
C0G650 1998081316 31.0 -9997 2.1 -9996
C0G650 1998081317 27.5 -9997 0.0 1.0
C0G650 1998081318 27.7 -9997 0.0 0.0
C0G650 1998081319 27.5 -9997 0.0 0.0
C0G650 1998081320 27.3 -9997 0.2 0.0
C0G650 1998081321 27.2 -9997 1.4 0.0
C0G650 1998081322 27.2 -9997 0.4 0.0
C0G650 1998081323 -9997 -9997 -9997 0.0
C0G650 1998081324 26.7 -9997 0.0 0.0
C0G650 1998081401 26.5 -9997 0.0 0.0
C0G650 1998081402 26.4 -9997 0.0 0.0
C0G650 1998081403 26.3 -9997 0.0 0.0
C0G650 1998081404 26.1 -9997 0.0 0.0
C0G650 1998081405 25.7 -9997 0.0 0.0
C0G650 1998081406 26.1 -9997 0.1 0.0
C0G650 1998081407 28.1 -9997 0.0 0.0
C0G650 1998081408 31.5 -9997 0.0 0.0
C0G650 1998081409 32.7 -9997 1.1 0.0
C0G650 1998081410 34.0 -9997 1.8 0.0
C0G650 1998081411 34.6 -9997 2.3 0.0
C0G650 1998081412 34.8 -9997 1.4 0.0
C0G650 1998081413 34.9 -9997 1.7 0.0
C0G650 1998081414 34.2 -9997 0.8 -9996
C0G650 1998081415 32.9 -9997 1.0 -9996
C0G650 1998081416 31.6 -9997 0.9 -9996
C0G650 1998081417 27.6 -9997 1.9 -9996
C0G650 1998081418 24.2 -9997 0.0 7.0
C0G650 1998081419 25.1 -9997 0.0 1.0
C0G650 1998081420 25.4 -9997 0.0 -9996
C0G650 1998081421 25.9 -9997 0.0 -9996
C0G650 1998081422 26.1 -9997 0.0 -9996
C0G650 1998081423 26.0 -9997 0.0 -9996
C0G650 1998081424 25.6 -9997 0.0 -9996
C0G650 1998081501 25.4 -9997 0.0 0.0
C0G650 1998081502 25.2 -9997 0.0 0.0
C0G650 1998081503 -9997 -9997 -9997 0.0
C0G650 1998081504 24.5 -9997 0.0 0.0
C0G650 1998081505 -9997 -9997 -9997 0.0
C0G650 1998081506 24.3 -9997 0.0 0.0
C0G650 1998081507 25.7 -9997 0.0 0.0
C0G650 1998081508 30.8 -9997 0.5 0.0
C0G650 1998081509 32.3 -9997 1.4 0.0
C0G650 1998081510 32.9 -9997 1.4 0.0
C0G650 1998081511 34.2 -9997 0.9 0.0
C0G650 1998081512 35.0 -9997 0.9 0.0
C0G650 1998081513 34.8 -9997 1.8 0.0
C0G650 1998081514 34.0 -9997 1.8 0.0
C0G650 1998081515 33.5 -9997 1.0 0.0
C0G650 1998081516 33.2 -9997 2.0 0.0
C0G650 1998081517 31.6 -9997 0.6 0.0
C0G650 1998081518 29.6 -9997 0.1 0.0
C0G650 1998081519 29.2 -9997 0.0 0.0
C0G650 1998081520 28.8 -9997 -9997 0.0
C0G650 1998081521 28.2 -9997 0.0 0.0
C0G650 1998081522 -9997 -9997 0.0 0.0
C0G650 1998081523 27.6 -9997 0.0 0.0
C0G650 1998081524 27.3 -9997 0.0 0.0
C0G650 1998081601 27.1 -9997 0.0 0.0
C0G650 1998081602 26.9 -9997 0.0 0.0
C0G650 1998081603 26.5 -9997 0.0 0.0
C0G650 1998081604 26.5 -9997 0.0 0.0
C0G650 1998081605 26.3 -9997 0.0 0.0
C0G650 1998081606 26.9 -9997 0.1 0.0
C0G650 1998081607 28.5 -9997 0.5 0.0
C0G650 1998081608 31.3 -9997 1.8 0.0
C0G650 1998081609 32.2 -9997 0.4 0.0
C0G650 1998081610 33.1 -9997 1.6 -9996
C0G650 1998081611 34.5 -9997 1.5 -9996
C0G650 1998081612 28.3 -9997 0.1 12.5
C0G650 1998081613 27.4 -9997 0.6 13.0
C0G650 1998081614 28.6 -9997 0.1 2.0
C0G650 1998081615 28.3 -9997 0.1 0.0
C0G650 1998081616 30.9 -9997 0.0 0.0
C0G650 1998081617 31.2 -9997 0.0 0.0
C0G650 1998081618 -9997 -9997 -9997 0.0
C0G650 1998081619 -9997 -9997 0.0 0.0
C0G650 1998081620 28.6 -9997 0.0 0.0
C0G650 1998081621 27.9 -9997 0.0 0.0
C0G650 1998081622 27.5 -9997 0.0 0.0
C0G650 1998081623 -9997 -9997 -9997 0.0
C0G650 1998081624 -9997 -9997 -9997 0.0
C0G650 1998081701 27.2 -9997 -9997 0.0
C0G650 1998081702 27.0 -9997 0.0 0.0
C0G650 1998081703 26.9 -9997 0.0 0.0
C0G650 1998081704 -9997 -9997 -9997 0.0
C0G650 1998081705 -9997 -9997 -9997 0.0
C0G650 1998081706 -9997 -9997 -9997 0.0
C0G650 1998081707 -9997 -9997 -9997 0.0
C0G650 1998081708 31.0 -9997 0.0 0.0
C0G650 1998081709 32.1 -9997 0.0 0.0
C0G650 1998081710 34.1 -9997 0.0 -9996
C0G650 1998081711 33.7 -9997 0.0 -9996
C0G650 1998081712 32.3 -9997 -9997 -9996
C0G650 1998081713 33.9 -9997 0.7 -9996
C0G650 1998081714 33.7 -9997 0.8 -9996
C0G650 1998081715 34.1 -9997 0.8 -9996
C0G650 1998081716 33.0 -9997 0.5 -9996
C0G650 1998081717 32.0 -9997 0.6 -9996
C0G650 1998081718 30.6 -9997 0.5 -9996
C0G650 1998081719 29.6 -9997 0.3 -9996
C0G650 1998081720 27.2 -9997 0.1 0.5
C0G650 1998081721 27.1 -9997 0.0 0.0
C0G650 1998081722 26.8 -9997 0.0 0.0
C0G650 1998081723 26.3 -9997 0.5 0.0
C0G650 1998081724 26.6 -9997 0.0 0.0
C0G650 1998081801 25.9 -9997 0.0 0.0
C0G650 1998081802 -9997 -9997 -9997 0.0
C0G650 1998081803 25.6 -9997 0.0 0.0
C0G650 1998081804 25.4 -9997 0.0 0.0
C0G650 1998081805 25.3 -9997 0.0 0.0
C0G650 1998081806 25.4 -9997 0.0 0.0
C0G650 1998081807 27.1 -9997 0.0 0.0
C0G650 1998081808 31.3 -9997 1.0 0.0
C0G650 1998081809 32.7 -9997 1.4 0.0
C0G650 1998081810 33.6 -9997 1.8 0.0
C0G650 1998081811 34.4 -9997 0.5 0.0
C0G650 1998081812 34.9 -9997 0.8 0.0
C0G650 1998081813 35.2 -9997 0.4 0.0
C0G650 1998081814 34.0 -9997 1.2 0.0
C0G650 1998081815 34.1 -9997 0.7 0.0
C0G650 1998081816 32.5 -9997 1.2 -9996
C0G650 1998081817 32.3 -9997 0.5 -9996
C0G650 1998081818 31.0 -9997 1.3 -9996
C0G650 1998081819 29.4 -9997 0.0 0.5
C0G650 1998081820 27.2 -9997 0.3 2.0
C0G650 1998081821 25.5 -9997 0.0 0.0
C0G650 1998081822 26.6 -9997 0.4 0.0
C0G650 1998081823 -9997 -9997 -9997 0.0
C0G650 1998081824 25.9 -9997 0.0 0.0
C0G650 1998081901 26.4 -9997 0.0 0.0
C0G650 1998081902 26.7 -9997 0.0 0.0
C0G650 1998081903 26.8 -9997 0.0 0.0
C0G650 1998081904 26.3 -9997 0.0 0.0
C0G650 1998081905 26.7 -9997 0.0 0.0
C0G650 1998081906 26.1 -9997 0.0 0.0
C0G650 1998081907 27.6 -9997 0.0 0.0
C0G650 1998081908 30.7 -9997 0.0 0.0
C0G650 1998081909 31.5 -9997 0.1 0.0
C0G650 1998081910 32.1 -9997 0.5 0.0
C0G650 1998081911 -9997 -9997 0.4 0.0
C0G650 1998081912 32.8 -9997 1.7 0.0
C0G650 1998081913 -9997 -9997 -9997 0.0
C0G650 1998081914 -9997 -9997 -9997 0.0
C0G650 1998081915 32.7 -9997 0.9 0.0
C0G650 1998081916 31.8 -9997 2.0 0.0
C0G650 1998081917 30.9 -9997 1.8 0.0
C0G650 1998081918 30.3 -9997 0.7 0.0
C0G650 1998081919 29.5 -9997 0.0 0.0
C0G650 1998081920 28.6 -9997 0.0 0.0
C0G650 1998081921 27.8 -9997 0.0 0.0
C0G650 1998081922 27.5 -9997 0.0 0.0
C0G650 1998081923 27.2 -9997 0.0 0.0
C0G650 1998081924 27.0 -9997 0.0 0.0
C0G650 1998082001 26.6 -9997 0.0 0.0
C0G650 1998082002 26.4 -9997 0.0 0.0
C0G650 1998082003 26.3 -9997 0.4 0.0
C0G650 1998082004 26.9 -9997 0.0 0.0
C0G650 1998082005 26.8 -9997 0.0 0.0
C0G650 1998082006 26.9 -9997 0.0 0.0
C0G650 1998082007 27.8 -9997 0.0 0.0
C0G650 1998082008 29.3 -9997 0.0 0.0
C0G650 1998082009 31.8 -9997 0.0 0.0
C0G650 1998082010 32.3 -9997 0.8 0.0
C0G650 1998082011 33.8 -9997 0.3 0.0
C0G650 1998082012 33.1 -9997 0.7 0.0
C0G650 1998082013 34.4 -9997 0.8 0.0
C0G650 1998082014 33.9 -9997 1.0 0.0
C0G650 1998082015 33.2 -9997 0.4 0.0
C0G650 1998082016 33.3 -9997 0.4 0.0
C0G650 1998082017 33.0 -9997 0.1 0.0
C0G650 1998082018 32.2 -9997 0.1 0.0
C0G650 1998082019 30.7 -9997 0.0 0.0
C0G650 1998082020 29.5 -9997 0.0 0.0
C0G650 1998082021 28.7 -9997 0.3 0.0
C0G650 1998082022 28.2 -9997 0.0 0.0
C0G650 1998082023 28.4 -9997 0.0 0.0
C0G650 1998082024 28.8 -9997 1.5 0.0
C0G650 1998082101 28.2 -9997 0.0 0.0
C0G650 1998082102 28.1 -9997 0.0 0.0
C0G650 1998082103 27.7 -9997 0.0 0.0
C0G650 1998082104 27.7 -9997 0.0 0.0
C0G650 1998082105 27.3 -9997 0.0 0.0
C0G650 1998082106 27.4 -9997 0.0 0.0
C0G650 1998082107 29.2 -9997 0.1 0.0
C0G650 1998082108 31.0 -9997 0.1 0.0
C0G650 1998082109 30.3 -9997 0.1 0.0
C0G650 1998082110 34.1 -9997 0.0 0.0
C0G650 1998082111 33.9 -9997 0.9 0.0
C0G650 1998082112 32.2 -9997 0.4 0.0
C0G650 1998082113 32.5 -9997 0.4 0.0
C0G650 1998082114 32.6 -9997 0.9 0.0
C0G650 1998082115 32.4 -9997 0.3 0.0
C0G650 1998082116 32.1 -9997 0.7 0.0
C0G650 1998082117 31.5 -9997 0.3 0.0
C0G650 1998082118 31.4 -9997 0.0 0.0
C0G650 1998082119 30.1 -9997 0.0 -9996
C0G650 1998082120 28.8 -9997 0.0 -9996
C0G650 1998082121 28.2 -9997 0.0 -9996
C0G650 1998082122 27.9 -9997 0.0 -9996
C0G650 1998082123 27.7 -9997 0.0 -9996
C0G650 1998082124 27.4 -9997 1.3 -9996
C0G650 1998082201 27.5 -9997 0.5 0.0
C0G650 1998082202 27.7 -9997 0.1 0.0
C0G650 1998082203 27.4 -9997 0.0 0.0
C0G650 1998082204 26.8 -9997 0.3 0.0
C0G650 1998082205 26.9 -9997 0.6 0.0
C0G650 1998082206 26.9 -9997 0.1 0.0
C0G650 1998082207 27.7 -9997 0.0 0.0
C0G650 1998082208 30.2 -9997 1.1 0.0
C0G650 1998082209 32.4 -9997 0.8 0.0
C0G650 1998082210 33.8 -9997 0.1 0.0
C0G650 1998082211 34.4 -9997 0.2 0.0
C0G650 1998082212 34.2 -9997 0.0 0.0
C0G650 1998082213 34.0 -9997 0.7 0.0
C0G650 1998082214 34.8 -9997 1.4 0.0
C0G650 1998082215 33.4 -9997 1.3 0.0
C0G650 1998082216 33.0 -9997 0.8 0.0
C0G650 1998082217 32.5 -9997 0.1 0.0
C0G650 1998082218 31.7 -9997 0.1 0.0
C0G650 1998082219 30.6 -9997 0.0 0.0
C0G650 1998082220 29.2 -9997 1.2 0.0
C0G650 1998082221 28.8 -9997 0.1 0.0
C0G650 1998082222 28.4 -9997 0.3 0.0
C0G650 1998082223 28.2 -9997 0.7 0.0
C0G650 1998082224 27.8 -9997 0.0 0.0
C0G650 1998082301 27.6 -9997 0.0 0.0
C0G650 1998082302 27.2 -9997 0.0 0.0
C0G650 1998082303 26.7 -9997 0.0 0.0
C0G650 1998082304 26.0 -9997 0.0 0.0
C0G650 1998082305 25.8 -9997 0.0 0.0
C0G650 1998082306 -9997 -9997 -9997 0.0
C0G650 1998082307 27.8 -9997 0.0 0.0
C0G650 1998082308 31.2 -9997 0.0 0.0
C0G650 1998082309 33.5 -9997 0.1 0.0
C0G650 1998082310 33.3 -9997 0.7 0.0
C0G650 1998082311 32.3 -9997 0.1 0.0
C0G650 1998082312 32.3 -9997 0.4 0.0
C0G650 1998082313 33.3 -9997 0.2 0.0
C0G650 1998082314 33.7 -9997 1.8 0.0
C0G650 1998082315 33.0 -9997 1.2 0.0
C0G650 1998082316 32.0 -9997 0.1 0.0
C0G650 1998082317 31.2 -9997 0.2 0.0
C0G650 1998082318 30.7 -9997 0.2 0.0
C0G650 1998082319 29.5 -9997 0.0 0.0
C0G650 1998082320 28.3 -9997 0.0 0.0
C0G650 1998082321 28.0 -9997 0.0 0.0
C0G650 1998082322 27.4 -9997 0.7 0.0
C0G650 1998082323 27.2 -9997 0.0 0.0
C0G650 1998082324 26.9 -9997 0.0 0.0
C0G650 1998082401 26.7 -9997 0.0 0.0
C0G650 1998082402 26.7 -9997 -9997 0.0
C0G650 1998082403 26.2 -9997 0.0 0.0
C0G650 1998082404 25.9 -9997 0.0 0.0
C0G650 1998082405 25.7 -9997 0.0 0.0
C0G650 1998082406 25.6 -9997 0.0 0.0
C0G650 1998082407 27.2 -9997 0.0 0.0
C0G650 1998082408 30.4 -9997 0.0 0.0
C0G650 1998082409 32.1 -9997 0.5 0.0
C0G650 1998082410 32.3 -9997 0.3 0.0
C0G650 1998082411 34.2 -9997 0.0 0.0
C0G650 1998082412 33.9 -9997 0.1 0.0
C0G650 1998082413 32.6 -9997 1.5 0.0
C0G650 1998082414 32.4 -9997 0.1 0.0
C0G650 1998082415 34.3 -9997 1.0 0.0
C0G650 1998082416 33.7 -9997 1.0 0.0
C0G650 1998082417 33.0 -9997 0.9 0.0
C0G650 1998082418 32.0 -9997 0.2 0.0
C0G650 1998082419 30.2 -9997 0.0 0.0
C0G650 1998082420 29.5 -9997 0.0 0.0
C0G650 1998082421 29.0 -9997 0.1 0.0
C0G650 1998082422 28.1 -9997 0.0 0.0
C0G650 1998082423 27.4 -9997 0.0 0.0
C0G650 1998082424 26.9 -9997 0.0 0.0
C0G650 1998082501 26.9 -9997 0.0 0.0
C0G650 1998082502 27.3 -9997 0.0 0.0
C0G650 1998082503 26.7 -9997 0.0 0.0
C0G650 1998082504 26.5 -9997 0.0 0.0
C0G650 1998082505 26.6 -9997 0.0 0.0
C0G650 1998082506 26.4 -9997 0.0 0.0
C0G650 1998082507 27.7 -9997 0.0 0.0
C0G650 1998082508 29.7 -9997 0.0 0.0
C0G650 1998082509 31.7 -9997 0.0 0.0
C0G650 1998082510 33.0 -9997 0.8 0.0
C0G650 1998082511 33.7 -9997 0.0 0.0
C0G650 1998082512 34.3 -9997 1.0 0.0
C0G650 1998082513 32.9 -9997 0.8 0.0
C0G650 1998082514 33.7 -9997 0.8 0.0
C0G650 1998082515 33.9 -9997 1.3 0.0
C0G650 1998082516 32.7 -9997 1.0 0.0
C0G650 1998082517 30.8 -9997 0.6 0.0
C0G650 1998082518 30.4 -9997 0.1 0.0
C0G650 1998082519 28.8 -9997 0.2 -9996
C0G650 1998082520 28.0 -9997 0.1 -9996
C0G650 1998082521 27.7 -9997 0.2 -9996
C0G650 1998082522 27.0 -9997 0.0 -9996
C0G650 1998082523 26.5 -9997 0.0 -9996
C0G650 1998082524 26.3 -9997 0.0 -9996
C0G650 1998082601 26.4 -9997 0.0 0.0
C0G650 1998082602 26.3 -9997 0.0 0.0
C0G650 1998082603 26.1 -9997 0.0 0.0
C0G650 1998082604 26.0 -9997 0.0 0.0
C0G650 1998082605 25.6 -9997 0.6 0.0
C0G650 1998082606 25.4 -9997 0.0 0.0
C0G650 1998082607 27.3 -9997 1.0 0.0
C0G650 1998082608 31.0 -9997 0.3 0.0
C0G650 1998082609 32.2 -9997 1.2 0.0
C0G650 1998082610 32.7 -9997 1.8 0.0
C0G650 1998082611 30.9 -9997 1.3 0.0
C0G650 1998082612 31.8 -9997 0.2 0.0
C0G650 1998082613 33.3 -9997 0.9 0.0
C0G650 1998082614 34.3 -9997 1.1 0.0
C0G650 1998082615 34.7 -9997 1.2 0.0
C0G650 1998082616 34.5 -9997 1.6 0.0
C0G650 1998082617 33.4 -9997 1.2 0.0
C0G650 1998082618 31.7 -9997 0.8 0.0
C0G650 1998082619 30.4 -9997 0.0 0.0
C0G650 1998082620 29.2 -9997 0.0 0.0
C0G650 1998082621 28.3 -9997 0.0 0.0
C0G650 1998082622 27.8 -9997 0.0 0.0
C0G650 1998082623 27.5 -9997 0.0 0.0
C0G650 1998082624 27.4 -9997 0.0 0.0
C0G650 1998082701 26.8 -9997 0.0 0.0
C0G650 1998082702 27.4 -9997 0.1 0.0
C0G650 1998082703 27.4 -9997 0.0 0.0
C0G650 1998082704 27.0 -9997 0.7 0.0
C0G650 1998082705 26.5 -9997 0.2 0.0
C0G650 1998082706 26.2 -9997 0.0 0.0
C0G650 1998082707 28.1 -9997 0.0 0.0
C0G650 1998082708 30.7 -9997 1.2 0.0
C0G650 1998082709 32.0 -9997 1.9 0.0
C0G650 1998082710 33.5 -9997 2.2 0.0
C0G650 1998082711 33.1 -9997 1.6 0.0
C0G650 1998082712 33.1 -9997 0.7 0.0
C0G650 1998082713 34.2 -9997 1.9 0.0
C0G650 1998082714 33.7 -9997 1.5 0.0
C0G650 1998082715 34.0 -9997 1.9 0.0
C0G650 1998082716 33.3 -9997 2.6 0.0
C0G650 1998082717 32.6 -9997 1.7 0.0
C0G650 1998082718 31.2 -9997 1.4 0.0
C0G650 1998082719 30.2 -9997 0.7 0.0
C0G650 1998082720 29.4 -9997 0.5 0.0
C0G650 1998082721 28.6 -9997 0.0 0.0
C0G650 1998082722 28.3 -9997 0.0 0.0
C0G650 1998082723 28.0 -9997 0.0 0.0
C0G650 1998082724 27.8 -9997 1.5 0.0
C0G650 1998082801 27.3 -9997 0.0 0.0
C0G650 1998082802 27.1 -9997 0.0 0.0
C0G650 1998082803 26.8 -9997 0.1 0.0
C0G650 1998082804 27.0 -9997 0.7 0.0
C0G650 1998082805 26.7 -9997 0.0 0.0
C0G650 1998082806 26.7 -9997 0.0 0.0
C0G650 1998082807 28.6 -9997 1.1 0.0
C0G650 1998082808 30.1 -9997 0.0 0.0
C0G650 1998082809 32.2 -9997 0.0 0.0
C0G650 1998082810 32.6 -9997 1.7 0.0
C0G650 1998082811 33.2 -9997 0.9 0.0
C0G650 1998082812 34.8 -9997 1.4 0.0
C0G650 1998082813 34.8 -9997 1.3 0.0
C0G650 1998082814 33.1 -9997 1.6 0.0
C0G650 1998082815 33.5 -9997 3.0 0.0
C0G650 1998082816 29.1 -9997 4.4 0.0
C0G650 1998082817 28.1 -9997 0.0 8.0
C0G650 1998082818 28.3 -9997 0.0 0.0
C0G650 1998082819 27.9 -9997 0.0 0.0
C0G650 1998082820 27.3 -9997 0.0 0.0
C0G650 1998082821 27.2 -9997 0.0 0.0
C0G650 1998082822 27.3 -9997 0.0 0.0
C0G650 1998082823 27.8 -9997 0.0 0.0
C0G650 1998082824 27.5 -9997 0.0 0.0
C0G650 1998082901 27.3 -9997 0.0 0.0
C0G650 1998082902 26.7 -9997 0.0 0.0
C0G650 1998082903 26.8 -9997 0.0 0.0
C0G650 1998082904 26.5 -9997 0.0 0.0
C0G650 1998082905 26.0 -9997 0.0 0.0
C0G650 1998082906 25.9 -9997 0.0 0.0
C0G650 1998082907 27.3 -9997 0.0 0.0
C0G650 1998082908 29.9 -9997 1.6 0.0
C0G650 1998082909 31.6 -9997 0.9 0.0
C0G650 1998082910 32.7 -9997 2.1 0.0
C0G650 1998082911 32.2 -9997 2.2 0.0
C0G650 1998082912 32.1 -9997 1.7 0.0
C0G650 1998082913 31.6 -9997 0.3 -9996
C0G650 1998082914 28.7 -9997 2.0 -9996
C0G650 1998082915 29.0 -9997 1.5 -9996
C0G650 1998082916 -9997 -9997 -9997 4.0
C0G650 1998082917 25.6 -9997 1.4 5.5
C0G650 1998082918 26.1 -9997 0.0 0.0
C0G650 1998082919 26.6 -9997 0.0 0.0
C0G650 1998082920 26.5 -9997 0.0 0.0
C0G650 1998082921 26.2 -9997 0.0 0.0
C0G650 1998082922 26.1 -9997 0.0 0.0
C0G650 1998082923 26.0 -9997 0.0 0.0
C0G650 1998082924 25.9 -9997 0.0 0.0
C0G650 1998083001 25.6 -9997 0.0 0.0
C0G650 1998083002 25.4 -9997 0.0 0.0
C0G650 1998083003 25.3 -9997 0.0 0.0
C0G650 1998083004 25.3 -9997 0.0 0.0
C0G650 1998083005 25.4 -9997 0.0 0.0
C0G650 1998083006 25.4 -9997 0.0 0.0
C0G650 1998083007 26.6 -9997 0.0 0.0
C0G650 1998083008 30.2 -9997 0.0 0.0
C0G650 1998083009 30.7 -9997 0.7 0.0
C0G650 1998083010 31.0 -9997 0.5 0.0
C0G650 1998083011 31.8 -9997 0.4 0.0
C0G650 1998083012 32.2 -9997 0.8 0.0
C0G650 1998083013 31.8 -9997 1.8 0.0
C0G650 1998083014 28.0 -9997 -9997 -9996
C0G650 1998083015 26.6 -9997 0.5 12.5
C0G650 1998083016 27.3 -9997 0.0 -9996
C0G650 1998083017 27.8 -9997 0.0 -9996
C0G650 1998083018 27.2 -9997 0.5 -9996
C0G650 1998083019 26.4 -9997 0.0 5.5
C0G650 1998083020 26.6 -9997 0.0 -9996
C0G650 1998083021 26.5 -9997 0.0 -9996
C0G650 1998083022 26.4 -9997 0.0 -9996
C0G650 1998083023 26.3 -9997 0.0 -9996
C0G650 1998083024 26.0 -9997 0.1 -9996
C0G650 1998083101 26.0 -9997 0.1 0.0
C0G650 1998083102 25.8 -9997 0.0 0.0
C0G650 1998083103 25.6 -9997 0.0 0.0
C0G650 1998083104 25.4 -9997 0.0 0.0
C0G650 1998083105 25.5 -9997 0.0 0.0
C0G650 1998083106 25.6 -9997 0.0 0.0
C0G650 1998083107 26.1 -9997 0.0 0.0
C0G650 1998083108 26.5 -9997 0.0 0.0
C0G650 1998083109 27.3 -9997 0.1 0.0
C0G650 1998083110 28.6 -9997 -9997 0.0
C0G650 1998083111 28.6 -9997 0.1 0.0
C0G650 1998083112 29.2 -9997 0.2 0.0
C0G650 1998083113 28.9 -9997 0.8 0.0
C0G650 1998083114 29.4 -9997 0.3 0.0
C0G650 1998083115 29.7 -9997 0.3 0.0
C0G650 1998083116 29.1 -9997 1.5 0.0
C0G650 1998083117 28.5 -9997 0.9 0.0
C0G650 1998083118 28.0 -9997 0.1 0.0
C0G650 1998083119 27.5 -9997 0.5 0.0
C0G650 1998083120 27.2 -9997 0.9 0.0
C0G650 1998083121 -9997 -9997 -9997 1.0
C0G650 1998083122 26.1 -9997 0.1 0.0
C0G650 1998083123 25.9 -9997 0.0 0.0
C0G650 1998083124 26.1 -9997 0.0 0.0
C0G660 1998080101 -9999 -9999 -9999 0.0
C0G660 1998080102 -9999 -9999 -9999 0.0
C0G660 1998080103 -9999 -9999 -9999 0.0
C0G660 1998080104 -9999 -9999 -9999 0.0
C0G660 1998080105 -9999 -9999 -9999 0.0
C0G660 1998080106 -9999 -9999 -9999 0.0
C0G660 1998080107 -9999 -9999 -9999 0.0
C0G660 1998080108 -9999 -9999 -9999 0.0
C0G660 1998080109 -9999 -9999 -9999 0.0
C0G660 1998080110 -9999 -9999 -9999 0.0
C0G660 1998080111 -9999 -9999 -9999 0.0
C0G660 1998080112 -9999 -9999 -9999 0.0
C0G660 1998080113 -9999 -9999 -9999 0.0
C0G660 1998080114 -9999 -9999 -9999 0.0
C0G660 1998080115 -9999 -9999 -9999 0.0
C0G660 1998080116 -9999 -9999 -9999 0.0
C0G660 1998080117 -9999 -9999 -9999 0.0
C0G660 1998080118 -9999 -9999 -9999 0.0
C0G660 1998080119 -9999 -9999 -9999 0.0
C0G660 1998080120 -9999 -9999 -9999 0.0
C0G660 1998080121 -9999 -9999 -9999 0.0
C0G660 1998080122 -9999 -9999 -9999 0.0
C0G660 1998080123 -9999 -9999 -9999 0.0
C0G660 1998080124 -9999 -9999 -9999 0.0
C0G660 1998080201 -9999 -9999 -9999 0.0
C0G660 1998080202 -9999 -9999 -9999 0.0
C0G660 1998080203 -9999 -9999 -9999 0.0
C0G660 1998080204 -9999 -9999 -9999 0.0
C0G660 1998080205 -9999 -9999 -9999 0.0
C0G660 1998080206 -9999 -9999 -9999 0.0
C0G660 1998080207 -9999 -9999 -9999 0.0
C0G660 1998080208 -9999 -9999 -9999 0.0
C0G660 1998080209 -9999 -9999 -9999 0.0
C0G660 1998080210 -9999 -9999 -9999 0.0
C0G660 1998080211 -9999 -9999 -9999 0.0
C0G660 1998080212 -9999 -9999 -9999 0.0
C0G660 1998080213 -9999 -9999 -9999 0.0
C0G660 1998080214 -9999 -9999 -9999 0.0
C0G660 1998080215 -9999 -9999 -9999 0.0
C0G660 1998080216 -9999 -9999 -9999 0.0
C0G660 1998080217 -9999 -9999 -9999 0.0
C0G660 1998080218 -9999 -9999 -9999 0.0
C0G660 1998080219 -9999 -9999 -9999 0.0
C0G660 1998080220 -9999 -9999 -9999 0.0
C0G660 1998080221 -9999 -9999 -9999 0.0
C0G660 1998080222 -9999 -9999 -9999 0.0
C0G660 1998080223 -9999 -9999 -9999 0.0
C0G660 1998080224 -9999 -9999 -9999 0.0
C0G660 1998080301 -9999 -9999 -9999 0.0
C0G660 1998080302 -9999 -9999 -9999 0.0
C0G660 1998080303 -9999 -9999 -9999 0.0
C0G660 1998080304 -9999 -9999 -9999 0.0
C0G660 1998080305 -9999 -9999 -9999 0.0
C0G660 1998080306 -9999 -9999 -9999 0.0
C0G660 1998080307 -9999 -9999 -9999 0.0
C0G660 1998080308 -9999 -9999 -9999 0.0
C0G660 1998080309 -9999 -9999 -9999 0.0
C0G660 1998080310 -9999 -9999 -9999 0.0
C0G660 1998080311 -9999 -9999 -9999 0.0
C0G660 1998080312 -9999 -9999 -9999 0.0
C0G660 1998080313 -9999 -9999 -9999 0.0
C0G660 1998080314 -9999 -9999 -9999 0.0
C0G660 1998080315 -9999 -9999 -9999 0.0
C0G660 1998080316 -9999 -9999 -9999 0.0
C0G660 1998080317 -9999 -9999 -9999 0.0
C0G660 1998080318 -9999 -9999 -9999 0.0
C0G660 1998080319 -9999 -9999 -9999 0.0
C0G660 1998080320 -9999 -9999 -9999 0.0
C0G660 1998080321 -9999 -9999 -9999 0.0
C0G660 1998080322 -9999 -9999 -9999 0.0
C0G660 1998080323 -9999 -9999 -9999 0.0
C0G660 1998080324 -9999 -9999 -9999 0.0
C0G660 1998080401 -9999 -9999 -9999 0.0
C0G660 1998080402 -9999 -9999 -9999 0.0
C0G660 1998080403 -9999 -9999 -9999 0.0
C0G660 1998080404 -9999 -9999 -9999 0.0
C0G660 1998080405 -9999 -9999 -9999 -9996
C0G660 1998080406 -9999 -9999 -9999 0.5
C0G660 1998080407 -9999 -9999 -9999 -9996
C0G660 1998080408 -9999 -9999 -9999 -9996
C0G660 1998080409 -9999 -9999 -9999 -9996
C0G660 1998080410 -9999 -9999 -9999 0.5
C0G660 1998080411 -9999 -9999 -9999 0.5
C0G660 1998080412 -9999 -9999 -9999 -9996
C0G660 1998080413 -9999 -9999 -9999 -9996
C0G660 1998080414 -9999 -9999 -9999 0.5
C0G660 1998080415 -9999 -9999 -9999 2.0
C0G660 1998080416 -9999 -9999 -9999 7.5
C0G660 1998080417 -9999 -9999 -9999 4.0
C0G660 1998080418 -9999 -9999 -9999 3.5
C0G660 1998080419 -9999 -9999 -9999 1.5
C0G660 1998080420 -9999 -9999 -9999 1.0
C0G660 1998080421 -9999 -9999 -9999 11.5
C0G660 1998080422 -9999 -9999 -9999 50.5
C0G660 1998080423 -9999 -9999 -9999 2.0
C0G660 1998080424 -9999 -9999 -9999 -9996
C0G660 1998080501 -9999 -9999 -9999 7.5
C0G660 1998080502 -9999 -9999 -9999 7.5
C0G660 1998080503 -9999 -9999 -9999 6.0
C0G660 1998080504 -9999 -9999 -9999 5.0
C0G660 1998080505 -9999 -9999 -9999 3.5
C0G660 1998080506 -9999 -9999 -9999 1.5
C0G660 1998080507 -9999 -9999 -9999 -9996
C0G660 1998080508 -9999 -9999 -9999 -9996
C0G660 1998080509 -9999 -9999 -9999 0.5
C0G660 1998080510 -9999 -9999 -9999 0.0
C0G660 1998080511 -9999 -9999 -9999 0.0
C0G660 1998080512 -9999 -9999 -9999 0.0
C0G660 1998080513 -9999 -9999 -9999 0.0
C0G660 1998080514 -9999 -9999 -9999 0.0
C0G660 1998080515 -9999 -9999 -9999 0.0
C0G660 1998080516 -9999 -9999 -9999 0.0
C0G660 1998080517 -9999 -9999 -9999 0.0
C0G660 1998080518 -9999 -9999 -9999 0.0
C0G660 1998080519 -9999 -9999 -9999 0.0
C0G660 1998080520 -9999 -9999 -9999 0.0
C0G660 1998080521 -9999 -9999 -9999 0.0
C0G660 1998080522 -9999 -9999 -9999 0.0
C0G660 1998080523 -9999 -9999 -9999 0.0
C0G660 1998080524 -9999 -9999 -9999 0.0
C0G660 1998080601 -9999 -9999 -9999 0.0
C0G660 1998080602 -9999 -9999 -9999 0.0
C0G660 1998080603 -9999 -9999 -9999 0.0
C0G660 1998080604 -9999 -9999 -9999 0.0
C0G660 1998080605 -9999 -9999 -9999 0.0
C0G660 1998080606 -9999 -9999 -9999 0.0
C0G660 1998080607 -9999 -9999 -9999 0.0
C0G660 1998080608 -9999 -9999 -9999 0.0
C0G660 1998080609 -9999 -9999 -9999 0.0
C0G660 1998080610 -9999 -9999 -9999 0.0
C0G660 1998080611 -9999 -9999 -9999 0.0
C0G660 1998080612 -9999 -9999 -9999 0.0
C0G660 1998080613 -9999 -9999 -9999 0.0
C0G660 1998080614 -9999 -9999 -9999 0.0
C0G660 1998080615 -9999 -9999 -9999 0.0
C0G660 1998080616 -9999 -9999 -9999 0.0
C0G660 1998080617 -9999 -9999 -9999 1.0
C0G660 1998080618 -9999 -9999 -9999 0.5
C0G660 1998080619 -9999 -9999 -9999 0.0
C0G660 1998080620 -9999 -9999 -9999 0.0
C0G660 1998080621 -9999 -9999 -9999 0.0
C0G660 1998080622 -9999 -9999 -9999 0.0
C0G660 1998080623 -9999 -9999 -9999 0.0
C0G660 1998080624 -9999 -9999 -9999 0.0
C0G660 1998080701 -9999 -9999 -9999 0.0
C0G660 1998080702 -9999 -9999 -9999 0.0
C0G660 1998080703 -9999 -9999 -9999 0.0
C0G660 1998080704 -9999 -9999 -9999 0.0
C0G660 1998080705 -9999 -9999 -9999 0.0
C0G660 1998080706 -9999 -9999 -9999 0.0
C0G660 1998080707 -9999 -9999 -9999 0.0
C0G660 1998080708 -9999 -9999 -9999 0.0
C0G660 1998080709 -9999 -9999 -9999 0.0
C0G660 1998080710 -9999 -9999 -9999 0.0
C0G660 1998080711 -9999 -9999 -9999 0.0
C0G660 1998080712 -9999 -9999 -9999 0.0
C0G660 1998080713 -9999 -9999 -9999 0.0
C0G660 1998080714 -9999 -9999 -9999 0.0
C0G660 1998080715 -9999 -9999 -9999 0.0
C0G660 1998080716 -9999 -9999 -9999 0.0
C0G660 1998080717 -9999 -9999 -9999 0.0
C0G660 1998080718 -9999 -9999 -9999 0.0
C0G660 1998080719 -9999 -9999 -9999 0.0
C0G660 1998080720 -9999 -9999 -9999 -9996
C0G660 1998080721 -9999 -9999 -9999 -9996
C0G660 1998080722 -9999 -9999 -9999 -9996
C0G660 1998080723 -9999 -9999 -9999 -9996
C0G660 1998080724 -9999 -9999 -9999 -9996
C0G660 1998080801 -9999 -9999 -9999 0.0
C0G660 1998080802 -9999 -9999 -9999 0.0
C0G660 1998080803 -9999 -9999 -9999 0.0
C0G660 1998080804 -9999 -9999 -9999 0.0
C0G660 1998080805 -9999 -9999 -9999 0.0
C0G660 1998080806 -9999 -9999 -9999 0.0
C0G660 1998080807 -9999 -9999 -9999 0.0
C0G660 1998080808 -9999 -9999 -9999 0.0
C0G660 1998080809 -9999 -9999 -9999 0.0
C0G660 1998080810 -9999 -9999 -9999 0.0
C0G660 1998080811 -9999 -9999 -9999 0.0
C0G660 1998080812 -9999 -9999 -9999 0.0
C0G660 1998080813 -9999 -9999 -9999 0.0
C0G660 1998080814 -9999 -9999 -9999 0.0
C0G660 1998080815 -9999 -9999 -9999 0.0
C0G660 1998080816 -9999 -9999 -9999 0.0
C0G660 1998080817 -9999 -9999 -9999 0.0
C0G660 1998080818 -9999 -9999 -9999 0.0
C0G660 1998080819 -9999 -9999 -9999 0.0
C0G660 1998080820 -9999 -9999 -9999 0.0
C0G660 1998080821 -9999 -9999 -9999 0.0
C0G660 1998080822 -9999 -9999 -9999 0.0
C0G660 1998080823 -9999 -9999 -9999 0.0
C0G660 1998080824 -9999 -9999 -9999 0.0
C0G660 1998080901 -9999 -9999 -9999 0.0
C0G660 1998080902 -9999 -9999 -9999 0.0
C0G660 1998080903 -9999 -9999 -9999 0.0
C0G660 1998080904 -9999 -9999 -9999 0.0
C0G660 1998080905 -9999 -9999 -9999 0.0
C0G660 1998080906 -9999 -9999 -9999 0.0
C0G660 1998080907 -9999 -9999 -9999 0.0
C0G660 1998080908 -9999 -9999 -9999 0.0
C0G660 1998080909 -9999 -9999 -9999 0.0
C0G660 1998080910 -9999 -9999 -9999 0.0
C0G660 1998080911 -9999 -9999 -9999 0.0
C0G660 1998080912 -9999 -9999 -9999 0.0
C0G660 1998080913 -9999 -9999 -9999 0.0
C0G660 1998080914 -9999 -9999 -9999 0.0
C0G660 1998080915 -9999 -9999 -9999 0.0
C0G660 1998080916 -9999 -9999 -9999 0.0
C0G660 1998080917 -9999 -9999 -9999 0.0
C0G660 1998080918 -9999 -9999 -9999 0.0
C0G660 1998080919 -9999 -9999 -9999 0.0
C0G660 1998080920 -9999 -9999 -9999 0.0
C0G660 1998080921 -9999 -9999 -9999 0.0
C0G660 1998080922 -9999 -9999 -9999 0.0
C0G660 1998080923 -9999 -9999 -9999 0.0
C0G660 1998080924 -9999 -9999 -9999 0.0
C0G660 1998081001 -9999 -9999 -9999 0.0
C0G660 1998081002 -9999 -9999 -9999 0.0
C0G660 1998081003 -9999 -9999 -9999 0.0
C0G660 1998081004 -9999 -9999 -9999 0.0
C0G660 1998081005 -9999 -9999 -9999 0.0
C0G660 1998081006 -9999 -9999 -9999 0.0
C0G660 1998081007 -9999 -9999 -9999 0.0
C0G660 1998081008 -9999 -9999 -9999 0.0
C0G660 1998081009 -9999 -9999 -9999 0.0
C0G660 1998081010 -9999 -9999 -9999 0.0
C0G660 1998081011 -9999 -9999 -9999 0.0
C0G660 1998081012 -9999 -9999 -9999 0.0
C0G660 1998081013 -9999 -9999 -9999 0.0
C0G660 1998081014 -9999 -9999 -9999 0.0
C0G660 1998081015 -9999 -9999 -9999 0.0
C0G660 1998081016 -9999 -9999 -9999 0.0
C0G660 1998081017 -9999 -9999 -9999 -9996
C0G660 1998081018 -9999 -9999 -9999 -9996
C0G660 1998081019 -9999 -9999 -9999 -9996
C0G660 1998081020 -9999 -9999 -9999 -9996
C0G660 1998081021 -9999 -9999 -9999 -9996
C0G660 1998081022 -9999 -9999 -9999 1.0
C0G660 1998081023 -9999 -9999 -9999 0.0
C0G660 1998081024 -9999 -9999 -9999 0.0
C0G660 1998081101 -9999 -9999 -9999 0.0
C0G660 1998081102 -9999 -9999 -9999 0.0
C0G660 1998081103 -9999 -9999 -9999 0.0
C0G660 1998081104 -9999 -9999 -9999 0.0
C0G660 1998081105 -9999 -9999 -9999 0.0
C0G660 1998081106 -9999 -9999 -9999 0.0
C0G660 1998081107 -9999 -9999 -9999 0.0
C0G660 1998081108 -9999 -9999 -9999 0.0
C0G660 1998081109 -9999 -9999 -9999 0.0
C0G660 1998081110 -9999 -9999 -9999 0.0
C0G660 1998081111 -9999 -9999 -9999 0.0
C0G660 1998081112 -9999 -9999 -9999 0.0
C0G660 1998081113 -9999 -9999 -9999 0.0
C0G660 1998081114 -9999 -9999 -9999 0.0
C0G660 1998081115 -9999 -9999 -9999 0.0
C0G660 1998081116 -9999 -9999 -9999 0.0
C0G660 1998081117 -9999 -9999 -9999 0.0
C0G660 1998081118 -9999 -9999 -9999 0.0
C0G660 1998081119 -9999 -9999 -9999 0.0
C0G660 1998081120 -9999 -9999 -9999 0.0
C0G660 1998081121 -9999 -9999 -9999 0.0
C0G660 1998081122 -9999 -9999 -9999 0.0
C0G660 1998081123 -9999 -9999 -9999 0.0
C0G660 1998081124 -9999 -9999 -9999 0.0
C0G660 1998081201 -9999 -9999 -9999 0.0
C0G660 1998081202 -9999 -9999 -9999 0.0
C0G660 1998081203 -9999 -9999 -9999 0.0
C0G660 1998081204 -9999 -9999 -9999 0.0
C0G660 1998081205 -9999 -9999 -9999 0.0
C0G660 1998081206 -9999 -9999 -9999 0.0
C0G660 1998081207 -9999 -9999 -9999 0.0
C0G660 1998081208 -9999 -9999 -9999 0.0
C0G660 1998081209 -9999 -9999 -9999 0.0
C0G660 1998081210 -9999 -9999 -9999 0.0
C0G660 1998081211 -9999 -9999 -9999 0.0
C0G660 1998081212 -9999 -9999 -9999 0.0
C0G660 1998081213 -9999 -9999 -9999 0.0
C0G660 1998081214 -9999 -9999 -9999 0.0
C0G660 1998081215 -9999 -9999 -9999 0.0
C0G660 1998081216 -9999 -9999 -9999 0.0
C0G660 1998081217 -9999 -9999 -9999 0.0
C0G660 1998081218 -9999 -9999 -9999 0.0
C0G660 1998081219 -9999 -9999 -9999 0.0
C0G660 1998081220 -9999 -9999 -9999 0.0
C0G660 1998081221 -9999 -9999 -9999 0.0
C0G660 1998081222 -9999 -9999 -9999 0.0
C0G660 1998081223 -9999 -9999 -9999 0.0
C0G660 1998081224 -9999 -9999 -9999 0.0
C0G660 1998081301 -9999 -9999 -9999 0.0
C0G660 1998081302 -9999 -9999 -9999 0.0
C0G660 1998081303 -9999 -9999 -9999 0.0
C0G660 1998081304 -9999 -9999 -9999 0.0
C0G660 1998081305 -9999 -9999 -9999 0.0
C0G660 1998081306 -9999 -9999 -9999 0.0
C0G660 1998081307 -9999 -9999 -9999 0.0
C0G660 1998081308 -9999 -9999 -9999 0.0
C0G660 1998081309 -9999 -9999 -9999 0.0
C0G660 1998081310 -9999 -9999 -9999 0.0
C0G660 1998081311 -9999 -9999 -9999 0.0
C0G660 1998081312 -9999 -9999 -9999 0.0
C0G660 1998081313 -9999 -9999 -9999 0.0
C0G660 1998081314 -9999 -9999 -9999 0.0
C0G660 1998081315 -9999 -9999 -9999 0.0
C0G660 1998081316 -9999 -9999 -9999 0.0
C0G660 1998081317 -9999 -9999 -9999 0.0
C0G660 1998081318 -9999 -9999 -9999 0.0
C0G660 1998081319 -9999 -9999 -9999 -9996
C0G660 1998081320 -9999 -9999 -9999 -9996
C0G660 1998081321 -9999 -9999 -9999 -9996
C0G660 1998081322 -9999 -9999 -9999 -9996
C0G660 1998081323 -9999 -9999 -9999 -9996
C0G660 1998081324 -9999 -9999 -9999 -9996
C0G660 1998081401 -9999 -9999 -9999 0.0
C0G660 1998081402 -9999 -9999 -9999 0.0
C0G660 1998081403 -9999 -9999 -9999 0.0
C0G660 1998081404 -9999 -9999 -9999 0.0
C0G660 1998081405 -9999 -9999 -9999 0.0
C0G660 1998081406 -9999 -9999 -9999 0.0
C0G660 1998081407 -9999 -9999 -9999 0.0
C0G660 1998081408 -9999 -9999 -9999 0.0
C0G660 1998081409 -9999 -9999 -9999 0.0
C0G660 1998081410 -9999 -9999 -9999 0.0
C0G660 1998081411 -9999 -9999 -9999 0.0
C0G660 1998081412 -9999 -9999 -9999 0.0
C0G660 1998081413 -9999 -9999 -9999 0.0
C0G660 1998081414 -9999 -9999 -9999 0.0
C0G660 1998081415 -9999 -9999 -9999 0.0
C0G660 1998081416 -9999 -9999 -9999 0.0
C0G660 1998081417 -9999 -9999 -9999 0.0
C0G660 1998081418 -9999 -9999 -9999 0.0
C0G660 1998081419 -9999 -9999 -9999 0.0
C0G660 1998081420 -9999 -9999 -9999 0.0
C0G660 1998081421 -9999 -9999 -9999 0.0
C0G660 1998081422 -9999 -9999 -9999 0.0
C0G660 1998081423 -9999 -9999 -9999 0.0
C0G660 1998081424 -9999 -9999 -9999 0.0
C0G660 1998081501 -9999 -9999 -9999 0.0
C0G660 1998081502 -9999 -9999 -9999 0.0
C0G660 1998081503 -9999 -9999 -9999 0.0
C0G660 1998081504 -9999 -9999 -9999 0.0
C0G660 1998081505 -9999 -9999 -9999 0.0
C0G660 1998081506 -9999 -9999 -9999 0.0
C0G660 1998081507 -9999 -9999 -9999 0.0
C0G660 1998081508 -9999 -9999 -9999 0.0
C0G660 1998081509 -9999 -9999 -9999 0.0
C0G660 1998081510 -9999 -9999 -9999 0.0
C0G660 1998081511 -9999 -9999 -9999 0.0
C0G660 1998081512 -9999 -9999 -9999 0.0
C0G660 1998081513 -9999 -9999 -9999 0.0
C0G660 1998081514 -9999 -9999 -9999 0.0
C0G660 1998081515 -9999 -9999 -9999 0.0
C0G660 1998081516 -9999 -9999 -9999 0.0
C0G660 1998081517 -9999 -9999 -9999 0.0
C0G660 1998081518 -9999 -9999 -9999 0.0
C0G660 1998081519 -9999 -9999 -9999 0.0
C0G660 1998081520 -9999 -9999 -9999 0.0
C0G660 1998081521 -9999 -9999 -9999 0.0
C0G660 1998081522 -9999 -9999 -9999 0.0
C0G660 1998081523 -9999 -9999 -9999 0.0
C0G660 1998081524 -9999 -9999 -9999 0.0
C0G660 1998081601 -9999 -9999 -9999 0.0
C0G660 1998081602 -9999 -9999 -9999 0.0
C0G660 1998081603 -9999 -9999 -9999 0.0
C0G660 1998081604 -9999 -9999 -9999 0.0
C0G660 1998081605 -9999 -9999 -9999 0.0
C0G660 1998081606 -9999 -9999 -9999 0.0
C0G660 1998081607 -9999 -9999 -9999 0.0
C0G660 1998081608 -9999 -9999 -9999 0.0
C0G660 1998081609 -9999 -9999 -9999 0.0
C0G660 1998081610 -9999 -9999 -9999 0.0
C0G660 1998081611 -9999 -9999 -9999 0.0
C0G660 1998081612 -9999 -9999 -9999 0.0
C0G660 1998081613 -9999 -9999 -9999 0.0
C0G660 1998081614 -9999 -9999 -9999 0.0
C0G660 1998081615 -9999 -9999 -9999 0.0
C0G660 1998081616 -9999 -9999 -9999 0.0
C0G660 1998081617 -9999 -9999 -9999 0.0
C0G660 1998081618 -9999 -9999 -9999 0.0
C0G660 1998081619 -9999 -9999 -9999 0.0
C0G660 1998081620 -9999 -9999 -9999 0.0
C0G660 1998081621 -9999 -9999 -9999 0.0
C0G660 1998081622 -9999 -9999 -9999 0.0
C0G660 1998081623 -9999 -9999 -9999 0.0
C0G660 1998081624 -9999 -9999 -9999 0.0
C0G660 1998081701 -9999 -9999 -9999 0.0
C0G660 1998081702 -9999 -9999 -9999 0.0
C0G660 1998081703 -9999 -9999 -9999 0.0
C0G660 1998081704 -9999 -9999 -9999 0.0
C0G660 1998081705 -9999 -9999 -9999 0.0
C0G660 1998081706 -9999 -9999 -9999 0.0
C0G660 1998081707 -9999 -9999 -9999 0.0
C0G660 1998081708 -9999 -9999 -9999 0.0
C0G660 1998081709 -9999 -9999 -9999 0.0
C0G660 1998081710 -9999 -9999 -9999 0.0
C0G660 1998081711 -9999 -9999 -9999 0.0
C0G660 1998081712 -9999 -9999 -9999 0.0
C0G660 1998081713 -9999 -9999 -9999 0.0
C0G660 1998081714 -9999 -9999 -9999 0.0
C0G660 1998081715 -9999 -9999 -9999 0.0
C0G660 1998081716 -9999 -9999 -9999 0.0
C0G660 1998081717 -9999 -9999 -9999 0.0
C0G660 1998081718 -9999 -9999 -9999 0.0
C0G660 1998081719 -9999 -9999 -9999 0.0
C0G660 1998081720 -9999 -9999 -9999 0.0
C0G660 1998081721 -9999 -9999 -9999 0.0
C0G660 1998081722 -9999 -9999 -9999 0.0
C0G660 1998081723 -9999 -9999 -9999 0.0
C0G660 1998081724 -9999 -9999 -9999 0.0
C0G660 1998081801 -9999 -9999 -9999 0.0
C0G660 1998081802 -9999 -9999 -9999 0.0
C0G660 1998081803 -9999 -9999 -9999 0.0
C0G660 1998081804 -9999 -9999 -9999 0.0
C0G660 1998081805 -9999 -9999 -9999 0.0
C0G660 1998081806 -9999 -9999 -9999 0.0
C0G660 1998081807 -9999 -9999 -9999 0.0
C0G660 1998081808 -9999 -9999 -9999 0.0
C0G660 1998081809 -9999 -9999 -9999 0.0
C0G660 1998081810 -9999 -9999 -9999 0.0
C0G660 1998081811 -9999 -9999 -9999 0.0
C0G660 1998081812 -9999 -9999 -9999 0.0
C0G660 1998081813 -9999 -9999 -9999 0.0
C0G660 1998081814 -9999 -9999 -9999 0.0
C0G660 1998081815 -9999 -9999 -9999 0.0
C0G660 1998081816 -9999 -9999 -9999 0.0
C0G660 1998081817 -9999 -9999 -9999 0.0
C0G660 1998081818 -9999 -9999 -9999 -9996
C0G660 1998081819 -9999 -9999 -9999 -9996
C0G660 1998081820 -9999 -9999 -9999 -9996
C0G660 1998081821 -9999 -9999 -9999 1.0
C0G660 1998081822 -9999 -9999 -9999 0.0
C0G660 1998081823 -9999 -9999 -9999 0.0
C0G660 1998081824 -9999 -9999 -9999 0.0
C0G660 1998081901 -9999 -9999 -9999 0.0
C0G660 1998081902 -9999 -9999 -9999 0.0
C0G660 1998081903 -9999 -9999 -9999 0.0
C0G660 1998081904 -9999 -9999 -9999 0.0
C0G660 1998081905 -9999 -9999 -9999 0.0
C0G660 1998081906 -9999 -9999 -9999 0.0
C0G660 1998081907 -9999 -9999 -9999 0.0
C0G660 1998081908 -9999 -9999 -9999 0.0
C0G660 1998081909 -9999 -9999 -9999 0.0
C0G660 1998081910 -9999 -9999 -9999 0.0
C0G660 1998081911 -9999 -9999 -9999 0.0
C0G660 1998081912 -9999 -9999 -9999 0.0
C0G660 1998081913 -9999 -9999 -9999 0.0
C0G660 1998081914 -9999 -9999 -9999 0.0
C0G660 1998081915 -9999 -9999 -9999 0.0
C0G660 1998081916 -9999 -9999 -9999 0.0
C0G660 1998081917 -9999 -9999 -9999 0.0
C0G660 1998081918 -9999 -9999 -9999 0.0
C0G660 1998081919 -9999 -9999 -9999 0.0
C0G660 1998081920 -9999 -9999 -9999 0.0
C0G660 1998081921 -9999 -9999 -9999 0.0
C0G660 1998081922 -9999 -9999 -9999 0.0
C0G660 1998081923 -9999 -9999 -9999 0.0
C0G660 1998081924 -9999 -9999 -9999 0.0
C0G660 1998082001 -9999 -9999 -9999 0.0
C0G660 1998082002 -9999 -9999 -9999 0.0
C0G660 1998082003 -9999 -9999 -9999 0.0
C0G660 1998082004 -9999 -9999 -9999 0.0
C0G660 1998082005 -9999 -9999 -9999 0.0
C0G660 1998082006 -9999 -9999 -9999 0.0
C0G660 1998082007 -9999 -9999 -9999 0.0
C0G660 1998082008 -9999 -9999 -9999 0.0
C0G660 1998082009 -9999 -9999 -9999 0.0
C0G660 1998082010 -9999 -9999 -9999 0.0
C0G660 1998082011 -9999 -9999 -9999 0.0
C0G660 1998082012 -9999 -9999 -9999 0.0
C0G660 1998082013 -9999 -9999 -9999 0.0
C0G660 1998082014 -9999 -9999 -9999 0.0
C0G660 1998082015 -9999 -9999 -9999 0.0
C0G660 1998082016 -9999 -9999 -9999 0.0
C0G660 1998082017 -9999 -9999 -9999 0.0
C0G660 1998082018 -9999 -9999 -9999 0.0
C0G660 1998082019 -9999 -9999 -9999 0.0
C0G660 1998082020 -9999 -9999 -9999 0.0
C0G660 1998082021 -9999 -9999 -9999 0.0
C0G660 1998082022 -9999 -9999 -9999 0.0
C0G660 1998082023 -9999 -9999 -9999 0.0
C0G660 1998082024 -9999 -9999 -9999 0.0
C0G660 1998082101 -9999 -9999 -9999 0.0
C0G660 1998082102 -9999 -9999 -9999 0.0
C0G660 1998082103 -9999 -9999 -9999 0.0
C0G660 1998082104 -9999 -9999 -9999 0.0
C0G660 1998082105 -9999 -9999 -9999 0.0
C0G660 1998082106 -9999 -9999 -9999 0.0
C0G660 1998082107 -9999 -9999 -9999 0.0
C0G660 1998082108 -9999 -9999 -9999 0.0
C0G660 1998082109 -9999 -9999 -9999 0.0
C0G660 1998082110 -9999 -9999 -9999 0.0
C0G660 1998082111 -9999 -9999 -9999 0.0
C0G660 1998082112 -9999 -9999 -9999 0.0
C0G660 1998082113 -9999 -9999 -9999 -9996
C0G660 1998082114 -9999 -9999 -9999 -9996
C0G660 1998082115 -9999 -9999 -9999 0.5
C0G660 1998082116 -9999 -9999 -9999 -9996
C0G660 1998082117 -9999 -9999 -9999 -9996
C0G660 1998082118 -9999 -9999 -9999 -9996
C0G660 1998082119 -9999 -9999 -9999 -9996
C0G660 1998082120 -9999 -9999 -9999 0.5
C0G660 1998082121 -9999 -9999 -9999 0.0
C0G660 1998082122 -9999 -9999 -9999 0.0
C0G660 1998082123 -9999 -9999 -9999 0.0
C0G660 1998082124 -9999 -9999 -9999 0.0
C0G660 1998082201 -9999 -9999 -9999 0.0
C0G660 1998082202 -9999 -9999 -9999 0.0
C0G660 1998082203 -9999 -9999 -9999 0.0
C0G660 1998082204 -9999 -9999 -9999 0.0
C0G660 1998082205 -9999 -9999 -9999 0.0
C0G660 1998082206 -9999 -9999 -9999 0.0
C0G660 1998082207 -9999 -9999 -9999 0.0
C0G660 1998082208 -9999 -9999 -9999 0.0
C0G660 1998082209 -9999 -9999 -9999 0.0
C0G660 1998082210 -9999 -9999 -9999 0.0
C0G660 1998082211 -9999 -9999 -9999 0.0
C0G660 1998082212 -9999 -9999 -9999 0.0
C0G660 1998082213 -9999 -9999 -9999 0.0
C0G660 1998082214 -9999 -9999 -9999 0.0
C0G660 1998082215 -9999 -9999 -9999 0.0
C0G660 1998082216 -9999 -9999 -9999 0.0
C0G660 1998082217 -9999 -9999 -9999 0.0
C0G660 1998082218 -9999 -9999 -9999 0.0
C0G660 1998082219 -9999 -9999 -9999 0.0
C0G660 1998082220 -9999 -9999 -9999 0.0
C0G660 1998082221 -9999 -9999 -9999 0.0
C0G660 1998082222 -9999 -9999 -9999 0.0
C0G660 1998082223 -9999 -9999 -9999 0.0
C0G660 1998082224 -9999 -9999 -9999 0.0
C0G660 1998082301 -9999 -9999 -9999 0.0
C0G660 1998082302 -9999 -9999 -9999 0.0
C0G660 1998082303 -9999 -9999 -9999 0.0
C0G660 1998082304 -9999 -9999 -9999 0.0
C0G660 1998082305 -9999 -9999 -9999 0.0
C0G660 1998082306 -9999 -9999 -9999 0.0
C0G660 1998082307 -9999 -9999 -9999 0.0
C0G660 1998082308 -9999 -9999 -9999 0.0
C0G660 1998082309 -9999 -9999 -9999 0.0
C0G660 1998082310 -9999 -9999 -9999 0.0
C0G660 1998082311 -9999 -9999 -9999 0.0
C0G660 1998082312 -9999 -9999 -9999 0.0
C0G660 1998082313 -9999 -9999 -9999 0.0
C0G660 1998082314 -9999 -9999 -9999 0.0
C0G660 1998082315 -9999 -9999 -9999 0.0
C0G660 1998082316 -9999 -9999 -9999 0.0
C0G660 1998082317 -9999 -9999 -9999 0.0
C0G660 1998082318 -9999 -9999 -9999 0.0
C0G660 1998082319 -9999 -9999 -9999 0.0
C0G660 1998082320 -9999 -9999 -9999 0.0
C0G660 1998082321 -9999 -9999 -9999 0.0
C0G660 1998082322 -9999 -9999 -9999 0.0
C0G660 1998082323 -9999 -9999 -9999 0.0
C0G660 1998082324 -9999 -9999 -9999 0.0
C0G660 1998082401 -9999 -9999 -9999 0.0
C0G660 1998082402 -9999 -9999 -9999 0.0
C0G660 1998082403 -9999 -9999 -9999 0.0
C0G660 1998082404 -9999 -9999 -9999 0.0
C0G660 1998082405 -9999 -9999 -9999 0.0
C0G660 1998082406 -9999 -9999 -9999 0.0
C0G660 1998082407 -9999 -9999 -9999 0.0
C0G660 1998082408 -9999 -9999 -9999 0.0
C0G660 1998082409 -9999 -9999 -9999 0.0
C0G660 1998082410 -9999 -9999 -9999 0.0
C0G660 1998082411 -9999 -9999 -9999 0.0
C0G660 1998082412 -9999 -9999 -9999 0.0
C0G660 1998082413 -9999 -9999 -9999 0.0
C0G660 1998082414 -9999 -9999 -9999 0.0
C0G660 1998082415 -9999 -9999 -9999 0.0
C0G660 1998082416 -9999 -9999 -9999 0.0
C0G660 1998082417 -9999 -9999 -9999 0.0
C0G660 1998082418 -9999 -9999 -9999 0.0
C0G660 1998082419 -9999 -9999 -9999 0.0
C0G660 1998082420 -9999 -9999 -9999 0.0
C0G660 1998082421 -9999 -9999 -9999 0.0
C0G660 1998082422 -9999 -9999 -9999 0.0
C0G660 1998082423 -9999 -9999 -9999 0.0
C0G660 1998082424 -9999 -9999 -9999 0.0
C0G660 1998082501 -9999 -9999 -9999 0.0
C0G660 1998082502 -9999 -9999 -9999 0.0
C0G660 1998082503 -9999 -9999 -9999 0.0
C0G660 1998082504 -9999 -9999 -9999 0.0
C0G660 1998082505 -9999 -9999 -9999 0.0
C0G660 1998082506 -9999 -9999 -9999 0.0
C0G660 1998082507 -9999 -9999 -9999 0.0
C0G660 1998082508 -9999 -9999 -9999 0.0
C0G660 1998082509 -9999 -9999 -9999 0.0
C0G660 1998082510 -9999 -9999 -9999 0.0
C0G660 1998082511 -9999 -9999 -9999 0.0
C0G660 1998082512 -9999 -9999 -9999 0.0
C0G660 1998082513 -9999 -9999 -9999 0.0
C0G660 1998082514 -9999 -9999 -9999 0.0
C0G660 1998082515 -9999 -9999 -9999 0.0
C0G660 1998082516 -9999 -9999 -9999 0.0
C0G660 1998082517 -9999 -9999 -9999 0.0
C0G660 1998082518 -9999 -9999 -9999 0.0
C0G660 1998082519 -9999 -9999 -9999 0.0
C0G660 1998082520 -9999 -9999 -9999 0.0
C0G660 1998082521 -9999 -9999 -9999 0.0
C0G660 1998082522 -9999 -9999 -9999 0.0
C0G660 1998082523 -9999 -9999 -9999 0.0
C0G660 1998082524 -9999 -9999 -9999 0.0
C0G660 1998082601 -9999 -9999 -9999 0.0
C0G660 1998082602 -9999 -9999 -9999 0.0
C0G660 1998082603 -9999 -9999 -9999 0.0
C0G660 1998082604 -9999 -9999 -9999 0.0
C0G660 1998082605 -9999 -9999 -9999 0.0
C0G660 1998082606 -9999 -9999 -9999 0.0
C0G660 1998082607 -9999 -9999 -9999 0.0
C0G660 1998082608 -9999 -9999 -9999 0.0
C0G660 1998082609 -9999 -9999 -9999 0.0
C0G660 1998082610 -9999 -9999 -9999 0.0
C0G660 1998082611 -9999 -9999 -9999 0.0
C0G660 1998082612 -9999 -9999 -9999 0.0
C0G660 1998082613 -9999 -9999 -9999 0.0
C0G660 1998082614 -9999 -9999 -9999 0.0
C0G660 1998082615 -9999 -9999 -9999 0.0
C0G660 1998082616 -9999 -9999 -9999 0.0
C0G660 1998082617 -9999 -9999 -9999 0.0
C0G660 1998082618 -9999 -9999 -9999 0.0
C0G660 1998082619 -9999 -9999 -9999 0.0
C0G660 1998082620 -9999 -9999 -9999 -9996
C0G660 1998082621 -9999 -9999 -9999 -9996
C0G660 1998082622 -9999 -9999 -9999 -9996
C0G660 1998082623 -9999 -9999 -9999 -9996
C0G660 1998082624 -9999 -9999 -9999 -9996
C0G660 1998082701 -9999 -9999 -9999 0.0
C0G660 1998082702 -9999 -9999 -9999 0.0
C0G660 1998082703 -9999 -9999 -9999 0.0
C0G660 1998082704 -9999 -9999 -9999 0.0
C0G660 1998082705 -9999 -9999 -9999 0.0
C0G660 1998082706 -9999 -9999 -9999 0.0
C0G660 1998082707 -9999 -9999 -9999 0.0
C0G660 1998082708 -9999 -9999 -9999 0.0
C0G660 1998082709 -9999 -9999 -9999 0.0
C0G660 1998082710 -9999 -9999 -9999 0.0
C0G660 1998082711 -9999 -9999 -9999 0.0
C0G660 1998082712 -9999 -9999 -9999 0.0
C0G660 1998082713 -9999 -9999 -9999 0.0
C0G660 1998082714 -9999 -9999 -9999 0.0
C0G660 1998082715 -9999 -9999 -9999 0.0
C0G660 1998082716 -9999 -9999 -9999 0.0
C0G660 1998082717 -9999 -9999 -9999 0.0
C0G660 1998082718 -9999 -9999 -9999 0.0
C0G660 1998082719 -9999 -9999 -9999 0.0
C0G660 1998082720 -9999 -9999 -9999 0.0
C0G660 1998082721 -9999 -9999 -9999 0.0
C0G660 1998082722 -9999 -9999 -9999 0.0
C0G660 1998082723 -9999 -9999 -9999 0.0
C0G660 1998082724 -9999 -9999 -9999 0.0
C0G660 1998082801 -9999 -9999 -9999 0.0
C0G660 1998082802 -9999 -9999 -9999 0.0
C0G660 1998082803 -9999 -9999 -9999 0.0
C0G660 1998082804 -9999 -9999 -9999 0.0
C0G660 1998082805 -9999 -9999 -9999 0.0
C0G660 1998082806 -9999 -9999 -9999 0.0
C0G660 1998082807 -9999 -9999 -9999 0.0
C0G660 1998082808 -9999 -9999 -9999 0.0
C0G660 1998082809 -9999 -9999 -9999 0.0
C0G660 1998082810 -9999 -9999 -9999 0.0
C0G660 1998082811 -9999 -9999 -9999 0.0
C0G660 1998082812 -9999 -9999 -9999 0.0
C0G660 1998082813 -9999 -9999 -9999 0.0
C0G660 1998082814 -9999 -9999 -9999 0.0
C0G660 1998082815 -9999 -9999 -9999 0.0
C0G660 1998082816 -9999 -9999 -9999 0.0
C0G660 1998082817 -9999 -9999 -9999 0.0
C0G660 1998082818 -9999 -9999 -9999 0.0
C0G660 1998082819 -9999 -9999 -9999 0.0
C0G660 1998082820 -9999 -9999 -9999 0.0
C0G660 1998082821 -9999 -9999 -9999 0.0
C0G660 1998082822 -9999 -9999 -9999 0.0
C0G660 1998082823 -9999 -9999 -9999 0.0
C0G660 1998082824 -9999 -9999 -9999 0.0
C0G660 1998082901 -9999 -9999 -9999 0.0
C0G660 1998082902 -9999 -9999 -9999 0.0
C0G660 1998082903 -9999 -9999 -9999 0.0
C0G660 1998082904 -9999 -9999 -9999 0.0
C0G660 1998082905 -9999 -9999 -9999 0.0
C0G660 1998082906 -9999 -9999 -9999 0.0
C0G660 1998082907 -9999 -9999 -9999 0.0
C0G660 1998082908 -9999 -9999 -9999 0.0
C0G660 1998082909 -9999 -9999 -9999 0.0
C0G660 1998082910 -9999 -9999 -9999 -9996
C0G660 1998082911 -9999 -9999 -9999 -9996
C0G660 1998082912 -9999 -9999 -9999 -9996
C0G660 1998082913 -9999 -9999 -9999 -9996
C0G660 1998082914 -9999 -9999 -9999 4.5
C0G660 1998082915 -9999 -9999 -9999 0.5
C0G660 1998082916 -9999 -9999 -9999 4.5
C0G660 1998082917 -9999 -9999 -9999 2.0
C0G660 1998082918 -9999 -9999 -9999 0.5
C0G660 1998082919 -9999 -9999 -9999 0.0
C0G660 1998082920 -9999 -9999 -9999 0.0
C0G660 1998082921 -9999 -9999 -9999 0.0
C0G660 1998082922 -9999 -9999 -9999 0.0
C0G660 1998082923 -9999 -9999 -9999 0.0
C0G660 1998082924 -9999 -9999 -9999 0.0
C0G660 1998083001 -9999 -9999 -9999 0.0
C0G660 1998083002 -9999 -9999 -9999 0.0
C0G660 1998083003 -9999 -9999 -9999 0.0
C0G660 1998083004 -9999 -9999 -9999 0.0
C0G660 1998083005 -9999 -9999 -9999 0.0
C0G660 1998083006 -9999 -9999 -9999 0.0
C0G660 1998083007 -9999 -9999 -9999 0.0
C0G660 1998083008 -9999 -9999 -9999 0.0
C0G660 1998083009 -9999 -9999 -9999 0.0
C0G660 1998083010 -9999 -9999 -9999 0.0
C0G660 1998083011 -9999 -9999 -9999 0.0
C0G660 1998083012 -9999 -9999 -9999 0.0
C0G660 1998083013 -9999 -9999 -9999 0.0
C0G660 1998083014 -9999 -9999 -9999 -9996
C0G660 1998083015 -9999 -9999 -9999 -9996
C0G660 1998083016 -9999 -9999 -9999 12.5
C0G660 1998083017 -9999 -9999 -9999 7.5
C0G660 1998083018 -9999 -9999 -9999 18.5
C0G660 1998083019 -9999 -9999 -9999 2.0
C0G660 1998083020 -9999 -9999 -9999 0.0
C0G660 1998083021 -9999 -9999 -9999 0.0
C0G660 1998083022 -9999 -9999 -9999 0.0
C0G660 1998083023 -9999 -9999 -9999 0.0
C0G660 1998083024 -9999 -9999 -9999 0.0
C0G660 1998083101 -9999 -9999 -9999 0.0
C0G660 1998083102 -9999 -9999 -9999 0.0
C0G660 1998083103 -9999 -9999 -9999 0.0
C0G660 1998083104 -9999 -9999 -9999 0.0
C0G660 1998083105 -9999 -9999 -9999 0.0
C0G660 1998083106 -9999 -9999 -9999 0.0
C0G660 1998083107 -9999 -9999 -9999 0.0
C0G660 1998083108 -9999 -9999 -9999 0.0
C0G660 1998083109 -9999 -9999 -9999 0.0
C0G660 1998083110 -9999 -9999 -9999 0.0
C0G660 1998083111 -9999 -9999 -9999 0.0
C0G660 1998083112 -9999 -9999 -9999 0.0
C0G660 1998083113 -9999 -9999 -9999 0.0
C0G660 1998083114 -9999 -9999 -9999 0.0
C0G660 1998083115 -9999 -9999 -9999 0.0
C0G660 1998083116 -9999 -9999 -9999 0.0
C0G660 1998083117 -9999 -9999 -9999 0.0
C0G660 1998083118 -9999 -9999 -9999 0.0
C0G660 1998083119 -9999 -9999 -9999 0.0
C0G660 1998083120 -9999 -9999 -9999 0.0
C0G660 1998083121 -9999 -9999 -9999 0.0
C0G660 1998083122 -9999 -9999 -9999 0.0
C0G660 1998083123 -9999 -9999 -9999 0.0
C0G660 1998083124 -9999 -9999 -9999 0.0
