C0G650 1999020101  -9997   17.6  -9997    0.0    0.0    0.0    0.0
C0G650 1999020102  -9997   17.8  -9997    0.0    0.0    0.0    0.0
C0G650 1999020103  -9997   19.0  -9997    0.0    0.0    0.0    0.0
C0G650 1999020104  -9997   18.9  -9997    0.0    0.0    0.0    0.0
C0G650 1999020105  -9997   18.6  -9997    0.1    0.0    0.0    0.0
C0G650 1999020106  -9997   18.2  -9997    0.0    0.0    0.0    0.0
C0G650 1999020107  -9997   19.5  -9997    0.2    0.0    0.0    0.0
C0G650 1999020108  -9997   20.5  -9997    0.0    0.0    0.0    0.6
C0G650 1999020109  -9997   23.6  -9997    0.1    0.0    0.0    1.0
C0G650 1999020110  -9997   27.7  -9997    1.2  247.5    0.0    1.0
C0G650 1999020111  -9997   29.1  -9997    1.5  225.0    0.0    1.0
C0G650 1999020112  -9997   28.4  -9997    2.3  202.5    0.0    0.8
C0G650 1999020113  -9997   28.1  -9997    0.8  270.0    0.0    0.1
C0G650 1999020114  -9997   27.6  -9997    0.4  292.5    0.0    0.0
C0G650 1999020115  -9997   28.4  -9997    0.4  270.0    0.0    0.3
C0G650 1999020116  -9997   26.6  -9997    1.0  315.0    0.0    0.1
C0G650 1999020117  -9997   25.7  -9997    0.1    0.0    0.0    0.0
C0G650 1999020118  -9997   25.0  -9997    0.0    0.0    0.0    0.0
C0G650 1999020119  -9997   24.2  -9997    0.0    0.0    0.0    0.0
C0G650 1999020120  -9997   23.0  -9997    0.0    0.0    0.0    0.0
C0G650 1999020121  -9997   22.2  -9997    0.0    0.0    0.0    0.0
C0G650 1999020122  -9997   21.6  -9997    0.0    0.0    0.0    0.0
C0G650 1999020123  -9997   20.8  -9997    0.2    0.0    0.0    0.0
C0G650 1999020124  -9997   20.5  -9997    0.0    0.0    0.0    0.0
C0G650 1999020201  -9997   20.2  -9997    0.9  360.0    0.0    0.0
C0G650 1999020202  -9997   19.4  -9997    1.1   22.5    0.0    0.0
C0G650 1999020203  -9997   18.4  -9997  -9997  -9997    0.0    0.0
C0G650 1999020204  -9997   17.4  -9997    1.4  360.0    0.0    0.0
C0G650 1999020205  -9997   17.3  -9997    0.7   22.5    0.0    0.0
C0G650 1999020206  -9997   16.6  -9997    0.7  360.0    0.0    0.0
C0G650 1999020207  -9997   16.2  -9997    0.4   22.5    0.0    0.0
C0G650 1999020208  -9997   16.4  -9997    1.3   22.5    0.0    0.0
C0G650 1999020209  -9997   17.3  -9997    1.6   22.5    0.0    0.3
C0G650 1999020210  -9997   17.6  -9997    2.5  360.0    0.0    0.7
C0G650 1999020211  -9997   18.1  -9997    1.7   45.0    0.0    1.0
C0G650 1999020212  -9997   18.1  -9997    2.7   22.5    0.0    1.0
C0G650 1999020213  -9997   18.4  -9997    2.9  360.0    0.0    1.0
C0G650 1999020214  -9997   18.4  -9997    2.3   22.5    0.0    0.9
C0G650 1999020215  -9997   19.4  -9997    2.2  360.0    0.0    0.5
C0G650 1999020216  -9997   18.8  -9997    2.8   22.5    0.0    0.3
C0G650 1999020217  -9997   17.2  -9997    2.6  360.0    0.0   -9.6
C0G650 1999020218  -9997   15.4  -9997    1.7   22.5    0.0    1.0
C0G650 1999020219  -9997   14.6  -9997    1.5  360.0    0.0    0.0
C0G650 1999020220  -9997   14.3  -9997    1.9  360.0    0.0    0.0
C0G650 1999020221  -9997   13.8  -9997    0.3   45.0    0.0    0.0
C0G650 1999020222  -9997   12.8  -9997    0.0    0.0    0.0    0.0
C0G650 1999020223  -9997   15.2  -9997    1.7  360.0    0.0    0.0
C0G650 1999020224  -9997   14.5  -9997    1.7  360.0    0.0    0.0
C0G650 1999020301  -9997   13.6  -9997    0.3   22.5    0.0    0.0
C0G650 1999020302  -9997   13.6  -9997    1.6  360.0    0.0    0.0
C0G650 1999020303  -9997   13.7  -9997    2.8  360.0    0.0    0.0
C0G650 1999020304  -9997   13.2  -9997    1.5   22.5    0.0   -9.6
C0G650 1999020305  -9997   13.0  -9997    1.8   22.5    0.0    0.0
C0G650 1999020306  -9997   12.7  -9997    2.0  360.0    0.0    0.0
C0G650 1999020307  -9997   12.3  -9997    1.9   22.5    0.0    0.0
C0G650 1999020308  -9997   13.1  -9997    1.9   22.5    0.0    0.4
C0G650 1999020309  -9997   14.1  -9997    2.5   22.5    0.0    1.0
C0G650 1999020310  -9997   15.3  -9997    2.6   22.5    0.0    1.0
C0G650 1999020311  -9997   16.1  -9997    2.4  360.0    0.0    1.0
C0G650 1999020312  -9997   16.8  -9997    2.6   22.5    0.0    1.0
C0G650 1999020313  -9997   16.7  -9997    3.0   22.5    0.0    1.0
C0G650 1999020314  -9997   16.9  -9997    2.8   22.5    0.0    1.0
C0G650 1999020315  -9997   17.3  -9997    2.3   22.5    0.0    0.5
C0G650 1999020316  -9997   16.2  -9997    2.9  360.0    0.0   -9.6
C0G650 1999020317  -9997   14.8  -9997    2.8   22.5    0.0    1.3
C0G650 1999020318  -9997   12.8  -9997    1.5  360.0    0.0    0.3
C0G650 1999020319  -9997   11.8  -9997    1.6  360.0    0.0    0.0
C0G650 1999020320  -9997   11.4  -9997    1.0   22.5    0.0    0.0
C0G650 1999020321  -9997   11.3  -9997    1.3  360.0    0.0    0.0
C0G650 1999020322  -9997    9.9  -9997    0.2    0.0    0.0    0.0
C0G650 1999020323  -9997   10.1  -9997    0.5  360.0    0.0    0.0
C0G650 1999020324  -9997    8.3  -9997    0.0    0.0    0.0    0.0
C0G650 1999020401  -9997    9.4  -9997    0.0    0.0    0.0    0.0
C0G650 1999020402  -9997    8.5  -9997    0.0    0.0    0.0    0.0
C0G650 1999020403  -9997    7.1  -9997    0.0    0.0    0.0    0.0
C0G650 1999020404  -9997    8.6  -9997    0.0    0.0    0.0    0.0
C0G650 1999020405  -9997    8.7  -9997    0.0    0.0    0.0   -9.6
C0G650 1999020406  -9997    6.4  -9997    0.0    0.0    0.0    0.0
C0G650 1999020407  -9997    9.3  -9997    0.2    0.0    0.0    0.0
C0G650 1999020408  -9997   10.0  -9997    0.2    0.0    0.0    0.0
C0G650 1999020409  -9997   11.5  -9997    1.8   45.0    0.0    0.7
C0G650 1999020410  -9997   13.3  -9997    2.0   22.5    0.0    1.0
C0G650 1999020411  -9997   14.7  -9997    1.9  360.0    1.0    0.9
C0G650 1999020412  -9997   16.3  -9997    1.3  360.0    0.0    1.0
C0G650 1999020413  -9997   17.2  -9997    1.9  360.0    0.0    1.0
C0G650 1999020414  -9997   17.4  -9997    1.4   22.5    0.0    1.0
C0G650 1999020415  -9997   17.2  -9997    1.8   22.5    0.0    0.5
C0G650 1999020416  -9997   16.2  -9997    1.9  360.0    0.0    0.3
C0G650 1999020417  -9997   14.1  -9997    1.5  360.0    0.0   -9.6
C0G650 1999020418  -9997   12.8  -9997    0.6   22.5    0.0    1.0
C0G650 1999020419  -9997   11.3  -9997    0.5   22.5    0.0    0.0
C0G650 1999020420  -9997   10.6  -9997    0.3   45.0    0.0    0.0
C0G650 1999020421  -9997    9.6  -9997    0.0    0.0    0.0    0.0
C0G650 1999020422  -9997    8.5  -9997    0.0    0.0    0.0    0.0
C0G650 1999020423  -9997    8.2  -9997    0.1    0.0    0.0    0.0
C0G650 1999020424  -9997    8.5  -9997    0.0    0.0    0.0    0.0
C0G650 1999020501  -9997    6.1  -9997    0.0    0.0    0.0    0.0
C0G650 1999020502  -9997    6.3  -9997    0.0    0.0    0.0    0.0
C0G650 1999020503  -9997    5.8  -9997    0.0    0.0    0.0    0.0
C0G650 1999020504  -9997    5.4  -9997    0.0    0.0    0.0    0.0
C0G650 1999020505  -9997    5.7  -9997    0.0    0.0    0.0    0.0
C0G650 1999020506  -9997    5.3  -9997    0.0    0.0    0.0    0.0
C0G650 1999020507  -9997    5.3  -9997    0.0    0.0    0.0    0.0
C0G650 1999020508  -9997    8.6  -9997    0.0    0.0    0.0   -9.6
C0G650 1999020509  -9997   11.8  -9997    0.1    0.0    0.0    1.3
C0G650 1999020510  -9997   15.9  -9997    0.1    0.0    0.0    1.0
C0G650 1999020511  -9997   17.6  -9997    0.0    0.0    0.0   -9.6
C0G650 1999020512  -9997   18.4  -9997    0.4   67.5    0.0    2.0
C0G650 1999020513  -9997   19.9  -9997    1.4  360.0    0.0    1.0
C0G650 1999020514  -9997   20.9  -9997    0.8  337.5    0.0    1.0
C0G650 1999020515  -9997   20.6  -9997    1.4  315.0    0.0    0.5
C0G650 1999020516  -9997   20.0  -9997    1.4  360.0    0.0    0.3
C0G650 1999020517  -9997   18.0  -9997    0.7  360.0    0.0    0.9
C0G650 1999020518  -9997   16.4  -9997    0.8  360.0    0.0    0.0
C0G650 1999020519  -9997   14.9  -9997    0.0    0.0    0.0    0.0
C0G650 1999020520  -9997   12.8  -9997    0.0    0.0    0.0    0.0
C0G650 1999020521  -9997   11.8  -9997    0.0    0.0    0.0    0.0
C0G650 1999020522  -9997   11.0  -9997    0.0    0.0    0.0    0.0
C0G650 1999020523  -9997   10.4  -9997    0.0    0.0    0.0    0.0
C0G650 1999020524  -9997    9.9  -9997    0.0    0.0    0.0    0.0
C0G650 1999020601  -9997    9.8  -9997    0.0    0.0    0.0    0.0
C0G650 1999020602  -9997    9.7  -9997    0.0    0.0    0.0    0.0
C0G650 1999020603  -9997   10.3  -9997    0.0    0.0    0.0    0.0
C0G650 1999020604  -9997    9.3  -9997    0.0    0.0    0.0   -9.6
C0G650 1999020605  -9997    9.0  -9997    0.0    0.0    0.0    0.0
C0G650 1999020606  -9997   10.6  -9997    0.0    0.0    0.0    0.0
C0G650 1999020607  -9997    9.2  -9997    0.0    0.0    0.0    0.0
C0G650 1999020608  -9997   12.6  -9997    0.0    0.0    0.0    0.4
C0G650 1999020609  -9997   16.3  -9997    0.0    0.0    0.0    1.0
C0G650 1999020610  -9997   19.4  -9997    0.5   22.5    0.0    1.0
C0G650 1999020611  -9997   20.4  -9997    1.0  337.5    0.0    1.0
C0G650 1999020612  -9997   21.1  -9997    0.9  360.0    0.0   -9.6
C0G650 1999020613  -9997   22.8  -9997    0.7  292.5    0.0    2.0
C0G650 1999020614  -9997   23.7  -9997    0.9  270.0    0.0    1.0
C0G650 1999020615  -9997   22.1  -9997    1.5  360.0    0.0    0.5
C0G650 1999020616  -9997   21.1  -9997    1.1  337.5    0.0    0.3
C0G650 1999020617  -9997   19.3  -9997    1.0  360.0    0.0    0.9
C0G650 1999020618  -9997  -9997  -9997  -9997  -9997    0.0   -9.6
C0G650 1999020619  -9997   16.5  -9997    0.0    0.0    0.0    0.0
C0G650 1999020620  -9997   15.4  -9997    0.0    0.0    0.0    0.0
C0G650 1999020621  -9997   13.7  -9997    0.0    0.0    0.0    0.0
C0G650 1999020622  -9997   13.5  -9997    0.0    0.0    0.0    0.0
C0G650 1999020623  -9997   13.5  -9997    0.0    0.0    0.0    0.0
C0G650 1999020624  -9997   12.1  -9997    0.0    0.0    0.0    0.0
C0G650 1999020701  -9997   11.9  -9997    0.0    0.0    0.0   -9.6
C0G650 1999020702  -9997   12.6  -9997    0.0    0.0    0.0    0.0
C0G650 1999020703  -9997   11.6  -9997    0.0    0.0    0.0    0.0
C0G650 1999020704  -9997   11.2  -9997    0.0    0.0    0.0    0.0
C0G650 1999020705  -9997   10.8  -9997    0.0    0.0    0.0    0.0
C0G650 1999020706  -9997   10.4  -9997    0.0    0.0    0.0   -9.6
C0G650 1999020707  -9997   10.5  -9997    0.0    0.0    0.0    0.0
C0G650 1999020708  -9997   13.5  -9997    0.0    0.0    0.0    0.1
C0G650 1999020709  -9997   18.1  -9997    0.0    0.0    0.0    1.0
C0G650 1999020710  -9997   20.5  -9997    0.0    0.0    0.0    1.0
C0G650 1999020711  -9997   21.3  -9997    0.0    0.0    0.0    1.0
C0G650 1999020712  -9997   23.5  -9997    0.5  292.5    0.0    1.0
C0G650 1999020713  -9997   24.2  -9997    0.2    0.0    0.0    1.0
C0G650 1999020714  -9997   24.4  -9997    0.9  270.0    0.0    1.0
C0G650 1999020715  -9997   22.8  -9997    0.9  360.0    0.0    0.5
C0G650 1999020716  -9997   21.6  -9997    1.4  360.0    0.0    0.4
C0G650 1999020717  -9997   20.6  -9997    0.1    0.0    0.0    0.6
C0G650 1999020718  -9997   18.9  -9997    0.2    0.0    0.0    0.0
C0G650 1999020719  -9997   17.7  -9997    0.0    0.0    0.0    0.0
C0G650 1999020720  -9997   16.0  -9997  -9997  -9997    0.0   -9.6
C0G650 1999020721  -9997   16.1  -9997    0.0    0.0    0.0    0.0
C0G650 1999020722  -9997   15.1  -9997    0.0    0.0    0.0    0.0
C0G650 1999020723  -9997   14.2  -9997    0.0    0.0    0.0    0.0
C0G650 1999020724  -9997  -9997  -9997  -9997  -9997    0.0    0.0
C0G650 1999020801  -9997   13.3  -9997    0.0    0.0    0.0    0.0
C0G650 1999020802  -9997   12.8  -9997    0.0    0.0    0.0    0.0
C0G650 1999020803  -9997   13.2  -9997    0.0    0.0    0.0   -9.6
C0G650 1999020804  -9997   12.0  -9997    0.0    0.0    0.0    0.0
C0G650 1999020805  -9997   12.0  -9997    0.0    0.0    0.0    0.0
C0G650 1999020806  -9997   12.7  -9997    0.0    0.0    0.0    0.0
C0G650 1999020807  -9997   11.4  -9997    0.0    0.0    0.0    0.0
C0G650 1999020808  -9997   13.3  -9997    0.0    0.0    0.0    0.0
C0G650 1999020809  -9997   16.5  -9997  -9997  -9997    0.0   -9.6
C0G650 1999020810  -9997   19.1  -9997    0.1    0.0    0.0    1.8
C0G650 1999020811  -9997   20.8  -9997    0.1    0.0    0.0    1.0
C0G650 1999020812  -9997   23.5  -9997    0.3  315.0    0.0    1.0
C0G650 1999020813  -9997   23.4  -9997    0.9   45.0    0.0    1.0
C0G650 1999020814  -9997   23.6  -9997    1.1  337.5    0.0    1.0
C0G650 1999020815  -9997   22.5  -9997    1.3  360.0    0.0    0.5
C0G650 1999020816  -9997   21.7  -9997    0.5  360.0    0.0    0.4
C0G650 1999020817  -9997   21.0  -9997    0.2    0.0    0.0    0.7
C0G650 1999020818  -9997   19.2  -9997    0.9  360.0    0.0    0.0
C0G650 1999020819  -9997   17.9  -9997    0.0    0.0    0.0    0.0
C0G650 1999020820  -9997   17.1  -9997    0.0    0.0    0.0    0.0
C0G650 1999020821  -9997   16.5  -9997    0.0    0.0    0.0    0.0
C0G650 1999020822  -9997   15.6  -9997    0.0    0.0    0.0    0.0
C0G650 1999020823  -9997   15.2  -9997    0.0    0.0    0.0    0.0
C0G650 1999020824  -9997   13.6  -9997    0.0    0.0    0.0    0.0
C0G650 1999020901  -9997   14.0  -9997    0.0    0.0    0.0    0.0
C0G650 1999020902  -9997   14.2  -9997    0.0    0.0    0.0    0.0
C0G650 1999020903  -9997   13.4  -9997    0.0    0.0    0.0   -9.6
C0G650 1999020904  -9997   12.3  -9997    0.0    0.0    0.0    0.0
C0G650 1999020905  -9997   11.7  -9997    0.0    0.0    0.0    0.0
C0G650 1999020906  -9997   11.4  -9997    0.0    0.0    0.0    0.0
C0G650 1999020907  -9997   11.1  -9997    0.0    0.0    0.0    0.0
C0G650 1999020908  -9997   14.1  -9997    0.0    0.0    0.0    0.4
C0G650 1999020909  -9997   17.3  -9997    0.0    0.0    0.0    1.0
C0G650 1999020910  -9997   20.1  -9997    0.0    0.0    0.0    1.0
C0G650 1999020911  -9997   23.1  -9997    0.0    0.0    0.0    1.0
C0G650 1999020912  -9997   24.4  -9997    0.5  360.0    0.0    1.0
C0G650 1999020913  -9997   25.6  -9997    0.7  270.0    0.0    1.0
C0G650 1999020914  -9997   24.9  -9997    0.8  337.5    0.0    1.0
C0G650 1999020915  -9997   25.3  -9997    0.4  315.0    0.0    0.5
C0G650 1999020916  -9997   24.4  -9997    0.4  337.5    0.0    0.4
C0G650 1999020917  -9997   22.5  -9997    1.2  315.0    0.0    1.0
C0G650 1999020918  -9997   20.5  -9997    0.1    0.0    0.0    0.1
C0G650 1999020919  -9997   19.2  -9997    0.0    0.0    0.0    0.0
C0G650 1999020920  -9997   17.8  -9997    0.0    0.0    0.0    0.0
C0G650 1999020921  -9997   16.3  -9997    0.0    0.0    0.0    0.0
C0G650 1999020922  -9997   15.7  -9997    0.0    0.0    0.0    0.0
C0G650 1999020923  -9997   15.7  -9997    0.0    0.0    0.0    0.0
C0G650 1999020924  -9997   15.6  -9997    0.0    0.0    0.0    0.0
C0G650 1999021001  -9997   15.5  -9997    0.0    0.0    0.0    0.0
C0G650 1999021002  -9997   15.5  -9997    0.1    0.0    0.0    0.0
C0G650 1999021003  -9997   14.9  -9997    0.0    0.0    0.0    0.0
C0G650 1999021004  -9997   14.3  -9997    0.1    0.0    0.0    0.0
C0G650 1999021005  -9997   13.6  -9997    0.0    0.0    0.0    0.0
C0G650 1999021006  -9997   15.8  -9997    0.0    0.0    0.0    0.0
C0G650 1999021007  -9997   15.5  -9997    0.0    0.0    0.0    0.0
C0G650 1999021008  -9997   16.9  -9997    0.0    0.0    0.0    0.4
C0G650 1999021009  -9997   20.5  -9997    0.0    0.0    0.0    1.0
C0G650 1999021010  -9997   23.4  -9997    0.7  360.0    0.0    1.0
C0G650 1999021011  -9997   25.5  -9997    1.7  360.0    0.0    1.0
C0G650 1999021012  -9997   27.4  -9997    0.3  337.5    0.0    1.0
C0G650 1999021013  -9997   27.5  -9997    1.2  360.0    0.0    1.0
C0G650 1999021014  -9997   27.8  -9997    1.2  315.0    0.0    1.0
C0G650 1999021015  -9997   27.6  -9997    0.7  315.0    0.0    0.5
C0G650 1999021016  -9997   26.8  -9997    0.4  337.5    0.0    0.5
C0G650 1999021017  -9997   24.9  -9997    0.6  315.0    0.0    1.0
C0G650 1999021018  -9997   23.2  -9997    0.5  360.0    0.0    0.1
C0G650 1999021019  -9997   22.2  -9997    0.0    0.0    0.0    0.0
C0G650 1999021020  -9997   21.3  -9997    0.0    0.0    0.0    0.0
C0G650 1999021021  -9997   19.5  -9997    0.0    0.0    0.0    0.0
C0G650 1999021022  -9997   18.5  -9997    0.0    0.0    0.0    0.0
C0G650 1999021023  -9997   18.3  -9997    0.0    0.0    0.0    0.0
C0G650 1999021024  -9997   19.3  -9997    0.6  292.5    0.0    0.0
C0G650 1999021101  -9997   18.6  -9997    0.0    0.0    0.0    0.0
C0G650 1999021102  -9997  -9997  -9997    0.0    0.0    0.0    0.0
C0G650 1999021103  -9997   17.7  -9997    0.0    0.0    0.0    0.0
C0G650 1999021104  -9997   17.3  -9997    0.0    0.0    0.0    0.0
C0G650 1999021105  -9997   17.6  -9997    0.0    0.0    0.0    0.0
C0G650 1999021106  -9997   17.6  -9997    0.0    0.0    0.0    0.0
C0G650 1999021107  -9997   18.1  -9997    0.0    0.0    0.0    0.0
C0G650 1999021108  -9997   20.9  -9997    0.0    0.0    0.0    0.1
C0G650 1999021109  -9997   24.3  -9997    1.1   45.0    0.0    0.9
C0G650 1999021110  -9997   25.8  -9997    0.7   45.0    0.0    1.0
C0G650 1999021111  -9997   26.7  -9997    0.8  360.0    0.0    1.0
C0G650 1999021112  -9997   25.8  -9997    1.8  360.0    0.0    1.0
C0G650 1999021113  -9997   25.2  -9997    2.1  360.0    0.0    1.0
C0G650 1999021114  -9997   26.4  -9997    1.4   22.5    0.0    0.9
C0G650 1999021115  -9997   26.0  -9997    2.1   45.0    0.0    0.6
C0G650 1999021116  -9997   25.7  -9997    1.3  360.0    0.0    0.5
C0G650 1999021117  -9997   23.5  -9997    0.6  292.5    0.0    0.8
C0G650 1999021118  -9997   20.8  -9997    0.1    0.0    0.0    0.0
C0G650 1999021119  -9997   19.9  -9997    0.0    0.0    0.0    0.0
C0G650 1999021120  -9997   19.6  -9997    0.0    0.0    0.0    0.0
C0G650 1999021121  -9997   19.0  -9997    0.0    0.0    0.0    0.0
C0G650 1999021122  -9997   18.1  -9997    0.5   22.5    0.0    0.0
C0G650 1999021123  -9997   16.0  -9997    1.0   22.5    0.0    0.0
C0G650 1999021124  -9997  -9997  -9997  -9997  -9997    0.0    0.0
C0G650 1999021201  -9997   15.6  -9997    0.1    0.0    0.0    0.0
C0G650 1999021202  -9997   15.0  -9997    0.2    0.0    0.0    0.0
C0G650 1999021203  -9997   14.9  -9997    0.1    0.0    0.0    0.0
C0G650 1999021204  -9997   15.4  -9997    0.2    0.0    0.0    0.0
C0G650 1999021205  -9997   14.2  -9997    0.0    0.0    0.0    0.0
C0G650 1999021206  -9997  -9997  -9997    0.3   22.5    0.0   -9.6
C0G650 1999021207  -9997   16.4  -9997    0.3   45.0    0.0    0.0
C0G650 1999021208  -9997   16.5  -9997    0.5   22.5    0.0    0.0
C0G650 1999021209  -9997   17.2  -9997    0.8   22.5    0.0    0.0
C0G650 1999021210  -9997   17.3  -9997    1.5   22.5    0.0    0.0
C0G650 1999021211  -9997   18.1  -9997    1.1  360.0    0.0    0.0
C0G650 1999021212  -9997   17.1  -9997    1.8  360.0    0.0    0.0
C0G650 1999021213  -9997   18.4  -9997    0.6  360.0    0.0    0.0
C0G650 1999021214  -9997   19.7  -9997    1.4   22.5    0.0    0.2
C0G650 1999021215  -9997   20.0  -9997    1.7  360.0    0.0    0.0
C0G650 1999021216  -9997   19.9  -9997    0.8   22.5    0.0    0.0
C0G650 1999021217  -9997   18.5  -9997    1.0  360.0    0.0    0.0
C0G650 1999021218  -9997   16.7  -9997    0.4  360.0    0.0    0.0
C0G650 1999021219  -9997   15.4  -9997    0.5  360.0    0.0   -9.6
C0G650 1999021220  -9997   14.5  -9997    0.9   22.5    0.0    0.0
C0G650 1999021221  -9997   13.8  -9997    0.0    0.0    0.0    0.0
C0G650 1999021222  -9997   13.5  -9997    0.1    0.0    0.0    0.0
C0G650 1999021223  -9997   13.7  -9997    0.1    0.0    0.0    0.0
C0G650 1999021224  -9997   14.0  -9997    0.0    0.0    0.0    0.0
C0G650 1999021301  -9997   13.9  -9997    0.0    0.0    0.0    0.0
C0G650 1999021302  -9997   13.4  -9997    0.0    0.0    0.0    0.0
C0G650 1999021303  -9997   13.6  -9997    0.2    0.0    0.0    0.0
C0G650 1999021304  -9997  -9997  -9997    0.1    0.0    0.0    0.0
C0G650 1999021305  -9997   13.7  -9997    0.4  360.0    0.0    0.0
C0G650 1999021306  -9997   13.3  -9997    0.1    0.0    0.0    0.0
C0G650 1999021307  -9997   13.3  -9997    0.6   45.0    0.0    0.0
C0G650 1999021308  -9997   13.6  -9997    0.3   45.0    0.0    0.0
C0G650 1999021309  -9997   15.5  -9997    0.0    0.0    0.0    0.0
C0G650 1999021310  -9997   15.8  -9997    0.0    0.0    0.0    0.0
C0G650 1999021311  -9997   18.3  -9997    0.1    0.0    0.0    0.4
C0G650 1999021312  -9997   19.5  -9997    0.8  360.0    0.0    1.0
C0G650 1999021313  -9997   21.3  -9997    0.3  292.5    0.0    0.8
C0G650 1999021314  -9997   22.9  -9997    1.5  180.0    0.0    0.9
C0G650 1999021315  -9997   21.1  -9997    0.9  360.0    0.0    0.6
C0G650 1999021316  -9997   19.8  -9997    1.7  360.0    0.0    0.0
C0G650 1999021317  -9997   19.1  -9997    0.2    0.0    0.0    0.0
C0G650 1999021318  -9997   18.0  -9997    1.0  360.0    0.0    0.0
C0G650 1999021319  -9997   17.4  -9997    0.1    0.0    0.0    0.0
C0G650 1999021320  -9997   16.2  -9997    0.0    0.0    0.0    0.0
C0G650 1999021321  -9997   16.8  -9997    0.0    0.0    0.0    0.0
C0G650 1999021322  -9997   16.3  -9997    0.1    0.0    0.0    0.0
C0G650 1999021323  -9997   15.4  -9997    0.5   45.0    0.0    0.0
C0G650 1999021324  -9997   14.6  -9997  -9997  -9997    0.0    0.0
C0G650 1999021401  -9997   14.2  -9997    0.0    0.0    0.0    0.0
C0G650 1999021402  -9997   12.9  -9997    0.0    0.0    0.0    0.0
C0G650 1999021403  -9997   12.7  -9997    0.0    0.0    0.0    0.0
C0G650 1999021404  -9997   12.5  -9997    0.0    0.0    0.0    0.0
C0G650 1999021405  -9997   12.2  -9997    0.0    0.0    0.0    0.0
C0G650 1999021406  -9997   11.9  -9997    0.0    0.0    0.0    0.0
C0G650 1999021407  -9997   11.6  -9997    0.0    0.0    0.0    0.0
C0G650 1999021408  -9997   13.7  -9997    0.0    0.0    0.0    0.0
C0G650 1999021409  -9997   18.1  -9997    0.0    0.0    0.0    0.6
C0G650 1999021410  -9997   20.1  -9997    0.0    0.0    0.0    1.0
C0G650 1999021411  -9997   21.7  -9997    0.1    0.0    0.0    1.0
C0G650 1999021412  -9997   23.7  -9997    1.3  180.0    0.0    1.0
C0G650 1999021413  -9997   24.7  -9997    0.8  247.5    0.0    1.0
C0G650 1999021414  -9997   25.0  -9997    0.4  180.0    0.0    0.8
C0G650 1999021415  -9997   24.6  -9997    0.9  270.0    0.0    0.7
C0G650 1999021416  -9997   23.4  -9997    1.2  247.5    0.0    0.0
C0G650 1999021417  -9997   23.2  -9997    0.5  247.5    0.0    0.0
C0G650 1999021418  -9997   21.3  -9997    1.4  270.0    0.0    0.0
C0G650 1999021419  -9997   19.3  -9997    0.0    0.0    0.0    0.0
C0G650 1999021420  -9997   17.8  -9997    0.2    0.0    0.0    0.0
C0G650 1999021421  -9997   16.4  -9997    0.1    0.0    0.0    0.0
C0G650 1999021422  -9997   16.3  -9997    0.0    0.0    0.0    0.0
C0G650 1999021423  -9997   15.1  -9997    0.0    0.0    0.0    0.0
C0G650 1999021424  -9997   14.9  -9997    0.0    0.0    0.0    0.0
C0G650 1999021501  -9997   14.7  -9997    0.0    0.0    0.0    0.0
C0G650 1999021502  -9997   14.5  -9997    0.0    0.0    0.0    0.0
C0G650 1999021503  -9997   15.1  -9997    0.0    0.0    0.0    0.0
C0G650 1999021504  -9997   15.3  -9997    0.0    0.0    0.0    0.0
C0G650 1999021505  -9997   15.2  -9997    0.0    0.0    0.0    0.0
C0G650 1999021506  -9997   14.5  -9997    0.0    0.0    0.0    0.0
C0G650 1999021507  -9997   14.1  -9997    0.0    0.0    0.0    0.0
C0G650 1999021508  -9997   16.1  -9997    0.0    0.0    0.0    0.0
C0G650 1999021509  -9997   20.0  -9997    0.0    0.0    0.0    0.6
C0G650 1999021510  -9997   21.0  -9997    0.0    0.0    0.0    1.0
C0G650 1999021511  -9997   23.3  -9997    0.2    0.0    0.0    1.0
C0G650 1999021512  -9997   24.7  -9997    0.9  247.5    0.0    1.0
C0G650 1999021513  -9997   24.8  -9997    1.1  292.5    0.0    1.0
C0G650 1999021514  -9997   24.9  -9997    0.5  292.5    0.0    0.9
C0G650 1999021515  -9997   24.1  -9997    0.5  360.0    0.0    0.7
C0G650 1999021516  -9997   22.8  -9997    1.4  292.5    0.0    0.6
C0G650 1999021517  -9997   21.6  -9997    0.2    0.0    0.0    0.8
C0G650 1999021518  -9997   20.0  -9997    0.6  360.0    0.0   -9.6
C0G650 1999021519  -9997   19.2  -9997    0.3   45.0    0.0    0.0
C0G650 1999021520  -9997   18.1  -9997    0.0    0.0    0.0    0.0
C0G650 1999021521  -9997  -9997  -9997  -9997  -9997    0.0   -9.6
C0G650 1999021522  -9997   17.1  -9997    0.0    0.0    0.0    0.0
C0G650 1999021523  -9997   16.2  -9997    0.0    0.0    0.0    0.0
C0G650 1999021524  -9997   16.4  -9997    0.1    0.0    0.0    0.0
C0G650 1999021601  -9997   16.3  -9997    0.2    0.0    0.0    0.0
C0G650 1999021602  -9997   16.1  -9997    0.0    0.0    0.0    0.0
C0G650 1999021603  -9997   15.8  -9997    0.0    0.0    0.0    0.0
C0G650 1999021604  -9997   16.3  -9997    0.0    0.0    0.0    0.0
C0G650 1999021605  -9997   15.9  -9997    0.0    0.0    0.0    0.0
C0G650 1999021606  -9997   15.3  -9997    0.0    0.0    0.0    0.0
C0G650 1999021607  -9997   14.9  -9997    0.0    0.0    0.0    0.0
C0G650 1999021608  -9997   16.8  -9997    0.0    0.0    0.0    0.2
C0G650 1999021609  -9997   20.1  -9997    0.0    0.0    0.0   -9.6
C0G650 1999021610  -9997   21.5  -9997    0.2    0.0    0.0    2.0
C0G650 1999021611  -9997   23.3  -9997    0.4  292.5    0.0    1.0
C0G650 1999021612  -9997   24.3  -9997    0.3  180.0    0.0    1.0
C0G650 1999021613  -9997   25.0  -9997    0.4  292.5    0.0   -9.6
C0G650 1999021614  -9997   23.6  -9997    1.9   22.5    0.0    2.0
C0G650 1999021615  -9997   23.3  -9997    0.8  337.5    0.0    0.8
C0G650 1999021616  -9997   22.0  -9997    0.7  360.0    0.0    0.9
C0G650 1999021617  -9997   21.4  -9997    1.3  360.0    0.0    0.6
C0G650 1999021618  -9997   19.9  -9997    0.3  360.0    0.0    0.0
C0G650 1999021619  -9997   18.9  -9997    0.1    0.0    0.0    0.0
C0G650 1999021620  -9997   18.2  -9997    0.0    0.0    0.0   -9.6
C0G650 1999021621  -9997   17.7  -9997    0.0    0.0    0.0   -9.6
C0G650 1999021622  -9997   17.0  -9997    0.0    0.0    0.0   -9.6
C0G650 1999021623  -9997   16.5  -9997    0.0    0.0    0.0    0.0
C0G650 1999021624  -9997   16.3  -9997    0.0    0.0    0.0    0.0
C0G650 1999021701  -9997   14.8  -9997    0.0    0.0    0.0    0.0
C0G650 1999021702  -9997   14.6  -9997    0.0    0.0    0.0    0.0
C0G650 1999021703  -9997   14.0  -9997    0.0    0.0    0.0    0.0
C0G650 1999021704  -9997   13.8  -9997    0.0    0.0    0.0    0.0
C0G650 1999021705  -9997   13.5  -9997    0.0    0.0    0.0    0.0
C0G650 1999021706  -9997   13.1  -9997    0.0    0.0    0.0    0.0
C0G650 1999021707  -9997   13.2  -9997    0.0    0.0    0.0    0.0
C0G650 1999021708  -9997   15.5  -9997    0.0    0.0    0.0    0.4
C0G650 1999021709  -9997   19.6  -9997    0.0    0.0    0.0    1.0
C0G650 1999021710  -9997   22.6  -9997    0.0    0.0    0.0    1.0
C0G650 1999021711  -9997   24.8  -9997    1.0  202.5    0.0    1.0
C0G650 1999021712  -9997   25.5  -9997    0.4  292.5    0.0    1.0
C0G650 1999021713  -9997   26.8  -9997    1.2  270.0    0.0    1.0
C0G650 1999021714  -9997   26.8  -9997    1.3  225.0    0.0   -9.6
C0G650 1999021715  -9997   26.2  -9997    1.0  270.0    0.0    1.8
C0G650 1999021716  -9997   24.8  -9997    0.6  337.5    0.0    0.7
C0G650 1999021717  -9997   23.9  -9997    0.1    0.0    0.0    0.8
C0G650 1999021718  -9997   22.1  -9997    0.1    0.0    0.0    0.0
C0G650 1999021719  -9997   20.5  -9997    0.0    0.0    0.0    0.0
C0G650 1999021720  -9997   19.4  -9997    0.0    0.0    0.0    0.0
C0G650 1999021721  -9997   19.0  -9997    0.0    0.0    0.0    0.0
C0G650 1999021722  -9997   18.6  -9997    0.0    0.0    0.0    0.0
C0G650 1999021723  -9997   16.9  -9997    0.0    0.0    0.0    0.0
C0G650 1999021724  -9997   18.5  -9997    0.0    0.0    0.0    0.0
C0G650 1999021801  -9997   18.4  -9997    0.0    0.0    0.0    0.0
C0G650 1999021802  -9997   16.9  -9997    0.0    0.0    0.0    0.0
C0G650 1999021803  -9997   17.1  -9997    0.0    0.0    0.0    0.0
C0G650 1999021804  -9997   17.6  -9997    0.0    0.0    0.0    0.0
C0G650 1999021805  -9997   17.4  -9997    0.0    0.0    0.0    0.0
C0G650 1999021806  -9997   16.6  -9997    0.0    0.0    0.0    0.0
C0G650 1999021807  -9997   16.3  -9997    0.0    0.0    0.0    0.0
C0G650 1999021808  -9997   20.7  -9997    0.0    0.0    0.0    0.7
C0G650 1999021809  -9997   23.1  -9997    0.0    0.0    0.0    1.0
C0G650 1999021810  -9997   25.3  -9997    1.1   67.5    0.0    1.0
C0G650 1999021811  -9997   26.2  -9997    1.7   45.0    0.0    1.0
C0G650 1999021812  -9997   27.8  -9997    1.5  360.0    0.0    1.0
C0G650 1999021813  -9997   27.0  -9997    1.9  315.0    0.0    1.0
C0G650 1999021814  -9997   26.0  -9997    1.1  337.5    0.0    0.8
C0G650 1999021815  -9997   24.8  -9997    2.4  360.0    0.0    0.8
C0G650 1999021816  -9997   23.7  -9997    2.3   22.5    0.0    0.9
C0G650 1999021817  -9997   22.4  -9997    2.3  360.0    0.0    0.9
C0G650 1999021818  -9997   19.9  -9997    1.9   22.5    0.0    0.2
C0G650 1999021819  -9997   18.3  -9997    0.4   22.5    0.0    0.0
C0G650 1999021820  -9997   17.4  -9997    1.3   22.5    0.0    0.0
C0G650 1999021821  -9997   16.9  -9997    1.2  360.0    0.0    0.0
C0G650 1999021822  -9997   16.6  -9997    0.6  360.0    0.0    0.0
C0G650 1999021823  -9997   16.4  -9997    0.4  360.0    0.0    0.0
C0G650 1999021824  -9997   15.9  -9997    0.0    0.0    0.0    0.0
C0G650 1999021901  -9997   16.2  -9997    0.3  360.0    0.0    0.0
C0G650 1999021902  -9997   16.2  -9997    1.4  360.0    0.0    0.0
C0G650 1999021903  -9997   15.6  -9997    1.4  360.0    0.0    0.0
C0G650 1999021904  -9997   15.2  -9997    1.8  360.0    0.0   -9.6
C0G650 1999021905  -9997   14.7  -9997    1.4  360.0    0.0    0.0
C0G650 1999021906  -9997   14.4  -9997    0.9  360.0    0.0   -9.6
C0G650 1999021907  -9997   14.3  -9997    1.0  360.0    0.0    0.0
C0G650 1999021908  -9997   14.3  -9997    1.4   22.5    0.0    0.0
C0G650 1999021909  -9997   15.3  -9997    1.5   22.5    0.0    0.1
C0G650 1999021910  -9997   17.5  -9997    1.3  360.0    0.0    1.0
C0G650 1999021911  -9997   18.0  -9997    2.6  360.0    0.0    1.0
C0G650 1999021912  -9997   19.5  -9997    1.2  360.0    0.0    1.0
C0G650 1999021913  -9997   19.6  -9997    0.8  360.0    0.0    0.6
C0G650 1999021914  -9997   19.1  -9997    1.5  360.0    0.0    0.1
C0G650 1999021915  -9997   18.4  -9997    1.8   22.5    0.0    0.5
C0G650 1999021916  -9997   17.0  -9997    2.4  360.0    0.0    0.3
C0G650 1999021917  -9997   14.8  -9997    1.1  360.0    0.0    0.0
C0G650 1999021918  -9997   13.6  -9997    0.5  360.0    0.0    0.0
C0G650 1999021919  -9997   13.4  -9997    1.2  360.0    0.0    0.0
C0G650 1999021920  -9997   12.5  -9997    1.9  360.0    0.0   -9.6
C0G650 1999021921  -9997   12.0  -9997    0.6  360.0    0.0    0.0
C0G650 1999021922  -9997   11.6  -9997    0.3  360.0    0.0    0.0
C0G650 1999021923  -9997   11.1  -9997    0.8   22.5    0.0    0.0
C0G650 1999021924  -9997   10.5  -9997    0.7   22.5    0.0    0.0
C0G650 1999022001  -9997   10.8  -9997    1.1  360.0    0.0    0.0
C0G650 1999022002  -9997   11.1  -9997    0.5   22.5    0.0    0.0
C0G650 1999022003  -9997   11.2  -9997    0.1    0.0    0.0    0.0
C0G650 1999022004  -9997   11.1  -9997    0.3   45.0    0.0    0.0
C0G650 1999022005  -9997   10.9  -9997    1.0  360.0    0.0    0.0
C0G650 1999022006  -9997   11.2  -9997    0.2    0.0    0.0    0.0
C0G650 1999022007  -9997   11.4  -9997    0.1    0.0    0.0    0.0
C0G650 1999022008  -9997   11.5  -9997    0.8   45.0    0.5    0.0
C0G650 1999022009  -9997   11.9  -9997    0.7  360.0    0.0    0.0
C0G650 1999022010  -9997   12.2  -9997    0.8   22.5    0.0    0.0
C0G650 1999022011  -9997   12.3  -9997    0.7  360.0    0.0    0.0
C0G650 1999022012  -9997   12.9  -9997    0.2    0.0    0.0    0.0
C0G650 1999022013  -9997   13.1  -9997    0.8   22.5    0.0    0.0
C0G650 1999022014  -9997   12.9  -9997    0.7   22.5    0.0    0.0
C0G650 1999022015  -9997   12.3  -9997    1.3   45.0    0.0    0.0
C0G650 1999022016  -9997   12.4  -9997    0.4  360.0    0.0    0.0
C0G650 1999022017  -9997   12.8  -9997    0.5   22.5    0.0    0.0
C0G650 1999022018  -9997   12.4  -9997    0.9   22.5    0.0    0.0
C0G650 1999022019  -9997   12.2  -9997    0.7  360.0    0.0    0.0
C0G650 1999022020  -9997   12.1  -9997    0.7   22.5    0.0    0.0
C0G650 1999022021  -9997   12.3  -9997    0.1    0.0    0.0    0.0
C0G650 1999022022  -9997   12.3  -9997    0.1    0.0    0.0    0.0
C0G650 1999022023  -9997   12.3  -9997    0.6  360.0    0.0    0.0
C0G650 1999022024  -9997   12.2  -9997    0.0    0.0    0.0    0.0
C0G650 1999022101  -9997   12.5  -9997    0.0    0.0    0.0    0.0
C0G650 1999022102  -9997   12.3  -9997    0.3   67.5    0.0    0.0
C0G650 1999022103  -9997   12.3  -9997    0.0    0.0    0.0    0.0
C0G650 1999022104  -9997   12.4  -9997    0.0    0.0    0.0    0.0
C0G650 1999022105  -9997   12.4  -9997    0.1    0.0    0.0    0.0
C0G650 1999022106  -9997   12.4  -9997    0.1    0.0    0.0    0.0
C0G650 1999022107  -9997   12.5  -9997    0.2    0.0    0.0    0.0
C0G650 1999022108  -9997   13.0  -9997    0.4  360.0    0.0    0.0
C0G650 1999022109  -9997   13.9  -9997    0.1    0.0    0.0    0.0
C0G650 1999022110  -9997   15.8  -9997    0.1    0.0    0.0   -9.6
C0G650 1999022111  -9997   17.2  -9997    0.5  337.5    0.0    0.9
C0G650 1999022112  -9997   19.2  -9997    0.1    0.0    0.0    0.9
C0G650 1999022113  -9997   19.4  -9997    0.0    0.0    0.0    0.9
C0G650 1999022114  -9997   20.7  -9997    0.1    0.0    0.0    0.5
C0G650 1999022115  -9997   19.7  -9997    1.4  360.0    0.0    0.3
C0G650 1999022116  -9997   18.2  -9997    0.5  315.0    0.0    0.1
C0G650 1999022117  -9997   17.2  -9997    0.1    0.0    0.0    0.0
C0G650 1999022118  -9997   16.0  -9997    0.5  360.0    0.0    0.0
C0G650 1999022119  -9997   15.2  -9997    0.6   22.5    0.0    0.0
C0G650 1999022120  -9997   14.8  -9997    0.4   45.0    0.0    0.0
C0G650 1999022121  -9997   14.2  -9997    0.7  360.0    0.0    0.0
C0G650 1999022122  -9997   14.1  -9997    0.1    0.0    0.0    0.0
C0G650 1999022123  -9997   13.9  -9997    0.0    0.0    0.0    0.0
C0G650 1999022124  -9997   14.0  -9997    0.0    0.0    0.0    0.0
C0G650 1999022201  -9997   13.6  -9997    0.0    0.0    0.0    0.0
C0G650 1999022202  -9997   13.8  -9997    0.0    0.0    0.0    0.0
C0G650 1999022203  -9997   13.5  -9997    0.0    0.0    0.0    0.0
C0G650 1999022204  -9997   13.8  -9997    0.0    0.0    0.0    0.0
C0G650 1999022205  -9997   14.1  -9997    0.1    0.0    0.0   -9.6
C0G650 1999022206  -9997   14.0  -9997    0.0    0.0    0.0    0.0
C0G650 1999022207  -9997   14.3  -9997    0.4   22.5    0.0    0.0
C0G650 1999022208  -9997   15.1  -9997    0.4  360.0    0.0   -9.6
C0G650 1999022209  -9997   16.3  -9997    0.1    0.0    0.0    0.0
C0G650 1999022210  -9997   18.1  -9997    0.0    0.0    0.0    0.6
C0G650 1999022211  -9997   20.9  -9997    0.1    0.0    0.0    0.7
C0G650 1999022212  -9997   21.4  -9997    0.9  360.0    0.0   -9.6
C0G650 1999022213  -9997   22.1  -9997    0.5  360.0    0.0    2.0
C0G650 1999022214  -9997   22.4  -9997    1.1  315.0    0.0    0.8
C0G650 1999022215  -9997   20.8  -9997    2.3  360.0    0.0    0.9
C0G650 1999022216  -9997   20.9  -9997    0.4  360.0    0.0    1.0
C0G650 1999022217  -9997   20.5  -9997    0.4   22.5    0.0    0.6
C0G650 1999022218  -9997   19.4  -9997    0.0    0.0    0.0    0.0
C0G650 1999022219  -9997   17.8  -9997    0.4  360.0    0.0    0.0
C0G650 1999022220  -9997   17.1  -9997    0.1    0.0    0.0    0.0
C0G650 1999022221  -9997   16.7  -9997    0.4  360.0    0.0   -9.6
C0G650 1999022222  -9997   16.4  -9997    0.1    0.0    0.0    0.0
C0G650 1999022223  -9997   16.0  -9997    0.1    0.0    0.0    0.0
C0G650 1999022224  -9997   15.7  -9997    0.0    0.0    0.0    0.0
C0G650 1999022301  -9997   15.6  -9997    0.4   22.5    0.0    0.0
C0G650 1999022302  -9997   15.7  -9997    0.6   22.5    0.0    0.0
C0G650 1999022303  -9997   15.5  -9997    0.7   22.5    0.0    0.0
C0G650 1999022304  -9997   14.6  -9997    0.0    0.0    0.0    0.0
C0G650 1999022305  -9997   13.5  -9997    0.0    0.0    0.0    0.0
C0G650 1999022306  -9997   13.3  -9997    0.0    0.0    0.0    0.0
C0G650 1999022307  -9997   13.5  -9997    0.0    0.0    0.0   -9.6
C0G650 1999022308  -9997   16.3  -9997    0.0    0.0    0.0    0.6
C0G650 1999022309  -9997   20.1  -9997    0.0    0.0    0.0    1.0
C0G650 1999022310  -9997   22.7  -9997    0.0    0.0    0.0    1.0
C0G650 1999022311  -9997   25.0  -9997    0.4  292.5    0.0    1.0
C0G650 1999022312  -9997   25.6  -9997    0.0    0.0    0.0    1.0
C0G650 1999022313  -9997   27.8  -9997    0.6  270.0    0.0    1.0
C0G650 1999022314  -9997   26.0  -9997    0.6  315.0    0.0    0.8
C0G650 1999022315  -9997   26.4  -9997    0.6  292.5    0.0    0.7
C0G650 1999022316  -9997   23.9  -9997    0.4  337.5    0.0    1.0
C0G650 1999022317  -9997   23.0  -9997    0.1    0.0    0.0    0.8
C0G650 1999022318  -9997   21.3  -9997    0.3  292.5    0.0    0.0
C0G650 1999022319  -9997   20.3  -9997    0.0    0.0    0.0    0.0
C0G650 1999022320  -9997   19.6  -9997    0.0    0.0    0.0    0.0
C0G650 1999022321  -9997   18.9  -9997  -9997  -9997    0.0    0.0
C0G650 1999022322  -9997   18.3  -9997    0.0    0.0    0.0    0.0
C0G650 1999022323  -9997   18.1  -9997    0.0    0.0    0.0    0.0
C0G650 1999022324  -9997   17.8  -9997    0.0    0.0    0.0    0.0
C0G650 1999022401  -9997   17.3  -9997    0.0    0.0    0.0    0.0
C0G650 1999022402  -9997   18.1  -9997    0.1    0.0    0.0    0.0
C0G650 1999022403  -9997   18.3  -9997    0.0    0.0    0.0    0.0
C0G650 1999022404  -9997   18.6  -9997    0.0    0.0    0.0    0.0
C0G650 1999022405  -9997   18.6  -9997    0.0    0.0    0.0    0.0
C0G650 1999022406  -9997   18.2  -9997    0.0    0.0    0.0    0.0
C0G650 1999022407  -9997   18.8  -9997    0.0    0.0    0.0    0.0
C0G650 1999022408  -9997   21.4  -9997    0.0    0.0    0.0    0.4
C0G650 1999022409  -9997   23.4  -9997    0.0    0.0    0.0    1.0
C0G650 1999022410  -9997   25.9  -9997    0.4  360.0    0.0   -9.6
C0G650 1999022411  -9997   27.5  -9997  -9997  -9997    0.0    2.0
C0G650 1999022412  -9997   28.9  -9997    0.1    0.0    0.0    1.0
C0G650 1999022413  -9997   28.9  -9997    0.7  292.5    0.0    1.0
C0G650 1999022414  -9997   27.5  -9997    1.5  360.0    0.0   -9.6
C0G650 1999022415  -9997   27.5  -9997    1.3  360.0    0.0    1.7
C0G650 1999022416  -9997   26.8  -9997    0.8  337.5    0.0    1.0
C0G650 1999022417  -9997   26.4  -9997    0.8  292.5    0.0    0.8
C0G650 1999022418  -9997   24.5  -9997    0.0    0.0    0.0    0.0
C0G650 1999022419  -9997   23.2  -9997    0.0    0.0    0.0    0.0
C0G650 1999022420  -9997   22.1  -9997    0.0    0.0    0.0    0.0
C0G650 1999022421  -9997   20.7  -9997    0.0    0.0    0.0    0.0
C0G650 1999022422  -9997   20.4  -9997    0.0    0.0    0.0    0.0
C0G650 1999022423  -9997   20.9  -9997    0.0    0.0    0.0    0.0
C0G650 1999022424  -9997   21.0  -9997    0.0    0.0    0.0    0.0
C0G650 1999022501  -9997   20.9  -9997    0.0    0.0    0.0   -9.6
C0G650 1999022502  -9997   21.2  -9997    0.0    0.0    0.0    0.0
C0G650 1999022503  -9997   21.1  -9997    0.0    0.0    0.0    0.0
C0G650 1999022504  -9997   20.7  -9997    0.0    0.0    0.0    0.0
C0G650 1999022505  -9997   20.4  -9997    0.0    0.0    0.0    0.0
C0G650 1999022506  -9997   19.8  -9997    0.0    0.0    0.0    0.0
C0G650 1999022507  -9997   19.9  -9997    0.0    0.0    0.0    0.0
C0G650 1999022508  -9997   22.1  -9997    1.0   22.5    0.0    0.3
C0G650 1999022509  -9997   24.5  -9997    0.0    0.0    0.0    1.0
C0G650 1999022510  -9997   27.2  -9997    0.0    0.0    0.0   -9.6
C0G650 1999022511  -9997   28.3  -9997    0.5  315.0    0.0    2.0
C0G650 1999022512  -9997   28.3  -9997    0.4  360.0    0.0    1.0
C0G650 1999022513  -9997   27.5  -9997    1.5  360.0    0.0    1.0
C0G650 1999022514  -9997   27.4  -9997    0.9  337.5    0.0    0.9
C0G650 1999022515  -9997   27.6  -9997    0.8  270.0    0.0    0.2
C0G650 1999022516  -9997   26.6  -9997    1.5  270.0    0.0   -9.6
C0G650 1999022517  -9997   25.1  -9997    0.9  292.5    0.0    0.0
C0G650 1999022518  -9997   23.8  -9997    0.1    0.0    0.0    0.0
C0G650 1999022519  -9997   23.0  -9997    0.0    0.0    0.0    0.0
C0G650 1999022520  -9997   22.8  -9997    0.0    0.0    0.0    0.0
C0G650 1999022521  -9997   22.3  -9997    0.1    0.0    0.0    0.0
C0G650 1999022522  -9997   21.4  -9997    0.0    0.0    0.0    0.0
C0G650 1999022523  -9997   20.7  -9997    0.0    0.0    0.0    0.0
C0G650 1999022524  -9997   20.4  -9997    0.0    0.0    0.0    0.0
C0G650 1999022601  -9997   21.2  -9997    0.0    0.0    0.0    0.0
C0G650 1999022602  -9997  -9997  -9997    0.0    0.0    0.0   -9.6
C0G650 1999022603  -9997   21.1  -9997    0.0    0.0    0.0   -9.6
C0G650 1999022604  -9997   21.6  -9997    0.0    0.0    0.0    0.0
C0G650 1999022605  -9997   21.4  -9997    0.0    0.0    0.0    0.0
C0G650 1999022606  -9997   21.3  -9997    0.0    0.0    0.0    0.0
C0G650 1999022607  -9997   21.4  -9997    0.0    0.0    0.0    0.0
C0G650 1999022608  -9997   22.1  -9997    0.0    0.0    0.0    0.0
C0G650 1999022609  -9997   23.4  -9997    0.0    0.0    0.0    0.1
C0G650 1999022610  -9997   27.2  -9997    0.4  180.0    0.0    1.0
C0G650 1999022611  -9997   27.8  -9997    1.1  270.0    0.0    1.0
C0G650 1999022612  -9997   28.6  -9997    1.3  270.0    0.0    1.0
C0G650 1999022613  -9997   29.1  -9997    1.4  225.0    0.0    0.9
C0G650 1999022614  -9997   29.7  -9997    1.3  247.5    0.0    0.8
C0G650 1999022615  -9997   29.4  -9997    1.2  270.0    0.0    0.9
C0G650 1999022616  -9997   29.3  -9997    1.0  270.0    0.0    1.0
C0G650 1999022617  -9997   28.0  -9997    0.6  270.0    0.0    1.0
C0G650 1999022618  -9997   25.2  -9997    1.4  270.0    0.0    0.0
C0G650 1999022619  -9997   23.7  -9997    0.0    0.0    0.0    0.0
C0G650 1999022620  -9997   22.8  -9997    0.0    0.0    0.0    0.0
C0G650 1999022621  -9997   21.8  -9997    0.0    0.0    0.0    0.0
C0G650 1999022622  -9997   21.2  -9997    0.0    0.0    0.0    0.0
C0G650 1999022623  -9997   20.2  -9997    0.0    0.0    0.0    0.0
C0G650 1999022624  -9997   20.7  -9997    0.0    0.0    0.0    0.0
C0G650 1999022701  -9997   20.4  -9997    0.0    0.0    0.0    0.0
C0G650 1999022702  -9997   20.3  -9997    0.0    0.0    0.0   -9.6
C0G650 1999022703  -9997   19.9  -9997    0.0    0.0    0.0    0.0
C0G650 1999022704  -9997   19.0  -9997    0.0    0.0    0.0    0.0
C0G650 1999022705  -9997   19.5  -9997    0.0    0.0    0.0    0.0
C0G650 1999022706  -9997   20.7  -9997    0.1    0.0    0.0    0.0
C0G650 1999022707  -9997   20.6  -9997    0.4   22.5    0.0    0.0
C0G650 1999022708  -9997   22.0  -9997    1.2   22.5    0.0    0.0
C0G650 1999022709  -9997   22.9  -9997    1.8   22.5    0.0    1.0
C0G650 1999022710  -9997   23.2  -9997    1.2   45.0    0.0    0.5
C0G650 1999022711  -9997   24.0  -9997    1.6  360.0    0.0    1.0
C0G650 1999022712  -9997   23.5  -9997    1.7  360.0    0.0   -9.6
C0G650 1999022713  -9997   22.0  -9997    2.7  360.0    0.0    2.0
C0G650 1999022714  -9997   22.2  -9997    1.9   22.5    0.0    0.7
C0G650 1999022715  -9997   21.4  -9997    1.9  360.0    0.0    0.8
C0G650 1999022716  -9997   19.8  -9997    2.2  360.0    0.0    1.0
C0G650 1999022717  -9997   18.3  -9997    1.5   22.5    0.0    0.9
C0G650 1999022718  -9997   17.3  -9997    1.3   22.5    0.0    0.0
C0G650 1999022719  -9997   16.7  -9997    0.7  360.0    0.0    0.0
C0G650 1999022720  -9997   16.3  -9997    0.7  360.0    0.0    0.0
C0G650 1999022721  -9997   15.9  -9997    0.9  360.0    0.0    0.0
C0G650 1999022722  -9997   15.8  -9997    0.0    0.0    0.0    0.0
C0G650 1999022723  -9997   16.0  -9997    0.1    0.0    0.0    0.0
C0G650 1999022724  -9997   15.7  -9997    0.3   22.5    0.0    0.0
C0G650 1999022801  -9997   15.7  -9997    0.0    0.0    0.0    0.0
C0G650 1999022802  -9997   15.7  -9997    0.0    0.0    0.0   -9.6
C0G650 1999022803  -9997   15.4  -9997    0.1    0.0    0.0    0.0
C0G650 1999022804  -9997   15.1  -9997    0.0    0.0    0.0    0.0
C0G650 1999022805  -9997   15.0  -9997    0.0    0.0    0.0    0.0
C0G650 1999022806  -9997   15.5  -9997    0.0    0.0    0.0    0.0
C0G650 1999022807  -9997   15.9  -9997    0.0    0.0    0.0    0.0
C0G650 1999022808  -9997   16.4  -9997    0.0    0.0    0.0    0.0
C0G650 1999022809  -9997   17.6  -9997    0.5   67.5    0.0    0.5
C0G650 1999022810  -9997   20.3  -9997    0.2    0.0    0.0   -9.6
C0G650 1999022811  -9997   21.5  -9997    0.2    0.0    0.0    2.0
C0G650 1999022812  -9997   22.3  -9997    0.0    0.0    0.0    1.0
C0G650 1999022813  -9997   23.2  -9997    0.6   45.0    0.0    1.0
C0G650 1999022814  -9997   22.7  -9997    2.4  360.0    0.0    1.0
C0G650 1999022815  -9997   22.6  -9997    1.2  337.5    0.0    1.0
C0G650 1999022816  -9997   22.5  -9997    0.8  360.0    0.0    0.9
C0G650 1999022817  -9997   21.2  -9997    0.2    0.0    0.0    0.7
C0G650 1999022818  -9997   19.3  -9997    0.7  337.5    0.0    0.0
C0G650 1999022819  -9997   18.5  -9997    0.4  360.0    0.0    0.0
C0G650 1999022820  -9997   17.5  -9997    0.2    0.0    0.0    0.0
C0G650 1999022821  -9997   16.5  -9997    0.2    0.0    0.0    0.0
C0G650 1999022822  -9997   16.3  -9997    0.0    0.0    0.0    0.0
C0G650 1999022823  -9997   16.0  -9997    0.0    0.0    0.0    0.0
C0G650 1999022824  -9997   15.8  -9997    0.0    0.0    0.0    0.0
C0G660 1999020101  -9999  -9999  -9999  -9999  -9999    0.0  -9999
C0G660 1999020102  -9999  -9999  -9999  -9999  -9999    0.0  -9999
C0G660 1999020103  -9999  -9999  -9999  -9999  -9999    0.0  -9999
C0G660 1999020104  -9999  -9999  -9999  -9999  -9999    0.0  -9999
C0G660 1999020105  -9999  -9999  -9999  -9999  -9999    0.0  -9999
C0G660 1999020106  -9999  -9999  -9999  -9999  -9999    0.0  -9999
C0G660 1999020107  -9999  -9999  -9999  -9999  -9999    0.0  -9999
C0G660 1999020108  -9999  -9999  -9999  -9999  -9999    0.0  -9999
C0G660 1999020109  -9999  -9999  -9999  -9999  -9999    0.0  -9999
C0G660 1999020110  -9999  -9999  -9999  -9999  -9999    0.0  -9999
C0G660 1999020111  -9999  -9999  -9999  -9999  -9999    0.0  -9999
C0G660 1999020112  -9999  -9999  -9999  -9999  -9999    0.0  -9999
C0G660 1999020113  -9999  -9999  -9999  -9999  -9999    0.0  -9999
C0G660 1999020114  -9999  -9999  -9999  -9999  -9999    0.0  -9999
C0G660 1999020115  -9999  -9999  -9999  -9999  -9999    0.0  -9999
C0G660 1999020116  -9999  -9999  -9999  -9999  -9999    0.0  -9999
C0G660 1999020117  -9999  -9999  -9999  -9999  -9999    0.0  -9999
C0G660 1999020118  -9999  -9999  -9999  -9999  -9999    0.0  -9999
C0G660 1999020119  -9999  -9999  -9999  -9999  -9999    0.0  -9999
C0G660 1999020120  -9999  -9999  -9999  -9999  -9999    0.0  -9999
C0G660 1999020121  -9999  -9999  -9999  -9999  -9999    0.0  -9999
C0G660 1999020122  -9999  -9999  -9999  -9999  -9999    0.0  -9999
C0G660 1999020123  -9999  -9999  -9999  -9999  -9999    0.0  -9999
C0G660 1999020124  -9999  -9999  -9999  -9999  -9999    0.0  -9999
C0G660 1999020201  -9999  -9999  -9999  -9999  -9999    0.0  -9999
C0G660 1999020202  -9999  -9999  -9999  -9999  -9999    0.0  -9999
C0G660 1999020203  -9999  -9999  -9999  -9999  -9999    0.0  -9999
C0G660 1999020204  -9999  -9999  -9999  -9999  -9999    0.0  -9999
C0G660 1999020205  -9999  -9999  -9999  -9999  -9999    0.0  -9999
C0G660 1999020206  -9999  -9999  -9999  -9999  -9999    0.0  -9999
C0G660 1999020207  -9999  -9999  -9999  -9999  -9999    0.0  -9999
C0G660 1999020208  -9999  -9999  -9999  -9999  -9999    0.0  -9999
C0G660 1999020209  -9999  -9999  -9999  -9999  -9999    0.0  -9999
C0G660 1999020210  -9999  -9999  -9999  -9999  -9999    0.0  -9999
C0G660 1999020211  -9999  -9999  -9999  -9999  -9999    1.0  -9999
C0G660 1999020212  -9999  -9999  -9999  -9999  -9999    0.0  -9999
C0G660 1999020213  -9999  -9999  -9999  -9999  -9999    0.0  -9999
C0G660 1999020214  -9999  -9999  -9999  -9999  -9999    0.0  -9999
C0G660 1999020215  -9999  -9999  -9999  -9999  -9999    0.0  -9999
C0G660 1999020216  -9999  -9999  -9999  -9999  -9999    0.0  -9999
C0G660 1999020217  -9999  -9999  -9999  -9999  -9999    0.0  -9999
C0G660 1999020218  -9999  -9999  -9999  -9999  -9999    0.0  -9999
C0G660 1999020219  -9999  -9999  -9999  -9999  -9999    0.0  -9999
C0G660 1999020220  -9999  -9999  -9999  -9999  -9999    0.0  -9999
C0G660 1999020221  -9999  -9999  -9999  -9999  -9999    0.0  -9999
C0G660 1999020222  -9999  -9999  -9999  -9999  -9999    0.0  -9999
C0G660 1999020223  -9999  -9999  -9999  -9999  -9999    0.0  -9999
C0G660 1999020224  -9999  -9999  -9999  -9999  -9999    0.0  -9999
C0G660 1999020301  -9999  -9999  -9999  -9999  -9999    0.0  -9999
C0G660 1999020302  -9999  -9999  -9999  -9999  -9999    0.0  -9999
C0G660 1999020303  -9999  -9999  -9999  -9999  -9999    0.0  -9999
C0G660 1999020304  -9999  -9999  -9999  -9999  -9999    0.0  -9999
C0G660 1999020305  -9999  -9999  -9999  -9999  -9999    0.0  -9999
C0G660 1999020306  -9999  -9999  -9999  -9999  -9999    0.0  -9999
C0G660 1999020307  -9999  -9999  -9999  -9999  -9999    0.0  -9999
C0G660 1999020308  -9999  -9999  -9999  -9999  -9999    0.0  -9999
C0G660 1999020309  -9999  -9999  -9999  -9999  -9999    0.0  -9999
C0G660 1999020310  -9999  -9999  -9999  -9999  -9999    0.0  -9999
C0G660 1999020311  -9999  -9999  -9999  -9999  -9999    0.0  -9999
C0G660 1999020312  -9999  -9999  -9999  -9999  -9999    0.0  -9999
C0G660 1999020313  -9999  -9999  -9999  -9999  -9999    0.0  -9999
C0G660 1999020314  -9999  -9999  -9999  -9999  -9999    0.0  -9999
C0G660 1999020315  -9999  -9999  -9999  -9999  -9999    0.0  -9999
C0G660 1999020316  -9999  -9999  -9999  -9999  -9999    0.0  -9999
C0G660 1999020317  -9999  -9999  -9999  -9999  -9999    0.0  -9999
C0G660 1999020318  -9999  -9999  -9999  -9999  -9999    0.0  -9999
C0G660 1999020319  -9999  -9999  -9999  -9999  -9999    0.0  -9999
C0G660 1999020320  -9999  -9999  -9999  -9999  -9999    0.0  -9999
C0G660 1999020321  -9999  -9999  -9999  -9999  -9999    0.0  -9999
C0G660 1999020322  -9999  -9999  -9999  -9999  -9999    0.0  -9999
C0G660 1999020323  -9999  -9999  -9999  -9999  -9999    0.0  -9999
C0G660 1999020324  -9999  -9999  -9999  -9999  -9999    0.0  -9999
C0G660 1999020401  -9999  -9999  -9999  -9999  -9999    0.0  -9999
C0G660 1999020402  -9999  -9999  -9999  -9999  -9999    0.0  -9999
C0G660 1999020403  -9999  -9999  -9999  -9999  -9999    0.0  -9999
C0G660 1999020404  -9999  -9999  -9999  -9999  -9999    0.0  -9999
C0G660 1999020405  -9999  -9999  -9999  -9999  -9999    0.0  -9999
C0G660 1999020406  -9999  -9999  -9999  -9999  -9999    0.0  -9999
C0G660 1999020407  -9999  -9999  -9999  -9999  -9999    0.0  -9999
C0G660 1999020408  -9999  -9999  -9999  -9999  -9999    0.0  -9999
C0G660 1999020409  -9999  -9999  -9999  -9999  -9999    0.0  -9999
C0G660 1999020410  -9999  -9999  -9999  -9999  -9999    0.0  -9999
C0G660 1999020411  -9999  -9999  -9999  -9999  -9999    0.0  -9999
C0G660 1999020412  -9999  -9999  -9999  -9999  -9999    0.0  -9999
C0G660 1999020413  -9999  -9999  -9999  -9999  -9999    0.0  -9999
C0G660 1999020414  -9999  -9999  -9999  -9999  -9999    0.0  -9999
C0G660 1999020415  -9999  -9999  -9999  -9999  -9999    0.0  -9999
C0G660 1999020416  -9999  -9999  -9999  -9999  -9999    0.0  -9999
C0G660 1999020417  -9999  -9999  -9999  -9999  -9999    0.0  -9999
C0G660 1999020418  -9999  -9999  -9999  -9999  -9999    0.0  -9999
C0G660 1999020419  -9999  -9999  -9999  -9999  -9999    0.0  -9999
C0G660 1999020420  -9999  -9999  -9999  -9999  -9999    0.0  -9999
C0G660 1999020421  -9999  -9999  -9999  -9999  -9999    0.0  -9999
C0G660 1999020422  -9999  -9999  -9999  -9999  -9999    0.0  -9999
C0G660 1999020423  -9999  -9999  -9999  -9999  -9999    0.0  -9999
C0G660 1999020424  -9999  -9999  -9999  -9999  -9999    0.0  -9999
C0G660 1999020501  -9999  -9999  -9999  -9999  -9999    0.0  -9999
C0G660 1999020502  -9999  -9999  -9999  -9999  -9999    0.0  -9999
C0G660 1999020503  -9999  -9999  -9999  -9999  -9999    0.0  -9999
C0G660 1999020504  -9999  -9999  -9999  -9999  -9999    0.0  -9999
C0G660 1999020505  -9999  -9999  -9999  -9999  -9999    0.0  -9999
C0G660 1999020506  -9999  -9999  -9999  -9999  -9999    0.0  -9999
C0G660 1999020507  -9999  -9999  -9999  -9999  -9999    0.0  -9999
C0G660 1999020508  -9999  -9999  -9999  -9999  -9999    0.0  -9999
C0G660 1999020509  -9999  -9999  -9999  -9999  -9999    0.0  -9999
C0G660 1999020510  -9999  -9999  -9999  -9999  -9999    0.0  -9999
C0G660 1999020511  -9999  -9999  -9999  -9999  -9999    0.0  -9999
C0G660 1999020512  -9999  -9999  -9999  -9999  -9999    0.0  -9999
C0G660 1999020513  -9999  -9999  -9999  -9999  -9999    0.0  -9999
C0G660 1999020514  -9999  -9999  -9999  -9999  -9999    0.0  -9999
C0G660 1999020515  -9999  -9999  -9999  -9999  -9999    0.0  -9999
C0G660 1999020516  -9999  -9999  -9999  -9999  -9999    0.0  -9999
C0G660 1999020517  -9999  -9999  -9999  -9999  -9999    0.0  -9999
C0G660 1999020518  -9999  -9999  -9999  -9999  -9999    0.0  -9999
C0G660 1999020519  -9999  -9999  -9999  -9999  -9999    0.0  -9999
C0G660 1999020520  -9999  -9999  -9999  -9999  -9999    0.0  -9999
C0G660 1999020521  -9999  -9999  -9999  -9999  -9999    0.0  -9999
C0G660 1999020522  -9999  -9999  -9999  -9999  -9999    0.0  -9999
C0G660 1999020523  -9999  -9999  -9999  -9999  -9999    0.0  -9999
C0G660 1999020524  -9999  -9999  -9999  -9999  -9999    0.0  -9999
C0G660 1999020601  -9999  -9999  -9999  -9999  -9999    0.0  -9999
C0G660 1999020602  -9999  -9999  -9999  -9999  -9999    0.0  -9999
C0G660 1999020603  -9999  -9999  -9999  -9999  -9999    0.0  -9999
C0G660 1999020604  -9999  -9999  -9999  -9999  -9999    0.0  -9999
C0G660 1999020605  -9999  -9999  -9999  -9999  -9999    0.0  -9999
C0G660 1999020606  -9999  -9999  -9999  -9999  -9999    0.0  -9999
C0G660 1999020607  -9999  -9999  -9999  -9999  -9999    0.0  -9999
C0G660 1999020608  -9999  -9999  -9999  -9999  -9999    0.0  -9999
C0G660 1999020609  -9999  -9999  -9999  -9999  -9999    0.0  -9999
C0G660 1999020610  -9999  -9999  -9999  -9999  -9999    0.0  -9999
C0G660 1999020611  -9999  -9999  -9999  -9999  -9999    0.0  -9999
C0G660 1999020612  -9999  -9999  -9999  -9999  -9999    0.0  -9999
C0G660 1999020613  -9999  -9999  -9999  -9999  -9999    0.0  -9999
C0G660 1999020614  -9999  -9999  -9999  -9999  -9999    0.0  -9999
C0G660 1999020615  -9999  -9999  -9999  -9999  -9999    0.0  -9999
C0G660 1999020616  -9999  -9999  -9999  -9999  -9999    0.0  -9999
C0G660 1999020617  -9999  -9999  -9999  -9999  -9999    0.0  -9999
C0G660 1999020618  -9999  -9999  -9999  -9999  -9999    0.0  -9999
C0G660 1999020619  -9999  -9999  -9999  -9999  -9999    0.0  -9999
C0G660 1999020620  -9999  -9999  -9999  -9999  -9999    0.0  -9999
C0G660 1999020621  -9999  -9999  -9999  -9999  -9999    0.0  -9999
C0G660 1999020622  -9999  -9999  -9999  -9999  -9999    0.0  -9999
C0G660 1999020623  -9999  -9999  -9999  -9999  -9999    0.0  -9999
C0G660 1999020624  -9999  -9999  -9999  -9999  -9999    0.0  -9999
C0G660 1999020701  -9999  -9999  -9999  -9999  -9999    0.0  -9999
C0G660 1999020702  -9999  -9999  -9999  -9999  -9999    0.0  -9999
C0G660 1999020703  -9999  -9999  -9999  -9999  -9999    0.0  -9999
C0G660 1999020704  -9999  -9999  -9999  -9999  -9999    0.0  -9999
C0G660 1999020705  -9999  -9999  -9999  -9999  -9999    0.0  -9999
C0G660 1999020706  -9999  -9999  -9999  -9999  -9999    0.0  -9999
C0G660 1999020707  -9999  -9999  -9999  -9999  -9999    0.0  -9999
C0G660 1999020708  -9999  -9999  -9999  -9999  -9999    0.0  -9999
C0G660 1999020709  -9999  -9999  -9999  -9999  -9999    0.0  -9999
C0G660 1999020710  -9999  -9999  -9999  -9999  -9999    0.0  -9999
C0G660 1999020711  -9999  -9999  -9999  -9999  -9999    0.0  -9999
C0G660 1999020712  -9999  -9999  -9999  -9999  -9999    0.0  -9999
C0G660 1999020713  -9999  -9999  -9999  -9999  -9999    0.0  -9999
C0G660 1999020714  -9999  -9999  -9999  -9999  -9999    0.0  -9999
C0G660 1999020715  -9999  -9999  -9999  -9999  -9999    0.0  -9999
C0G660 1999020716  -9999  -9999  -9999  -9999  -9999    0.0  -9999
C0G660 1999020717  -9999  -9999  -9999  -9999  -9999    0.0  -9999
C0G660 1999020718  -9999  -9999  -9999  -9999  -9999    0.0  -9999
C0G660 1999020719  -9999  -9999  -9999  -9999  -9999    0.0  -9999
C0G660 1999020720  -9999  -9999  -9999  -9999  -9999    0.0  -9999
C0G660 1999020721  -9999  -9999  -9999  -9999  -9999    0.0  -9999
C0G660 1999020722  -9999  -9999  -9999  -9999  -9999    0.0  -9999
C0G660 1999020723  -9999  -9999  -9999  -9999  -9999    0.0  -9999
C0G660 1999020724  -9999  -9999  -9999  -9999  -9999    0.0  -9999
C0G660 1999020801  -9999  -9999  -9999  -9999  -9999    0.0  -9999
C0G660 1999020802  -9999  -9999  -9999  -9999  -9999    0.0  -9999
C0G660 1999020803  -9999  -9999  -9999  -9999  -9999    0.0  -9999
C0G660 1999020804  -9999  -9999  -9999  -9999  -9999    0.0  -9999
C0G660 1999020805  -9999  -9999  -9999  -9999  -9999    0.0  -9999
C0G660 1999020806  -9999  -9999  -9999  -9999  -9999    0.0  -9999
C0G660 1999020807  -9999  -9999  -9999  -9999  -9999    0.0  -9999
C0G660 1999020808  -9999  -9999  -9999  -9999  -9999    0.0  -9999
C0G660 1999020809  -9999  -9999  -9999  -9999  -9999    0.0  -9999
C0G660 1999020810  -9999  -9999  -9999  -9999  -9999    0.0  -9999
C0G660 1999020811  -9999  -9999  -9999  -9999  -9999    0.0  -9999
C0G660 1999020812  -9999  -9999  -9999  -9999  -9999    0.0  -9999
C0G660 1999020813  -9999  -9999  -9999  -9999  -9999    0.0  -9999
C0G660 1999020814  -9999  -9999  -9999  -9999  -9999    0.0  -9999
C0G660 1999020815  -9999  -9999  -9999  -9999  -9999    0.0  -9999
C0G660 1999020816  -9999  -9999  -9999  -9999  -9999    0.0  -9999
C0G660 1999020817  -9999  -9999  -9999  -9999  -9999    0.0  -9999
C0G660 1999020818  -9999  -9999  -9999  -9999  -9999    0.0  -9999
C0G660 1999020819  -9999  -9999  -9999  -9999  -9999    0.0  -9999
C0G660 1999020820  -9999  -9999  -9999  -9999  -9999    0.0  -9999
C0G660 1999020821  -9999  -9999  -9999  -9999  -9999    0.0  -9999
C0G660 1999020822  -9999  -9999  -9999  -9999  -9999    0.0  -9999
C0G660 1999020823  -9999  -9999  -9999  -9999  -9999    0.0  -9999
C0G660 1999020824  -9999  -9999  -9999  -9999  -9999    0.0  -9999
C0G660 1999020901  -9999  -9999  -9999  -9999  -9999    0.0  -9999
C0G660 1999020902  -9999  -9999  -9999  -9999  -9999    0.0  -9999
C0G660 1999020903  -9999  -9999  -9999  -9999  -9999    0.0  -9999
C0G660 1999020904  -9999  -9999  -9999  -9999  -9999    0.0  -9999
C0G660 1999020905  -9999  -9999  -9999  -9999  -9999    0.0  -9999
C0G660 1999020906  -9999  -9999  -9999  -9999  -9999    0.0  -9999
C0G660 1999020907  -9999  -9999  -9999  -9999  -9999    0.0  -9999
C0G660 1999020908  -9999  -9999  -9999  -9999  -9999    0.0  -9999
C0G660 1999020909  -9999  -9999  -9999  -9999  -9999    0.0  -9999
C0G660 1999020910  -9999  -9999  -9999  -9999  -9999    0.0  -9999
C0G660 1999020911  -9999  -9999  -9999  -9999  -9999    0.0  -9999
C0G660 1999020912  -9999  -9999  -9999  -9999  -9999    0.0  -9999
C0G660 1999020913  -9999  -9999  -9999  -9999  -9999    0.0  -9999
C0G660 1999020914  -9999  -9999  -9999  -9999  -9999    0.0  -9999
C0G660 1999020915  -9999  -9999  -9999  -9999  -9999    0.0  -9999
C0G660 1999020916  -9999  -9999  -9999  -9999  -9999    0.0  -9999
C0G660 1999020917  -9999  -9999  -9999  -9999  -9999    0.0  -9999
C0G660 1999020918  -9999  -9999  -9999  -9999  -9999    0.0  -9999
C0G660 1999020919  -9999  -9999  -9999  -9999  -9999    0.0  -9999
C0G660 1999020920  -9999  -9999  -9999  -9999  -9999    0.0  -9999
C0G660 1999020921  -9999  -9999  -9999  -9999  -9999    0.0  -9999
C0G660 1999020922  -9999  -9999  -9999  -9999  -9999    0.0  -9999
C0G660 1999020923  -9999  -9999  -9999  -9999  -9999    0.0  -9999
C0G660 1999020924  -9999  -9999  -9999  -9999  -9999    0.0  -9999
C0G660 1999021001  -9999  -9999  -9999  -9999  -9999    0.0  -9999
C0G660 1999021002  -9999  -9999  -9999  -9999  -9999    0.0  -9999
C0G660 1999021003  -9999  -9999  -9999  -9999  -9999    0.0  -9999
C0G660 1999021004  -9999  -9999  -9999  -9999  -9999    0.0  -9999
C0G660 1999021005  -9999  -9999  -9999  -9999  -9999    0.0  -9999
C0G660 1999021006  -9999  -9999  -9999  -9999  -9999    0.0  -9999
C0G660 1999021007  -9999  -9999  -9999  -9999  -9999    0.0  -9999
C0G660 1999021008  -9999  -9999  -9999  -9999  -9999    0.0  -9999
C0G660 1999021009  -9999  -9999  -9999  -9999  -9999    0.0  -9999
C0G660 1999021010  -9999  -9999  -9999  -9999  -9999    0.0  -9999
C0G660 1999021011  -9999  -9999  -9999  -9999  -9999    0.0  -9999
C0G660 1999021012  -9999  -9999  -9999  -9999  -9999    0.0  -9999
C0G660 1999021013  -9999  -9999  -9999  -9999  -9999    0.0  -9999
C0G660 1999021014  -9999  -9999  -9999  -9999  -9999    0.0  -9999
C0G660 1999021015  -9999  -9999  -9999  -9999  -9999    0.0  -9999
C0G660 1999021016  -9999  -9999  -9999  -9999  -9999    0.0  -9999
C0G660 1999021017  -9999  -9999  -9999  -9999  -9999    0.0  -9999
C0G660 1999021018  -9999  -9999  -9999  -9999  -9999    0.0  -9999
C0G660 1999021019  -9999  -9999  -9999  -9999  -9999    0.0  -9999
C0G660 1999021020  -9999  -9999  -9999  -9999  -9999    0.0  -9999
C0G660 1999021021  -9999  -9999  -9999  -9999  -9999    0.0  -9999
C0G660 1999021022  -9999  -9999  -9999  -9999  -9999    0.0  -9999
C0G660 1999021023  -9999  -9999  -9999  -9999  -9999    0.0  -9999
C0G660 1999021024  -9999  -9999  -9999  -9999  -9999    0.0  -9999
C0G660 1999021101  -9999  -9999  -9999  -9999  -9999    0.0  -9999
C0G660 1999021102  -9999  -9999  -9999  -9999  -9999    0.0  -9999
C0G660 1999021103  -9999  -9999  -9999  -9999  -9999    0.0  -9999
C0G660 1999021104  -9999  -9999  -9999  -9999  -9999    0.0  -9999
C0G660 1999021105  -9999  -9999  -9999  -9999  -9999    0.0  -9999
C0G660 1999021106  -9999  -9999  -9999  -9999  -9999    0.0  -9999
C0G660 1999021107  -9999  -9999  -9999  -9999  -9999    0.0  -9999
C0G660 1999021108  -9999  -9999  -9999  -9999  -9999    0.0  -9999
C0G660 1999021109  -9999  -9999  -9999  -9999  -9999    0.0  -9999
C0G660 1999021110  -9999  -9999  -9999  -9999  -9999    0.0  -9999
C0G660 1999021111  -9999  -9999  -9999  -9999  -9999    0.0  -9999
C0G660 1999021112  -9999  -9999  -9999  -9999  -9999    0.0  -9999
C0G660 1999021113  -9999  -9999  -9999  -9999  -9999    0.0  -9999
C0G660 1999021114  -9999  -9999  -9999  -9999  -9999    0.0  -9999
C0G660 1999021115  -9999  -9999  -9999  -9999  -9999    0.0  -9999
C0G660 1999021116  -9999  -9999  -9999  -9999  -9999    0.0  -9999
C0G660 1999021117  -9999  -9999  -9999  -9999  -9999    0.0  -9999
C0G660 1999021118  -9999  -9999  -9999  -9999  -9999    0.0  -9999
C0G660 1999021119  -9999  -9999  -9999  -9999  -9999    0.0  -9999
C0G660 1999021120  -9999  -9999  -9999  -9999  -9999    0.0  -9999
C0G660 1999021121  -9999  -9999  -9999  -9999  -9999    0.0  -9999
C0G660 1999021122  -9999  -9999  -9999  -9999  -9999    0.0  -9999
C0G660 1999021123  -9999  -9999  -9999  -9999  -9999    0.0  -9999
C0G660 1999021124  -9999  -9999  -9999  -9999  -9999    0.0  -9999
C0G660 1999021201  -9999  -9999  -9999  -9999  -9999    0.0  -9999
C0G660 1999021202  -9999  -9999  -9999  -9999  -9999    0.0  -9999
C0G660 1999021203  -9999  -9999  -9999  -9999  -9999    0.0  -9999
C0G660 1999021204  -9999  -9999  -9999  -9999  -9999    0.0  -9999
C0G660 1999021205  -9999  -9999  -9999  -9999  -9999    0.0  -9999
C0G660 1999021206  -9999  -9999  -9999  -9999  -9999    0.0  -9999
C0G660 1999021207  -9999  -9999  -9999  -9999  -9999    0.0  -9999
C0G660 1999021208  -9999  -9999  -9999  -9999  -9999    0.0  -9999
C0G660 1999021209  -9999  -9999  -9999  -9999  -9999    0.0  -9999
C0G660 1999021210  -9999  -9999  -9999  -9999  -9999    0.0  -9999
C0G660 1999021211  -9999  -9999  -9999  -9999  -9999    0.0  -9999
C0G660 1999021212  -9999  -9999  -9999  -9999  -9999    0.0  -9999
C0G660 1999021213  -9999  -9999  -9999  -9999  -9999    0.0  -9999
C0G660 1999021214  -9999  -9999  -9999  -9999  -9999    0.0  -9999
C0G660 1999021215  -9999  -9999  -9999  -9999  -9999    0.0  -9999
C0G660 1999021216  -9999  -9999  -9999  -9999  -9999    0.0  -9999
C0G660 1999021217  -9999  -9999  -9999  -9999  -9999    0.0  -9999
C0G660 1999021218  -9999  -9999  -9999  -9999  -9999    0.0  -9999
C0G660 1999021219  -9999  -9999  -9999  -9999  -9999    0.0  -9999
C0G660 1999021220  -9999  -9999  -9999  -9999  -9999    0.0  -9999
C0G660 1999021221  -9999  -9999  -9999  -9999  -9999    0.0  -9999
C0G660 1999021222  -9999  -9999  -9999  -9999  -9999    0.0  -9999
C0G660 1999021223  -9999  -9999  -9999  -9999  -9999    0.0  -9999
C0G660 1999021224  -9999  -9999  -9999  -9999  -9999    0.0  -9999
C0G660 1999021301  -9999  -9999  -9999  -9999  -9999    0.0  -9999
C0G660 1999021302  -9999  -9999  -9999  -9999  -9999    0.0  -9999
C0G660 1999021303  -9999  -9999  -9999  -9999  -9999    0.0  -9999
C0G660 1999021304  -9999  -9999  -9999  -9999  -9999    0.0  -9999
C0G660 1999021305  -9999  -9999  -9999  -9999  -9999    0.0  -9999
C0G660 1999021306  -9999  -9999  -9999  -9999  -9999    0.0  -9999
C0G660 1999021307  -9999  -9999  -9999  -9999  -9999    0.0  -9999
C0G660 1999021308  -9999  -9999  -9999  -9999  -9999    0.0  -9999
C0G660 1999021309  -9999  -9999  -9999  -9999  -9999    0.0  -9999
C0G660 1999021310  -9999  -9999  -9999  -9999  -9999    0.0  -9999
C0G660 1999021311  -9999  -9999  -9999  -9999  -9999    0.0  -9999
C0G660 1999021312  -9999  -9999  -9999  -9999  -9999    0.0  -9999
C0G660 1999021313  -9999  -9999  -9999  -9999  -9999    0.0  -9999
C0G660 1999021314  -9999  -9999  -9999  -9999  -9999    0.0  -9999
C0G660 1999021315  -9999  -9999  -9999  -9999  -9999    0.0  -9999
C0G660 1999021316  -9999  -9999  -9999  -9999  -9999    0.0  -9999
C0G660 1999021317  -9999  -9999  -9999  -9999  -9999    0.0  -9999
C0G660 1999021318  -9999  -9999  -9999  -9999  -9999    0.0  -9999
C0G660 1999021319  -9999  -9999  -9999  -9999  -9999    0.0  -9999
C0G660 1999021320  -9999  -9999  -9999  -9999  -9999    0.0  -9999
C0G660 1999021321  -9999  -9999  -9999  -9999  -9999    0.0  -9999
C0G660 1999021322  -9999  -9999  -9999  -9999  -9999    0.0  -9999
C0G660 1999021323  -9999  -9999  -9999  -9999  -9999    0.0  -9999
C0G660 1999021324  -9999  -9999  -9999  -9999  -9999    0.0  -9999
C0G660 1999021401  -9999  -9999  -9999  -9999  -9999    0.0  -9999
C0G660 1999021402  -9999  -9999  -9999  -9999  -9999    0.0  -9999
C0G660 1999021403  -9999  -9999  -9999  -9999  -9999    0.0  -9999
C0G660 1999021404  -9999  -9999  -9999  -9999  -9999    0.0  -9999
C0G660 1999021405  -9999  -9999  -9999  -9999  -9999    0.0  -9999
C0G660 1999021406  -9999  -9999  -9999  -9999  -9999    0.0  -9999
C0G660 1999021407  -9999  -9999  -9999  -9999  -9999    0.0  -9999
C0G660 1999021408  -9999  -9999  -9999  -9999  -9999    0.0  -9999
C0G660 1999021409  -9999  -9999  -9999  -9999  -9999    0.0  -9999
C0G660 1999021410  -9999  -9999  -9999  -9999  -9999    0.0  -9999
C0G660 1999021411  -9999  -9999  -9999  -9999  -9999    0.0  -9999
C0G660 1999021412  -9999  -9999  -9999  -9999  -9999    0.0  -9999
C0G660 1999021413  -9999  -9999  -9999  -9999  -9999    0.0  -9999
C0G660 1999021414  -9999  -9999  -9999  -9999  -9999    0.0  -9999
C0G660 1999021415  -9999  -9999  -9999  -9999  -9999    0.0  -9999
C0G660 1999021416  -9999  -9999  -9999  -9999  -9999    0.0  -9999
C0G660 1999021417  -9999  -9999  -9999  -9999  -9999    0.0  -9999
C0G660 1999021418  -9999  -9999  -9999  -9999  -9999    0.0  -9999
C0G660 1999021419  -9999  -9999  -9999  -9999  -9999    0.0  -9999
C0G660 1999021420  -9999  -9999  -9999  -9999  -9999    0.0  -9999
C0G660 1999021421  -9999  -9999  -9999  -9999  -9999    0.0  -9999
C0G660 1999021422  -9999  -9999  -9999  -9999  -9999    0.0  -9999
C0G660 1999021423  -9999  -9999  -9999  -9999  -9999    0.0  -9999
C0G660 1999021424  -9999  -9999  -9999  -9999  -9999    0.0  -9999
C0G660 1999021501  -9999  -9999  -9999  -9999  -9999    0.0  -9999
C0G660 1999021502  -9999  -9999  -9999  -9999  -9999    0.0  -9999
C0G660 1999021503  -9999  -9999  -9999  -9999  -9999    0.0  -9999
C0G660 1999021504  -9999  -9999  -9999  -9999  -9999    0.0  -9999
C0G660 1999021505  -9999  -9999  -9999  -9999  -9999    0.0  -9999
C0G660 1999021506  -9999  -9999  -9999  -9999  -9999    0.0  -9999
C0G660 1999021507  -9999  -9999  -9999  -9999  -9999    0.0  -9999
C0G660 1999021508  -9999  -9999  -9999  -9999  -9999    0.0  -9999
C0G660 1999021509  -9999  -9999  -9999  -9999  -9999    0.0  -9999
C0G660 1999021510  -9999  -9999  -9999  -9999  -9999    0.0  -9999
C0G660 1999021511  -9999  -9999  -9999  -9999  -9999    0.0  -9999
C0G660 1999021512  -9999  -9999  -9999  -9999  -9999    0.0  -9999
C0G660 1999021513  -9999  -9999  -9999  -9999  -9999    0.0  -9999
C0G660 1999021514  -9999  -9999  -9999  -9999  -9999    0.0  -9999
C0G660 1999021515  -9999  -9999  -9999  -9999  -9999    0.0  -9999
C0G660 1999021516  -9999  -9999  -9999  -9999  -9999    0.0  -9999
C0G660 1999021517  -9999  -9999  -9999  -9999  -9999    0.0  -9999
C0G660 1999021518  -9999  -9999  -9999  -9999  -9999    0.0  -9999
C0G660 1999021519  -9999  -9999  -9999  -9999  -9999    0.0  -9999
C0G660 1999021520  -9999  -9999  -9999  -9999  -9999    0.0  -9999
C0G660 1999021521  -9999  -9999  -9999  -9999  -9999    0.0  -9999
C0G660 1999021522  -9999  -9999  -9999  -9999  -9999    0.0  -9999
C0G660 1999021523  -9999  -9999  -9999  -9999  -9999    0.0  -9999
C0G660 1999021524  -9999  -9999  -9999  -9999  -9999    0.0  -9999
C0G660 1999021601  -9999  -9999  -9999  -9999  -9999    0.0  -9999
C0G660 1999021602  -9999  -9999  -9999  -9999  -9999    0.0  -9999
C0G660 1999021603  -9999  -9999  -9999  -9999  -9999    0.0  -9999
C0G660 1999021604  -9999  -9999  -9999  -9999  -9999    0.0  -9999
C0G660 1999021605  -9999  -9999  -9999  -9999  -9999    0.0  -9999
C0G660 1999021606  -9999  -9999  -9999  -9999  -9999    0.0  -9999
C0G660 1999021607  -9999  -9999  -9999  -9999  -9999    0.0  -9999
C0G660 1999021608  -9999  -9999  -9999  -9999  -9999    0.0  -9999
C0G660 1999021609  -9999  -9999  -9999  -9999  -9999    0.0  -9999
C0G660 1999021610  -9999  -9999  -9999  -9999  -9999    0.0  -9999
C0G660 1999021611  -9999  -9999  -9999  -9999  -9999    0.0  -9999
C0G660 1999021612  -9999  -9999  -9999  -9999  -9999    0.0  -9999
C0G660 1999021613  -9999  -9999  -9999  -9999  -9999    0.0  -9999
C0G660 1999021614  -9999  -9999  -9999  -9999  -9999    0.0  -9999
C0G660 1999021615  -9999  -9999  -9999  -9999  -9999    0.0  -9999
C0G660 1999021616  -9999  -9999  -9999  -9999  -9999    0.0  -9999
C0G660 1999021617  -9999  -9999  -9999  -9999  -9999    0.0  -9999
C0G660 1999021618  -9999  -9999  -9999  -9999  -9999    0.0  -9999
C0G660 1999021619  -9999  -9999  -9999  -9999  -9999    0.0  -9999
C0G660 1999021620  -9999  -9999  -9999  -9999  -9999    0.0  -9999
C0G660 1999021621  -9999  -9999  -9999  -9999  -9999    0.0  -9999
C0G660 1999021622  -9999  -9999  -9999  -9999  -9999    0.0  -9999
C0G660 1999021623  -9999  -9999  -9999  -9999  -9999    0.0  -9999
C0G660 1999021624  -9999  -9999  -9999  -9999  -9999    0.0  -9999
C0G660 1999021701  -9999  -9999  -9999  -9999  -9999    0.0  -9999
C0G660 1999021702  -9999  -9999  -9999  -9999  -9999    0.0  -9999
C0G660 1999021703  -9999  -9999  -9999  -9999  -9999    0.0  -9999
C0G660 1999021704  -9999  -9999  -9999  -9999  -9999    0.0  -9999
C0G660 1999021705  -9999  -9999  -9999  -9999  -9999    0.0  -9999
C0G660 1999021706  -9999  -9999  -9999  -9999  -9999    0.0  -9999
C0G660 1999021707  -9999  -9999  -9999  -9999  -9999    0.0  -9999
C0G660 1999021708  -9999  -9999  -9999  -9999  -9999    0.0  -9999
C0G660 1999021709  -9999  -9999  -9999  -9999  -9999    0.0  -9999
C0G660 1999021710  -9999  -9999  -9999  -9999  -9999    0.0  -9999
C0G660 1999021711  -9999  -9999  -9999  -9999  -9999    0.0  -9999
C0G660 1999021712  -9999  -9999  -9999  -9999  -9999    0.0  -9999
C0G660 1999021713  -9999  -9999  -9999  -9999  -9999    0.0  -9999
C0G660 1999021714  -9999  -9999  -9999  -9999  -9999    0.0  -9999
C0G660 1999021715  -9999  -9999  -9999  -9999  -9999    0.0  -9999
C0G660 1999021716  -9999  -9999  -9999  -9999  -9999    0.0  -9999
C0G660 1999021717  -9999  -9999  -9999  -9999  -9999    0.0  -9999
C0G660 1999021718  -9999  -9999  -9999  -9999  -9999    0.0  -9999
C0G660 1999021719  -9999  -9999  -9999  -9999  -9999    0.0  -9999
C0G660 1999021720  -9999  -9999  -9999  -9999  -9999    0.0  -9999
C0G660 1999021721  -9999  -9999  -9999  -9999  -9999    0.0  -9999
C0G660 1999021722  -9999  -9999  -9999  -9999  -9999    0.0  -9999
C0G660 1999021723  -9999  -9999  -9999  -9999  -9999    0.0  -9999
C0G660 1999021724  -9999  -9999  -9999  -9999  -9999  -9996  -9999
C0G660 1999021801  -9999  -9999  -9999  -9999  -9999    0.0  -9999
C0G660 1999021802  -9999  -9999  -9999  -9999  -9999    0.0  -9999
C0G660 1999021803  -9999  -9999  -9999  -9999  -9999    0.0  -9999
C0G660 1999021804  -9999  -9999  -9999  -9999  -9999    0.0  -9999
C0G660 1999021805  -9999  -9999  -9999  -9999  -9999    0.0  -9999
C0G660 1999021806  -9999  -9999  -9999  -9999  -9999    0.0  -9999
C0G660 1999021807  -9999  -9999  -9999  -9999  -9999    0.0  -9999
C0G660 1999021808  -9999  -9999  -9999  -9999  -9999    0.0  -9999
C0G660 1999021809  -9999  -9999  -9999  -9999  -9999    0.0  -9999
C0G660 1999021810  -9999  -9999  -9999  -9999  -9999    0.0  -9999
C0G660 1999021811  -9999  -9999  -9999  -9999  -9999    0.0  -9999
C0G660 1999021812  -9999  -9999  -9999  -9999  -9999    0.0  -9999
C0G660 1999021813  -9999  -9999  -9999  -9999  -9999    0.0  -9999
C0G660 1999021814  -9999  -9999  -9999  -9999  -9999    0.0  -9999
C0G660 1999021815  -9999  -9999  -9999  -9999  -9999    0.0  -9999
C0G660 1999021816  -9999  -9999  -9999  -9999  -9999    0.0  -9999
C0G660 1999021817  -9999  -9999  -9999  -9999  -9999    0.0  -9999
C0G660 1999021818  -9999  -9999  -9999  -9999  -9999    0.0  -9999
C0G660 1999021819  -9999  -9999  -9999  -9999  -9999    0.0  -9999
C0G660 1999021820  -9999  -9999  -9999  -9999  -9999    0.0  -9999
C0G660 1999021821  -9999  -9999  -9999  -9999  -9999    0.0  -9999
C0G660 1999021822  -9999  -9999  -9999  -9999  -9999    0.0  -9999
C0G660 1999021823  -9999  -9999  -9999  -9999  -9999    0.0  -9999
C0G660 1999021824  -9999  -9999  -9999  -9999  -9999    0.0  -9999
C0G660 1999021901  -9999  -9999  -9999  -9999  -9999    0.0  -9999
C0G660 1999021902  -9999  -9999  -9999  -9999  -9999    0.0  -9999
C0G660 1999021903  -9999  -9999  -9999  -9999  -9999    0.0  -9999
C0G660 1999021904  -9999  -9999  -9999  -9999  -9999    0.0  -9999
C0G660 1999021905  -9999  -9999  -9999  -9999  -9999    0.0  -9999
C0G660 1999021906  -9999  -9999  -9999  -9999  -9999    0.0  -9999
C0G660 1999021907  -9999  -9999  -9999  -9999  -9999    0.0  -9999
C0G660 1999021908  -9999  -9999  -9999  -9999  -9999    0.0  -9999
C0G660 1999021909  -9999  -9999  -9999  -9999  -9999    0.0  -9999
C0G660 1999021910  -9999  -9999  -9999  -9999  -9999    0.0  -9999
C0G660 1999021911  -9999  -9999  -9999  -9999  -9999    0.0  -9999
C0G660 1999021912  -9999  -9999  -9999  -9999  -9999    0.0  -9999
C0G660 1999021913  -9999  -9999  -9999  -9999  -9999    0.0  -9999
C0G660 1999021914  -9999  -9999  -9999  -9999  -9999    0.0  -9999
C0G660 1999021915  -9999  -9999  -9999  -9999  -9999    0.0  -9999
C0G660 1999021916  -9999  -9999  -9999  -9999  -9999    0.0  -9999
C0G660 1999021917  -9999  -9999  -9999  -9999  -9999    0.0  -9999
C0G660 1999021918  -9999  -9999  -9999  -9999  -9999    0.0  -9999
C0G660 1999021919  -9999  -9999  -9999  -9999  -9999    0.0  -9999
C0G660 1999021920  -9999  -9999  -9999  -9999  -9999    0.0  -9999
C0G660 1999021921  -9999  -9999  -9999  -9999  -9999    0.0  -9999
C0G660 1999021922  -9999  -9999  -9999  -9999  -9999    0.0  -9999
C0G660 1999021923  -9999  -9999  -9999  -9999  -9999    0.0  -9999
C0G660 1999021924  -9999  -9999  -9999  -9999  -9999    0.0  -9999
C0G660 1999022001  -9999  -9999  -9999  -9999  -9999    0.0  -9999
C0G660 1999022002  -9999  -9999  -9999  -9999  -9999    0.0  -9999
C0G660 1999022003  -9999  -9999  -9999  -9999  -9999    0.0  -9999
C0G660 1999022004  -9999  -9999  -9999  -9999  -9999    0.0  -9999
C0G660 1999022005  -9999  -9999  -9999  -9999  -9999    0.0  -9999
C0G660 1999022006  -9999  -9999  -9999  -9999  -9999    0.0  -9999
C0G660 1999022007  -9999  -9999  -9999  -9999  -9999    0.0  -9999
C0G660 1999022008  -9999  -9999  -9999  -9999  -9999    0.0  -9999
C0G660 1999022009  -9999  -9999  -9999  -9999  -9999    0.0  -9999
C0G660 1999022010  -9999  -9999  -9999  -9999  -9999    0.5  -9999
C0G660 1999022011  -9999  -9999  -9999  -9999  -9999    0.0  -9999
C0G660 1999022012  -9999  -9999  -9999  -9999  -9999    0.0  -9999
C0G660 1999022013  -9999  -9999  -9999  -9999  -9999    0.0  -9999
C0G660 1999022014  -9999  -9999  -9999  -9999  -9999    0.0  -9999
C0G660 1999022015  -9999  -9999  -9999  -9999  -9999    0.0  -9999
C0G660 1999022016  -9999  -9999  -9999  -9999  -9999    0.0  -9999
C0G660 1999022017  -9999  -9999  -9999  -9999  -9999    0.0  -9999
C0G660 1999022018  -9999  -9999  -9999  -9999  -9999    0.0  -9999
C0G660 1999022019  -9999  -9999  -9999  -9999  -9999    0.0  -9999
C0G660 1999022020  -9999  -9999  -9999  -9999  -9999    0.0  -9999
C0G660 1999022021  -9999  -9999  -9999  -9999  -9999    0.0  -9999
C0G660 1999022022  -9999  -9999  -9999  -9999  -9999    0.0  -9999
C0G660 1999022023  -9999  -9999  -9999  -9999  -9999    0.0  -9999
C0G660 1999022024  -9999  -9999  -9999  -9999  -9999    0.0  -9999
C0G660 1999022101  -9999  -9999  -9999  -9999  -9999    0.0  -9999
C0G660 1999022102  -9999  -9999  -9999  -9999  -9999    0.0  -9999
C0G660 1999022103  -9999  -9999  -9999  -9999  -9999    0.0  -9999
C0G660 1999022104  -9999  -9999  -9999  -9999  -9999    0.0  -9999
C0G660 1999022105  -9999  -9999  -9999  -9999  -9999    0.0  -9999
C0G660 1999022106  -9999  -9999  -9999  -9999  -9999    0.0  -9999
C0G660 1999022107  -9999  -9999  -9999  -9999  -9999    0.0  -9999
C0G660 1999022108  -9999  -9999  -9999  -9999  -9999    0.0  -9999
C0G660 1999022109  -9999  -9999  -9999  -9999  -9999    0.0  -9999
C0G660 1999022110  -9999  -9999  -9999  -9999  -9999    0.0  -9999
C0G660 1999022111  -9999  -9999  -9999  -9999  -9999    0.0  -9999
C0G660 1999022112  -9999  -9999  -9999  -9999  -9999    0.0  -9999
C0G660 1999022113  -9999  -9999  -9999  -9999  -9999    0.0  -9999
C0G660 1999022114  -9999  -9999  -9999  -9999  -9999    0.0  -9999
C0G660 1999022115  -9999  -9999  -9999  -9999  -9999    0.0  -9999
C0G660 1999022116  -9999  -9999  -9999  -9999  -9999    0.0  -9999
C0G660 1999022117  -9999  -9999  -9999  -9999  -9999    0.0  -9999
C0G660 1999022118  -9999  -9999  -9999  -9999  -9999    0.0  -9999
C0G660 1999022119  -9999  -9999  -9999  -9999  -9999    0.0  -9999
C0G660 1999022120  -9999  -9999  -9999  -9999  -9999    0.0  -9999
C0G660 1999022121  -9999  -9999  -9999  -9999  -9999    0.0  -9999
C0G660 1999022122  -9999  -9999  -9999  -9999  -9999    0.0  -9999
C0G660 1999022123  -9999  -9999  -9999  -9999  -9999    0.0  -9999
C0G660 1999022124  -9999  -9999  -9999  -9999  -9999    0.0  -9999
C0G660 1999022201  -9999  -9999  -9999  -9999  -9999    0.0  -9999
C0G660 1999022202  -9999  -9999  -9999  -9999  -9999    0.0  -9999
C0G660 1999022203  -9999  -9999  -9999  -9999  -9999    0.0  -9999
C0G660 1999022204  -9999  -9999  -9999  -9999  -9999    0.0  -9999
C0G660 1999022205  -9999  -9999  -9999  -9999  -9999    0.0  -9999
C0G660 1999022206  -9999  -9999  -9999  -9999  -9999    0.0  -9999
C0G660 1999022207  -9999  -9999  -9999  -9999  -9999    0.0  -9999
C0G660 1999022208  -9999  -9999  -9999  -9999  -9999    0.0  -9999
C0G660 1999022209  -9999  -9999  -9999  -9999  -9999    0.0  -9999
C0G660 1999022210  -9999  -9999  -9999  -9999  -9999    0.0  -9999
C0G660 1999022211  -9999  -9999  -9999  -9999  -9999    0.0  -9999
C0G660 1999022212  -9999  -9999  -9999  -9999  -9999    0.0  -9999
C0G660 1999022213  -9999  -9999  -9999  -9999  -9999    0.0  -9999
C0G660 1999022214  -9999  -9999  -9999  -9999  -9999    0.0  -9999
C0G660 1999022215  -9999  -9999  -9999  -9999  -9999    0.0  -9999
C0G660 1999022216  -9999  -9999  -9999  -9999  -9999    0.0  -9999
C0G660 1999022217  -9999  -9999  -9999  -9999  -9999    0.0  -9999
C0G660 1999022218  -9999  -9999  -9999  -9999  -9999    0.0  -9999
C0G660 1999022219  -9999  -9999  -9999  -9999  -9999    0.0  -9999
C0G660 1999022220  -9999  -9999  -9999  -9999  -9999    0.0  -9999
C0G660 1999022221  -9999  -9999  -9999  -9999  -9999    0.0  -9999
C0G660 1999022222  -9999  -9999  -9999  -9999  -9999    0.0  -9999
C0G660 1999022223  -9999  -9999  -9999  -9999  -9999    0.0  -9999
C0G660 1999022224  -9999  -9999  -9999  -9999  -9999  -9996  -9999
C0G660 1999022301  -9999  -9999  -9999  -9999  -9999    0.0  -9999
C0G660 1999022302  -9999  -9999  -9999  -9999  -9999    0.0  -9999
C0G660 1999022303  -9999  -9999  -9999  -9999  -9999    0.0  -9999
C0G660 1999022304  -9999  -9999  -9999  -9999  -9999    0.0  -9999
C0G660 1999022305  -9999  -9999  -9999  -9999  -9999    0.0  -9999
C0G660 1999022306  -9999  -9999  -9999  -9999  -9999    0.0  -9999
C0G660 1999022307  -9999  -9999  -9999  -9999  -9999    0.0  -9999
C0G660 1999022308  -9999  -9999  -9999  -9999  -9999    0.0  -9999
C0G660 1999022309  -9999  -9999  -9999  -9999  -9999    0.0  -9999
C0G660 1999022310  -9999  -9999  -9999  -9999  -9999    0.0  -9999
C0G660 1999022311  -9999  -9999  -9999  -9999  -9999    0.0  -9999
C0G660 1999022312  -9999  -9999  -9999  -9999  -9999    0.0  -9999
C0G660 1999022313  -9999  -9999  -9999  -9999  -9999    0.0  -9999
C0G660 1999022314  -9999  -9999  -9999  -9999  -9999    0.0  -9999
C0G660 1999022315  -9999  -9999  -9999  -9999  -9999    0.0  -9999
C0G660 1999022316  -9999  -9999  -9999  -9999  -9999    0.0  -9999
C0G660 1999022317  -9999  -9999  -9999  -9999  -9999    0.0  -9999
C0G660 1999022318  -9999  -9999  -9999  -9999  -9999    0.0  -9999
C0G660 1999022319  -9999  -9999  -9999  -9999  -9999    0.0  -9999
C0G660 1999022320  -9999  -9999  -9999  -9999  -9999    0.0  -9999
C0G660 1999022321  -9999  -9999  -9999  -9999  -9999    0.0  -9999
C0G660 1999022322  -9999  -9999  -9999  -9999  -9999    0.0  -9999
C0G660 1999022323  -9999  -9999  -9999  -9999  -9999    0.0  -9999
C0G660 1999022324  -9999  -9999  -9999  -9999  -9999    0.0  -9999
C0G660 1999022401  -9999  -9999  -9999  -9999  -9999    0.0  -9999
C0G660 1999022402  -9999  -9999  -9999  -9999  -9999    0.0  -9999
C0G660 1999022403  -9999  -9999  -9999  -9999  -9999    0.0  -9999
C0G660 1999022404  -9999  -9999  -9999  -9999  -9999    0.0  -9999
C0G660 1999022405  -9999  -9999  -9999  -9999  -9999    0.0  -9999
C0G660 1999022406  -9999  -9999  -9999  -9999  -9999    0.0  -9999
C0G660 1999022407  -9999  -9999  -9999  -9999  -9999    0.0  -9999
C0G660 1999022408  -9999  -9999  -9999  -9999  -9999    0.0  -9999
C0G660 1999022409  -9999  -9999  -9999  -9999  -9999    0.0  -9999
C0G660 1999022410  -9999  -9999  -9999  -9999  -9999    0.0  -9999
C0G660 1999022411  -9999  -9999  -9999  -9999  -9999    0.0  -9999
C0G660 1999022412  -9999  -9999  -9999  -9999  -9999    0.0  -9999
C0G660 1999022413  -9999  -9999  -9999  -9999  -9999    0.0  -9999
C0G660 1999022414  -9999  -9999  -9999  -9999  -9999    0.0  -9999
C0G660 1999022415  -9999  -9999  -9999  -9999  -9999    0.0  -9999
C0G660 1999022416  -9999  -9999  -9999  -9999  -9999    0.0  -9999
C0G660 1999022417  -9999  -9999  -9999  -9999  -9999    0.0  -9999
C0G660 1999022418  -9999  -9999  -9999  -9999  -9999    0.0  -9999
C0G660 1999022419  -9999  -9999  -9999  -9999  -9999    0.0  -9999
C0G660 1999022420  -9999  -9999  -9999  -9999  -9999    0.0  -9999
C0G660 1999022421  -9999  -9999  -9999  -9999  -9999    0.0  -9999
C0G660 1999022422  -9999  -9999  -9999  -9999  -9999    0.0  -9999
C0G660 1999022423  -9999  -9999  -9999  -9999  -9999    0.0  -9999
C0G660 1999022424  -9999  -9999  -9999  -9999  -9999    0.0  -9999
C0G660 1999022501  -9999  -9999  -9999  -9999  -9999    0.0  -9999
C0G660 1999022502  -9999  -9999  -9999  -9999  -9999    0.0  -9999
C0G660 1999022503  -9999  -9999  -9999  -9999  -9999    0.0  -9999
C0G660 1999022504  -9999  -9999  -9999  -9999  -9999    0.0  -9999
C0G660 1999022505  -9999  -9999  -9999  -9999  -9999    0.0  -9999
C0G660 1999022506  -9999  -9999  -9999  -9999  -9999    0.0  -9999
C0G660 1999022507  -9999  -9999  -9999  -9999  -9999    0.0  -9999
C0G660 1999022508  -9999  -9999  -9999  -9999  -9999    0.0  -9999
C0G660 1999022509  -9999  -9999  -9999  -9999  -9999    0.0  -9999
C0G660 1999022510  -9999  -9999  -9999  -9999  -9999    0.0  -9999
C0G660 1999022511  -9999  -9999  -9999  -9999  -9999    0.0  -9999
C0G660 1999022512  -9999  -9999  -9999  -9999  -9999    0.0  -9999
C0G660 1999022513  -9999  -9999  -9999  -9999  -9999    0.0  -9999
C0G660 1999022514  -9999  -9999  -9999  -9999  -9999    0.0  -9999
C0G660 1999022515  -9999  -9999  -9999  -9999  -9999    0.0  -9999
C0G660 1999022516  -9999  -9999  -9999  -9999  -9999    0.0  -9999
C0G660 1999022517  -9999  -9999  -9999  -9999  -9999    0.0  -9999
C0G660 1999022518  -9999  -9999  -9999  -9999  -9999    0.0  -9999
C0G660 1999022519  -9999  -9999  -9999  -9999  -9999    0.0  -9999
C0G660 1999022520  -9999  -9999  -9999  -9999  -9999    0.0  -9999
C0G660 1999022521  -9999  -9999  -9999  -9999  -9999    0.0  -9999
C0G660 1999022522  -9999  -9999  -9999  -9999  -9999    0.0  -9999
C0G660 1999022523  -9999  -9999  -9999  -9999  -9999    0.0  -9999
C0G660 1999022524  -9999  -9999  -9999  -9999  -9999    0.0  -9999
C0G660 1999022601  -9999  -9999  -9999  -9999  -9999    0.0  -9999
C0G660 1999022602  -9999  -9999  -9999  -9999  -9999    0.0  -9999
C0G660 1999022603  -9999  -9999  -9999  -9999  -9999    0.0  -9999
C0G660 1999022604  -9999  -9999  -9999  -9999  -9999    0.0  -9999
C0G660 1999022605  -9999  -9999  -9999  -9999  -9999    0.0  -9999
C0G660 1999022606  -9999  -9999  -9999  -9999  -9999    0.0  -9999
C0G660 1999022607  -9999  -9999  -9999  -9999  -9999    0.0  -9999
C0G660 1999022608  -9999  -9999  -9999  -9999  -9999    0.0  -9999
C0G660 1999022609  -9999  -9999  -9999  -9999  -9999    0.0  -9999
C0G660 1999022610  -9999  -9999  -9999  -9999  -9999    0.0  -9999
C0G660 1999022611  -9999  -9999  -9999  -9999  -9999    0.0  -9999
C0G660 1999022612  -9999  -9999  -9999  -9999  -9999    0.0  -9999
C0G660 1999022613  -9999  -9999  -9999  -9999  -9999    0.0  -9999
C0G660 1999022614  -9999  -9999  -9999  -9999  -9999    0.0  -9999
C0G660 1999022615  -9999  -9999  -9999  -9999  -9999    0.0  -9999
C0G660 1999022616  -9999  -9999  -9999  -9999  -9999    0.0  -9999
C0G660 1999022617  -9999  -9999  -9999  -9999  -9999    0.0  -9999
C0G660 1999022618  -9999  -9999  -9999  -9999  -9999    0.0  -9999
C0G660 1999022619  -9999  -9999  -9999  -9999  -9999    0.0  -9999
C0G660 1999022620  -9999  -9999  -9999  -9999  -9999    0.0  -9999
C0G660 1999022621  -9999  -9999  -9999  -9999  -9999    0.0  -9999
C0G660 1999022622  -9999  -9999  -9999  -9999  -9999    0.0  -9999
C0G660 1999022623  -9999  -9999  -9999  -9999  -9999  -9996  -9999
C0G660 1999022624  -9999  -9999  -9999  -9999  -9999  -9996  -9999
C0G660 1999022701  -9999  -9999  -9999  -9999  -9999    0.0  -9999
C0G660 1999022702  -9999  -9999  -9999  -9999  -9999    0.0  -9999
C0G660 1999022703  -9999  -9999  -9999  -9999  -9999    0.0  -9999
C0G660 1999022704  -9999  -9999  -9999  -9999  -9999    0.0  -9999
C0G660 1999022705  -9999  -9999  -9999  -9999  -9999    0.0  -9999
C0G660 1999022706  -9999  -9999  -9999  -9999  -9999    0.0  -9999
C0G660 1999022707  -9999  -9999  -9999  -9999  -9999    0.0  -9999
C0G660 1999022708  -9999  -9999  -9999  -9999  -9999    0.0  -9999
C0G660 1999022709  -9999  -9999  -9999  -9999  -9999    0.0  -9999
C0G660 1999022710  -9999  -9999  -9999  -9999  -9999    0.0  -9999
C0G660 1999022711  -9999  -9999  -9999  -9999  -9999    0.0  -9999
C0G660 1999022712  -9999  -9999  -9999  -9999  -9999    0.0  -9999
C0G660 1999022713  -9999  -9999  -9999  -9999  -9999    0.0  -9999
C0G660 1999022714  -9999  -9999  -9999  -9999  -9999    0.0  -9999
C0G660 1999022715  -9999  -9999  -9999  -9999  -9999    0.0  -9999
C0G660 1999022716  -9999  -9999  -9999  -9999  -9999    0.0  -9999
C0G660 1999022717  -9999  -9999  -9999  -9999  -9999    0.0  -9999
C0G660 1999022718  -9999  -9999  -9999  -9999  -9999    0.0  -9999
C0G660 1999022719  -9999  -9999  -9999  -9999  -9999    0.0  -9999
C0G660 1999022720  -9999  -9999  -9999  -9999  -9999    0.0  -9999
C0G660 1999022721  -9999  -9999  -9999  -9999  -9999    0.0  -9999
C0G660 1999022722  -9999  -9999  -9999  -9999  -9999    0.0  -9999
C0G660 1999022723  -9999  -9999  -9999  -9999  -9999    0.0  -9999
C0G660 1999022724  -9999  -9999  -9999  -9999  -9999    0.0  -9999
C0G660 1999022801  -9999  -9999  -9999  -9999  -9999    0.0  -9999
C0G660 1999022802  -9999  -9999  -9999  -9999  -9999    0.0  -9999
C0G660 1999022803  -9999  -9999  -9999  -9999  -9999    0.0  -9999
C0G660 1999022804  -9999  -9999  -9999  -9999  -9999    0.0  -9999
C0G660 1999022805  -9999  -9999  -9999  -9999  -9999    0.0  -9999
C0G660 1999022806  -9999  -9999  -9999  -9999  -9999    0.0  -9999
C0G660 1999022807  -9999  -9999  -9999  -9999  -9999    0.0  -9999
C0G660 1999022808  -9999  -9999  -9999  -9999  -9999    0.0  -9999
C0G660 1999022809  -9999  -9999  -9999  -9999  -9999    0.0  -9999
C0G660 1999022810  -9999  -9999  -9999  -9999  -9999    0.0  -9999
C0G660 1999022811  -9999  -9999  -9999  -9999  -9999    0.0  -9999
C0G660 1999022812  -9999  -9999  -9999  -9999  -9999    0.0  -9999
C0G660 1999022813  -9999  -9999  -9999  -9999  -9999    0.0  -9999
C0G660 1999022814  -9999  -9999  -9999  -9999  -9999    0.0  -9999
C0G660 1999022815  -9999  -9999  -9999  -9999  -9999    0.0  -9999
C0G660 1999022816  -9999  -9999  -9999  -9999  -9999    0.0  -9999
C0G660 1999022817  -9999  -9999  -9999  -9999  -9999    0.0  -9999
C0G660 1999022818  -9999  -9999  -9999  -9999  -9999    0.0  -9999
C0G660 1999022819  -9999  -9999  -9999  -9999  -9999    0.0  -9999
C0G660 1999022820  -9999  -9999  -9999  -9999  -9999    0.0  -9999
C0G660 1999022821  -9999  -9999  -9999  -9999  -9999    0.0  -9999
C0G660 1999022822  -9999  -9999  -9999  -9999  -9999    0.0  -9999
C0G660 1999022823  -9999  -9999  -9999  -9999  -9999    0.0  -9999
C0G660 1999022824  -9999  -9999  -9999  -9999  -9999    0.0  -9999
