C0G650 1999010101  -9997   15.9  -9997    0.2    0.0    0.0    0.0
C0G650 1999010102  -9997   14.8  -9997    0.0    0.0    0.0    0.0
C0G650 1999010103  -9997   14.1  -9997    0.0    0.0    0.0    0.0
C0G650 1999010104  -9997   14.1  -9997    0.0    0.0    0.0    0.0
C0G650 1999010105  -9997   14.7  -9997    0.1    0.0    0.0    0.0
C0G650 1999010106  -9997   14.5  -9997    0.2    0.0    0.0    0.0
C0G650 1999010107  -9997   14.9  -9997    0.2    0.0    0.0    0.0
C0G650 1999010108  -9997   15.8  -9997    0.1    0.0    0.0   -9.6
C0G650 1999010109  -9997   17.6  -9997    1.0   22.5    0.0    1.1
C0G650 1999010110  -9997   19.0  -9997    0.9   45.0    0.0    1.0
C0G650 1999010111  -9997   21.1  -9997    1.0   22.5    0.0    1.0
C0G650 1999010112  -9997   21.9  -9997    1.4   22.5    0.0   -9.6
C0G650 1999010113  -9997   23.0  -9997    0.9  360.0    0.0    2.0
C0G650 1999010114  -9997   23.3  -9997    0.9  360.0    0.0    1.0
C0G650 1999010115  -9997   22.6  -9997    0.9  337.5    0.0    0.5
C0G650 1999010116  -9997   21.4  -9997    0.6  337.5    0.0    0.6
C0G650 1999010117  -9997   19.5  -9997    0.4  360.0    0.0    0.5
C0G650 1999010118  -9997   18.4  -9997    0.6   22.5    0.0    0.0
C0G650 1999010119  -9997   17.5  -9997    0.1    0.0    0.0    0.0
C0G650 1999010120  -9997   16.8  -9997    0.1    0.0    0.0    0.0
C0G650 1999010121  -9997   15.7  -9997    0.0    0.0    0.0    0.0
C0G650 1999010122  -9997   15.3  -9997    0.0    0.0    0.0    0.0
C0G650 1999010123  -9997   15.0  -9997    0.0    0.0    0.0    0.0
C0G650 1999010124  -9997   14.8  -9997    0.0    0.0    0.0    0.0
C0G650 1999010201  -9997   14.1  -9997    0.0    0.0    0.0    0.0
C0G650 1999010202  -9997   14.6  -9997    0.0    0.0    0.0   -9.6
C0G650 1999010203  -9997   13.4  -9997    0.0    0.0    0.0    0.0
C0G650 1999010204  -9997   12.7  -9997    0.0    0.0    0.0    0.0
C0G650 1999010205  -9997   14.8  -9997    0.6  360.0    0.0    0.0
C0G650 1999010206  -9997   15.1  -9997    0.1    0.0    0.0    0.0
C0G650 1999010207  -9997   15.2  -9997    0.2    0.0    0.0    0.0
C0G650 1999010208  -9997   16.3  -9997    0.1    0.0    0.0    0.0
C0G650 1999010209  -9997   17.9  -9997    0.7  360.0    0.0    1.0
C0G650 1999010210  -9997   20.2  -9997    1.4   22.5    0.0    1.0
C0G650 1999010211  -9997   21.2  -9997    2.3   45.0    0.0   -9.6
C0G650 1999010212  -9997   22.5  -9997    1.2  360.0    0.0    2.0
C0G650 1999010213  -9997   23.2  -9997    0.7   45.0    0.0    1.0
C0G650 1999010214  -9997   24.9  -9997    0.5  315.0    0.0    1.0
C0G650 1999010215  -9997   21.6  -9997    1.0  337.5    0.0    0.4
C0G650 1999010216  -9997   20.1  -9997    1.7  360.0    0.0    0.5
C0G650 1999010217  -9997   18.1  -9997    2.2  360.0    0.0    0.2
C0G650 1999010218  -9997   17.1  -9997    1.3  360.0    0.0    0.0
C0G650 1999010219  -9997   16.7  -9997    0.9   22.5    0.0    0.0
C0G650 1999010220  -9997   16.3  -9997    0.7  360.0    0.0    0.0
C0G650 1999010221  -9997   15.7  -9997    0.5   22.5    0.0    0.0
C0G650 1999010222  -9997   15.5  -9997    0.1    0.0    0.0    0.0
C0G650 1999010223  -9997   14.6  -9997    0.0    0.0    0.0    0.0
C0G650 1999010224  -9997   14.5  -9997    0.0    0.0    0.0    0.0
C0G650 1999010301  -9997   14.1  -9997    0.0    0.0    0.0   -9.6
C0G650 1999010302  -9997   14.7  -9997    0.0    0.0    0.0    0.0
C0G650 1999010303  -9997   14.3  -9997    0.0    0.0    0.0    0.0
C0G650 1999010304  -9997   14.4  -9997    0.0    0.0    0.0    0.0
C0G650 1999010305  -9997   14.5  -9997    0.0    0.0    0.0    0.0
C0G650 1999010306  -9997   14.8  -9997    0.3   22.5    0.0    0.0
C0G650 1999010307  -9997   15.1  -9997    0.0    0.0    0.0    0.0
C0G650 1999010308  -9997   15.7  -9997    0.0    0.0    0.0    0.0
C0G650 1999010309  -9997   17.1  -9997    0.9  360.0    0.0    0.2
C0G650 1999010310  -9997   18.2  -9997    1.2  360.0    0.0   -9.6
C0G650 1999010311  -9997   20.8  -9997    1.6  360.0    0.0    1.5
C0G650 1999010312  -9997   20.0  -9997    1.0  360.0    0.0    0.5
C0G650 1999010313  -9997   20.1  -9997    1.3  360.0    0.0    0.5
C0G650 1999010314  -9997   19.7  -9997    1.4  360.0    0.0    0.0
C0G650 1999010315  -9997   19.4  -9997    0.9  360.0    0.0    0.0
C0G650 1999010316  -9997   18.9  -9997    0.9   45.0    0.0    0.0
C0G650 1999010317  -9997   18.5  -9997    0.2    0.0    0.0    0.0
C0G650 1999010318  -9997   18.0  -9997  -9997  -9997    0.0   -9.6
C0G650 1999010319  -9997   17.5  -9997    0.5  360.0    0.0    0.0
C0G650 1999010320  -9997   17.0  -9997    0.9   22.5    0.0    0.0
C0G650 1999010321  -9997   16.7  -9997    0.2    0.0    0.0    0.0
C0G650 1999010322  -9997   16.4  -9997    0.0    0.0    0.0    0.0
C0G650 1999010323  -9997   16.0  -9997    0.2    0.0    0.0    0.0
C0G650 1999010324  -9997   15.5  -9997    0.3   22.5    0.0    0.0
C0G650 1999010401  -9997   15.1  -9997    0.6  360.0    0.0    0.0
C0G650 1999010402  -9997   14.8  -9997    0.0    0.0    0.0    0.0
C0G650 1999010403  -9997   15.1  -9997    0.1    0.0    0.0    0.0
C0G650 1999010404  -9997   15.5  -9997    0.0    0.0    0.0    0.0
C0G650 1999010405  -9997   15.3  -9997    0.0    0.0    0.0    0.0
C0G650 1999010406  -9997   15.7  -9997    0.0    0.0    0.0    0.0
C0G650 1999010407  -9997   15.3  -9997    0.0    0.0    0.0    0.0
C0G650 1999010408  -9997   15.7  -9997    0.0    0.0    0.0    0.0
C0G650 1999010409  -9997   17.0  -9997    0.0    0.0    0.0    0.3
C0G650 1999010410  -9997   18.3  -9997    0.8   45.0    0.0    0.7
C0G650 1999010411  -9997   20.2  -9997    1.3  360.0    0.0    0.9
C0G650 1999010412  -9997   22.0  -9997    1.4  360.0    0.0    1.0
C0G650 1999010413  -9997   22.9  -9997    0.9  360.0    0.0    0.9
C0G650 1999010414  -9997   22.5  -9997    2.2  360.0    0.0    1.0
C0G650 1999010415  -9997   23.1  -9997    0.4  360.0    0.0    0.4
C0G650 1999010416  -9997   20.9  -9997    1.3  360.0    0.0    0.5
C0G650 1999010417  -9997   19.7  -9997    1.8   22.5    0.0    0.5
C0G650 1999010418  -9997   18.1  -9997    0.5  360.0    0.0    0.0
C0G650 1999010419  -9997   17.0  -9997    0.7  360.0    0.0    0.0
C0G650 1999010420  -9997   16.6  -9997    1.7  360.0    0.0    0.0
C0G650 1999010421  -9997   16.0  -9997    0.0    0.0    0.0    0.0
C0G650 1999010422  -9997   15.2  -9997    0.0    0.0    0.0    0.0
C0G650 1999010423  -9997   14.1  -9997    0.0    0.0    0.0    0.0
C0G650 1999010424  -9997   14.3  -9997    0.0    0.0    0.0    0.0
C0G650 1999010501  -9997   14.2  -9997    0.0    0.0    0.0    0.0
C0G650 1999010502  -9997   13.9  -9997    0.0    0.0    0.0    0.0
C0G650 1999010503  -9997   13.8  -9997    0.5   45.0    0.0    0.0
C0G650 1999010504  -9997   14.6  -9997    0.5   22.5    0.0    0.0
C0G650 1999010505  -9997   14.9  -9997    0.8   22.5    0.0    0.0
C0G650 1999010506  -9997   14.9  -9997    0.6  360.0    0.0    0.0
C0G650 1999010507  -9997   15.0  -9997    0.6  360.0    0.0    0.0
C0G650 1999010508  -9997   16.0  -9997    1.1   67.5    0.0    0.3
C0G650 1999010509  -9997   17.5  -9997    1.8   45.0    0.0   -9.6
C0G650 1999010510  -9997   19.6  -9997    2.4   45.0    0.0    2.0
C0G650 1999010511  -9997   21.8  -9997    1.7   22.5    0.0    1.0
C0G650 1999010512  -9997   22.6  -9997    1.6   22.5    0.0    1.0
C0G650 1999010513  -9997   23.3  -9997    1.0  360.0    0.0    1.0
C0G650 1999010514  -9997   24.1  -9997    0.7   22.5    0.0    1.0
C0G650 1999010515  -9997   23.5  -9997    1.3  360.0    0.0    0.5
C0G650 1999010516  -9997   21.6  -9997    1.9   22.5    0.0    0.4
C0G650 1999010517  -9997   20.0  -9997    1.0   22.5    0.0    0.6
C0G650 1999010518  -9997   18.5  -9997    0.7   22.5    0.0    0.0
C0G650 1999010519  -9997   17.9  -9997    0.6  360.0    0.0    0.0
C0G650 1999010520  -9997   16.9  -9997    0.1    0.0    0.0    0.0
C0G650 1999010521  -9997   17.4  -9997    0.5  360.0    0.0    0.0
C0G650 1999010522  -9997   16.6  -9997  -9997  -9997    0.0    0.0
C0G650 1999010523  -9997   14.0  -9997    0.0    0.0    0.0    0.0
C0G650 1999010524  -9997   13.3  -9997    0.0    0.0    0.0    0.0
C0G650 1999010601  -9997   12.7  -9997    0.0    0.0    0.0    0.0
C0G650 1999010602  -9997   11.9  -9997    0.0    0.0    0.0    0.0
C0G650 1999010603  -9997   11.7  -9997    0.0    0.0    0.0   -9.6
C0G650 1999010604  -9997   11.9  -9997    0.0    0.0    0.0    0.0
C0G650 1999010605  -9997  -9997  -9997    0.0    0.0    0.0    0.0
C0G650 1999010606  -9997   12.6  -9997    0.1    0.0    0.0   -9.6
C0G650 1999010607  -9997   14.0  -9997    0.1    0.0    0.0    0.0
C0G650 1999010608  -9997   14.4  -9997    0.0    0.0    0.0    0.3
C0G650 1999010609  -9997   18.2  -9997    1.2  360.0    0.0    1.0
C0G650 1999010610  -9997   20.1  -9997    0.9   45.0    0.0    1.0
C0G650 1999010611  -9997   22.3  -9997    0.3   22.5    0.0    1.0
C0G650 1999010612  -9997   23.3  -9997    0.8  360.0    0.0    1.0
C0G650 1999010613  -9997   23.6  -9997    1.1  337.5    0.0    1.0
C0G650 1999010614  -9997   23.6  -9997    1.1  315.0    0.0    1.0
C0G650 1999010615  -9997   23.0  -9997    1.0  360.0    0.0    0.5
C0G650 1999010616  -9997   21.7  -9997    0.6  315.0    0.0    0.4
C0G650 1999010617  -9997   20.2  -9997    1.5   22.5    0.0    0.6
C0G650 1999010618  -9997   18.6  -9997    0.2    0.0    0.0    0.0
C0G650 1999010619  -9997   18.0  -9997    0.0    0.0    0.0    0.0
C0G650 1999010620  -9997   17.2  -9997    0.0    0.0    0.0    0.0
C0G650 1999010621  -9997   16.6  -9997    0.0    0.0    0.0    0.0
C0G650 1999010622  -9997   16.7  -9997    0.1    0.0    0.0    0.0
C0G650 1999010623  -9997   16.4  -9997    0.0    0.0    0.0    0.0
C0G650 1999010624  -9997   16.2  -9997    0.2    0.0    0.0    0.0
C0G650 1999010701  -9997   15.0  -9997    0.0    0.0    0.0    0.0
C0G650 1999010702  -9997   14.8  -9997    0.0    0.0    0.0    0.0
C0G650 1999010703  -9997   14.4  -9997    0.0    0.0    0.0   -9.6
C0G650 1999010704  -9997   15.8  -9997    1.6   45.0    0.0    0.0
C0G650 1999010705  -9997   15.4  -9997    0.1    0.0    0.0    0.0
C0G650 1999010706  -9997   15.4  -9997    0.6  360.0    0.0    0.0
C0G650 1999010707  -9997   14.9  -9997    0.0    0.0    0.0    0.0
C0G650 1999010708  -9997   16.0  -9997    0.1    0.0    0.0    0.3
C0G650 1999010709  -9997   17.7  -9997    0.3   22.5    0.0   -9.6
C0G650 1999010710  -9997   18.4  -9997    0.6  360.0    0.0    2.0
C0G650 1999010711  -9997   19.2  -9997    1.1  360.0    0.0    1.0
C0G650 1999010712  -9997   19.9  -9997    2.4   22.5    0.0    1.0
C0G650 1999010713  -9997   19.8  -9997  -9997  -9997    0.0    1.0
C0G650 1999010714  -9997   18.6  -9997    2.7   22.5    0.0    0.5
C0G650 1999010715  -9997   17.9  -9997    2.3   22.5    0.0    0.2
C0G650 1999010716  -9997   17.0  -9997    1.5  360.0    0.0    0.0
C0G650 1999010717  -9997   16.3  -9997    1.3  360.0    0.0    0.0
C0G650 1999010718  -9997   15.7  -9997    1.4  360.0    0.0    0.0
C0G650 1999010719  -9997   15.2  -9997    1.5  360.0    0.0   -9.6
C0G650 1999010720  -9997   14.9  -9997    0.7  360.0    0.0    0.0
C0G650 1999010721  -9997   14.9  -9997    1.2  360.0    0.0    0.0
C0G650 1999010722  -9997   14.7  -9997    0.4   22.5    0.0    0.0
C0G650 1999010723  -9997   14.4  -9997    0.5  360.0    0.0    0.0
C0G650 1999010724  -9997   14.2  -9997    0.8   22.5    0.0    0.0
C0G650 1999010801  -9997   14.2  -9997    1.0  360.0    0.0    0.0
C0G650 1999010802  -9997   14.0  -9997    0.2    0.0    0.0    0.0
C0G650 1999010803  -9997   13.9  -9997    1.2  360.0    0.0    0.0
C0G650 1999010804  -9997   13.8  -9997    0.7  360.0    0.0    0.0
C0G650 1999010805  -9997   13.9  -9997    0.7  360.0    0.0   -9.6
C0G650 1999010806  -9997   13.6  -9997    0.4  360.0    0.0    0.0
C0G650 1999010807  -9997   13.7  -9997    0.5   22.5    0.0    0.0
C0G650 1999010808  -9997   14.2  -9997    0.2    0.0    0.0    0.0
C0G650 1999010809  -9997   14.7  -9997    1.5  360.0    0.0    0.0
C0G650 1999010810  -9997   15.6  -9997    1.2  360.0    0.0    0.2
C0G650 1999010811  -9997   16.2  -9997    1.4  360.0    0.0    0.0
C0G650 1999010812  -9997   17.0  -9997    1.2  360.0    0.0   -9.6
C0G650 1999010813  -9997   16.8  -9997    1.3  360.0    0.0    0.3
C0G650 1999010814  -9997   16.5  -9997    1.6  360.0    0.0    0.0
C0G650 1999010815  -9997   16.8  -9997    1.1   45.0    0.0    0.0
C0G650 1999010816  -9997   15.9  -9997    0.9   22.5    0.0    0.0
C0G650 1999010817  -9997   15.8  -9997    0.6   22.5    0.0    0.0
C0G650 1999010818  -9997   14.4  -9997    0.1    0.0    0.0    0.0
C0G650 1999010819  -9997   13.9  -9997    0.4  360.0    0.0    0.0
C0G650 1999010820  -9997   12.9  -9997    0.0    0.0    0.0    0.0
C0G650 1999010821  -9997   12.1  -9997    0.1    0.0    0.0    0.0
C0G650 1999010822  -9997   12.3  -9997    0.1    0.0    0.0    0.0
C0G650 1999010823  -9997   12.1  -9997    0.0    0.0    0.0    0.0
C0G650 1999010824  -9997   10.8  -9997    0.0    0.0    0.0    0.0
C0G650 1999010901  -9997   10.1  -9997    0.0    0.0    0.0    0.0
C0G650 1999010902  -9997   11.2  -9997    0.0    0.0    0.0    0.0
C0G650 1999010903  -9997   11.2  -9997    0.0    0.0    0.0    0.0
C0G650 1999010904  -9997   11.9  -9997    0.0    0.0    0.0    0.0
C0G650 1999010905  -9997   12.2  -9997    0.0    0.0    0.0    0.0
C0G650 1999010906  -9997   12.3  -9997    0.1    0.0    0.0    0.0
C0G650 1999010907  -9997   11.5  -9997    0.0    0.0    0.0    0.0
C0G650 1999010908  -9997   13.7  -9997    0.1    0.0    0.0    0.2
C0G650 1999010909  -9997   14.5  -9997    1.2   22.5    0.0    0.0
C0G650 1999010910  -9997   16.1  -9997    0.8  360.0    0.0   -9.6
C0G650 1999010911  -9997   17.3  -9997    1.7  360.0    0.0    0.0
C0G650 1999010912  -9997   19.0  -9997    0.1    0.0    0.0    0.0
C0G650 1999010913  -9997   19.3  -9997    1.9  360.0    0.0    0.1
C0G650 1999010914  -9997   19.6  -9997    1.3   22.5    0.0    0.0
C0G650 1999010915  -9997   19.4  -9997    1.4  360.0    0.0    0.1
C0G650 1999010916  -9997   18.6  -9997    1.0   22.5    0.0    0.1
C0G650 1999010917  -9997   17.6  -9997    1.0  360.0    0.0    0.0
C0G650 1999010918  -9997   16.5  -9997    1.2  360.0    0.0    0.0
C0G650 1999010919  -9997   15.9  -9997    0.8  360.0    0.0    0.0
C0G650 1999010920  -9997   15.7  -9997    0.3  360.0    0.0    0.0
C0G650 1999010921  -9997   15.3  -9997    0.3   22.5    0.0    0.0
C0G650 1999010922  -9997   14.9  -9997    0.3  360.0    0.0    0.0
C0G650 1999010923  -9997   14.4  -9997    0.1    0.0    0.0    0.0
C0G650 1999010924  -9997   14.0  -9997    0.0    0.0    0.0    0.0
C0G650 1999011001  -9997   13.8  -9997    0.0    0.0    0.0    0.0
C0G650 1999011002  -9997   13.9  -9997    0.0    0.0    0.0    0.0
C0G650 1999011003  -9997   13.4  -9997    0.0    0.0    0.0    0.0
C0G650 1999011004  -9997   13.7  -9997    0.2    0.0    0.0    0.0
C0G650 1999011005  -9997   12.9  -9997    0.1    0.0    0.0    0.0
C0G650 1999011006  -9997   13.2  -9997    0.2    0.0    0.0    0.0
C0G650 1999011007  -9997   13.4  -9997    0.4   22.5    0.0    0.0
C0G650 1999011008  -9997   14.5  -9997    0.6   22.5    0.0    0.2
C0G650 1999011009  -9997   16.2  -9997    0.9  360.0    0.0    1.0
C0G650 1999011010  -9997   17.5  -9997    1.2   22.5    0.0    1.0
C0G650 1999011011  -9997   18.8  -9997    2.0   22.5    0.0    1.0
C0G650 1999011012  -9997   20.0  -9997    1.5  360.0    0.0    1.0
C0G650 1999011013  -9997   20.0  -9997    2.1  360.0    0.0    1.0
C0G650 1999011014  -9997   20.5  -9997    1.2  360.0    0.0    1.0
C0G650 1999011015  -9997   20.3  -9997    1.4   67.5    0.0    0.5
C0G650 1999011016  -9997   19.7  -9997    1.7  360.0    0.0    0.2
C0G650 1999011017  -9997   18.5  -9997    0.7   22.5    0.0    0.8
C0G650 1999011018  -9997   16.9  -9997    0.9  360.0    0.0    0.0
C0G650 1999011019  -9997   15.3  -9997    0.0    0.0    0.0    0.0
C0G650 1999011020  -9997   14.9  -9997    0.0    0.0    0.0    0.0
C0G650 1999011021  -9997   14.4  -9997    0.0    0.0    0.0    0.0
C0G650 1999011022  -9997   13.8  -9997    0.0    0.0    0.0   -9.6
C0G650 1999011023  -9997   13.8  -9997    0.0    0.0    0.0    0.0
C0G650 1999011024  -9997   13.6  -9997    0.0    0.0    0.0    0.0
C0G650 1999011101  -9997   13.6  -9997    0.1    0.0    0.0    0.0
C0G650 1999011102  -9997   13.2  -9997    0.0    0.0    0.0    0.0
C0G650 1999011103  -9997   13.0  -9997    0.0    0.0    0.0    0.0
C0G650 1999011104  -9997   13.5  -9997    0.6  360.0    0.0    0.0
C0G650 1999011105  -9997   12.4  -9997    0.0    0.0    0.0    0.0
C0G650 1999011106  -9997   12.2  -9997    0.0    0.0    0.0    0.0
C0G650 1999011107  -9997   12.7  -9997    0.1    0.0    0.0    0.0
C0G650 1999011108  -9997   14.6  -9997    0.4   45.0    0.0    0.2
C0G650 1999011109  -9997   16.6  -9997    1.3   45.0    0.0    1.0
C0G650 1999011110  -9997   18.2  -9997    0.7  360.0    0.0    1.0
C0G650 1999011111  -9997   20.0  -9997    0.5  337.5    0.0    1.0
C0G650 1999011112  -9997   21.5  -9997    0.4  337.5    0.0    1.0
C0G650 1999011113  -9997   21.8  -9997    1.3  337.5    0.0    1.0
C0G650 1999011114  -9997   21.9  -9997    1.6  360.0    0.0    1.0
C0G650 1999011115  -9997   21.1  -9997    0.8  360.0    0.0    0.9
C0G650 1999011116  -9997   20.2  -9997    1.1   22.5    0.0    0.2
C0G650 1999011117  -9997   18.6  -9997    1.0  360.0    0.0    0.5
C0G650 1999011118  -9997   17.1  -9997    0.5  360.0    0.0    0.0
C0G650 1999011119  -9997   16.1  -9997    0.3  360.0    0.0    0.0
C0G650 1999011120  -9997   15.6  -9997    0.5   22.5    0.0    0.0
C0G650 1999011121  -9997   15.1  -9997    0.0    0.0    0.0    0.0
C0G650 1999011122  -9997   14.5  -9997    0.0    0.0    0.0    0.0
C0G650 1999011123  -9997   14.6  -9997    0.0    0.0    0.0    0.0
C0G650 1999011124  -9997   14.1  -9997    0.2    0.0    0.0    0.0
C0G650 1999011201  -9997   14.0  -9997    0.1    0.0    0.0    0.0
C0G650 1999011202  -9997   14.4  -9997    0.1    0.0    0.0    0.0
C0G650 1999011203  -9997   14.9  -9997    0.2    0.0    0.0    0.0
C0G650 1999011204  -9997   15.4  -9997    0.9  360.0    0.0    0.0
C0G650 1999011205  -9997   15.7  -9997    1.6   45.0    0.0    0.0
C0G650 1999011206  -9997   15.8  -9997    1.0   45.0    0.0    0.0
C0G650 1999011207  -9997   15.7  -9997    0.5  360.0    0.0   -9.6
C0G650 1999011208  -9997   15.8  -9997    1.7   22.5    0.0    0.0
C0G650 1999011209  -9997   17.0  -9997    0.5   22.5    0.0    0.0
C0G650 1999011210  -9997   18.0  -9997    0.5   22.5    0.0    0.0
C0G650 1999011211  -9997   19.1  -9997    1.8   22.5    0.0    0.6
C0G650 1999011212  -9997   18.2  -9997    2.2  360.0    0.0    0.0
C0G650 1999011213  -9997   17.7  -9997    3.1  360.0    0.0    0.0
C0G650 1999011214  -9997   16.8  -9997    2.4  360.0    0.0    0.0
C0G650 1999011215  -9997   17.1  -9997    2.8  360.0    0.0    0.0
C0G650 1999011216  -9997   15.2  -9997    2.5   22.5    0.0    0.0
C0G650 1999011217  -9997   15.2  -9997    1.3  360.0    0.0    0.0
C0G650 1999011218  -9997   14.8  -9997    2.2   45.0    0.0    0.0
C0G650 1999011219  -9997   14.1  -9997    1.0   22.5    0.0    0.0
C0G650 1999011220  -9997   14.2  -9997    0.3   45.0    0.5   -9.6
C0G650 1999011221  -9997   14.2  -9997    0.2    0.0    0.0    0.0
C0G650 1999011222  -9997   14.2  -9997    0.6  360.0    0.0    0.0
C0G650 1999011223  -9997   14.3  -9997    0.6  337.5    0.0    0.0
C0G650 1999011224  -9997   14.4  -9997    0.6   22.5    0.0    0.0
C0G650 1999011301  -9997   14.5  -9997    0.2    0.0    0.0    0.0
C0G650 1999011302  -9997   14.6  -9997    0.8  360.0    0.0    0.0
C0G650 1999011303  -9997   14.8  -9997    0.9   22.5    0.0    0.0
C0G650 1999011304  -9997   14.7  -9997    1.1   22.5    0.0    0.0
C0G650 1999011305  -9997   15.0  -9997    1.3  360.0    0.0    0.0
C0G650 1999011306  -9997   14.8  -9997    1.4   22.5    0.0    0.0
C0G650 1999011307  -9997   14.9  -9997    0.8  360.0    0.0    0.0
C0G650 1999011308  -9997   15.3  -9997    0.1    0.0    0.0    0.0
C0G650 1999011309  -9997   15.8  -9997    0.1    0.0    0.0    0.0
C0G650 1999011310  -9997   16.6  -9997    0.0    0.0    0.0    0.0
C0G650 1999011311  -9997   18.8  -9997    0.5  292.5    0.0    0.1
C0G650 1999011312  -9997   20.4  -9997    0.9  315.0    0.0    0.7
C0G650 1999011313  -9997   20.7  -9997    0.5  337.5    0.0    0.9
C0G650 1999011314  -9997   22.0  -9997    0.7  360.0    0.0    1.0
C0G650 1999011315  -9997   21.8  -9997    0.7   45.0    0.0    0.3
C0G650 1999011316  -9997   20.4  -9997    0.3  315.0    0.0    0.0
C0G650 1999011317  -9997   19.9  -9997    0.1    0.0    0.0    0.2
C0G650 1999011318  -9997   18.8  -9997    0.1    0.0    0.0    0.0
C0G650 1999011319  -9997   18.3  -9997    0.0    0.0    0.0    0.0
C0G650 1999011320  -9997   18.2  -9997    0.0    0.0    0.0    0.0
C0G650 1999011321  -9997   17.6  -9997    0.0    0.0    0.0    0.0
C0G650 1999011322  -9997   17.1  -9997    0.0    0.0    0.0    0.0
C0G650 1999011323  -9997   16.8  -9997    0.0    0.0    0.0    0.0
C0G650 1999011324  -9997   16.9  -9997    0.0    0.0    0.0    0.0
C0G650 1999011401  -9997   16.9  -9997    0.0    0.0    0.0    0.0
C0G650 1999011402  -9997   16.4  -9997    0.0    0.0    0.0   -9.6
C0G650 1999011403  -9997   15.5  -9997    0.0    0.0    0.0    0.0
C0G650 1999011404  -9997   15.0  -9997    0.0    0.0    0.0    0.0
C0G650 1999011405  -9997   14.5  -9997    0.0    0.0    0.0   -9.6
C0G650 1999011406  -9997   14.2  -9997    0.0    0.0    0.0    0.0
C0G650 1999011407  -9997   15.2  -9997    0.0    0.0    0.0    0.0
C0G650 1999011408  -9997   16.0  -9997    0.0    0.0    0.0    0.0
C0G650 1999011409  -9997   18.7  -9997    0.0    0.0    0.0    0.2
C0G650 1999011410  -9997   20.7  -9997    0.2    0.0    0.0    1.0
C0G650 1999011411  -9997   22.3  -9997    0.8  292.5    0.0    1.0
C0G650 1999011412  -9997   21.1  -9997    1.6  337.5    0.0    1.0
C0G650 1999011413  -9997   21.3  -9997    1.2  360.0    0.0    1.0
C0G650 1999011414  -9997   19.5  -9997    1.0  360.0    0.0    0.0
C0G650 1999011415  -9997   18.3  -9997    0.6  360.0    0.0    0.0
C0G650 1999011416  -9997   17.5  -9997    1.1   22.5    0.0    0.0
C0G650 1999011417  -9997   17.1  -9997    0.7   22.5    0.0    0.0
C0G650 1999011418  -9997   16.2  -9997    2.0  360.0    0.0    0.0
C0G650 1999011419  -9997   15.8  -9997    1.4  360.0    0.0    0.0
C0G650 1999011420  -9997   15.8  -9997    0.8   22.5    0.0    0.0
C0G650 1999011421  -9997   15.9  -9997    0.2    0.0    0.0    0.0
C0G650 1999011422  -9997   16.0  -9997    0.3   22.5    0.0    0.0
C0G650 1999011423  -9997   15.9  -9997    0.2    0.0    0.0    0.0
C0G650 1999011424  -9997   15.8  -9997    1.0  360.0    0.0    0.0
C0G650 1999011501  -9997   15.2  -9997    2.0   22.5    0.5   -9.6
C0G650 1999011502  -9997   14.1  -9997    2.3  360.0    0.0    0.0
C0G650 1999011503  -9997   12.9  -9997    3.2  360.0    0.5    0.0
C0G650 1999011504  -9997   12.7  -9997    2.0  360.0    0.0    0.0
C0G650 1999011505  -9997   12.6  -9997    1.1  360.0    0.0   -9.6
C0G650 1999011506  -9997   12.1  -9997    1.9  360.0    0.0    0.0
C0G650 1999011507  -9997   11.9  -9997    2.0   22.5    0.0    0.0
C0G650 1999011508  -9997   12.3  -9997    1.8   22.5    0.0    0.0
C0G650 1999011509  -9997   12.7  -9997    1.9   22.5    0.0    0.1
C0G650 1999011510  -9997   14.1  -9997    2.1   22.5    0.0    0.3
C0G650 1999011511  -9997  -9997  -9997    2.0  360.0    0.0    0.0
C0G650 1999011512  -9997   14.1  -9997    2.0  360.0    0.0    0.0
C0G650 1999011513  -9997   14.5  -9997    2.6  360.0    0.0    0.4
C0G650 1999011514  -9997   14.6  -9997    2.0  360.0    0.0    0.3
C0G650 1999011515  -9997   14.3  -9997    2.0   22.5    0.0    0.0
C0G650 1999011516  -9997   14.1  -9997    1.0  360.0    0.0    0.0
C0G650 1999011517  -9997   13.0  -9997    1.3  360.0    0.0    0.0
C0G650 1999011518  -9997   11.9  -9997    0.9   22.5    0.0    0.0
C0G650 1999011519  -9997   11.6  -9997    0.7  360.0    0.0    0.0
C0G650 1999011520  -9997   11.3  -9997    1.0   22.5    0.0    0.0
C0G650 1999011521  -9997   11.3  -9997    0.2    0.0    0.0    0.0
C0G650 1999011522  -9997   11.4  -9997    0.2    0.0    0.0    0.0
C0G650 1999011523  -9997   11.6  -9997    0.4  360.0    0.0    0.0
C0G650 1999011524  -9997   11.7  -9997    0.2    0.0    0.0    0.0
C0G650 1999011601  -9997   11.7  -9997    0.0    0.0    0.0    0.0
C0G650 1999011602  -9997   11.8  -9997    0.2    0.0    0.0    0.0
C0G650 1999011603  -9997   11.9  -9997    0.3   45.0    0.0    0.0
C0G650 1999011604  -9997   12.0  -9997    0.5  360.0    0.0    0.0
C0G650 1999011605  -9997   11.9  -9997    0.0    0.0    0.0    0.0
C0G650 1999011606  -9997   11.7  -9997    0.0    0.0    0.0    0.0
C0G650 1999011607  -9997   11.0  -9997    0.0    0.0    0.0    0.0
C0G650 1999011608  -9997   11.5  -9997    0.2    0.0    0.0    0.0
C0G650 1999011609  -9997   12.0  -9997    0.4   22.5    0.0    0.0
C0G650 1999011610  -9997   13.0  -9997    0.8   45.0    0.0    0.0
C0G650 1999011611  -9997   14.5  -9997    0.7   22.5    0.0    0.0
C0G650 1999011612  -9997   16.0  -9997    0.7   45.0    0.0    0.0
C0G650 1999011613  -9997   16.4  -9997    0.4  360.0    0.0    0.0
C0G650 1999011614  -9997   17.1  -9997    0.5   22.5    0.0    0.0
C0G650 1999011615  -9997   17.2  -9997    0.2    0.0    0.0    0.0
C0G650 1999011616  -9997   17.1  -9997    0.2    0.0    0.0    0.0
C0G650 1999011617  -9997   16.3  -9997    0.9   22.5    0.0    0.0
C0G650 1999011618  -9997   15.6  -9997    0.2    0.0    0.0    0.0
C0G650 1999011619  -9997   15.5  -9997    0.0    0.0    0.0    0.0
C0G650 1999011620  -9997   15.3  -9997    0.2    0.0    0.0    0.0
C0G650 1999011621  -9997   15.0  -9997    0.0    0.0    0.0    0.0
C0G650 1999011622  -9997   14.8  -9997  -9997  -9997    0.0    0.0
C0G650 1999011623  -9997   15.0  -9997    0.0    0.0    0.0    0.0
C0G650 1999011624  -9997   14.6  -9997    0.0    0.0    0.0    0.0
C0G650 1999011701  -9997   14.5  -9997    0.0    0.0    0.0    0.0
C0G650 1999011702  -9997   14.1  -9997    0.1    0.0    0.0    0.0
C0G650 1999011703  -9997   14.1  -9997    0.0    0.0    0.0    0.0
C0G650 1999011704  -9997   14.5  -9997    0.0    0.0    0.0    0.0
C0G650 1999011705  -9997   14.2  -9997    0.0    0.0    0.0    0.0
C0G650 1999011706  -9997   14.3  -9997    0.0    0.0    0.0    0.0
C0G650 1999011707  -9997   14.2  -9997    0.0    0.0    0.0    0.0
C0G650 1999011708  -9997   14.4  -9997    0.0    0.0    0.0    0.0
C0G650 1999011709  -9997   15.2  -9997    0.0    0.0    0.5    0.0
C0G650 1999011710  -9997   16.2  -9997    0.0    0.0    0.0    0.0
C0G650 1999011711  -9997   16.2  -9997    0.1    0.0    0.0    0.0
C0G650 1999011712  -9997   17.1  -9997    0.3   67.5    0.0    0.0
C0G650 1999011713  -9997   18.6  -9997    0.0    0.0    0.0    0.0
C0G650 1999011714  -9997   19.4  -9997    0.0    0.0    0.0    0.0
C0G650 1999011715  -9997   19.0  -9997    0.1    0.0    0.0    0.0
C0G650 1999011716  -9997   18.5  -9997    0.4  337.5    0.0    0.0
C0G650 1999011717  -9997   18.1  -9997    0.0    0.0    0.0    0.0
C0G650 1999011718  -9997   17.6  -9997    0.0    0.0    0.0    0.0
C0G650 1999011719  -9997   17.0  -9997    0.0    0.0    0.0    0.0
C0G650 1999011720  -9997   16.7  -9997    0.0    0.0    0.0    0.0
C0G650 1999011721  -9997   16.4  -9997    0.0    0.0    0.0   -9.6
C0G650 1999011722  -9997   16.2  -9997    0.0    0.0    0.0    0.0
C0G650 1999011723  -9997   15.9  -9997    0.0    0.0    0.0    0.0
C0G650 1999011724  -9997   16.1  -9997    0.0    0.0    0.0    0.0
C0G650 1999011801  -9997   15.9  -9997    0.0    0.0    0.0    0.0
C0G650 1999011802  -9997   16.0  -9997    0.0    0.0    0.0    0.0
C0G650 1999011803  -9997   16.0  -9997    0.0    0.0    0.0    0.0
C0G650 1999011804  -9997   15.9  -9997    0.0    0.0    0.0    0.0
C0G650 1999011805  -9997   15.8  -9997    0.0    0.0    0.0    0.0
C0G650 1999011806  -9997   15.7  -9997    0.0    0.0    0.0    0.0
C0G650 1999011807  -9997   15.6  -9997    0.0    0.0    0.0    0.0
C0G650 1999011808  -9997   16.4  -9997    0.0    0.0    0.0    0.0
C0G650 1999011809  -9997   17.2  -9997    0.1    0.0    0.0    0.0
C0G650 1999011810  -9997   18.7  -9997    0.9  360.0    0.0    0.0
C0G650 1999011811  -9997   20.3  -9997    0.5  360.0    0.0    0.0
C0G650 1999011812  -9997   20.0  -9997    0.8  360.0    0.0    0.0
C0G650 1999011813  -9997   19.9  -9997    0.7  360.0    0.0    0.1
C0G650 1999011814  -9997   20.4  -9997    1.0  337.5    0.0    0.8
C0G650 1999011815  -9997   20.5  -9997    0.3  360.0    0.0    0.9
C0G650 1999011816  -9997   19.8  -9997    0.8  337.5    0.0    0.6
C0G650 1999011817  -9997   18.3  -9997    0.5  360.0    0.0    0.0
C0G650 1999011818  -9997   17.9  -9997    0.0    0.0    0.0    0.0
C0G650 1999011819  -9997   17.2  -9997    0.2    0.0    0.0    0.0
C0G650 1999011820  -9997   17.4  -9997    0.1    0.0    0.0   -9.6
C0G650 1999011821  -9997   17.1  -9997    0.0    0.0    0.0    0.0
C0G650 1999011822  -9997   17.0  -9997    0.1    0.0    0.0    0.0
C0G650 1999011823  -9997   17.1  -9997    0.0    0.0    0.0    0.0
C0G650 1999011824  -9997   17.0  -9997    0.3  337.5    0.0    0.0
C0G650 1999011901  -9997   17.0  -9997    0.9  360.0    0.0    0.0
C0G650 1999011902  -9997   16.9  -9997    0.1    0.0    0.0    0.0
C0G650 1999011903  -9997   16.9  -9997    0.3  360.0    0.0    0.0
C0G650 1999011904  -9997   16.9  -9997    0.0    0.0    0.0    0.0
C0G650 1999011905  -9997   17.0  -9997    0.0    0.0    0.0    0.0
C0G650 1999011906  -9997   16.6  -9997    0.0    0.0    0.0    0.0
C0G650 1999011907  -9997   16.4  -9997    0.4  360.0    0.0    0.0
C0G650 1999011908  -9997   18.2  -9997    0.3  360.0    0.0    0.0
C0G650 1999011909  -9997   19.7  -9997    0.2    0.0    0.0    0.0
C0G650 1999011910  -9997   22.9  -9997    0.8   22.5    0.0    0.6
C0G650 1999011911  -9997   26.0  -9997    1.2  360.0    0.0    1.0
C0G650 1999011912  -9997   26.7  -9997    2.7   45.0    0.0    1.0
C0G650 1999011913  -9997   27.6  -9997    3.0  360.0    0.0    1.0
C0G650 1999011914  -9997   26.2  -9997    1.0  315.0    0.0    1.0
C0G650 1999011915  -9997   24.5  -9997    1.2  337.5    0.0    0.5
C0G650 1999011916  -9997   23.6  -9997    1.0  337.5    0.0    0.4
C0G650 1999011917  -9997   21.7  -9997    0.5  360.0    0.0    1.0
C0G650 1999011918  -9997   20.3  -9997    0.1    0.0    0.0    0.0
C0G650 1999011919  -9997   19.9  -9997    0.0    0.0    0.0    0.0
C0G650 1999011920  -9997   19.3  -9997    0.0    0.0    0.0    0.0
C0G650 1999011921  -9997   19.0  -9997    0.0    0.0    0.0    0.0
C0G650 1999011922  -9997   18.7  -9997    0.2    0.0    0.0    0.0
C0G650 1999011923  -9997   18.1  -9997    0.0    0.0    0.0    0.0
C0G650 1999011924  -9997   18.3  -9997    0.1    0.0    0.0    0.0
C0G650 1999012001  -9997   18.1  -9997    0.3  360.0    0.0    0.0
C0G650 1999012002  -9997   17.9  -9997    0.0    0.0    0.0    0.0
C0G650 1999012003  -9997   17.8  -9997    0.2    0.0    0.0    0.0
C0G650 1999012004  -9997   17.8  -9997    0.3  360.0    0.0    0.0
C0G650 1999012005  -9997   17.6  -9997    0.1    0.0    0.0   -9.6
C0G650 1999012006  -9997   17.4  -9997    0.4  360.0    0.0    0.0
C0G650 1999012007  -9997   17.3  -9997    0.3   22.5    0.0   -9.6
C0G650 1999012008  -9997   17.9  -9997    0.7  360.0    0.0    0.0
C0G650 1999012009  -9997   18.7  -9997    0.9   45.0    0.0    0.0
C0G650 1999012010  -9997   19.8  -9997    0.9  360.0    0.0    0.0
C0G650 1999012011  -9997   21.1  -9997    1.3  360.0    0.0    0.2
C0G650 1999012012  -9997   21.9  -9997    1.5   22.5    0.0    0.9
C0G650 1999012013  -9997   21.5  -9997    1.5   22.5    0.0    0.6
C0G650 1999012014  -9997   21.6  -9997    1.5   22.5    0.0    1.0
C0G650 1999012015  -9997   21.2  -9997    1.4  360.0    0.0    0.5
C0G650 1999012016  -9997   21.3  -9997    0.8   22.5    0.0    0.3
C0G650 1999012017  -9997   20.3  -9997    0.3   67.5    0.0    0.0
C0G650 1999012018  -9997   19.8  -9997    0.4  315.0    0.0    0.0
C0G650 1999012019  -9997   18.2  -9997    0.1    0.0    0.0    0.0
C0G650 1999012020  -9997   17.8  -9997    1.0  360.0    0.0    0.0
C0G650 1999012021  -9997   16.9  -9997    0.3   22.5    0.0    0.0
C0G650 1999012022  -9997   17.2  -9997    0.1    0.0    0.0    0.0
C0G650 1999012023  -9997   17.0  -9997    0.1    0.0    0.0    0.0
C0G650 1999012024  -9997   16.7  -9997    0.2    0.0    0.0    0.0
C0G650 1999012101  -9997   16.7  -9997    0.3   22.5    0.0    0.0
C0G650 1999012102  -9997   16.5  -9997    0.0    0.0    0.0    0.0
C0G650 1999012103  -9997   16.4  -9997    0.2    0.0    0.0    0.0
C0G650 1999012104  -9997   16.5  -9997    0.1    0.0    0.0    0.0
C0G650 1999012105  -9997   16.6  -9997    0.3   22.5    0.0    0.0
C0G650 1999012106  -9997   16.5  -9997    0.9  360.0    0.0    0.0
C0G650 1999012107  -9997   16.2  -9997    0.7  360.0    0.0    0.0
C0G650 1999012108  -9997   15.9  -9997  -9997  -9997    0.0    0.0
C0G650 1999012109  -9997   18.3  -9997    0.5  360.0    0.0    0.4
C0G650 1999012110  -9997   19.1  -9997    0.6  360.0    0.0    0.5
C0G650 1999012111  -9997   21.2  -9997    0.1    0.0    0.0    1.0
C0G650 1999012112  -9997   23.3  -9997    0.5  270.0    0.0    1.0
C0G650 1999012113  -9997   23.6  -9997    0.4  292.5    0.0    1.0
C0G650 1999012114  -9997   23.0  -9997    0.6  360.0    0.0    1.0
C0G650 1999012115  -9997   23.3  -9997    0.6  337.5    0.0    1.0
C0G650 1999012116  -9997   22.7  -9997    0.8  337.5    0.0    0.4
C0G650 1999012117  -9997   21.1  -9997    0.6  315.0    0.0    0.6
C0G650 1999012118  -9997   19.2  -9997    0.1    0.0    0.0   -9.6
C0G650 1999012119  -9997   18.3  -9997    0.0    0.0    0.0    0.0
C0G650 1999012120  -9997   17.4  -9997    0.1    0.0    0.0   -9.6
C0G650 1999012121  -9997   16.8  -9997    0.0    0.0    0.0    0.0
C0G650 1999012122  -9997   16.0  -9997    0.0    0.0    0.0   -9.6
C0G650 1999012123  -9997  -9997  -9997    0.0    0.0    0.0    0.0
C0G650 1999012124  -9997   15.5  -9997    0.0    0.0    0.0    0.0
C0G650 1999012201  -9997   15.7  -9997    0.0    0.0    0.0    0.0
C0G650 1999012202  -9997   16.1  -9997    0.0    0.0    0.0    0.0
C0G650 1999012203  -9997   16.2  -9997    0.0    0.0    0.0    0.0
C0G650 1999012204  -9997   16.3  -9997    0.0    0.0    0.0    0.0
C0G650 1999012205  -9997   16.3  -9997    0.0    0.0    0.0    0.0
C0G650 1999012206  -9997   16.4  -9997    0.0    0.0    0.0    0.0
C0G650 1999012207  -9997   16.4  -9997    0.0    0.0    0.0    0.0
C0G650 1999012208  -9997   17.0  -9997    0.0    0.0    0.0    0.0
C0G650 1999012209  -9997   18.3  -9997    0.0    0.0    0.0    0.0
C0G650 1999012210  -9997   19.8  -9997    0.7  270.0    0.0    0.0
C0G650 1999012211  -9997   21.1  -9997    0.1    0.0    0.0    0.0
C0G650 1999012212  -9997   22.8  -9997    0.2    0.0    0.0    0.1
C0G650 1999012213  -9997   22.9  -9997    0.7  270.0    0.0    0.3
C0G650 1999012214  -9997   22.6  -9997    0.5  360.0    0.0    0.1
C0G650 1999012215  -9997   22.2  -9997    0.9  360.0    0.0    0.4
C0G650 1999012216  -9997   20.5  -9997    0.4  315.0    0.0    0.1
C0G650 1999012217  -9997   19.7  -9997    0.1    0.0    0.0    0.0
C0G650 1999012218  -9997   19.2  -9997    0.0    0.0    0.0   -9.6
C0G650 1999012219  -9997   18.6  -9997    0.0    0.0    0.0    0.0
C0G650 1999012220  -9997   18.3  -9997    0.0    0.0    0.0    0.0
C0G650 1999012221  -9997   18.2  -9997    0.0    0.0    0.0    0.0
C0G650 1999012222  -9997   16.7  -9997    0.0    0.0    0.0    0.0
C0G650 1999012223  -9997   17.6  -9997  -9997  -9997    0.0    0.0
C0G650 1999012224  -9997   17.4  -9997    0.1    0.0    0.0    0.0
C0G650 1999012301  -9997   17.4  -9997    0.0    0.0    0.0    0.0
C0G650 1999012302  -9997   17.3  -9997    0.0    0.0    0.0    0.0
C0G650 1999012303  -9997   17.1  -9997    0.0    0.0    0.0    0.0
C0G650 1999012304  -9997   17.0  -9997    0.0    0.0    0.0    0.0
C0G650 1999012305  -9997   16.9  -9997    0.0    0.0    0.0    0.0
C0G650 1999012306  -9997   17.0  -9997    0.0    0.0    0.0    0.0
C0G650 1999012307  -9997   16.8  -9997    0.0    0.0    0.0    0.0
C0G650 1999012308  -9997   17.2  -9997    0.0    0.0    0.0    0.0
C0G650 1999012309  -9997   17.8  -9997    0.1    0.0    0.0    0.0
C0G650 1999012310  -9997   19.0  -9997    0.4  337.5    0.0    0.0
C0G650 1999012311  -9997   20.6  -9997    0.0    0.0    0.0    0.0
C0G650 1999012312  -9997   22.5  -9997    0.0    0.0    0.0    0.1
C0G650 1999012313  -9997   23.8  -9997    0.0    0.0    0.0    0.3
C0G650 1999012314  -9997   25.2  -9997    0.2    0.0    0.0    0.4
C0G650 1999012315  -9997   23.5  -9997    0.5  360.0    0.0    0.0
C0G650 1999012316  -9997   21.1  -9997    0.8  360.0    0.0    0.0
C0G650 1999012317  -9997   21.2  -9997    1.4   22.5    0.0    0.0
C0G650 1999012318  -9997   20.7  -9997    0.1    0.0    0.0    0.0
C0G650 1999012319  -9997   20.7  -9997    0.1    0.0    0.0    0.0
C0G650 1999012320  -9997   20.3  -9997    0.3  360.0    0.0    0.0
C0G650 1999012321  -9997   20.3  -9997    0.1    0.0    0.0    0.0
C0G650 1999012322  -9997   20.3  -9997    0.3  360.0    0.0    0.0
C0G650 1999012323  -9997   20.7  -9997    1.5   22.5    0.0    0.0
C0G650 1999012324  -9997   20.6  -9997    1.5   22.5    0.0    0.0
C0G650 1999012401  -9997   20.4  -9997    0.0    0.0    0.0    0.0
C0G650 1999012402  -9997   19.6  -9997    0.0    0.0    0.0    0.0
C0G650 1999012403  -9997   19.3  -9997    0.0    0.0    0.0    0.0
C0G650 1999012404  -9997   19.3  -9997    0.0    0.0    0.0    0.0
C0G650 1999012405  -9997   19.8  -9997    0.0    0.0    0.0    0.0
C0G650 1999012406  -9997   19.3  -9997    0.0    0.0    0.5    0.0
C0G650 1999012407  -9997   19.1  -9997    0.3  292.5    0.5    0.0
C0G650 1999012408  -9997   20.2  -9997    1.1   22.5    0.0    0.0
C0G650 1999012409  -9997   20.7  -9997    0.0    0.0    0.0    0.0
C0G650 1999012410  -9997   21.7  -9997    0.3  292.5    0.0    0.0
C0G650 1999012411  -9997   22.5  -9997    0.6  360.0    0.0    0.2
C0G650 1999012412  -9997   24.2  -9997    0.7  337.5    0.0    0.8
C0G650 1999012413  -9997   25.3  -9997    0.8  315.0    0.0    1.0
C0G650 1999012414  -9997   25.5  -9997    1.0  292.5    0.0    0.8
C0G650 1999012415  -9997   25.6  -9997    0.4  360.0    0.0    0.6
C0G650 1999012416  -9997   24.6  -9997    0.9  315.0    0.0    0.2
C0G650 1999012417  -9997   23.0  -9997    0.6  337.5    0.0    0.4
C0G650 1999012418  -9997   21.5  -9997    0.2    0.0    0.0    0.0
C0G650 1999012419  -9997   20.5  -9997    0.0    0.0    0.0    0.0
C0G650 1999012420  -9997   19.5  -9997    0.0    0.0    0.0    0.0
C0G650 1999012421  -9997   19.2  -9997    0.0    0.0    0.0    0.0
C0G650 1999012422  -9997   19.2  -9997    0.0    0.0    0.0    0.0
C0G650 1999012423  -9997   18.9  -9997    0.0    0.0    0.0    0.0
C0G650 1999012424  -9997   19.0  -9997    0.0    0.0    0.0    0.0
C0G650 1999012501  -9997   18.9  -9997    0.0    0.0    0.0    0.0
C0G650 1999012502  -9997   18.2  -9997    0.0    0.0    1.5    0.0
C0G650 1999012503  -9997   18.1  -9997    0.0    0.0    4.5    0.0
C0G650 1999012504  -9997   18.4  -9997    0.3  292.5    0.0    0.0
C0G650 1999012505  -9997   18.1  -9997    0.0    0.0    0.0    0.0
C0G650 1999012506  -9997   18.3  -9997    0.0    0.0    2.0    0.0
C0G650 1999012507  -9997   18.1  -9997    0.0    0.0    0.0    0.0
C0G650 1999012508  -9997   18.5  -9997  -9997  -9997    0.0    0.0
C0G650 1999012509  -9997   20.1  -9997    1.5   45.0    0.0   -9.6
C0G650 1999012510  -9997   21.1  -9997    1.7   22.5    0.5    1.1
C0G650 1999012511  -9997   23.0  -9997    0.7  337.5    0.0    1.0
C0G650 1999012512  -9997   23.4  -9997    1.4  315.0    0.0    1.0
C0G650 1999012513  -9997   23.3  -9997    0.9  360.0    0.0    1.0
C0G650 1999012514  -9997   24.4  -9997    0.7  360.0    0.0    1.0
C0G650 1999012515  -9997   25.2  -9997    0.8  292.5    0.0    0.5
C0G650 1999012516  -9997   25.0  -9997    0.5  360.0    0.0    0.3
C0G650 1999012517  -9997   21.5  -9997    0.6  337.5    0.0    1.0
C0G650 1999012518  -9997   20.1  -9997    0.0    0.0    0.0    0.0
C0G650 1999012519  -9997   19.1  -9997    0.0    0.0    0.0    0.0
C0G650 1999012520  -9997   18.6  -9997    0.2    0.0    0.0    0.0
C0G650 1999012521  -9997   18.2  -9997    0.6   22.5    0.0    0.0
C0G650 1999012522  -9997   17.9  -9997    0.0    0.0    0.0   -9.6
C0G650 1999012523  -9997   16.8  -9997    0.0    0.0    0.0    0.0
C0G650 1999012524  -9997   15.9  -9997    0.0    0.0    0.0    0.0
C0G650 1999012601  -9997   15.2  -9997    0.0    0.0    0.0    0.0
C0G650 1999012602  -9997   14.8  -9997    0.0    0.0    0.0    0.0
C0G650 1999012603  -9997   14.3  -9997    0.0    0.0    0.0    0.0
C0G650 1999012604  -9997   15.1  -9997    0.0    0.0    0.0    0.0
C0G650 1999012605  -9997   14.8  -9997    0.0    0.0    0.0    0.0
C0G650 1999012606  -9997   15.0  -9997    0.3   22.5    0.0    0.0
C0G650 1999012607  -9997   14.8  -9997    0.0    0.0    0.0    0.0
C0G650 1999012608  -9997   15.3  -9997  -9997  -9997    0.0    0.0
C0G650 1999012609  -9997  -9997  -9997    0.1    0.0    0.0    0.4
C0G650 1999012610  -9997   22.0  -9997    0.0    0.0    0.0    1.0
C0G650 1999012611  -9997   23.4  -9997    0.0    0.0    0.0    1.0
C0G650 1999012612  -9997   24.8  -9997    1.1  270.0    0.0    1.0
C0G650 1999012613  -9997   25.4  -9997    0.8  292.5    0.0    1.0
C0G650 1999012614  -9997   24.3  -9997    1.1  360.0    0.0    1.0
C0G650 1999012615  -9997   24.0  -9997    0.5  360.0    0.0    0.6
C0G650 1999012616  -9997   23.0  -9997    0.2    0.0    0.0    0.3
C0G650 1999012617  -9997   21.7  -9997    0.0    0.0    0.0    0.8
C0G650 1999012618  -9997   19.8  -9997    0.0    0.0    0.0    0.0
C0G650 1999012619  -9997   18.7  -9997    0.0    0.0    0.0    0.0
C0G650 1999012620  -9997   17.3  -9997    0.0    0.0    0.0    0.0
C0G650 1999012621  -9997   16.5  -9997    0.0    0.0    0.0    0.0
C0G650 1999012622  -9997   16.0  -9997    0.0    0.0    0.0    0.0
C0G650 1999012623  -9997   15.6  -9997    0.0    0.0    0.0    0.0
C0G650 1999012624  -9997   15.2  -9997    0.0    0.0    0.0    0.0
C0G650 1999012701  -9997   14.9  -9997    0.0    0.0    0.0    0.0
C0G650 1999012702  -9997   14.8  -9997    0.0    0.0    0.0    0.0
C0G650 1999012703  -9997   14.6  -9997    0.0    0.0    0.0    0.0
C0G650 1999012704  -9997   14.6  -9997    0.0    0.0    0.0    0.0
C0G650 1999012705  -9997   15.1  -9997    0.0    0.0    0.0    0.0
C0G650 1999012706  -9997   14.5  -9997    0.0    0.0    0.0    0.0
C0G650 1999012707  -9997   14.2  -9997    0.0    0.0    0.0    0.0
C0G650 1999012708  -9997   16.2  -9997    0.0    0.0    0.0    0.0
C0G650 1999012709  -9997   20.0  -9997    0.0    0.0    0.0    1.0
C0G650 1999012710  -9997   21.8  -9997    0.0    0.0    0.0    1.0
C0G650 1999012711  -9997   25.2  -9997    0.9  315.0    0.0    1.0
C0G650 1999012712  -9997   22.8  -9997    0.6  337.5    0.0    1.0
C0G650 1999012713  -9997   22.9  -9997    0.8  337.5    0.0    1.0
C0G650 1999012714  -9997   24.5  -9997    0.4  360.0    0.0    1.0
C0G650 1999012715  -9997  -9997  -9997  -9997  -9997    0.0   -9.6
C0G650 1999012716  -9997   24.5  -9997    0.6  360.0    0.0    0.9
C0G650 1999012717  -9997   24.0  -9997    0.1    0.0    0.0    0.8
C0G650 1999012718  -9997   21.4  -9997    0.0    0.0    0.0    0.0
C0G650 1999012719  -9997   19.3  -9997    0.0    0.0    0.0    0.0
C0G650 1999012720  -9997   18.4  -9997    0.0    0.0    0.0    0.0
C0G650 1999012721  -9997   17.4  -9997    0.0    0.0    0.0    0.0
C0G650 1999012722  -9997   16.4  -9997    0.0    0.0    0.0    0.0
C0G650 1999012723  -9997   15.9  -9997    0.0    0.0    0.0   -9.6
C0G650 1999012724  -9997   15.5  -9997    0.0    0.0    0.0    0.0
C0G650 1999012801  -9997   15.0  -9997    0.0    0.0    0.0    0.0
C0G650 1999012802  -9997   15.8  -9997    0.1    0.0    0.0   -9.6
C0G650 1999012803  -9997   15.9  -9997    0.0    0.0    0.0    0.0
C0G650 1999012804  -9997   15.1  -9997    0.0    0.0    0.0    0.0
C0G650 1999012805  -9997   14.5  -9997    0.0    0.0    0.0    0.0
C0G650 1999012806  -9997   14.0  -9997    0.0    0.0    0.0   -9.6
C0G650 1999012807  -9997   13.5  -9997  -9997  -9997    0.0    0.0
C0G650 1999012808  -9997   15.6  -9997    0.0    0.0    0.0    0.0
C0G650 1999012809  -9997   19.0  -9997    0.0    0.0    0.0    1.0
C0G650 1999012810  -9997   21.2  -9997    0.0    0.0    0.0    1.0
C0G650 1999012811  -9997   22.8  -9997    0.6  337.5    0.0    1.0
C0G650 1999012812  -9997   22.8  -9997    0.6  315.0    0.0    1.0
C0G650 1999012813  -9997   23.4  -9997    0.8  360.0    0.0    1.0
C0G650 1999012814  -9997   23.9  -9997    1.3  337.5    0.0    1.0
C0G650 1999012815  -9997   23.2  -9997    0.9  360.0    0.0    0.5
C0G650 1999012816  -9997   21.6  -9997    1.5  360.0    0.0    0.3
C0G650 1999012817  -9997   20.4  -9997    0.4   22.5    0.0    0.4
C0G650 1999012818  -9997   18.9  -9997    0.0    0.0    0.0   -9.6
C0G650 1999012819  -9997   18.1  -9997    0.0    0.0    0.0    0.0
C0G650 1999012820  -9997   17.4  -9997    0.8  315.0    0.0    0.0
C0G650 1999012821  -9997   16.7  -9997    0.5   22.5    0.0    0.0
C0G650 1999012822  -9997   16.7  -9997    0.7   22.5    0.0    0.0
C0G650 1999012823  -9997   16.3  -9997    0.0    0.0    0.0    0.0
C0G650 1999012824  -9997   15.8  -9997    0.0    0.0    0.0    0.0
C0G650 1999012901  -9997   16.8  -9997    0.0    0.0    0.0    0.0
C0G650 1999012902  -9997   17.0  -9997    0.4  360.0    0.0    0.0
C0G650 1999012903  -9997   16.9  -9997    0.2    0.0    0.0    0.0
C0G650 1999012904  -9997   16.1  -9997    0.1    0.0    0.0    0.0
C0G650 1999012905  -9997   16.3  -9997    0.0    0.0    0.0    0.0
C0G650 1999012906  -9997   16.3  -9997    0.2    0.0    0.0    0.0
C0G650 1999012907  -9997   16.3  -9997    0.0    0.0    0.0    0.0
C0G650 1999012908  -9997   17.0  -9997  -9997  -9997    0.0    0.0
C0G650 1999012909  -9997   18.2  -9997    1.3  360.0    0.0    0.6
C0G650 1999012910  -9997   19.7  -9997    1.7   45.0    0.0    1.0
C0G650 1999012911  -9997   21.8  -9997    0.6  337.5    0.0    1.0
C0G650 1999012912  -9997   23.3  -9997    0.5  337.5    0.0    1.0
C0G650 1999012913  -9997   24.5  -9997    1.2  292.5    0.0    1.0
C0G650 1999012914  -9997   24.2  -9997    1.0  360.0    0.0    1.0
C0G650 1999012915  -9997   24.2  -9997  -9997  -9997    0.0    0.5
C0G650 1999012916  -9997   23.0  -9997    0.7  337.5    0.0    0.1
C0G650 1999012917  -9997   21.2  -9997    0.4  315.0    0.0    0.3
C0G650 1999012918  -9997   19.3  -9997    0.9  360.0    0.0    0.0
C0G650 1999012919  -9997   18.3  -9997    0.9  360.0    0.0    0.0
C0G650 1999012920  -9997   17.8  -9997    0.2    0.0    0.0    0.0
C0G650 1999012921  -9997   17.4  -9997    0.0    0.0    0.0    0.0
C0G650 1999012922  -9997   17.2  -9997    0.0    0.0    0.0    0.0
C0G650 1999012923  -9997   17.1  -9997    0.1    0.0    0.0    0.0
C0G650 1999012924  -9997   16.8  -9997    0.0    0.0    0.0    0.0
C0G650 1999013001  -9997   17.1  -9997    0.0    0.0    0.0    0.0
C0G650 1999013002  -9997   16.6  -9997    0.0    0.0    0.0    0.0
C0G650 1999013003  -9997   16.4  -9997    0.0    0.0    0.0    0.0
C0G650 1999013004  -9997   16.1  -9997    0.0    0.0    0.0    0.0
C0G650 1999013005  -9997   15.7  -9997    0.0    0.0    0.0    0.0
C0G650 1999013006  -9997   14.7  -9997    0.0    0.0    0.0    0.0
C0G650 1999013007  -9997   14.4  -9997    0.0    0.0    0.0    0.0
C0G650 1999013008  -9997   16.5  -9997    0.0    0.0    0.0    0.0
C0G650 1999013009  -9997   19.4  -9997    0.0    0.0    0.0    0.8
C0G650 1999013010  -9997   20.4  -9997    0.0    0.0    0.0    1.0
C0G650 1999013011  -9997   22.2  -9997    0.1    0.0    0.0    1.0
C0G650 1999013012  -9997   24.7  -9997    0.0    0.0    0.0    1.0
C0G650 1999013013  -9997   25.8  -9997    2.0  180.0    0.0    1.0
C0G650 1999013014  -9997   25.5  -9997    1.4  270.0    0.0    1.0
C0G650 1999013015  -9997   25.1  -9997    0.5  292.5    0.0    0.6
C0G650 1999013016  -9997   24.4  -9997    0.5  270.0    0.0    0.2
C0G650 1999013017  -9997   23.3  -9997    0.1    0.0    0.0    0.1
C0G650 1999013018  -9997   20.0  -9997    0.6  337.5    0.0    0.0
C0G650 1999013019  -9997   18.7  -9997    0.4  360.0    0.0    0.0
C0G650 1999013020  -9997   18.5  -9997    0.5   45.0    0.0    0.0
C0G650 1999013021  -9997   17.9  -9997    1.0   67.5    0.0    0.0
C0G650 1999013022  -9997   17.4  -9997    0.0    0.0    0.0   -9.6
C0G650 1999013023  -9997   16.6  -9997    0.0    0.0    0.0    0.0
C0G650 1999013024  -9997   16.5  -9997    0.1    0.0    0.0    0.0
C0G650 1999013101  -9997   16.6  -9997    0.0    0.0    0.0    0.0
C0G650 1999013102  -9997   16.8  -9997    0.2    0.0    0.0    0.0
C0G650 1999013103  -9997   16.3  -9997    0.0    0.0    0.0   -9.6
C0G650 1999013104  -9997   16.9  -9997    0.1    0.0    0.0    0.0
C0G650 1999013105  -9997   17.5  -9997    0.4   22.5    0.0    0.0
C0G650 1999013106  -9997   17.2  -9997    0.2    0.0    0.0    0.0
C0G650 1999013107  -9997   17.5  -9997    0.3   22.5    0.0    0.0
C0G650 1999013108  -9997   17.8  -9997    0.1    0.0    0.0    0.0
C0G650 1999013109  -9997   18.8  -9997    1.0   45.0    0.0    0.4
C0G650 1999013110  -9997   20.9  -9997    1.2   22.5    0.0    1.0
C0G650 1999013111  -9997   22.6  -9997    0.3  135.0    0.0    1.0
C0G650 1999013112  -9997   24.1  -9997    0.9  360.0    0.0    1.0
C0G650 1999013113  -9997   25.2  -9997    0.8  337.5    0.0    1.0
C0G650 1999013114  -9997   25.0  -9997    0.9  360.0    0.0    1.0
C0G650 1999013115  -9997   25.2  -9997    0.6   67.5    0.0    0.6
C0G650 1999013116  -9997   25.7  -9997    0.6  292.5    0.0    0.4
C0G650 1999013117  -9997   24.4  -9997    1.2  292.5    0.0    0.8
C0G650 1999013118  -9997   22.8  -9997    0.1    0.0    0.0    0.0
C0G650 1999013119  -9997   20.6  -9997    0.0    0.0    0.0    0.0
C0G650 1999013120  -9997   19.4  -9997    0.0    0.0    0.0    0.0
C0G650 1999013121  -9997   19.4  -9997    0.0    0.0    0.0    0.0
C0G650 1999013122  -9997   19.0  -9997    0.0    0.0    0.0    0.0
C0G650 1999013123  -9997   18.0  -9997    0.0    0.0    0.0    0.0
C0G650 1999013124  -9997   17.9  -9997    0.0    0.0    0.0    0.0
C0G660 1999010101  -9999  -9999  -9999  -9999  -9999    0.0  -9999
C0G660 1999010102  -9999  -9999  -9999  -9999  -9999    0.0  -9999
C0G660 1999010103  -9999  -9999  -9999  -9999  -9999    0.0  -9999
C0G660 1999010104  -9999  -9999  -9999  -9999  -9999    0.0  -9999
C0G660 1999010105  -9999  -9999  -9999  -9999  -9999    0.0  -9999
C0G660 1999010106  -9999  -9999  -9999  -9999  -9999    0.0  -9999
C0G660 1999010107  -9999  -9999  -9999  -9999  -9999    0.0  -9999
C0G660 1999010108  -9999  -9999  -9999  -9999  -9999    0.0  -9999
C0G660 1999010109  -9999  -9999  -9999  -9999  -9999    0.0  -9999
C0G660 1999010110  -9999  -9999  -9999  -9999  -9999    0.0  -9999
C0G660 1999010111  -9999  -9999  -9999  -9999  -9999    0.0  -9999
C0G660 1999010112  -9999  -9999  -9999  -9999  -9999    0.0  -9999
C0G660 1999010113  -9999  -9999  -9999  -9999  -9999    0.0  -9999
C0G660 1999010114  -9999  -9999  -9999  -9999  -9999    0.0  -9999
C0G660 1999010115  -9999  -9999  -9999  -9999  -9999    0.0  -9999
C0G660 1999010116  -9999  -9999  -9999  -9999  -9999    0.0  -9999
C0G660 1999010117  -9999  -9999  -9999  -9999  -9999    0.0  -9999
C0G660 1999010118  -9999  -9999  -9999  -9999  -9999    0.0  -9999
C0G660 1999010119  -9999  -9999  -9999  -9999  -9999    0.0  -9999
C0G660 1999010120  -9999  -9999  -9999  -9999  -9999    0.0  -9999
C0G660 1999010121  -9999  -9999  -9999  -9999  -9999    0.0  -9999
C0G660 1999010122  -9999  -9999  -9999  -9999  -9999    0.0  -9999
C0G660 1999010123  -9999  -9999  -9999  -9999  -9999    0.0  -9999
C0G660 1999010124  -9999  -9999  -9999  -9999  -9999    0.0  -9999
C0G660 1999010201  -9999  -9999  -9999  -9999  -9999    0.0  -9999
C0G660 1999010202  -9999  -9999  -9999  -9999  -9999    0.0  -9999
C0G660 1999010203  -9999  -9999  -9999  -9999  -9999    0.0  -9999
C0G660 1999010204  -9999  -9999  -9999  -9999  -9999    0.0  -9999
C0G660 1999010205  -9999  -9999  -9999  -9999  -9999    0.0  -9999
C0G660 1999010206  -9999  -9999  -9999  -9999  -9999    0.0  -9999
C0G660 1999010207  -9999  -9999  -9999  -9999  -9999    0.0  -9999
C0G660 1999010208  -9999  -9999  -9999  -9999  -9999    0.0  -9999
C0G660 1999010209  -9999  -9999  -9999  -9999  -9999    0.0  -9999
C0G660 1999010210  -9999  -9999  -9999  -9999  -9999    0.0  -9999
C0G660 1999010211  -9999  -9999  -9999  -9999  -9999    0.0  -9999
C0G660 1999010212  -9999  -9999  -9999  -9999  -9999    0.0  -9999
C0G660 1999010213  -9999  -9999  -9999  -9999  -9999    0.0  -9999
C0G660 1999010214  -9999  -9999  -9999  -9999  -9999    0.0  -9999
C0G660 1999010215  -9999  -9999  -9999  -9999  -9999    0.0  -9999
C0G660 1999010216  -9999  -9999  -9999  -9999  -9999    0.0  -9999
C0G660 1999010217  -9999  -9999  -9999  -9999  -9999    0.0  -9999
C0G660 1999010218  -9999  -9999  -9999  -9999  -9999    0.0  -9999
C0G660 1999010219  -9999  -9999  -9999  -9999  -9999    0.0  -9999
C0G660 1999010220  -9999  -9999  -9999  -9999  -9999    0.0  -9999
C0G660 1999010221  -9999  -9999  -9999  -9999  -9999    0.0  -9999
C0G660 1999010222  -9999  -9999  -9999  -9999  -9999    0.0  -9999
C0G660 1999010223  -9999  -9999  -9999  -9999  -9999    0.0  -9999
C0G660 1999010224  -9999  -9999  -9999  -9999  -9999    0.0  -9999
C0G660 1999010301  -9999  -9999  -9999  -9999  -9999    0.0  -9999
C0G660 1999010302  -9999  -9999  -9999  -9999  -9999    0.0  -9999
C0G660 1999010303  -9999  -9999  -9999  -9999  -9999    0.0  -9999
C0G660 1999010304  -9999  -9999  -9999  -9999  -9999    0.0  -9999
C0G660 1999010305  -9999  -9999  -9999  -9999  -9999    0.0  -9999
C0G660 1999010306  -9999  -9999  -9999  -9999  -9999    0.0  -9999
C0G660 1999010307  -9999  -9999  -9999  -9999  -9999    0.0  -9999
C0G660 1999010308  -9999  -9999  -9999  -9999  -9999    0.0  -9999
C0G660 1999010309  -9999  -9999  -9999  -9999  -9999    0.0  -9999
C0G660 1999010310  -9999  -9999  -9999  -9999  -9999    0.0  -9999
C0G660 1999010311  -9999  -9999  -9999  -9999  -9999    0.0  -9999
C0G660 1999010312  -9999  -9999  -9999  -9999  -9999    0.0  -9999
C0G660 1999010313  -9999  -9999  -9999  -9999  -9999    0.0  -9999
C0G660 1999010314  -9999  -9999  -9999  -9999  -9999    0.0  -9999
C0G660 1999010315  -9999  -9999  -9999  -9999  -9999    0.0  -9999
C0G660 1999010316  -9999  -9999  -9999  -9999  -9999    0.0  -9999
C0G660 1999010317  -9999  -9999  -9999  -9999  -9999    0.0  -9999
C0G660 1999010318  -9999  -9999  -9999  -9999  -9999    0.0  -9999
C0G660 1999010319  -9999  -9999  -9999  -9999  -9999    0.0  -9999
C0G660 1999010320  -9999  -9999  -9999  -9999  -9999    0.0  -9999
C0G660 1999010321  -9999  -9999  -9999  -9999  -9999    0.0  -9999
C0G660 1999010322  -9999  -9999  -9999  -9999  -9999    0.0  -9999
C0G660 1999010323  -9999  -9999  -9999  -9999  -9999    0.0  -9999
C0G660 1999010324  -9999  -9999  -9999  -9999  -9999    0.0  -9999
C0G660 1999010401  -9999  -9999  -9999  -9999  -9999    0.0  -9999
C0G660 1999010402  -9999  -9999  -9999  -9999  -9999    0.0  -9999
C0G660 1999010403  -9999  -9999  -9999  -9999  -9999    0.0  -9999
C0G660 1999010404  -9999  -9999  -9999  -9999  -9999    0.0  -9999
C0G660 1999010405  -9999  -9999  -9999  -9999  -9999    0.0  -9999
C0G660 1999010406  -9999  -9999  -9999  -9999  -9999    0.0  -9999
C0G660 1999010407  -9999  -9999  -9999  -9999  -9999    0.0  -9999
C0G660 1999010408  -9999  -9999  -9999  -9999  -9999    0.0  -9999
C0G660 1999010409  -9999  -9999  -9999  -9999  -9999    0.0  -9999
C0G660 1999010410  -9999  -9999  -9999  -9999  -9999    0.0  -9999
C0G660 1999010411  -9999  -9999  -9999  -9999  -9999    0.0  -9999
C0G660 1999010412  -9999  -9999  -9999  -9999  -9999    0.0  -9999
C0G660 1999010413  -9999  -9999  -9999  -9999  -9999    0.0  -9999
C0G660 1999010414  -9999  -9999  -9999  -9999  -9999    0.0  -9999
C0G660 1999010415  -9999  -9999  -9999  -9999  -9999    0.0  -9999
C0G660 1999010416  -9999  -9999  -9999  -9999  -9999    0.0  -9999
C0G660 1999010417  -9999  -9999  -9999  -9999  -9999    0.0  -9999
C0G660 1999010418  -9999  -9999  -9999  -9999  -9999    0.0  -9999
C0G660 1999010419  -9999  -9999  -9999  -9999  -9999    0.0  -9999
C0G660 1999010420  -9999  -9999  -9999  -9999  -9999    0.0  -9999
C0G660 1999010421  -9999  -9999  -9999  -9999  -9999    0.0  -9999
C0G660 1999010422  -9999  -9999  -9999  -9999  -9999    0.0  -9999
C0G660 1999010423  -9999  -9999  -9999  -9999  -9999    0.0  -9999
C0G660 1999010424  -9999  -9999  -9999  -9999  -9999    0.0  -9999
C0G660 1999010501  -9999  -9999  -9999  -9999  -9999    0.0  -9999
C0G660 1999010502  -9999  -9999  -9999  -9999  -9999    0.0  -9999
C0G660 1999010503  -9999  -9999  -9999  -9999  -9999    0.0  -9999
C0G660 1999010504  -9999  -9999  -9999  -9999  -9999    0.0  -9999
C0G660 1999010505  -9999  -9999  -9999  -9999  -9999    0.0  -9999
C0G660 1999010506  -9999  -9999  -9999  -9999  -9999    0.0  -9999
C0G660 1999010507  -9999  -9999  -9999  -9999  -9999    0.0  -9999
C0G660 1999010508  -9999  -9999  -9999  -9999  -9999    0.0  -9999
C0G660 1999010509  -9999  -9999  -9999  -9999  -9999    0.0  -9999
C0G660 1999010510  -9999  -9999  -9999  -9999  -9999    0.0  -9999
C0G660 1999010511  -9999  -9999  -9999  -9999  -9999    0.0  -9999
C0G660 1999010512  -9999  -9999  -9999  -9999  -9999    0.0  -9999
C0G660 1999010513  -9999  -9999  -9999  -9999  -9999    0.0  -9999
C0G660 1999010514  -9999  -9999  -9999  -9999  -9999    0.0  -9999
C0G660 1999010515  -9999  -9999  -9999  -9999  -9999    0.0  -9999
C0G660 1999010516  -9999  -9999  -9999  -9999  -9999    0.0  -9999
C0G660 1999010517  -9999  -9999  -9999  -9999  -9999    0.0  -9999
C0G660 1999010518  -9999  -9999  -9999  -9999  -9999    0.0  -9999
C0G660 1999010519  -9999  -9999  -9999  -9999  -9999    0.0  -9999
C0G660 1999010520  -9999  -9999  -9999  -9999  -9999    0.0  -9999
C0G660 1999010521  -9999  -9999  -9999  -9999  -9999    0.0  -9999
C0G660 1999010522  -9999  -9999  -9999  -9999  -9999    0.0  -9999
C0G660 1999010523  -9999  -9999  -9999  -9999  -9999    0.0  -9999
C0G660 1999010524  -9999  -9999  -9999  -9999  -9999    0.0  -9999
C0G660 1999010601  -9999  -9999  -9999  -9999  -9999    0.0  -9999
C0G660 1999010602  -9999  -9999  -9999  -9999  -9999    0.0  -9999
C0G660 1999010603  -9999  -9999  -9999  -9999  -9999    0.0  -9999
C0G660 1999010604  -9999  -9999  -9999  -9999  -9999    0.0  -9999
C0G660 1999010605  -9999  -9999  -9999  -9999  -9999    0.0  -9999
C0G660 1999010606  -9999  -9999  -9999  -9999  -9999    0.0  -9999
C0G660 1999010607  -9999  -9999  -9999  -9999  -9999    0.0  -9999
C0G660 1999010608  -9999  -9999  -9999  -9999  -9999    0.0  -9999
C0G660 1999010609  -9999  -9999  -9999  -9999  -9999    0.0  -9999
C0G660 1999010610  -9999  -9999  -9999  -9999  -9999    0.0  -9999
C0G660 1999010611  -9999  -9999  -9999  -9999  -9999    0.0  -9999
C0G660 1999010612  -9999  -9999  -9999  -9999  -9999    0.0  -9999
C0G660 1999010613  -9999  -9999  -9999  -9999  -9999    0.0  -9999
C0G660 1999010614  -9999  -9999  -9999  -9999  -9999    0.0  -9999
C0G660 1999010615  -9999  -9999  -9999  -9999  -9999    0.0  -9999
C0G660 1999010616  -9999  -9999  -9999  -9999  -9999    0.0  -9999
C0G660 1999010617  -9999  -9999  -9999  -9999  -9999    0.0  -9999
C0G660 1999010618  -9999  -9999  -9999  -9999  -9999    0.0  -9999
C0G660 1999010619  -9999  -9999  -9999  -9999  -9999    0.0  -9999
C0G660 1999010620  -9999  -9999  -9999  -9999  -9999    0.0  -9999
C0G660 1999010621  -9999  -9999  -9999  -9999  -9999    0.0  -9999
C0G660 1999010622  -9999  -9999  -9999  -9999  -9999    0.0  -9999
C0G660 1999010623  -9999  -9999  -9999  -9999  -9999    0.0  -9999
C0G660 1999010624  -9999  -9999  -9999  -9999  -9999    0.0  -9999
C0G660 1999010701  -9999  -9999  -9999  -9999  -9999    0.0  -9999
C0G660 1999010702  -9999  -9999  -9999  -9999  -9999    0.0  -9999
C0G660 1999010703  -9999  -9999  -9999  -9999  -9999    0.0  -9999
C0G660 1999010704  -9999  -9999  -9999  -9999  -9999    0.0  -9999
C0G660 1999010705  -9999  -9999  -9999  -9999  -9999    0.0  -9999
C0G660 1999010706  -9999  -9999  -9999  -9999  -9999    0.0  -9999
C0G660 1999010707  -9999  -9999  -9999  -9999  -9999    0.0  -9999
C0G660 1999010708  -9999  -9999  -9999  -9999  -9999    0.0  -9999
C0G660 1999010709  -9999  -9999  -9999  -9999  -9999    0.0  -9999
C0G660 1999010710  -9999  -9999  -9999  -9999  -9999    0.0  -9999
C0G660 1999010711  -9999  -9999  -9999  -9999  -9999    0.0  -9999
C0G660 1999010712  -9999  -9999  -9999  -9999  -9999    0.0  -9999
C0G660 1999010713  -9999  -9999  -9999  -9999  -9999    0.0  -9999
C0G660 1999010714  -9999  -9999  -9999  -9999  -9999    0.0  -9999
C0G660 1999010715  -9999  -9999  -9999  -9999  -9999    0.0  -9999
C0G660 1999010716  -9999  -9999  -9999  -9999  -9999    0.0  -9999
C0G660 1999010717  -9999  -9999  -9999  -9999  -9999    0.0  -9999
C0G660 1999010718  -9999  -9999  -9999  -9999  -9999    0.0  -9999
C0G660 1999010719  -9999  -9999  -9999  -9999  -9999    0.0  -9999
C0G660 1999010720  -9999  -9999  -9999  -9999  -9999  -9996  -9999
C0G660 1999010721  -9999  -9999  -9999  -9999  -9999  -9996  -9999
C0G660 1999010722  -9999  -9999  -9999  -9999  -9999  -9996  -9999
C0G660 1999010723  -9999  -9999  -9999  -9999  -9999  -9996  -9999
C0G660 1999010724  -9999  -9999  -9999  -9999  -9999  -9996  -9999
C0G660 1999010801  -9999  -9999  -9999  -9999  -9999    0.0  -9999
C0G660 1999010802  -9999  -9999  -9999  -9999  -9999    0.0  -9999
C0G660 1999010803  -9999  -9999  -9999  -9999  -9999    0.0  -9999
C0G660 1999010804  -9999  -9999  -9999  -9999  -9999    0.0  -9999
C0G660 1999010805  -9999  -9999  -9999  -9999  -9999    0.0  -9999
C0G660 1999010806  -9999  -9999  -9999  -9999  -9999    0.0  -9999
C0G660 1999010807  -9999  -9999  -9999  -9999  -9999    0.0  -9999
C0G660 1999010808  -9999  -9999  -9999  -9999  -9999    0.0  -9999
C0G660 1999010809  -9999  -9999  -9999  -9999  -9999    0.0  -9999
C0G660 1999010810  -9999  -9999  -9999  -9999  -9999    0.0  -9999
C0G660 1999010811  -9999  -9999  -9999  -9999  -9999    0.0  -9999
C0G660 1999010812  -9999  -9999  -9999  -9999  -9999    0.0  -9999
C0G660 1999010813  -9999  -9999  -9999  -9999  -9999    0.0  -9999
C0G660 1999010814  -9999  -9999  -9999  -9999  -9999    0.0  -9999
C0G660 1999010815  -9999  -9999  -9999  -9999  -9999    0.0  -9999
C0G660 1999010816  -9999  -9999  -9999  -9999  -9999    0.0  -9999
C0G660 1999010817  -9999  -9999  -9999  -9999  -9999    0.0  -9999
C0G660 1999010818  -9999  -9999  -9999  -9999  -9999    0.0  -9999
C0G660 1999010819  -9999  -9999  -9999  -9999  -9999    0.0  -9999
C0G660 1999010820  -9999  -9999  -9999  -9999  -9999    0.0  -9999
C0G660 1999010821  -9999  -9999  -9999  -9999  -9999    0.0  -9999
C0G660 1999010822  -9999  -9999  -9999  -9999  -9999    0.0  -9999
C0G660 1999010823  -9999  -9999  -9999  -9999  -9999    0.0  -9999
C0G660 1999010824  -9999  -9999  -9999  -9999  -9999    0.0  -9999
C0G660 1999010901  -9999  -9999  -9999  -9999  -9999    0.0  -9999
C0G660 1999010902  -9999  -9999  -9999  -9999  -9999    0.0  -9999
C0G660 1999010903  -9999  -9999  -9999  -9999  -9999    0.0  -9999
C0G660 1999010904  -9999  -9999  -9999  -9999  -9999    0.0  -9999
C0G660 1999010905  -9999  -9999  -9999  -9999  -9999    0.0  -9999
C0G660 1999010906  -9999  -9999  -9999  -9999  -9999    0.0  -9999
C0G660 1999010907  -9999  -9999  -9999  -9999  -9999    0.0  -9999
C0G660 1999010908  -9999  -9999  -9999  -9999  -9999    0.0  -9999
C0G660 1999010909  -9999  -9999  -9999  -9999  -9999    0.0  -9999
C0G660 1999010910  -9999  -9999  -9999  -9999  -9999    0.0  -9999
C0G660 1999010911  -9999  -9999  -9999  -9999  -9999    0.0  -9999
C0G660 1999010912  -9999  -9999  -9999  -9999  -9999    0.0  -9999
C0G660 1999010913  -9999  -9999  -9999  -9999  -9999    0.0  -9999
C0G660 1999010914  -9999  -9999  -9999  -9999  -9999    0.0  -9999
C0G660 1999010915  -9999  -9999  -9999  -9999  -9999    0.0  -9999
C0G660 1999010916  -9999  -9999  -9999  -9999  -9999    0.0  -9999
C0G660 1999010917  -9999  -9999  -9999  -9999  -9999    0.0  -9999
C0G660 1999010918  -9999  -9999  -9999  -9999  -9999    0.0  -9999
C0G660 1999010919  -9999  -9999  -9999  -9999  -9999    0.0  -9999
C0G660 1999010920  -9999  -9999  -9999  -9999  -9999    0.0  -9999
C0G660 1999010921  -9999  -9999  -9999  -9999  -9999    0.0  -9999
C0G660 1999010922  -9999  -9999  -9999  -9999  -9999    0.0  -9999
C0G660 1999010923  -9999  -9999  -9999  -9999  -9999    0.0  -9999
C0G660 1999010924  -9999  -9999  -9999  -9999  -9999    0.0  -9999
C0G660 1999011001  -9999  -9999  -9999  -9999  -9999    0.0  -9999
C0G660 1999011002  -9999  -9999  -9999  -9999  -9999    0.0  -9999
C0G660 1999011003  -9999  -9999  -9999  -9999  -9999    0.0  -9999
C0G660 1999011004  -9999  -9999  -9999  -9999  -9999    0.0  -9999
C0G660 1999011005  -9999  -9999  -9999  -9999  -9999    0.0  -9999
C0G660 1999011006  -9999  -9999  -9999  -9999  -9999    0.0  -9999
C0G660 1999011007  -9999  -9999  -9999  -9999  -9999    0.0  -9999
C0G660 1999011008  -9999  -9999  -9999  -9999  -9999    0.0  -9999
C0G660 1999011009  -9999  -9999  -9999  -9999  -9999    0.0  -9999
C0G660 1999011010  -9999  -9999  -9999  -9999  -9999    0.0  -9999
C0G660 1999011011  -9999  -9999  -9999  -9999  -9999    0.0  -9999
C0G660 1999011012  -9999  -9999  -9999  -9999  -9999    0.0  -9999
C0G660 1999011013  -9999  -9999  -9999  -9999  -9999    0.0  -9999
C0G660 1999011014  -9999  -9999  -9999  -9999  -9999    0.0  -9999
C0G660 1999011015  -9999  -9999  -9999  -9999  -9999    0.0  -9999
C0G660 1999011016  -9999  -9999  -9999  -9999  -9999    0.0  -9999
C0G660 1999011017  -9999  -9999  -9999  -9999  -9999    0.0  -9999
C0G660 1999011018  -9999  -9999  -9999  -9999  -9999    0.0  -9999
C0G660 1999011019  -9999  -9999  -9999  -9999  -9999    0.0  -9999
C0G660 1999011020  -9999  -9999  -9999  -9999  -9999    0.0  -9999
C0G660 1999011021  -9999  -9999  -9999  -9999  -9999    0.0  -9999
C0G660 1999011022  -9999  -9999  -9999  -9999  -9999    0.0  -9999
C0G660 1999011023  -9999  -9999  -9999  -9999  -9999    0.0  -9999
C0G660 1999011024  -9999  -9999  -9999  -9999  -9999    0.0  -9999
C0G660 1999011101  -9999  -9999  -9999  -9999  -9999    0.0  -9999
C0G660 1999011102  -9999  -9999  -9999  -9999  -9999    0.0  -9999
C0G660 1999011103  -9999  -9999  -9999  -9999  -9999    0.0  -9999
C0G660 1999011104  -9999  -9999  -9999  -9999  -9999    0.0  -9999
C0G660 1999011105  -9999  -9999  -9999  -9999  -9999    0.0  -9999
C0G660 1999011106  -9999  -9999  -9999  -9999  -9999    0.0  -9999
C0G660 1999011107  -9999  -9999  -9999  -9999  -9999    0.0  -9999
C0G660 1999011108  -9999  -9999  -9999  -9999  -9999    0.0  -9999
C0G660 1999011109  -9999  -9999  -9999  -9999  -9999    0.0  -9999
C0G660 1999011110  -9999  -9999  -9999  -9999  -9999    0.0  -9999
C0G660 1999011111  -9999  -9999  -9999  -9999  -9999    0.0  -9999
C0G660 1999011112  -9999  -9999  -9999  -9999  -9999    0.0  -9999
C0G660 1999011113  -9999  -9999  -9999  -9999  -9999    0.0  -9999
C0G660 1999011114  -9999  -9999  -9999  -9999  -9999    0.0  -9999
C0G660 1999011115  -9999  -9999  -9999  -9999  -9999    0.0  -9999
C0G660 1999011116  -9999  -9999  -9999  -9999  -9999    0.0  -9999
C0G660 1999011117  -9999  -9999  -9999  -9999  -9999    0.0  -9999
C0G660 1999011118  -9999  -9999  -9999  -9999  -9999    0.0  -9999
C0G660 1999011119  -9999  -9999  -9999  -9999  -9999    0.0  -9999
C0G660 1999011120  -9999  -9999  -9999  -9999  -9999    0.0  -9999
C0G660 1999011121  -9999  -9999  -9999  -9999  -9999    0.0  -9999
C0G660 1999011122  -9999  -9999  -9999  -9999  -9999    0.0  -9999
C0G660 1999011123  -9999  -9999  -9999  -9999  -9999    0.0  -9999
C0G660 1999011124  -9999  -9999  -9999  -9999  -9999    0.0  -9999
C0G660 1999011201  -9999  -9999  -9999  -9999  -9999    0.0  -9999
C0G660 1999011202  -9999  -9999  -9999  -9999  -9999    0.0  -9999
C0G660 1999011203  -9999  -9999  -9999  -9999  -9999    0.0  -9999
C0G660 1999011204  -9999  -9999  -9999  -9999  -9999    0.0  -9999
C0G660 1999011205  -9999  -9999  -9999  -9999  -9999    0.0  -9999
C0G660 1999011206  -9999  -9999  -9999  -9999  -9999    0.0  -9999
C0G660 1999011207  -9999  -9999  -9999  -9999  -9999    0.0  -9999
C0G660 1999011208  -9999  -9999  -9999  -9999  -9999    0.0  -9999
C0G660 1999011209  -9999  -9999  -9999  -9999  -9999    0.0  -9999
C0G660 1999011210  -9999  -9999  -9999  -9999  -9999    0.0  -9999
C0G660 1999011211  -9999  -9999  -9999  -9999  -9999    0.0  -9999
C0G660 1999011212  -9999  -9999  -9999  -9999  -9999    0.0  -9999
C0G660 1999011213  -9999  -9999  -9999  -9999  -9999  -9996  -9999
C0G660 1999011214  -9999  -9999  -9999  -9999  -9999  -9996  -9999
C0G660 1999011215  -9999  -9999  -9999  -9999  -9999  -9996  -9999
C0G660 1999011216  -9999  -9999  -9999  -9999  -9999  -9996  -9999
C0G660 1999011217  -9999  -9999  -9999  -9999  -9999  -9996  -9999
C0G660 1999011218  -9999  -9999  -9999  -9999  -9999  -9996  -9999
C0G660 1999011219  -9999  -9999  -9999  -9999  -9999  -9996  -9999
C0G660 1999011220  -9999  -9999  -9999  -9999  -9999  -9996  -9999
C0G660 1999011221  -9999  -9999  -9999  -9999  -9999  -9996  -9999
C0G660 1999011222  -9999  -9999  -9999  -9999  -9999  -9996  -9999
C0G660 1999011223  -9999  -9999  -9999  -9999  -9999  -9996  -9999
C0G660 1999011224  -9999  -9999  -9999  -9999  -9999  -9996  -9999
C0G660 1999011301  -9999  -9999  -9999  -9999  -9999  -9996  -9999
C0G660 1999011302  -9999  -9999  -9999  -9999  -9999  -9996  -9999
C0G660 1999011303  -9999  -9999  -9999  -9999  -9999    0.5  -9999
C0G660 1999011304  -9999  -9999  -9999  -9999  -9999    0.0  -9999
C0G660 1999011305  -9999  -9999  -9999  -9999  -9999    0.0  -9999
C0G660 1999011306  -9999  -9999  -9999  -9999  -9999    0.0  -9999
C0G660 1999011307  -9999  -9999  -9999  -9999  -9999    0.0  -9999
C0G660 1999011308  -9999  -9999  -9999  -9999  -9999    0.0  -9999
C0G660 1999011309  -9999  -9999  -9999  -9999  -9999    0.0  -9999
C0G660 1999011310  -9999  -9999  -9999  -9999  -9999    0.0  -9999
C0G660 1999011311  -9999  -9999  -9999  -9999  -9999    0.0  -9999
C0G660 1999011312  -9999  -9999  -9999  -9999  -9999    0.0  -9999
C0G660 1999011313  -9999  -9999  -9999  -9999  -9999    0.0  -9999
C0G660 1999011314  -9999  -9999  -9999  -9999  -9999    0.0  -9999
C0G660 1999011315  -9999  -9999  -9999  -9999  -9999    0.0  -9999
C0G660 1999011316  -9999  -9999  -9999  -9999  -9999    0.0  -9999
C0G660 1999011317  -9999  -9999  -9999  -9999  -9999    0.0  -9999
C0G660 1999011318  -9999  -9999  -9999  -9999  -9999    0.0  -9999
C0G660 1999011319  -9999  -9999  -9999  -9999  -9999    0.0  -9999
C0G660 1999011320  -9999  -9999  -9999  -9999  -9999    0.0  -9999
C0G660 1999011321  -9999  -9999  -9999  -9999  -9999    0.0  -9999
C0G660 1999011322  -9999  -9999  -9999  -9999  -9999    0.0  -9999
C0G660 1999011323  -9999  -9999  -9999  -9999  -9999    0.0  -9999
C0G660 1999011324  -9999  -9999  -9999  -9999  -9999    0.0  -9999
C0G660 1999011401  -9999  -9999  -9999  -9999  -9999    0.0  -9999
C0G660 1999011402  -9999  -9999  -9999  -9999  -9999    0.0  -9999
C0G660 1999011403  -9999  -9999  -9999  -9999  -9999    0.0  -9999
C0G660 1999011404  -9999  -9999  -9999  -9999  -9999    0.0  -9999
C0G660 1999011405  -9999  -9999  -9999  -9999  -9999    0.0  -9999
C0G660 1999011406  -9999  -9999  -9999  -9999  -9999    0.0  -9999
C0G660 1999011407  -9999  -9999  -9999  -9999  -9999    0.0  -9999
C0G660 1999011408  -9999  -9999  -9999  -9999  -9999    0.0  -9999
C0G660 1999011409  -9999  -9999  -9999  -9999  -9999    0.0  -9999
C0G660 1999011410  -9999  -9999  -9999  -9999  -9999    0.0  -9999
C0G660 1999011411  -9999  -9999  -9999  -9999  -9999    0.0  -9999
C0G660 1999011412  -9999  -9999  -9999  -9999  -9999    0.0  -9999
C0G660 1999011413  -9999  -9999  -9999  -9999  -9999    0.0  -9999
C0G660 1999011414  -9999  -9999  -9999  -9999  -9999    0.0  -9999
C0G660 1999011415  -9999  -9999  -9999  -9999  -9999    0.0  -9999
C0G660 1999011416  -9999  -9999  -9999  -9999  -9999    0.0  -9999
C0G660 1999011417  -9999  -9999  -9999  -9999  -9999    0.0  -9999
C0G660 1999011418  -9999  -9999  -9999  -9999  -9999  -9996  -9999
C0G660 1999011419  -9999  -9999  -9999  -9999  -9999  -9996  -9999
C0G660 1999011420  -9999  -9999  -9999  -9999  -9999  -9996  -9999
C0G660 1999011421  -9999  -9999  -9999  -9999  -9999  -9996  -9999
C0G660 1999011422  -9999  -9999  -9999  -9999  -9999  -9996  -9999
C0G660 1999011423  -9999  -9999  -9999  -9999  -9999  -9996  -9999
C0G660 1999011424  -9999  -9999  -9999  -9999  -9999  -9996  -9999
C0G660 1999011501  -9999  -9999  -9999  -9999  -9999  -9996  -9999
C0G660 1999011502  -9999  -9999  -9999  -9999  -9999  -9996  -9999
C0G660 1999011503  -9999  -9999  -9999  -9999  -9999    1.0  -9999
C0G660 1999011504  -9999  -9999  -9999  -9999  -9999    0.5  -9999
C0G660 1999011505  -9999  -9999  -9999  -9999  -9999  -9996  -9999
C0G660 1999011506  -9999  -9999  -9999  -9999  -9999    0.5  -9999
C0G660 1999011507  -9999  -9999  -9999  -9999  -9999    0.0  -9999
C0G660 1999011508  -9999  -9999  -9999  -9999  -9999    0.0  -9999
C0G660 1999011509  -9999  -9999  -9999  -9999  -9999    0.0  -9999
C0G660 1999011510  -9999  -9999  -9999  -9999  -9999    0.0  -9999
C0G660 1999011511  -9999  -9999  -9999  -9999  -9999    0.0  -9999
C0G660 1999011512  -9999  -9999  -9999  -9999  -9999    0.0  -9999
C0G660 1999011513  -9999  -9999  -9999  -9999  -9999    0.0  -9999
C0G660 1999011514  -9999  -9999  -9999  -9999  -9999    0.0  -9999
C0G660 1999011515  -9999  -9999  -9999  -9999  -9999    0.0  -9999
C0G660 1999011516  -9999  -9999  -9999  -9999  -9999    0.0  -9999
C0G660 1999011517  -9999  -9999  -9999  -9999  -9999    0.0  -9999
C0G660 1999011518  -9999  -9999  -9999  -9999  -9999    0.0  -9999
C0G660 1999011519  -9999  -9999  -9999  -9999  -9999    0.0  -9999
C0G660 1999011520  -9999  -9999  -9999  -9999  -9999    0.0  -9999
C0G660 1999011521  -9999  -9999  -9999  -9999  -9999    0.0  -9999
C0G660 1999011522  -9999  -9999  -9999  -9999  -9999    0.0  -9999
C0G660 1999011523  -9999  -9999  -9999  -9999  -9999    0.0  -9999
C0G660 1999011524  -9999  -9999  -9999  -9999  -9999    0.0  -9999
C0G660 1999011601  -9999  -9999  -9999  -9999  -9999    0.0  -9999
C0G660 1999011602  -9999  -9999  -9999  -9999  -9999    0.0  -9999
C0G660 1999011603  -9999  -9999  -9999  -9999  -9999    0.0  -9999
C0G660 1999011604  -9999  -9999  -9999  -9999  -9999    0.0  -9999
C0G660 1999011605  -9999  -9999  -9999  -9999  -9999    0.0  -9999
C0G660 1999011606  -9999  -9999  -9999  -9999  -9999    0.0  -9999
C0G660 1999011607  -9999  -9999  -9999  -9999  -9999    0.0  -9999
C0G660 1999011608  -9999  -9999  -9999  -9999  -9999    0.0  -9999
C0G660 1999011609  -9999  -9999  -9999  -9999  -9999    0.0  -9999
C0G660 1999011610  -9999  -9999  -9999  -9999  -9999    0.0  -9999
C0G660 1999011611  -9999  -9999  -9999  -9999  -9999    0.0  -9999
C0G660 1999011612  -9999  -9999  -9999  -9999  -9999    0.0  -9999
C0G660 1999011613  -9999  -9999  -9999  -9999  -9999    0.0  -9999
C0G660 1999011614  -9999  -9999  -9999  -9999  -9999    0.0  -9999
C0G660 1999011615  -9999  -9999  -9999  -9999  -9999    0.0  -9999
C0G660 1999011616  -9999  -9999  -9999  -9999  -9999    0.0  -9999
C0G660 1999011617  -9999  -9999  -9999  -9999  -9999    0.0  -9999
C0G660 1999011618  -9999  -9999  -9999  -9999  -9999    0.0  -9999
C0G660 1999011619  -9999  -9999  -9999  -9999  -9999    0.0  -9999
C0G660 1999011620  -9999  -9999  -9999  -9999  -9999    0.0  -9999
C0G660 1999011621  -9999  -9999  -9999  -9999  -9999    0.0  -9999
C0G660 1999011622  -9999  -9999  -9999  -9999  -9999    0.0  -9999
C0G660 1999011623  -9999  -9999  -9999  -9999  -9999    0.0  -9999
C0G660 1999011624  -9999  -9999  -9999  -9999  -9999    0.0  -9999
C0G660 1999011701  -9999  -9999  -9999  -9999  -9999    0.0  -9999
C0G660 1999011702  -9999  -9999  -9999  -9999  -9999    0.0  -9999
C0G660 1999011703  -9999  -9999  -9999  -9999  -9999    0.0  -9999
C0G660 1999011704  -9999  -9999  -9999  -9999  -9999    0.0  -9999
C0G660 1999011705  -9999  -9999  -9999  -9999  -9999    0.0  -9999
C0G660 1999011706  -9999  -9999  -9999  -9999  -9999    0.0  -9999
C0G660 1999011707  -9999  -9999  -9999  -9999  -9999    0.0  -9999
C0G660 1999011708  -9999  -9999  -9999  -9999  -9999    0.0  -9999
C0G660 1999011709  -9999  -9999  -9999  -9999  -9999    0.0  -9999
C0G660 1999011710  -9999  -9999  -9999  -9999  -9999    0.0  -9999
C0G660 1999011711  -9999  -9999  -9999  -9999  -9999    0.0  -9999
C0G660 1999011712  -9999  -9999  -9999  -9999  -9999    0.0  -9999
C0G660 1999011713  -9999  -9999  -9999  -9999  -9999    0.0  -9999
C0G660 1999011714  -9999  -9999  -9999  -9999  -9999    0.0  -9999
C0G660 1999011715  -9999  -9999  -9999  -9999  -9999    0.0  -9999
C0G660 1999011716  -9999  -9999  -9999  -9999  -9999    0.0  -9999
C0G660 1999011717  -9999  -9999  -9999  -9999  -9999    0.0  -9999
C0G660 1999011718  -9999  -9999  -9999  -9999  -9999    0.0  -9999
C0G660 1999011719  -9999  -9999  -9999  -9999  -9999    0.0  -9999
C0G660 1999011720  -9999  -9999  -9999  -9999  -9999    0.0  -9999
C0G660 1999011721  -9999  -9999  -9999  -9999  -9999    0.0  -9999
C0G660 1999011722  -9999  -9999  -9999  -9999  -9999    0.0  -9999
C0G660 1999011723  -9999  -9999  -9999  -9999  -9999    0.0  -9999
C0G660 1999011724  -9999  -9999  -9999  -9999  -9999    0.0  -9999
C0G660 1999011801  -9999  -9999  -9999  -9999  -9999    0.0  -9999
C0G660 1999011802  -9999  -9999  -9999  -9999  -9999    0.0  -9999
C0G660 1999011803  -9999  -9999  -9999  -9999  -9999    0.0  -9999
C0G660 1999011804  -9999  -9999  -9999  -9999  -9999    0.0  -9999
C0G660 1999011805  -9999  -9999  -9999  -9999  -9999    0.0  -9999
C0G660 1999011806  -9999  -9999  -9999  -9999  -9999    0.0  -9999
C0G660 1999011807  -9999  -9999  -9999  -9999  -9999    0.0  -9999
C0G660 1999011808  -9999  -9999  -9999  -9999  -9999    0.0  -9999
C0G660 1999011809  -9999  -9999  -9999  -9999  -9999    0.0  -9999
C0G660 1999011810  -9999  -9999  -9999  -9999  -9999  -9996  -9999
C0G660 1999011811  -9999  -9999  -9999  -9999  -9999  -9996  -9999
C0G660 1999011812  -9999  -9999  -9999  -9999  -9999    0.5  -9999
C0G660 1999011813  -9999  -9999  -9999  -9999  -9999    0.0  -9999
C0G660 1999011814  -9999  -9999  -9999  -9999  -9999    0.0  -9999
C0G660 1999011815  -9999  -9999  -9999  -9999  -9999    0.0  -9999
C0G660 1999011816  -9999  -9999  -9999  -9999  -9999    0.0  -9999
C0G660 1999011817  -9999  -9999  -9999  -9999  -9999    0.0  -9999
C0G660 1999011818  -9999  -9999  -9999  -9999  -9999    0.0  -9999
C0G660 1999011819  -9999  -9999  -9999  -9999  -9999    0.0  -9999
C0G660 1999011820  -9999  -9999  -9999  -9999  -9999  -9996  -9999
C0G660 1999011821  -9999  -9999  -9999  -9999  -9999  -9996  -9999
C0G660 1999011822  -9999  -9999  -9999  -9999  -9999  -9996  -9999
C0G660 1999011823  -9999  -9999  -9999  -9999  -9999  -9996  -9999
C0G660 1999011824  -9999  -9999  -9999  -9999  -9999  -9996  -9999
C0G660 1999011901  -9999  -9999  -9999  -9999  -9999    0.0  -9999
C0G660 1999011902  -9999  -9999  -9999  -9999  -9999    0.0  -9999
C0G660 1999011903  -9999  -9999  -9999  -9999  -9999    0.0  -9999
C0G660 1999011904  -9999  -9999  -9999  -9999  -9999    0.0  -9999
C0G660 1999011905  -9999  -9999  -9999  -9999  -9999    0.0  -9999
C0G660 1999011906  -9999  -9999  -9999  -9999  -9999    0.0  -9999
C0G660 1999011907  -9999  -9999  -9999  -9999  -9999    0.0  -9999
C0G660 1999011908  -9999  -9999  -9999  -9999  -9999    0.0  -9999
C0G660 1999011909  -9999  -9999  -9999  -9999  -9999    0.0  -9999
C0G660 1999011910  -9999  -9999  -9999  -9999  -9999    0.0  -9999
C0G660 1999011911  -9999  -9999  -9999  -9999  -9999    0.0  -9999
C0G660 1999011912  -9999  -9999  -9999  -9999  -9999    0.0  -9999
C0G660 1999011913  -9999  -9999  -9999  -9999  -9999    0.0  -9999
C0G660 1999011914  -9999  -9999  -9999  -9999  -9999    0.0  -9999
C0G660 1999011915  -9999  -9999  -9999  -9999  -9999    0.0  -9999
C0G660 1999011916  -9999  -9999  -9999  -9999  -9999    0.0  -9999
C0G660 1999011917  -9999  -9999  -9999  -9999  -9999    0.0  -9999
C0G660 1999011918  -9999  -9999  -9999  -9999  -9999    0.0  -9999
C0G660 1999011919  -9999  -9999  -9999  -9999  -9999    0.0  -9999
C0G660 1999011920  -9999  -9999  -9999  -9999  -9999    0.0  -9999
C0G660 1999011921  -9999  -9999  -9999  -9999  -9999    0.0  -9999
C0G660 1999011922  -9999  -9999  -9999  -9999  -9999    0.0  -9999
C0G660 1999011923  -9999  -9999  -9999  -9999  -9999    0.0  -9999
C0G660 1999011924  -9999  -9999  -9999  -9999  -9999    0.0  -9999
C0G660 1999012001  -9999  -9999  -9999  -9999  -9999    0.0  -9999
C0G660 1999012002  -9999  -9999  -9999  -9999  -9999    0.0  -9999
C0G660 1999012003  -9999  -9999  -9999  -9999  -9999    0.0  -9999
C0G660 1999012004  -9999  -9999  -9999  -9999  -9999    0.0  -9999
C0G660 1999012005  -9999  -9999  -9999  -9999  -9999    0.0  -9999
C0G660 1999012006  -9999  -9999  -9999  -9999  -9999    0.0  -9999
C0G660 1999012007  -9999  -9999  -9999  -9999  -9999    0.0  -9999
C0G660 1999012008  -9999  -9999  -9999  -9999  -9999    0.0  -9999
C0G660 1999012009  -9999  -9999  -9999  -9999  -9999    0.0  -9999
C0G660 1999012010  -9999  -9999  -9999  -9999  -9999    0.0  -9999
C0G660 1999012011  -9999  -9999  -9999  -9999  -9999    0.0  -9999
C0G660 1999012012  -9999  -9999  -9999  -9999  -9999    0.0  -9999
C0G660 1999012013  -9999  -9999  -9999  -9999  -9999    0.0  -9999
C0G660 1999012014  -9999  -9999  -9999  -9999  -9999    0.0  -9999
C0G660 1999012015  -9999  -9999  -9999  -9999  -9999    0.0  -9999
C0G660 1999012016  -9999  -9999  -9999  -9999  -9999    0.0  -9999
C0G660 1999012017  -9999  -9999  -9999  -9999  -9999    0.0  -9999
C0G660 1999012018  -9999  -9999  -9999  -9999  -9999    0.0  -9999
C0G660 1999012019  -9999  -9999  -9999  -9999  -9999    0.0  -9999
C0G660 1999012020  -9999  -9999  -9999  -9999  -9999    0.0  -9999
C0G660 1999012021  -9999  -9999  -9999  -9999  -9999    0.0  -9999
C0G660 1999012022  -9999  -9999  -9999  -9999  -9999    0.0  -9999
C0G660 1999012023  -9999  -9999  -9999  -9999  -9999    0.0  -9999
C0G660 1999012024  -9999  -9999  -9999  -9999  -9999    0.0  -9999
C0G660 1999012101  -9999  -9999  -9999  -9999  -9999    0.0  -9999
C0G660 1999012102  -9999  -9999  -9999  -9999  -9999    0.0  -9999
C0G660 1999012103  -9999  -9999  -9999  -9999  -9999    0.0  -9999
C0G660 1999012104  -9999  -9999  -9999  -9999  -9999    0.0  -9999
C0G660 1999012105  -9999  -9999  -9999  -9999  -9999    0.0  -9999
C0G660 1999012106  -9999  -9999  -9999  -9999  -9999    0.0  -9999
C0G660 1999012107  -9999  -9999  -9999  -9999  -9999    0.0  -9999
C0G660 1999012108  -9999  -9999  -9999  -9999  -9999    0.0  -9999
C0G660 1999012109  -9999  -9999  -9999  -9999  -9999    0.0  -9999
C0G660 1999012110  -9999  -9999  -9999  -9999  -9999    0.0  -9999
C0G660 1999012111  -9999  -9999  -9999  -9999  -9999    0.0  -9999
C0G660 1999012112  -9999  -9999  -9999  -9999  -9999    0.0  -9999
C0G660 1999012113  -9999  -9999  -9999  -9999  -9999    0.0  -9999
C0G660 1999012114  -9999  -9999  -9999  -9999  -9999    0.0  -9999
C0G660 1999012115  -9999  -9999  -9999  -9999  -9999    0.0  -9999
C0G660 1999012116  -9999  -9999  -9999  -9999  -9999    0.0  -9999
C0G660 1999012117  -9999  -9999  -9999  -9999  -9999    0.0  -9999
C0G660 1999012118  -9999  -9999  -9999  -9999  -9999    0.0  -9999
C0G660 1999012119  -9999  -9999  -9999  -9999  -9999    0.0  -9999
C0G660 1999012120  -9999  -9999  -9999  -9999  -9999    0.0  -9999
C0G660 1999012121  -9999  -9999  -9999  -9999  -9999    0.0  -9999
C0G660 1999012122  -9999  -9999  -9999  -9999  -9999    0.0  -9999
C0G660 1999012123  -9999  -9999  -9999  -9999  -9999    0.0  -9999
C0G660 1999012124  -9999  -9999  -9999  -9999  -9999    0.0  -9999
C0G660 1999012201  -9999  -9999  -9999  -9999  -9999    0.0  -9999
C0G660 1999012202  -9999  -9999  -9999  -9999  -9999    0.0  -9999
C0G660 1999012203  -9999  -9999  -9999  -9999  -9999    0.0  -9999
C0G660 1999012204  -9999  -9999  -9999  -9999  -9999    0.0  -9999
C0G660 1999012205  -9999  -9999  -9999  -9999  -9999    0.0  -9999
C0G660 1999012206  -9999  -9999  -9999  -9999  -9999    0.0  -9999
C0G660 1999012207  -9999  -9999  -9999  -9999  -9999    0.0  -9999
C0G660 1999012208  -9999  -9999  -9999  -9999  -9999    0.0  -9999
C0G660 1999012209  -9999  -9999  -9999  -9999  -9999    0.0  -9999
C0G660 1999012210  -9999  -9999  -9999  -9999  -9999    0.0  -9999
C0G660 1999012211  -9999  -9999  -9999  -9999  -9999    0.0  -9999
C0G660 1999012212  -9999  -9999  -9999  -9999  -9999    0.0  -9999
C0G660 1999012213  -9999  -9999  -9999  -9999  -9999    0.0  -9999
C0G660 1999012214  -9999  -9999  -9999  -9999  -9999    0.0  -9999
C0G660 1999012215  -9999  -9999  -9999  -9999  -9999    0.0  -9999
C0G660 1999012216  -9999  -9999  -9999  -9999  -9999    0.0  -9999
C0G660 1999012217  -9999  -9999  -9999  -9999  -9999    0.0  -9999
C0G660 1999012218  -9999  -9999  -9999  -9999  -9999    0.0  -9999
C0G660 1999012219  -9999  -9999  -9999  -9999  -9999    0.0  -9999
C0G660 1999012220  -9999  -9999  -9999  -9999  -9999    0.0  -9999
C0G660 1999012221  -9999  -9999  -9999  -9999  -9999    0.0  -9999
C0G660 1999012222  -9999  -9999  -9999  -9999  -9999    0.0  -9999
C0G660 1999012223  -9999  -9999  -9999  -9999  -9999    0.0  -9999
C0G660 1999012224  -9999  -9999  -9999  -9999  -9999    0.0  -9999
C0G660 1999012301  -9999  -9999  -9999  -9999  -9999    0.0  -9999
C0G660 1999012302  -9999  -9999  -9999  -9999  -9999    0.0  -9999
C0G660 1999012303  -9999  -9999  -9999  -9999  -9999    0.0  -9999
C0G660 1999012304  -9999  -9999  -9999  -9999  -9999    0.0  -9999
C0G660 1999012305  -9999  -9999  -9999  -9999  -9999    0.0  -9999
C0G660 1999012306  -9999  -9999  -9999  -9999  -9999    0.0  -9999
C0G660 1999012307  -9999  -9999  -9999  -9999  -9999    0.0  -9999
C0G660 1999012308  -9999  -9999  -9999  -9999  -9999    0.0  -9999
C0G660 1999012309  -9999  -9999  -9999  -9999  -9999    0.0  -9999
C0G660 1999012310  -9999  -9999  -9999  -9999  -9999    0.0  -9999
C0G660 1999012311  -9999  -9999  -9999  -9999  -9999    0.0  -9999
C0G660 1999012312  -9999  -9999  -9999  -9999  -9999    0.0  -9999
C0G660 1999012313  -9999  -9999  -9999  -9999  -9999    0.0  -9999
C0G660 1999012314  -9999  -9999  -9999  -9999  -9999    0.0  -9999
C0G660 1999012315  -9999  -9999  -9999  -9999  -9999    0.0  -9999
C0G660 1999012316  -9999  -9999  -9999  -9999  -9999    0.0  -9999
C0G660 1999012317  -9999  -9999  -9999  -9999  -9999    0.0  -9999
C0G660 1999012318  -9999  -9999  -9999  -9999  -9999    0.0  -9999
C0G660 1999012319  -9999  -9999  -9999  -9999  -9999    0.0  -9999
C0G660 1999012320  -9999  -9999  -9999  -9999  -9999    0.0  -9999
C0G660 1999012321  -9999  -9999  -9999  -9999  -9999    0.0  -9999
C0G660 1999012322  -9999  -9999  -9999  -9999  -9999    0.0  -9999
C0G660 1999012323  -9999  -9999  -9999  -9999  -9999    0.0  -9999
C0G660 1999012324  -9999  -9999  -9999  -9999  -9999    0.0  -9999
C0G660 1999012401  -9999  -9999  -9999  -9999  -9999  -9996  -9999
C0G660 1999012402  -9999  -9999  -9999  -9999  -9999  -9996  -9999
C0G660 1999012403  -9999  -9999  -9999  -9999  -9999  -9996  -9999
C0G660 1999012404  -9999  -9999  -9999  -9999  -9999  -9996  -9999
C0G660 1999012405  -9999  -9999  -9999  -9999  -9999  -9996  -9999
C0G660 1999012406  -9999  -9999  -9999  -9999  -9999    0.5  -9999
C0G660 1999012407  -9999  -9999  -9999  -9999  -9999    1.0  -9999
C0G660 1999012408  -9999  -9999  -9999  -9999  -9999    2.0  -9999
C0G660 1999012409  -9999  -9999  -9999  -9999  -9999    0.5  -9999
C0G660 1999012410  -9999  -9999  -9999  -9999  -9999    0.0  -9999
C0G660 1999012411  -9999  -9999  -9999  -9999  -9999    0.0  -9999
C0G660 1999012412  -9999  -9999  -9999  -9999  -9999    0.0  -9999
C0G660 1999012413  -9999  -9999  -9999  -9999  -9999    0.0  -9999
C0G660 1999012414  -9999  -9999  -9999  -9999  -9999    0.0  -9999
C0G660 1999012415  -9999  -9999  -9999  -9999  -9999    0.0  -9999
C0G660 1999012416  -9999  -9999  -9999  -9999  -9999    0.0  -9999
C0G660 1999012417  -9999  -9999  -9999  -9999  -9999    0.0  -9999
C0G660 1999012418  -9999  -9999  -9999  -9999  -9999    0.0  -9999
C0G660 1999012419  -9999  -9999  -9999  -9999  -9999    0.0  -9999
C0G660 1999012420  -9999  -9999  -9999  -9999  -9999    0.0  -9999
C0G660 1999012421  -9999  -9999  -9999  -9999  -9999    0.0  -9999
C0G660 1999012422  -9999  -9999  -9999  -9999  -9999  -9996  -9999
C0G660 1999012423  -9999  -9999  -9999  -9999  -9999  -9996  -9999
C0G660 1999012424  -9999  -9999  -9999  -9999  -9999  -9996  -9999
C0G660 1999012501  -9999  -9999  -9999  -9999  -9999  -9996  -9999
C0G660 1999012502  -9999  -9999  -9999  -9999  -9999    1.0  -9999
C0G660 1999012503  -9999  -9999  -9999  -9999  -9999    1.5  -9999
C0G660 1999012504  -9999  -9999  -9999  -9999  -9999    0.0  -9999
C0G660 1999012505  -9999  -9999  -9999  -9999  -9999    0.0  -9999
C0G660 1999012506  -9999  -9999  -9999  -9999  -9999    0.0  -9999
C0G660 1999012507  -9999  -9999  -9999  -9999  -9999    0.0  -9999
C0G660 1999012508  -9999  -9999  -9999  -9999  -9999    0.0  -9999
C0G660 1999012509  -9999  -9999  -9999  -9999  -9999    0.0  -9999
C0G660 1999012510  -9999  -9999  -9999  -9999  -9999  -9996  -9999
C0G660 1999012511  -9999  -9999  -9999  -9999  -9999  -9996  -9999
C0G660 1999012512  -9999  -9999  -9999  -9999  -9999  -9996  -9999
C0G660 1999012513  -9999  -9999  -9999  -9999  -9999  -9996  -9999
C0G660 1999012514  -9999  -9999  -9999  -9999  -9999    0.5  -9999
C0G660 1999012515  -9999  -9999  -9999  -9999  -9999    0.0  -9999
C0G660 1999012516  -9999  -9999  -9999  -9999  -9999    0.0  -9999
C0G660 1999012517  -9999  -9999  -9999  -9999  -9999    0.0  -9999
C0G660 1999012518  -9999  -9999  -9999  -9999  -9999    0.0  -9999
C0G660 1999012519  -9999  -9999  -9999  -9999  -9999    0.0  -9999
C0G660 1999012520  -9999  -9999  -9999  -9999  -9999    0.0  -9999
C0G660 1999012521  -9999  -9999  -9999  -9999  -9999    0.0  -9999
C0G660 1999012522  -9999  -9999  -9999  -9999  -9999    0.0  -9999
C0G660 1999012523  -9999  -9999  -9999  -9999  -9999    0.0  -9999
C0G660 1999012524  -9999  -9999  -9999  -9999  -9999    0.0  -9999
C0G660 1999012601  -9999  -9999  -9999  -9999  -9999    0.0  -9999
C0G660 1999012602  -9999  -9999  -9999  -9999  -9999    0.0  -9999
C0G660 1999012603  -9999  -9999  -9999  -9999  -9999    0.0  -9999
C0G660 1999012604  -9999  -9999  -9999  -9999  -9999    0.0  -9999
C0G660 1999012605  -9999  -9999  -9999  -9999  -9999    0.0  -9999
C0G660 1999012606  -9999  -9999  -9999  -9999  -9999    0.0  -9999
C0G660 1999012607  -9999  -9999  -9999  -9999  -9999    0.0  -9999
C0G660 1999012608  -9999  -9999  -9999  -9999  -9999    0.0  -9999
C0G660 1999012609  -9999  -9999  -9999  -9999  -9999    0.0  -9999
C0G660 1999012610  -9999  -9999  -9999  -9999  -9999    0.0  -9999
C0G660 1999012611  -9999  -9999  -9999  -9999  -9999    0.0  -9999
C0G660 1999012612  -9999  -9999  -9999  -9999  -9999    0.0  -9999
C0G660 1999012613  -9999  -9999  -9999  -9999  -9999    0.0  -9999
C0G660 1999012614  -9999  -9999  -9999  -9999  -9999    0.0  -9999
C0G660 1999012615  -9999  -9999  -9999  -9999  -9999    0.0  -9999
C0G660 1999012616  -9999  -9999  -9999  -9999  -9999    0.0  -9999
C0G660 1999012617  -9999  -9999  -9999  -9999  -9999    0.0  -9999
C0G660 1999012618  -9999  -9999  -9999  -9999  -9999    0.0  -9999
C0G660 1999012619  -9999  -9999  -9999  -9999  -9999    0.0  -9999
C0G660 1999012620  -9999  -9999  -9999  -9999  -9999    0.0  -9999
C0G660 1999012621  -9999  -9999  -9999  -9999  -9999    0.0  -9999
C0G660 1999012622  -9999  -9999  -9999  -9999  -9999    0.0  -9999
C0G660 1999012623  -9999  -9999  -9999  -9999  -9999    0.0  -9999
C0G660 1999012624  -9999  -9999  -9999  -9999  -9999    0.0  -9999
C0G660 1999012701  -9999  -9999  -9999  -9999  -9999    0.0  -9999
C0G660 1999012702  -9999  -9999  -9999  -9999  -9999    0.0  -9999
C0G660 1999012703  -9999  -9999  -9999  -9999  -9999    0.0  -9999
C0G660 1999012704  -9999  -9999  -9999  -9999  -9999    0.0  -9999
C0G660 1999012705  -9999  -9999  -9999  -9999  -9999    0.0  -9999
C0G660 1999012706  -9999  -9999  -9999  -9999  -9999    0.0  -9999
C0G660 1999012707  -9999  -9999  -9999  -9999  -9999    0.0  -9999
C0G660 1999012708  -9999  -9999  -9999  -9999  -9999    0.0  -9999
C0G660 1999012709  -9999  -9999  -9999  -9999  -9999    0.0  -9999
C0G660 1999012710  -9999  -9999  -9999  -9999  -9999    0.0  -9999
C0G660 1999012711  -9999  -9999  -9999  -9999  -9999    0.0  -9999
C0G660 1999012712  -9999  -9999  -9999  -9999  -9999    0.0  -9999
C0G660 1999012713  -9999  -9999  -9999  -9999  -9999    0.0  -9999
C0G660 1999012714  -9999  -9999  -9999  -9999  -9999    0.0  -9999
C0G660 1999012715  -9999  -9999  -9999  -9999  -9999    0.0  -9999
C0G660 1999012716  -9999  -9999  -9999  -9999  -9999    0.0  -9999
C0G660 1999012717  -9999  -9999  -9999  -9999  -9999    0.0  -9999
C0G660 1999012718  -9999  -9999  -9999  -9999  -9999    0.0  -9999
C0G660 1999012719  -9999  -9999  -9999  -9999  -9999    0.0  -9999
C0G660 1999012720  -9999  -9999  -9999  -9999  -9999    0.0  -9999
C0G660 1999012721  -9999  -9999  -9999  -9999  -9999    0.0  -9999
C0G660 1999012722  -9999  -9999  -9999  -9999  -9999    0.0  -9999
C0G660 1999012723  -9999  -9999  -9999  -9999  -9999    0.0  -9999
C0G660 1999012724  -9999  -9999  -9999  -9999  -9999    0.0  -9999
C0G660 1999012801  -9999  -9999  -9999  -9999  -9999    0.0  -9999
C0G660 1999012802  -9999  -9999  -9999  -9999  -9999    0.0  -9999
C0G660 1999012803  -9999  -9999  -9999  -9999  -9999    0.0  -9999
C0G660 1999012804  -9999  -9999  -9999  -9999  -9999    0.0  -9999
C0G660 1999012805  -9999  -9999  -9999  -9999  -9999    0.0  -9999
C0G660 1999012806  -9999  -9999  -9999  -9999  -9999    0.0  -9999
C0G660 1999012807  -9999  -9999  -9999  -9999  -9999    0.0  -9999
C0G660 1999012808  -9999  -9999  -9999  -9999  -9999    0.0  -9999
C0G660 1999012809  -9999  -9999  -9999  -9999  -9999    0.0  -9999
C0G660 1999012810  -9999  -9999  -9999  -9999  -9999    0.0  -9999
C0G660 1999012811  -9999  -9999  -9999  -9999  -9999    0.0  -9999
C0G660 1999012812  -9999  -9999  -9999  -9999  -9999    0.0  -9999
C0G660 1999012813  -9999  -9999  -9999  -9999  -9999    0.0  -9999
C0G660 1999012814  -9999  -9999  -9999  -9999  -9999    0.0  -9999
C0G660 1999012815  -9999  -9999  -9999  -9999  -9999    0.0  -9999
C0G660 1999012816  -9999  -9999  -9999  -9999  -9999    0.0  -9999
C0G660 1999012817  -9999  -9999  -9999  -9999  -9999    0.0  -9999
C0G660 1999012818  -9999  -9999  -9999  -9999  -9999    0.0  -9999
C0G660 1999012819  -9999  -9999  -9999  -9999  -9999    0.0  -9999
C0G660 1999012820  -9999  -9999  -9999  -9999  -9999    0.0  -9999
C0G660 1999012821  -9999  -9999  -9999  -9999  -9999    0.0  -9999
C0G660 1999012822  -9999  -9999  -9999  -9999  -9999    0.0  -9999
C0G660 1999012823  -9999  -9999  -9999  -9999  -9999    0.0  -9999
C0G660 1999012824  -9999  -9999  -9999  -9999  -9999    0.0  -9999
C0G660 1999012901  -9999  -9999  -9999  -9999  -9999    0.0  -9999
C0G660 1999012902  -9999  -9999  -9999  -9999  -9999    0.0  -9999
C0G660 1999012903  -9999  -9999  -9999  -9999  -9999    0.0  -9999
C0G660 1999012904  -9999  -9999  -9999  -9999  -9999    0.0  -9999
C0G660 1999012905  -9999  -9999  -9999  -9999  -9999    0.0  -9999
C0G660 1999012906  -9999  -9999  -9999  -9999  -9999    0.0  -9999
C0G660 1999012907  -9999  -9999  -9999  -9999  -9999    0.0  -9999
C0G660 1999012908  -9999  -9999  -9999  -9999  -9999    0.0  -9999
C0G660 1999012909  -9999  -9999  -9999  -9999  -9999    0.0  -9999
C0G660 1999012910  -9999  -9999  -9999  -9999  -9999    0.0  -9999
C0G660 1999012911  -9999  -9999  -9999  -9999  -9999    0.0  -9999
C0G660 1999012912  -9999  -9999  -9999  -9999  -9999    0.0  -9999
C0G660 1999012913  -9999  -9999  -9999  -9999  -9999    0.0  -9999
C0G660 1999012914  -9999  -9999  -9999  -9999  -9999    0.0  -9999
C0G660 1999012915  -9999  -9999  -9999  -9999  -9999    0.0  -9999
C0G660 1999012916  -9999  -9999  -9999  -9999  -9999    0.0  -9999
C0G660 1999012917  -9999  -9999  -9999  -9999  -9999    0.0  -9999
C0G660 1999012918  -9999  -9999  -9999  -9999  -9999    0.0  -9999
C0G660 1999012919  -9999  -9999  -9999  -9999  -9999    0.0  -9999
C0G660 1999012920  -9999  -9999  -9999  -9999  -9999    0.0  -9999
C0G660 1999012921  -9999  -9999  -9999  -9999  -9999    0.0  -9999
C0G660 1999012922  -9999  -9999  -9999  -9999  -9999    0.0  -9999
C0G660 1999012923  -9999  -9999  -9999  -9999  -9999    0.0  -9999
C0G660 1999012924  -9999  -9999  -9999  -9999  -9999    0.0  -9999
C0G660 1999013001  -9999  -9999  -9999  -9999  -9999    0.0  -9999
C0G660 1999013002  -9999  -9999  -9999  -9999  -9999    0.0  -9999
C0G660 1999013003  -9999  -9999  -9999  -9999  -9999    0.0  -9999
C0G660 1999013004  -9999  -9999  -9999  -9999  -9999    0.0  -9999
C0G660 1999013005  -9999  -9999  -9999  -9999  -9999    0.0  -9999
C0G660 1999013006  -9999  -9999  -9999  -9999  -9999    0.0  -9999
C0G660 1999013007  -9999  -9999  -9999  -9999  -9999    0.0  -9999
C0G660 1999013008  -9999  -9999  -9999  -9999  -9999    0.0  -9999
C0G660 1999013009  -9999  -9999  -9999  -9999  -9999    0.0  -9999
C0G660 1999013010  -9999  -9999  -9999  -9999  -9999    0.0  -9999
C0G660 1999013011  -9999  -9999  -9999  -9999  -9999    0.0  -9999
C0G660 1999013012  -9999  -9999  -9999  -9999  -9999    0.0  -9999
C0G660 1999013013  -9999  -9999  -9999  -9999  -9999    0.0  -9999
C0G660 1999013014  -9999  -9999  -9999  -9999  -9999    0.0  -9999
C0G660 1999013015  -9999  -9999  -9999  -9999  -9999    0.0  -9999
C0G660 1999013016  -9999  -9999  -9999  -9999  -9999    0.0  -9999
C0G660 1999013017  -9999  -9999  -9999  -9999  -9999    0.0  -9999
C0G660 1999013018  -9999  -9999  -9999  -9999  -9999    0.0  -9999
C0G660 1999013019  -9999  -9999  -9999  -9999  -9999    0.0  -9999
C0G660 1999013020  -9999  -9999  -9999  -9999  -9999    0.0  -9999
C0G660 1999013021  -9999  -9999  -9999  -9999  -9999    0.0  -9999
C0G660 1999013022  -9999  -9999  -9999  -9999  -9999    0.0  -9999
C0G660 1999013023  -9999  -9999  -9999  -9999  -9999    0.0  -9999
C0G660 1999013024  -9999  -9999  -9999  -9999  -9999    0.0  -9999
C0G660 1999013101  -9999  -9999  -9999  -9999  -9999    0.0  -9999
C0G660 1999013102  -9999  -9999  -9999  -9999  -9999    0.0  -9999
C0G660 1999013103  -9999  -9999  -9999  -9999  -9999    0.0  -9999
C0G660 1999013104  -9999  -9999  -9999  -9999  -9999    0.0  -9999
C0G660 1999013105  -9999  -9999  -9999  -9999  -9999    0.0  -9999
C0G660 1999013106  -9999  -9999  -9999  -9999  -9999    0.0  -9999
C0G660 1999013107  -9999  -9999  -9999  -9999  -9999    0.0  -9999
C0G660 1999013108  -9999  -9999  -9999  -9999  -9999    0.0  -9999
C0G660 1999013109  -9999  -9999  -9999  -9999  -9999    0.0  -9999
C0G660 1999013110  -9999  -9999  -9999  -9999  -9999    0.0  -9999
C0G660 1999013111  -9999  -9999  -9999  -9999  -9999    0.0  -9999
C0G660 1999013112  -9999  -9999  -9999  -9999  -9999    0.0  -9999
C0G660 1999013113  -9999  -9999  -9999  -9999  -9999    0.0  -9999
C0G660 1999013114  -9999  -9999  -9999  -9999  -9999    0.0  -9999
C0G660 1999013115  -9999  -9999  -9999  -9999  -9999    0.0  -9999
C0G660 1999013116  -9999  -9999  -9999  -9999  -9999    0.0  -9999
C0G660 1999013117  -9999  -9999  -9999  -9999  -9999    0.0  -9999
C0G660 1999013118  -9999  -9999  -9999  -9999  -9999    0.0  -9999
C0G660 1999013119  -9999  -9999  -9999  -9999  -9999    0.0  -9999
C0G660 1999013120  -9999  -9999  -9999  -9999  -9999    0.0  -9999
C0G660 1999013121  -9999  -9999  -9999  -9999  -9999    0.0  -9999
C0G660 1999013122  -9999  -9999  -9999  -9999  -9999    0.0  -9999
C0G660 1999013123  -9999  -9999  -9999  -9999  -9999    0.0  -9999
C0G660 1999013124  -9999  -9999  -9999  -9999  -9999    0.0  -9999
