C0G650 1999030101 15.8 -9997 0.0 0.0
C0G650 1999030102 16.2 -9997 0.0 0.0
C0G650 1999030103 15.9 -9997 0.0 0.0
C0G650 1999030104 15.7 -9997 0.0 0.0
C0G650 1999030105 15.9 -9997 0.0 0.0
C0G650 1999030106 15.7 -9997 0.0 0.0
C0G650 1999030107 15.1 -9997 0.0 0.0
C0G650 1999030108 17.8 -9997 0.0 0.0
C0G650 1999030109 20.2 -9997 0.0 0.0
C0G650 1999030110 21.9 -9997 0.3 0.0
C0G650 1999030111 23.6 -9997 0.3 0.0
C0G650 1999030112 24.2 -9997 0.3 0.0
C0G650 1999030113 23.5 -9997 1.1 0.0
C0G650 1999030114 24.4 -9997 0.5 0.0
C0G650 1999030115 23.5 -9997 0.6 0.0
C0G650 1999030116 22.9 -9997 1.5 0.0
C0G650 1999030117 21.1 -9997 1.1 0.0
C0G650 1999030118 19.9 -9997 0.7 0.0
C0G650 1999030119 19.1 -9997 0.0 0.0
C0G650 1999030120 18.5 -9997 0.0 0.0
C0G650 1999030121 17.7 -9997 0.0 0.0
C0G650 1999030122 17.8 -9997 0.0 0.0
C0G650 1999030123 17.2 -9997 0.0 0.0
C0G650 1999030124 16.3 -9997 0.0 0.0
C0G650 1999030201 16.2 -9997 0.0 0.0
C0G650 1999030202 -9997 -9997 -9997 0.0
C0G650 1999030203 17.2 -9997 0.0 0.0
C0G650 1999030204 17.1 -9997 0.0 0.0
C0G650 1999030205 17.4 -9997 0.0 0.0
C0G650 1999030206 17.8 -9997 0.0 0.0
C0G650 1999030207 18.4 -9997 0.0 0.0
C0G650 1999030208 19.8 -9997 0.0 0.0
C0G650 1999030209 21.5 -9997 0.5 0.0
C0G650 1999030210 23.9 -9997 0.2 0.0
C0G650 1999030211 25.1 -9997 0.5 0.0
C0G650 1999030212 26.2 -9997 0.2 0.0
C0G650 1999030213 27.2 -9997 0.4 0.0
C0G650 1999030214 26.9 -9997 1.6 0.0
C0G650 1999030215 26.4 -9997 1.1 0.0
C0G650 1999030216 25.7 -9997 1.3 0.0
C0G650 1999030217 24.2 -9997 0.5 0.0
C0G650 1999030218 23.1 -9997 -9997 0.0
C0G650 1999030219 21.9 -9997 0.0 0.0
C0G650 1999030220 21.1 -9997 0.0 0.0
C0G650 1999030221 20.2 -9997 0.0 0.0
C0G650 1999030222 19.4 -9997 0.0 0.0
C0G650 1999030223 19.8 -9997 0.0 0.0
C0G650 1999030224 20.3 -9997 0.0 0.0
C0G650 1999030301 19.5 -9997 0.0 0.0
C0G650 1999030302 18.7 -9997 0.0 0.0
C0G650 1999030303 18.7 -9997 0.3 0.0
C0G650 1999030304 18.2 -9997 0.0 0.0
C0G650 1999030305 18.6 -9997 0.3 0.0
C0G650 1999030306 18.4 -9997 0.1 0.0
C0G650 1999030307 18.5 -9997 0.1 0.0
C0G650 1999030308 20.0 -9997 0.6 0.0
C0G650 1999030309 22.2 -9997 0.6 0.0
C0G650 1999030310 24.4 -9997 0.7 0.0
C0G650 1999030311 25.5 -9997 1.2 0.0
C0G650 1999030312 27.4 -9997 0.5 0.0
C0G650 1999030313 26.9 -9997 1.2 0.0
C0G650 1999030314 27.1 -9997 1.2 0.0
C0G650 1999030315 26.2 -9997 0.7 0.0
C0G650 1999030316 25.0 -9997 1.3 0.0
C0G650 1999030317 23.6 -9997 1.1 0.0
C0G650 1999030318 23.2 -9997 0.2 0.0
C0G650 1999030319 22.2 -9997 0.3 0.0
C0G650 1999030320 21.4 -9997 0.1 0.0
C0G650 1999030321 20.7 -9997 0.1 0.0
C0G650 1999030322 20.0 -9997 0.1 0.0
C0G650 1999030323 19.9 -9997 0.1 0.0
C0G650 1999030324 19.7 -9997 0.0 0.0
C0G650 1999030401 19.1 -9997 0.0 0.0
C0G650 1999030402 18.9 -9997 0.0 0.0
C0G650 1999030403 18.5 -9997 0.0 0.0
C0G650 1999030404 18.5 -9997 0.0 0.0
C0G650 1999030405 17.8 -9997 0.0 0.0
C0G650 1999030406 17.9 -9997 0.1 0.0
C0G650 1999030407 17.9 -9997 0.0 0.0
C0G650 1999030408 20.4 -9997 0.3 0.0
C0G650 1999030409 22.4 -9997 0.3 0.0
C0G650 1999030410 24.0 -9997 0.7 0.0
C0G650 1999030411 26.7 -9997 0.8 0.0
C0G650 1999030412 28.0 -9997 0.3 0.0
C0G650 1999030413 28.0 -9997 1.1 0.0
C0G650 1999030414 26.3 -9997 1.0 0.0
C0G650 1999030415 28.2 -9997 0.5 0.0
C0G650 1999030416 28.4 -9997 0.6 0.0
C0G650 1999030417 27.2 -9997 0.9 0.0
C0G650 1999030418 26.3 -9997 0.1 0.0
C0G650 1999030419 25.2 -9997 0.1 0.0
C0G650 1999030420 24.4 -9997 0.0 0.0
C0G650 1999030421 23.4 -9997 0.0 0.0
C0G650 1999030422 22.3 -9997 0.0 0.0
C0G650 1999030423 22.7 -9997 0.0 0.0
C0G650 1999030424 21.6 -9997 0.0 0.0
C0G650 1999030501 20.5 -9997 0.0 0.0
C0G650 1999030502 20.1 -9997 0.0 0.0
C0G650 1999030503 19.9 -9997 0.0 0.0
C0G650 1999030504 20.2 -9997 0.0 0.0
C0G650 1999030505 18.6 -9997 0.0 0.0
C0G650 1999030506 18.1 -9997 0.0 0.0
C0G650 1999030507 19.0 -9997 0.0 0.0
C0G650 1999030508 22.9 -9997 0.0 0.0
C0G650 1999030509 25.4 -9997 0.0 0.0
C0G650 1999030510 26.4 -9997 0.8 0.0
C0G650 1999030511 29.1 -9997 0.4 0.0
C0G650 1999030512 29.5 -9997 0.4 0.0
C0G650 1999030513 29.7 -9997 0.3 0.0
C0G650 1999030514 29.9 -9997 1.3 0.0
C0G650 1999030515 30.2 -9997 0.6 0.0
C0G650 1999030516 29.7 -9997 0.7 0.0
C0G650 1999030517 27.7 -9997 0.3 0.0
C0G650 1999030518 26.0 -9997 0.0 0.0
C0G650 1999030519 24.6 -9997 0.0 0.0
C0G650 1999030520 23.5 -9997 0.0 0.0
C0G650 1999030521 21.9 -9997 0.0 0.0
C0G650 1999030522 21.4 -9997 0.0 0.0
C0G650 1999030523 21.5 -9997 0.0 0.0
C0G650 1999030524 22.0 -9997 0.0 0.0
C0G650 1999030601 21.4 -9997 0.0 0.0
C0G650 1999030602 20.5 -9997 0.0 0.0
C0G650 1999030603 19.9 -9997 0.0 0.0
C0G650 1999030604 20.9 -9997 0.0 0.0
C0G650 1999030605 20.6 -9997 0.0 0.0
C0G650 1999030606 20.2 -9997 0.0 0.0
C0G650 1999030607 21.2 -9997 0.3 0.0
C0G650 1999030608 23.2 -9997 0.0 0.0
C0G650 1999030609 25.2 -9997 0.2 0.0
C0G650 1999030610 26.8 -9997 0.2 0.0
C0G650 1999030611 28.3 -9997 0.3 0.0
C0G650 1999030612 29.0 -9997 1.2 0.0
C0G650 1999030613 28.6 -9997 0.7 0.0
C0G650 1999030614 28.4 -9997 0.8 0.0
C0G650 1999030615 28.6 -9997 0.9 0.0
C0G650 1999030616 28.2 -9997 0.6 0.0
C0G650 1999030617 27.2 -9997 0.0 0.0
C0G650 1999030618 25.6 -9997 0.2 0.0
C0G650 1999030619 24.1 -9997 0.1 0.0
C0G650 1999030620 23.3 -9997 0.0 0.0
C0G650 1999030621 22.8 -9997 0.0 0.0
C0G650 1999030622 22.3 -9997 0.0 0.0
C0G650 1999030623 22.4 -9997 0.4 0.0
C0G650 1999030624 22.0 -9997 0.4 0.0
C0G650 1999030701 21.5 -9997 0.0 0.0
C0G650 1999030702 21.0 -9997 0.0 0.0
C0G650 1999030703 20.4 -9997 0.0 0.0
C0G650 1999030704 19.8 -9997 0.0 0.0
C0G650 1999030705 19.7 -9997 0.0 0.0
C0G650 1999030706 19.9 -9997 0.0 0.0
C0G650 1999030707 20.3 -9997 0.0 0.0
C0G650 1999030708 20.7 -9997 0.1 0.0
C0G650 1999030709 22.5 -9997 0.0 0.0
C0G650 1999030710 25.5 -9997 0.5 0.0
C0G650 1999030711 25.7 -9997 0.3 0.0
C0G650 1999030712 26.7 -9997 0.4 0.0
C0G650 1999030713 27.3 -9997 0.7 0.0
C0G650 1999030714 26.2 -9997 1.3 0.0
C0G650 1999030715 25.4 -9997 1.4 0.0
C0G650 1999030716 23.8 -9997 1.6 0.0
C0G650 1999030717 22.6 -9997 1.4 0.0
C0G650 1999030718 20.4 -9997 1.1 0.0
C0G650 1999030719 18.8 -9997 0.8 0.0
C0G650 1999030720 18.0 -9997 0.9 0.0
C0G650 1999030721 17.7 -9997 0.3 0.0
C0G650 1999030722 17.3 -9997 0.5 0.0
C0G650 1999030723 16.7 -9997 0.7 0.0
C0G650 1999030724 16.7 -9997 0.1 0.0
C0G650 1999030801 16.7 -9997 0.0 0.0
C0G650 1999030802 16.5 -9997 0.0 0.0
C0G650 1999030803 16.4 -9997 1.1 0.0
C0G650 1999030804 16.5 -9997 1.2 0.0
C0G650 1999030805 16.6 -9997 0.3 0.0
C0G650 1999030806 17.0 -9997 0.1 0.0
C0G650 1999030807 17.1 -9997 0.1 0.0
C0G650 1999030808 17.8 -9997 0.4 0.0
C0G650 1999030809 18.8 -9997 0.2 0.0
C0G650 1999030810 20.4 -9997 0.2 0.0
C0G650 1999030811 21.5 -9997 0.3 0.0
C0G650 1999030812 22.3 -9997 0.0 0.0
C0G650 1999030813 25.4 -9997 0.3 0.0
C0G650 1999030814 26.3 -9997 0.9 0.0
C0G650 1999030815 26.6 -9997 0.4 0.0
C0G650 1999030816 -9997 -9997 -9997 0.0
C0G650 1999030817 22.7 -9997 0.2 0.0
C0G650 1999030818 21.2 -9997 0.7 0.0
C0G650 1999030819 20.2 -9997 1.3 0.0
C0G650 1999030820 19.8 -9997 0.6 0.0
C0G650 1999030821 19.8 -9997 0.0 0.0
C0G650 1999030822 19.7 -9997 0.1 0.0
C0G650 1999030823 19.6 -9997 0.2 0.0
C0G650 1999030824 19.5 -9997 0.0 0.0
C0G650 1999030901 19.4 -9997 0.0 0.0
C0G650 1999030902 18.9 -9997 0.0 0.0
C0G650 1999030903 18.8 -9997 0.2 0.0
C0G650 1999030904 18.7 -9997 0.0 0.0
C0G650 1999030905 18.5 -9997 0.0 0.0
C0G650 1999030906 17.6 -9997 0.0 0.0
C0G650 1999030907 18.6 -9997 0.0 0.0
C0G650 1999030908 19.5 -9997 0.0 0.0
C0G650 1999030909 21.7 -9997 0.5 0.0
C0G650 1999030910 23.8 -9997 1.6 0.0
C0G650 1999030911 24.3 -9997 0.3 0.0
C0G650 1999030912 26.7 -9997 0.9 0.0
C0G650 1999030913 27.4 -9997 0.7 0.0
C0G650 1999030914 23.9 -9997 1.7 0.0
C0G650 1999030915 21.8 -9997 1.8 0.0
C0G650 1999030916 21.8 -9997 1.1 0.0
C0G650 1999030917 21.6 -9997 0.2 0.0
C0G650 1999030918 21.6 -9997 0.1 0.0
C0G650 1999030919 22.0 -9997 0.0 0.0
C0G650 1999030920 21.6 -9997 -9997 0.0
C0G650 1999030921 20.8 -9997 0.0 0.0
C0G650 1999030922 21.0 -9997 0.0 0.0
C0G650 1999030923 20.9 -9997 0.0 0.0
C0G650 1999030924 20.8 -9997 0.0 0.0
C0G650 1999031001 21.0 -9997 0.2 0.0
C0G650 1999031002 20.6 -9997 0.0 0.0
C0G650 1999031003 20.6 -9997 0.0 0.0
C0G650 1999031004 19.6 -9997 0.0 0.0
C0G650 1999031005 19.7 -9997 0.2 0.0
C0G650 1999031006 19.5 -9997 0.2 0.0
C0G650 1999031007 19.7 -9997 0.1 0.0
C0G650 1999031008 20.8 -9997 0.0 0.0
C0G650 1999031009 22.2 -9997 0.5 0.0
C0G650 1999031010 22.9 -9997 1.6 0.0
C0G650 1999031011 26.4 -9997 0.4 0.0
C0G650 1999031012 26.3 -9997 0.8 0.0
C0G650 1999031013 26.3 -9997 0.3 0.0
C0G650 1999031014 23.8 -9997 2.2 0.0
C0G650 1999031015 25.2 -9997 0.4 0.0
C0G650 1999031016 23.0 -9997 1.0 0.0
C0G650 1999031017 22.5 -9997 1.5 0.0
C0G650 1999031018 21.6 -9997 0.4 0.0
C0G650 1999031019 20.9 -9997 0.1 0.0
C0G650 1999031020 20.5 -9997 0.0 0.0
C0G650 1999031021 20.5 -9997 0.1 0.0
C0G650 1999031022 20.1 -9997 0.4 0.0
C0G650 1999031023 19.8 -9997 1.0 0.0
C0G650 1999031024 19.3 -9997 0.7 0.0
C0G650 1999031101 19.0 -9997 1.4 0.0
C0G650 1999031102 -9997 -9997 0.8 0.0
C0G650 1999031103 17.6 -9997 1.8 0.0
C0G650 1999031104 17.3 -9997 1.1 0.0
C0G650 1999031105 17.2 -9997 0.8 0.0
C0G650 1999031106 17.0 -9997 1.0 0.0
C0G650 1999031107 16.3 -9997 0.6 0.0
C0G650 1999031108 15.7 -9997 0.3 1.5
C0G650 1999031109 16.6 -9997 0.3 0.0
C0G650 1999031110 17.5 -9997 1.0 0.0
C0G650 1999031111 19.8 -9997 0.6 0.0
C0G650 1999031112 20.0 -9997 0.7 0.0
C0G650 1999031113 20.8 -9997 1.6 0.0
C0G650 1999031114 22.3 -9997 0.3 0.0
C0G650 1999031115 21.9 -9997 0.8 0.0
C0G650 1999031116 21.0 -9997 1.2 0.0
C0G650 1999031117 20.3 -9997 0.6 0.0
C0G650 1999031118 19.2 -9997 0.4 0.0
C0G650 1999031119 -9997 -9997 -9997 0.0
C0G650 1999031120 18.7 -9997 0.0 0.0
C0G650 1999031121 18.6 -9997 0.0 0.0
C0G650 1999031122 18.3 -9997 0.1 0.0
C0G650 1999031123 18.4 -9997 0.0 0.0
C0G650 1999031124 17.9 -9997 0.1 0.0
C0G650 1999031201 18.4 -9997 0.0 0.0
C0G650 1999031202 17.8 -9997 0.0 0.0
C0G650 1999031203 17.7 -9997 0.3 0.0
C0G650 1999031204 17.2 -9997 0.8 1.0
C0G650 1999031205 17.3 -9997 0.1 0.0
C0G650 1999031206 17.5 -9997 0.0 1.5
C0G650 1999031207 17.4 -9997 0.0 0.5
C0G650 1999031208 17.2 -9997 0.2 0.0
C0G650 1999031209 17.8 -9997 0.0 0.0
C0G650 1999031210 19.4 -9997 0.2 0.0
C0G650 1999031211 19.6 -9997 0.4 0.0
C0G650 1999031212 19.2 -9997 0.6 0.0
C0G650 1999031213 19.0 -9997 0.3 0.0
C0G650 1999031214 19.4 -9997 0.8 0.0
C0G650 1999031215 19.1 -9997 0.8 0.0
C0G650 1999031216 18.4 -9997 0.5 0.0
C0G650 1999031217 18.6 -9997 1.3 0.0
C0G650 1999031218 18.7 -9997 0.2 0.0
C0G650 1999031219 18.7 -9997 0.2 0.0
C0G650 1999031220 18.4 -9997 0.7 0.0
C0G650 1999031221 18.2 -9997 0.0 0.0
C0G650 1999031222 18.5 -9997 0.5 0.0
C0G650 1999031223 18.0 -9997 0.5 0.0
C0G650 1999031224 18.1 -9997 0.2 0.0
C0G650 1999031301 18.0 -9997 0.3 0.0
C0G650 1999031302 18.0 -9997 0.0 0.0
C0G650 1999031303 17.9 -9997 0.4 0.0
C0G650 1999031304 17.9 -9997 0.6 0.0
C0G650 1999031305 17.9 -9997 0.0 0.0
C0G650 1999031306 17.8 -9997 0.1 0.0
C0G650 1999031307 18.3 -9997 0.2 0.0
C0G650 1999031308 18.8 -9997 0.0 0.0
C0G650 1999031309 19.7 -9997 0.1 0.0
C0G650 1999031310 19.7 -9997 0.0 0.0
C0G650 1999031311 20.3 -9997 0.6 0.0
C0G650 1999031312 20.8 -9997 0.4 0.0
C0G650 1999031313 20.8 -9997 0.0 0.0
C0G650 1999031314 20.1 -9997 0.0 0.0
C0G650 1999031315 20.0 -9997 0.0 0.5
C0G650 1999031316 20.1 -9997 0.2 0.0
C0G650 1999031317 20.0 -9997 0.0 0.0
C0G650 1999031318 20.0 -9997 0.8 0.0
C0G650 1999031319 19.9 -9997 0.4 0.0
C0G650 1999031320 -9997 -9997 -9997 0.0
C0G650 1999031321 -9997 -9997 -9997 0.0
C0G650 1999031322 19.6 -9997 0.0 0.0
C0G650 1999031323 19.5 -9997 0.0 0.0
C0G650 1999031324 19.2 -9997 0.0 0.0
C0G650 1999031401 19.0 -9997 0.0 0.0
C0G650 1999031402 19.1 -9997 0.0 0.0
C0G650 1999031403 19.0 -9997 0.4 0.0
C0G650 1999031404 19.0 -9997 -9997 0.0
C0G650 1999031405 18.8 -9997 0.0 0.0
C0G650 1999031406 18.7 -9997 0.3 0.0
C0G650 1999031407 18.7 -9997 0.0 0.0
C0G650 1999031408 19.7 -9997 0.1 0.0
C0G650 1999031409 19.5 -9997 0.1 0.0
C0G650 1999031410 19.8 -9997 0.4 0.0
C0G650 1999031411 21.8 -9997 0.0 0.0
C0G650 1999031412 25.5 -9997 0.2 0.0
C0G650 1999031413 25.0 -9997 1.3 0.0
C0G650 1999031414 26.5 -9997 1.6 0.0
C0G650 1999031415 26.4 -9997 0.9 0.0
C0G650 1999031416 26.6 -9997 0.4 0.0
C0G650 1999031417 22.7 -9997 0.9 0.0
C0G650 1999031418 22.4 -9997 0.0 0.0
C0G650 1999031419 22.1 -9997 0.0 0.0
C0G650 1999031420 21.6 -9997 0.0 0.0
C0G650 1999031421 21.5 -9997 0.0 0.0
C0G650 1999031422 22.3 -9997 0.1 0.0
C0G650 1999031423 23.1 -9997 0.0 0.0
C0G650 1999031424 22.9 -9997 0.0 0.0
C0G650 1999031501 22.7 -9997 0.0 0.0
C0G650 1999031502 22.4 -9997 0.2 0.5
C0G650 1999031503 20.3 -9997 0.6 0.0
C0G650 1999031504 19.0 -9997 0.5 1.5
C0G650 1999031505 18.6 -9997 0.3 0.0
C0G650 1999031506 18.0 -9997 0.0 0.5
C0G650 1999031507 17.6 -9997 0.0 0.0
C0G650 1999031508 18.4 -9997 0.0 0.0
C0G650 1999031509 18.8 -9997 0.0 0.0
C0G650 1999031510 20.3 -9997 1.1 0.0
C0G650 1999031511 21.4 -9997 0.4 0.0
C0G650 1999031512 21.3 -9997 0.5 0.0
C0G650 1999031513 19.9 -9997 0.7 0.0
C0G650 1999031514 20.2 -9997 0.6 0.0
C0G650 1999031515 20.4 -9997 0.2 0.0
C0G650 1999031516 19.2 -9997 1.5 0.0
C0G650 1999031517 19.0 -9997 0.5 0.0
C0G650 1999031518 18.6 -9997 0.3 0.0
C0G650 1999031519 18.1 -9997 0.2 0.0
C0G650 1999031520 17.5 -9997 1.2 0.0
C0G650 1999031521 17.3 -9997 0.0 0.0
C0G650 1999031522 17.1 -9997 0.2 0.0
C0G650 1999031523 16.8 -9997 0.1 0.0
C0G650 1999031524 16.9 -9997 0.0 0.0
C0G650 1999031601 16.8 -9997 0.0 0.0
C0G650 1999031602 16.7 -9997 0.3 0.0
C0G650 1999031603 16.1 -9997 0.3 0.0
C0G650 1999031604 16.4 -9997 0.0 0.0
C0G650 1999031605 16.4 -9997 0.1 0.0
C0G650 1999031606 16.5 -9997 0.0 0.0
C0G650 1999031607 16.3 -9997 0.1 0.0
C0G650 1999031608 16.5 -9997 0.0 0.0
C0G650 1999031609 18.0 -9997 0.0 0.0
C0G650 1999031610 18.7 -9997 0.1 0.0
C0G650 1999031611 20.2 -9997 0.2 0.0
C0G650 1999031612 21.0 -9997 0.5 0.0
C0G650 1999031613 20.5 -9997 0.0 0.0
C0G650 1999031614 20.9 -9997 0.2 0.0
C0G650 1999031615 21.3 -9997 0.0 0.0
C0G650 1999031616 20.6 -9997 0.2 0.0
C0G650 1999031617 20.3 -9997 0.2 0.0
C0G650 1999031618 19.6 -9997 0.0 0.0
C0G650 1999031619 19.2 -9997 0.0 0.0
C0G650 1999031620 18.2 -9997 0.0 0.0
C0G650 1999031621 17.8 -9997 0.1 1.0
C0G650 1999031622 17.7 -9997 0.0 1.0
C0G650 1999031623 17.8 -9997 0.0 1.0
C0G650 1999031624 17.8 -9997 0.0 0.5
C0G650 1999031701 17.7 -9997 0.0 0.0
C0G650 1999031702 17.8 -9997 0.0 0.0
C0G650 1999031703 17.9 -9997 0.2 0.0
C0G650 1999031704 17.6 -9997 0.4 4.5
C0G650 1999031705 18.1 -9997 0.6 3.5
C0G650 1999031706 17.7 -9997 0.2 1.0
C0G650 1999031707 17.3 -9997 0.4 0.0
C0G650 1999031708 18.2 -9997 1.7 12.0
C0G650 1999031709 19.0 -9997 3.4 1.0
C0G650 1999031710 20.7 -9997 2.3 0.5
C0G650 1999031711 24.7 -9997 -9997 0.0
C0G650 1999031712 27.6 -9997 0.2 0.0
C0G650 1999031713 26.5 -9997 0.8 0.0
C0G650 1999031714 26.9 -9997 0.3 0.0
C0G650 1999031715 25.5 -9997 0.2 0.0
C0G650 1999031716 27.1 -9997 0.1 0.0
C0G650 1999031717 26.6 -9997 0.0 0.0
C0G650 1999031718 24.7 -9997 0.0 0.0
C0G650 1999031719 23.4 -9997 0.0 0.0
C0G650 1999031720 22.3 -9997 0.0 0.0
C0G650 1999031721 21.6 -9997 0.0 0.0
C0G650 1999031722 21.1 -9997 0.0 0.0
C0G650 1999031723 20.8 -9997 0.0 0.0
C0G650 1999031724 20.6 -9997 0.0 0.0
C0G650 1999031801 -9997 -9997 0.0 0.0
C0G650 1999031802 20.4 -9997 0.0 0.0
C0G650 1999031803 20.5 -9997 0.2 0.0
C0G650 1999031804 20.5 -9997 0.0 0.0
C0G650 1999031805 20.5 -9997 0.0 0.0
C0G650 1999031806 20.7 -9997 0.0 0.0
C0G650 1999031807 21.8 -9997 0.3 0.0
C0G650 1999031808 22.4 -9997 0.1 0.0
C0G650 1999031809 22.6 -9997 1.7 0.0
C0G650 1999031810 26.0 -9997 0.0 0.0
C0G650 1999031811 -9997 -9997 -9997 0.0
C0G650 1999031812 28.5 -9997 0.0 0.0
C0G650 1999031813 33.0 -9997 1.3 0.0
C0G650 1999031814 33.7 -9997 3.5 0.0
C0G650 1999031815 32.0 -9997 1.0 0.0
C0G650 1999031816 30.2 -9997 0.0 0.0
C0G650 1999031817 30.3 -9997 2.5 0.0
C0G650 1999031818 28.3 -9997 1.4 0.0
C0G650 1999031819 27.1 -9997 0.4 0.0
C0G650 1999031820 26.3 -9997 0.8 0.0
C0G650 1999031821 26.2 -9997 0.8 0.0
C0G650 1999031822 26.0 -9997 0.2 0.0
C0G650 1999031823 25.6 -9997 0.4 0.0
C0G650 1999031824 25.1 -9997 0.3 0.0
C0G650 1999031901 24.5 -9997 0.0 0.0
C0G650 1999031902 24.2 -9997 0.0 0.0
C0G650 1999031903 24.1 -9997 0.0 0.0
C0G650 1999031904 22.8 -9997 0.0 2.5
C0G650 1999031905 22.4 -9997 0.0 0.0
C0G650 1999031906 22.5 -9997 0.0 0.0
C0G650 1999031907 22.9 -9997 0.0 0.0
C0G650 1999031908 24.3 -9997 0.0 0.0
C0G650 1999031909 29.0 -9997 1.4 0.0
C0G650 1999031910 29.3 -9997 1.3 0.0
C0G650 1999031911 29.6 -9997 0.5 0.0
C0G650 1999031912 31.6 -9997 1.6 0.0
C0G650 1999031913 32.0 -9997 1.2 0.0
C0G650 1999031914 32.6 -9997 2.7 0.0
C0G650 1999031915 32.8 -9997 3.2 0.0
C0G650 1999031916 31.6 -9997 2.8 0.0
C0G650 1999031917 29.7 -9997 2.2 0.0
C0G650 1999031918 28.5 -9997 0.8 0.0
C0G650 1999031919 27.1 -9997 0.1 0.0
C0G650 1999031920 25.4 -9997 0.0 0.0
C0G650 1999031921 24.8 -9997 0.0 0.0
C0G650 1999031922 24.1 -9997 0.0 0.0
C0G650 1999031923 23.6 -9997 0.0 0.0
C0G650 1999031924 24.2 -9997 0.0 0.0
C0G650 1999032001 23.3 -9997 0.0 0.0
C0G650 1999032002 22.5 -9997 0.0 0.0
C0G650 1999032003 22.0 -9997 0.0 0.0
C0G650 1999032004 21.7 -9997 0.0 0.0
C0G650 1999032005 22.1 -9997 0.6 0.0
C0G650 1999032006 21.7 -9997 0.1 0.0
C0G650 1999032007 22.1 -9997 0.3 0.0
C0G650 1999032008 25.5 -9997 0.3 0.0
C0G650 1999032009 -9997 -9997 -9997 0.0
C0G650 1999032010 26.6 -9997 0.3 0.0
C0G650 1999032011 24.1 -9997 0.0 0.0
C0G650 1999032012 25.2 -9997 0.0 0.0
C0G650 1999032013 25.7 -9997 0.0 0.0
C0G650 1999032014 26.9 -9997 0.0 0.0
C0G650 1999032015 26.8 -9997 0.0 0.0
C0G650 1999032016 26.0 -9997 0.0 0.0
C0G650 1999032017 24.2 -9997 0.0 0.0
C0G650 1999032018 21.0 -9997 0.0 0.0
C0G650 1999032019 21.1 -9997 0.0 0.0
C0G650 1999032020 20.6 -9997 0.0 0.0
C0G650 1999032021 20.5 -9997 0.0 0.0
C0G650 1999032022 20.0 -9997 0.0 0.0
C0G650 1999032023 19.9 -9997 0.0 0.0
C0G650 1999032024 19.5 -9997 0.0 0.0
C0G650 1999032101 19.0 -9997 0.0 0.0
C0G650 1999032102 19.3 -9997 0.0 0.0
C0G650 1999032103 18.9 -9997 0.0 0.0
C0G650 1999032104 19.3 -9997 0.0 0.0
C0G650 1999032105 19.4 -9997 0.0 0.0
C0G650 1999032106 18.7 -9997 0.0 0.0
C0G650 1999032107 19.1 -9997 0.0 0.0
C0G650 1999032108 18.9 -9997 0.0 0.0
C0G650 1999032109 19.4 -9997 0.0 0.0
C0G650 1999032110 20.3 -9997 0.0 0.0
C0G650 1999032111 20.7 -9997 0.0 0.0
C0G650 1999032112 -9997 -9997 -9997 0.0
C0G650 1999032113 22.9 -9997 0.0 0.0
C0G650 1999032114 22.2 -9997 0.0 0.0
C0G650 1999032115 22.1 -9997 0.0 0.0
C0G650 1999032116 21.6 -9997 0.0 0.0
C0G650 1999032117 20.5 -9997 0.0 0.0
C0G650 1999032118 19.3 -9997 0.0 0.0
C0G650 1999032119 18.7 -9997 0.0 0.0
C0G650 1999032120 17.6 -9997 0.0 0.0
C0G650 1999032121 17.5 -9997 0.0 0.0
C0G650 1999032122 17.0 -9997 0.0 0.0
C0G650 1999032123 17.0 -9997 0.0 0.0
C0G650 1999032124 16.5 -9997 0.0 0.0
C0G650 1999032201 16.3 -9997 0.0 0.0
C0G650 1999032202 16.4 -9997 0.0 0.0
C0G650 1999032203 15.9 -9997 0.0 0.0
C0G650 1999032204 -9997 -9997 0.0 0.5
C0G650 1999032205 14.1 -9997 0.1 1.0
C0G650 1999032206 13.4 -9997 0.0 6.5
C0G650 1999032207 13.8 -9997 0.0 5.0
C0G650 1999032208 14.2 -9997 0.0 0.5
C0G650 1999032209 14.6 -9997 0.0 0.0
C0G650 1999032210 15.1 -9997 0.0 0.0
C0G650 1999032211 14.8 -9997 0.0 1.0
C0G650 1999032212 15.2 -9997 0.0 0.0
C0G650 1999032213 16.6 -9997 0.0 0.0
C0G650 1999032214 17.3 -9997 0.0 0.0
C0G650 1999032215 17.1 -9997 0.0 0.0
C0G650 1999032216 16.6 -9997 0.0 0.0
C0G650 1999032217 16.1 -9997 0.0 0.0
C0G650 1999032218 15.7 -9997 0.0 0.0
C0G650 1999032219 15.7 -9997 0.0 0.0
C0G650 1999032220 -9997 -9997 -9997 0.0
C0G650 1999032221 15.5 -9997 0.0 0.0
C0G650 1999032222 15.5 -9997 0.0 0.0
C0G650 1999032223 14.8 -9997 0.0 1.0
C0G650 1999032224 14.8 -9997 0.0 0.0
C0G650 1999032301 14.9 -9997 0.0 0.0
C0G650 1999032302 15.2 -9997 0.0 0.0
C0G650 1999032303 15.1 -9997 0.0 0.0
C0G650 1999032304 15.1 -9997 0.0 0.0
C0G650 1999032305 15.4 -9997 0.0 0.0
C0G650 1999032306 15.6 -9997 0.0 0.0
C0G650 1999032307 16.0 -9997 0.0 0.0
C0G650 1999032308 16.4 -9997 0.0 0.0
C0G650 1999032309 17.2 -9997 0.0 0.0
C0G650 1999032310 20.1 -9997 0.0 0.0
C0G650 1999032311 21.9 -9997 0.0 0.0
C0G650 1999032312 23.5 -9997 0.0 0.0
C0G650 1999032313 23.7 -9997 0.0 0.0
C0G650 1999032314 23.4 -9997 0.0 0.0
C0G650 1999032315 23.6 -9997 0.0 0.0
C0G650 1999032316 22.6 -9997 0.0 0.0
C0G650 1999032317 21.4 -9997 0.0 0.0
C0G650 1999032318 20.3 -9997 0.0 0.0
C0G650 1999032319 -9997 -9997 0.0 0.0
C0G650 1999032320 19.3 -9997 0.0 0.0
C0G650 1999032321 19.2 -9997 0.0 0.0
C0G650 1999032322 19.2 -9997 0.0 0.0
C0G650 1999032323 19.3 -9997 0.0 0.0
C0G650 1999032324 19.4 -9997 0.0 0.0
C0G650 1999032401 19.4 -9997 0.0 0.0
C0G650 1999032402 19.3 -9997 0.0 0.0
C0G650 1999032403 19.3 -9997 0.0 0.0
C0G650 1999032404 18.9 -9997 0.0 0.0
C0G650 1999032405 19.1 -9997 0.0 0.0
C0G650 1999032406 19.0 -9997 0.0 0.0
C0G650 1999032407 18.6 -9997 0.0 0.0
C0G650 1999032408 -9997 -9997 -9997 0.0
C0G650 1999032409 19.6 -9997 0.0 0.0
C0G650 1999032410 20.1 -9997 0.0 0.0
C0G650 1999032411 24.1 -9997 0.0 0.0
C0G650 1999032412 27.4 -9997 0.0 0.0
C0G650 1999032413 28.8 -9997 0.0 0.0
C0G650 1999032414 26.5 -9997 0.0 0.0
C0G650 1999032415 25.8 -9997 0.0 0.0
C0G650 1999032416 24.7 -9997 0.0 0.0
C0G650 1999032417 23.5 -9997 0.0 0.0
C0G650 1999032418 22.8 -9997 0.0 0.0
C0G650 1999032419 22.0 -9997 0.0 0.0
C0G650 1999032420 21.2 -9997 0.0 0.0
C0G650 1999032421 20.9 -9997 0.0 0.0
C0G650 1999032422 20.2 -9997 0.0 0.0
C0G650 1999032423 20.8 -9997 0.0 0.0
C0G650 1999032424 21.0 -9997 0.0 0.0
C0G650 1999032501 21.1 -9997 0.0 0.0
C0G650 1999032502 21.1 -9997 0.0 0.0
C0G650 1999032503 21.1 -9997 0.0 0.0
C0G650 1999032504 21.3 -9997 0.0 0.0
C0G650 1999032505 20.5 -9997 0.0 0.0
C0G650 1999032506 20.1 -9997 0.0 0.0
C0G650 1999032507 21.4 -9997 0.0 0.0
C0G650 1999032508 24.7 -9997 0.0 0.0
C0G650 1999032509 27.1 -9997 0.0 0.0
C0G650 1999032510 29.8 -9997 0.0 0.0
C0G650 1999032511 30.4 -9997 0.0 0.0
C0G650 1999032512 31.6 -9997 0.0 0.0
C0G650 1999032513 31.8 -9997 0.0 0.0
C0G650 1999032514 30.7 -9997 0.0 0.0
C0G650 1999032515 29.3 -9997 0.0 0.0
C0G650 1999032516 28.2 -9997 0.0 0.0
C0G650 1999032517 27.8 -9997 0.0 0.0
C0G650 1999032518 26.6 -9997 0.0 0.0
C0G650 1999032519 25.7 -9997 0.0 0.0
C0G650 1999032520 25.5 -9997 0.0 0.0
C0G650 1999032521 25.7 -9997 0.0 0.0
C0G650 1999032522 25.3 -9997 0.0 0.0
C0G650 1999032523 25.2 -9997 0.0 0.0
C0G650 1999032524 24.9 -9997 0.0 0.0
C0G650 1999032601 24.0 -9997 0.0 0.0
C0G650 1999032602 23.1 -9997 0.0 0.0
C0G650 1999032603 22.7 -9997 0.0 0.0
C0G650 1999032604 22.1 -9997 0.0 0.0
C0G650 1999032605 21.3 -9997 0.0 0.0
C0G650 1999032606 21.9 -9997 0.0 0.0
C0G650 1999032607 23.7 -9997 0.0 0.0
C0G650 1999032608 28.3 -9997 0.0 0.0
C0G650 1999032609 29.6 -9997 -9997 0.0
C0G650 1999032610 31.0 -9997 0.0 0.0
C0G650 1999032611 31.1 -9997 0.0 0.0
C0G650 1999032612 30.1 -9997 0.0 0.0
C0G650 1999032613 32.3 -9997 0.0 0.0
C0G650 1999032614 31.4 -9997 0.0 0.0
C0G650 1999032615 31.0 -9997 0.0 0.0
C0G650 1999032616 31.7 -9997 0.0 0.0
C0G650 1999032617 30.9 -9997 0.0 0.0
C0G650 1999032618 -9997 -9997 -9997 0.0
C0G650 1999032619 26.4 -9997 0.0 0.0
C0G650 1999032620 25.0 -9997 0.0 0.0
C0G650 1999032621 24.6 -9997 0.0 0.0
C0G650 1999032622 23.6 -9997 0.0 0.0
C0G650 1999032623 -9997 -9997 -9997 0.0
C0G650 1999032624 22.9 -9997 0.0 0.0
C0G650 1999032701 22.4 -9997 0.0 0.0
C0G650 1999032702 22.2 -9997 0.0 0.0
C0G650 1999032703 21.4 -9997 0.0 0.0
C0G650 1999032704 21.4 -9997 0.0 0.0
C0G650 1999032705 22.6 -9997 0.0 0.0
C0G650 1999032706 22.1 -9997 0.0 0.0
C0G650 1999032707 23.7 -9997 0.0 0.0
C0G650 1999032708 25.9 -9997 0.0 0.0
C0G650 1999032709 27.3 -9997 0.0 0.0
C0G650 1999032710 27.8 -9997 0.0 0.0
C0G650 1999032711 28.7 -9997 0.0 0.0
C0G650 1999032712 28.4 -9997 0.0 0.0
C0G650 1999032713 29.7 -9997 0.0 0.0
C0G650 1999032714 29.2 -9997 0.0 0.0
C0G650 1999032715 28.6 -9997 0.0 0.0
C0G650 1999032716 26.8 -9997 0.0 0.0
C0G650 1999032717 23.9 -9997 0.0 0.0
C0G650 1999032718 23.6 -9997 0.0 0.0
C0G650 1999032719 22.1 -9997 0.0 0.0
C0G650 1999032720 21.1 -9997 0.0 0.0
C0G650 1999032721 20.0 -9997 0.0 0.0
C0G650 1999032722 -9997 -9997 0.0 0.0
C0G650 1999032723 19.1 -9997 0.0 0.0
C0G650 1999032724 18.7 -9997 0.0 0.0
C0G650 1999032801 18.6 -9997 0.0 0.0
C0G650 1999032802 18.1 -9997 0.0 0.0
C0G650 1999032803 19.0 -9997 0.0 0.0
C0G650 1999032804 19.3 -9997 0.0 0.0
C0G650 1999032805 18.3 -9997 0.0 0.0
C0G650 1999032806 18.7 -9997 0.0 0.0
C0G650 1999032807 19.1 -9997 0.0 0.0
C0G650 1999032808 19.8 -9997 0.0 0.0
C0G650 1999032809 21.8 -9997 0.0 0.0
C0G650 1999032810 22.7 -9997 0.0 0.0
C0G650 1999032811 23.9 -9997 0.0 0.0
C0G650 1999032812 25.8 -9997 0.0 0.0
C0G650 1999032813 27.5 -9997 0.0 0.0
C0G650 1999032814 26.9 -9997 0.0 0.0
C0G650 1999032815 25.5 -9997 0.1 0.0
C0G650 1999032816 24.4 -9997 0.0 0.0
C0G650 1999032817 23.3 -9997 0.0 0.0
C0G650 1999032818 21.6 -9997 0.2 0.0
C0G650 1999032819 20.9 -9997 0.0 0.0
C0G650 1999032820 20.9 -9997 0.0 0.0
C0G650 1999032821 20.8 -9997 0.0 0.0
C0G650 1999032822 20.4 -9997 0.0 0.0
C0G650 1999032823 20.0 -9997 0.0 0.0
C0G650 1999032824 20.0 -9997 0.0 0.0
C0G650 1999032901 20.0 -9997 0.0 0.0
C0G650 1999032902 19.9 -9997 0.0 0.0
C0G650 1999032903 19.5 -9997 0.0 0.0
C0G650 1999032904 19.3 -9997 0.0 0.0
C0G650 1999032905 19.2 -9997 0.0 0.0
C0G650 1999032906 19.0 -9997 0.0 0.0
C0G650 1999032907 18.8 -9997 0.0 0.0
C0G650 1999032908 18.9 -9997 0.0 0.0
C0G650 1999032909 19.5 -9997 0.0 0.0
C0G650 1999032910 21.8 -9997 0.0 0.0
C0G650 1999032911 24.2 -9997 0.0 0.0
C0G650 1999032912 24.2 -9997 0.3 0.0
C0G650 1999032913 24.0 -9997 0.3 0.0
C0G650 1999032914 22.7 -9997 0.1 0.0
C0G650 1999032915 20.7 -9997 2.2 0.0
C0G650 1999032916 20.6 -9997 0.5 0.0
C0G650 1999032917 19.0 -9997 0.2 0.0
C0G650 1999032918 18.2 -9997 0.1 0.0
C0G650 1999032919 17.3 -9997 0.0 0.0
C0G650 1999032920 16.9 -9997 0.0 0.0
C0G650 1999032921 17.1 -9997 0.0 0.0
C0G650 1999032922 17.1 -9997 0.0 0.0
C0G650 1999032923 17.3 -9997 0.0 0.0
C0G650 1999032924 17.5 -9997 0.0 0.0
C0G650 1999033001 17.2 -9997 0.0 0.0
C0G650 1999033002 17.2 -9997 0.0 0.0
C0G650 1999033003 17.6 -9997 0.0 0.0
C0G650 1999033004 17.1 -9997 0.0 0.0
C0G650 1999033005 17.0 -9997 0.0 0.0
C0G650 1999033006 17.0 -9997 1.0 0.0
C0G650 1999033007 16.8 -9997 1.1 0.0
C0G650 1999033008 17.2 -9997 0.1 0.0
C0G650 1999033009 18.9 -9997 0.0 0.0
C0G650 1999033010 21.6 -9997 0.0 0.0
C0G650 1999033011 22.3 -9997 0.0 0.0
C0G650 1999033012 -9997 -9997 -9997 0.0
C0G650 1999033013 -9997 -9997 -9997 0.0
C0G650 1999033014 24.4 -9997 0.0 0.0
C0G650 1999033015 23.9 -9997 0.0 0.0
C0G650 1999033016 22.5 -9997 0.2 0.0
C0G650 1999033017 20.7 -9997 0.0 0.0
C0G650 1999033018 19.6 -9997 0.0 0.0
C0G650 1999033019 18.7 -9997 0.0 0.0
C0G650 1999033020 18.6 -9997 0.0 0.0
C0G650 1999033021 18.4 -9997 0.0 0.0
C0G650 1999033022 17.9 -9997 0.0 0.0
C0G650 1999033023 18.2 -9997 0.0 0.0
C0G650 1999033024 17.9 -9997 0.0 0.0
C0G650 1999033101 17.6 -9997 0.0 0.0
C0G650 1999033102 17.7 -9997 0.0 0.0
C0G650 1999033103 17.7 -9997 0.0 0.0
C0G650 1999033104 17.1 -9997 0.0 0.0
C0G650 1999033105 16.9 -9997 0.0 0.0
C0G650 1999033106 16.7 -9997 0.0 0.0
C0G650 1999033107 17.6 -9997 0.0 0.0
C0G650 1999033108 20.4 -9997 0.0 0.0
C0G650 1999033109 22.5 -9997 0.0 0.0
C0G650 1999033110 23.6 -9997 0.0 0.0
C0G650 1999033111 25.0 -9997 0.0 0.0
C0G650 1999033112 26.4 -9997 0.0 0.0
C0G650 1999033113 26.3 -9997 0.0 0.0
C0G650 1999033114 26.1 -9997 0.4 0.0
C0G650 1999033115 25.8 -9997 0.0 0.0
C0G650 1999033116 25.7 -9997 0.0 0.0
C0G650 1999033117 23.7 -9997 0.0 0.0
C0G650 1999033118 22.1 -9997 0.0 0.0
C0G650 1999033119 21.0 -9997 0.0 0.0
C0G650 1999033120 20.5 -9997 0.0 0.0
C0G650 1999033121 20.3 -9997 0.0 0.0
C0G650 1999033122 19.8 -9997 0.0 0.0
C0G650 1999033123 18.8 -9997 0.0 0.0
C0G650 1999033124 18.4 -9997 0.0 0.0
C0G660 1999030101 -9999 -9999 -9999 0.0
C0G660 1999030102 -9999 -9999 -9999 0.0
C0G660 1999030103 -9999 -9999 -9999 0.0
C0G660 1999030104 -9999 -9999 -9999 0.0
C0G660 1999030105 -9999 -9999 -9999 0.0
C0G660 1999030106 -9999 -9999 -9999 0.0
C0G660 1999030107 -9999 -9999 -9999 0.0
C0G660 1999030108 -9999 -9999 -9999 0.0
C0G660 1999030109 -9999 -9999 -9999 0.0
C0G660 1999030110 -9999 -9999 -9999 0.0
C0G660 1999030111 -9999 -9999 -9999 0.0
C0G660 1999030112 -9999 -9999 -9999 0.0
C0G660 1999030113 -9999 -9999 -9999 0.0
C0G660 1999030114 -9999 -9999 -9999 0.0
C0G660 1999030115 -9999 -9999 -9999 0.0
C0G660 1999030116 -9999 -9999 -9999 0.0
C0G660 1999030117 -9999 -9999 -9999 0.0
C0G660 1999030118 -9999 -9999 -9999 0.0
C0G660 1999030119 -9999 -9999 -9999 0.0
C0G660 1999030120 -9999 -9999 -9999 0.0
C0G660 1999030121 -9999 -9999 -9999 0.0
C0G660 1999030122 -9999 -9999 -9999 0.0
C0G660 1999030123 -9999 -9999 -9999 0.0
C0G660 1999030124 -9999 -9999 -9999 0.0
C0G660 1999030201 -9999 -9999 -9999 0.0
C0G660 1999030202 -9999 -9999 -9999 0.0
C0G660 1999030203 -9999 -9999 -9999 0.0
C0G660 1999030204 -9999 -9999 -9999 0.0
C0G660 1999030205 -9999 -9999 -9999 0.0
C0G660 1999030206 -9999 -9999 -9999 0.0
C0G660 1999030207 -9999 -9999 -9999 0.0
C0G660 1999030208 -9999 -9999 -9999 0.0
C0G660 1999030209 -9999 -9999 -9999 0.0
C0G660 1999030210 -9999 -9999 -9999 0.0
C0G660 1999030211 -9999 -9999 -9999 0.0
C0G660 1999030212 -9999 -9999 -9999 0.0
C0G660 1999030213 -9999 -9999 -9999 0.0
C0G660 1999030214 -9999 -9999 -9999 0.0
C0G660 1999030215 -9999 -9999 -9999 0.0
C0G660 1999030216 -9999 -9999 -9999 0.0
C0G660 1999030217 -9999 -9999 -9999 0.0
C0G660 1999030218 -9999 -9999 -9999 0.0
C0G660 1999030219 -9999 -9999 -9999 0.0
C0G660 1999030220 -9999 -9999 -9999 0.0
C0G660 1999030221 -9999 -9999 -9999 0.0
C0G660 1999030222 -9999 -9999 -9999 0.0
C0G660 1999030223 -9999 -9999 -9999 0.0
C0G660 1999030224 -9999 -9999 -9999 0.0
C0G660 1999030301 -9999 -9999 -9999 0.0
C0G660 1999030302 -9999 -9999 -9999 0.0
C0G660 1999030303 -9999 -9999 -9999 0.0
C0G660 1999030304 -9999 -9999 -9999 0.0
C0G660 1999030305 -9999 -9999 -9999 0.0
C0G660 1999030306 -9999 -9999 -9999 0.0
C0G660 1999030307 -9999 -9999 -9999 0.0
C0G660 1999030308 -9999 -9999 -9999 0.0
C0G660 1999030309 -9999 -9999 -9999 0.0
C0G660 1999030310 -9999 -9999 -9999 0.0
C0G660 1999030311 -9999 -9999 -9999 0.0
C0G660 1999030312 -9999 -9999 -9999 0.0
C0G660 1999030313 -9999 -9999 -9999 0.0
C0G660 1999030314 -9999 -9999 -9999 0.0
C0G660 1999030315 -9999 -9999 -9999 0.0
C0G660 1999030316 -9999 -9999 -9999 0.0
C0G660 1999030317 -9999 -9999 -9999 0.0
C0G660 1999030318 -9999 -9999 -9999 0.0
C0G660 1999030319 -9999 -9999 -9999 0.0
C0G660 1999030320 -9999 -9999 -9999 0.0
C0G660 1999030321 -9999 -9999 -9999 0.0
C0G660 1999030322 -9999 -9999 -9999 0.0
C0G660 1999030323 -9999 -9999 -9999 0.0
C0G660 1999030324 -9999 -9999 -9999 0.0
C0G660 1999030401 -9999 -9999 -9999 0.0
C0G660 1999030402 -9999 -9999 -9999 0.0
C0G660 1999030403 -9999 -9999 -9999 0.0
C0G660 1999030404 -9999 -9999 -9999 0.0
C0G660 1999030405 -9999 -9999 -9999 0.0
C0G660 1999030406 -9999 -9999 -9999 0.0
C0G660 1999030407 -9999 -9999 -9999 0.0
C0G660 1999030408 -9999 -9999 -9999 0.0
C0G660 1999030409 -9999 -9999 -9999 0.0
C0G660 1999030410 -9999 -9999 -9999 0.0
C0G660 1999030411 -9999 -9999 -9999 0.0
C0G660 1999030412 -9999 -9999 -9999 0.0
C0G660 1999030413 -9999 -9999 -9999 0.0
C0G660 1999030414 -9999 -9999 -9999 0.0
C0G660 1999030415 -9999 -9999 -9999 0.0
C0G660 1999030416 -9999 -9999 -9999 0.0
C0G660 1999030417 -9999 -9999 -9999 0.0
C0G660 1999030418 -9999 -9999 -9999 0.0
C0G660 1999030419 -9999 -9999 -9999 0.0
C0G660 1999030420 -9999 -9999 -9999 0.0
C0G660 1999030421 -9999 -9999 -9999 0.0
C0G660 1999030422 -9999 -9999 -9999 0.0
C0G660 1999030423 -9999 -9999 -9999 0.0
C0G660 1999030424 -9999 -9999 -9999 0.0
C0G660 1999030501 -9999 -9999 -9999 0.0
C0G660 1999030502 -9999 -9999 -9999 0.0
C0G660 1999030503 -9999 -9999 -9999 0.0
C0G660 1999030504 -9999 -9999 -9999 0.0
C0G660 1999030505 -9999 -9999 -9999 0.0
C0G660 1999030506 -9999 -9999 -9999 0.0
C0G660 1999030507 -9999 -9999 -9999 0.0
C0G660 1999030508 -9999 -9999 -9999 0.0
C0G660 1999030509 -9999 -9999 -9999 0.0
C0G660 1999030510 -9999 -9999 -9999 0.0
C0G660 1999030511 -9999 -9999 -9999 0.0
C0G660 1999030512 -9999 -9999 -9999 0.0
C0G660 1999030513 -9999 -9999 -9999 0.0
C0G660 1999030514 -9999 -9999 -9999 0.0
C0G660 1999030515 -9999 -9999 -9999 0.0
C0G660 1999030516 -9999 -9999 -9999 0.0
C0G660 1999030517 -9999 -9999 -9999 0.0
C0G660 1999030518 -9999 -9999 -9999 0.0
C0G660 1999030519 -9999 -9999 -9999 0.0
C0G660 1999030520 -9999 -9999 -9999 0.0
C0G660 1999030521 -9999 -9999 -9999 0.0
C0G660 1999030522 -9999 -9999 -9999 0.0
C0G660 1999030523 -9999 -9999 -9999 0.0
C0G660 1999030524 -9999 -9999 -9999 0.0
C0G660 1999030601 -9999 -9999 -9999 0.0
C0G660 1999030602 -9999 -9999 -9999 0.0
C0G660 1999030603 -9999 -9999 -9999 0.0
C0G660 1999030604 -9999 -9999 -9999 0.0
C0G660 1999030605 -9999 -9999 -9999 0.0
C0G660 1999030606 -9999 -9999 -9999 0.0
C0G660 1999030607 -9999 -9999 -9999 0.0
C0G660 1999030608 -9999 -9999 -9999 0.0
C0G660 1999030609 -9999 -9999 -9999 0.0
C0G660 1999030610 -9999 -9999 -9999 0.0
C0G660 1999030611 -9999 -9999 -9999 0.0
C0G660 1999030612 -9999 -9999 -9999 0.0
C0G660 1999030613 -9999 -9999 -9999 0.0
C0G660 1999030614 -9999 -9999 -9999 0.0
C0G660 1999030615 -9999 -9999 -9999 0.0
C0G660 1999030616 -9999 -9999 -9999 0.0
C0G660 1999030617 -9999 -9999 -9999 0.0
C0G660 1999030618 -9999 -9999 -9999 0.0
C0G660 1999030619 -9999 -9999 -9999 0.0
C0G660 1999030620 -9999 -9999 -9999 0.0
C0G660 1999030621 -9999 -9999 -9999 0.0
C0G660 1999030622 -9999 -9999 -9999 0.0
C0G660 1999030623 -9999 -9999 -9999 0.0
C0G660 1999030624 -9999 -9999 -9999 0.0
C0G660 1999030701 -9999 -9999 -9999 0.0
C0G660 1999030702 -9999 -9999 -9999 0.0
C0G660 1999030703 -9999 -9999 -9999 0.0
C0G660 1999030704 -9999 -9999 -9999 0.0
C0G660 1999030705 -9999 -9999 -9999 0.0
C0G660 1999030706 -9999 -9999 -9999 0.0
C0G660 1999030707 -9999 -9999 -9999 0.0
C0G660 1999030708 -9999 -9999 -9999 0.0
C0G660 1999030709 -9999 -9999 -9999 0.0
C0G660 1999030710 -9999 -9999 -9999 0.0
C0G660 1999030711 -9999 -9999 -9999 0.0
C0G660 1999030712 -9999 -9999 -9999 0.0
C0G660 1999030713 -9999 -9999 -9999 0.0
C0G660 1999030714 -9999 -9999 -9999 0.0
C0G660 1999030715 -9999 -9999 -9999 0.0
C0G660 1999030716 -9999 -9999 -9999 0.0
C0G660 1999030717 -9999 -9999 -9999 0.0
C0G660 1999030718 -9999 -9999 -9999 0.0
C0G660 1999030719 -9999 -9999 -9999 0.0
C0G660 1999030720 -9999 -9999 -9999 0.0
C0G660 1999030721 -9999 -9999 -9999 0.0
C0G660 1999030722 -9999 -9999 -9999 0.0
C0G660 1999030723 -9999 -9999 -9999 0.0
C0G660 1999030724 -9999 -9999 -9999 0.0
C0G660 1999030801 -9999 -9999 -9999 0.0
C0G660 1999030802 -9999 -9999 -9999 0.0
C0G660 1999030803 -9999 -9999 -9999 0.0
C0G660 1999030804 -9999 -9999 -9999 0.0
C0G660 1999030805 -9999 -9999 -9999 0.0
C0G660 1999030806 -9999 -9999 -9999 0.0
C0G660 1999030807 -9999 -9999 -9999 0.0
C0G660 1999030808 -9999 -9999 -9999 0.0
C0G660 1999030809 -9999 -9999 -9999 0.0
C0G660 1999030810 -9999 -9999 -9999 0.0
C0G660 1999030811 -9999 -9999 -9999 0.0
C0G660 1999030812 -9999 -9999 -9999 0.0
C0G660 1999030813 -9999 -9999 -9999 0.0
C0G660 1999030814 -9999 -9999 -9999 0.0
C0G660 1999030815 -9999 -9999 -9999 0.0
C0G660 1999030816 -9999 -9999 -9999 0.0
C0G660 1999030817 -9999 -9999 -9999 0.0
C0G660 1999030818 -9999 -9999 -9999 0.0
C0G660 1999030819 -9999 -9999 -9999 0.0
C0G660 1999030820 -9999 -9999 -9999 0.0
C0G660 1999030821 -9999 -9999 -9999 0.0
C0G660 1999030822 -9999 -9999 -9999 0.0
C0G660 1999030823 -9999 -9999 -9999 0.0
C0G660 1999030824 -9999 -9999 -9999 -9996
C0G660 1999030901 -9999 -9999 -9999 0.0
C0G660 1999030902 -9999 -9999 -9999 0.0
C0G660 1999030903 -9999 -9999 -9999 0.0
C0G660 1999030904 -9999 -9999 -9999 0.0
C0G660 1999030905 -9999 -9999 -9999 0.0
C0G660 1999030906 -9999 -9999 -9999 0.0
C0G660 1999030907 -9999 -9999 -9999 0.0
C0G660 1999030908 -9999 -9999 -9999 0.0
C0G660 1999030909 -9999 -9999 -9999 0.0
C0G660 1999030910 -9999 -9999 -9999 0.0
C0G660 1999030911 -9999 -9999 -9999 0.0
C0G660 1999030912 -9999 -9999 -9999 0.0
C0G660 1999030913 -9999 -9999 -9999 0.0
C0G660 1999030914 -9999 -9999 -9999 0.0
C0G660 1999030915 -9999 -9999 -9999 0.0
C0G660 1999030916 -9999 -9999 -9999 0.0
C0G660 1999030917 -9999 -9999 -9999 0.0
C0G660 1999030918 -9999 -9999 -9999 0.0
C0G660 1999030919 -9999 -9999 -9999 0.0
C0G660 1999030920 -9999 -9999 -9999 0.0
C0G660 1999030921 -9999 -9999 -9999 0.0
C0G660 1999030922 -9999 -9999 -9999 0.0
C0G660 1999030923 -9999 -9999 -9999 0.0
C0G660 1999030924 -9999 -9999 -9999 0.0
C0G660 1999031001 -9999 -9999 -9999 0.0
C0G660 1999031002 -9999 -9999 -9999 0.0
C0G660 1999031003 -9999 -9999 -9999 0.0
C0G660 1999031004 -9999 -9999 -9999 0.0
C0G660 1999031005 -9999 -9999 -9999 0.0
C0G660 1999031006 -9999 -9999 -9999 0.0
C0G660 1999031007 -9999 -9999 -9999 0.0
C0G660 1999031008 -9999 -9999 -9999 0.0
C0G660 1999031009 -9999 -9999 -9999 0.0
C0G660 1999031010 -9999 -9999 -9999 0.0
C0G660 1999031011 -9999 -9999 -9999 0.0
C0G660 1999031012 -9999 -9999 -9999 0.0
C0G660 1999031013 -9999 -9999 -9999 0.0
C0G660 1999031014 -9999 -9999 -9999 0.0
C0G660 1999031015 -9999 -9999 -9999 0.0
C0G660 1999031016 -9999 -9999 -9999 0.0
C0G660 1999031017 -9999 -9999 -9999 0.0
C0G660 1999031018 -9999 -9999 -9999 0.0
C0G660 1999031019 -9999 -9999 -9999 0.0
C0G660 1999031020 -9999 -9999 -9999 0.0
C0G660 1999031021 -9999 -9999 -9999 0.0
C0G660 1999031022 -9999 -9999 -9999 0.0
C0G660 1999031023 -9999 -9999 -9999 0.0
C0G660 1999031024 -9999 -9999 -9999 -9996
C0G660 1999031101 -9999 -9999 -9999 0.0
C0G660 1999031102 -9999 -9999 -9999 0.0
C0G660 1999031103 -9999 -9999 -9999 0.0
C0G660 1999031104 -9999 -9999 -9999 0.0
C0G660 1999031105 -9999 -9999 -9999 0.0
C0G660 1999031106 -9999 -9999 -9999 0.0
C0G660 1999031107 -9999 -9999 -9999 0.0
C0G660 1999031108 -9999 -9999 -9999 0.5
C0G660 1999031109 -9999 -9999 -9999 0.0
C0G660 1999031110 -9999 -9999 -9999 0.0
C0G660 1999031111 -9999 -9999 -9999 0.0
C0G660 1999031112 -9999 -9999 -9999 0.0
C0G660 1999031113 -9999 -9999 -9999 0.0
C0G660 1999031114 -9999 -9999 -9999 0.0
C0G660 1999031115 -9999 -9999 -9999 0.0
C0G660 1999031116 -9999 -9999 -9999 0.0
C0G660 1999031117 -9999 -9999 -9999 0.0
C0G660 1999031118 -9999 -9999 -9999 0.0
C0G660 1999031119 -9999 -9999 -9999 0.0
C0G660 1999031120 -9999 -9999 -9999 0.0
C0G660 1999031121 -9999 -9999 -9999 0.0
C0G660 1999031122 -9999 -9999 -9999 0.0
C0G660 1999031123 -9999 -9999 -9999 0.0
C0G660 1999031124 -9999 -9999 -9999 0.0
C0G660 1999031201 -9999 -9999 -9999 0.0
C0G660 1999031202 -9999 -9999 -9999 0.5
C0G660 1999031203 -9999 -9999 -9999 0.0
C0G660 1999031204 -9999 -9999 -9999 0.0
C0G660 1999031205 -9999 -9999 -9999 0.0
C0G660 1999031206 -9999 -9999 -9999 2.0
C0G660 1999031207 -9999 -9999 -9999 0.0
C0G660 1999031208 -9999 -9999 -9999 0.0
C0G660 1999031209 -9999 -9999 -9999 0.0
C0G660 1999031210 -9999 -9999 -9999 0.0
C0G660 1999031211 -9999 -9999 -9999 0.0
C0G660 1999031212 -9999 -9999 -9999 0.0
C0G660 1999031213 -9999 -9999 -9999 0.0
C0G660 1999031214 -9999 -9999 -9999 0.0
C0G660 1999031215 -9999 -9999 -9999 0.0
C0G660 1999031216 -9999 -9999 -9999 0.0
C0G660 1999031217 -9999 -9999 -9999 0.0
C0G660 1999031218 -9999 -9999 -9999 0.0
C0G660 1999031219 -9999 -9999 -9999 0.0
C0G660 1999031220 -9999 -9999 -9999 0.0
C0G660 1999031221 -9999 -9999 -9999 0.0
C0G660 1999031222 -9999 -9999 -9999 0.0
C0G660 1999031223 -9999 -9999 -9999 0.0
C0G660 1999031224 -9999 -9999 -9999 0.0
C0G660 1999031301 -9999 -9999 -9999 0.0
C0G660 1999031302 -9999 -9999 -9999 0.0
C0G660 1999031303 -9999 -9999 -9999 0.0
C0G660 1999031304 -9999 -9999 -9999 0.0
C0G660 1999031305 -9999 -9999 -9999 0.0
C0G660 1999031306 -9999 -9999 -9999 0.0
C0G660 1999031307 -9999 -9999 -9999 0.0
C0G660 1999031308 -9999 -9999 -9999 0.0
C0G660 1999031309 -9999 -9999 -9999 0.0
C0G660 1999031310 -9999 -9999 -9999 0.0
C0G660 1999031311 -9999 -9999 -9999 0.0
C0G660 1999031312 -9999 -9999 -9999 0.0
C0G660 1999031313 -9999 -9999 -9999 0.0
C0G660 1999031314 -9999 -9999 -9999 0.0
C0G660 1999031315 -9999 -9999 -9999 0.0
C0G660 1999031316 -9999 -9999 -9999 0.0
C0G660 1999031317 -9999 -9999 -9999 0.0
C0G660 1999031318 -9999 -9999 -9999 0.0
C0G660 1999031319 -9999 -9999 -9999 0.0
C0G660 1999031320 -9999 -9999 -9999 0.0
C0G660 1999031321 -9999 -9999 -9999 0.0
C0G660 1999031322 -9999 -9999 -9999 0.0
C0G660 1999031323 -9999 -9999 -9999 0.0
C0G660 1999031324 -9999 -9999 -9999 0.0
C0G660 1999031401 -9999 -9999 -9999 0.0
C0G660 1999031402 -9999 -9999 -9999 0.0
C0G660 1999031403 -9999 -9999 -9999 0.0
C0G660 1999031404 -9999 -9999 -9999 0.0
C0G660 1999031405 -9999 -9999 -9999 0.0
C0G660 1999031406 -9999 -9999 -9999 0.0
C0G660 1999031407 -9999 -9999 -9999 0.0
C0G660 1999031408 -9999 -9999 -9999 0.0
C0G660 1999031409 -9999 -9999 -9999 0.0
C0G660 1999031410 -9999 -9999 -9999 0.0
C0G660 1999031411 -9999 -9999 -9999 0.0
C0G660 1999031412 -9999 -9999 -9999 0.0
C0G660 1999031413 -9999 -9999 -9999 0.0
C0G660 1999031414 -9999 -9999 -9999 0.0
C0G660 1999031415 -9999 -9999 -9999 0.0
C0G660 1999031416 -9999 -9999 -9999 0.0
C0G660 1999031417 -9999 -9999 -9999 0.0
C0G660 1999031418 -9999 -9999 -9999 0.0
C0G660 1999031419 -9999 -9999 -9999 0.0
C0G660 1999031420 -9999 -9999 -9999 0.0
C0G660 1999031421 -9999 -9999 -9999 0.0
C0G660 1999031422 -9999 -9999 -9999 0.0
C0G660 1999031423 -9999 -9999 -9999 0.0
C0G660 1999031424 -9999 -9999 -9999 0.0
C0G660 1999031501 -9999 -9999 -9999 0.0
C0G660 1999031502 -9999 -9999 -9999 0.0
C0G660 1999031503 -9999 -9999 -9999 0.5
C0G660 1999031504 -9999 -9999 -9999 0.0
C0G660 1999031505 -9999 -9999 -9999 1.0
C0G660 1999031506 -9999 -9999 -9999 0.5
C0G660 1999031507 -9999 -9999 -9999 0.0
C0G660 1999031508 -9999 -9999 -9999 0.0
C0G660 1999031509 -9999 -9999 -9999 0.0
C0G660 1999031510 -9999 -9999 -9999 0.0
C0G660 1999031511 -9999 -9999 -9999 0.0
C0G660 1999031512 -9999 -9999 -9999 0.0
C0G660 1999031513 -9999 -9999 -9999 0.0
C0G660 1999031514 -9999 -9999 -9999 0.0
C0G660 1999031515 -9999 -9999 -9999 0.0
C0G660 1999031516 -9999 -9999 -9999 0.0
C0G660 1999031517 -9999 -9999 -9999 0.0
C0G660 1999031518 -9999 -9999 -9999 0.0
C0G660 1999031519 -9999 -9999 -9999 0.0
C0G660 1999031520 -9999 -9999 -9999 0.0
C0G660 1999031521 -9999 -9999 -9999 0.0
C0G660 1999031522 -9999 -9999 -9999 0.0
C0G660 1999031523 -9999 -9999 -9999 0.0
C0G660 1999031524 -9999 -9999 -9999 0.0
C0G660 1999031601 -9999 -9999 -9999 0.0
C0G660 1999031602 -9999 -9999 -9999 0.0
C0G660 1999031603 -9999 -9999 -9999 0.0
C0G660 1999031604 -9999 -9999 -9999 0.0
C0G660 1999031605 -9999 -9999 -9999 0.0
C0G660 1999031606 -9999 -9999 -9999 0.0
C0G660 1999031607 -9999 -9999 -9999 0.0
C0G660 1999031608 -9999 -9999 -9999 0.0
C0G660 1999031609 -9999 -9999 -9999 0.0
C0G660 1999031610 -9999 -9999 -9999 0.0
C0G660 1999031611 -9999 -9999 -9999 0.0
C0G660 1999031612 -9999 -9999 -9999 0.0
C0G660 1999031613 -9999 -9999 -9999 0.0
C0G660 1999031614 -9999 -9999 -9999 0.0
C0G660 1999031615 -9999 -9999 -9999 0.0
C0G660 1999031616 -9999 -9999 -9999 0.0
C0G660 1999031617 -9999 -9999 -9999 0.0
C0G660 1999031618 -9999 -9999 -9999 0.0
C0G660 1999031619 -9999 -9999 -9999 0.0
C0G660 1999031620 -9999 -9999 -9999 0.0
C0G660 1999031621 -9999 -9999 -9999 0.5
C0G660 1999031622 -9999 -9999 -9999 1.0
C0G660 1999031623 -9999 -9999 -9999 0.5
C0G660 1999031624 -9999 -9999 -9999 0.5
C0G660 1999031701 -9999 -9999 -9999 0.0
C0G660 1999031702 -9999 -9999 -9999 0.0
C0G660 1999031703 -9999 -9999 -9999 0.0
C0G660 1999031704 -9999 -9999 -9999 3.5
C0G660 1999031705 -9999 -9999 -9999 8.0
C0G660 1999031706 -9999 -9999 -9999 0.5
C0G660 1999031707 -9999 -9999 -9999 0.5
C0G660 1999031708 -9999 -9999 -9999 9.0
C0G660 1999031709 -9999 -9999 -9999 1.0
C0G660 1999031710 -9999 -9999 -9999 0.0
C0G660 1999031711 -9999 -9999 -9999 0.0
C0G660 1999031712 -9999 -9999 -9999 0.0
C0G660 1999031713 -9999 -9999 -9999 0.0
C0G660 1999031714 -9999 -9999 -9999 0.0
C0G660 1999031715 -9999 -9999 -9999 0.0
C0G660 1999031716 -9999 -9999 -9999 0.0
C0G660 1999031717 -9999 -9999 -9999 0.0
C0G660 1999031718 -9999 -9999 -9999 0.0
C0G660 1999031719 -9999 -9999 -9999 0.0
C0G660 1999031720 -9999 -9999 -9999 0.0
C0G660 1999031721 -9999 -9999 -9999 0.0
C0G660 1999031722 -9999 -9999 -9999 0.0
C0G660 1999031723 -9999 -9999 -9999 0.0
C0G660 1999031724 -9999 -9999 -9999 0.0
C0G660 1999031801 -9999 -9999 -9999 0.0
C0G660 1999031802 -9999 -9999 -9999 0.0
C0G660 1999031803 -9999 -9999 -9999 0.0
C0G660 1999031804 -9999 -9999 -9999 0.0
C0G660 1999031805 -9999 -9999 -9999 0.0
C0G660 1999031806 -9999 -9999 -9999 0.0
C0G660 1999031807 -9999 -9999 -9999 0.0
C0G660 1999031808 -9999 -9999 -9999 0.0
C0G660 1999031809 -9999 -9999 -9999 0.0
C0G660 1999031810 -9999 -9999 -9999 0.0
C0G660 1999031811 -9999 -9999 -9999 0.0
C0G660 1999031812 -9999 -9999 -9999 0.0
C0G660 1999031813 -9999 -9999 -9999 0.0
C0G660 1999031814 -9999 -9999 -9999 0.0
C0G660 1999031815 -9999 -9999 -9999 0.0
C0G660 1999031816 -9999 -9999 -9999 0.0
C0G660 1999031817 -9999 -9999 -9999 0.0
C0G660 1999031818 -9999 -9999 -9999 0.0
C0G660 1999031819 -9999 -9999 -9999 0.0
C0G660 1999031820 -9999 -9999 -9999 0.0
C0G660 1999031821 -9999 -9999 -9999 0.0
C0G660 1999031822 -9999 -9999 -9999 0.0
C0G660 1999031823 -9999 -9999 -9999 0.0
C0G660 1999031824 -9999 -9999 -9999 0.0
C0G660 1999031901 -9999 -9999 -9999 0.0
C0G660 1999031902 -9999 -9999 -9999 0.0
C0G660 1999031903 -9999 -9999 -9999 0.0
C0G660 1999031904 -9999 -9999 -9999 0.0
C0G660 1999031905 -9999 -9999 -9999 0.0
C0G660 1999031906 -9999 -9999 -9999 0.0
C0G660 1999031907 -9999 -9999 -9999 0.0
C0G660 1999031908 -9999 -9999 -9999 0.0
C0G660 1999031909 -9999 -9999 -9999 0.0
C0G660 1999031910 -9999 -9999 -9999 0.0
C0G660 1999031911 -9999 -9999 -9999 0.0
C0G660 1999031912 -9999 -9999 -9999 0.0
C0G660 1999031913 -9999 -9999 -9999 0.0
C0G660 1999031914 -9999 -9999 -9999 0.0
C0G660 1999031915 -9999 -9999 -9999 0.0
C0G660 1999031916 -9999 -9999 -9999 0.0
C0G660 1999031917 -9999 -9999 -9999 0.0
C0G660 1999031918 -9999 -9999 -9999 0.0
C0G660 1999031919 -9999 -9999 -9999 0.0
C0G660 1999031920 -9999 -9999 -9999 0.0
C0G660 1999031921 -9999 -9999 -9999 0.0
C0G660 1999031922 -9999 -9999 -9999 0.0
C0G660 1999031923 -9999 -9999 -9999 0.0
C0G660 1999031924 -9999 -9999 -9999 0.0
C0G660 1999032001 -9999 -9999 -9999 0.0
C0G660 1999032002 -9999 -9999 -9999 0.0
C0G660 1999032003 -9999 -9999 -9999 0.0
C0G660 1999032004 -9999 -9999 -9999 0.0
C0G660 1999032005 -9999 -9999 -9999 0.0
C0G660 1999032006 -9999 -9999 -9999 0.0
C0G660 1999032007 -9999 -9999 -9999 0.0
C0G660 1999032008 -9999 -9999 -9999 0.0
C0G660 1999032009 -9999 -9999 -9999 0.0
C0G660 1999032010 -9999 -9999 -9999 0.0
C0G660 1999032011 -9999 -9999 -9999 0.0
C0G660 1999032012 -9999 -9999 -9999 0.0
C0G660 1999032013 -9999 -9999 -9999 0.0
C0G660 1999032014 -9999 -9999 -9999 0.0
C0G660 1999032015 -9999 -9999 -9999 0.0
C0G660 1999032016 -9999 -9999 -9999 0.0
C0G660 1999032017 -9999 -9999 -9999 0.0
C0G660 1999032018 -9999 -9999 -9999 0.0
C0G660 1999032019 -9999 -9999 -9999 0.0
C0G660 1999032020 -9999 -9999 -9999 0.0
C0G660 1999032021 -9999 -9999 -9999 0.0
C0G660 1999032022 -9999 -9999 -9999 0.0
C0G660 1999032023 -9999 -9999 -9999 0.0
C0G660 1999032024 -9999 -9999 -9999 0.0
C0G660 1999032101 -9999 -9999 -9999 0.0
C0G660 1999032102 -9999 -9999 -9999 0.0
C0G660 1999032103 -9999 -9999 -9999 0.0
C0G660 1999032104 -9999 -9999 -9999 0.0
C0G660 1999032105 -9999 -9999 -9999 0.0
C0G660 1999032106 -9999 -9999 -9999 0.0
C0G660 1999032107 -9999 -9999 -9999 0.0
C0G660 1999032108 -9999 -9999 -9999 0.0
C0G660 1999032109 -9999 -9999 -9999 0.0
C0G660 1999032110 -9999 -9999 -9999 0.0
C0G660 1999032111 -9999 -9999 -9999 0.0
C0G660 1999032112 -9999 -9999 -9999 0.0
C0G660 1999032113 -9999 -9999 -9999 0.0
C0G660 1999032114 -9999 -9999 -9999 0.0
C0G660 1999032115 -9999 -9999 -9999 0.0
C0G660 1999032116 -9999 -9999 -9999 0.0
C0G660 1999032117 -9999 -9999 -9999 0.0
C0G660 1999032118 -9999 -9999 -9999 0.0
C0G660 1999032119 -9999 -9999 -9999 0.0
C0G660 1999032120 -9999 -9999 -9999 0.0
C0G660 1999032121 -9999 -9999 -9999 0.0
C0G660 1999032122 -9999 -9999 -9999 0.0
C0G660 1999032123 -9999 -9999 -9999 0.0
C0G660 1999032124 -9999 -9999 -9999 0.0
C0G660 1999032201 -9999 -9999 -9999 0.0
C0G660 1999032202 -9999 -9999 -9999 0.0
C0G660 1999032203 -9999 -9999 -9999 0.0
C0G660 1999032204 -9999 -9999 -9999 0.0
C0G660 1999032205 -9999 -9999 -9999 2.0
C0G660 1999032206 -9999 -9999 -9999 4.5
C0G660 1999032207 -9999 -9999 -9999 3.5
C0G660 1999032208 -9999 -9999 -9999 0.5
C0G660 1999032209 -9999 -9999 -9999 0.0
C0G660 1999032210 -9999 -9999 -9999 0.0
C0G660 1999032211 -9999 -9999 -9999 0.0
C0G660 1999032212 -9999 -9999 -9999 0.0
C0G660 1999032213 -9999 -9999 -9999 0.0
C0G660 1999032214 -9999 -9999 -9999 0.0
C0G660 1999032215 -9999 -9999 -9999 0.0
C0G660 1999032216 -9999 -9999 -9999 0.0
C0G660 1999032217 -9999 -9999 -9999 0.0
C0G660 1999032218 -9999 -9999 -9999 0.0
C0G660 1999032219 -9999 -9999 -9999 0.0
C0G660 1999032220 -9999 -9999 -9999 0.0
C0G660 1999032221 -9999 -9999 -9999 0.0
C0G660 1999032222 -9999 -9999 -9999 0.0
C0G660 1999032223 -9999 -9999 -9999 0.5
C0G660 1999032224 -9999 -9999 -9999 0.0
C0G660 1999032301 -9999 -9999 -9999 0.0
C0G660 1999032302 -9999 -9999 -9999 0.0
C0G660 1999032303 -9999 -9999 -9999 0.0
C0G660 1999032304 -9999 -9999 -9999 0.0
C0G660 1999032305 -9999 -9999 -9999 0.0
C0G660 1999032306 -9999 -9999 -9999 0.0
C0G660 1999032307 -9999 -9999 -9999 0.0
C0G660 1999032308 -9999 -9999 -9999 0.0
C0G660 1999032309 -9999 -9999 -9999 0.0
C0G660 1999032310 -9999 -9999 -9999 0.0
C0G660 1999032311 -9999 -9999 -9999 0.0
C0G660 1999032312 -9999 -9999 -9999 0.0
C0G660 1999032313 -9999 -9999 -9999 0.0
C0G660 1999032314 -9999 -9999 -9999 0.0
C0G660 1999032315 -9999 -9999 -9999 0.0
C0G660 1999032316 -9999 -9999 -9999 0.0
C0G660 1999032317 -9999 -9999 -9999 0.0
C0G660 1999032318 -9999 -9999 -9999 0.0
C0G660 1999032319 -9999 -9999 -9999 0.0
C0G660 1999032320 -9999 -9999 -9999 0.0
C0G660 1999032321 -9999 -9999 -9999 0.0
C0G660 1999032322 -9999 -9999 -9999 0.0
C0G660 1999032323 -9999 -9999 -9999 0.0
C0G660 1999032324 -9999 -9999 -9999 0.0
C0G660 1999032401 -9999 -9999 -9999 0.0
C0G660 1999032402 -9999 -9999 -9999 0.0
C0G660 1999032403 -9999 -9999 -9999 0.0
C0G660 1999032404 -9999 -9999 -9999 0.0
C0G660 1999032405 -9999 -9999 -9999 0.0
C0G660 1999032406 -9999 -9999 -9999 0.0
C0G660 1999032407 -9999 -9999 -9999 0.0
C0G660 1999032408 -9999 -9999 -9999 0.0
C0G660 1999032409 -9999 -9999 -9999 0.0
C0G660 1999032410 -9999 -9999 -9999 0.0
C0G660 1999032411 -9999 -9999 -9999 0.0
C0G660 1999032412 -9999 -9999 -9999 0.0
C0G660 1999032413 -9999 -9999 -9999 0.0
C0G660 1999032414 -9999 -9999 -9999 0.0
C0G660 1999032415 -9999 -9999 -9999 0.0
C0G660 1999032416 -9999 -9999 -9999 0.0
C0G660 1999032417 -9999 -9999 -9999 0.0
C0G660 1999032418 -9999 -9999 -9999 0.0
C0G660 1999032419 -9999 -9999 -9999 0.0
C0G660 1999032420 -9999 -9999 -9999 0.0
C0G660 1999032421 -9999 -9999 -9999 0.0
C0G660 1999032422 -9999 -9999 -9999 0.0
C0G660 1999032423 -9999 -9999 -9999 0.0
C0G660 1999032424 -9999 -9999 -9999 0.0
C0G660 1999032501 -9999 -9999 -9999 0.0
C0G660 1999032502 -9999 -9999 -9999 0.0
C0G660 1999032503 -9999 -9999 -9999 0.0
C0G660 1999032504 -9999 -9999 -9999 0.0
C0G660 1999032505 -9999 -9999 -9999 0.0
C0G660 1999032506 -9999 -9999 -9999 0.0
C0G660 1999032507 -9999 -9999 -9999 0.0
C0G660 1999032508 -9999 -9999 -9999 0.0
C0G660 1999032509 -9999 -9999 -9999 0.0
C0G660 1999032510 -9999 -9999 -9999 0.0
C0G660 1999032511 -9999 -9999 -9999 0.0
C0G660 1999032512 -9999 -9999 -9999 0.0
C0G660 1999032513 -9999 -9999 -9999 0.0
C0G660 1999032514 -9999 -9999 -9999 0.0
C0G660 1999032515 -9999 -9999 -9999 0.0
C0G660 1999032516 -9999 -9999 -9999 0.0
C0G660 1999032517 -9999 -9999 -9999 0.0
C0G660 1999032518 -9999 -9999 -9999 0.0
C0G660 1999032519 -9999 -9999 -9999 0.0
C0G660 1999032520 -9999 -9999 -9999 0.0
C0G660 1999032521 -9999 -9999 -9999 0.0
C0G660 1999032522 -9999 -9999 -9999 0.0
C0G660 1999032523 -9999 -9999 -9999 0.0
C0G660 1999032524 -9999 -9999 -9999 0.0
C0G660 1999032601 -9999 -9999 -9999 0.0
C0G660 1999032602 -9999 -9999 -9999 0.0
C0G660 1999032603 -9999 -9999 -9999 0.0
C0G660 1999032604 -9999 -9999 -9999 0.0
C0G660 1999032605 -9999 -9999 -9999 0.0
C0G660 1999032606 -9999 -9999 -9999 0.0
C0G660 1999032607 -9999 -9999 -9999 0.0
C0G660 1999032608 -9999 -9999 -9999 0.0
C0G660 1999032609 -9999 -9999 -9999 0.0
C0G660 1999032610 -9999 -9999 -9999 0.0
C0G660 1999032611 -9999 -9999 -9999 0.0
C0G660 1999032612 -9999 -9999 -9999 0.0
C0G660 1999032613 -9999 -9999 -9999 0.0
C0G660 1999032614 -9999 -9999 -9999 0.0
C0G660 1999032615 -9999 -9999 -9999 0.0
C0G660 1999032616 -9999 -9999 -9999 0.0
C0G660 1999032617 -9999 -9999 -9999 0.0
C0G660 1999032618 -9999 -9999 -9999 0.0
C0G660 1999032619 -9999 -9999 -9999 0.0
C0G660 1999032620 -9999 -9999 -9999 0.0
C0G660 1999032621 -9999 -9999 -9999 0.0
C0G660 1999032622 -9999 -9999 -9999 0.0
C0G660 1999032623 -9999 -9999 -9999 0.0
C0G660 1999032624 -9999 -9999 -9999 0.0
C0G660 1999032701 -9999 -9999 -9999 0.0
C0G660 1999032702 -9999 -9999 -9999 0.0
C0G660 1999032703 -9999 -9999 -9999 0.0
C0G660 1999032704 -9999 -9999 -9999 0.0
C0G660 1999032705 -9999 -9999 -9999 0.0
C0G660 1999032706 -9999 -9999 -9999 0.0
C0G660 1999032707 -9999 -9999 -9999 0.0
C0G660 1999032708 -9999 -9999 -9999 0.0
C0G660 1999032709 -9999 -9999 -9999 0.0
C0G660 1999032710 -9999 -9999 -9999 0.0
C0G660 1999032711 -9999 -9999 -9999 0.0
C0G660 1999032712 -9999 -9999 -9999 0.0
C0G660 1999032713 -9999 -9999 -9999 0.0
C0G660 1999032714 -9999 -9999 -9999 0.0
C0G660 1999032715 -9999 -9999 -9999 0.0
C0G660 1999032716 -9999 -9999 -9999 0.0
C0G660 1999032717 -9999 -9999 -9999 0.0
C0G660 1999032718 -9999 -9999 -9999 0.0
C0G660 1999032719 -9999 -9999 -9999 0.0
C0G660 1999032720 -9999 -9999 -9999 0.0
C0G660 1999032721 -9999 -9999 -9999 0.0
C0G660 1999032722 -9999 -9999 -9999 0.0
C0G660 1999032723 -9999 -9999 -9999 0.0
C0G660 1999032724 -9999 -9999 -9999 0.0
C0G660 1999032801 -9999 -9999 -9999 0.0
C0G660 1999032802 -9999 -9999 -9999 0.0
C0G660 1999032803 -9999 -9999 -9999 0.0
C0G660 1999032804 -9999 -9999 -9999 0.0
C0G660 1999032805 -9999 -9999 -9999 0.0
C0G660 1999032806 -9999 -9999 -9999 0.0
C0G660 1999032807 -9999 -9999 -9999 0.0
C0G660 1999032808 -9999 -9999 -9999 0.0
C0G660 1999032809 -9999 -9999 -9999 0.0
C0G660 1999032810 -9999 -9999 -9999 0.0
C0G660 1999032811 -9999 -9999 -9999 0.0
C0G660 1999032812 -9999 -9999 -9999 0.0
C0G660 1999032813 -9999 -9999 -9999 0.0
C0G660 1999032814 -9999 -9999 -9999 0.0
C0G660 1999032815 -9999 -9999 -9999 0.0
C0G660 1999032816 -9999 -9999 -9999 0.0
C0G660 1999032817 -9999 -9999 -9999 0.0
C0G660 1999032818 -9999 -9999 -9999 0.0
C0G660 1999032819 -9999 -9999 -9999 0.0
C0G660 1999032820 -9999 -9999 -9999 0.0
C0G660 1999032821 -9999 -9999 -9999 0.0
C0G660 1999032822 -9999 -9999 -9999 0.0
C0G660 1999032823 -9999 -9999 -9999 0.0
C0G660 1999032824 -9999 -9999 -9999 0.0
C0G660 1999032901 -9999 -9999 -9999 0.0
C0G660 1999032902 -9999 -9999 -9999 0.0
C0G660 1999032903 -9999 -9999 -9999 0.0
C0G660 1999032904 -9999 -9999 -9999 0.0
C0G660 1999032905 -9999 -9999 -9999 0.0
C0G660 1999032906 -9999 -9999 -9999 0.0
C0G660 1999032907 -9999 -9999 -9999 0.0
C0G660 1999032908 -9999 -9999 -9999 0.0
C0G660 1999032909 -9999 -9999 -9999 0.0
C0G660 1999032910 -9999 -9999 -9999 0.0
C0G660 1999032911 -9999 -9999 -9999 0.0
C0G660 1999032912 -9999 -9999 -9999 0.0
C0G660 1999032913 -9999 -9999 -9999 0.0
C0G660 1999032914 -9999 -9999 -9999 0.0
C0G660 1999032915 -9999 -9999 -9999 0.0
C0G660 1999032916 -9999 -9999 -9999 0.0
C0G660 1999032917 -9999 -9999 -9999 0.0
C0G660 1999032918 -9999 -9999 -9999 0.0
C0G660 1999032919 -9999 -9999 -9999 0.0
C0G660 1999032920 -9999 -9999 -9999 0.0
C0G660 1999032921 -9999 -9999 -9999 0.0
C0G660 1999032922 -9999 -9999 -9999 0.0
C0G660 1999032923 -9999 -9999 -9999 0.0
C0G660 1999032924 -9999 -9999 -9999 0.5
C0G660 1999033001 -9999 -9999 -9999 0.0
C0G660 1999033002 -9999 -9999 -9999 0.0
C0G660 1999033003 -9999 -9999 -9999 0.0
C0G660 1999033004 -9999 -9999 -9999 0.0
C0G660 1999033005 -9999 -9999 -9999 0.0
C0G660 1999033006 -9999 -9999 -9999 0.0
C0G660 1999033007 -9999 -9999 -9999 0.0
C0G660 1999033008 -9999 -9999 -9999 0.0
C0G660 1999033009 -9999 -9999 -9999 0.0
C0G660 1999033010 -9999 -9999 -9999 0.0
C0G660 1999033011 -9999 -9999 -9999 0.0
C0G660 1999033012 -9999 -9999 -9999 0.0
C0G660 1999033013 -9999 -9999 -9999 0.0
C0G660 1999033014 -9999 -9999 -9999 0.0
C0G660 1999033015 -9999 -9999 -9999 0.0
C0G660 1999033016 -9999 -9999 -9999 0.0
C0G660 1999033017 -9999 -9999 -9999 0.0
C0G660 1999033018 -9999 -9999 -9999 0.0
C0G660 1999033019 -9999 -9999 -9999 0.0
C0G660 1999033020 -9999 -9999 -9999 0.0
C0G660 1999033021 -9999 -9999 -9999 0.0
C0G660 1999033022 -9999 -9999 -9999 0.0
C0G660 1999033023 -9999 -9999 -9999 0.0
C0G660 1999033024 -9999 -9999 -9999 0.0
C0G660 1999033101 -9999 -9999 -9999 0.0
C0G660 1999033102 -9999 -9999 -9999 0.0
C0G660 1999033103 -9999 -9999 -9999 0.0
C0G660 1999033104 -9999 -9999 -9999 0.0
C0G660 1999033105 -9999 -9999 -9999 0.0
C0G660 1999033106 -9999 -9999 -9999 0.0
C0G660 1999033107 -9999 -9999 -9999 0.0
C0G660 1999033108 -9999 -9999 -9999 0.0
C0G660 1999033109 -9999 -9999 -9999 0.0
C0G660 1999033110 -9999 -9999 -9999 0.0
C0G660 1999033111 -9999 -9999 -9999 0.0
C0G660 1999033112 -9999 -9999 -9999 0.0
C0G660 1999033113 -9999 -9999 -9999 0.0
C0G660 1999033114 -9999 -9999 -9999 0.0
C0G660 1999033115 -9999 -9999 -9999 0.0
C0G660 1999033116 -9999 -9999 -9999 0.0
C0G660 1999033117 -9999 -9999 -9999 0.0
C0G660 1999033118 -9999 -9999 -9999 0.0
C0G660 1999033119 -9999 -9999 -9999 0.0
C0G660 1999033120 -9999 -9999 -9999 0.0
C0G660 1999033121 -9999 -9999 -9999 0.0
C0G660 1999033122 -9999 -9999 -9999 0.0
C0G660 1999033123 -9999 -9999 -9999 0.0
C0G660 1999033124 -9999 -9999 -9999 0.0
