C0G650 2000060101  -9997   25.7  -9997    0.0    0.0    0.0    0.0
C0G650 2000060102  -9997   25.0  -9997    0.0    0.0    0.0    0.0
C0G650 2000060103  -9997   25.5  -9997    0.0    0.0    0.0    0.0
C0G650 2000060104  -9997   24.4  -9997    0.0    0.0    0.0    0.0
C0G650 2000060105  -9997   24.4  -9997    0.0    0.0    0.0    0.0
C0G650 2000060106  -9997   26.1  -9997    0.0    0.0    0.0    0.0
C0G650 2000060107  -9997   28.0  -9997    0.1    0.0    0.0    0.7
C0G650 2000060108  -9997   31.5  -9997    0.0    0.0    0.0    1.0
C0G650 2000060109  -9997   32.4  -9997    1.4  160.0    0.0    1.0
C0G650 2000060110  -9997   32.2  -9997    0.6  250.0    0.0    1.0
C0G650 2000060111  -9997   33.7  -9997    0.1    0.0    0.0    1.0
C0G650 2000060112  -9997   33.5  -9997    0.6  310.0    0.0    0.8
C0G650 2000060113  -9997   34.4  -9997    0.8  280.0    0.0    1.0
C0G650 2000060114  -9997   34.4  -9997    1.1  300.0    0.0    1.0
C0G650 2000060115  -9997   33.4  -9997    0.6  300.0    0.0    1.0
C0G650 2000060116  -9997   32.6  -9997    2.0  270.0    0.0    1.0
C0G650 2000060117  -9997   31.9  -9997    0.8  280.0    0.0    0.1
C0G650 2000060118  -9997   30.0  -9997    0.3  280.0    0.0    0.0
C0G650 2000060119  -9997   28.9  -9997    0.1    0.0    0.0    0.0
C0G650 2000060120  -9997   28.4  -9997    0.0    0.0    0.0    0.0
C0G650 2000060121  -9997   27.8  -9997    0.0    0.0    0.0    0.0
C0G650 2000060122  -9997   27.2  -9997    0.0    0.0    0.0    0.0
C0G650 2000060123  -9997   26.7  -9997    0.0    0.0    0.0    0.0
C0G650 2000060124  -9997   26.3  -9997    0.0    0.0    0.0    0.0
C0G650 2000060201  -9997   26.6  -9997    0.0    0.0    0.0    0.0
C0G650 2000060202  -9997   26.3  -9997    0.0    0.0    0.0    0.0
C0G650 2000060203  -9997   26.1  -9997    0.0    0.0    0.0    0.0
C0G650 2000060204  -9997   26.0  -9997    0.0    0.0    0.0    0.0
C0G650 2000060205  -9997   26.1  -9997    0.0    0.0    0.0    0.0
C0G650 2000060206  -9997   26.8  -9997    0.0    0.0    0.0    0.0
C0G650 2000060207  -9997   28.5  -9997    0.0    0.0    0.0    0.0
C0G650 2000060208  -9997   30.0  -9997    0.6  200.0    0.0    0.3
C0G650 2000060209  -9997   31.7  -9997    0.1    0.0    0.0    0.2
C0G650 2000060210  -9997   32.1  -9997    0.9  270.0    0.0    0.4
C0G650 2000060211  -9997   32.3  -9997    0.3  310.0    0.0    0.0
C0G650 2000060212  -9997   31.8  -9997    0.4  300.0    0.0    0.1
C0G650 2000060213  -9997   32.9  -9997    1.2  300.0    0.0    0.1
C0G650 2000060214  -9997   32.1  -9997    0.9  280.0    0.0    0.2
C0G650 2000060215  -9997   31.3  -9997    0.4  310.0    0.0    0.2
C0G650 2000060216  -9997   31.4  -9997    1.1  270.0    0.0    0.1
C0G650 2000060217  -9997   30.4  -9997    0.7  280.0    0.0    0.0
C0G650 2000060218  -9997   29.2  -9997    0.5  290.0    0.0    0.0
C0G650 2000060219  -9997   28.3  -9997    0.1    0.0    0.0    0.0
C0G650 2000060220  -9997   27.9  -9997    0.0    0.0    0.0    0.0
C0G650 2000060221  -9997   27.8  -9997    0.0    0.0    0.0    0.0
C0G650 2000060222  -9997   26.7  -9997    0.0    0.0    0.0    0.0
C0G650 2000060223  -9997   26.8  -9997    0.0    0.0    0.0    0.0
C0G650 2000060224  -9997   26.8  -9997    0.0    0.0    0.0    0.0
C0G650 2000060301  -9997   26.8  -9997    0.0    0.0    0.0    0.0
C0G650 2000060302  -9997   26.9  -9997    0.0    0.0    0.0    0.0
C0G650 2000060303  -9997   26.7  -9997    0.0    0.0    0.0    0.0
C0G650 2000060304  -9997   26.9  -9997    0.0    0.0    0.0    0.0
C0G650 2000060305  -9997   26.9  -9997    0.0    0.0    0.0    0.0
C0G650 2000060306  -9997   27.0  -9997    0.0    0.0    0.0    0.0
C0G650 2000060307  -9997  -9997  -9997  -9997  -9997    0.0  -9997
C0G650 2000060308  -9997   29.7  -9997    0.0    0.0    0.0    0.6
C0G650 2000060309  -9997   30.2  -9997    0.1    0.0    0.0    0.9
C0G650 2000060310  -9997   31.7  -9997    0.2    0.0    0.0    0.5
C0G650 2000060311  -9997   31.5  -9997    0.8  260.0    0.0    0.0
C0G650 2000060312  -9997   32.9  -9997    1.1  290.0    0.0    0.6
C0G650 2000060313  -9997   31.6  -9997    1.1  330.0    0.0    0.4
C0G650 2000060314  -9997   31.5  -9997    1.0  310.0    0.0    0.2
C0G650 2000060315  -9997   31.2  -9997    1.0  350.0    0.0    0.1
C0G650 2000060316  -9997   31.8  -9997    0.4  300.0    0.0    0.0
C0G650 2000060317  -9997   30.6  -9997    1.2  270.0    0.0    0.0
C0G650 2000060318  -9997   29.6  -9997    0.1    0.0    0.0    0.0
C0G650 2000060319  -9997   28.7  -9997    0.1    0.0    0.0    0.0
C0G650 2000060320  -9997   28.4  -9997    0.0    0.0    0.0    0.0
C0G650 2000060321  -9997   28.1  -9997    0.7  230.0    0.0    0.0
C0G650 2000060322  -9997   27.7  -9997    0.1    0.0    0.0    0.0
C0G650 2000060323  -9997   27.3  -9997    0.7  190.0    0.0    0.0
C0G650 2000060324  -9997   26.5  -9997    0.0    0.0  -9996    0.0
C0G650 2000060401  -9997   26.8  -9997    0.4  180.0    0.0    0.0
C0G650 2000060402  -9997   26.4  -9997    0.0    0.0    0.0    0.0
C0G650 2000060403  -9997   26.0  -9997    0.0    0.0    0.0    0.0
C0G650 2000060404  -9997   25.7  -9997    0.0    0.0    0.0    0.0
C0G650 2000060405  -9997   25.6  -9997    0.0    0.0    0.0    0.0
C0G650 2000060406  -9997   25.9  -9997    0.0    0.0    0.0    0.0
C0G650 2000060407  -9997   28.1  -9997    0.8  200.0    0.0    0.7
C0G650 2000060408  -9997   29.8  -9997    1.4  230.0    0.0    1.0
C0G650 2000060409  -9997   31.3  -9997    1.8  200.0    0.0    1.0
C0G650 2000060410  -9997   31.9  -9997    1.9  210.0    0.0    0.8
C0G650 2000060411  -9997   33.0  -9997    2.5  230.0    0.0    1.0
C0G650 2000060412  -9997   33.3  -9997    2.6  230.0    0.0    1.0
C0G650 2000060413  -9997   34.4  -9997    2.0  250.0    0.0    0.9
C0G650 2000060414  -9997   34.2  -9997    2.2  260.0    0.0    0.6
C0G650 2000060415  -9997   33.7  -9997    2.4  270.0    0.0    0.8
C0G650 2000060416  -9997   33.2  -9997    2.0  260.0    0.0    0.9
C0G650 2000060417  -9997   32.2  -9997    1.8  260.0    0.0    0.0
C0G650 2000060418  -9997   30.0  -9997    1.6  250.0    0.0    0.0
C0G650 2000060419  -9997   28.5  -9997    1.0  240.0    0.0    0.0
C0G650 2000060420  -9997   27.6  -9997    0.9  190.0    0.0    0.0
C0G650 2000060421  -9997   26.7  -9997    0.0    0.0    0.0    0.0
C0G650 2000060422  -9997   26.3  -9997    0.0    0.0    0.0    0.0
C0G650 2000060423  -9997  -9997  -9997  -9997  -9997    0.0  -9997
C0G650 2000060424  -9997  -9997  -9997  -9997  -9997  -9996  -9997
C0G650 2000060501  -9997   25.6  -9997    0.0    0.0    0.0    0.0
C0G650 2000060502  -9997   24.9  -9997    0.0    0.0    0.0    0.0
C0G650 2000060503  -9997   24.8  -9997    0.0    0.0    0.0    0.0
C0G650 2000060504  -9997   24.8  -9997    0.1    0.0    0.0    0.0
C0G650 2000060505  -9997   24.8  -9997    0.0    0.0    0.0    0.0
C0G650 2000060506  -9997   25.8  -9997    0.0    0.0    0.0  -9997
C0G650 2000060507  -9997   27.6  -9997    1.3  190.0    0.0    0.6
C0G650 2000060508  -9997   29.7  -9997    1.8  220.0    0.0    1.0
C0G650 2000060509  -9997   30.7  -9997    1.9  210.0    0.0    1.0
C0G650 2000060510  -9997   32.0  -9997    1.6  210.0    0.0    0.8
C0G650 2000060511  -9997   33.4  -9997    1.8  210.0    0.0    1.0
C0G650 2000060512  -9997   34.2  -9997    1.7  230.0    0.0    1.0
C0G650 2000060513  -9997   33.7  -9997    2.3  270.0    0.0    0.8
C0G650 2000060514  -9997   33.0  -9997    2.4  270.0    0.0    0.4
C0G650 2000060515  -9997   33.5  -9997    1.6  280.0    0.0    0.0
C0G650 2000060516  -9997   32.1  -9997    0.8  270.0    0.0  -9997
C0G650 2000060517  -9997   31.0  -9997    0.2    0.0    0.0    0.0
C0G650 2000060518  -9997   30.1  -9997    1.0  270.0    0.0    0.0
C0G650 2000060519  -9997   29.4  -9997    0.6  280.0    0.0    0.0
C0G650 2000060520  -9997   28.2  -9997    1.1  280.0    0.0    0.0
C0G650 2000060521  -9997   27.9  -9997    0.0    0.0    0.0    0.0
C0G650 2000060522  -9997   27.9  -9997    0.0    0.0    0.0    0.0
C0G650 2000060523  -9997   27.4  -9997    0.0    0.0    0.0    0.0
C0G650 2000060524  -9997   27.1  -9997    0.0    0.0    0.0    0.0
C0G650 2000060601  -9997   26.8  -9997    0.6  210.0    0.0    0.0
C0G650 2000060602  -9997   26.3  -9997    0.0    0.0    0.0    0.0
C0G650 2000060603  -9997   25.9  -9997    0.0    0.0    0.0    0.0
C0G650 2000060604  -9997   25.5  -9997    0.0    0.0    0.0    0.0
C0G650 2000060605  -9997   25.6  -9997    0.0    0.0    0.0    0.0
C0G650 2000060606  -9997   26.2  -9997    0.0    0.0    0.0    0.0
C0G650 2000060607  -9997   27.5  -9997    0.0    0.0    0.0    0.0
C0G650 2000060608  -9997   26.2  -9997    0.3   40.0    2.5    0.0
C0G650 2000060609  -9997   29.4  -9997    0.0    0.0    0.0    0.3
C0G650 2000060610  -9997   29.9  -9997    0.1    0.0    0.0    0.0
C0G650 2000060611  -9997   27.4  -9997    0.2    0.0   10.5    0.0
C0G650 2000060612  -9997   27.3  -9997    2.3  180.0    1.0    0.0
C0G650 2000060613  -9997   26.1  -9997    0.1    0.0    0.0    0.1
C0G650 2000060614  -9997   28.0  -9997    0.1    0.0    0.0    0.0
C0G650 2000060615  -9997   29.3  -9997    0.1    0.0    0.0    0.0
C0G650 2000060616  -9997   29.1  -9997    0.8  190.0    0.0    0.0
C0G650 2000060617  -9997   29.4  -9997    0.0    0.0    0.0    0.0
C0G650 2000060618  -9997   26.0  -9997    2.1  210.0    4.0    0.0
C0G650 2000060619  -9997   25.5  -9997    0.0    0.0    0.0    0.0
C0G650 2000060620  -9997   24.8  -9997    0.0    0.0    0.0    0.0
C0G650 2000060621  -9997   25.7  -9997    0.0    0.0    0.0    0.0
C0G650 2000060622  -9997  -9997  -9997    0.0    0.0    0.0    0.0
C0G650 2000060623  -9997   25.0  -9997    0.0    0.0    0.0    0.0
C0G650 2000060624  -9997   24.8  -9997    0.0    0.0    0.0    0.0
C0G650 2000060701  -9997   24.7  -9997    0.0    0.0    0.0  -9997
C0G650 2000060702  -9997   24.9  -9997    0.0    0.0    0.0    0.0
C0G650 2000060703  -9997   25.0  -9997    0.0    0.0    0.0    0.0
C0G650 2000060704  -9997   25.0  -9997    0.0    0.0    0.0    0.0
C0G650 2000060705  -9997   25.1  -9997    0.0    0.0    0.0    0.0
C0G650 2000060706  -9997   25.6  -9997    0.3  250.0    0.5    0.0
C0G650 2000060707  -9997   25.8  -9997    0.0    0.0    0.0    0.1
C0G650 2000060708  -9997   28.9  -9997    1.4  200.0    0.0    1.0
C0G650 2000060709  -9997   30.0  -9997    0.9  210.0    0.0    0.8
C0G650 2000060710  -9997   31.5  -9997    1.7  190.0    0.0    0.5
C0G650 2000060711  -9997   25.3  -9997    0.0    0.0    8.0    0.0
C0G650 2000060712  -9997   29.9  -9997    0.3  160.0    0.0    0.7
C0G650 2000060713  -9997   31.7  -9997    0.7  270.0    0.0    0.7
C0G650 2000060714  -9997   31.4  -9997    1.1  260.0    0.0    0.1
C0G650 2000060715  -9997   32.0  -9997    1.4  270.0    0.0    0.0
C0G650 2000060716  -9997   31.9  -9997    1.5  250.0    0.0    0.1
C0G650 2000060717  -9997   30.9  -9997    1.4  190.0    0.0    0.0
C0G650 2000060718  -9997   29.1  -9997    1.1  180.0    0.0    0.0
C0G650 2000060719  -9997   27.6  -9997    0.1    0.0    0.0    0.0
C0G650 2000060720  -9997   27.1  -9997    0.1    0.0    0.0    0.0
C0G650 2000060721  -9997   26.6  -9997    0.8  190.0    0.0    0.0
C0G650 2000060722  -9997   26.5  -9997    0.2    0.0    0.0    0.0
C0G650 2000060723  -9997   26.1  -9997    0.1    0.0    0.0    0.0
C0G650 2000060724  -9997   25.8  -9997    0.6  190.0    0.0    0.0
C0G650 2000060801  -9997   25.6  -9997    0.0    0.0    0.0    0.0
C0G650 2000060802  -9997   25.5  -9997    0.7  180.0    0.0    0.0
C0G650 2000060803  -9997   25.7  -9997    1.0  200.0    0.0    0.0
C0G650 2000060804  -9997   25.2  -9997    0.1    0.0    0.0    0.0
C0G650 2000060805  -9997   25.2  -9997    0.2    0.0    0.0    0.0
C0G650 2000060806  -9997  -9997  -9997  -9997  -9997    0.0  -9997
C0G650 2000060807  -9997   27.9  -9997    1.5  200.0    0.0    0.7
C0G650 2000060808  -9997   30.1  -9997    2.0  220.0    0.0    1.0
C0G650 2000060809  -9997   30.9  -9997    1.8  210.0    0.0    1.0
C0G650 2000060810  -9997   32.3  -9997    2.3  240.0    0.0    0.9
C0G650 2000060811  -9997   32.7  -9997    2.8  230.0    0.0    0.9
C0G650 2000060812  -9997   33.3  -9997    2.9  260.0    0.0    1.0
C0G650 2000060813  -9997   33.6  -9997    2.4  260.0    0.0    0.8
C0G650 2000060814  -9997   33.7  -9997    2.7  250.0    0.0    1.0
C0G650 2000060815  -9997   33.1  -9997    2.5  260.0    0.0    0.8
C0G650 2000060816  -9997  -9997  -9997    2.1  260.0    0.0    0.5
C0G650 2000060817  -9997   31.1  -9997    3.0  220.0    0.0    0.0
C0G650 2000060818  -9997   29.8  -9997    1.7  230.0    0.0    0.0
C0G650 2000060819  -9997   28.8  -9997    0.4  200.0    0.0    0.0
C0G650 2000060820  -9997   27.7  -9997    0.1    0.0    0.0    0.0
C0G650 2000060821  -9997   27.3  -9997    0.0    0.0    0.0  -9997
C0G650 2000060822  -9997   27.0  -9997    0.4  180.0    0.0    0.0
C0G650 2000060823  -9997   27.0  -9997    1.0  190.0    0.0    0.0
C0G650 2000060824  -9997   26.5  -9997    0.3  190.0    0.0    0.0
C0G650 2000060901  -9997   26.4  -9997    1.2  180.0    0.0    0.0
C0G650 2000060902  -9997   26.0  -9997    0.6  190.0    0.0    0.0
C0G650 2000060903  -9997   26.4  -9997    1.3  190.0    0.0    0.0
C0G650 2000060904  -9997   26.2  -9997    0.8  190.0    0.0    0.0
C0G650 2000060905  -9997   25.9  -9997    0.1    0.0    0.0    0.0
C0G650 2000060906  -9997   26.5  -9997    0.4  180.0    0.0    0.0
C0G650 2000060907  -9997   28.1  -9997    1.2  190.0    0.0    0.1
C0G650 2000060908  -9997   28.4  -9997    2.0  210.0    0.0    0.4
C0G650 2000060909  -9997   30.6  -9997    2.4  200.0    0.0    0.6
C0G650 2000060910  -9997   31.3  -9997    3.4  230.0    0.0    0.3
C0G650 2000060911  -9997   31.4  -9997    2.2  200.0    0.0    0.0
C0G650 2000060912  -9997   32.5  -9997    3.4  240.0    0.0    0.0
C0G650 2000060913  -9997   32.3  -9997    3.2  240.0    0.0    0.2
C0G650 2000060914  -9997   30.4  -9997    1.0  250.0    0.0    0.1
C0G650 2000060915  -9997   32.4  -9997    2.1  260.0    0.0    0.0
C0G650 2000060916  -9997   31.0  -9997    2.8  260.0    0.0    0.0
C0G650 2000060917  -9997   29.9  -9997    1.7  230.0    0.0    0.0
C0G650 2000060918  -9997   29.6  -9997    0.6  220.0    0.0    0.0
C0G650 2000060919  -9997   28.6  -9997    1.4  190.0    0.0    0.0
C0G650 2000060920  -9997   27.4  -9997    0.1    0.0    0.0    0.0
C0G650 2000060921  -9997   27.1  -9997    0.0    0.0    0.0    0.0
C0G650 2000060922  -9997   27.2  -9997    1.1  190.0    0.0    0.0
C0G650 2000060923  -9997   27.0  -9997    0.0    0.0    0.0    0.0
C0G650 2000060924  -9997   27.0  -9997    1.8  190.0    0.0    0.0
C0G650 2000061001  -9997   26.5  -9997    0.1    0.0    0.0    0.0
C0G650 2000061002  -9997   26.3  -9997    1.0  190.0    0.0    0.0
C0G650 2000061003  -9997   26.3  -9997    0.3  190.0    0.0    0.0
C0G650 2000061004  -9997   26.2  -9997    0.0    0.0    0.0    0.0
C0G650 2000061005  -9997   26.1  -9997    1.0  180.0    0.0    0.0
C0G650 2000061006  -9997   26.1  -9997    0.1    0.0    0.0    0.0
C0G650 2000061007  -9997   27.2  -9997    0.5  190.0    0.0    0.0
C0G650 2000061008  -9997   28.2  -9997    0.9  200.0    0.0    0.0
C0G650 2000061009  -9997   29.4  -9997    0.8  200.0    0.0    0.0
C0G650 2000061010  -9997   30.9  -9997    1.8  190.0    0.0    0.0
C0G650 2000061011  -9997   32.5  -9997    2.8  240.0    0.0    0.3
C0G650 2000061012  -9997   33.2  -9997    3.4  240.0    0.0    0.5
C0G650 2000061013  -9997   32.6  -9997    2.0  250.0    0.0  -9997
C0G650 2000061014  -9997   31.8  -9997    3.1  240.0    0.0    0.5
C0G650 2000061015  -9997   30.0  -9997    3.1  230.0    0.0    0.0
C0G650 2000061016  -9997   30.6  -9997    2.6  220.0    0.0    0.0
C0G650 2000061017  -9997   30.3  -9997    2.4  230.0    0.0    0.0
C0G650 2000061018  -9997   28.9  -9997    1.7  230.0    0.0    0.0
C0G650 2000061019  -9997   27.8  -9997    1.1  190.0    0.0    0.0
C0G650 2000061020  -9997   27.4  -9997    0.0    0.0    0.0    0.0
C0G650 2000061021  -9997   26.9  -9997    1.1  190.0    0.0    0.0
C0G650 2000061022  -9997   26.6  -9997    1.3  190.0    0.0    0.0
C0G650 2000061023  -9997   26.8  -9997    1.0  230.0    0.0    0.0
C0G650 2000061024  -9997   26.3  -9997    0.0    0.0    0.0    0.0
C0G650 2000061101  -9997   26.8  -9997    1.4  200.0    0.0    0.0
C0G650 2000061102  -9997   26.8  -9997    0.5  190.0    0.0    0.0
C0G650 2000061103  -9997   26.3  -9997    0.1    0.0    0.0    0.0
C0G650 2000061104  -9997   26.0  -9997    0.0    0.0    0.0    0.0
C0G650 2000061105  -9997   25.8  -9997    0.0    0.0    0.0    0.0
C0G650 2000061106  -9997   26.0  -9997    0.0    0.0    0.0    0.0
C0G650 2000061107  -9997   28.4  -9997    1.1  230.0    0.0    0.2
C0G650 2000061108  -9997   29.9  -9997    1.9  200.0    0.0    0.5
C0G650 2000061109  -9997   30.0  -9997    2.5  230.0    0.0    0.2
C0G650 2000061110  -9997   30.9  -9997    3.8  230.0    0.0    0.2
C0G650 2000061111  -9997   30.6  -9997    2.5  240.0    0.5    0.1
C0G650 2000061112  -9997   26.7  -9997    4.3  220.0    0.0    0.4
C0G650 2000061113  -9997   28.0  -9997    1.3  210.0    0.5    0.0
C0G650 2000061114  -9997   29.1  -9997    0.4  240.0    0.0    0.0
C0G650 2000061115  -9997   28.9  -9997    1.7  200.0    0.5    0.0
C0G650 2000061116  -9997   28.5  -9997    2.6  200.0    0.0    0.0
C0G650 2000061117  -9997   28.8  -9997    1.6  210.0    0.0    0.0
C0G650 2000061118  -9997   28.1  -9997    2.7  220.0    0.0    0.0
C0G650 2000061119  -9997   27.1  -9997    1.3  190.0    0.0    0.0
C0G650 2000061120  -9997   26.7  -9997    1.4  180.0    0.0    0.0
C0G650 2000061121  -9997   26.7  -9997    1.1  180.0    0.0    0.0
C0G650 2000061122  -9997   27.1  -9997    0.5  190.0    0.0    0.0
C0G650 2000061123  -9997   26.9  -9997    0.6  200.0    0.0    0.0
C0G650 2000061124  -9997   27.0  -9997    0.5  200.0    0.0    0.0
C0G650 2000061201  -9997   26.5  -9997    1.2  190.0    0.0    0.0
C0G650 2000061202  -9997   26.2  -9997  -9997  190.0    0.0    0.0
C0G650 2000061203  -9997   25.7  -9997    0.2    0.0    0.0    0.0
C0G650 2000061204  -9997   25.5  -9997    0.2    0.0    0.0    0.0
C0G650 2000061205  -9997   25.7  -9997    0.0  -9997    0.0    0.0
C0G650 2000061206  -9997   25.2  -9997    0.0    0.0    0.0    0.0
C0G650 2000061207  -9997   26.3  -9997    0.8  200.0    0.0    0.0
C0G650 2000061208  -9997   28.5  -9997    1.0  200.0    0.0    0.2
C0G650 2000061209  -9997   29.0  -9997  -9997  220.0    0.0    0.0
C0G650 2000061210  -9997   30.4  -9997  -9997  240.0    0.0    0.0
C0G650 2000061211  -9997   24.7  -9997    0.2    0.0    9.0    0.0
C0G650 2000061212  -9997   24.9  -9997    0.9  360.0   13.0    0.0
C0G650 2000061213  -9997   23.2  -9997    1.2  180.0   11.5    0.0
C0G650 2000061214  -9997   24.1  -9997    0.3  360.0    1.5    0.0
C0G650 2000061215  -9997   24.2  -9997    0.1    0.0    3.5    0.0
C0G650 2000061216  -9997   24.2  -9997    0.1    0.0    0.0    0.0
C0G650 2000061217  -9997   24.0  -9997    0.0    0.0   24.0    0.0
C0G650 2000061218  -9997   23.7  -9997    1.5  180.0    2.5    0.0
C0G650 2000061219  -9997  -9997  -9997    0.2    0.0    1.0    0.0
C0G650 2000061220  -9997   23.9  -9997    0.0    0.0    0.0    0.0
C0G650 2000061221  -9997   23.8  -9997    0.0    0.0    1.0    0.0
C0G650 2000061222  -9997   24.1  -9997    0.0    0.0    0.5    0.0
C0G650 2000061223  -9997   22.9  -9997    0.1    0.0    2.0  -9997
C0G650 2000061224  -9997   21.3  -9997    0.4  360.0   10.0    0.0
C0G650 2000061301  -9997   21.0  -9997    1.8   40.0   24.0    0.0
C0G650 2000061302  -9997   21.1  -9997    0.1    0.0    4.0    0.0
C0G650 2000061303  -9997   20.5  -9997    0.7   10.0    2.0    0.0
C0G650 2000061304  -9997  -9997  -9997    0.6  360.0    4.5  -9997
C0G650 2000061305  -9997   20.2  -9997    1.3   30.0    4.5    0.0
C0G650 2000061306  -9997   20.3  -9997    1.5   20.0    1.5    0.0
C0G650 2000061307  -9997   19.4  -9997    1.7   20.0    2.0    0.0
C0G650 2000061308  -9997   19.2  -9997    1.6   20.0    0.5  -9997
C0G650 2000061309  -9997   19.5  -9997    0.9   20.0    0.5    0.0
C0G650 2000061310  -9997   18.6  -9997    0.3   10.0    2.0    0.0
C0G650 2000061311  -9997  -9997  -9997  -9997  -9997    2.0    0.0
C0G650 2000061312  -9997   19.2  -9997    0.1    0.0    2.5    0.0
C0G650 2000061313  -9997   19.4  -9997    0.4   20.0    1.5    0.0
C0G650 2000061314  -9997   19.7  -9997    0.6   10.0    1.0    0.0
C0G650 2000061315  -9997   19.9  -9997    0.0    0.0    2.0    0.0
C0G650 2000061316  -9997   19.5  -9997    0.3   40.0    2.5    0.0
C0G650 2000061317  -9997   19.4  -9997    0.0    0.0    2.0    0.0
C0G650 2000061318  -9997   19.5  -9997    0.3  310.0    2.0    0.0
C0G650 2000061319  -9997   19.3  -9997    0.0    0.0    2.5    0.0
C0G650 2000061320  -9997   19.4  -9997    0.0    0.0    0.5    0.0
C0G650 2000061321  -9997   19.5  -9997    0.0    0.0    0.5    0.0
C0G650 2000061322  -9997   19.5  -9997    0.0    0.0    0.0    0.0
C0G650 2000061323  -9997   19.7  -9997    0.0    0.0    0.0    0.0
C0G650 2000061324  -9997   19.7  -9997    0.0    0.0    0.0  -9997
C0G650 2000061401  -9997   19.8  -9997    0.0    0.0    0.0    0.0
C0G650 2000061402  -9997   19.9  -9997    0.0    0.0    0.0    0.0
C0G650 2000061403  -9997   20.0  -9997    0.0    0.0    0.0    0.0
C0G650 2000061404  -9997   20.0  -9997    0.0    0.0    0.0    0.0
C0G650 2000061405  -9997   20.2  -9997    0.0    0.0    0.0    0.0
C0G650 2000061406  -9997   20.3  -9997    0.0    0.0    0.0    0.0
C0G650 2000061407  -9997   20.8  -9997    0.0    0.0    0.0    0.0
C0G650 2000061408  -9997   21.2  -9997    0.0    0.0    0.0    0.0
C0G650 2000061409  -9997   21.5  -9997    0.0    0.0    0.0    0.0
C0G650 2000061410  -9997   22.0  -9997    1.3  200.0    0.5    0.0
C0G650 2000061411  -9997   21.8  -9997    0.0    0.0    1.0    0.0
C0G650 2000061412  -9997   21.9  -9997    0.0    0.0    1.5    0.0
C0G650 2000061413  -9997   22.5  -9997    0.0    0.0    0.0    0.0
C0G650 2000061414  -9997   24.9  -9997    0.1    0.0    0.0    0.0
C0G650 2000061415  -9997   25.4  -9997    0.0    0.0    0.0    0.0
C0G650 2000061416  -9997   25.9  -9997    0.0    0.0    0.0    0.0
C0G650 2000061417  -9997   25.9  -9997    0.1    0.0    0.5    0.0
C0G650 2000061418  -9997   25.3  -9997    0.0    0.0    0.0    0.0
C0G650 2000061419  -9997   24.5  -9997    0.0    0.0    0.0    0.0
C0G650 2000061420  -9997   24.0  -9997    0.0    0.0    0.0    0.0
C0G650 2000061421  -9997   23.9  -9997    0.3  190.0    0.0    0.0
C0G650 2000061422  -9997  -9997  -9997  -9997  -9997    0.0  -9997
C0G650 2000061423  -9997   23.4  -9997    0.0    0.0    0.0    0.0
C0G650 2000061424  -9997   23.1  -9997    0.0    0.0    0.0    0.0
C0G650 2000061501  -9997   22.8  -9997    0.0    0.0    0.0    0.0
C0G650 2000061502  -9997   22.8  -9997    0.0    0.0    0.0    0.0
C0G650 2000061503  -9997   22.7  -9997    0.0    0.0    0.0    0.0
C0G650 2000061504  -9997   22.8  -9997    0.0    0.0    0.0    0.0
C0G650 2000061505  -9997   22.7  -9997    0.0    0.0    0.0    0.0
C0G650 2000061506  -9997   23.0  -9997    0.0    0.0    0.0    0.0
C0G650 2000061507  -9997   23.9  -9997    0.0    0.0    0.0    0.0
C0G650 2000061508  -9997   25.2  -9997    0.0    0.0    0.0    0.0
C0G650 2000061509  -9997   25.1  -9997    0.5   50.0    0.0    0.0
C0G650 2000061510  -9997   24.9  -9997    1.2   60.0    0.0    0.0
C0G650 2000061511  -9997   26.1  -9997    0.4   50.0    0.0    0.0
C0G650 2000061512  -9997   23.7  -9997    0.1    0.0    2.5    0.0
C0G650 2000061513  -9997   24.4  -9997    0.2  -9997    0.0    0.0
C0G650 2000061514  -9997   24.5  -9997    0.4   10.0    0.0    0.0
C0G650 2000061515  -9997   25.7  -9997    0.6   20.0    0.0  -9997
C0G650 2000061516  -9997   25.1  -9997    0.5   20.0    0.5    0.0
C0G650 2000061517  -9997   25.1  -9997    0.0    0.0    0.0    0.0
C0G650 2000061518  -9997   24.6  -9997    0.0    0.0    0.5    0.0
C0G650 2000061519  -9997   23.8  -9997    0.0    0.0    2.0    0.0
C0G650 2000061520  -9997   23.9  -9997    0.0    0.0    1.0    0.0
C0G650 2000061521  -9997  -9997  -9997  -9997    0.0    0.5  -9997
C0G650 2000061522  -9997   23.8  -9997    0.0    0.0    0.0    0.0
C0G650 2000061523  -9997   23.5  -9997    0.0    0.0    0.0    0.0
C0G650 2000061524  -9997   23.6  -9997    0.0    0.0    0.0    0.0
C0G650 2000061601  -9997   23.7  -9997    0.0    0.0    0.0    0.0
C0G650 2000061602  -9997   23.6  -9997    0.0    0.0    0.0    0.0
C0G650 2000061603  -9997   23.6  -9997    0.0    0.0    0.0    0.0
C0G650 2000061604  -9997   23.6  -9997    0.0    0.0    0.0    0.0
C0G650 2000061605  -9997   23.4  -9997    0.0    0.0    0.0    0.0
C0G650 2000061606  -9997   23.8  -9997    0.0    0.0    0.0    0.0
C0G650 2000061607  -9997   24.6  -9997    0.1    0.0    0.0    0.0
C0G650 2000061608  -9997   25.9  -9997    1.1  230.0    0.0    0.0
C0G650 2000061609  -9997   27.2  -9997    0.0    0.0    0.0    0.0
C0G650 2000061610  -9997   28.0  -9997    0.0    0.0    0.0    0.0
C0G650 2000061611  -9997   29.6  -9997    0.0    0.0    0.0    0.0
C0G650 2000061612  -9997   30.3  -9997    0.6  220.0    0.0    0.0
C0G650 2000061613  -9997   29.9  -9997    1.5  260.0    0.0    0.0
C0G650 2000061614  -9997   29.0  -9997    0.9  260.0    0.0    0.0
C0G650 2000061615  -9997   28.1  -9997    0.4  270.0    0.0    0.0
C0G650 2000061616  -9997   27.0  -9997    0.7  280.0    0.0    0.0
C0G650 2000061617  -9997   26.2  -9997    0.2    0.0    0.0    0.0
C0G650 2000061618  -9997   25.9  -9997    0.0    0.0    0.0    0.0
C0G650 2000061619  -9997   26.0  -9997    0.0    0.0    0.0    0.0
C0G650 2000061620  -9997   26.1  -9997    0.0    0.0    0.0    0.0
C0G650 2000061621  -9997   25.9  -9997    0.0    0.0    0.0    0.0
C0G650 2000061622  -9997   25.5  -9997    0.0    0.0    0.0    0.0
C0G650 2000061623  -9997   25.2  -9997    0.0    0.0    0.0    0.0
C0G650 2000061624  -9997   25.1  -9997    0.0    0.0    0.0    0.0
C0G650 2000061701  -9997   25.0  -9997    0.0    0.0    0.5    0.0
C0G650 2000061702  -9997   24.7  -9997    0.0    0.0    0.5    0.0
C0G650 2000061703  -9997   24.6  -9997    0.0    0.0    0.0    0.0
C0G650 2000061704  -9997   24.7  -9997    0.0    0.0    0.0    0.0
C0G650 2000061705  -9997   24.6  -9997    0.0    0.0    2.5    0.0
C0G650 2000061706  -9997   24.4  -9997    0.0    0.0    1.5    0.0
C0G650 2000061707  -9997   24.6  -9997    0.0    0.0    2.5    0.0
C0G650 2000061708  -9997   25.1  -9997    0.0    0.0    0.5    0.0
C0G650 2000061709  -9997   25.4  -9997    0.0    0.0    0.5    0.0
C0G650 2000061710  -9997   25.3  -9997    0.0    0.0    1.5    0.0
C0G650 2000061711  -9997  -9997  -9997    0.0    0.0    4.5  -9997
C0G650 2000061712  -9997   24.8  -9997    0.1    0.0    3.0    0.0
C0G650 2000061713  -9997   24.9  -9997    0.0    0.0    2.5    0.0
C0G650 2000061714  -9997   25.0  -9997    0.0    0.0    0.5    0.0
C0G650 2000061715  -9997   25.9  -9997    0.0    0.0    0.0    0.0
C0G650 2000061716  -9997   26.5  -9997    0.0    0.0    0.0    0.0
C0G650 2000061717  -9997   26.7  -9997    0.1    0.0    0.0    0.0
C0G650 2000061718  -9997   26.6  -9997    0.9   60.0    0.0    0.0
C0G650 2000061719  -9997   26.0  -9997    0.0    0.0    0.0    0.0
C0G650 2000061720  -9997   25.7  -9997    0.0    0.0    0.0    0.0
C0G650 2000061721  -9997   25.7  -9997    0.0    0.0    0.0    0.0
C0G650 2000061722  -9997   25.1  -9997    0.0    0.0    0.0    0.0
C0G650 2000061723  -9997   25.3  -9997    0.0    0.0    0.0    0.0
C0G650 2000061724  -9997   25.4  -9997    0.0    0.0    0.0    0.0
C0G650 2000061801  -9997   25.0  -9997    0.0    0.0    0.0    0.0
C0G650 2000061802  -9997   24.4  -9997    0.0    0.0    0.0    0.0
C0G650 2000061803  -9997   24.0  -9997    0.0    0.0    0.0    0.0
C0G650 2000061804  -9997   24.2  -9997    0.0    0.0    0.0    0.0
C0G650 2000061805  -9997   24.0  -9997    0.0    0.0    0.0    0.0
C0G650 2000061806  -9997   24.5  -9997    0.0    0.0    0.0    0.0
C0G650 2000061807  -9997   27.9  -9997    0.0    0.0    0.0    0.5
C0G650 2000061808  -9997   30.6  -9997    0.1    0.0    0.0    1.0
C0G650 2000061809  -9997   31.5  -9997    0.8   70.0    0.0    1.0
C0G650 2000061810  -9997   31.5  -9997    1.0   40.0    0.0    1.0
C0G650 2000061811  -9997   32.1  -9997    1.3   30.0    0.0    1.0
C0G650 2000061812  -9997   32.8  -9997    0.9   40.0    0.0    0.7
C0G650 2000061813  -9997   32.8  -9997    1.3  280.0    0.0    0.3
C0G650 2000061814  -9997   31.0  -9997    0.7  310.0    0.0    0.0
C0G650 2000061815  -9997   30.6  -9997    0.6  280.0    0.0    0.0
C0G650 2000061816  -9997   29.3  -9997    1.0  300.0    0.0    0.0
C0G650 2000061817  -9997   26.4  -9997    0.5   10.0    9.0    0.0
C0G650 2000061818  -9997   26.0  -9997    0.0    0.0    2.5    0.0
C0G650 2000061819  -9997   25.4  -9997    0.0    0.0    1.5    0.0
C0G650 2000061820  -9997   25.3  -9997    0.0    0.0    1.5    0.0
C0G650 2000061821  -9997   25.2  -9997    0.0    0.0    0.0    0.0
C0G650 2000061822  -9997   25.1  -9997    0.0    0.0    0.0    0.0
C0G650 2000061823  -9997   25.4  -9997    0.0    0.0    0.0  -9997
C0G650 2000061824  -9997   25.2  -9997    0.0    0.0    0.0    0.0
C0G650 2000061901  -9997   24.8  -9997    0.0    0.0    0.0    0.0
C0G650 2000061902  -9997   24.7  -9997    0.0    0.0    0.0    0.0
C0G650 2000061903  -9997   24.4  -9997    0.0    0.0    0.0    0.0
C0G650 2000061904  -9997   24.4  -9997    0.0    0.0    0.0    0.0
C0G650 2000061905  -9997   24.7  -9997    0.0    0.0    0.0    0.0
C0G650 2000061906  -9997   24.8  -9997    0.0    0.0    0.0    0.0
C0G650 2000061907  -9997   25.8  -9997    0.0    0.0    0.0    0.0
C0G650 2000061908  -9997   28.2  -9997    0.0    0.0    0.0    0.0
C0G650 2000061909  -9997   30.4  -9997    0.1    0.0    0.0    0.0
C0G650 2000061910  -9997   30.7  -9997    0.4  260.0    0.0    0.0
C0G650 2000061911  -9997   32.5  -9997    1.8  200.0    0.0    0.9
C0G650 2000061912  -9997   33.3  -9997    2.5  230.0    0.0  -9997
C0G650 2000061913  -9997   31.7  -9997    1.8  260.0    0.0    1.1
C0G650 2000061914  -9997   31.5  -9997    3.5  250.0    0.0    0.5
C0G650 2000061915  -9997   31.3  -9997    2.0  240.0    0.0    0.5
C0G650 2000061916  -9997   27.7  -9997    0.1    0.0    0.0    0.0
C0G650 2000061917  -9997   28.1  -9997    0.3  190.0    0.0    0.0
C0G650 2000061918  -9997   27.4  -9997    0.0    0.0    0.0    0.0
C0G650 2000061919  -9997   27.1  -9997    0.0    0.0    0.0    0.0
C0G650 2000061920  -9997   26.9  -9997    0.0    0.0    0.0    0.0
C0G650 2000061921  -9997   26.2  -9997    0.0    0.0    0.0    0.0
C0G650 2000061922  -9997   25.9  -9997    0.0    0.0    0.0    0.0
C0G650 2000061923  -9997   25.2  -9997    0.0    0.0    0.0    0.0
C0G650 2000061924  -9997   25.0  -9997    0.0    0.0    0.0    0.0
C0G650 2000062001  -9997   24.8  -9997    0.0    0.0    0.0    0.0
C0G650 2000062002  -9997   24.9  -9997    0.0    0.0    0.0    0.0
C0G650 2000062003  -9997   24.5  -9997    0.0    0.0    0.0    0.0
C0G650 2000062004  -9997   24.4  -9997    0.0    0.0    0.0    0.0
C0G650 2000062005  -9997   24.4  -9997    0.0    0.0    0.0    0.0
C0G650 2000062006  -9997   25.4  -9997    0.0    0.0    0.0    0.0
C0G650 2000062007  -9997   27.5  -9997    0.1    0.0    0.0    0.7
C0G650 2000062008  -9997   30.6  -9997    1.0  200.0    0.0    1.0
C0G650 2000062009  -9997   31.1  -9997    2.5  240.0    0.0    1.0
C0G650 2000062010  -9997   32.1  -9997    1.7  230.0    0.0    1.0
C0G650 2000062011  -9997   32.2  -9997    2.5  230.0    0.0    1.0
C0G650 2000062012  -9997   32.8  -9997    2.3  230.0    0.0    0.8
C0G650 2000062013  -9997   34.0  -9997    2.2  230.0    0.0    0.8
C0G650 2000062014  -9997   33.4  -9997    3.1  260.0    0.0    1.0
C0G650 2000062015  -9997   33.5  -9997    3.0  250.0    0.0    0.9
C0G650 2000062016  -9997   30.3  -9997    1.6  230.0    0.0    0.0
C0G650 2000062017  -9997   27.7  -9997    0.8  180.0    0.5    0.0
C0G650 2000062018  -9997   26.6  -9997    0.0    0.0    1.5    0.0
C0G650 2000062019  -9997   26.4  -9997    0.0    0.0    0.5    0.0
C0G650 2000062020  -9997   26.0  -9997    0.0    0.0    0.0    0.0
C0G650 2000062021  -9997   25.5  -9997    0.0    0.0    0.0    0.0
C0G650 2000062022  -9997   25.4  -9997    0.0    0.0    0.0    0.0
C0G650 2000062023  -9997   24.9  -9997    0.0    0.0    0.0    0.0
C0G650 2000062024  -9997   24.7  -9997    0.0    0.0    0.0    0.0
C0G650 2000062101  -9997   24.7  -9997    0.0    0.0    0.0    0.0
C0G650 2000062102  -9997   24.6  -9997    0.0    0.0    0.0    0.0
C0G650 2000062103  -9997   24.6  -9997    0.0    0.0    0.0    0.0
C0G650 2000062104  -9997   24.3  -9997    0.0    0.0    0.0    0.0
C0G650 2000062105  -9997   24.2  -9997    0.0    0.0    0.0    0.0
C0G650 2000062106  -9997   26.7  -9997    0.0    0.0    0.0    0.0
C0G650 2000062107  -9997   27.3  -9997    0.0    0.0    0.0    0.7
C0G650 2000062108  -9997   30.4  -9997    0.5  180.0    0.0    1.0
C0G650 2000062109  -9997   31.3  -9997    0.5  260.0    0.0    1.0
C0G650 2000062110  -9997   32.2  -9997    0.6  240.0    0.0    1.0
C0G650 2000062111  -9997   32.6  -9997    1.4  230.0    0.0    0.6
C0G650 2000062112  -9997   33.1  -9997    1.9  240.0    0.0    0.5
C0G650 2000062113  -9997   33.8  -9997    2.0  260.0    0.0    0.6
C0G650 2000062114  -9997   32.4  -9997    2.0  250.0    0.0    0.2
C0G650 2000062115  -9997   31.8  -9997    1.8  270.0    0.0    0.1
C0G650 2000062116  -9997   32.2  -9997    2.4  270.0    0.0    0.5
C0G650 2000062117  -9997   31.4  -9997    1.5  260.0    0.0    0.0
C0G650 2000062118  -9997   30.1  -9997    1.4  240.0    0.0    0.0
C0G650 2000062119  -9997   28.9  -9997    0.6  260.0    0.0    0.0
C0G650 2000062120  -9997   27.6  -9997    0.0    0.0    0.0    0.0
C0G650 2000062121  -9997   26.8  -9997    0.0    0.0    0.0    0.0
C0G650 2000062122  -9997   26.3  -9997    0.0    0.0    0.0    0.0
C0G650 2000062123  -9997   25.8  -9997    0.0    0.0    0.0    0.0
C0G650 2000062124  -9997   25.1  -9997    0.0    0.0    0.0    0.0
C0G650 2000062201  -9997   24.8  -9997    0.0    0.0    0.0    0.0
C0G650 2000062202  -9997   24.5  -9997    0.0    0.0    0.0    0.0
C0G650 2000062203  -9997   24.3  -9997    0.0    0.0    0.0    0.0
C0G650 2000062204  -9997   24.4  -9997    0.0    0.0    0.0    0.0
C0G650 2000062205  -9997   24.3  -9997    0.0    0.0    0.0    0.0
C0G650 2000062206  -9997   26.0  -9997    0.0    0.0    0.0    0.0
C0G650 2000062207  -9997   27.4  -9997    0.7  190.0    0.0    0.7
C0G650 2000062208  -9997   29.6  -9997    1.9  180.0    0.0    0.9
C0G650 2000062209  -9997   30.4  -9997    2.0  220.0    0.0    1.0
C0G650 2000062210  -9997   31.6  -9997    2.2  200.0    0.0    1.0
C0G650 2000062211  -9997   33.3  -9997    1.7  210.0    0.0    0.9
C0G650 2000062212  -9997   32.9  -9997    1.6  270.0    0.0    0.7
C0G650 2000062213  -9997   32.8  -9997    1.7  270.0    0.0    0.5
C0G650 2000062214  -9997   33.3  -9997    1.8  250.0    0.0    0.7
C0G650 2000062215  -9997   33.3  -9997    1.9  260.0    0.0    0.9
C0G650 2000062216  -9997   32.2  -9997    1.8  260.0    0.0    0.2
C0G650 2000062217  -9997  -9997  -9997  -9997  -9997    0.0    0.0
C0G650 2000062218  -9997   30.6  -9997    1.3  260.0    0.0    0.0
C0G650 2000062219  -9997   29.2  -9997    1.4  260.0    0.0    0.0
C0G650 2000062220  -9997   28.4  -9997    1.8  260.0    0.0    0.0
C0G650 2000062221  -9997   27.2  -9997    0.0    0.0    0.0    0.0
C0G650 2000062222  -9997   26.9  -9997    0.2    0.0    0.0  -9997
C0G650 2000062223  -9997   26.5  -9997    0.0    0.0    0.0    0.0
C0G650 2000062224  -9997   26.7  -9997    0.1    0.0    0.0    0.0
C0G650 2000062301  -9997   26.3  -9997    0.1    0.0    0.0    0.0
C0G650 2000062302  -9997   25.9  -9997    0.0    0.0    0.0    0.0
C0G650 2000062303  -9997   25.5  -9997    0.0    0.0    0.0    0.0
C0G650 2000062304  -9997   25.3  -9997    0.0    0.0    0.0    0.0
C0G650 2000062305  -9997   25.2  -9997    0.0    0.0    0.0    0.0
C0G650 2000062306  -9997   26.2  -9997    0.2    0.0    0.0    0.0
C0G650 2000062307  -9997   27.8  -9997    0.8  190.0    0.0    0.6
C0G650 2000062308  -9997   29.6  -9997    1.6  220.0    0.0    1.0
C0G650 2000062309  -9997   30.7  -9997    2.3  200.0    0.0  -9997
C0G650 2000062310  -9997   31.4  -9997    2.2  240.0    0.0    1.7
C0G650 2000062311  -9997   32.7  -9997    2.2  220.0    0.0    0.9
C0G650 2000062312  -9997   33.6  -9997    2.2  220.0    0.0    0.6
C0G650 2000062313  -9997   33.8  -9997    2.3  260.0    0.0    0.7
C0G650 2000062314  -9997   33.5  -9997    2.2  260.0    0.0    0.8
C0G650 2000062315  -9997   33.2  -9997    2.1  250.0    0.0    0.7
C0G650 2000062316  -9997   32.9  -9997    1.6  270.0    0.0    0.0
C0G650 2000062317  -9997   31.8  -9997    1.7  260.0    0.0    0.0
C0G650 2000062318  -9997   30.5  -9997    1.0  270.0    0.0    0.0
C0G650 2000062319  -9997   29.0  -9997    0.0    0.0    0.0    0.0
C0G650 2000062320  -9997   28.1  -9997    0.1    0.0    0.0    0.0
C0G650 2000062321  -9997   27.1  -9997    0.0    0.0    0.0    0.0
C0G650 2000062322  -9997   26.3  -9997    0.0    0.0    0.0    0.0
C0G650 2000062323  -9997   25.9  -9997    0.0    0.0    0.0    0.0
C0G650 2000062324  -9997   25.6  -9997    0.0    0.0    0.0    0.0
C0G650 2000062401  -9997   24.9  -9997    0.0    0.0    0.0    0.0
C0G650 2000062402  -9997   24.7  -9997    0.0    0.0    0.0    0.0
C0G650 2000062403  -9997   24.6  -9997    0.0    0.0    0.0    0.0
C0G650 2000062404  -9997   24.4  -9997    0.0    0.0    0.0    0.0
C0G650 2000062405  -9997   24.2  -9997  -9997    0.0    0.0    0.0
C0G650 2000062406  -9997   25.2  -9997    0.0    0.0    0.0    0.0
C0G650 2000062407  -9997   27.7  -9997    0.0  -9997    0.0    0.7
C0G650 2000062408  -9997   29.7  -9997    0.6  240.0    0.0    1.0
C0G650 2000062409  -9997   31.0  -9997    1.2  250.0    0.0    1.0
C0G650 2000062410  -9997   32.8  -9997    0.7  260.0    0.0    1.0
C0G650 2000062411  -9997   33.7  -9997    1.7  270.0    0.0    1.0
C0G650 2000062412  -9997   33.1  -9997    1.9  270.0    0.0    0.5
C0G650 2000062413  -9997   33.4  -9997    2.8  250.0    0.0    0.5
C0G650 2000062414  -9997   33.4  -9997    1.5  260.0    0.0    0.8
C0G650 2000062415  -9997   32.8  -9997    2.5  270.0    0.0    0.4
C0G650 2000062416  -9997   31.6  -9997    0.6  270.0    0.0    0.0
C0G650 2000062417  -9997   30.7  -9997    0.2    0.0    0.0    0.0
C0G650 2000062418  -9997   30.3  -9997    0.0    0.0    0.0    0.0
C0G650 2000062419  -9997   28.8  -9997    0.4  270.0    0.0    0.0
C0G650 2000062420  -9997   28.3  -9997    0.0    0.0    0.0    0.0
C0G650 2000062421  -9997   27.4  -9997    0.0    0.0    0.0    0.0
C0G650 2000062422  -9997   26.9  -9997    0.0    0.0    0.0    0.0
C0G650 2000062423  -9997   26.4  -9997    0.0    0.0    0.0    0.0
C0G650 2000062424  -9997   26.2  -9997    0.0    0.0    0.0    0.0
C0G650 2000062501  -9997   25.6  -9997    0.0    0.0    0.0    0.0
C0G650 2000062502  -9997   25.3  -9997    0.0    0.0    0.0    0.0
C0G650 2000062503  -9997   25.0  -9997    0.0    0.0    0.0    0.0
C0G650 2000062504  -9997   24.9  -9997    0.0    0.0    0.0    0.0
C0G650 2000062505  -9997   24.5  -9997    0.0    0.0    0.0    0.0
C0G650 2000062506  -9997   25.7  -9997    0.0    0.0    0.0    0.0
C0G650 2000062507  -9997   27.7  -9997    0.0    0.0    0.0    0.7
C0G650 2000062508  -9997   29.7  -9997    0.6  240.0    0.0    1.0
C0G650 2000062509  -9997   31.2  -9997    0.5  250.0    0.0    1.0
C0G650 2000062510  -9997   32.8  -9997    0.4  220.0    0.0    1.0
C0G650 2000062511  -9997   32.9  -9997    0.4  270.0    0.0    0.5
C0G650 2000062512  -9997   32.5  -9997    0.3  290.0    0.0    0.2
C0G650 2000062513  -9997   33.1  -9997    1.3  270.0    0.0    0.1
C0G650 2000062514  -9997   32.9  -9997    1.1  270.0    0.0    0.0
C0G650 2000062515  -9997   31.2  -9997    1.8  260.0    0.0    0.0
C0G650 2000062516  -9997   28.6  -9997    0.7  240.0    0.0    0.0
C0G650 2000062517  -9997   25.5  -9997    0.4  140.0    7.5    0.0
C0G650 2000062518  -9997  -9997  -9997  -9997  -9997   13.0  -9997
C0G650 2000062519  -9997   24.9  -9997    0.0    0.0    1.0    0.0
C0G650 2000062520  -9997   24.7  -9997    0.0    0.0    0.0    0.0
C0G650 2000062521  -9997   24.8  -9997    0.0    0.0    0.0    0.0
C0G650 2000062522  -9997   24.4  -9997    0.0    0.0    0.0    0.0
C0G650 2000062523  -9997   24.1  -9997    0.0    0.0    0.0    0.0
C0G650 2000062524  -9997   24.1  -9997    0.0    0.0  -9996    0.0
C0G650 2000062601  -9997   23.9  -9997    0.0    0.0    0.0    0.0
C0G650 2000062602  -9997   24.0  -9997    0.0    0.0    0.0    0.0
C0G650 2000062603  -9997   24.0  -9997    0.0    0.0    0.0    0.0
C0G650 2000062604  -9997   24.0  -9997    0.0    0.0    0.0    0.0
C0G650 2000062605  -9997   23.7  -9997    0.0    0.0    0.0    0.0
C0G650 2000062606  -9997   25.0  -9997    0.0    0.0    0.0    0.0
C0G650 2000062607  -9997   26.9  -9997    0.0    0.0    0.0    0.8
C0G650 2000062608  -9997   30.6  -9997    0.0    0.0    0.0    1.0
C0G650 2000062609  -9997   31.4  -9997    0.1    0.0    0.0    1.0
C0G650 2000062610  -9997   32.1  -9997    0.9  250.0    0.0    1.0
C0G650 2000062611  -9997  -9997  -9997  -9997  -9997    0.0  -9997
C0G650 2000062612  -9997   32.7  -9997    1.5  260.0    0.0    1.2
C0G650 2000062613  -9997   33.4  -9997    0.3  320.0    0.0    0.5
C0G650 2000062614  -9997   33.2  -9997    0.6  280.0    0.0    0.1
C0G650 2000062615  -9997   32.1  -9997    1.1  290.0    0.0    0.1
C0G650 2000062616  -9997   32.4  -9997    1.4  280.0    0.0    0.0
C0G650 2000062617  -9997   31.9  -9997    0.8  280.0    0.0    0.0
C0G650 2000062618  -9997   30.7  -9997    1.3  240.0    0.0    0.0
C0G650 2000062619  -9997  -9997  -9997    0.0    0.0    0.0    0.0
C0G650 2000062620  -9997   28.0  -9997    0.0    0.0    0.0    0.0
C0G650 2000062621  -9997   27.6  -9997    0.0    0.0    0.0    0.0
C0G650 2000062622  -9997   27.5  -9997    0.0    0.0    0.0    0.0
C0G650 2000062623  -9997   27.7  -9997    0.0    0.0    0.0    0.0
C0G650 2000062624  -9997   27.7  -9997    0.0    0.0    0.0    0.0
C0G650 2000062701  -9997   27.2  -9997    0.0    0.0    0.0    0.0
C0G650 2000062702  -9997   26.6  -9997    0.0    0.0    0.0    0.0
C0G650 2000062703  -9997   25.9  -9997    0.0    0.0    0.0    0.0
C0G650 2000062704  -9997   25.4  -9997    0.0    0.0    0.0    0.0
C0G650 2000062705  -9997   24.9  -9997    0.0    0.0    0.0    0.0
C0G650 2000062706  -9997   25.9  -9997    0.0    0.0    0.0    0.0
C0G650 2000062707  -9997   28.6  -9997    0.0    0.0    0.0    0.7
C0G650 2000062708  -9997   31.0  -9997    0.8  200.0    0.0    1.0
C0G650 2000062709  -9997   32.1  -9997    0.8  220.0    0.0    1.0
C0G650 2000062710  -9997   32.8  -9997    1.3  220.0    0.0    1.0
C0G650 2000062711  -9997   33.8  -9997    1.6  190.0    0.0    1.0
C0G650 2000062712  -9997   34.2  -9997    1.6  250.0    0.0    0.9
C0G650 2000062713  -9997   33.2  -9997    0.8  280.0    0.0    0.6
C0G650 2000062714  -9997   33.2  -9997    0.8  280.0    1.0    0.0
C0G650 2000062715  -9997   33.7  -9997    0.7  270.0    0.0    0.8
C0G650 2000062716  -9997   32.6  -9997    0.4  330.0    0.0    0.3
C0G650 2000062717  -9997   31.7  -9997    1.5  260.0    0.0    0.0
C0G650 2000062718  -9997   30.4  -9997    0.8  260.0    0.0    0.0
C0G650 2000062719  -9997   29.3  -9997    0.1    0.0    0.0    0.0
C0G650 2000062720  -9997   28.7  -9997    0.4  270.0    0.0    0.0
C0G650 2000062721  -9997   27.9  -9997    0.0    0.0    0.0    0.0
C0G650 2000062722  -9997   27.1  -9997    0.0    0.0    0.0    0.0
C0G650 2000062723  -9997   26.6  -9997    0.0    0.0    0.0    0.0
C0G650 2000062724  -9997   26.3  -9997    0.0    0.0    0.0  -9997
C0G650 2000062801  -9997   25.9  -9997    0.0    0.0    0.0    0.0
C0G650 2000062802  -9997   25.6  -9997    0.0    0.0    0.0    0.0
C0G650 2000062803  -9997   25.5  -9997    0.0    0.0    0.0    0.0
C0G650 2000062804  -9997   25.0  -9997    0.0    0.0    0.0    0.0
C0G650 2000062805  -9997   24.8  -9997    0.0    0.0    0.0    0.0
C0G650 2000062806  -9997   25.5  -9997    0.0    0.0    0.0    0.0
C0G650 2000062807  -9997   27.4  -9997    0.7  190.0    0.0    0.0
C0G650 2000062808  -9997   29.9  -9997    1.1  170.0    0.0    0.6
C0G650 2000062809  -9997   30.3  -9997    0.4  220.0    0.0    0.6
C0G650 2000062810  -9997   31.6  -9997    0.6  200.0    0.0    0.2
C0G650 2000062811  -9997   33.4  -9997    0.6  240.0    0.0    0.2
C0G650 2000062812  -9997   33.9  -9997    0.5  260.0    0.0    0.1
C0G650 2000062813  -9997   34.5  -9997    0.7  250.0    0.0    0.0
C0G650 2000062814  -9997   33.5  -9997    1.3  290.0    0.0    0.0
C0G650 2000062815  -9997   32.3  -9997    0.6  320.0    0.0    0.0
C0G650 2000062816  -9997   32.4  -9997    1.0  270.0    0.0    0.0
C0G650 2000062817  -9997   31.9  -9997    0.7  270.0    0.0    0.0
C0G650 2000062818  -9997   30.9  -9997    0.1    0.0    0.0    0.0
C0G650 2000062819  -9997   29.6  -9997    0.0    0.0    0.0    0.0
C0G650 2000062820  -9997  -9997  -9997    0.0    0.0    0.0    0.0
C0G650 2000062821  -9997   28.3  -9997    0.0    0.0    0.0    0.0
C0G650 2000062822  -9997   27.8  -9997    0.0    0.0    0.0    0.0
C0G650 2000062823  -9997   27.4  -9997    0.6  190.0    0.0    0.0
C0G650 2000062824  -9997   27.1  -9997    0.0    0.0    0.0    0.0
C0G650 2000062901  -9997   26.4  -9997    0.0    0.0    0.0    0.0
C0G650 2000062902  -9997   26.1  -9997    0.0  -9997    0.0    0.0
C0G650 2000062903  -9997   26.0  -9997    0.0    0.0    0.0    0.0
C0G650 2000062904  -9997   26.1  -9997    0.0    0.0    0.0    0.0
C0G650 2000062905  -9997   25.7  -9997    0.0    0.0    0.0  -9997
C0G650 2000062906  -9997   26.8  -9997    0.0    0.0    0.0    0.0
C0G650 2000062907  -9997   28.4  -9997    1.7  190.0    0.0    0.7
C0G650 2000062908  -9997   31.0  -9997    0.7  180.0    0.0    1.0
C0G650 2000062909  -9997   31.9  -9997    1.6  210.0    0.0    1.0
C0G650 2000062910  -9997   33.3  -9997    1.0  250.0    0.0    0.9
C0G650 2000062911  -9997   34.0  -9997    1.1  270.0    0.0    0.8
C0G650 2000062912  -9997   34.6  -9997    1.4  220.0    0.0    0.8
C0G650 2000062913  -9997   34.6  -9997    1.5  270.0    0.0    0.5
C0G650 2000062914  -9997   34.0  -9997    1.2  310.0    0.0    0.3
C0G650 2000062915  -9997   33.5  -9997    1.8  280.0    0.0    0.1
C0G650 2000062916  -9997   32.7  -9997    1.6  270.0    0.0    0.0
C0G650 2000062917  -9997   31.1  -9997    0.5  270.0    0.0    0.0
C0G650 2000062918  -9997   30.8  -9997    0.0    0.0    0.0    0.0
C0G650 2000062919  -9997   29.9  -9997    0.0    0.0    0.0    0.0
C0G650 2000062920  -9997   29.2  -9997    0.8  260.0    0.0    0.0
C0G650 2000062921  -9997   28.3  -9997    0.3  240.0    0.0    0.0
C0G650 2000062922  -9997   27.0  -9997    0.0    0.0    0.0    0.0
C0G650 2000062923  -9997   26.5  -9997    0.1    0.0    0.0    0.0
C0G650 2000062924  -9997   26.9  -9997    0.0    0.0    0.0    0.0
C0G650 2000063001  -9997   27.4  -9997    0.2    0.0    0.0    0.0
C0G650 2000063002  -9997   27.5  -9997    0.0    0.0    0.0    0.0
C0G650 2000063003  -9997   27.7  -9997    0.0    0.0    0.0    0.0
C0G650 2000063004  -9997   27.4  -9997    0.0    0.0    0.0    0.0
C0G650 2000063005  -9997   27.2  -9997    0.0    0.0    0.0    0.0
C0G650 2000063006  -9997   27.3  -9997    0.0    0.0    0.0    0.0
C0G650 2000063007  -9997   29.5  -9997    1.2  190.0    0.0    0.3
C0G650 2000063008  -9997   31.2  -9997    1.8  190.0    0.0    0.9
C0G650 2000063009  -9997   32.1  -9997  -9997  240.0    0.0    1.0
C0G650 2000063010  -9997   33.5  -9997    1.1  230.0    0.0    1.0
C0G650 2000063011  -9997   34.9  -9997    1.5  240.0    0.0    1.0
C0G650 2000063012  -9997   34.0  -9997    0.3  280.0    0.0    0.8
C0G650 2000063013  -9997   33.9  -9997    1.6  270.0    0.0    0.4
C0G650 2000063014  -9997   33.6  -9997    1.0  290.0    0.0    0.4
C0G650 2000063015  -9997   33.5  -9997    1.9  260.0    0.0    0.6
C0G650 2000063016  -9997   33.4  -9997    1.6  260.0    0.0    0.0
C0G650 2000063017  -9997   32.8  -9997    0.9  260.0    0.0    0.0
C0G650 2000063018  -9997   31.7  -9997    0.8  250.0    0.0    0.0
C0G650 2000063019  -9997   30.2  -9997    0.1    0.0    0.0    0.0
C0G650 2000063020  -9997   29.5  -9997    0.0    0.0    0.0    0.0
C0G650 2000063021  -9997   29.2  -9997    0.0    0.0    0.0    0.0
C0G650 2000063022  -9997   28.7  -9997    0.0    0.0    0.0    0.0
C0G650 2000063023  -9997   28.3  -9997    0.0    0.0    0.0    0.0
C0G650 2000063024  -9997   27.2  -9997    0.0    0.0    0.0    0.0
C0G660 2000060101  -9999  -9999  -9999  -9999  -9999    0.0  -9999
C0G660 2000060102  -9999  -9999  -9999  -9999  -9999    0.0  -9999
C0G660 2000060103  -9999  -9999  -9999  -9999  -9999    0.0  -9999
C0G660 2000060104  -9999  -9999  -9999  -9999  -9999    0.0  -9999
C0G660 2000060105  -9999  -9999  -9999  -9999  -9999    0.0  -9999
C0G660 2000060106  -9999  -9999  -9999  -9999  -9999    0.0  -9999
C0G660 2000060107  -9999  -9999  -9999  -9999  -9999    0.0  -9999
C0G660 2000060108  -9999  -9999  -9999  -9999  -9999    0.0  -9999
C0G660 2000060109  -9999  -9999  -9999  -9999  -9999    0.0  -9999
C0G660 2000060110  -9999  -9999  -9999  -9999  -9999    0.0  -9999
C0G660 2000060111  -9999  -9999  -9999  -9999  -9999    0.0  -9999
C0G660 2000060112  -9999  -9999  -9999  -9999  -9999    0.0  -9999
C0G660 2000060113  -9999  -9999  -9999  -9999  -9999    0.0  -9999
C0G660 2000060114  -9999  -9999  -9999  -9999  -9999    0.0  -9999
C0G660 2000060115  -9999  -9999  -9999  -9999  -9999    0.0  -9999
C0G660 2000060116  -9999  -9999  -9999  -9999  -9999    0.0  -9999
C0G660 2000060117  -9999  -9999  -9999  -9999  -9999    0.0  -9999
C0G660 2000060118  -9999  -9999  -9999  -9999  -9999    0.0  -9999
C0G660 2000060119  -9999  -9999  -9999  -9999  -9999    0.0  -9999
C0G660 2000060120  -9999  -9999  -9999  -9999  -9999    0.0  -9999
C0G660 2000060121  -9999  -9999  -9999  -9999  -9999    0.0  -9999
C0G660 2000060122  -9999  -9999  -9999  -9999  -9999    0.0  -9999
C0G660 2000060123  -9999  -9999  -9999  -9999  -9999    0.0  -9999
C0G660 2000060124  -9999  -9999  -9999  -9999  -9999    0.0  -9999
C0G660 2000060201  -9999  -9999  -9999  -9999  -9999    0.0  -9999
C0G660 2000060202  -9999  -9999  -9999  -9999  -9999    0.0  -9999
C0G660 2000060203  -9999  -9999  -9999  -9999  -9999    0.0  -9999
C0G660 2000060204  -9999  -9999  -9999  -9999  -9999    0.0  -9999
C0G660 2000060205  -9999  -9999  -9999  -9999  -9999    0.0  -9999
C0G660 2000060206  -9999  -9999  -9999  -9999  -9999    0.0  -9999
C0G660 2000060207  -9999  -9999  -9999  -9999  -9999    0.0  -9999
C0G660 2000060208  -9999  -9999  -9999  -9999  -9999    0.0  -9999
C0G660 2000060209  -9999  -9999  -9999  -9999  -9999    0.0  -9999
C0G660 2000060210  -9999  -9999  -9999  -9999  -9999    0.0  -9999
C0G660 2000060211  -9999  -9999  -9999  -9999  -9999    0.0  -9999
C0G660 2000060212  -9999  -9999  -9999  -9999  -9999    0.0  -9999
C0G660 2000060213  -9999  -9999  -9999  -9999  -9999    0.0  -9999
C0G660 2000060214  -9999  -9999  -9999  -9999  -9999    0.0  -9999
C0G660 2000060215  -9999  -9999  -9999  -9999  -9999    0.0  -9999
C0G660 2000060216  -9999  -9999  -9999  -9999  -9999    0.0  -9999
C0G660 2000060217  -9999  -9999  -9999  -9999  -9999    0.0  -9999
C0G660 2000060218  -9999  -9999  -9999  -9999  -9999    0.0  -9999
C0G660 2000060219  -9999  -9999  -9999  -9999  -9999    0.0  -9999
C0G660 2000060220  -9999  -9999  -9999  -9999  -9999    0.0  -9999
C0G660 2000060221  -9999  -9999  -9999  -9999  -9999    0.0  -9999
C0G660 2000060222  -9999  -9999  -9999  -9999  -9999    0.0  -9999
C0G660 2000060223  -9999  -9999  -9999  -9999  -9999    0.0  -9999
C0G660 2000060224  -9999  -9999  -9999  -9999  -9999    0.0  -9999
C0G660 2000060301  -9999  -9999  -9999  -9999  -9999    0.0  -9999
C0G660 2000060302  -9999  -9999  -9999  -9999  -9999    0.0  -9999
C0G660 2000060303  -9999  -9999  -9999  -9999  -9999    0.0  -9999
C0G660 2000060304  -9999  -9999  -9999  -9999  -9999    0.0  -9999
C0G660 2000060305  -9999  -9999  -9999  -9999  -9999    0.0  -9999
C0G660 2000060306  -9999  -9999  -9999  -9999  -9999    0.0  -9999
C0G660 2000060307  -9999  -9999  -9999  -9999  -9999    0.0  -9999
C0G660 2000060308  -9999  -9999  -9999  -9999  -9999    0.0  -9999
C0G660 2000060309  -9999  -9999  -9999  -9999  -9999    0.0  -9999
C0G660 2000060310  -9999  -9999  -9999  -9999  -9999    0.0  -9999
C0G660 2000060311  -9999  -9999  -9999  -9999  -9999    0.0  -9999
C0G660 2000060312  -9999  -9999  -9999  -9999  -9999    0.0  -9999
C0G660 2000060313  -9999  -9999  -9999  -9999  -9999    0.0  -9999
C0G660 2000060314  -9999  -9999  -9999  -9999  -9999    0.0  -9999
C0G660 2000060315  -9999  -9999  -9999  -9999  -9999    0.0  -9999
C0G660 2000060316  -9999  -9999  -9999  -9999  -9999    0.0  -9999
C0G660 2000060317  -9999  -9999  -9999  -9999  -9999    0.0  -9999
C0G660 2000060318  -9999  -9999  -9999  -9999  -9999    0.0  -9999
C0G660 2000060319  -9999  -9999  -9999  -9999  -9999    0.0  -9999
C0G660 2000060320  -9999  -9999  -9999  -9999  -9999    0.0  -9999
C0G660 2000060321  -9999  -9999  -9999  -9999  -9999    0.0  -9999
C0G660 2000060322  -9999  -9999  -9999  -9999  -9999    0.0  -9999
C0G660 2000060323  -9999  -9999  -9999  -9999  -9999    0.0  -9999
C0G660 2000060324  -9999  -9999  -9999  -9999  -9999    0.0  -9999
C0G660 2000060401  -9999  -9999  -9999  -9999  -9999    0.0  -9999
C0G660 2000060402  -9999  -9999  -9999  -9999  -9999    0.0  -9999
C0G660 2000060403  -9999  -9999  -9999  -9999  -9999    0.0  -9999
C0G660 2000060404  -9999  -9999  -9999  -9999  -9999    0.0  -9999
C0G660 2000060405  -9999  -9999  -9999  -9999  -9999    0.0  -9999
C0G660 2000060406  -9999  -9999  -9999  -9999  -9999    0.0  -9999
C0G660 2000060407  -9999  -9999  -9999  -9999  -9999    0.0  -9999
C0G660 2000060408  -9999  -9999  -9999  -9999  -9999    0.0  -9999
C0G660 2000060409  -9999  -9999  -9999  -9999  -9999    0.0  -9999
C0G660 2000060410  -9999  -9999  -9999  -9999  -9999    0.0  -9999
C0G660 2000060411  -9999  -9999  -9999  -9999  -9999    0.0  -9999
C0G660 2000060412  -9999  -9999  -9999  -9999  -9999    0.0  -9999
C0G660 2000060413  -9999  -9999  -9999  -9999  -9999    0.0  -9999
C0G660 2000060414  -9999  -9999  -9999  -9999  -9999    0.0  -9999
C0G660 2000060415  -9999  -9999  -9999  -9999  -9999    0.0  -9999
C0G660 2000060416  -9999  -9999  -9999  -9999  -9999    0.0  -9999
C0G660 2000060417  -9999  -9999  -9999  -9999  -9999    0.0  -9999
C0G660 2000060418  -9999  -9999  -9999  -9999  -9999    0.0  -9999
C0G660 2000060419  -9999  -9999  -9999  -9999  -9999    0.0  -9999
C0G660 2000060420  -9999  -9999  -9999  -9999  -9999    0.0  -9999
C0G660 2000060421  -9999  -9999  -9999  -9999  -9999    0.0  -9999
C0G660 2000060422  -9999  -9999  -9999  -9999  -9999    0.0  -9999
C0G660 2000060423  -9999  -9999  -9999  -9999  -9999    0.0  -9999
C0G660 2000060424  -9999  -9999  -9999  -9999  -9999    0.0  -9999
C0G660 2000060501  -9999  -9999  -9999  -9999  -9999    0.0  -9999
C0G660 2000060502  -9999  -9999  -9999  -9999  -9999    0.0  -9999
C0G660 2000060503  -9999  -9999  -9999  -9999  -9999    0.0  -9999
C0G660 2000060504  -9999  -9999  -9999  -9999  -9999    0.0  -9999
C0G660 2000060505  -9999  -9999  -9999  -9999  -9999    0.0  -9999
C0G660 2000060506  -9999  -9999  -9999  -9999  -9999    0.0  -9999
C0G660 2000060507  -9999  -9999  -9999  -9999  -9999    0.0  -9999
C0G660 2000060508  -9999  -9999  -9999  -9999  -9999    0.0  -9999
C0G660 2000060509  -9999  -9999  -9999  -9999  -9999    0.0  -9999
C0G660 2000060510  -9999  -9999  -9999  -9999  -9999    0.0  -9999
C0G660 2000060511  -9999  -9999  -9999  -9999  -9999    0.0  -9999
C0G660 2000060512  -9999  -9999  -9999  -9999  -9999    0.0  -9999
C0G660 2000060513  -9999  -9999  -9999  -9999  -9999    0.0  -9999
C0G660 2000060514  -9999  -9999  -9999  -9999  -9999    0.0  -9999
C0G660 2000060515  -9999  -9999  -9999  -9999  -9999    0.0  -9999
C0G660 2000060516  -9999  -9999  -9999  -9999  -9999    0.0  -9999
C0G660 2000060517  -9999  -9999  -9999  -9999  -9999    0.0  -9999
C0G660 2000060518  -9999  -9999  -9999  -9999  -9999    0.0  -9999
C0G660 2000060519  -9999  -9999  -9999  -9999  -9999    0.0  -9999
C0G660 2000060520  -9999  -9999  -9999  -9999  -9999    0.0  -9999
C0G660 2000060521  -9999  -9999  -9999  -9999  -9999    0.0  -9999
C0G660 2000060522  -9999  -9999  -9999  -9999  -9999    0.0  -9999
C0G660 2000060523  -9999  -9999  -9999  -9999  -9999    0.0  -9999
C0G660 2000060524  -9999  -9999  -9999  -9999  -9999    0.0  -9999
C0G660 2000060601  -9999  -9999  -9999  -9999  -9999    0.0  -9999
C0G660 2000060602  -9999  -9999  -9999  -9999  -9999    0.0  -9999
C0G660 2000060603  -9999  -9999  -9999  -9999  -9999    0.0  -9999
C0G660 2000060604  -9999  -9999  -9999  -9999  -9999    0.0  -9999
C0G660 2000060605  -9999  -9999  -9999  -9999  -9999    0.0  -9999
C0G660 2000060606  -9999  -9999  -9999  -9999  -9999    0.0  -9999
C0G660 2000060607  -9999  -9999  -9999  -9999  -9999   22.5  -9999
C0G660 2000060608  -9999  -9999  -9999  -9999  -9999    0.5  -9999
C0G660 2000060609  -9999  -9999  -9999  -9999  -9999    0.0  -9999
C0G660 2000060610  -9999  -9999  -9999  -9999  -9999    6.0  -9999
C0G660 2000060611  -9999  -9999  -9999  -9999  -9999    0.0  -9999
C0G660 2000060612  -9999  -9999  -9999  -9999  -9999    0.0  -9999
C0G660 2000060613  -9999  -9999  -9999  -9999  -9999    0.0  -9999
C0G660 2000060614  -9999  -9999  -9999  -9999  -9999    0.0  -9999
C0G660 2000060615  -9999  -9999  -9999  -9999  -9999    0.0  -9999
C0G660 2000060616  -9999  -9999  -9999  -9999  -9999    0.0  -9999
C0G660 2000060617  -9999  -9999  -9999  -9999  -9999    0.0  -9999
C0G660 2000060618  -9999  -9999  -9999  -9999  -9999    0.5  -9999
C0G660 2000060619  -9999  -9999  -9999  -9999  -9999    0.0  -9999
C0G660 2000060620  -9999  -9999  -9999  -9999  -9999    0.0  -9999
C0G660 2000060621  -9999  -9999  -9999  -9999  -9999    0.0  -9999
C0G660 2000060622  -9999  -9999  -9999  -9999  -9999    0.0  -9999
C0G660 2000060623  -9999  -9999  -9999  -9999  -9999    0.0  -9999
C0G660 2000060624  -9999  -9999  -9999  -9999  -9999    0.0  -9999
C0G660 2000060701  -9999  -9999  -9999  -9999  -9999    0.0  -9999
C0G660 2000060702  -9999  -9999  -9999  -9999  -9999    0.0  -9999
C0G660 2000060703  -9999  -9999  -9999  -9999  -9999    0.0  -9999
C0G660 2000060704  -9999  -9999  -9999  -9999  -9999    0.0  -9999
C0G660 2000060705  -9999  -9999  -9999  -9999  -9999    0.0  -9999
C0G660 2000060706  -9999  -9999  -9999  -9999  -9999    0.0  -9999
C0G660 2000060707  -9999  -9999  -9999  -9999  -9999    0.0  -9999
C0G660 2000060708  -9999  -9999  -9999  -9999  -9999    0.0  -9999
C0G660 2000060709  -9999  -9999  -9999  -9999  -9999    0.0  -9999
C0G660 2000060710  -9999  -9999  -9999  -9999  -9999    0.5  -9999
C0G660 2000060711  -9999  -9999  -9999  -9999  -9999    3.5  -9999
C0G660 2000060712  -9999  -9999  -9999  -9999  -9999    0.5  -9999
C0G660 2000060713  -9999  -9999  -9999  -9999  -9999    0.0  -9999
C0G660 2000060714  -9999  -9999  -9999  -9999  -9999    0.0  -9999
C0G660 2000060715  -9999  -9999  -9999  -9999  -9999    0.0  -9999
C0G660 2000060716  -9999  -9999  -9999  -9999  -9999    0.0  -9999
C0G660 2000060717  -9999  -9999  -9999  -9999  -9999    0.0  -9999
C0G660 2000060718  -9999  -9999  -9999  -9999  -9999    0.0  -9999
C0G660 2000060719  -9999  -9999  -9999  -9999  -9999    0.0  -9999
C0G660 2000060720  -9999  -9999  -9999  -9999  -9999    0.0  -9999
C0G660 2000060721  -9999  -9999  -9999  -9999  -9999    0.0  -9999
C0G660 2000060722  -9999  -9999  -9999  -9999  -9999    0.0  -9999
C0G660 2000060723  -9999  -9999  -9999  -9999  -9999    0.0  -9999
C0G660 2000060724  -9999  -9999  -9999  -9999  -9999    0.0  -9999
C0G660 2000060801  -9999  -9999  -9999  -9999  -9999    0.0  -9999
C0G660 2000060802  -9999  -9999  -9999  -9999  -9999    0.0  -9999
C0G660 2000060803  -9999  -9999  -9999  -9999  -9999    0.0  -9999
C0G660 2000060804  -9999  -9999  -9999  -9999  -9999    0.0  -9999
C0G660 2000060805  -9999  -9999  -9999  -9999  -9999    0.0  -9999
C0G660 2000060806  -9999  -9999  -9999  -9999  -9999    0.0  -9999
C0G660 2000060807  -9999  -9999  -9999  -9999  -9999    0.0  -9999
C0G660 2000060808  -9999  -9999  -9999  -9999  -9999    0.0  -9999
C0G660 2000060809  -9999  -9999  -9999  -9999  -9999    0.0  -9999
C0G660 2000060810  -9999  -9999  -9999  -9999  -9999    0.0  -9999
C0G660 2000060811  -9999  -9999  -9999  -9999  -9999    0.0  -9999
C0G660 2000060812  -9999  -9999  -9999  -9999  -9999    0.0  -9999
C0G660 2000060813  -9999  -9999  -9999  -9999  -9999    0.0  -9999
C0G660 2000060814  -9999  -9999  -9999  -9999  -9999    0.0  -9999
C0G660 2000060815  -9999  -9999  -9999  -9999  -9999    0.0  -9999
C0G660 2000060816  -9999  -9999  -9999  -9999  -9999    0.0  -9999
C0G660 2000060817  -9999  -9999  -9999  -9999  -9999    0.0  -9999
C0G660 2000060818  -9999  -9999  -9999  -9999  -9999    0.0  -9999
C0G660 2000060819  -9999  -9999  -9999  -9999  -9999    0.0  -9999
C0G660 2000060820  -9999  -9999  -9999  -9999  -9999    0.0  -9999
C0G660 2000060821  -9999  -9999  -9999  -9999  -9999    0.0  -9999
C0G660 2000060822  -9999  -9999  -9999  -9999  -9999    0.0  -9999
C0G660 2000060823  -9999  -9999  -9999  -9999  -9999    0.0  -9999
C0G660 2000060824  -9999  -9999  -9999  -9999  -9999    0.0  -9999
C0G660 2000060901  -9999  -9999  -9999  -9999  -9999    0.0  -9999
C0G660 2000060902  -9999  -9999  -9999  -9999  -9999    0.0  -9999
C0G660 2000060903  -9999  -9999  -9999  -9999  -9999    0.0  -9999
C0G660 2000060904  -9999  -9999  -9999  -9999  -9999    0.0  -9999
C0G660 2000060905  -9999  -9999  -9999  -9999  -9999    0.0  -9999
C0G660 2000060906  -9999  -9999  -9999  -9999  -9999    0.0  -9999
C0G660 2000060907  -9999  -9999  -9999  -9999  -9999    0.0  -9999
C0G660 2000060908  -9999  -9999  -9999  -9999  -9999    0.0  -9999
C0G660 2000060909  -9999  -9999  -9999  -9999  -9999    0.0  -9999
C0G660 2000060910  -9999  -9999  -9999  -9999  -9999    0.0  -9999
C0G660 2000060911  -9999  -9999  -9999  -9999  -9999    0.0  -9999
C0G660 2000060912  -9999  -9999  -9999  -9999  -9999    0.0  -9999
C0G660 2000060913  -9999  -9999  -9999  -9999  -9999    0.0  -9999
C0G660 2000060914  -9999  -9999  -9999  -9999  -9999    0.0  -9999
C0G660 2000060915  -9999  -9999  -9999  -9999  -9999    0.0  -9999
C0G660 2000060916  -9999  -9999  -9999  -9999  -9999    0.0  -9999
C0G660 2000060917  -9999  -9999  -9999  -9999  -9999    0.0  -9999
C0G660 2000060918  -9999  -9999  -9999  -9999  -9999    0.0  -9999
C0G660 2000060919  -9999  -9999  -9999  -9999  -9999    0.0  -9999
C0G660 2000060920  -9999  -9999  -9999  -9999  -9999    0.0  -9999
C0G660 2000060921  -9999  -9999  -9999  -9999  -9999    0.0  -9999
C0G660 2000060922  -9999  -9999  -9999  -9999  -9999    0.0  -9999
C0G660 2000060923  -9999  -9999  -9999  -9999  -9999    0.0  -9999
C0G660 2000060924  -9999  -9999  -9999  -9999  -9999    0.0  -9999
C0G660 2000061001  -9999  -9999  -9999  -9999  -9999    0.0  -9999
C0G660 2000061002  -9999  -9999  -9999  -9999  -9999    0.0  -9999
C0G660 2000061003  -9999  -9999  -9999  -9999  -9999    0.0  -9999
C0G660 2000061004  -9999  -9999  -9999  -9999  -9999    0.0  -9999
C0G660 2000061005  -9999  -9999  -9999  -9999  -9999    0.0  -9999
C0G660 2000061006  -9999  -9999  -9999  -9999  -9999    0.0  -9999
C0G660 2000061007  -9999  -9999  -9999  -9999  -9999    0.0  -9999
C0G660 2000061008  -9999  -9999  -9999  -9999  -9999    0.0  -9999
C0G660 2000061009  -9999  -9999  -9999  -9999  -9999    0.0  -9999
C0G660 2000061010  -9999  -9999  -9999  -9999  -9999    0.0  -9999
C0G660 2000061011  -9999  -9999  -9999  -9999  -9999    0.0  -9999
C0G660 2000061012  -9999  -9999  -9999  -9999  -9999    0.0  -9999
C0G660 2000061013  -9999  -9999  -9999  -9999  -9999    0.0  -9999
C0G660 2000061014  -9999  -9999  -9999  -9999  -9999    0.0  -9999
C0G660 2000061015  -9999  -9999  -9999  -9999  -9999    0.0  -9999
C0G660 2000061016  -9999  -9999  -9999  -9999  -9999    0.0  -9999
C0G660 2000061017  -9999  -9999  -9999  -9999  -9999    0.0  -9999
C0G660 2000061018  -9999  -9999  -9999  -9999  -9999    0.0  -9999
C0G660 2000061019  -9999  -9999  -9999  -9999  -9999    0.0  -9999
C0G660 2000061020  -9999  -9999  -9999  -9999  -9999    0.0  -9999
C0G660 2000061021  -9999  -9999  -9999  -9999  -9999    0.0  -9999
C0G660 2000061022  -9999  -9999  -9999  -9999  -9999    0.0  -9999
C0G660 2000061023  -9999  -9999  -9999  -9999  -9999    0.0  -9999
C0G660 2000061024  -9999  -9999  -9999  -9999  -9999    0.0  -9999
C0G660 2000061101  -9999  -9999  -9999  -9999  -9999    0.0  -9999
C0G660 2000061102  -9999  -9999  -9999  -9999  -9999    0.0  -9999
C0G660 2000061103  -9999  -9999  -9999  -9999  -9999    0.5  -9999
C0G660 2000061104  -9999  -9999  -9999  -9999  -9999    0.0  -9999
C0G660 2000061105  -9999  -9999  -9999  -9999  -9999    0.0  -9999
C0G660 2000061106  -9999  -9999  -9999  -9999  -9999    0.0  -9999
C0G660 2000061107  -9999  -9999  -9999  -9999  -9999    0.0  -9999
C0G660 2000061108  -9999  -9999  -9999  -9999  -9999    0.0  -9999
C0G660 2000061109  -9999  -9999  -9999  -9999  -9999    0.0  -9999
C0G660 2000061110  -9999  -9999  -9999  -9999  -9999    0.0  -9999
C0G660 2000061111  -9999  -9999  -9999  -9999  -9999    0.0  -9999
C0G660 2000061112  -9999  -9999  -9999  -9999  -9999    0.0  -9999
C0G660 2000061113  -9999  -9999  -9999  -9999  -9999    0.0  -9999
C0G660 2000061114  -9999  -9999  -9999  -9999  -9999    0.5  -9999
C0G660 2000061115  -9999  -9999  -9999  -9999  -9999    0.0  -9999
C0G660 2000061116  -9999  -9999  -9999  -9999  -9999    0.0  -9999
C0G660 2000061117  -9999  -9999  -9999  -9999  -9999    0.0  -9999
C0G660 2000061118  -9999  -9999  -9999  -9999  -9999    0.5  -9999
C0G660 2000061119  -9999  -9999  -9999  -9999  -9999    1.5  -9999
C0G660 2000061120  -9999  -9999  -9999  -9999  -9999    0.0  -9999
C0G660 2000061121  -9999  -9999  -9999  -9999  -9999    0.0  -9999
C0G660 2000061122  -9999  -9999  -9999  -9999  -9999    0.0  -9999
C0G660 2000061123  -9999  -9999  -9999  -9999  -9999    0.0  -9999
C0G660 2000061124  -9999  -9999  -9999  -9999  -9999    0.0  -9999
C0G660 2000061201  -9999  -9999  -9999  -9999  -9999    0.0  -9999
C0G660 2000061202  -9999  -9999  -9999  -9999  -9999    0.0  -9999
C0G660 2000061203  -9999  -9999  -9999  -9999  -9999    0.0  -9999
C0G660 2000061204  -9999  -9999  -9999  -9999  -9999    0.0  -9999
C0G660 2000061205  -9999  -9999  -9999  -9999  -9999    0.0  -9999
C0G660 2000061206  -9999  -9999  -9999  -9999  -9999    0.0  -9999
C0G660 2000061207  -9999  -9999  -9999  -9999  -9999    0.0  -9999
C0G660 2000061208  -9999  -9999  -9999  -9999  -9999    0.0  -9999
C0G660 2000061209  -9999  -9999  -9999  -9999  -9999    0.0  -9999
C0G660 2000061210  -9999  -9999  -9999  -9999  -9999    0.0  -9999
C0G660 2000061211  -9999  -9999  -9999  -9999  -9999   23.5  -9999
C0G660 2000061212  -9999  -9999  -9999  -9999  -9999   17.5  -9999
C0G660 2000061213  -9999  -9999  -9999  -9999  -9999    3.5  -9999
C0G660 2000061214  -9999  -9999  -9999  -9999  -9999    1.0  -9999
C0G660 2000061215  -9999  -9999  -9999  -9999  -9999    4.0  -9999
C0G660 2000061216  -9999  -9999  -9999  -9999  -9999    0.5  -9999
C0G660 2000061217  -9999  -9999  -9999  -9999  -9999    4.0  -9999
C0G660 2000061218  -9999  -9999  -9999  -9999  -9999    1.0  -9999
C0G660 2000061219  -9999  -9999  -9999  -9999  -9999    1.0  -9999
C0G660 2000061220  -9999  -9999  -9999  -9999  -9999    0.5  -9999
C0G660 2000061221  -9999  -9999  -9999  -9999  -9999    1.0  -9999
C0G660 2000061222  -9999  -9999  -9999  -9999  -9999    1.0  -9999
C0G660 2000061223  -9999  -9999  -9999  -9999  -9999    3.0  -9999
C0G660 2000061224  -9999  -9999  -9999  -9999  -9999   17.5  -9999
C0G660 2000061301  -9999  -9999  -9999  -9999  -9999   16.5  -9999
C0G660 2000061302  -9999  -9999  -9999  -9999  -9999    3.0  -9999
C0G660 2000061303  -9999  -9999  -9999  -9999  -9999    1.5  -9999
C0G660 2000061304  -9999  -9999  -9999  -9999  -9999    2.0  -9999
C0G660 2000061305  -9999  -9999  -9999  -9999  -9999    1.0  -9999
C0G660 2000061306  -9999  -9999  -9999  -9999  -9999    1.5  -9999
C0G660 2000061307  -9999  -9999  -9999  -9999  -9999    1.0  -9999
C0G660 2000061308  -9999  -9999  -9999  -9999  -9999    0.5  -9999
C0G660 2000061309  -9999  -9999  -9999  -9999  -9999    0.5  -9999
C0G660 2000061310  -9999  -9999  -9999  -9999  -9999    0.5  -9999
C0G660 2000061311  -9999  -9999  -9999  -9999  -9999    1.0  -9999
C0G660 2000061312  -9999  -9999  -9999  -9999  -9999    1.5  -9999
C0G660 2000061313  -9999  -9999  -9999  -9999  -9999    1.0  -9999
C0G660 2000061314  -9999  -9999  -9999  -9999  -9999    0.5  -9999
C0G660 2000061315  -9999  -9999  -9999  -9999  -9999    2.0  -9999
C0G660 2000061316  -9999  -9999  -9999  -9999  -9999    1.5  -9999
C0G660 2000061317  -9999  -9999  -9999  -9999  -9999    2.5  -9999
C0G660 2000061318  -9999  -9999  -9999  -9999  -9999    2.0  -9999
C0G660 2000061319  -9999  -9999  -9999  -9999  -9999    1.0  -9999
C0G660 2000061320  -9999  -9999  -9999  -9999  -9999  -9996  -9999
C0G660 2000061321  -9999  -9999  -9999  -9999  -9999    1.0  -9999
C0G660 2000061322  -9999  -9999  -9999  -9999  -9999    0.5  -9999
C0G660 2000061323  -9999  -9999  -9999  -9999  -9999    0.0  -9999
C0G660 2000061324  -9999  -9999  -9999  -9999  -9999    0.0  -9999
C0G660 2000061401  -9999  -9999  -9999  -9999  -9999    0.0  -9999
C0G660 2000061402  -9999  -9999  -9999  -9999  -9999    0.0  -9999
C0G660 2000061403  -9999  -9999  -9999  -9999  -9999    0.0  -9999
C0G660 2000061404  -9999  -9999  -9999  -9999  -9999    0.0  -9999
C0G660 2000061405  -9999  -9999  -9999  -9999  -9999    0.0  -9999
C0G660 2000061406  -9999  -9999  -9999  -9999  -9999    0.0  -9999
C0G660 2000061407  -9999  -9999  -9999  -9999  -9999    0.0  -9999
C0G660 2000061408  -9999  -9999  -9999  -9999  -9999    0.0  -9999
C0G660 2000061409  -9999  -9999  -9999  -9999  -9999    0.0  -9999
C0G660 2000061410  -9999  -9999  -9999  -9999  -9999    0.0  -9999
C0G660 2000061411  -9999  -9999  -9999  -9999  -9999    1.0  -9999
C0G660 2000061412  -9999  -9999  -9999  -9999  -9999    1.0  -9999
C0G660 2000061413  -9999  -9999  -9999  -9999  -9999    0.0  -9999
C0G660 2000061414  -9999  -9999  -9999  -9999  -9999    0.5  -9999
C0G660 2000061415  -9999  -9999  -9999  -9999  -9999    0.0  -9999
C0G660 2000061416  -9999  -9999  -9999  -9999  -9999    0.0  -9999
C0G660 2000061417  -9999  -9999  -9999  -9999  -9999    0.0  -9999
C0G660 2000061418  -9999  -9999  -9999  -9999  -9999    0.0  -9999
C0G660 2000061419  -9999  -9999  -9999  -9999  -9999    0.0  -9999
C0G660 2000061420  -9999  -9999  -9999  -9999  -9999    0.0  -9999
C0G660 2000061421  -9999  -9999  -9999  -9999  -9999    0.0  -9999
C0G660 2000061422  -9999  -9999  -9999  -9999  -9999    0.0  -9999
C0G660 2000061423  -9999  -9999  -9999  -9999  -9999    0.0  -9999
C0G660 2000061424  -9999  -9999  -9999  -9999  -9999    0.0  -9999
C0G660 2000061501  -9999  -9999  -9999  -9999  -9999    0.0  -9999
C0G660 2000061502  -9999  -9999  -9999  -9999  -9999    0.0  -9999
C0G660 2000061503  -9999  -9999  -9999  -9999  -9999    0.0  -9999
C0G660 2000061504  -9999  -9999  -9999  -9999  -9999    0.0  -9999
C0G660 2000061505  -9999  -9999  -9999  -9999  -9999    0.0  -9999
C0G660 2000061506  -9999  -9999  -9999  -9999  -9999    0.0  -9999
C0G660 2000061507  -9999  -9999  -9999  -9999  -9999    0.0  -9999
C0G660 2000061508  -9999  -9999  -9999  -9999  -9999    0.0  -9999
C0G660 2000061509  -9999  -9999  -9999  -9999  -9999    0.0  -9999
C0G660 2000061510  -9999  -9999  -9999  -9999  -9999    0.0  -9999
C0G660 2000061511  -9999  -9999  -9999  -9999  -9999    0.0  -9999
C0G660 2000061512  -9999  -9999  -9999  -9999  -9999    1.5  -9999
C0G660 2000061513  -9999  -9999  -9999  -9999  -9999    0.5  -9999
C0G660 2000061514  -9999  -9999  -9999  -9999  -9999    0.0  -9999
C0G660 2000061515  -9999  -9999  -9999  -9999  -9999    0.0  -9999
C0G660 2000061516  -9999  -9999  -9999  -9999  -9999    0.0  -9999
C0G660 2000061517  -9999  -9999  -9999  -9999  -9999    0.0  -9999
C0G660 2000061518  -9999  -9999  -9999  -9999  -9999    0.0  -9999
C0G660 2000061519  -9999  -9999  -9999  -9999  -9999    1.5  -9999
C0G660 2000061520  -9999  -9999  -9999  -9999  -9999    0.5  -9999
C0G660 2000061521  -9999  -9999  -9999  -9999  -9999    0.0  -9999
C0G660 2000061522  -9999  -9999  -9999  -9999  -9999    0.0  -9999
C0G660 2000061523  -9999  -9999  -9999  -9999  -9999    0.0  -9999
C0G660 2000061524  -9999  -9999  -9999  -9999  -9999    0.0  -9999
C0G660 2000061601  -9999  -9999  -9999  -9999  -9999    0.0  -9999
C0G660 2000061602  -9999  -9999  -9999  -9999  -9999    0.0  -9999
C0G660 2000061603  -9999  -9999  -9999  -9999  -9999    0.0  -9999
C0G660 2000061604  -9999  -9999  -9999  -9999  -9999    0.0  -9999
C0G660 2000061605  -9999  -9999  -9999  -9999  -9999    0.0  -9999
C0G660 2000061606  -9999  -9999  -9999  -9999  -9999    0.0  -9999
C0G660 2000061607  -9999  -9999  -9999  -9999  -9999    0.0  -9999
C0G660 2000061608  -9999  -9999  -9999  -9999  -9999    0.0  -9999
C0G660 2000061609  -9999  -9999  -9999  -9999  -9999    0.0  -9999
C0G660 2000061610  -9999  -9999  -9999  -9999  -9999    0.0  -9999
C0G660 2000061611  -9999  -9999  -9999  -9999  -9999    0.0  -9999
C0G660 2000061612  -9999  -9999  -9999  -9999  -9999    0.0  -9999
C0G660 2000061613  -9999  -9999  -9999  -9999  -9999    0.0  -9999
C0G660 2000061614  -9999  -9999  -9999  -9999  -9999    0.0  -9999
C0G660 2000061615  -9999  -9999  -9999  -9999  -9999    0.0  -9999
C0G660 2000061616  -9999  -9999  -9999  -9999  -9999    0.0  -9999
C0G660 2000061617  -9999  -9999  -9999  -9999  -9999    0.5  -9999
C0G660 2000061618  -9999  -9999  -9999  -9999  -9999    0.0  -9999
C0G660 2000061619  -9999  -9999  -9999  -9999  -9999    0.0  -9999
C0G660 2000061620  -9999  -9999  -9999  -9999  -9999    0.0  -9999
C0G660 2000061621  -9999  -9999  -9999  -9999  -9999    0.0  -9999
C0G660 2000061622  -9999  -9999  -9999  -9999  -9999    0.0  -9999
C0G660 2000061623  -9999  -9999  -9999  -9999  -9999    0.0  -9999
C0G660 2000061624  -9999  -9999  -9999  -9999  -9999    0.0  -9999
C0G660 2000061701  -9999  -9999  -9999  -9999  -9999    0.0  -9999
C0G660 2000061702  -9999  -9999  -9999  -9999  -9999    0.0  -9999
C0G660 2000061703  -9999  -9999  -9999  -9999  -9999    0.0  -9999
C0G660 2000061704  -9999  -9999  -9999  -9999  -9999    0.5  -9999
C0G660 2000061705  -9999  -9999  -9999  -9999  -9999    6.5  -9999
C0G660 2000061706  -9999  -9999  -9999  -9999  -9999    3.0  -9999
C0G660 2000061707  -9999  -9999  -9999  -9999  -9999    3.0  -9999
C0G660 2000061708  -9999  -9999  -9999  -9999  -9999    1.0  -9999
C0G660 2000061709  -9999  -9999  -9999  -9999  -9999    1.0  -9999
C0G660 2000061710  -9999  -9999  -9999  -9999  -9999    1.5  -9999
C0G660 2000061711  -9999  -9999  -9999  -9999  -9999    3.5  -9999
C0G660 2000061712  -9999  -9999  -9999  -9999  -9999    3.5  -9999
C0G660 2000061713  -9999  -9999  -9999  -9999  -9999    3.0  -9999
C0G660 2000061714  -9999  -9999  -9999  -9999  -9999    1.0  -9999
C0G660 2000061715  -9999  -9999  -9999  -9999  -9999    0.0  -9999
C0G660 2000061716  -9999  -9999  -9999  -9999  -9999    0.0  -9999
C0G660 2000061717  -9999  -9999  -9999  -9999  -9999    0.0  -9999
C0G660 2000061718  -9999  -9999  -9999  -9999  -9999    0.0  -9999
C0G660 2000061719  -9999  -9999  -9999  -9999  -9999    0.5  -9999
C0G660 2000061720  -9999  -9999  -9999  -9999  -9999    0.0  -9999
C0G660 2000061721  -9999  -9999  -9999  -9999  -9999    0.0  -9999
C0G660 2000061722  -9999  -9999  -9999  -9999  -9999    0.0  -9999
C0G660 2000061723  -9999  -9999  -9999  -9999  -9999    0.0  -9999
C0G660 2000061724  -9999  -9999  -9999  -9999  -9999    0.0  -9999
C0G660 2000061801  -9999  -9999  -9999  -9999  -9999    0.0  -9999
C0G660 2000061802  -9999  -9999  -9999  -9999  -9999    0.0  -9999
C0G660 2000061803  -9999  -9999  -9999  -9999  -9999    0.0  -9999
C0G660 2000061804  -9999  -9999  -9999  -9999  -9999    0.0  -9999
C0G660 2000061805  -9999  -9999  -9999  -9999  -9999    0.0  -9999
C0G660 2000061806  -9999  -9999  -9999  -9999  -9999    0.0  -9999
C0G660 2000061807  -9999  -9999  -9999  -9999  -9999    0.0  -9999
C0G660 2000061808  -9999  -9999  -9999  -9999  -9999    0.0  -9999
C0G660 2000061809  -9999  -9999  -9999  -9999  -9999    0.0  -9999
C0G660 2000061810  -9999  -9999  -9999  -9999  -9999    0.0  -9999
C0G660 2000061811  -9999  -9999  -9999  -9999  -9999    0.0  -9999
C0G660 2000061812  -9999  -9999  -9999  -9999  -9999    0.0  -9999
C0G660 2000061813  -9999  -9999  -9999  -9999  -9999    0.0  -9999
C0G660 2000061814  -9999  -9999  -9999  -9999  -9999    0.0  -9999
C0G660 2000061815  -9999  -9999  -9999  -9999  -9999    0.0  -9999
C0G660 2000061816  -9999  -9999  -9999  -9999  -9999    0.0  -9999
C0G660 2000061817  -9999  -9999  -9999  -9999  -9999    0.0  -9999
C0G660 2000061818  -9999  -9999  -9999  -9999  -9999    0.5  -9999
C0G660 2000061819  -9999  -9999  -9999  -9999  -9999    8.0  -9999
C0G660 2000061820  -9999  -9999  -9999  -9999  -9999    3.0  -9999
C0G660 2000061821  -9999  -9999  -9999  -9999  -9999    1.0  -9999
C0G660 2000061822  -9999  -9999  -9999  -9999  -9999    0.0  -9999
C0G660 2000061823  -9999  -9999  -9999  -9999  -9999    0.0  -9999
C0G660 2000061824  -9999  -9999  -9999  -9999  -9999    0.0  -9999
C0G660 2000061901  -9999  -9999  -9999  -9999  -9999    0.0  -9999
C0G660 2000061902  -9999  -9999  -9999  -9999  -9999    0.0  -9999
C0G660 2000061903  -9999  -9999  -9999  -9999  -9999    0.0  -9999
C0G660 2000061904  -9999  -9999  -9999  -9999  -9999    0.0  -9999
C0G660 2000061905  -9999  -9999  -9999  -9999  -9999    0.0  -9999
C0G660 2000061906  -9999  -9999  -9999  -9999  -9999    0.0  -9999
C0G660 2000061907  -9999  -9999  -9999  -9999  -9999    0.0  -9999
C0G660 2000061908  -9999  -9999  -9999  -9999  -9999    0.0  -9999
C0G660 2000061909  -9999  -9999  -9999  -9999  -9999    0.0  -9999
C0G660 2000061910  -9999  -9999  -9999  -9999  -9999    0.0  -9999
C0G660 2000061911  -9999  -9999  -9999  -9999  -9999    0.0  -9999
C0G660 2000061912  -9999  -9999  -9999  -9999  -9999    0.0  -9999
C0G660 2000061913  -9999  -9999  -9999  -9999  -9999    0.0  -9999
C0G660 2000061914  -9999  -9999  -9999  -9999  -9999    0.0  -9999
C0G660 2000061915  -9999  -9999  -9999  -9999  -9999    0.0  -9999
C0G660 2000061916  -9999  -9999  -9999  -9999  -9999    0.0  -9999
C0G660 2000061917  -9999  -9999  -9999  -9999  -9999    0.0  -9999
C0G660 2000061918  -9999  -9999  -9999  -9999  -9999    0.0  -9999
C0G660 2000061919  -9999  -9999  -9999  -9999  -9999    0.0  -9999
C0G660 2000061920  -9999  -9999  -9999  -9999  -9999    0.0  -9999
C0G660 2000061921  -9999  -9999  -9999  -9999  -9999    0.0  -9999
C0G660 2000061922  -9999  -9999  -9999  -9999  -9999    0.0  -9999
C0G660 2000061923  -9999  -9999  -9999  -9999  -9999    0.0  -9999
C0G660 2000061924  -9999  -9999  -9999  -9999  -9999    0.0  -9999
C0G660 2000062001  -9999  -9999  -9999  -9999  -9999    0.0  -9999
C0G660 2000062002  -9999  -9999  -9999  -9999  -9999    0.0  -9999
C0G660 2000062003  -9999  -9999  -9999  -9999  -9999    0.0  -9999
C0G660 2000062004  -9999  -9999  -9999  -9999  -9999    0.0  -9999
C0G660 2000062005  -9999  -9999  -9999  -9999  -9999    0.0  -9999
C0G660 2000062006  -9999  -9999  -9999  -9999  -9999    0.0  -9999
C0G660 2000062007  -9999  -9999  -9999  -9999  -9999    0.0  -9999
C0G660 2000062008  -9999  -9999  -9999  -9999  -9999    0.0  -9999
C0G660 2000062009  -9999  -9999  -9999  -9999  -9999    0.0  -9999
C0G660 2000062010  -9999  -9999  -9999  -9999  -9999    0.0  -9999
C0G660 2000062011  -9999  -9999  -9999  -9999  -9999    0.0  -9999
C0G660 2000062012  -9999  -9999  -9999  -9999  -9999    0.0  -9999
C0G660 2000062013  -9999  -9999  -9999  -9999  -9999    0.0  -9999
C0G660 2000062014  -9999  -9999  -9999  -9999  -9999    0.0  -9999
C0G660 2000062015  -9999  -9999  -9999  -9999  -9999    0.0  -9999
C0G660 2000062016  -9999  -9999  -9999  -9999  -9999    0.0  -9999
C0G660 2000062017  -9999  -9999  -9999  -9999  -9999    0.0  -9999
C0G660 2000062018  -9999  -9999  -9999  -9999  -9999    0.0  -9999
C0G660 2000062019  -9999  -9999  -9999  -9999  -9999    0.0  -9999
C0G660 2000062020  -9999  -9999  -9999  -9999  -9999    0.0  -9999
C0G660 2000062021  -9999  -9999  -9999  -9999  -9999    0.0  -9999
C0G660 2000062022  -9999  -9999  -9999  -9999  -9999    0.0  -9999
C0G660 2000062023  -9999  -9999  -9999  -9999  -9999    0.0  -9999
C0G660 2000062024  -9999  -9999  -9999  -9999  -9999    0.0  -9999
C0G660 2000062101  -9999  -9999  -9999  -9999  -9999    0.0  -9999
C0G660 2000062102  -9999  -9999  -9999  -9999  -9999    0.0  -9999
C0G660 2000062103  -9999  -9999  -9999  -9999  -9999    0.0  -9999
C0G660 2000062104  -9999  -9999  -9999  -9999  -9999    0.0  -9999
C0G660 2000062105  -9999  -9999  -9999  -9999  -9999    0.0  -9999
C0G660 2000062106  -9999  -9999  -9999  -9999  -9999    0.0  -9999
C0G660 2000062107  -9999  -9999  -9999  -9999  -9999    0.0  -9999
C0G660 2000062108  -9999  -9999  -9999  -9999  -9999    0.0  -9999
C0G660 2000062109  -9999  -9999  -9999  -9999  -9999    0.0  -9999
C0G660 2000062110  -9999  -9999  -9999  -9999  -9999    0.0  -9999
C0G660 2000062111  -9999  -9999  -9999  -9999  -9999    0.0  -9999
C0G660 2000062112  -9999  -9999  -9999  -9999  -9999    0.0  -9999
C0G660 2000062113  -9999  -9999  -9999  -9999  -9999    0.0  -9999
C0G660 2000062114  -9999  -9999  -9999  -9999  -9999    0.0  -9999
C0G660 2000062115  -9999  -9999  -9999  -9999  -9999    0.0  -9999
C0G660 2000062116  -9999  -9999  -9999  -9999  -9999    0.0  -9999
C0G660 2000062117  -9999  -9999  -9999  -9999  -9999    0.0  -9999
C0G660 2000062118  -9999  -9999  -9999  -9999  -9999    0.0  -9999
C0G660 2000062119  -9999  -9999  -9999  -9999  -9999    0.0  -9999
C0G660 2000062120  -9999  -9999  -9999  -9999  -9999    0.0  -9999
C0G660 2000062121  -9999  -9999  -9999  -9999  -9999    0.0  -9999
C0G660 2000062122  -9999  -9999  -9999  -9999  -9999    0.0  -9999
C0G660 2000062123  -9999  -9999  -9999  -9999  -9999    0.0  -9999
C0G660 2000062124  -9999  -9999  -9999  -9999  -9999    0.0  -9999
C0G660 2000062201  -9999  -9999  -9999  -9999  -9999    0.0  -9999
C0G660 2000062202  -9999  -9999  -9999  -9999  -9999    0.0  -9999
C0G660 2000062203  -9999  -9999  -9999  -9999  -9999    0.0  -9999
C0G660 2000062204  -9999  -9999  -9999  -9999  -9999    0.0  -9999
C0G660 2000062205  -9999  -9999  -9999  -9999  -9999    0.0  -9999
C0G660 2000062206  -9999  -9999  -9999  -9999  -9999    0.0  -9999
C0G660 2000062207  -9999  -9999  -9999  -9999  -9999    0.0  -9999
C0G660 2000062208  -9999  -9999  -9999  -9999  -9999    0.0  -9999
C0G660 2000062209  -9999  -9999  -9999  -9999  -9999    0.0  -9999
C0G660 2000062210  -9999  -9999  -9999  -9999  -9999    0.0  -9999
C0G660 2000062211  -9999  -9999  -9999  -9999  -9999    0.0  -9999
C0G660 2000062212  -9999  -9999  -9999  -9999  -9999    0.0  -9999
C0G660 2000062213  -9999  -9999  -9999  -9999  -9999    0.0  -9999
C0G660 2000062214  -9999  -9999  -9999  -9999  -9999    0.0  -9999
C0G660 2000062215  -9999  -9999  -9999  -9999  -9999    0.0  -9999
C0G660 2000062216  -9999  -9999  -9999  -9999  -9999    0.0  -9999
C0G660 2000062217  -9999  -9999  -9999  -9999  -9999    0.0  -9999
C0G660 2000062218  -9999  -9999  -9999  -9999  -9999    0.0  -9999
C0G660 2000062219  -9999  -9999  -9999  -9999  -9999    0.0  -9999
C0G660 2000062220  -9999  -9999  -9999  -9999  -9999    0.0  -9999
C0G660 2000062221  -9999  -9999  -9999  -9999  -9999    0.0  -9999
C0G660 2000062222  -9999  -9999  -9999  -9999  -9999    0.0  -9999
C0G660 2000062223  -9999  -9999  -9999  -9999  -9999    0.0  -9999
C0G660 2000062224  -9999  -9999  -9999  -9999  -9999    0.0  -9999
C0G660 2000062301  -9999  -9999  -9999  -9999  -9999    0.0  -9999
C0G660 2000062302  -9999  -9999  -9999  -9999  -9999    0.0  -9999
C0G660 2000062303  -9999  -9999  -9999  -9999  -9999    0.0  -9999
C0G660 2000062304  -9999  -9999  -9999  -9999  -9999    0.0  -9999
C0G660 2000062305  -9999  -9999  -9999  -9999  -9999    0.0  -9999
C0G660 2000062306  -9999  -9999  -9999  -9999  -9999    0.0  -9999
C0G660 2000062307  -9999  -9999  -9999  -9999  -9999    0.0  -9999
C0G660 2000062308  -9999  -9999  -9999  -9999  -9999    0.0  -9999
C0G660 2000062309  -9999  -9999  -9999  -9999  -9999    0.0  -9999
C0G660 2000062310  -9999  -9999  -9999  -9999  -9999    0.0  -9999
C0G660 2000062311  -9999  -9999  -9999  -9999  -9999    0.0  -9999
C0G660 2000062312  -9999  -9999  -9999  -9999  -9999    0.0  -9999
C0G660 2000062313  -9999  -9999  -9999  -9999  -9999    0.0  -9999
C0G660 2000062314  -9999  -9999  -9999  -9999  -9999    0.0  -9999
C0G660 2000062315  -9999  -9999  -9999  -9999  -9999    0.0  -9999
C0G660 2000062316  -9999  -9999  -9999  -9999  -9999    0.0  -9999
C0G660 2000062317  -9999  -9999  -9999  -9999  -9999    0.0  -9999
C0G660 2000062318  -9999  -9999  -9999  -9999  -9999    0.0  -9999
C0G660 2000062319  -9999  -9999  -9999  -9999  -9999    0.0  -9999
C0G660 2000062320  -9999  -9999  -9999  -9999  -9999    0.0  -9999
C0G660 2000062321  -9999  -9999  -9999  -9999  -9999    0.0  -9999
C0G660 2000062322  -9999  -9999  -9999  -9999  -9999    0.0  -9999
C0G660 2000062323  -9999  -9999  -9999  -9999  -9999    0.0  -9999
C0G660 2000062324  -9999  -9999  -9999  -9999  -9999    0.0  -9999
C0G660 2000062401  -9999  -9999  -9999  -9999  -9999    0.0  -9999
C0G660 2000062402  -9999  -9999  -9999  -9999  -9999    0.0  -9999
C0G660 2000062403  -9999  -9999  -9999  -9999  -9999    0.0  -9999
C0G660 2000062404  -9999  -9999  -9999  -9999  -9999    0.0  -9999
C0G660 2000062405  -9999  -9999  -9999  -9999  -9999    0.0  -9999
C0G660 2000062406  -9999  -9999  -9999  -9999  -9999    0.0  -9999
C0G660 2000062407  -9999  -9999  -9999  -9999  -9999    0.0  -9999
C0G660 2000062408  -9999  -9999  -9999  -9999  -9999    0.0  -9999
C0G660 2000062409  -9999  -9999  -9999  -9999  -9999    0.0  -9999
C0G660 2000062410  -9999  -9999  -9999  -9999  -9999    0.0  -9999
C0G660 2000062411  -9999  -9999  -9999  -9999  -9999    0.0  -9999
C0G660 2000062412  -9999  -9999  -9999  -9999  -9999    0.0  -9999
C0G660 2000062413  -9999  -9999  -9999  -9999  -9999    0.0  -9999
C0G660 2000062414  -9999  -9999  -9999  -9999  -9999    0.0  -9999
C0G660 2000062415  -9999  -9999  -9999  -9999  -9999    0.0  -9999
C0G660 2000062416  -9999  -9999  -9999  -9999  -9999    0.0  -9999
C0G660 2000062417  -9999  -9999  -9999  -9999  -9999    0.0  -9999
C0G660 2000062418  -9999  -9999  -9999  -9999  -9999    0.0  -9999
C0G660 2000062419  -9999  -9999  -9999  -9999  -9999    0.0  -9999
C0G660 2000062420  -9999  -9999  -9999  -9999  -9999    0.0  -9999
C0G660 2000062421  -9999  -9999  -9999  -9999  -9999    0.0  -9999
C0G660 2000062422  -9999  -9999  -9999  -9999  -9999    0.0  -9999
C0G660 2000062423  -9999  -9999  -9999  -9999  -9999    0.0  -9999
C0G660 2000062424  -9999  -9999  -9999  -9999  -9999  -9996  -9999
C0G660 2000062501  -9999  -9999  -9999  -9999  -9999    0.0  -9999
C0G660 2000062502  -9999  -9999  -9999  -9999  -9999    0.0  -9999
C0G660 2000062503  -9999  -9999  -9999  -9999  -9999    0.0  -9999
C0G660 2000062504  -9999  -9999  -9999  -9999  -9999    0.0  -9999
C0G660 2000062505  -9999  -9999  -9999  -9999  -9999    0.0  -9999
C0G660 2000062506  -9999  -9999  -9999  -9999  -9999    0.0  -9999
C0G660 2000062507  -9999  -9999  -9999  -9999  -9999    0.0  -9999
C0G660 2000062508  -9999  -9999  -9999  -9999  -9999    0.0  -9999
C0G660 2000062509  -9999  -9999  -9999  -9999  -9999    0.0  -9999
C0G660 2000062510  -9999  -9999  -9999  -9999  -9999    0.0  -9999
C0G660 2000062511  -9999  -9999  -9999  -9999  -9999    0.0  -9999
C0G660 2000062512  -9999  -9999  -9999  -9999  -9999    0.0  -9999
C0G660 2000062513  -9999  -9999  -9999  -9999  -9999    0.0  -9999
C0G660 2000062514  -9999  -9999  -9999  -9999  -9999    0.0  -9999
C0G660 2000062515  -9999  -9999  -9999  -9999  -9999    0.0  -9999
C0G660 2000062516  -9999  -9999  -9999  -9999  -9999    0.0  -9999
C0G660 2000062517  -9999  -9999  -9999  -9999  -9999    0.0  -9999
C0G660 2000062518  -9999  -9999  -9999  -9999  -9999    0.0  -9999
C0G660 2000062519  -9999  -9999  -9999  -9999  -9999    0.0  -9999
C0G660 2000062520  -9999  -9999  -9999  -9999  -9999    0.0  -9999
C0G660 2000062521  -9999  -9999  -9999  -9999  -9999    0.0  -9999
C0G660 2000062522  -9999  -9999  -9999  -9999  -9999    0.0  -9999
C0G660 2000062523  -9999  -9999  -9999  -9999  -9999    0.0  -9999
C0G660 2000062524  -9999  -9999  -9999  -9999  -9999    0.0  -9999
C0G660 2000062601  -9999  -9999  -9999  -9999  -9999    0.0  -9999
C0G660 2000062602  -9999  -9999  -9999  -9999  -9999    0.0  -9999
C0G660 2000062603  -9999  -9999  -9999  -9999  -9999    0.0  -9999
C0G660 2000062604  -9999  -9999  -9999  -9999  -9999    0.0  -9999
C0G660 2000062605  -9999  -9999  -9999  -9999  -9999    0.0  -9999
C0G660 2000062606  -9999  -9999  -9999  -9999  -9999    0.0  -9999
C0G660 2000062607  -9999  -9999  -9999  -9999  -9999    0.0  -9999
C0G660 2000062608  -9999  -9999  -9999  -9999  -9999    0.0  -9999
C0G660 2000062609  -9999  -9999  -9999  -9999  -9999    0.0  -9999
C0G660 2000062610  -9999  -9999  -9999  -9999  -9999    0.0  -9999
C0G660 2000062611  -9999  -9999  -9999  -9999  -9999    0.0  -9999
C0G660 2000062612  -9999  -9999  -9999  -9999  -9999    0.0  -9999
C0G660 2000062613  -9999  -9999  -9999  -9999  -9999    0.0  -9999
C0G660 2000062614  -9999  -9999  -9999  -9999  -9999    0.0  -9999
C0G660 2000062615  -9999  -9999  -9999  -9999  -9999    0.0  -9999
C0G660 2000062616  -9999  -9999  -9999  -9999  -9999    0.0  -9999
C0G660 2000062617  -9999  -9999  -9999  -9999  -9999    0.0  -9999
C0G660 2000062618  -9999  -9999  -9999  -9999  -9999    0.0  -9999
C0G660 2000062619  -9999  -9999  -9999  -9999  -9999    0.0  -9999
C0G660 2000062620  -9999  -9999  -9999  -9999  -9999    0.0  -9999
C0G660 2000062621  -9999  -9999  -9999  -9999  -9999    0.0  -9999
C0G660 2000062622  -9999  -9999  -9999  -9999  -9999    0.0  -9999
C0G660 2000062623  -9999  -9999  -9999  -9999  -9999    0.0  -9999
C0G660 2000062624  -9999  -9999  -9999  -9999  -9999    0.0  -9999
C0G660 2000062701  -9999  -9999  -9999  -9999  -9999    0.0  -9999
C0G660 2000062702  -9999  -9999  -9999  -9999  -9999    0.0  -9999
C0G660 2000062703  -9999  -9999  -9999  -9999  -9999    0.0  -9999
C0G660 2000062704  -9999  -9999  -9999  -9999  -9999    0.0  -9999
C0G660 2000062705  -9999  -9999  -9999  -9999  -9999    0.0  -9999
C0G660 2000062706  -9999  -9999  -9999  -9999  -9999    0.0  -9999
C0G660 2000062707  -9999  -9999  -9999  -9999  -9999    0.0  -9999
C0G660 2000062708  -9999  -9999  -9999  -9999  -9999    0.0  -9999
C0G660 2000062709  -9999  -9999  -9999  -9999  -9999    0.0  -9999
C0G660 2000062710  -9999  -9999  -9999  -9999  -9999    1.0  -9999
C0G660 2000062711  -9999  -9999  -9999  -9999  -9999    0.0  -9999
C0G660 2000062712  -9999  -9999  -9999  -9999  -9999    0.0  -9999
C0G660 2000062713  -9999  -9999  -9999  -9999  -9999    0.0  -9999
C0G660 2000062714  -9999  -9999  -9999  -9999  -9999    0.0  -9999
C0G660 2000062715  -9999  -9999  -9999  -9999  -9999    0.0  -9999
C0G660 2000062716  -9999  -9999  -9999  -9999  -9999    0.0  -9999
C0G660 2000062717  -9999  -9999  -9999  -9999  -9999    0.0  -9999
C0G660 2000062718  -9999  -9999  -9999  -9999  -9999    0.0  -9999
C0G660 2000062719  -9999  -9999  -9999  -9999  -9999    0.0  -9999
C0G660 2000062720  -9999  -9999  -9999  -9999  -9999    0.0  -9999
C0G660 2000062721  -9999  -9999  -9999  -9999  -9999    0.0  -9999
C0G660 2000062722  -9999  -9999  -9999  -9999  -9999    0.0  -9999
C0G660 2000062723  -9999  -9999  -9999  -9999  -9999    0.0  -9999
C0G660 2000062724  -9999  -9999  -9999  -9999  -9999    0.0  -9999
C0G660 2000062801  -9999  -9999  -9999  -9999  -9999    0.0  -9999
C0G660 2000062802  -9999  -9999  -9999  -9999  -9999    0.0  -9999
C0G660 2000062803  -9999  -9999  -9999  -9999  -9999    0.0  -9999
C0G660 2000062804  -9999  -9999  -9999  -9999  -9999    0.0  -9999
C0G660 2000062805  -9999  -9999  -9999  -9999  -9999    0.0  -9999
C0G660 2000062806  -9999  -9999  -9999  -9999  -9999    0.0  -9999
C0G660 2000062807  -9999  -9999  -9999  -9999  -9999    0.0  -9999
C0G660 2000062808  -9999  -9999  -9999  -9999  -9999    0.0  -9999
C0G660 2000062809  -9999  -9999  -9999  -9999  -9999    0.0  -9999
C0G660 2000062810  -9999  -9999  -9999  -9999  -9999    0.0  -9999
C0G660 2000062811  -9999  -9999  -9999  -9999  -9999    0.0  -9999
C0G660 2000062812  -9999  -9999  -9999  -9999  -9999    0.0  -9999
C0G660 2000062813  -9999  -9999  -9999  -9999  -9999    0.0  -9999
C0G660 2000062814  -9999  -9999  -9999  -9999  -9999    0.0  -9999
C0G660 2000062815  -9999  -9999  -9999  -9999  -9999    0.0  -9999
C0G660 2000062816  -9999  -9999  -9999  -9999  -9999    0.0  -9999
C0G660 2000062817  -9999  -9999  -9999  -9999  -9999    0.0  -9999
C0G660 2000062818  -9999  -9999  -9999  -9999  -9999    0.0  -9999
C0G660 2000062819  -9999  -9999  -9999  -9999  -9999    0.0  -9999
C0G660 2000062820  -9999  -9999  -9999  -9999  -9999    0.0  -9999
C0G660 2000062821  -9999  -9999  -9999  -9999  -9999    0.0  -9999
C0G660 2000062822  -9999  -9999  -9999  -9999  -9999    0.0  -9999
C0G660 2000062823  -9999  -9999  -9999  -9999  -9999    0.0  -9999
C0G660 2000062824  -9999  -9999  -9999  -9999  -9999    0.0  -9999
C0G660 2000062901  -9999  -9999  -9999  -9999  -9999    0.0  -9999
C0G660 2000062902  -9999  -9999  -9999  -9999  -9999    0.0  -9999
C0G660 2000062903  -9999  -9999  -9999  -9999  -9999    0.0  -9999
C0G660 2000062904  -9999  -9999  -9999  -9999  -9999    0.0  -9999
C0G660 2000062905  -9999  -9999  -9999  -9999  -9999    0.0  -9999
C0G660 2000062906  -9999  -9999  -9999  -9999  -9999    0.0  -9999
C0G660 2000062907  -9999  -9999  -9999  -9999  -9999    0.0  -9999
C0G660 2000062908  -9999  -9999  -9999  -9999  -9999    0.0  -9999
C0G660 2000062909  -9999  -9999  -9999  -9999  -9999    0.0  -9999
C0G660 2000062910  -9999  -9999  -9999  -9999  -9999    0.0  -9999
C0G660 2000062911  -9999  -9999  -9999  -9999  -9999    0.0  -9999
C0G660 2000062912  -9999  -9999  -9999  -9999  -9999    0.0  -9999
C0G660 2000062913  -9999  -9999  -9999  -9999  -9999    0.0  -9999
C0G660 2000062914  -9999  -9999  -9999  -9999  -9999    0.0  -9999
C0G660 2000062915  -9999  -9999  -9999  -9999  -9999    0.0  -9999
C0G660 2000062916  -9999  -9999  -9999  -9999  -9999    0.0  -9999
C0G660 2000062917  -9999  -9999  -9999  -9999  -9999    0.0  -9999
C0G660 2000062918  -9999  -9999  -9999  -9999  -9999    0.0  -9999
C0G660 2000062919  -9999  -9999  -9999  -9999  -9999    0.0  -9999
C0G660 2000062920  -9999  -9999  -9999  -9999  -9999    0.0  -9999
C0G660 2000062921  -9999  -9999  -9999  -9999  -9999    0.0  -9999
C0G660 2000062922  -9999  -9999  -9999  -9999  -9999    0.0  -9999
C0G660 2000062923  -9999  -9999  -9999  -9999  -9999    0.0  -9999
C0G660 2000062924  -9999  -9999  -9999  -9999  -9999    0.0  -9999
C0G660 2000063001  -9999  -9999  -9999  -9999  -9999    0.0  -9999
C0G660 2000063002  -9999  -9999  -9999  -9999  -9999    0.0  -9999
C0G660 2000063003  -9999  -9999  -9999  -9999  -9999    0.0  -9999
C0G660 2000063004  -9999  -9999  -9999  -9999  -9999    0.0  -9999
C0G660 2000063005  -9999  -9999  -9999  -9999  -9999    0.0  -9999
C0G660 2000063006  -9999  -9999  -9999  -9999  -9999    0.0  -9999
C0G660 2000063007  -9999  -9999  -9999  -9999  -9999    0.0  -9999
C0G660 2000063008  -9999  -9999  -9999  -9999  -9999    0.0  -9999
C0G660 2000063009  -9999  -9999  -9999  -9999  -9999    0.0  -9999
C0G660 2000063010  -9999  -9999  -9999  -9999  -9999    0.0  -9999
C0G660 2000063011  -9999  -9999  -9999  -9999  -9999    0.0  -9999
C0G660 2000063012  -9999  -9999  -9999  -9999  -9999    0.0  -9999
C0G660 2000063013  -9999  -9999  -9999  -9999  -9999    0.0  -9999
C0G660 2000063014  -9999  -9999  -9999  -9999  -9999    0.0  -9999
C0G660 2000063015  -9999  -9999  -9999  -9999  -9999    0.0  -9999
C0G660 2000063016  -9999  -9999  -9999  -9999  -9999    0.0  -9999
C0G660 2000063017  -9999  -9999  -9999  -9999  -9999    0.0  -9999
C0G660 2000063018  -9999  -9999  -9999  -9999  -9999    0.0  -9999
C0G660 2000063019  -9999  -9999  -9999  -9999  -9999    0.0  -9999
C0G660 2000063020  -9999  -9999  -9999  -9999  -9999    0.0  -9999
C0G660 2000063021  -9999  -9999  -9999  -9999  -9999    0.0  -9999
C0G660 2000063022  -9999  -9999  -9999  -9999  -9999    0.0  -9999
C0G660 2000063023  -9999  -9999  -9999  -9999  -9999    0.0  -9999
C0G660 2000063024  -9999  -9999  -9999  -9999  -9999    0.0  -9999
