C0G650 2000020101 13.5 -9997 0.1 0.0
C0G650 2000020102 13.2 -9997 0.0 0.0
C0G650 2000020103 12.9 -9997 0.0 0.0
C0G650 2000020104 12.9 -9997 0.0 0.0
C0G650 2000020105 13.0 -9997 0.0 0.0
C0G650 2000020106 13.2 -9997 0.1 0.0
C0G650 2000020107 13.6 -9997 0.5 0.0
C0G650 2000020108 14.0 -9997 0.1 0.0
C0G650 2000020109 14.8 -9997 1.9 0.0
C0G650 2000020110 16.3 -9997 1.0 0.0
C0G650 2000020111 16.8 -9997 2.1 0.0
C0G650 2000020112 17.9 -9997 1.6 0.0
C0G650 2000020113 17.8 -9997 1.9 0.0
C0G650 2000020114 18.3 -9997 1.7 0.0
C0G650 2000020115 17.6 -9997 2.1 0.0
C0G650 2000020116 16.9 -9997 1.9 0.0
C0G650 2000020117 16.7 -9997 0.6 0.0
C0G650 2000020118 15.8 -9997 -9997 0.0
C0G650 2000020119 15.0 -9997 0.0 0.0
C0G650 2000020120 14.6 -9997 0.0 0.0
C0G650 2000020121 14.2 -9997 0.4 0.0
C0G650 2000020122 13.5 -9997 0.0 0.0
C0G650 2000020123 13.0 -9997 0.0 0.0
C0G650 2000020124 12.8 -9997 0.0 0.0
C0G650 2000020201 12.2 -9997 0.0 0.0
C0G650 2000020202 11.8 -9997 0.0 0.0
C0G650 2000020203 11.3 -9997 0.0 0.0
C0G650 2000020204 11.6 -9997 0.0 0.0
C0G650 2000020205 11.1 -9997 0.0 0.0
C0G650 2000020206 11.0 -9997 0.0 0.0
C0G650 2000020207 10.4 -9997 0.0 0.0
C0G650 2000020208 12.6 -9997 0.0 0.0
C0G650 2000020209 15.9 -9997 0.8 0.0
C0G650 2000020210 18.2 -9997 0.2 0.0
C0G650 2000020211 20.5 -9997 0.1 0.0
C0G650 2000020212 21.0 -9997 1.5 0.0
C0G650 2000020213 21.4 -9997 0.9 0.0
C0G650 2000020214 21.4 -9997 1.1 0.0
C0G650 2000020215 22.7 -9997 0.3 0.0
C0G650 2000020216 21.7 -9997 0.9 0.0
C0G650 2000020217 20.1 -9997 0.3 0.0
C0G650 2000020218 18.0 -9997 0.8 0.0
C0G650 2000020219 17.0 -9997 0.2 0.0
C0G650 2000020220 16.3 -9997 0.0 0.0
C0G650 2000020221 16.8 -9997 0.0 0.0
C0G650 2000020222 17.0 -9997 0.0 0.0
C0G650 2000020223 16.7 -9997 0.0 0.0
C0G650 2000020224 16.0 -9997 0.0 0.0
C0G650 2000020301 16.4 -9997 0.0 0.0
C0G650 2000020302 16.3 -9997 0.0 0.0
C0G650 2000020303 16.6 -9997 0.0 0.0
C0G650 2000020304 15.4 -9997 0.8 0.0
C0G650 2000020305 15.3 -9997 0.6 0.0
C0G650 2000020306 14.9 -9997 0.1 0.0
C0G650 2000020307 15.0 -9997 0.2 0.0
C0G650 2000020308 15.8 -9997 0.2 0.0
C0G650 2000020309 17.0 -9997 1.1 0.0
C0G650 2000020310 18.7 -9997 0.4 0.0
C0G650 2000020311 19.4 -9997 1.5 0.0
C0G650 2000020312 19.3 -9997 1.5 0.0
C0G650 2000020313 20.5 -9997 1.6 0.0
C0G650 2000020314 21.6 -9997 1.3 0.0
C0G650 2000020315 21.6 -9997 0.7 0.0
C0G650 2000020316 21.2 -9997 -9997 0.0
C0G650 2000020317 19.4 -9997 0.8 0.0
C0G650 2000020318 18.4 -9997 1.3 0.0
C0G650 2000020319 17.7 -9997 0.0 0.0
C0G650 2000020320 17.2 -9997 0.0 0.0
C0G650 2000020321 16.9 -9997 0.1 0.0
C0G650 2000020322 16.2 -9997 0.0 0.0
C0G650 2000020323 15.7 -9997 -9997 0.0
C0G650 2000020324 16.3 -9997 0.0 0.0
C0G650 2000020401 16.6 -9997 0.2 0.0
C0G650 2000020402 16.4 -9997 0.1 0.0
C0G650 2000020403 16.6 -9997 0.2 0.0
C0G650 2000020404 16.4 -9997 0.0 0.0
C0G650 2000020405 15.6 -9997 0.0 0.0
C0G650 2000020406 16.3 -9997 0.5 0.0
C0G650 2000020407 15.8 -9997 0.0 0.0
C0G650 2000020408 17.0 -9997 0.0 0.0
C0G650 2000020409 19.4 -9997 0.8 0.0
C0G650 2000020410 21.7 -9997 0.1 0.0
C0G650 2000020411 23.5 -9997 0.4 0.0
C0G650 2000020412 23.8 -9997 1.3 0.0
C0G650 2000020413 25.2 -9997 0.7 0.0
C0G650 2000020414 25.1 -9997 0.4 0.0
C0G650 2000020415 24.4 -9997 0.6 0.0
C0G650 2000020416 23.9 -9997 0.3 0.0
C0G650 2000020417 21.6 -9997 0.4 0.0
C0G650 2000020418 19.4 -9997 0.2 0.0
C0G650 2000020419 18.3 -9997 0.1 0.0
C0G650 2000020420 17.8 -9997 0.1 0.0
C0G650 2000020421 17.1 -9997 0.0 0.0
C0G650 2000020422 16.4 -9997 0.1 0.0
C0G650 2000020423 15.9 -9997 0.0 0.0
C0G650 2000020424 15.4 -9997 0.0 -9996
C0G650 2000020501 15.4 -9997 0.0 0.0
C0G650 2000020502 15.5 -9997 0.0 0.0
C0G650 2000020503 14.7 -9997 0.0 0.0
C0G650 2000020504 14.5 -9997 0.1 0.0
C0G650 2000020505 15.4 -9997 0.0 0.0
C0G650 2000020506 14.9 -9997 0.0 0.0
C0G650 2000020507 17.0 -9997 0.4 0.0
C0G650 2000020508 17.8 -9997 1.0 0.0
C0G650 2000020509 17.6 -9997 0.0 0.0
C0G650 2000020510 17.8 -9997 0.6 0.0
C0G650 2000020511 18.5 -9997 0.3 0.0
C0G650 2000020512 18.5 -9997 0.1 0.0
C0G650 2000020513 20.8 -9997 0.5 0.0
C0G650 2000020514 20.2 -9997 0.5 0.0
C0G650 2000020515 19.4 -9997 0.7 0.0
C0G650 2000020516 19.2 -9997 1.4 0.0
C0G650 2000020517 18.3 -9997 0.6 0.0
C0G650 2000020518 17.7 -9997 0.8 0.0
C0G650 2000020519 17.3 -9997 0.3 0.0
C0G650 2000020520 17.3 -9997 0.8 0.0
C0G650 2000020521 17.6 -9997 0.3 0.0
C0G650 2000020522 17.6 -9997 0.0 0.0
C0G650 2000020523 17.7 -9997 0.0 0.0
C0G650 2000020524 17.7 -9997 0.0 0.0
C0G650 2000020601 17.3 -9997 0.0 0.0
C0G650 2000020602 16.9 -9997 0.1 0.0
C0G650 2000020603 17.4 -9997 0.1 0.0
C0G650 2000020604 16.7 -9997 0.0 0.0
C0G650 2000020605 16.6 -9997 0.0 0.0
C0G650 2000020606 17.4 -9997 0.5 0.0
C0G650 2000020607 17.2 -9997 0.3 0.0
C0G650 2000020608 17.5 -9997 1.3 0.0
C0G650 2000020609 18.6 -9997 1.3 0.0
C0G650 2000020610 20.3 -9997 1.2 0.0
C0G650 2000020611 22.6 -9997 0.4 0.0
C0G650 2000020612 23.4 -9997 0.4 0.0
C0G650 2000020613 24.5 -9997 1.2 0.0
C0G650 2000020614 23.9 -9997 1.9 0.0
C0G650 2000020615 23.3 -9997 0.8 0.0
C0G650 2000020616 22.8 -9997 0.5 0.0
C0G650 2000020617 21.6 -9997 1.8 0.0
C0G650 2000020618 18.4 -9997 0.2 0.0
C0G650 2000020619 17.3 -9997 0.7 0.0
C0G650 2000020620 16.5 -9997 1.0 0.0
C0G650 2000020621 16.0 -9997 0.4 0.0
C0G650 2000020622 15.7 -9997 0.9 0.0
C0G650 2000020623 15.1 -9997 0.0 0.0
C0G650 2000020624 15.0 -9997 0.1 0.0
C0G650 2000020701 14.6 -9997 0.0 0.0
C0G650 2000020702 14.6 -9997 0.0 0.0
C0G650 2000020703 14.4 -9997 0.2 0.0
C0G650 2000020704 14.4 -9997 0.1 0.0
C0G650 2000020705 14.4 -9997 0.3 0.0
C0G650 2000020706 14.4 -9997 0.4 0.0
C0G650 2000020707 14.6 -9997 0.7 0.0
C0G650 2000020708 15.8 -9997 1.1 0.0
C0G650 2000020709 17.6 -9997 1.2 0.0
C0G650 2000020710 19.1 -9997 0.7 0.0
C0G650 2000020711 21.8 -9997 0.8 0.0
C0G650 2000020712 22.5 -9997 1.7 0.0
C0G650 2000020713 23.8 -9997 2.2 0.0
C0G650 2000020714 21.4 -9997 1.5 0.0
C0G650 2000020715 19.7 -9997 1.5 0.0
C0G650 2000020716 19.1 -9997 2.0 0.0
C0G650 2000020717 17.3 -9997 1.5 0.0
C0G650 2000020718 15.8 -9997 1.4 0.0
C0G650 2000020719 15.1 -9997 2.3 0.0
C0G650 2000020720 14.6 -9997 2.5 0.0
C0G650 2000020721 14.2 -9997 1.5 0.0
C0G650 2000020722 13.9 -9997 1.7 0.0
C0G650 2000020723 13.2 -9997 0.1 0.0
C0G650 2000020724 12.0 -9997 0.0 0.0
C0G650 2000020801 11.3 -9997 0.0 0.0
C0G650 2000020802 11.5 -9997 0.0 0.0
C0G650 2000020803 11.5 -9997 0.0 0.0
C0G650 2000020804 11.6 -9997 0.0 0.0
C0G650 2000020805 12.1 -9997 0.0 0.0
C0G650 2000020806 13.1 -9997 0.0 0.0
C0G650 2000020807 13.2 -9997 0.1 0.0
C0G650 2000020808 13.7 -9997 1.1 0.0
C0G650 2000020809 14.7 -9997 0.8 0.0
C0G650 2000020810 15.8 -9997 0.8 0.0
C0G650 2000020811 16.7 -9997 0.8 0.0
C0G650 2000020812 18.5 -9997 0.8 0.0
C0G650 2000020813 19.0 -9997 0.9 0.0
C0G650 2000020814 18.5 -9997 1.5 0.0
C0G650 2000020815 18.8 -9997 0.7 0.0
C0G650 2000020816 18.9 -9997 1.5 0.0
C0G650 2000020817 17.6 -9997 1.5 0.0
C0G650 2000020818 15.5 -9997 1.1 0.0
C0G650 2000020819 14.2 -9997 0.9 0.0
C0G650 2000020820 13.2 -9997 0.2 0.0
C0G650 2000020821 12.6 -9997 0.3 0.0
C0G650 2000020822 11.9 -9997 0.0 0.0
C0G650 2000020823 12.0 -9997 0.0 0.0
C0G650 2000020824 11.5 -9997 0.0 0.0
C0G650 2000020901 -9997 -9997 0.0 0.0
C0G650 2000020902 12.7 -9997 0.0 0.0
C0G650 2000020903 12.7 -9997 0.0 0.0
C0G650 2000020904 12.5 -9997 0.0 0.0
C0G650 2000020905 12.7 -9997 0.0 0.0
C0G650 2000020906 12.7 -9997 0.0 0.0
C0G650 2000020907 13.0 -9997 0.0 0.0
C0G650 2000020908 13.6 -9997 0.0 0.0
C0G650 2000020909 15.6 -9997 0.0 0.0
C0G650 2000020910 17.8 -9997 0.4 0.0
C0G650 2000020911 17.2 -9997 0.0 0.0
C0G650 2000020912 17.6 -9997 0.6 0.0
C0G650 2000020913 17.8 -9997 0.6 0.0
C0G650 2000020914 17.9 -9997 0.1 0.0
C0G650 2000020915 17.4 -9997 0.3 0.0
C0G650 2000020916 17.1 -9997 0.0 0.0
C0G650 2000020917 16.2 -9997 0.1 0.0
C0G650 2000020918 15.9 -9997 0.0 0.0
C0G650 2000020919 15.4 -9997 0.0 0.0
C0G650 2000020920 15.3 -9997 0.0 0.0
C0G650 2000020921 15.2 -9997 0.2 0.0
C0G650 2000020922 14.9 -9997 0.0 0.0
C0G650 2000020923 14.5 -9997 0.0 0.0
C0G650 2000020924 14.0 -9997 0.0 0.0
C0G650 2000021001 14.0 -9997 0.0 0.0
C0G650 2000021002 13.9 -9997 0.0 0.0
C0G650 2000021003 14.1 -9997 0.0 0.0
C0G650 2000021004 14.0 -9997 0.0 0.0
C0G650 2000021005 13.8 -9997 0.0 0.0
C0G650 2000021006 14.2 -9997 0.1 0.0
C0G650 2000021007 14.5 -9997 0.0 0.0
C0G650 2000021008 15.4 -9997 0.0 0.0
C0G650 2000021009 17.6 -9997 0.4 0.0
C0G650 2000021010 19.2 -9997 0.1 0.0
C0G650 2000021011 20.2 -9997 1.4 0.0
C0G650 2000021012 21.4 -9997 0.4 0.0
C0G650 2000021013 21.0 -9997 1.2 0.0
C0G650 2000021014 21.4 -9997 1.1 0.0
C0G650 2000021015 20.2 -9997 1.1 0.0
C0G650 2000021016 19.3 -9997 1.2 0.0
C0G650 2000021017 18.5 -9997 0.5 0.0
C0G650 2000021018 16.5 -9997 0.1 0.0
C0G650 2000021019 15.9 -9997 0.0 0.0
C0G650 2000021020 16.1 -9997 0.0 0.0
C0G650 2000021021 15.7 -9997 0.0 0.0
C0G650 2000021022 15.1 -9997 0.0 0.0
C0G650 2000021023 14.4 -9997 0.0 0.0
C0G650 2000021024 13.8 -9997 0.0 0.0
C0G650 2000021101 14.0 -9997 0.0 0.0
C0G650 2000021102 14.3 -9997 0.0 0.0
C0G650 2000021103 13.7 -9997 0.0 0.0
C0G650 2000021104 13.3 -9997 0.0 0.0
C0G650 2000021105 12.7 -9997 0.0 0.0
C0G650 2000021106 12.5 -9997 0.0 0.0
C0G650 2000021107 12.7 -9997 0.0 0.0
C0G650 2000021108 14.6 -9997 0.0 0.0
C0G650 2000021109 17.8 -9997 0.0 0.0
C0G650 2000021110 20.4 -9997 0.2 0.0
C0G650 2000021111 22.2 -9997 0.4 0.0
C0G650 2000021112 23.8 -9997 0.3 0.0
C0G650 2000021113 24.7 -9997 0.6 0.0
C0G650 2000021114 24.7 -9997 0.8 0.0
C0G650 2000021115 24.4 -9997 0.5 0.0
C0G650 2000021116 23.6 -9997 0.6 0.0
C0G650 2000021117 22.1 -9997 0.8 0.0
C0G650 2000021118 20.1 -9997 0.4 0.0
C0G650 2000021119 19.7 -9997 0.0 0.0
C0G650 2000021120 18.3 -9997 0.1 0.0
C0G650 2000021121 17.7 -9997 0.1 0.0
C0G650 2000021122 17.1 -9997 0.1 0.0
C0G650 2000021123 17.0 -9997 0.0 0.0
C0G650 2000021124 17.2 -9997 0.0 0.0
C0G650 2000021201 17.4 -9997 0.1 0.0
C0G650 2000021202 17.4 -9997 0.2 0.0
C0G650 2000021203 17.3 -9997 0.2 0.0
C0G650 2000021204 16.8 -9997 1.0 0.0
C0G650 2000021205 16.8 -9997 0.3 0.0
C0G650 2000021206 16.4 -9997 0.0 0.0
C0G650 2000021207 16.8 -9997 0.4 0.0
C0G650 2000021208 17.2 -9997 0.1 0.0
C0G650 2000021209 18.2 -9997 0.6 0.0
C0G650 2000021210 20.8 -9997 0.4 0.0
C0G650 2000021211 21.8 -9997 0.9 0.0
C0G650 2000021212 23.4 -9997 0.7 0.0
C0G650 2000021213 23.4 -9997 1.3 0.0
C0G650 2000021214 23.9 -9997 0.5 0.0
C0G650 2000021215 23.3 -9997 0.7 0.0
C0G650 2000021216 -9997 -9997 1.2 0.0
C0G650 2000021217 20.3 -9997 0.8 0.0
C0G650 2000021218 18.8 -9997 0.0 0.0
C0G650 2000021219 18.0 -9997 0.1 0.0
C0G650 2000021220 17.4 -9997 0.0 0.0
C0G650 2000021221 16.8 -9997 0.0 0.0
C0G650 2000021222 16.6 -9997 0.0 0.0
C0G650 2000021223 16.4 -9997 0.0 0.0
C0G650 2000021224 16.1 -9997 0.0 0.0
C0G650 2000021301 15.7 -9997 0.0 0.0
C0G650 2000021302 15.7 -9997 0.0 0.0
C0G650 2000021303 -9997 -9997 0.0 0.0
C0G650 2000021304 16.3 -9997 0.0 0.0
C0G650 2000021305 16.2 -9997 0.0 0.0
C0G650 2000021306 16.2 -9997 0.1 0.0
C0G650 2000021307 16.0 -9997 0.0 0.0
C0G650 2000021308 16.3 -9997 0.0 0.0
C0G650 2000021309 17.3 -9997 0.1 0.0
C0G650 2000021310 19.7 -9997 1.3 0.0
C0G650 2000021311 21.6 -9997 0.0 0.0
C0G650 2000021312 22.7 -9997 0.3 0.0
C0G650 2000021313 23.5 -9997 0.0 0.0
C0G650 2000021314 25.8 -9997 0.5 0.0
C0G650 2000021315 25.3 -9997 0.6 0.0
C0G650 2000021316 24.4 -9997 0.5 0.0
C0G650 2000021317 22.4 -9997 0.0 0.0
C0G650 2000021318 20.9 -9997 0.0 0.0
C0G650 2000021319 19.8 -9997 0.0 0.0
C0G650 2000021320 18.0 -9997 0.0 0.0
C0G650 2000021321 17.6 -9997 0.0 0.0
C0G650 2000021322 16.8 -9997 0.0 0.0
C0G650 2000021323 16.6 -9997 0.0 0.0
C0G650 2000021324 16.8 -9997 0.0 0.0
C0G650 2000021401 16.9 -9997 0.0 0.0
C0G650 2000021402 16.4 -9997 0.0 0.0
C0G650 2000021403 15.6 -9997 0.0 0.0
C0G650 2000021404 14.8 -9997 0.1 0.0
C0G650 2000021405 14.9 -9997 0.1 0.0
C0G650 2000021406 15.0 -9997 0.0 0.0
C0G650 2000021407 14.7 -9997 0.0 0.0
C0G650 2000021408 15.0 -9997 0.3 0.0
C0G650 2000021409 16.1 -9997 0.1 0.0
C0G650 2000021410 18.7 -9997 0.7 0.0
C0G650 2000021411 20.9 -9997 0.3 0.0
C0G650 2000021412 23.7 -9997 0.2 0.0
C0G650 2000021413 25.9 -9997 0.7 0.0
C0G650 2000021414 24.1 -9997 1.2 0.0
C0G650 2000021415 25.0 -9997 0.8 0.0
C0G650 2000021416 21.6 -9997 0.5 0.0
C0G650 2000021417 19.8 -9997 1.3 0.0
C0G650 2000021418 18.3 -9997 1.0 0.0
C0G650 2000021419 17.6 -9997 0.3 0.0
C0G650 2000021420 17.1 -9997 0.1 0.0
C0G650 2000021421 16.4 -9997 0.5 0.0
C0G650 2000021422 16.0 -9997 0.5 0.0
C0G650 2000021423 15.7 -9997 1.0 0.0
C0G650 2000021424 15.4 -9997 0.9 0.0
C0G650 2000021501 15.2 -9997 0.4 0.0
C0G650 2000021502 15.1 -9997 1.1 0.0
C0G650 2000021503 14.7 -9997 0.4 0.0
C0G650 2000021504 14.9 -9997 0.2 0.0
C0G650 2000021505 14.7 -9997 0.8 0.0
C0G650 2000021506 14.7 -9997 1.1 0.0
C0G650 2000021507 14.6 -9997 0.8 0.0
C0G650 2000021508 -9997 -9997 0.6 0.0
C0G650 2000021509 16.2 -9997 0.8 0.0
C0G650 2000021510 17.0 -9997 0.3 0.0
C0G650 2000021511 20.3 -9997 0.9 0.0
C0G650 2000021512 20.4 -9997 0.5 0.0
C0G650 2000021513 21.1 -9997 1.6 0.0
C0G650 2000021514 21.3 -9997 1.8 0.0
C0G650 2000021515 21.3 -9997 1.0 0.0
C0G650 2000021516 19.6 -9997 1.4 0.0
C0G650 2000021517 17.6 -9997 1.7 0.0
C0G650 2000021518 17.2 -9997 0.8 0.0
C0G650 2000021519 16.6 -9997 0.0 0.0
C0G650 2000021520 16.4 -9997 0.3 0.0
C0G650 2000021521 16.0 -9997 0.1 0.0
C0G650 2000021522 15.6 -9997 0.1 0.0
C0G650 2000021523 15.5 -9997 0.0 0.0
C0G650 2000021524 15.1 -9997 0.0 0.0
C0G650 2000021601 14.9 -9997 0.2 0.0
C0G650 2000021602 14.8 -9997 0.2 0.0
C0G650 2000021603 15.0 -9997 0.0 0.0
C0G650 2000021604 14.2 -9997 0.0 0.0
C0G650 2000021605 14.3 -9997 0.0 0.0
C0G650 2000021606 13.8 -9997 0.0 0.0
C0G650 2000021607 13.8 -9997 0.0 0.0
C0G650 2000021608 14.7 -9997 0.0 0.0
C0G650 2000021609 17.6 -9997 1.1 0.0
C0G650 2000021610 18.0 -9997 1.6 0.0
C0G650 2000021611 19.6 -9997 0.3 0.0
C0G650 2000021612 19.2 -9997 0.6 0.0
C0G650 2000021613 19.2 -9997 0.2 0.0
C0G650 2000021614 19.4 -9997 0.0 0.0
C0G650 2000021615 18.6 -9997 0.0 0.0
C0G650 2000021616 18.8 -9997 0.0 0.0
C0G650 2000021617 18.5 -9997 0.0 0.0
C0G650 2000021618 17.7 -9997 0.2 0.0
C0G650 2000021619 17.3 -9997 0.0 0.0
C0G650 2000021620 17.0 -9997 0.1 0.0
C0G650 2000021621 16.6 -9997 0.0 0.0
C0G650 2000021622 16.4 -9997 0.0 0.0
C0G650 2000021623 15.9 -9997 0.0 0.0
C0G650 2000021624 15.4 -9997 0.1 0.0
C0G650 2000021701 15.1 -9997 0.4 0.0
C0G650 2000021702 15.1 -9997 0.1 0.0
C0G650 2000021703 15.1 -9997 0.0 0.0
C0G650 2000021704 15.2 -9997 0.0 0.0
C0G650 2000021705 15.4 -9997 0.0 0.0
C0G650 2000021706 15.0 -9997 0.3 0.0
C0G650 2000021707 14.9 -9997 0.5 0.0
C0G650 2000021708 15.1 -9997 0.2 0.0
C0G650 2000021709 16.0 -9997 1.0 0.0
C0G650 2000021710 16.8 -9997 0.9 0.0
C0G650 2000021711 16.9 -9997 0.7 0.0
C0G650 2000021712 17.0 -9997 0.7 0.0
C0G650 2000021713 18.2 -9997 0.1 0.0
C0G650 2000021714 18.3 -9997 0.2 0.0
C0G650 2000021715 17.6 -9997 0.2 0.0
C0G650 2000021716 17.7 -9997 0.1 0.0
C0G650 2000021717 17.1 -9997 0.5 0.0
C0G650 2000021718 16.7 -9997 0.3 0.0
C0G650 2000021719 15.6 -9997 0.3 0.0
C0G650 2000021720 15.3 -9997 0.1 0.0
C0G650 2000021721 15.3 -9997 0.1 0.0
C0G650 2000021722 15.2 -9997 0.0 0.0
C0G650 2000021723 14.8 -9997 0.0 0.0
C0G650 2000021724 14.3 -9997 0.0 0.0
C0G650 2000021801 14.6 -9997 0.0 0.0
C0G650 2000021802 14.6 -9997 0.0 0.0
C0G650 2000021803 14.6 -9997 0.0 0.0
C0G650 2000021804 14.5 -9997 0.0 0.0
C0G650 2000021805 14.5 -9997 0.0 0.0
C0G650 2000021806 14.6 -9997 0.0 0.0
C0G650 2000021807 14.6 -9997 0.0 0.0
C0G650 2000021808 15.3 -9997 0.0 0.0
C0G650 2000021809 16.4 -9997 0.1 0.0
C0G650 2000021810 18.1 -9997 0.9 0.0
C0G650 2000021811 19.8 -9997 0.4 0.0
C0G650 2000021812 21.1 -9997 0.3 0.0
C0G650 2000021813 22.0 -9997 0.2 0.0
C0G650 2000021814 22.6 -9997 1.2 0.0
C0G650 2000021815 22.2 -9997 0.0 0.0
C0G650 2000021816 22.3 -9997 0.1 0.0
C0G650 2000021817 21.8 -9997 0.0 0.0
C0G650 2000021818 20.3 -9997 0.0 0.0
C0G650 2000021819 16.9 -9997 0.0 0.0
C0G650 2000021820 16.4 -9997 0.0 0.0
C0G650 2000021821 16.3 -9997 -9997 0.0
C0G650 2000021822 16.1 -9997 0.0 0.0
C0G650 2000021823 16.3 -9997 0.0 0.0
C0G650 2000021824 16.7 -9997 0.0 0.0
C0G650 2000021901 17.5 -9997 0.0 0.0
C0G650 2000021902 17.9 -9997 0.0 0.0
C0G650 2000021903 18.3 -9997 0.0 0.0
C0G650 2000021904 18.3 -9997 0.0 0.0
C0G650 2000021905 -9997 -9997 0.0 0.0
C0G650 2000021906 19.0 -9997 0.1 0.0
C0G650 2000021907 18.9 -9997 0.0 0.0
C0G650 2000021908 19.5 -9997 0.8 0.0
C0G650 2000021909 20.7 -9997 0.0 0.0
C0G650 2000021910 21.1 -9997 0.0 0.0
C0G650 2000021911 22.4 -9997 0.0 0.0
C0G650 2000021912 24.2 -9997 0.0 0.0
C0G650 2000021913 25.8 -9997 0.2 0.0
C0G650 2000021914 24.9 -9997 0.0 0.0
C0G650 2000021915 23.9 -9997 0.1 0.0
C0G650 2000021916 24.7 -9997 0.2 0.0
C0G650 2000021917 23.4 -9997 0.0 0.0
C0G650 2000021918 23.3 -9997 0.0 0.0
C0G650 2000021919 23.2 -9997 0.4 0.0
C0G650 2000021920 23.1 -9997 0.0 0.0
C0G650 2000021921 22.6 -9997 0.0 0.0
C0G650 2000021922 22.3 -9997 0.0 0.0
C0G650 2000021923 21.9 -9997 0.3 0.0
C0G650 2000021924 21.6 -9997 0.0 0.0
C0G650 2000022001 21.5 -9997 0.2 0.0
C0G650 2000022002 21.7 -9997 0.0 0.0
C0G650 2000022003 21.7 -9997 0.6 2.0
C0G650 2000022004 21.5 -9997 0.0 2.0
C0G650 2000022005 21.3 -9997 0.0 0.5
C0G650 2000022006 19.1 -9997 0.8 3.5
C0G650 2000022007 18.5 -9997 0.2 2.5
C0G650 2000022008 18.2 -9997 0.0 0.0
C0G650 2000022009 16.5 -9997 0.0 1.0
C0G650 2000022010 16.5 -9997 0.1 0.0
C0G650 2000022011 17.6 -9997 0.6 -9996
C0G650 2000022012 17.2 -9997 0.0 0.5
C0G650 2000022013 15.6 -9997 0.4 1.0
C0G650 2000022014 15.8 -9997 0.8 4.0
C0G650 2000022015 15.9 -9997 0.6 0.0
C0G650 2000022016 16.1 -9997 0.4 0.0
C0G650 2000022017 15.4 -9997 0.4 0.0
C0G650 2000022018 15.1 -9997 0.4 0.0
C0G650 2000022019 14.6 -9997 0.4 0.5
C0G650 2000022020 14.2 -9997 0.0 0.0
C0G650 2000022021 14.4 -9997 0.2 0.0
C0G650 2000022022 14.3 -9997 0.2 0.0
C0G650 2000022023 14.2 -9997 0.2 0.0
C0G650 2000022024 13.8 -9997 0.4 0.0
C0G650 2000022101 13.7 -9997 0.2 0.0
C0G650 2000022102 13.5 -9997 0.7 0.0
C0G650 2000022103 13.4 -9997 0.6 1.0
C0G650 2000022104 13.0 -9997 0.4 4.5
C0G650 2000022105 13.0 -9997 0.6 1.5
C0G650 2000022106 13.0 -9997 0.0 2.0
C0G650 2000022107 13.1 -9997 0.1 3.5
C0G650 2000022108 13.2 -9997 0.1 3.0
C0G650 2000022109 -9997 -9997 -9997 4.5
C0G650 2000022110 13.6 -9997 0.0 7.5
C0G650 2000022111 14.0 -9997 0.0 5.0
C0G650 2000022112 14.1 -9997 0.1 3.5
C0G650 2000022113 14.2 -9997 0.3 7.5
C0G650 2000022114 14.3 -9997 0.1 3.0
C0G650 2000022115 14.7 -9997 0.1 3.0
C0G650 2000022116 14.8 -9997 0.4 1.5
C0G650 2000022117 14.7 -9997 0.0 3.0
C0G650 2000022118 14.8 -9997 0.0 2.5
C0G650 2000022119 14.9 -9997 0.0 3.0
C0G650 2000022120 14.7 -9997 0.1 0.0
C0G650 2000022121 14.6 -9997 0.1 0.0
C0G650 2000022122 14.8 -9997 0.1 0.0
C0G650 2000022123 14.7 -9997 0.0 0.0
C0G650 2000022124 14.8 -9997 0.0 0.0
C0G650 2000022201 14.9 -9997 0.0 0.0
C0G650 2000022202 14.9 -9997 0.0 0.0
C0G650 2000022203 14.8 -9997 0.0 0.0
C0G650 2000022204 14.9 -9997 0.1 0.0
C0G650 2000022205 14.8 -9997 0.1 0.0
C0G650 2000022206 14.5 -9997 0.4 0.0
C0G650 2000022207 14.0 -9997 1.4 0.0
C0G650 2000022208 13.8 -9997 0.3 0.0
C0G650 2000022209 14.2 -9997 0.6 0.0
C0G650 2000022210 15.2 -9997 0.4 0.0
C0G650 2000022211 16.6 -9997 0.4 0.0
C0G650 2000022212 17.4 -9997 0.4 0.5
C0G650 2000022213 17.9 -9997 0.4 0.0
C0G650 2000022214 17.5 -9997 0.4 0.0
C0G650 2000022215 18.1 -9997 0.2 0.0
C0G650 2000022216 18.2 -9997 0.5 0.0
C0G650 2000022217 18.1 -9997 0.6 0.0
C0G650 2000022218 16.7 -9997 0.8 0.0
C0G650 2000022219 16.2 -9997 0.1 0.0
C0G650 2000022220 15.8 -9997 0.5 0.0
C0G650 2000022221 15.8 -9997 0.1 0.0
C0G650 2000022222 15.8 -9997 0.4 0.0
C0G650 2000022223 15.7 -9997 0.7 0.0
C0G650 2000022224 15.6 -9997 0.7 2.5
C0G650 2000022301 14.9 -9997 0.0 3.0
C0G650 2000022302 15.1 -9997 0.0 6.5
C0G650 2000022303 15.4 -9997 0.1 0.0
C0G650 2000022304 15.0 -9997 0.0 0.0
C0G650 2000022305 15.1 -9997 0.7 0.0
C0G650 2000022306 15.1 -9997 0.5 0.5
C0G650 2000022307 15.4 -9997 1.3 17.0
C0G650 2000022308 15.2 -9997 0.6 2.0
C0G650 2000022309 14.9 -9997 0.1 2.5
C0G650 2000022310 14.8 -9997 0.7 3.0
C0G650 2000022311 15.3 -9997 0.3 -9996
C0G650 2000022312 14.8 -9997 0.0 1.5
C0G650 2000022313 15.5 -9997 0.0 0.5
C0G650 2000022314 15.4 -9997 0.6 0.0
C0G650 2000022315 16.1 -9997 0.1 0.0
C0G650 2000022316 15.8 -9997 0.8 0.0
C0G650 2000022317 15.2 -9997 0.3 0.5
C0G650 2000022318 15.3 -9997 1.0 0.0
C0G650 2000022319 15.0 -9997 0.1 1.0
C0G650 2000022320 14.5 -9997 0.7 1.0
C0G650 2000022321 14.5 -9997 0.4 0.5
C0G650 2000022322 14.6 -9997 0.1 0.0
C0G650 2000022323 14.5 -9997 -9997 0.0
C0G650 2000022324 14.2 -9997 0.6 0.0
C0G650 2000022401 14.7 -9997 1.2 0.0
C0G650 2000022402 15.1 -9997 0.6 0.0
C0G650 2000022403 15.0 -9997 0.1 0.0
C0G650 2000022404 15.0 -9997 0.0 0.0
C0G650 2000022405 15.2 -9997 0.8 0.0
C0G650 2000022406 14.8 -9997 1.3 0.0
C0G650 2000022407 14.9 -9997 1.3 0.0
C0G650 2000022408 15.0 -9997 0.1 0.0
C0G650 2000022409 15.3 -9997 0.6 0.0
C0G650 2000022410 16.7 -9997 0.2 0.0
C0G650 2000022411 17.5 -9997 0.1 0.0
C0G650 2000022412 17.8 -9997 0.7 0.0
C0G650 2000022413 17.2 -9997 0.3 0.0
C0G650 2000022414 17.0 -9997 0.9 0.0
C0G650 2000022415 16.9 -9997 0.3 0.0
C0G650 2000022416 16.8 -9997 0.4 0.0
C0G650 2000022417 16.5 -9997 0.1 0.0
C0G650 2000022418 16.3 -9997 0.1 0.0
C0G650 2000022419 16.1 -9997 0.3 0.0
C0G650 2000022420 16.0 -9997 0.0 0.0
C0G650 2000022421 15.8 -9997 0.0 0.0
C0G650 2000022422 15.8 -9997 0.0 0.0
C0G650 2000022423 15.2 -9997 0.5 0.0
C0G650 2000022424 15.2 -9997 0.0 0.0
C0G650 2000022501 15.2 -9997 0.2 0.0
C0G650 2000022502 15.2 -9997 0.1 0.0
C0G650 2000022503 15.0 -9997 0.4 0.0
C0G650 2000022504 14.3 -9997 0.0 2.5
C0G650 2000022505 13.9 -9997 0.8 4.5
C0G650 2000022506 13.8 -9997 0.4 2.0
C0G650 2000022507 13.5 -9997 0.7 2.0
C0G650 2000022508 13.4 -9997 1.0 3.5
C0G650 2000022509 13.5 -9997 0.2 5.5
C0G650 2000022510 14.0 -9997 0.0 1.0
C0G650 2000022511 14.2 -9997 0.4 1.0
C0G650 2000022512 14.4 -9997 1.1 0.0
C0G650 2000022513 15.2 -9997 1.2 0.0
C0G650 2000022514 15.9 -9997 0.5 0.0
C0G650 2000022515 15.8 -9997 0.7 0.0
C0G650 2000022516 15.5 -9997 1.2 0.0
C0G650 2000022517 14.3 -9997 2.0 0.0
C0G650 2000022518 13.2 -9997 1.1 0.0
C0G650 2000022519 12.6 -9997 2.4 0.0
C0G650 2000022520 12.2 -9997 1.8 0.0
C0G650 2000022521 12.3 -9997 1.9 1.5
C0G650 2000022522 -9997 -9997 0.3 2.0
C0G650 2000022523 12.3 -9997 0.8 0.5
C0G650 2000022524 12.2 -9997 0.8 0.0
C0G650 2000022601 12.1 -9997 2.1 0.5
C0G650 2000022602 11.9 -9997 2.6 0.0
C0G650 2000022603 11.8 -9997 2.3 0.0
C0G650 2000022604 11.4 -9997 2.8 0.0
C0G650 2000022605 11.6 -9997 2.8 0.0
C0G650 2000022606 11.6 -9997 2.3 0.0
C0G650 2000022607 11.5 -9997 1.2 0.0
C0G650 2000022608 11.7 -9997 1.9 0.0
C0G650 2000022609 12.2 -9997 1.7 0.0
C0G650 2000022610 12.4 -9997 2.3 0.0
C0G650 2000022611 12.3 -9997 2.3 0.0
C0G650 2000022612 12.4 -9997 0.8 0.0
C0G650 2000022613 12.5 -9997 1.6 0.0
C0G650 2000022614 12.9 -9997 1.5 0.0
C0G650 2000022615 12.2 -9997 1.3 0.0
C0G650 2000022616 12.0 -9997 0.8 0.0
C0G650 2000022617 11.9 -9997 0.8 0.0
C0G650 2000022618 11.9 -9997 0.3 0.0
C0G650 2000022619 12.0 -9997 0.1 0.0
C0G650 2000022620 11.5 -9997 0.0 0.0
C0G650 2000022621 11.7 -9997 0.0 0.0
C0G650 2000022622 11.7 -9997 0.0 0.0
C0G650 2000022623 11.6 -9997 0.0 -9996
C0G650 2000022624 11.8 -9997 0.0 -9996
C0G650 2000022701 11.8 -9997 0.0 0.0
C0G650 2000022702 11.7 -9997 0.0 0.0
C0G650 2000022703 11.5 -9997 0.0 0.0
C0G650 2000022704 11.4 -9997 0.0 0.0
C0G650 2000022705 11.4 -9997 0.0 0.5
C0G650 2000022706 11.5 -9997 0.0 0.0
C0G650 2000022707 11.8 -9997 0.1 0.0
C0G650 2000022708 12.7 -9997 0.0 0.0
C0G650 2000022709 13.4 -9997 0.0 0.0
C0G650 2000022710 14.7 -9997 0.6 0.0
C0G650 2000022711 15.9 -9997 0.0 0.0
C0G650 2000022712 15.8 -9997 0.0 0.0
C0G650 2000022713 16.0 -9997 0.2 0.0
C0G650 2000022714 16.2 -9997 0.0 0.0
C0G650 2000022715 16.8 -9997 0.0 0.0
C0G650 2000022716 16.3 -9997 0.0 0.0
C0G650 2000022717 15.2 -9997 0.5 0.0
C0G650 2000022718 15.0 -9997 0.4 0.0
C0G650 2000022719 14.7 -9997 0.0 0.0
C0G650 2000022720 14.7 -9997 0.0 0.0
C0G650 2000022721 14.8 -9997 0.0 0.0
C0G650 2000022722 14.5 -9997 0.0 0.0
C0G650 2000022723 14.8 -9997 0.0 0.0
C0G650 2000022724 14.5 -9997 0.3 0.0
C0G650 2000022801 14.2 -9997 0.2 0.0
C0G650 2000022802 14.0 -9997 0.2 0.0
C0G650 2000022803 14.0 -9997 0.0 0.0
C0G650 2000022804 13.9 -9997 0.2 0.0
C0G650 2000022805 14.1 -9997 0.1 0.0
C0G650 2000022806 14.1 -9997 0.1 0.0
C0G650 2000022807 14.2 -9997 0.1 0.0
C0G650 2000022808 14.8 -9997 0.4 0.0
C0G650 2000022809 14.7 -9997 0.2 0.0
C0G650 2000022810 15.7 -9997 0.3 0.0
C0G650 2000022811 17.2 -9997 0.8 0.0
C0G650 2000022812 17.1 -9997 1.4 0.0
C0G650 2000022813 17.8 -9997 1.6 0.0
C0G650 2000022814 16.2 -9997 0.4 0.0
C0G650 2000022815 15.2 -9997 1.1 0.0
C0G650 2000022816 15.4 -9997 1.1 0.0
C0G650 2000022817 15.2 -9997 1.4 0.0
C0G650 2000022818 14.5 -9997 1.7 -9996
C0G650 2000022819 14.2 -9997 0.6 0.5
C0G650 2000022820 14.2 -9997 0.3 0.0
C0G650 2000022821 14.4 -9997 0.1 0.0
C0G650 2000022822 14.3 -9997 0.9 0.0
C0G650 2000022823 14.1 -9997 0.8 0.0
C0G650 2000022824 14.2 -9997 0.8 0.0
C0G650 2000022901 14.6 -9997 3.1 0.0
C0G650 2000022902 14.9 -9997 1.8 0.0
C0G650 2000022903 14.8 -9997 0.5 0.0
C0G650 2000022904 14.7 -9997 0.2 0.0
C0G650 2000022905 14.6 -9997 0.3 0.0
C0G650 2000022906 14.5 -9997 0.1 0.0
C0G650 2000022907 14.5 -9997 0.6 0.0
C0G650 2000022908 14.7 -9997 1.2 0.0
C0G650 2000022909 15.4 -9997 0.3 0.0
C0G650 2000022910 16.4 -9997 1.4 0.0
C0G650 2000022911 17.3 -9997 1.0 0.0
C0G650 2000022912 18.2 -9997 0.4 0.0
C0G650 2000022913 19.0 -9997 0.2 0.0
C0G650 2000022914 18.5 -9997 0.6 0.0
C0G650 2000022915 18.8 -9997 0.3 0.0
C0G650 2000022916 18.5 -9997 1.4 0.0
C0G650 2000022917 17.5 -9997 1.3 0.0
C0G650 2000022918 16.5 -9997 0.8 0.0
C0G650 2000022919 15.7 -9997 0.1 0.0
C0G650 2000022920 15.5 -9997 1.0 0.0
C0G650 2000022921 15.2 -9997 0.2 0.0
C0G650 2000022922 15.0 -9997 0.4 0.0
C0G650 2000022923 14.7 -9997 0.0 0.0
C0G650 2000022924 14.6 -9997 0.2 0.0
C0G660 2000020101 -9999 -9999 -9999 0.0
C0G660 2000020102 -9999 -9999 -9999 0.0
C0G660 2000020103 -9999 -9999 -9999 0.0
C0G660 2000020104 -9999 -9999 -9999 0.0
C0G660 2000020105 -9999 -9999 -9999 0.0
C0G660 2000020106 -9999 -9999 -9999 0.0
C0G660 2000020107 -9999 -9999 -9999 0.0
C0G660 2000020108 -9999 -9999 -9999 0.0
C0G660 2000020109 -9999 -9999 -9999 0.0
C0G660 2000020110 -9999 -9999 -9999 0.0
C0G660 2000020111 -9999 -9999 -9999 0.0
C0G660 2000020112 -9999 -9999 -9999 0.0
C0G660 2000020113 -9999 -9999 -9999 0.0
C0G660 2000020114 -9999 -9999 -9999 0.0
C0G660 2000020115 -9999 -9999 -9999 0.0
C0G660 2000020116 -9999 -9999 -9999 0.0
C0G660 2000020117 -9999 -9999 -9999 0.0
C0G660 2000020118 -9999 -9999 -9999 0.0
C0G660 2000020119 -9999 -9999 -9999 0.0
C0G660 2000020120 -9999 -9999 -9999 0.0
C0G660 2000020121 -9999 -9999 -9999 0.0
C0G660 2000020122 -9999 -9999 -9999 0.0
C0G660 2000020123 -9999 -9999 -9999 0.0
C0G660 2000020124 -9999 -9999 -9999 0.0
C0G660 2000020201 -9999 -9999 -9999 0.0
C0G660 2000020202 -9999 -9999 -9999 0.0
C0G660 2000020203 -9999 -9999 -9999 0.0
C0G660 2000020204 -9999 -9999 -9999 0.0
C0G660 2000020205 -9999 -9999 -9999 0.0
C0G660 2000020206 -9999 -9999 -9999 0.0
C0G660 2000020207 -9999 -9999 -9999 0.0
C0G660 2000020208 -9999 -9999 -9999 0.0
C0G660 2000020209 -9999 -9999 -9999 0.0
C0G660 2000020210 -9999 -9999 -9999 0.0
C0G660 2000020211 -9999 -9999 -9999 0.0
C0G660 2000020212 -9999 -9999 -9999 0.0
C0G660 2000020213 -9999 -9999 -9999 0.0
C0G660 2000020214 -9999 -9999 -9999 0.0
C0G660 2000020215 -9999 -9999 -9999 0.0
C0G660 2000020216 -9999 -9999 -9999 0.0
C0G660 2000020217 -9999 -9999 -9999 0.0
C0G660 2000020218 -9999 -9999 -9999 0.0
C0G660 2000020219 -9999 -9999 -9999 0.0
C0G660 2000020220 -9999 -9999 -9999 0.0
C0G660 2000020221 -9999 -9999 -9999 0.0
C0G660 2000020222 -9999 -9999 -9999 0.0
C0G660 2000020223 -9999 -9999 -9999 0.0
C0G660 2000020224 -9999 -9999 -9999 0.0
C0G660 2000020301 -9999 -9999 -9999 0.0
C0G660 2000020302 -9999 -9999 -9999 0.0
C0G660 2000020303 -9999 -9999 -9999 0.0
C0G660 2000020304 -9999 -9999 -9999 0.0
C0G660 2000020305 -9999 -9999 -9999 0.0
C0G660 2000020306 -9999 -9999 -9999 0.0
C0G660 2000020307 -9999 -9999 -9999 0.0
C0G660 2000020308 -9999 -9999 -9999 0.0
C0G660 2000020309 -9999 -9999 -9999 0.0
C0G660 2000020310 -9999 -9999 -9999 0.0
C0G660 2000020311 -9999 -9999 -9999 0.0
C0G660 2000020312 -9999 -9999 -9999 0.0
C0G660 2000020313 -9999 -9999 -9999 0.0
C0G660 2000020314 -9999 -9999 -9999 0.0
C0G660 2000020315 -9999 -9999 -9999 0.0
C0G660 2000020316 -9999 -9999 -9999 0.0
C0G660 2000020317 -9999 -9999 -9999 0.0
C0G660 2000020318 -9999 -9999 -9999 0.0
C0G660 2000020319 -9999 -9999 -9999 0.0
C0G660 2000020320 -9999 -9999 -9999 0.0
C0G660 2000020321 -9999 -9999 -9999 0.0
C0G660 2000020322 -9999 -9999 -9999 0.0
C0G660 2000020323 -9999 -9999 -9999 0.0
C0G660 2000020324 -9999 -9999 -9999 0.0
C0G660 2000020401 -9999 -9999 -9999 0.0
C0G660 2000020402 -9999 -9999 -9999 0.0
C0G660 2000020403 -9999 -9999 -9999 0.0
C0G660 2000020404 -9999 -9999 -9999 0.0
C0G660 2000020405 -9999 -9999 -9999 0.0
C0G660 2000020406 -9999 -9999 -9999 0.0
C0G660 2000020407 -9999 -9999 -9999 0.0
C0G660 2000020408 -9999 -9999 -9999 0.0
C0G660 2000020409 -9999 -9999 -9999 0.0
C0G660 2000020410 -9999 -9999 -9999 0.0
C0G660 2000020411 -9999 -9999 -9999 0.0
C0G660 2000020412 -9999 -9999 -9999 0.0
C0G660 2000020413 -9999 -9999 -9999 0.0
C0G660 2000020414 -9999 -9999 -9999 0.0
C0G660 2000020415 -9999 -9999 -9999 0.0
C0G660 2000020416 -9999 -9999 -9999 0.0
C0G660 2000020417 -9999 -9999 -9999 0.0
C0G660 2000020418 -9999 -9999 -9999 0.0
C0G660 2000020419 -9999 -9999 -9999 0.0
C0G660 2000020420 -9999 -9999 -9999 0.0
C0G660 2000020421 -9999 -9999 -9999 0.0
C0G660 2000020422 -9999 -9999 -9999 0.0
C0G660 2000020423 -9999 -9999 -9999 0.0
C0G660 2000020424 -9999 -9999 -9999 0.0
C0G660 2000020501 -9999 -9999 -9999 0.0
C0G660 2000020502 -9999 -9999 -9999 0.0
C0G660 2000020503 -9999 -9999 -9999 0.0
C0G660 2000020504 -9999 -9999 -9999 0.0
C0G660 2000020505 -9999 -9999 -9999 0.0
C0G660 2000020506 -9999 -9999 -9999 0.0
C0G660 2000020507 -9999 -9999 -9999 0.0
C0G660 2000020508 -9999 -9999 -9999 0.0
C0G660 2000020509 -9999 -9999 -9999 0.0
C0G660 2000020510 -9999 -9999 -9999 0.0
C0G660 2000020511 -9999 -9999 -9999 0.0
C0G660 2000020512 -9999 -9999 -9999 0.0
C0G660 2000020513 -9999 -9999 -9999 0.0
C0G660 2000020514 -9999 -9999 -9999 0.0
C0G660 2000020515 -9999 -9999 -9999 0.0
C0G660 2000020516 -9999 -9999 -9999 0.0
C0G660 2000020517 -9999 -9999 -9999 0.0
C0G660 2000020518 -9999 -9999 -9999 0.0
C0G660 2000020519 -9999 -9999 -9999 0.0
C0G660 2000020520 -9999 -9999 -9999 0.0
C0G660 2000020521 -9999 -9999 -9999 0.0
C0G660 2000020522 -9999 -9999 -9999 0.0
C0G660 2000020523 -9999 -9999 -9999 0.0
C0G660 2000020524 -9999 -9999 -9999 0.0
C0G660 2000020601 -9999 -9999 -9999 0.0
C0G660 2000020602 -9999 -9999 -9999 0.0
C0G660 2000020603 -9999 -9999 -9999 0.0
C0G660 2000020604 -9999 -9999 -9999 0.0
C0G660 2000020605 -9999 -9999 -9999 0.0
C0G660 2000020606 -9999 -9999 -9999 0.0
C0G660 2000020607 -9999 -9999 -9999 0.0
C0G660 2000020608 -9999 -9999 -9999 0.0
C0G660 2000020609 -9999 -9999 -9999 0.0
C0G660 2000020610 -9999 -9999 -9999 0.0
C0G660 2000020611 -9999 -9999 -9999 0.0
C0G660 2000020612 -9999 -9999 -9999 0.0
C0G660 2000020613 -9999 -9999 -9999 0.0
C0G660 2000020614 -9999 -9999 -9999 0.0
C0G660 2000020615 -9999 -9999 -9999 0.0
C0G660 2000020616 -9999 -9999 -9999 0.0
C0G660 2000020617 -9999 -9999 -9999 0.0
C0G660 2000020618 -9999 -9999 -9999 0.0
C0G660 2000020619 -9999 -9999 -9999 0.0
C0G660 2000020620 -9999 -9999 -9999 0.0
C0G660 2000020621 -9999 -9999 -9999 0.0
C0G660 2000020622 -9999 -9999 -9999 0.0
C0G660 2000020623 -9999 -9999 -9999 0.0
C0G660 2000020624 -9999 -9999 -9999 0.0
C0G660 2000020701 -9999 -9999 -9999 0.0
C0G660 2000020702 -9999 -9999 -9999 0.0
C0G660 2000020703 -9999 -9999 -9999 0.0
C0G660 2000020704 -9999 -9999 -9999 0.0
C0G660 2000020705 -9999 -9999 -9999 0.0
C0G660 2000020706 -9999 -9999 -9999 0.0
C0G660 2000020707 -9999 -9999 -9999 0.0
C0G660 2000020708 -9999 -9999 -9999 0.0
C0G660 2000020709 -9999 -9999 -9999 0.0
C0G660 2000020710 -9999 -9999 -9999 0.0
C0G660 2000020711 -9999 -9999 -9999 0.0
C0G660 2000020712 -9999 -9999 -9999 0.0
C0G660 2000020713 -9999 -9999 -9999 0.0
C0G660 2000020714 -9999 -9999 -9999 0.0
C0G660 2000020715 -9999 -9999 -9999 0.0
C0G660 2000020716 -9999 -9999 -9999 0.0
C0G660 2000020717 -9999 -9999 -9999 0.0
C0G660 2000020718 -9999 -9999 -9999 0.0
C0G660 2000020719 -9999 -9999 -9999 0.0
C0G660 2000020720 -9999 -9999 -9999 0.0
C0G660 2000020721 -9999 -9999 -9999 0.0
C0G660 2000020722 -9999 -9999 -9999 0.0
C0G660 2000020723 -9999 -9999 -9999 0.0
C0G660 2000020724 -9999 -9999 -9999 0.0
C0G660 2000020801 -9999 -9999 -9999 0.0
C0G660 2000020802 -9999 -9999 -9999 0.0
C0G660 2000020803 -9999 -9999 -9999 0.0
C0G660 2000020804 -9999 -9999 -9999 0.0
C0G660 2000020805 -9999 -9999 -9999 0.0
C0G660 2000020806 -9999 -9999 -9999 0.0
C0G660 2000020807 -9999 -9999 -9999 0.0
C0G660 2000020808 -9999 -9999 -9999 0.0
C0G660 2000020809 -9999 -9999 -9999 0.0
C0G660 2000020810 -9999 -9999 -9999 0.0
C0G660 2000020811 -9999 -9999 -9999 0.0
C0G660 2000020812 -9999 -9999 -9999 0.0
C0G660 2000020813 -9999 -9999 -9999 0.0
C0G660 2000020814 -9999 -9999 -9999 0.0
C0G660 2000020815 -9999 -9999 -9999 0.0
C0G660 2000020816 -9999 -9999 -9999 0.0
C0G660 2000020817 -9999 -9999 -9999 0.0
C0G660 2000020818 -9999 -9999 -9999 0.0
C0G660 2000020819 -9999 -9999 -9999 0.0
C0G660 2000020820 -9999 -9999 -9999 0.0
C0G660 2000020821 -9999 -9999 -9999 0.0
C0G660 2000020822 -9999 -9999 -9999 0.0
C0G660 2000020823 -9999 -9999 -9999 0.0
C0G660 2000020824 -9999 -9999 -9999 0.0
C0G660 2000020901 -9999 -9999 -9999 0.0
C0G660 2000020902 -9999 -9999 -9999 0.0
C0G660 2000020903 -9999 -9999 -9999 0.0
C0G660 2000020904 -9999 -9999 -9999 0.0
C0G660 2000020905 -9999 -9999 -9999 0.0
C0G660 2000020906 -9999 -9999 -9999 0.0
C0G660 2000020907 -9999 -9999 -9999 0.0
C0G660 2000020908 -9999 -9999 -9999 0.0
C0G660 2000020909 -9999 -9999 -9999 0.0
C0G660 2000020910 -9999 -9999 -9999 0.0
C0G660 2000020911 -9999 -9999 -9999 0.0
C0G660 2000020912 -9999 -9999 -9999 0.0
C0G660 2000020913 -9999 -9999 -9999 0.0
C0G660 2000020914 -9999 -9999 -9999 0.0
C0G660 2000020915 -9999 -9999 -9999 0.0
C0G660 2000020916 -9999 -9999 -9999 0.0
C0G660 2000020917 -9999 -9999 -9999 0.0
C0G660 2000020918 -9999 -9999 -9999 0.0
C0G660 2000020919 -9999 -9999 -9999 0.0
C0G660 2000020920 -9999 -9999 -9999 0.0
C0G660 2000020921 -9999 -9999 -9999 0.0
C0G660 2000020922 -9999 -9999 -9999 0.0
C0G660 2000020923 -9999 -9999 -9999 0.0
C0G660 2000020924 -9999 -9999 -9999 0.0
C0G660 2000021001 -9999 -9999 -9999 0.0
C0G660 2000021002 -9999 -9999 -9999 0.0
C0G660 2000021003 -9999 -9999 -9999 0.0
C0G660 2000021004 -9999 -9999 -9999 0.0
C0G660 2000021005 -9999 -9999 -9999 0.0
C0G660 2000021006 -9999 -9999 -9999 0.0
C0G660 2000021007 -9999 -9999 -9999 0.0
C0G660 2000021008 -9999 -9999 -9999 0.0
C0G660 2000021009 -9999 -9999 -9999 0.0
C0G660 2000021010 -9999 -9999 -9999 0.0
C0G660 2000021011 -9999 -9999 -9999 0.0
C0G660 2000021012 -9999 -9999 -9999 0.0
C0G660 2000021013 -9999 -9999 -9999 0.0
C0G660 2000021014 -9999 -9999 -9999 0.0
C0G660 2000021015 -9999 -9999 -9999 0.0
C0G660 2000021016 -9999 -9999 -9999 0.0
C0G660 2000021017 -9999 -9999 -9999 0.0
C0G660 2000021018 -9999 -9999 -9999 0.0
C0G660 2000021019 -9999 -9999 -9999 0.0
C0G660 2000021020 -9999 -9999 -9999 0.0
C0G660 2000021021 -9999 -9999 -9999 0.0
C0G660 2000021022 -9999 -9999 -9999 0.0
C0G660 2000021023 -9999 -9999 -9999 0.0
C0G660 2000021024 -9999 -9999 -9999 0.0
C0G660 2000021101 -9999 -9999 -9999 0.0
C0G660 2000021102 -9999 -9999 -9999 0.0
C0G660 2000021103 -9999 -9999 -9999 0.0
C0G660 2000021104 -9999 -9999 -9999 0.0
C0G660 2000021105 -9999 -9999 -9999 0.0
C0G660 2000021106 -9999 -9999 -9999 0.0
C0G660 2000021107 -9999 -9999 -9999 0.0
C0G660 2000021108 -9999 -9999 -9999 0.0
C0G660 2000021109 -9999 -9999 -9999 0.0
C0G660 2000021110 -9999 -9999 -9999 0.0
C0G660 2000021111 -9999 -9999 -9999 0.0
C0G660 2000021112 -9999 -9999 -9999 0.0
C0G660 2000021113 -9999 -9999 -9999 0.0
C0G660 2000021114 -9999 -9999 -9999 0.0
C0G660 2000021115 -9999 -9999 -9999 0.0
C0G660 2000021116 -9999 -9999 -9999 0.0
C0G660 2000021117 -9999 -9999 -9999 0.0
C0G660 2000021118 -9999 -9999 -9999 0.0
C0G660 2000021119 -9999 -9999 -9999 0.0
C0G660 2000021120 -9999 -9999 -9999 0.0
C0G660 2000021121 -9999 -9999 -9999 0.0
C0G660 2000021122 -9999 -9999 -9999 0.0
C0G660 2000021123 -9999 -9999 -9999 0.0
C0G660 2000021124 -9999 -9999 -9999 0.0
C0G660 2000021201 -9999 -9999 -9999 0.0
C0G660 2000021202 -9999 -9999 -9999 0.0
C0G660 2000021203 -9999 -9999 -9999 0.0
C0G660 2000021204 -9999 -9999 -9999 0.0
C0G660 2000021205 -9999 -9999 -9999 0.0
C0G660 2000021206 -9999 -9999 -9999 0.0
C0G660 2000021207 -9999 -9999 -9999 0.0
C0G660 2000021208 -9999 -9999 -9999 0.0
C0G660 2000021209 -9999 -9999 -9999 0.0
C0G660 2000021210 -9999 -9999 -9999 0.0
C0G660 2000021211 -9999 -9999 -9999 0.0
C0G660 2000021212 -9999 -9999 -9999 0.0
C0G660 2000021213 -9999 -9999 -9999 0.0
C0G660 2000021214 -9999 -9999 -9999 0.0
C0G660 2000021215 -9999 -9999 -9999 0.0
C0G660 2000021216 -9999 -9999 -9999 0.0
C0G660 2000021217 -9999 -9999 -9999 0.0
C0G660 2000021218 -9999 -9999 -9999 0.0
C0G660 2000021219 -9999 -9999 -9999 0.0
C0G660 2000021220 -9999 -9999 -9999 0.0
C0G660 2000021221 -9999 -9999 -9999 0.0
C0G660 2000021222 -9999 -9999 -9999 0.0
C0G660 2000021223 -9999 -9999 -9999 0.0
C0G660 2000021224 -9999 -9999 -9999 0.0
C0G660 2000021301 -9999 -9999 -9999 0.0
C0G660 2000021302 -9999 -9999 -9999 0.0
C0G660 2000021303 -9999 -9999 -9999 0.0
C0G660 2000021304 -9999 -9999 -9999 0.0
C0G660 2000021305 -9999 -9999 -9999 0.0
C0G660 2000021306 -9999 -9999 -9999 0.0
C0G660 2000021307 -9999 -9999 -9999 0.0
C0G660 2000021308 -9999 -9999 -9999 0.0
C0G660 2000021309 -9999 -9999 -9999 0.0
C0G660 2000021310 -9999 -9999 -9999 0.0
C0G660 2000021311 -9999 -9999 -9999 0.0
C0G660 2000021312 -9999 -9999 -9999 0.0
C0G660 2000021313 -9999 -9999 -9999 0.0
C0G660 2000021314 -9999 -9999 -9999 0.0
C0G660 2000021315 -9999 -9999 -9999 0.0
C0G660 2000021316 -9999 -9999 -9999 0.0
C0G660 2000021317 -9999 -9999 -9999 0.0
C0G660 2000021318 -9999 -9999 -9999 0.0
C0G660 2000021319 -9999 -9999 -9999 0.0
C0G660 2000021320 -9999 -9999 -9999 0.0
C0G660 2000021321 -9999 -9999 -9999 0.0
C0G660 2000021322 -9999 -9999 -9999 0.0
C0G660 2000021323 -9999 -9999 -9999 0.0
C0G660 2000021324 -9999 -9999 -9999 0.0
C0G660 2000021401 -9999 -9999 -9999 0.0
C0G660 2000021402 -9999 -9999 -9999 0.0
C0G660 2000021403 -9999 -9999 -9999 0.0
C0G660 2000021404 -9999 -9999 -9999 0.0
C0G660 2000021405 -9999 -9999 -9999 0.0
C0G660 2000021406 -9999 -9999 -9999 0.0
C0G660 2000021407 -9999 -9999 -9999 0.0
C0G660 2000021408 -9999 -9999 -9999 0.0
C0G660 2000021409 -9999 -9999 -9999 0.0
C0G660 2000021410 -9999 -9999 -9999 0.0
C0G660 2000021411 -9999 -9999 -9999 0.0
C0G660 2000021412 -9999 -9999 -9999 0.0
C0G660 2000021413 -9999 -9999 -9999 0.0
C0G660 2000021414 -9999 -9999 -9999 0.0
C0G660 2000021415 -9999 -9999 -9999 0.0
C0G660 2000021416 -9999 -9999 -9999 0.0
C0G660 2000021417 -9999 -9999 -9999 0.0
C0G660 2000021418 -9999 -9999 -9999 0.0
C0G660 2000021419 -9999 -9999 -9999 0.0
C0G660 2000021420 -9999 -9999 -9999 0.0
C0G660 2000021421 -9999 -9999 -9999 0.0
C0G660 2000021422 -9999 -9999 -9999 0.0
C0G660 2000021423 -9999 -9999 -9999 0.0
C0G660 2000021424 -9999 -9999 -9999 0.0
C0G660 2000021501 -9999 -9999 -9999 0.0
C0G660 2000021502 -9999 -9999 -9999 0.0
C0G660 2000021503 -9999 -9999 -9999 0.0
C0G660 2000021504 -9999 -9999 -9999 0.0
C0G660 2000021505 -9999 -9999 -9999 0.0
C0G660 2000021506 -9999 -9999 -9999 0.0
C0G660 2000021507 -9999 -9999 -9999 0.0
C0G660 2000021508 -9999 -9999 -9999 0.0
C0G660 2000021509 -9999 -9999 -9999 0.0
C0G660 2000021510 -9999 -9999 -9999 0.0
C0G660 2000021511 -9999 -9999 -9999 0.0
C0G660 2000021512 -9999 -9999 -9999 0.0
C0G660 2000021513 -9999 -9999 -9999 0.0
C0G660 2000021514 -9999 -9999 -9999 0.0
C0G660 2000021515 -9999 -9999 -9999 0.0
C0G660 2000021516 -9999 -9999 -9999 0.0
C0G660 2000021517 -9999 -9999 -9999 0.0
C0G660 2000021518 -9999 -9999 -9999 0.0
C0G660 2000021519 -9999 -9999 -9999 0.0
C0G660 2000021520 -9999 -9999 -9999 0.0
C0G660 2000021521 -9999 -9999 -9999 0.0
C0G660 2000021522 -9999 -9999 -9999 0.0
C0G660 2000021523 -9999 -9999 -9999 0.0
C0G660 2000021524 -9999 -9999 -9999 -9996
C0G660 2000021601 -9999 -9999 -9999 0.0
C0G660 2000021602 -9999 -9999 -9999 0.0
C0G660 2000021603 -9999 -9999 -9999 0.0
C0G660 2000021604 -9999 -9999 -9999 0.0
C0G660 2000021605 -9999 -9999 -9999 0.0
C0G660 2000021606 -9999 -9999 -9999 0.0
C0G660 2000021607 -9999 -9999 -9999 0.0
C0G660 2000021608 -9999 -9999 -9999 0.0
C0G660 2000021609 -9999 -9999 -9999 0.0
C0G660 2000021610 -9999 -9999 -9999 0.0
C0G660 2000021611 -9999 -9999 -9999 0.0
C0G660 2000021612 -9999 -9999 -9999 0.0
C0G660 2000021613 -9999 -9999 -9999 0.0
C0G660 2000021614 -9999 -9999 -9999 0.0
C0G660 2000021615 -9999 -9999 -9999 0.0
C0G660 2000021616 -9999 -9999 -9999 0.0
C0G660 2000021617 -9999 -9999 -9999 0.0
C0G660 2000021618 -9999 -9999 -9999 0.0
C0G660 2000021619 -9999 -9999 -9999 0.0
C0G660 2000021620 -9999 -9999 -9999 0.0
C0G660 2000021621 -9999 -9999 -9999 0.0
C0G660 2000021622 -9999 -9999 -9999 0.0
C0G660 2000021623 -9999 -9999 -9999 0.0
C0G660 2000021624 -9999 -9999 -9999 0.0
C0G660 2000021701 -9999 -9999 -9999 0.0
C0G660 2000021702 -9999 -9999 -9999 0.0
C0G660 2000021703 -9999 -9999 -9999 0.0
C0G660 2000021704 -9999 -9999 -9999 0.0
C0G660 2000021705 -9999 -9999 -9999 0.0
C0G660 2000021706 -9999 -9999 -9999 0.0
C0G660 2000021707 -9999 -9999 -9999 0.0
C0G660 2000021708 -9999 -9999 -9999 0.0
C0G660 2000021709 -9999 -9999 -9999 0.0
C0G660 2000021710 -9999 -9999 -9999 0.0
C0G660 2000021711 -9999 -9999 -9999 0.0
C0G660 2000021712 -9999 -9999 -9999 0.0
C0G660 2000021713 -9999 -9999 -9999 0.0
C0G660 2000021714 -9999 -9999 -9999 0.0
C0G660 2000021715 -9999 -9999 -9999 0.0
C0G660 2000021716 -9999 -9999 -9999 0.0
C0G660 2000021717 -9999 -9999 -9999 0.0
C0G660 2000021718 -9999 -9999 -9999 0.0
C0G660 2000021719 -9999 -9999 -9999 0.0
C0G660 2000021720 -9999 -9999 -9999 0.0
C0G660 2000021721 -9999 -9999 -9999 0.0
C0G660 2000021722 -9999 -9999 -9999 0.0
C0G660 2000021723 -9999 -9999 -9999 0.0
C0G660 2000021724 -9999 -9999 -9999 0.0
C0G660 2000021801 -9999 -9999 -9999 0.0
C0G660 2000021802 -9999 -9999 -9999 0.0
C0G660 2000021803 -9999 -9999 -9999 0.0
C0G660 2000021804 -9999 -9999 -9999 0.0
C0G660 2000021805 -9999 -9999 -9999 0.0
C0G660 2000021806 -9999 -9999 -9999 0.0
C0G660 2000021807 -9999 -9999 -9999 0.0
C0G660 2000021808 -9999 -9999 -9999 0.0
C0G660 2000021809 -9999 -9999 -9999 0.0
C0G660 2000021810 -9999 -9999 -9999 0.0
C0G660 2000021811 -9999 -9999 -9999 0.0
C0G660 2000021812 -9999 -9999 -9999 0.0
C0G660 2000021813 -9999 -9999 -9999 0.0
C0G660 2000021814 -9999 -9999 -9999 0.0
C0G660 2000021815 -9999 -9999 -9999 0.0
C0G660 2000021816 -9999 -9999 -9999 0.0
C0G660 2000021817 -9999 -9999 -9999 0.0
C0G660 2000021818 -9999 -9999 -9999 0.0
C0G660 2000021819 -9999 -9999 -9999 0.0
C0G660 2000021820 -9999 -9999 -9999 0.0
C0G660 2000021821 -9999 -9999 -9999 0.0
C0G660 2000021822 -9999 -9999 -9999 0.0
C0G660 2000021823 -9999 -9999 -9999 0.0
C0G660 2000021824 -9999 -9999 -9999 0.0
C0G660 2000021901 -9999 -9999 -9999 0.0
C0G660 2000021902 -9999 -9999 -9999 0.0
C0G660 2000021903 -9999 -9999 -9999 0.0
C0G660 2000021904 -9999 -9999 -9999 0.0
C0G660 2000021905 -9999 -9999 -9999 0.0
C0G660 2000021906 -9999 -9999 -9999 0.0
C0G660 2000021907 -9999 -9999 -9999 0.0
C0G660 2000021908 -9999 -9999 -9999 0.0
C0G660 2000021909 -9999 -9999 -9999 0.0
C0G660 2000021910 -9999 -9999 -9999 0.0
C0G660 2000021911 -9999 -9999 -9999 0.0
C0G660 2000021912 -9999 -9999 -9999 0.0
C0G660 2000021913 -9999 -9999 -9999 0.0
C0G660 2000021914 -9999 -9999 -9999 0.0
C0G660 2000021915 -9999 -9999 -9999 0.0
C0G660 2000021916 -9999 -9999 -9999 0.0
C0G660 2000021917 -9999 -9999 -9999 0.0
C0G660 2000021918 -9999 -9999 -9999 0.0
C0G660 2000021919 -9999 -9999 -9999 0.0
C0G660 2000021920 -9999 -9999 -9999 0.0
C0G660 2000021921 -9999 -9999 -9999 0.0
C0G660 2000021922 -9999 -9999 -9999 0.0
C0G660 2000021923 -9999 -9999 -9999 0.0
C0G660 2000021924 -9999 -9999 -9999 0.0
C0G660 2000022001 -9999 -9999 -9999 0.0
C0G660 2000022002 -9999 -9999 -9999 0.0
C0G660 2000022003 -9999 -9999 -9999 2.0
C0G660 2000022004 -9999 -9999 -9999 1.0
C0G660 2000022005 -9999 -9999 -9999 0.0
C0G660 2000022006 -9999 -9999 -9999 6.0
C0G660 2000022007 -9999 -9999 -9999 0.5
C0G660 2000022008 -9999 -9999 -9999 0.5
C0G660 2000022009 -9999 -9999 -9999 0.0
C0G660 2000022010 -9999 -9999 -9999 0.5
C0G660 2000022011 -9999 -9999 -9999 0.0
C0G660 2000022012 -9999 -9999 -9999 0.5
C0G660 2000022013 -9999 -9999 -9999 0.0
C0G660 2000022014 -9999 -9999 -9999 1.5
C0G660 2000022015 -9999 -9999 -9999 0.0
C0G660 2000022016 -9999 -9999 -9999 0.0
C0G660 2000022017 -9999 -9999 -9999 0.0
C0G660 2000022018 -9999 -9999 -9999 0.0
C0G660 2000022019 -9999 -9999 -9999 0.0
C0G660 2000022020 -9999 -9999 -9999 0.0
C0G660 2000022021 -9999 -9999 -9999 0.0
C0G660 2000022022 -9999 -9999 -9999 0.0
C0G660 2000022023 -9999 -9999 -9999 0.0
C0G660 2000022024 -9999 -9999 -9999 0.0
C0G660 2000022101 -9999 -9999 -9999 0.5
C0G660 2000022102 -9999 -9999 -9999 0.5
C0G660 2000022103 -9999 -9999 -9999 0.5
C0G660 2000022104 -9999 -9999 -9999 5.0
C0G660 2000022105 -9999 -9999 -9999 1.0
C0G660 2000022106 -9999 -9999 -9999 -9996
C0G660 2000022107 -9999 -9999 -9999 1.5
C0G660 2000022108 -9999 -9999 -9999 2.5
C0G660 2000022109 -9999 -9999 -9999 2.5
C0G660 2000022110 -9999 -9999 -9999 4.5
C0G660 2000022111 -9999 -9999 -9999 7.0
C0G660 2000022112 -9999 -9999 -9999 2.5
C0G660 2000022113 -9999 -9999 -9999 6.0
C0G660 2000022114 -9999 -9999 -9999 2.5
C0G660 2000022115 -9999 -9999 -9999 3.0
C0G660 2000022116 -9999 -9999 -9999 1.5
C0G660 2000022117 -9999 -9999 -9999 2.0
C0G660 2000022118 -9999 -9999 -9999 3.5
C0G660 2000022119 -9999 -9999 -9999 3.0
C0G660 2000022120 -9999 -9999 -9999 0.0
C0G660 2000022121 -9999 -9999 -9999 0.0
C0G660 2000022122 -9999 -9999 -9999 0.0
C0G660 2000022123 -9999 -9999 -9999 0.0
C0G660 2000022124 -9999 -9999 -9999 0.0
C0G660 2000022201 -9999 -9999 -9999 0.0
C0G660 2000022202 -9999 -9999 -9999 0.0
C0G660 2000022203 -9999 -9999 -9999 0.0
C0G660 2000022204 -9999 -9999 -9999 0.0
C0G660 2000022205 -9999 -9999 -9999 0.0
C0G660 2000022206 -9999 -9999 -9999 0.0
C0G660 2000022207 -9999 -9999 -9999 0.0
C0G660 2000022208 -9999 -9999 -9999 0.0
C0G660 2000022209 -9999 -9999 -9999 0.0
C0G660 2000022210 -9999 -9999 -9999 0.0
C0G660 2000022211 -9999 -9999 -9999 0.5
C0G660 2000022212 -9999 -9999 -9999 -9996
C0G660 2000022213 -9999 -9999 -9999 0.5
C0G660 2000022214 -9999 -9999 -9999 0.0
C0G660 2000022215 -9999 -9999 -9999 0.0
C0G660 2000022216 -9999 -9999 -9999 0.0
C0G660 2000022217 -9999 -9999 -9999 0.0
C0G660 2000022218 -9999 -9999 -9999 0.0
C0G660 2000022219 -9999 -9999 -9999 0.0
C0G660 2000022220 -9999 -9999 -9999 0.0
C0G660 2000022221 -9999 -9999 -9999 0.0
C0G660 2000022222 -9999 -9999 -9999 0.0
C0G660 2000022223 -9999 -9999 -9999 0.0
C0G660 2000022224 -9999 -9999 -9999 0.5
C0G660 2000022301 -9999 -9999 -9999 1.0
C0G660 2000022302 -9999 -9999 -9999 10.0
C0G660 2000022303 -9999 -9999 -9999 0.0
C0G660 2000022304 -9999 -9999 -9999 0.0
C0G660 2000022305 -9999 -9999 -9999 0.0
C0G660 2000022306 -9999 -9999 -9999 0.5
C0G660 2000022307 -9999 -9999 -9999 5.0
C0G660 2000022308 -9999 -9999 -9999 1.5
C0G660 2000022309 -9999 -9999 -9999 0.5
C0G660 2000022310 -9999 -9999 -9999 2.0
C0G660 2000022311 -9999 -9999 -9999 0.5
C0G660 2000022312 -9999 -9999 -9999 2.0
C0G660 2000022313 -9999 -9999 -9999 0.5
C0G660 2000022314 -9999 -9999 -9999 0.0
C0G660 2000022315 -9999 -9999 -9999 0.0
C0G660 2000022316 -9999 -9999 -9999 0.0
C0G660 2000022317 -9999 -9999 -9999 0.0
C0G660 2000022318 -9999 -9999 -9999 0.0
C0G660 2000022319 -9999 -9999 -9999 0.0
C0G660 2000022320 -9999 -9999 -9999 -9996
C0G660 2000022321 -9999 -9999 -9999 2.0
C0G660 2000022322 -9999 -9999 -9999 0.0
C0G660 2000022323 -9999 -9999 -9999 0.0
C0G660 2000022324 -9999 -9999 -9999 0.0
C0G660 2000022401 -9999 -9999 -9999 0.0
C0G660 2000022402 -9999 -9999 -9999 0.0
C0G660 2000022403 -9999 -9999 -9999 0.0
C0G660 2000022404 -9999 -9999 -9999 0.0
C0G660 2000022405 -9999 -9999 -9999 0.0
C0G660 2000022406 -9999 -9999 -9999 0.0
C0G660 2000022407 -9999 -9999 -9999 0.0
C0G660 2000022408 -9999 -9999 -9999 0.0
C0G660 2000022409 -9999 -9999 -9999 0.0
C0G660 2000022410 -9999 -9999 -9999 0.0
C0G660 2000022411 -9999 -9999 -9999 0.0
C0G660 2000022412 -9999 -9999 -9999 0.0
C0G660 2000022413 -9999 -9999 -9999 0.0
C0G660 2000022414 -9999 -9999 -9999 0.0
C0G660 2000022415 -9999 -9999 -9999 0.0
C0G660 2000022416 -9999 -9999 -9999 0.0
C0G660 2000022417 -9999 -9999 -9999 0.0
C0G660 2000022418 -9999 -9999 -9999 0.0
C0G660 2000022419 -9999 -9999 -9999 0.0
C0G660 2000022420 -9999 -9999 -9999 0.0
C0G660 2000022421 -9999 -9999 -9999 0.0
C0G660 2000022422 -9999 -9999 -9999 0.0
C0G660 2000022423 -9999 -9999 -9999 0.0
C0G660 2000022424 -9999 -9999 -9999 0.0
C0G660 2000022501 -9999 -9999 -9999 0.0
C0G660 2000022502 -9999 -9999 -9999 0.0
C0G660 2000022503 -9999 -9999 -9999 0.0
C0G660 2000022504 -9999 -9999 -9999 2.0
C0G660 2000022505 -9999 -9999 -9999 4.5
C0G660 2000022506 -9999 -9999 -9999 2.5
C0G660 2000022507 -9999 -9999 -9999 1.5
C0G660 2000022508 -9999 -9999 -9999 4.0
C0G660 2000022509 -9999 -9999 -9999 3.5
C0G660 2000022510 -9999 -9999 -9999 1.0
C0G660 2000022511 -9999 -9999 -9999 0.5
C0G660 2000022512 -9999 -9999 -9999 0.0
C0G660 2000022513 -9999 -9999 -9999 0.0
C0G660 2000022514 -9999 -9999 -9999 0.0
C0G660 2000022515 -9999 -9999 -9999 0.0
C0G660 2000022516 -9999 -9999 -9999 0.0
C0G660 2000022517 -9999 -9999 -9999 0.0
C0G660 2000022518 -9999 -9999 -9999 0.0
C0G660 2000022519 -9999 -9999 -9999 0.0
C0G660 2000022520 -9999 -9999 -9999 0.0
C0G660 2000022521 -9999 -9999 -9999 1.0
C0G660 2000022522 -9999 -9999 -9999 1.5
C0G660 2000022523 -9999 -9999 -9999 0.5
C0G660 2000022524 -9999 -9999 -9999 0.0
C0G660 2000022601 -9999 -9999 -9999 0.0
C0G660 2000022602 -9999 -9999 -9999 0.0
C0G660 2000022603 -9999 -9999 -9999 0.0
C0G660 2000022604 -9999 -9999 -9999 0.0
C0G660 2000022605 -9999 -9999 -9999 0.0
C0G660 2000022606 -9999 -9999 -9999 0.0
C0G660 2000022607 -9999 -9999 -9999 0.0
C0G660 2000022608 -9999 -9999 -9999 0.0
C0G660 2000022609 -9999 -9999 -9999 0.0
C0G660 2000022610 -9999 -9999 -9999 0.0
C0G660 2000022611 -9999 -9999 -9999 0.0
C0G660 2000022612 -9999 -9999 -9999 0.0
C0G660 2000022613 -9999 -9999 -9999 0.0
C0G660 2000022614 -9999 -9999 -9999 0.0
C0G660 2000022615 -9999 -9999 -9999 0.0
C0G660 2000022616 -9999 -9999 -9999 0.0
C0G660 2000022617 -9999 -9999 -9999 0.0
C0G660 2000022618 -9999 -9999 -9999 0.0
C0G660 2000022619 -9999 -9999 -9999 0.0
C0G660 2000022620 -9999 -9999 -9999 0.0
C0G660 2000022621 -9999 -9999 -9999 0.0
C0G660 2000022622 -9999 -9999 -9999 0.0
C0G660 2000022623 -9999 -9999 -9999 0.0
C0G660 2000022624 -9999 -9999 -9999 0.0
C0G660 2000022701 -9999 -9999 -9999 0.0
C0G660 2000022702 -9999 -9999 -9999 0.0
C0G660 2000022703 -9999 -9999 -9999 -9996
C0G660 2000022704 -9999 -9999 -9999 0.5
C0G660 2000022705 -9999 -9999 -9999 0.0
C0G660 2000022706 -9999 -9999 -9999 0.0
C0G660 2000022707 -9999 -9999 -9999 0.0
C0G660 2000022708 -9999 -9999 -9999 0.0
C0G660 2000022709 -9999 -9999 -9999 0.0
C0G660 2000022710 -9999 -9999 -9999 0.0
C0G660 2000022711 -9999 -9999 -9999 0.0
C0G660 2000022712 -9999 -9999 -9999 0.0
C0G660 2000022713 -9999 -9999 -9999 0.0
C0G660 2000022714 -9999 -9999 -9999 0.0
C0G660 2000022715 -9999 -9999 -9999 0.0
C0G660 2000022716 -9999 -9999 -9999 0.0
C0G660 2000022717 -9999 -9999 -9999 0.0
C0G660 2000022718 -9999 -9999 -9999 0.5
C0G660 2000022719 -9999 -9999 -9999 0.0
C0G660 2000022720 -9999 -9999 -9999 0.0
C0G660 2000022721 -9999 -9999 -9999 0.0
C0G660 2000022722 -9999 -9999 -9999 0.0
C0G660 2000022723 -9999 -9999 -9999 0.0
C0G660 2000022724 -9999 -9999 -9999 0.0
C0G660 2000022801 -9999 -9999 -9999 0.0
C0G660 2000022802 -9999 -9999 -9999 0.0
C0G660 2000022803 -9999 -9999 -9999 0.0
C0G660 2000022804 -9999 -9999 -9999 0.0
C0G660 2000022805 -9999 -9999 -9999 0.0
C0G660 2000022806 -9999 -9999 -9999 0.0
C0G660 2000022807 -9999 -9999 -9999 0.0
C0G660 2000022808 -9999 -9999 -9999 0.0
C0G660 2000022809 -9999 -9999 -9999 0.0
C0G660 2000022810 -9999 -9999 -9999 0.0
C0G660 2000022811 -9999 -9999 -9999 0.0
C0G660 2000022812 -9999 -9999 -9999 0.0
C0G660 2000022813 -9999 -9999 -9999 0.0
C0G660 2000022814 -9999 -9999 -9999 0.0
C0G660 2000022815 -9999 -9999 -9999 0.0
C0G660 2000022816 -9999 -9999 -9999 0.0
C0G660 2000022817 -9999 -9999 -9999 0.0
C0G660 2000022818 -9999 -9999 -9999 0.0
C0G660 2000022819 -9999 -9999 -9999 0.5
C0G660 2000022820 -9999 -9999 -9999 0.0
C0G660 2000022821 -9999 -9999 -9999 0.0
C0G660 2000022822 -9999 -9999 -9999 0.0
C0G660 2000022823 -9999 -9999 -9999 0.0
C0G660 2000022824 -9999 -9999 -9999 0.0
C0G660 2000022901 -9999 -9999 -9999 0.0
C0G660 2000022902 -9999 -9999 -9999 0.0
C0G660 2000022903 -9999 -9999 -9999 0.0
C0G660 2000022904 -9999 -9999 -9999 0.0
C0G660 2000022905 -9999 -9999 -9999 0.0
C0G660 2000022906 -9999 -9999 -9999 0.0
C0G660 2000022907 -9999 -9999 -9999 0.0
C0G660 2000022908 -9999 -9999 -9999 0.0
C0G660 2000022909 -9999 -9999 -9999 0.0
C0G660 2000022910 -9999 -9999 -9999 0.0
C0G660 2000022911 -9999 -9999 -9999 0.0
C0G660 2000022912 -9999 -9999 -9999 0.0
C0G660 2000022913 -9999 -9999 -9999 0.0
C0G660 2000022914 -9999 -9999 -9999 0.0
C0G660 2000022915 -9999 -9999 -9999 0.0
C0G660 2000022916 -9999 -9999 -9999 0.0
C0G660 2000022917 -9999 -9999 -9999 0.0
C0G660 2000022918 -9999 -9999 -9999 0.0
C0G660 2000022919 -9999 -9999 -9999 0.0
C0G660 2000022920 -9999 -9999 -9999 0.0
C0G660 2000022921 -9999 -9999 -9999 0.0
C0G660 2000022922 -9999 -9999 -9999 0.0
C0G660 2000022923 -9999 -9999 -9999 0.0
C0G660 2000022924 -9999 -9999 -9999 0.0
