C0G650 2000010101 16.9 -9997 0.0 0.0
C0G650 2000010102 16.3 -9997 0.0 0.0
C0G650 2000010103 16.1 -9997 0.0 0.0
C0G650 2000010104 16.5 -9997 0.0 0.0
C0G650 2000010105 16.5 -9997 0.0 0.0
C0G650 2000010106 17.4 -9997 0.1 0.0
C0G650 2000010107 17.6 -9997 0.1 0.0
C0G650 2000010108 18.3 -9997 0.2 0.0
C0G650 2000010109 19.3 -9997 1.6 0.0
C0G650 2000010110 21.4 -9997 1.2 0.0
C0G650 2000010111 23.3 -9997 0.4 0.0
C0G650 2000010112 25.2 -9997 0.6 0.0
C0G650 2000010113 25.9 -9997 0.5 0.0
C0G650 2000010114 25.3 -9997 1.1 0.0
C0G650 2000010115 24.8 -9997 0.6 0.0
C0G650 2000010116 24.3 -9997 0.8 0.0
C0G650 2000010117 21.9 -9997 0.2 0.0
C0G650 2000010118 20.3 -9997 0.0 0.0
C0G650 2000010119 18.2 -9997 0.0 0.0
C0G650 2000010120 16.4 -9997 0.0 0.0
C0G650 2000010121 16.4 -9997 0.0 0.0
C0G650 2000010122 14.9 -9997 0.0 0.0
C0G650 2000010123 14.7 -9997 0.0 0.0
C0G650 2000010124 13.8 -9997 0.2 0.0
C0G650 2000010201 13.6 -9997 0.0 0.0
C0G650 2000010202 12.9 -9997 0.0 0.0
C0G650 2000010203 12.6 -9997 0.0 0.0
C0G650 2000010204 12.5 -9997 0.0 0.0
C0G650 2000010205 13.7 -9997 0.0 0.0
C0G650 2000010206 15.0 -9997 0.2 0.0
C0G650 2000010207 12.3 -9997 0.0 0.0
C0G650 2000010208 13.1 -9997 0.0 0.0
C0G650 2000010209 18.4 -9997 0.0 0.0
C0G650 2000010210 20.9 -9997 1.1 0.0
C0G650 2000010211 23.9 -9997 0.8 0.0
C0G650 2000010212 25.5 -9997 1.4 0.0
C0G650 2000010213 25.8 -9997 2.4 0.0
C0G650 2000010214 26.3 -9997 1.3 0.0
C0G650 2000010215 25.5 -9997 1.0 0.0
C0G650 2000010216 23.1 -9997 0.5 0.0
C0G650 2000010217 21.4 -9997 0.7 0.0
C0G650 2000010218 19.1 -9997 0.0 0.0
C0G650 2000010219 17.0 -9997 0.0 0.0
C0G650 2000010220 16.3 -9997 0.0 0.0
C0G650 2000010221 15.2 -9997 0.0 0.0
C0G650 2000010222 14.8 -9997 0.0 0.0
C0G650 2000010223 15.2 -9997 0.0 0.0
C0G650 2000010224 14.1 -9997 0.0 0.0
C0G650 2000010301 13.7 -9997 0.0 0.0
C0G650 2000010302 13.4 -9997 0.0 0.0
C0G650 2000010303 13.2 -9997 0.0 0.0
C0G650 2000010304 13.6 -9997 0.0 0.0
C0G650 2000010305 13.2 -9997 0.0 0.0
C0G650 2000010306 13.5 -9997 0.0 0.0
C0G650 2000010307 14.2 -9997 0.0 0.0
C0G650 2000010308 15.2 -9997 0.0 0.0
C0G650 2000010309 21.7 -9997 0.0 0.0
C0G650 2000010310 23.5 -9997 0.1 0.0
C0G650 2000010311 24.6 -9997 1.1 0.0
C0G650 2000010312 24.8 -9997 1.0 0.0
C0G650 2000010313 24.3 -9997 1.2 0.0
C0G650 2000010314 24.9 -9997 0.6 0.0
C0G650 2000010315 24.7 -9997 0.5 0.0
C0G650 2000010316 22.2 -9997 0.4 0.0
C0G650 2000010317 20.0 -9997 0.0 0.0
C0G650 2000010318 19.0 -9997 0.0 0.0
C0G650 2000010319 17.3 -9997 0.0 0.0
C0G650 2000010320 16.0 -9997 0.0 0.0
C0G650 2000010321 15.2 -9997 0.0 0.0
C0G650 2000010322 14.7 -9997 0.0 0.0
C0G650 2000010323 14.1 -9997 0.0 0.0
C0G650 2000010324 13.8 -9997 0.0 0.0
C0G650 2000010401 13.3 -9997 0.0 0.0
C0G650 2000010402 13.0 -9997 0.0 0.0
C0G650 2000010403 12.8 -9997 0.0 0.0
C0G650 2000010404 12.7 -9997 0.0 0.0
C0G650 2000010405 13.6 -9997 0.0 0.0
C0G650 2000010406 13.9 -9997 0.0 0.0
C0G650 2000010407 14.2 -9997 0.0 0.0
C0G650 2000010408 14.5 -9997 0.0 0.0
C0G650 2000010409 16.7 -9997 0.0 0.0
C0G650 2000010410 18.6 -9997 0.1 0.0
C0G650 2000010411 19.7 -9997 0.1 0.0
C0G650 2000010412 22.1 -9997 0.1 0.0
C0G650 2000010413 23.0 -9997 0.3 0.0
C0G650 2000010414 22.7 -9997 0.1 0.0
C0G650 2000010415 22.7 -9997 0.7 0.0
C0G650 2000010416 21.8 -9997 0.1 0.0
C0G650 2000010417 19.8 -9997 0.3 0.0
C0G650 2000010418 18.4 -9997 0.0 0.0
C0G650 2000010419 17.6 -9997 0.0 0.0
C0G650 2000010420 16.7 -9997 0.0 0.0
C0G650 2000010421 15.8 -9997 0.0 0.0
C0G650 2000010422 14.8 -9997 0.0 0.0
C0G650 2000010423 14.6 -9997 0.0 0.0
C0G650 2000010424 14.7 -9997 0.0 -9996
C0G650 2000010501 14.1 -9997 0.0 0.0
C0G650 2000010502 13.8 -9997 0.0 0.0
C0G650 2000010503 14.0 -9997 0.0 0.0
C0G650 2000010504 14.2 -9997 0.0 0.0
C0G650 2000010505 13.8 -9997 0.0 0.0
C0G650 2000010506 13.8 -9997 0.0 0.0
C0G650 2000010507 14.3 -9997 0.0 0.0
C0G650 2000010508 14.2 -9997 0.0 0.0
C0G650 2000010509 15.6 -9997 0.0 0.0
C0G650 2000010510 20.0 -9997 0.0 0.0
C0G650 2000010511 25.5 -9997 0.0 0.0
C0G650 2000010512 26.7 -9997 0.4 0.0
C0G650 2000010513 26.8 -9997 0.4 0.0
C0G650 2000010514 23.7 -9997 0.5 0.0
C0G650 2000010515 23.5 -9997 0.3 0.0
C0G650 2000010516 23.4 -9997 0.0 0.0
C0G650 2000010517 21.8 -9997 0.0 0.0
C0G650 2000010518 19.9 -9997 0.0 0.0
C0G650 2000010519 18.5 -9997 0.0 0.0
C0G650 2000010520 17.2 -9997 0.0 0.0
C0G650 2000010521 16.4 -9997 0.0 0.0
C0G650 2000010522 16.0 -9997 0.0 0.0
C0G650 2000010523 15.7 -9997 0.0 0.0
C0G650 2000010524 15.7 -9997 0.0 0.0
C0G650 2000010601 15.5 -9997 0.0 0.0
C0G650 2000010602 15.2 -9997 0.0 0.0
C0G650 2000010603 14.9 -9997 0.0 0.0
C0G650 2000010604 14.7 -9997 0.0 0.0
C0G650 2000010605 14.2 -9997 0.0 0.0
C0G650 2000010606 13.9 -9997 0.0 0.0
C0G650 2000010607 13.8 -9997 0.0 0.0
C0G650 2000010608 15.4 -9997 0.0 0.0
C0G650 2000010609 22.7 -9997 0.0 0.0
C0G650 2000010610 24.0 -9997 0.1 0.0
C0G650 2000010611 26.6 -9997 0.1 0.0
C0G650 2000010612 27.5 -9997 0.5 0.0
C0G650 2000010613 27.6 -9997 0.9 0.0
C0G650 2000010614 26.7 -9997 0.6 0.0
C0G650 2000010615 24.6 -9997 0.6 0.0
C0G650 2000010616 24.0 -9997 0.2 0.0
C0G650 2000010617 22.7 -9997 0.0 0.0
C0G650 2000010618 20.8 -9997 0.0 0.0
C0G650 2000010619 19.9 -9997 0.0 0.0
C0G650 2000010620 18.5 -9997 0.0 0.0
C0G650 2000010621 17.6 -9997 0.0 0.0
C0G650 2000010622 17.6 -9997 0.0 0.0
C0G650 2000010623 16.5 -9997 0.0 0.0
C0G650 2000010624 16.1 -9997 0.0 0.0
C0G650 2000010701 16.4 -9997 0.0 0.0
C0G650 2000010702 16.2 -9997 0.0 0.0
C0G650 2000010703 17.2 -9997 0.0 0.0
C0G650 2000010704 17.0 -9997 0.4 0.0
C0G650 2000010705 16.4 -9997 0.0 0.0
C0G650 2000010706 16.4 -9997 0.0 0.0
C0G650 2000010707 16.0 -9997 0.0 0.0
C0G650 2000010708 16.9 -9997 0.1 0.0
C0G650 2000010709 18.7 -9997 0.5 0.0
C0G650 2000010710 21.0 -9997 1.0 0.0
C0G650 2000010711 21.6 -9997 1.1 0.0
C0G650 2000010712 23.2 -9997 0.9 0.0
C0G650 2000010713 24.6 -9997 0.4 0.0
C0G650 2000010714 24.5 -9997 1.4 0.0
C0G650 2000010715 23.2 -9997 0.4 0.0
C0G650 2000010716 22.6 -9997 0.1 0.0
C0G650 2000010717 20.6 -9997 0.3 0.0
C0G650 2000010718 19.7 -9997 0.8 0.0
C0G650 2000010719 19.0 -9997 0.0 0.0
C0G650 2000010720 17.6 -9997 0.0 0.0
C0G650 2000010721 16.8 -9997 0.0 0.0
C0G650 2000010722 16.0 -9997 0.0 0.0
C0G650 2000010723 15.5 -9997 0.0 0.0
C0G650 2000010724 15.4 -9997 0.0 0.0
C0G650 2000010801 16.0 -9997 0.0 0.0
C0G650 2000010802 14.5 -9997 0.0 0.0
C0G650 2000010803 14.5 -9997 0.0 0.0
C0G650 2000010804 15.5 -9997 0.1 0.0
C0G650 2000010805 13.9 -9997 0.0 0.0
C0G650 2000010806 13.5 -9997 0.0 0.0
C0G650 2000010807 13.3 -9997 0.2 0.0
C0G650 2000010808 15.1 -9997 0.0 0.0
C0G650 2000010809 18.4 -9997 0.1 0.0
C0G650 2000010810 20.5 -9997 0.2 0.0
C0G650 2000010811 23.2 -9997 0.0 0.0
C0G650 2000010812 23.3 -9997 0.8 0.0
C0G650 2000010813 23.4 -9997 0.7 0.0
C0G650 2000010814 22.5 -9997 1.2 0.0
C0G650 2000010815 22.9 -9997 0.7 0.0
C0G650 2000010816 20.8 -9997 0.3 0.0
C0G650 2000010817 19.7 -9997 0.2 0.0
C0G650 2000010818 18.1 -9997 0.8 0.0
C0G650 2000010819 17.6 -9997 0.0 0.0
C0G650 2000010820 16.6 -9997 0.0 0.0
C0G650 2000010821 16.3 -9997 0.0 0.0
C0G650 2000010822 15.9 -9997 0.0 0.0
C0G650 2000010823 15.5 -9997 0.0 0.0
C0G650 2000010824 15.3 -9997 0.0 0.0
C0G650 2000010901 15.9 -9997 0.0 0.0
C0G650 2000010902 15.7 -9997 0.0 0.0
C0G650 2000010903 15.7 -9997 0.0 0.0
C0G650 2000010904 16.7 -9997 0.1 0.0
C0G650 2000010905 16.6 -9997 0.7 0.0
C0G650 2000010906 16.8 -9997 0.2 0.0
C0G650 2000010907 16.2 -9997 0.0 0.0
C0G650 2000010908 17.1 -9997 0.0 0.0
C0G650 2000010909 21.6 -9997 0.1 0.0
C0G650 2000010910 21.8 -9997 0.0 0.0
C0G650 2000010911 23.8 -9997 0.0 0.0
C0G650 2000010912 25.3 -9997 0.2 0.0
C0G650 2000010913 26.7 -9997 0.2 0.0
C0G650 2000010914 25.6 -9997 0.7 0.0
C0G650 2000010915 23.5 -9997 1.2 0.0
C0G650 2000010916 23.7 -9997 0.3 0.0
C0G650 2000010917 22.9 -9997 0.1 0.0
C0G650 2000010918 21.6 -9997 0.0 0.0
C0G650 2000010919 20.0 -9997 0.0 0.0
C0G650 2000010920 18.3 -9997 0.0 0.0
C0G650 2000010921 17.6 -9997 0.0 0.0
C0G650 2000010922 17.6 -9997 0.0 0.0
C0G650 2000010923 18.0 -9997 0.0 0.0
C0G650 2000010924 18.2 -9997 0.0 0.0
C0G650 2000011001 17.6 -9997 0.0 0.0
C0G650 2000011002 18.1 -9997 0.1 0.0
C0G650 2000011003 18.2 -9997 0.0 0.0
C0G650 2000011004 18.1 -9997 0.0 0.0
C0G650 2000011005 17.2 -9997 0.0 0.0
C0G650 2000011006 18.0 -9997 0.0 0.0
C0G650 2000011007 17.9 -9997 0.0 0.0
C0G650 2000011008 18.7 -9997 0.1 0.0
C0G650 2000011009 21.2 -9997 0.0 0.0
C0G650 2000011010 23.0 -9997 0.1 0.0
C0G650 2000011011 25.6 -9997 0.0 0.0
C0G650 2000011012 26.9 -9997 0.5 0.0
C0G650 2000011013 26.4 -9997 0.8 0.0
C0G650 2000011014 25.8 -9997 0.2 0.0
C0G650 2000011015 26.0 -9997 0.4 0.0
C0G650 2000011016 26.7 -9997 0.2 0.0
C0G650 2000011017 23.4 -9997 0.1 0.0
C0G650 2000011018 21.7 -9997 0.2 0.0
C0G650 2000011019 20.2 -9997 0.0 0.0
C0G650 2000011020 19.8 -9997 0.3 0.0
C0G650 2000011021 18.9 -9997 0.0 0.0
C0G650 2000011022 18.0 -9997 0.0 0.0
C0G650 2000011023 18.5 -9997 -9997 0.0
C0G650 2000011024 18.3 -9997 0.0 0.0
C0G650 2000011101 17.6 -9997 0.3 0.0
C0G650 2000011102 16.5 -9997 0.0 0.0
C0G650 2000011103 16.2 -9997 0.0 0.0
C0G650 2000011104 15.8 -9997 0.0 0.0
C0G650 2000011105 15.3 -9997 0.0 0.0
C0G650 2000011106 15.2 -9997 0.0 0.0
C0G650 2000011107 15.0 -9997 0.0 0.0
C0G650 2000011108 16.4 -9997 0.0 0.0
C0G650 2000011109 18.6 -9997 0.0 0.0
C0G650 2000011110 21.1 -9997 -9997 0.0
C0G650 2000011111 24.4 -9997 0.1 0.0
C0G650 2000011112 27.3 -9997 0.2 0.0
C0G650 2000011113 26.7 -9997 0.8 0.0
C0G650 2000011114 25.7 -9997 0.7 0.0
C0G650 2000011115 25.1 -9997 0.5 0.0
C0G650 2000011116 23.4 -9997 0.4 0.0
C0G650 2000011117 22.0 -9997 0.0 0.0
C0G650 2000011118 20.5 -9997 0.0 0.0
C0G650 2000011119 19.8 -9997 0.0 0.0
C0G650 2000011120 18.5 -9997 0.0 0.0
C0G650 2000011121 17.7 -9997 0.0 0.0
C0G650 2000011122 17.5 -9997 0.0 0.0
C0G650 2000011123 17.0 -9997 0.0 0.0
C0G650 2000011124 16.8 -9997 0.0 0.0
C0G650 2000011201 17.0 -9997 0.0 0.0
C0G650 2000011202 16.6 -9997 0.0 0.0
C0G650 2000011203 16.7 -9997 0.0 0.0
C0G650 2000011204 16.7 -9997 0.0 0.0
C0G650 2000011205 16.7 -9997 0.0 0.0
C0G650 2000011206 17.4 -9997 0.0 0.0
C0G650 2000011207 17.4 -9997 0.0 0.0
C0G650 2000011208 18.8 -9997 0.0 0.0
C0G650 2000011209 22.8 -9997 0.0 0.0
C0G650 2000011210 26.6 -9997 0.0 0.0
C0G650 2000011211 28.2 -9997 0.2 0.0
C0G650 2000011212 25.9 -9997 1.0 0.0
C0G650 2000011213 25.7 -9997 1.0 0.0
C0G650 2000011214 26.0 -9997 0.7 0.0
C0G650 2000011215 26.0 -9997 0.8 0.0
C0G650 2000011216 26.0 -9997 0.5 0.0
C0G650 2000011217 25.2 -9997 0.2 0.0
C0G650 2000011218 23.5 -9997 0.0 0.0
C0G650 2000011219 22.5 -9997 0.0 0.0
C0G650 2000011220 21.3 -9997 0.0 0.0
C0G650 2000011221 20.1 -9997 0.0 0.0
C0G650 2000011222 18.8 -9997 0.0 0.0
C0G650 2000011223 18.8 -9997 0.0 0.0
C0G650 2000011224 18.5 -9997 0.0 0.0
C0G650 2000011301 17.7 -9997 0.0 0.0
C0G650 2000011302 16.9 -9997 0.0 0.0
C0G650 2000011303 16.4 -9997 0.0 0.0
C0G650 2000011304 16.2 -9997 0.0 0.0
C0G650 2000011305 15.8 -9997 0.0 0.0
C0G650 2000011306 16.3 -9997 0.0 0.0
C0G650 2000011307 16.9 -9997 0.0 0.0
C0G650 2000011308 17.6 -9997 0.5 0.0
C0G650 2000011309 19.1 -9997 0.5 0.0
C0G650 2000011310 22.7 -9997 0.0 0.0
C0G650 2000011311 23.5 -9997 0.2 0.0
C0G650 2000011312 24.0 -9997 0.1 0.0
C0G650 2000011313 26.9 -9997 0.6 0.0
C0G650 2000011314 21.1 -9997 2.3 0.0
C0G650 2000011315 22.0 -9997 1.3 0.0
C0G650 2000011316 20.8 -9997 1.0 0.0
C0G650 2000011317 20.4 -9997 0.2 0.0
C0G650 2000011318 19.5 -9997 0.0 0.0
C0G650 2000011319 18.4 -9997 0.3 0.0
C0G650 2000011320 17.9 -9997 0.0 0.0
C0G650 2000011321 18.0 -9997 0.1 0.0
C0G650 2000011322 18.5 -9997 0.2 0.0
C0G650 2000011323 17.7 -9997 0.1 0.0
C0G650 2000011324 17.7 -9997 0.0 0.0
C0G650 2000011401 17.4 -9997 0.2 0.0
C0G650 2000011402 17.0 -9997 0.0 0.0
C0G650 2000011403 16.6 -9997 0.4 0.0
C0G650 2000011404 16.8 -9997 0.7 0.0
C0G650 2000011405 16.7 -9997 0.2 0.0
C0G650 2000011406 16.9 -9997 0.7 0.0
C0G650 2000011407 16.6 -9997 0.3 0.0
C0G650 2000011408 17.2 -9997 0.5 0.0
C0G650 2000011409 18.5 -9997 0.5 0.0
C0G650 2000011410 20.5 -9997 0.3 0.0
C0G650 2000011411 21.6 -9997 0.7 0.0
C0G650 2000011412 22.7 -9997 0.3 0.0
C0G650 2000011413 24.5 -9997 1.2 0.0
C0G650 2000011414 23.6 -9997 0.7 0.0
C0G650 2000011415 22.0 -9997 0.6 0.0
C0G650 2000011416 21.1 -9997 0.9 0.0
C0G650 2000011417 19.7 -9997 0.5 0.0
C0G650 2000011418 19.0 -9997 0.2 0.0
C0G650 2000011419 18.7 -9997 0.0 0.0
C0G650 2000011420 18.3 -9997 0.0 0.0
C0G650 2000011421 17.4 -9997 0.0 0.0
C0G650 2000011422 17.5 -9997 0.0 0.0
C0G650 2000011423 17.1 -9997 0.0 0.0
C0G650 2000011424 16.8 -9997 0.0 0.0
C0G650 2000011501 16.4 -9997 0.0 0.0
C0G650 2000011502 17.3 -9997 0.6 0.0
C0G650 2000011503 17.4 -9997 0.5 0.0
C0G650 2000011504 17.3 -9997 0.0 0.0
C0G650 2000011505 17.4 -9997 0.0 0.0
C0G650 2000011506 17.3 -9997 1.1 0.0
C0G650 2000011507 16.9 -9997 0.0 0.0
C0G650 2000011508 17.7 -9997 0.5 0.0
C0G650 2000011509 18.1 -9997 0.2 0.0
C0G650 2000011510 19.1 -9997 0.3 0.0
C0G650 2000011511 19.5 -9997 0.1 0.0
C0G650 2000011512 18.5 -9997 0.6 0.0
C0G650 2000011513 17.9 -9997 0.5 0.0
C0G650 2000011514 17.9 -9997 1.0 0.0
C0G650 2000011515 20.2 -9997 1.8 0.0
C0G650 2000011516 20.8 -9997 0.7 0.0
C0G650 2000011517 20.3 -9997 1.0 0.0
C0G650 2000011518 19.6 -9997 0.3 0.0
C0G650 2000011519 18.3 -9997 0.0 0.0
C0G650 2000011520 17.5 -9997 0.0 0.0
C0G650 2000011521 17.7 -9997 0.0 0.0
C0G650 2000011522 16.3 -9997 0.2 0.0
C0G650 2000011523 16.1 -9997 0.1 0.0
C0G650 2000011524 16.5 -9997 0.7 0.0
C0G650 2000011601 16.9 -9997 0.2 0.0
C0G650 2000011602 17.0 -9997 0.2 0.0
C0G650 2000011603 16.0 -9997 0.0 0.0
C0G650 2000011604 15.7 -9997 0.0 0.0
C0G650 2000011605 16.7 -9997 0.0 0.0
C0G650 2000011606 15.8 -9997 0.0 0.0
C0G650 2000011607 14.5 -9997 0.0 0.0
C0G650 2000011608 16.5 -9997 0.2 0.0
C0G650 2000011609 18.5 -9997 0.2 0.0
C0G650 2000011610 19.8 -9997 0.7 0.0
C0G650 2000011611 22.1 -9997 0.0 0.0
C0G650 2000011612 24.1 -9997 0.2 0.0
C0G650 2000011613 24.0 -9997 0.5 0.0
C0G650 2000011614 23.1 -9997 1.2 0.0
C0G650 2000011615 21.0 -9997 1.9 0.0
C0G650 2000011616 20.3 -9997 1.5 0.0
C0G650 2000011617 19.0 -9997 0.8 0.0
C0G650 2000011618 18.0 -9997 0.5 0.0
C0G650 2000011619 17.7 -9997 0.2 0.0
C0G650 2000011620 17.0 -9997 0.2 0.0
C0G650 2000011621 17.4 -9997 0.2 0.0
C0G650 2000011622 17.4 -9997 0.0 0.0
C0G650 2000011623 17.1 -9997 0.0 0.0
C0G650 2000011624 17.7 -9997 0.2 0.0
C0G650 2000011701 17.6 -9997 0.0 0.0
C0G650 2000011702 17.4 -9997 0.6 0.0
C0G650 2000011703 17.4 -9997 0.1 0.0
C0G650 2000011704 17.3 -9997 0.1 0.0
C0G650 2000011705 16.6 -9997 0.0 0.0
C0G650 2000011706 15.9 -9997 0.0 0.0
C0G650 2000011707 15.9 -9997 1.6 0.0
C0G650 2000011708 16.3 -9997 1.7 0.0
C0G650 2000011709 17.3 -9997 -9997 0.0
C0G650 2000011710 19.3 -9997 0.3 0.0
C0G650 2000011711 21.2 -9997 0.4 0.0
C0G650 2000011712 21.0 -9997 1.1 0.0
C0G650 2000011713 21.4 -9997 1.1 0.0
C0G650 2000011714 21.2 -9997 1.5 0.0
C0G650 2000011715 19.7 -9997 0.8 0.0
C0G650 2000011716 17.4 -9997 2.8 0.0
C0G650 2000011717 15.7 -9997 2.0 0.0
C0G650 2000011718 15.3 -9997 0.6 0.0
C0G650 2000011719 14.9 -9997 0.4 0.0
C0G650 2000011720 14.3 -9997 0.3 0.0
C0G650 2000011721 14.0 -9997 0.1 0.0
C0G650 2000011722 13.9 -9997 0.5 0.0
C0G650 2000011723 14.5 -9997 0.3 0.0
C0G650 2000011724 14.7 -9997 0.9 -9996
C0G650 2000011801 14.6 -9997 0.3 0.0
C0G650 2000011802 14.3 -9997 0.6 0.0
C0G650 2000011803 14.0 -9997 0.3 0.0
C0G650 2000011804 13.7 -9997 1.0 0.0
C0G650 2000011805 13.5 -9997 0.5 0.0
C0G650 2000011806 13.4 -9997 0.6 0.0
C0G650 2000011807 13.2 -9997 1.4 0.0
C0G650 2000011808 12.4 -9997 1.9 0.0
C0G650 2000011809 13.7 -9997 1.0 0.0
C0G650 2000011810 14.0 -9997 0.8 0.0
C0G650 2000011811 14.1 -9997 2.1 0.0
C0G650 2000011812 -9997 -9997 -9997 0.0
C0G650 2000011813 14.5 -9997 1.2 0.0
C0G650 2000011814 15.3 -9997 0.5 0.0
C0G650 2000011815 14.2 -9997 2.4 0.0
C0G650 2000011816 13.6 -9997 0.9 0.0
C0G650 2000011817 13.3 -9997 1.3 0.0
C0G650 2000011818 12.8 -9997 1.5 0.0
C0G650 2000011819 12.4 -9997 1.0 0.0
C0G650 2000011820 12.2 -9997 0.9 0.0
C0G650 2000011821 12.2 -9997 0.9 0.0
C0G650 2000011822 11.8 -9997 1.9 0.0
C0G650 2000011823 11.9 -9997 0.8 0.0
C0G650 2000011824 11.9 -9997 -9997 -9996
C0G650 2000011901 12.2 -9997 0.8 0.0
C0G650 2000011902 11.5 -9997 0.8 0.0
C0G650 2000011903 11.2 -9997 0.3 0.0
C0G650 2000011904 11.4 -9997 1.0 0.0
C0G650 2000011905 11.8 -9997 1.0 0.0
C0G650 2000011906 11.9 -9997 1.6 0.0
C0G650 2000011907 11.9 -9997 0.8 0.0
C0G650 2000011908 12.1 -9997 0.6 0.0
C0G650 2000011909 12.9 -9997 1.0 0.0
C0G650 2000011910 14.0 -9997 0.8 0.0
C0G650 2000011911 14.5 -9997 1.9 0.0
C0G650 2000011912 15.0 -9997 1.3 0.0
C0G650 2000011913 14.6 -9997 1.4 0.0
C0G650 2000011914 15.2 -9997 1.5 0.0
C0G650 2000011915 14.9 -9997 1.9 0.0
C0G650 2000011916 14.0 -9997 1.6 0.0
C0G650 2000011917 13.3 -9997 1.6 0.0
C0G650 2000011918 12.8 -9997 1.0 0.0
C0G650 2000011919 12.6 -9997 0.5 0.0
C0G650 2000011920 12.6 -9997 0.2 0.0
C0G650 2000011921 12.6 -9997 0.9 0.0
C0G650 2000011922 12.5 -9997 0.4 0.0
C0G650 2000011923 12.4 -9997 0.0 0.0
C0G650 2000011924 12.2 -9997 0.0 0.0
C0G650 2000012001 12.2 -9997 0.1 0.0
C0G650 2000012002 12.1 -9997 0.5 0.0
C0G650 2000012003 -9997 -9997 -9997 0.0
C0G650 2000012004 11.6 -9997 0.0 0.0
C0G650 2000012005 11.5 -9997 0.4 0.0
C0G650 2000012006 11.6 -9997 0.1 0.0
C0G650 2000012007 11.6 -9997 0.3 0.0
C0G650 2000012008 12.1 -9997 0.8 0.0
C0G650 2000012009 13.7 -9997 0.5 0.0
C0G650 2000012010 15.8 -9997 0.3 0.0
C0G650 2000012011 17.8 -9997 0.5 0.0
C0G650 2000012012 20.0 -9997 0.2 0.0
C0G650 2000012013 20.9 -9997 0.5 0.0
C0G650 2000012014 20.5 -9997 1.5 0.0
C0G650 2000012015 19.4 -9997 -9997 0.0
C0G650 2000012016 18.8 -9997 1.4 0.0
C0G650 2000012017 17.1 -9997 1.5 0.0
C0G650 2000012018 15.8 -9997 0.4 0.0
C0G650 2000012019 15.0 -9997 0.1 0.0
C0G650 2000012020 14.4 -9997 0.1 0.0
C0G650 2000012021 13.9 -9997 0.2 0.0
C0G650 2000012022 13.9 -9997 0.2 0.0
C0G650 2000012023 13.7 -9997 0.1 0.0
C0G650 2000012024 13.9 -9997 0.0 0.0
C0G650 2000012101 13.9 -9997 0.0 0.0
C0G650 2000012102 13.9 -9997 0.4 0.0
C0G650 2000012103 12.8 -9997 0.0 0.0
C0G650 2000012104 12.2 -9997 0.0 0.0
C0G650 2000012105 12.0 -9997 0.0 0.0
C0G650 2000012106 14.1 -9997 0.8 0.0
C0G650 2000012107 13.8 -9997 0.5 0.0
C0G650 2000012108 14.7 -9997 0.0 0.0
C0G650 2000012109 17.0 -9997 0.1 0.0
C0G650 2000012110 18.5 -9997 -9997 0.0
C0G650 2000012111 19.7 -9997 0.0 0.0
C0G650 2000012112 21.0 -9997 1.0 0.0
C0G650 2000012113 23.5 -9997 0.8 0.0
C0G650 2000012114 22.2 -9997 0.6 0.0
C0G650 2000012115 22.6 -9997 0.8 0.0
C0G650 2000012116 21.2 -9997 0.3 0.0
C0G650 2000012117 20.7 -9997 0.0 0.0
C0G650 2000012118 19.7 -9997 0.0 0.0
C0G650 2000012119 18.8 -9997 0.0 0.0
C0G650 2000012120 17.8 -9997 0.0 0.0
C0G650 2000012121 17.2 -9997 0.0 0.0
C0G650 2000012122 16.9 -9997 0.0 0.0
C0G650 2000012123 16.4 -9997 0.0 0.0
C0G650 2000012124 16.3 -9997 0.0 0.0
C0G650 2000012201 15.8 -9997 0.0 0.0
C0G650 2000012202 15.6 -9997 0.0 0.0
C0G650 2000012203 15.5 -9997 0.0 0.0
C0G650 2000012204 15.3 -9997 0.0 0.0
C0G650 2000012205 15.1 -9997 0.0 0.0
C0G650 2000012206 14.8 -9997 0.0 0.0
C0G650 2000012207 14.7 -9997 0.0 0.0
C0G650 2000012208 16.4 -9997 0.0 0.0
C0G650 2000012209 19.0 -9997 0.0 0.0
C0G650 2000012210 19.6 -9997 0.0 0.0
C0G650 2000012211 22.3 -9997 0.7 0.0
C0G650 2000012212 23.8 -9997 1.7 0.0
C0G650 2000012213 23.1 -9997 1.2 0.0
C0G650 2000012214 23.5 -9997 0.3 0.0
C0G650 2000012215 21.1 -9997 0.9 0.0
C0G650 2000012216 20.6 -9997 0.2 0.0
C0G650 2000012217 19.5 -9997 0.5 0.0
C0G650 2000012218 18.7 -9997 0.0 0.0
C0G650 2000012219 18.5 -9997 0.0 0.0
C0G650 2000012220 17.8 -9997 0.0 0.0
C0G650 2000012221 17.4 -9997 0.0 0.0
C0G650 2000012222 16.9 -9997 0.0 0.0
C0G650 2000012223 16.4 -9997 -9997 0.0
C0G650 2000012224 15.8 -9997 0.0 0.0
C0G650 2000012301 15.9 -9997 0.0 0.0
C0G650 2000012302 15.4 -9997 0.0 0.0
C0G650 2000012303 15.2 -9997 -9997 0.0
C0G650 2000012304 15.4 -9997 0.0 0.0
C0G650 2000012305 15.6 -9997 0.0 0.0
C0G650 2000012306 15.6 -9997 0.0 0.0
C0G650 2000012307 15.3 -9997 0.0 0.0
C0G650 2000012308 16.2 -9997 0.0 0.0
C0G650 2000012309 18.2 -9997 0.0 0.0
C0G650 2000012310 19.7 -9997 0.2 0.0
C0G650 2000012311 22.4 -9997 0.4 0.0
C0G650 2000012312 23.4 -9997 0.1 0.0
C0G650 2000012313 22.3 -9997 1.0 0.0
C0G650 2000012314 21.1 -9997 0.3 0.0
C0G650 2000012315 20.7 -9997 0.5 0.0
C0G650 2000012316 20.6 -9997 0.1 0.0
C0G650 2000012317 20.5 -9997 0.1 0.0
C0G650 2000012318 19.6 -9997 0.0 0.0
C0G650 2000012319 18.9 -9997 0.0 0.0
C0G650 2000012320 18.7 -9997 0.0 0.0
C0G650 2000012321 18.0 -9997 0.2 0.0
C0G650 2000012322 17.0 -9997 0.0 0.0
C0G650 2000012323 16.9 -9997 0.0 0.0
C0G650 2000012324 16.5 -9997 0.0 0.0
C0G650 2000012401 16.2 -9997 0.0 0.0
C0G650 2000012402 15.8 -9997 0.0 0.0
C0G650 2000012403 15.9 -9997 0.0 0.0
C0G650 2000012404 15.9 -9997 0.0 0.0
C0G650 2000012405 15.4 -9997 0.0 0.0
C0G650 2000012406 16.3 -9997 0.1 0.0
C0G650 2000012407 16.2 -9997 0.0 0.0
C0G650 2000012408 17.8 -9997 0.0 0.0
C0G650 2000012409 19.0 -9997 1.5 0.0
C0G650 2000012410 20.7 -9997 0.5 0.0
C0G650 2000012411 23.3 -9997 1.0 0.0
C0G650 2000012412 20.7 -9997 0.8 0.0
C0G650 2000012413 20.1 -9997 0.8 0.0
C0G650 2000012414 18.8 -9997 -9997 0.0
C0G650 2000012415 18.5 -9997 0.8 0.0
C0G650 2000012416 18.9 -9997 0.2 0.0
C0G650 2000012417 18.3 -9997 0.7 0.0
C0G650 2000012418 17.8 -9997 0.1 0.5
C0G650 2000012419 17.5 -9997 0.0 0.0
C0G650 2000012420 17.6 -9997 0.1 1.0
C0G650 2000012421 17.6 -9997 0.0 0.5
C0G650 2000012422 17.6 -9997 0.3 0.5
C0G650 2000012423 17.1 -9997 0.6 0.0
C0G650 2000012424 16.6 -9997 1.6 2.0
C0G650 2000012501 16.4 -9997 1.1 0.5
C0G650 2000012502 16.5 -9997 0.2 0.0
C0G650 2000012503 16.3 -9997 1.8 0.0
C0G650 2000012504 15.9 -9997 2.3 0.0
C0G650 2000012505 15.3 -9997 1.8 0.5
C0G650 2000012506 15.2 -9997 1.5 0.0
C0G650 2000012507 14.5 -9997 1.8 0.0
C0G650 2000012508 14.0 -9997 1.1 0.0
C0G650 2000012509 14.1 -9997 -9997 0.0
C0G650 2000012510 14.2 -9997 1.1 0.0
C0G650 2000012511 14.1 -9997 2.0 0.0
C0G650 2000012512 14.0 -9997 1.5 0.0
C0G650 2000012513 12.8 -9997 1.7 0.5
C0G650 2000012514 12.5 -9997 0.9 2.0
C0G650 2000012515 12.8 -9997 0.7 1.0
C0G650 2000012516 12.5 -9997 1.2 0.0
C0G650 2000012517 12.5 -9997 1.3 0.0
C0G650 2000012518 11.9 -9997 1.8 0.5
C0G650 2000012519 11.8 -9997 0.9 0.0
C0G650 2000012520 11.8 -9997 0.6 0.0
C0G650 2000012521 11.5 -9997 1.3 0.0
C0G650 2000012522 11.3 -9997 1.2 0.0
C0G650 2000012523 10.7 -9997 1.4 0.5
C0G650 2000012524 10.6 -9997 0.7 0.0
C0G650 2000012601 10.1 -9997 1.1 2.0
C0G650 2000012602 10.1 -9997 1.3 4.0
C0G650 2000012603 10.0 -9997 0.8 0.0
C0G650 2000012604 10.0 -9997 0.4 0.5
C0G650 2000012605 10.2 -9997 0.7 0.5
C0G650 2000012606 10.4 -9997 0.5 0.0
C0G650 2000012607 10.8 -9997 0.1 0.0
C0G650 2000012608 11.1 -9997 1.0 0.0
C0G650 2000012609 11.7 -9997 0.2 0.0
C0G650 2000012610 12.4 -9997 1.1 0.0
C0G650 2000012611 12.4 -9997 1.9 0.0
C0G650 2000012612 12.5 -9997 1.7 0.0
C0G650 2000012613 12.7 -9997 0.4 0.0
C0G650 2000012614 12.8 -9997 1.0 0.0
C0G650 2000012615 12.3 -9997 0.8 0.0
C0G650 2000012616 11.3 -9997 1.6 0.0
C0G650 2000012617 10.4 -9997 1.5 0.0
C0G650 2000012618 10.5 -9997 0.3 0.0
C0G650 2000012619 10.6 -9997 0.9 0.0
C0G650 2000012620 10.6 -9997 0.5 0.0
C0G650 2000012621 10.3 -9997 0.9 0.0
C0G650 2000012622 10.2 -9997 0.9 0.0
C0G650 2000012623 10.2 -9997 1.2 0.0
C0G650 2000012624 10.3 -9997 0.7 0.0
C0G650 2000012701 10.1 -9997 0.2 0.0
C0G650 2000012702 10.1 -9997 0.8 0.0
C0G650 2000012703 9.9 -9997 0.3 0.0
C0G650 2000012704 9.8 -9997 0.2 0.0
C0G650 2000012705 9.8 -9997 0.3 0.0
C0G650 2000012706 10.0 -9997 0.4 0.0
C0G650 2000012707 10.1 -9997 1.4 0.0
C0G650 2000012708 10.2 -9997 0.8 0.0
C0G650 2000012709 10.7 -9997 0.9 0.0
C0G650 2000012710 10.9 -9997 0.3 0.0
C0G650 2000012711 -9997 -9997 1.9 0.0
C0G650 2000012712 11.2 -9997 0.7 0.0
C0G650 2000012713 11.6 -9997 1.0 0.0
C0G650 2000012714 11.7 -9997 0.7 0.0
C0G650 2000012715 11.8 -9997 1.4 0.0
C0G650 2000012716 12.2 -9997 0.5 0.0
C0G650 2000012717 12.0 -9997 1.2 0.0
C0G650 2000012718 11.4 -9997 1.2 0.0
C0G650 2000012719 11.2 -9997 0.7 0.0
C0G650 2000012720 11.0 -9997 0.3 0.0
C0G650 2000012721 10.9 -9997 0.3 0.0
C0G650 2000012722 10.9 -9997 0.0 0.0
C0G650 2000012723 10.9 -9997 0.1 0.0
C0G650 2000012724 11.0 -9997 0.5 0.0
C0G650 2000012801 11.1 -9997 0.0 0.0
C0G650 2000012802 11.1 -9997 0.0 0.0
C0G650 2000012803 11.0 -9997 0.0 0.0
C0G650 2000012804 11.0 -9997 0.0 0.0
C0G650 2000012805 11.1 -9997 0.0 0.0
C0G650 2000012806 10.6 -9997 0.1 0.0
C0G650 2000012807 10.6 -9997 0.2 0.0
C0G650 2000012808 11.6 -9997 0.3 0.0
C0G650 2000012809 12.8 -9997 0.2 0.0
C0G650 2000012810 16.7 -9997 0.4 0.0
C0G650 2000012811 16.2 -9997 0.6 0.0
C0G650 2000012812 18.5 -9997 0.1 0.0
C0G650 2000012813 19.9 -9997 0.6 0.0
C0G650 2000012814 20.1 -9997 0.3 0.0
C0G650 2000012815 18.8 -9997 1.5 0.0
C0G650 2000012816 17.0 -9997 2.7 0.0
C0G650 2000012817 16.4 -9997 1.4 0.0
C0G650 2000012818 15.5 -9997 0.6 0.0
C0G650 2000012819 14.9 -9997 0.4 0.0
C0G650 2000012820 14.6 -9997 0.0 0.0
C0G650 2000012821 12.9 -9997 0.0 0.0
C0G650 2000012822 11.5 -9997 0.0 0.0
C0G650 2000012823 10.7 -9997 0.0 0.0
C0G650 2000012824 10.0 -9997 0.0 0.0
C0G650 2000012901 9.8 -9997 0.0 0.0
C0G650 2000012902 9.4 -9997 0.0 0.0
C0G650 2000012903 9.4 -9997 0.0 0.0
C0G650 2000012904 9.0 -9997 0.0 0.0
C0G650 2000012905 8.7 -9997 0.0 0.0
C0G650 2000012906 8.0 -9997 0.0 0.0
C0G650 2000012907 8.0 -9997 0.0 0.0
C0G650 2000012908 10.4 -9997 0.0 0.0
C0G650 2000012909 14.1 -9997 1.0 0.0
C0G650 2000012910 17.0 -9997 0.7 0.0
C0G650 2000012911 20.0 -9997 0.8 0.0
C0G650 2000012912 21.1 -9997 0.0 0.0
C0G650 2000012913 21.3 -9997 1.0 0.0
C0G650 2000012914 21.5 -9997 0.7 0.0
C0G650 2000012915 20.0 -9997 0.4 0.0
C0G650 2000012916 18.5 -9997 1.3 0.0
C0G650 2000012917 17.4 -9997 0.5 0.0
C0G650 2000012918 16.4 -9997 0.7 0.0
C0G650 2000012919 15.7 -9997 0.1 0.0
C0G650 2000012920 15.5 -9997 0.0 0.0
C0G650 2000012921 14.5 -9997 0.0 0.0
C0G650 2000012922 15.3 -9997 0.0 0.0
C0G650 2000012923 14.8 -9997 0.0 0.0
C0G650 2000012924 15.3 -9997 0.3 0.0
C0G650 2000013001 15.2 -9997 0.8 0.0
C0G650 2000013002 14.8 -9997 1.7 0.0
C0G650 2000013003 14.6 -9997 1.0 0.0
C0G650 2000013004 14.5 -9997 0.8 0.0
C0G650 2000013005 14.4 -9997 1.1 0.0
C0G650 2000013006 14.4 -9997 1.4 0.0
C0G650 2000013007 14.2 -9997 0.3 0.0
C0G650 2000013008 14.7 -9997 0.6 0.0
C0G650 2000013009 15.5 -9997 0.9 0.0
C0G650 2000013010 16.1 -9997 1.5 0.0
C0G650 2000013011 16.2 -9997 2.1 0.0
C0G650 2000013012 15.6 -9997 2.2 0.0
C0G650 2000013013 16.0 -9997 2.3 0.0
C0G650 2000013014 16.3 -9997 1.8 0.0
C0G650 2000013015 16.0 -9997 1.6 0.0
C0G650 2000013016 15.9 -9997 1.2 0.0
C0G650 2000013017 15.4 -9997 1.5 0.0
C0G650 2000013018 14.5 -9997 1.2 0.0
C0G650 2000013019 14.0 -9997 1.8 0.0
C0G650 2000013020 13.7 -9997 0.5 0.0
C0G650 2000013021 13.6 -9997 0.6 0.0
C0G650 2000013022 13.2 -9997 0.4 0.0
C0G650 2000013023 13.0 -9997 0.3 0.0
C0G650 2000013024 12.8 -9997 0.4 0.0
C0G650 2000013101 12.6 -9997 1.0 0.0
C0G650 2000013102 12.8 -9997 1.1 0.0
C0G650 2000013103 12.6 -9997 1.4 0.0
C0G650 2000013104 12.1 -9997 1.6 0.0
C0G650 2000013105 12.0 -9997 0.2 0.0
C0G650 2000013106 12.1 -9997 0.2 0.0
C0G650 2000013107 12.3 -9997 0.8 0.0
C0G650 2000013108 12.9 -9997 0.8 0.0
C0G650 2000013109 13.7 -9997 1.0 0.0
C0G650 2000013110 14.9 -9997 1.3 0.0
C0G650 2000013111 16.4 -9997 1.2 0.0
C0G650 2000013112 18.1 -9997 0.6 0.0
C0G650 2000013113 19.0 -9997 1.1 0.0
C0G650 2000013114 20.1 -9997 0.5 0.0
C0G650 2000013115 19.2 -9997 1.3 0.0
C0G650 2000013116 18.5 -9997 1.4 0.0
C0G650 2000013117 17.1 -9997 0.9 0.0
C0G650 2000013118 15.4 -9997 1.7 0.0
C0G650 2000013119 14.2 -9997 -9997 0.0
C0G650 2000013120 14.0 -9997 0.2 0.0
C0G650 2000013121 13.8 -9997 0.2 0.0
C0G650 2000013122 13.8 -9997 0.1 0.0
C0G650 2000013123 13.8 -9997 0.0 0.0
C0G650 2000013124 13.6 -9997 0.0 0.0
C0G660 2000010101 -9999 -9999 -9999 0.0
C0G660 2000010102 -9999 -9999 -9999 0.0
C0G660 2000010103 -9999 -9999 -9999 0.0
C0G660 2000010104 -9999 -9999 -9999 0.0
C0G660 2000010105 -9999 -9999 -9999 0.0
C0G660 2000010106 -9999 -9999 -9999 0.0
C0G660 2000010107 -9999 -9999 -9999 0.0
C0G660 2000010108 -9999 -9999 -9999 0.0
C0G660 2000010109 -9999 -9999 -9999 0.0
C0G660 2000010110 -9999 -9999 -9999 0.0
C0G660 2000010111 -9999 -9999 -9999 0.0
C0G660 2000010112 -9999 -9999 -9999 0.0
C0G660 2000010113 -9999 -9999 -9999 0.0
C0G660 2000010114 -9999 -9999 -9999 0.0
C0G660 2000010115 -9999 -9999 -9999 0.0
C0G660 2000010116 -9999 -9999 -9999 0.0
C0G660 2000010117 -9999 -9999 -9999 0.0
C0G660 2000010118 -9999 -9999 -9999 0.0
C0G660 2000010119 -9999 -9999 -9999 0.0
C0G660 2000010120 -9999 -9999 -9999 0.0
C0G660 2000010121 -9999 -9999 -9999 0.0
C0G660 2000010122 -9999 -9999 -9999 0.0
C0G660 2000010123 -9999 -9999 -9999 0.0
C0G660 2000010124 -9999 -9999 -9999 0.0
C0G660 2000010201 -9999 -9999 -9999 0.0
C0G660 2000010202 -9999 -9999 -9999 0.0
C0G660 2000010203 -9999 -9999 -9999 0.0
C0G660 2000010204 -9999 -9999 -9999 0.0
C0G660 2000010205 -9999 -9999 -9999 0.0
C0G660 2000010206 -9999 -9999 -9999 0.0
C0G660 2000010207 -9999 -9999 -9999 0.0
C0G660 2000010208 -9999 -9999 -9999 0.0
C0G660 2000010209 -9999 -9999 -9999 0.0
C0G660 2000010210 -9999 -9999 -9999 0.0
C0G660 2000010211 -9999 -9999 -9999 0.0
C0G660 2000010212 -9999 -9999 -9999 0.0
C0G660 2000010213 -9999 -9999 -9999 0.0
C0G660 2000010214 -9999 -9999 -9999 0.0
C0G660 2000010215 -9999 -9999 -9999 0.0
C0G660 2000010216 -9999 -9999 -9999 0.0
C0G660 2000010217 -9999 -9999 -9999 0.0
C0G660 2000010218 -9999 -9999 -9999 0.0
C0G660 2000010219 -9999 -9999 -9999 0.0
C0G660 2000010220 -9999 -9999 -9999 0.0
C0G660 2000010221 -9999 -9999 -9999 0.0
C0G660 2000010222 -9999 -9999 -9999 0.0
C0G660 2000010223 -9999 -9999 -9999 0.0
C0G660 2000010224 -9999 -9999 -9999 0.0
C0G660 2000010301 -9999 -9999 -9999 0.0
C0G660 2000010302 -9999 -9999 -9999 0.0
C0G660 2000010303 -9999 -9999 -9999 0.0
C0G660 2000010304 -9999 -9999 -9999 0.0
C0G660 2000010305 -9999 -9999 -9999 0.0
C0G660 2000010306 -9999 -9999 -9999 0.0
C0G660 2000010307 -9999 -9999 -9999 0.0
C0G660 2000010308 -9999 -9999 -9999 0.0
C0G660 2000010309 -9999 -9999 -9999 0.0
C0G660 2000010310 -9999 -9999 -9999 0.0
C0G660 2000010311 -9999 -9999 -9999 0.0
C0G660 2000010312 -9999 -9999 -9999 0.0
C0G660 2000010313 -9999 -9999 -9999 0.0
C0G660 2000010314 -9999 -9999 -9999 0.0
C0G660 2000010315 -9999 -9999 -9999 0.0
C0G660 2000010316 -9999 -9999 -9999 0.0
C0G660 2000010317 -9999 -9999 -9999 0.0
C0G660 2000010318 -9999 -9999 -9999 0.0
C0G660 2000010319 -9999 -9999 -9999 0.0
C0G660 2000010320 -9999 -9999 -9999 0.0
C0G660 2000010321 -9999 -9999 -9999 0.0
C0G660 2000010322 -9999 -9999 -9999 0.0
C0G660 2000010323 -9999 -9999 -9999 0.0
C0G660 2000010324 -9999 -9999 -9999 0.0
C0G660 2000010401 -9999 -9999 -9999 0.0
C0G660 2000010402 -9999 -9999 -9999 0.0
C0G660 2000010403 -9999 -9999 -9999 0.0
C0G660 2000010404 -9999 -9999 -9999 0.0
C0G660 2000010405 -9999 -9999 -9999 0.0
C0G660 2000010406 -9999 -9999 -9999 0.0
C0G660 2000010407 -9999 -9999 -9999 0.0
C0G660 2000010408 -9999 -9999 -9999 0.0
C0G660 2000010409 -9999 -9999 -9999 0.0
C0G660 2000010410 -9999 -9999 -9999 0.0
C0G660 2000010411 -9999 -9999 -9999 0.0
C0G660 2000010412 -9999 -9999 -9999 0.0
C0G660 2000010413 -9999 -9999 -9999 0.0
C0G660 2000010414 -9999 -9999 -9999 0.0
C0G660 2000010415 -9999 -9999 -9999 0.0
C0G660 2000010416 -9999 -9999 -9999 0.0
C0G660 2000010417 -9999 -9999 -9999 0.0
C0G660 2000010418 -9999 -9999 -9999 0.0
C0G660 2000010419 -9999 -9999 -9999 0.0
C0G660 2000010420 -9999 -9999 -9999 0.0
C0G660 2000010421 -9999 -9999 -9999 0.0
C0G660 2000010422 -9999 -9999 -9999 0.0
C0G660 2000010423 -9999 -9999 -9999 0.0
C0G660 2000010424 -9999 -9999 -9999 0.0
C0G660 2000010501 -9999 -9999 -9999 0.0
C0G660 2000010502 -9999 -9999 -9999 0.0
C0G660 2000010503 -9999 -9999 -9999 0.0
C0G660 2000010504 -9999 -9999 -9999 0.0
C0G660 2000010505 -9999 -9999 -9999 0.0
C0G660 2000010506 -9999 -9999 -9999 0.0
C0G660 2000010507 -9999 -9999 -9999 0.0
C0G660 2000010508 -9999 -9999 -9999 0.0
C0G660 2000010509 -9999 -9999 -9999 0.0
C0G660 2000010510 -9999 -9999 -9999 0.0
C0G660 2000010511 -9999 -9999 -9999 0.0
C0G660 2000010512 -9999 -9999 -9999 0.0
C0G660 2000010513 -9999 -9999 -9999 0.0
C0G660 2000010514 -9999 -9999 -9999 0.0
C0G660 2000010515 -9999 -9999 -9999 0.0
C0G660 2000010516 -9999 -9999 -9999 0.0
C0G660 2000010517 -9999 -9999 -9999 0.0
C0G660 2000010518 -9999 -9999 -9999 0.0
C0G660 2000010519 -9999 -9999 -9999 0.0
C0G660 2000010520 -9999 -9999 -9999 0.0
C0G660 2000010521 -9999 -9999 -9999 0.0
C0G660 2000010522 -9999 -9999 -9999 0.0
C0G660 2000010523 -9999 -9999 -9999 0.0
C0G660 2000010524 -9999 -9999 -9999 0.0
C0G660 2000010601 -9999 -9999 -9999 0.0
C0G660 2000010602 -9999 -9999 -9999 0.0
C0G660 2000010603 -9999 -9999 -9999 0.0
C0G660 2000010604 -9999 -9999 -9999 0.0
C0G660 2000010605 -9999 -9999 -9999 0.0
C0G660 2000010606 -9999 -9999 -9999 0.0
C0G660 2000010607 -9999 -9999 -9999 0.0
C0G660 2000010608 -9999 -9999 -9999 0.0
C0G660 2000010609 -9999 -9999 -9999 0.0
C0G660 2000010610 -9999 -9999 -9999 0.0
C0G660 2000010611 -9999 -9999 -9999 0.0
C0G660 2000010612 -9999 -9999 -9999 0.0
C0G660 2000010613 -9999 -9999 -9999 0.0
C0G660 2000010614 -9999 -9999 -9999 0.0
C0G660 2000010615 -9999 -9999 -9999 0.0
C0G660 2000010616 -9999 -9999 -9999 0.0
C0G660 2000010617 -9999 -9999 -9999 0.0
C0G660 2000010618 -9999 -9999 -9999 0.0
C0G660 2000010619 -9999 -9999 -9999 0.0
C0G660 2000010620 -9999 -9999 -9999 0.0
C0G660 2000010621 -9999 -9999 -9999 0.0
C0G660 2000010622 -9999 -9999 -9999 0.0
C0G660 2000010623 -9999 -9999 -9999 0.0
C0G660 2000010624 -9999 -9999 -9999 0.0
C0G660 2000010701 -9999 -9999 -9999 0.0
C0G660 2000010702 -9999 -9999 -9999 0.0
C0G660 2000010703 -9999 -9999 -9999 0.0
C0G660 2000010704 -9999 -9999 -9999 0.0
C0G660 2000010705 -9999 -9999 -9999 0.0
C0G660 2000010706 -9999 -9999 -9999 0.0
C0G660 2000010707 -9999 -9999 -9999 0.0
C0G660 2000010708 -9999 -9999 -9999 0.0
C0G660 2000010709 -9999 -9999 -9999 0.0
C0G660 2000010710 -9999 -9999 -9999 0.0
C0G660 2000010711 -9999 -9999 -9999 0.0
C0G660 2000010712 -9999 -9999 -9999 0.0
C0G660 2000010713 -9999 -9999 -9999 0.0
C0G660 2000010714 -9999 -9999 -9999 0.0
C0G660 2000010715 -9999 -9999 -9999 0.0
C0G660 2000010716 -9999 -9999 -9999 0.0
C0G660 2000010717 -9999 -9999 -9999 0.0
C0G660 2000010718 -9999 -9999 -9999 0.0
C0G660 2000010719 -9999 -9999 -9999 0.0
C0G660 2000010720 -9999 -9999 -9999 0.0
C0G660 2000010721 -9999 -9999 -9999 0.0
C0G660 2000010722 -9999 -9999 -9999 0.0
C0G660 2000010723 -9999 -9999 -9999 0.0
C0G660 2000010724 -9999 -9999 -9999 -9996
C0G660 2000010801 -9999 -9999 -9999 0.0
C0G660 2000010802 -9999 -9999 -9999 0.0
C0G660 2000010803 -9999 -9999 -9999 0.0
C0G660 2000010804 -9999 -9999 -9999 0.0
C0G660 2000010805 -9999 -9999 -9999 0.0
C0G660 2000010806 -9999 -9999 -9999 0.0
C0G660 2000010807 -9999 -9999 -9999 0.0
C0G660 2000010808 -9999 -9999 -9999 0.0
C0G660 2000010809 -9999 -9999 -9999 0.0
C0G660 2000010810 -9999 -9999 -9999 0.0
C0G660 2000010811 -9999 -9999 -9999 0.0
C0G660 2000010812 -9999 -9999 -9999 0.0
C0G660 2000010813 -9999 -9999 -9999 0.0
C0G660 2000010814 -9999 -9999 -9999 0.0
C0G660 2000010815 -9999 -9999 -9999 0.0
C0G660 2000010816 -9999 -9999 -9999 0.0
C0G660 2000010817 -9999 -9999 -9999 0.0
C0G660 2000010818 -9999 -9999 -9999 0.0
C0G660 2000010819 -9999 -9999 -9999 0.0
C0G660 2000010820 -9999 -9999 -9999 0.0
C0G660 2000010821 -9999 -9999 -9999 0.0
C0G660 2000010822 -9999 -9999 -9999 0.0
C0G660 2000010823 -9999 -9999 -9999 0.0
C0G660 2000010824 -9999 -9999 -9999 0.0
C0G660 2000010901 -9999 -9999 -9999 0.0
C0G660 2000010902 -9999 -9999 -9999 0.0
C0G660 2000010903 -9999 -9999 -9999 0.0
C0G660 2000010904 -9999 -9999 -9999 0.0
C0G660 2000010905 -9999 -9999 -9999 0.0
C0G660 2000010906 -9999 -9999 -9999 0.0
C0G660 2000010907 -9999 -9999 -9999 0.0
C0G660 2000010908 -9999 -9999 -9999 0.0
C0G660 2000010909 -9999 -9999 -9999 0.0
C0G660 2000010910 -9999 -9999 -9999 0.0
C0G660 2000010911 -9999 -9999 -9999 0.0
C0G660 2000010912 -9999 -9999 -9999 0.0
C0G660 2000010913 -9999 -9999 -9999 0.0
C0G660 2000010914 -9999 -9999 -9999 0.0
C0G660 2000010915 -9999 -9999 -9999 0.0
C0G660 2000010916 -9999 -9999 -9999 0.0
C0G660 2000010917 -9999 -9999 -9999 0.0
C0G660 2000010918 -9999 -9999 -9999 0.0
C0G660 2000010919 -9999 -9999 -9999 0.0
C0G660 2000010920 -9999 -9999 -9999 0.0
C0G660 2000010921 -9999 -9999 -9999 0.0
C0G660 2000010922 -9999 -9999 -9999 0.0
C0G660 2000010923 -9999 -9999 -9999 0.0
C0G660 2000010924 -9999 -9999 -9999 0.0
C0G660 2000011001 -9999 -9999 -9999 0.0
C0G660 2000011002 -9999 -9999 -9999 0.0
C0G660 2000011003 -9999 -9999 -9999 0.0
C0G660 2000011004 -9999 -9999 -9999 0.0
C0G660 2000011005 -9999 -9999 -9999 0.0
C0G660 2000011006 -9999 -9999 -9999 0.0
C0G660 2000011007 -9999 -9999 -9999 0.0
C0G660 2000011008 -9999 -9999 -9999 0.0
C0G660 2000011009 -9999 -9999 -9999 0.0
C0G660 2000011010 -9999 -9999 -9999 0.0
C0G660 2000011011 -9999 -9999 -9999 0.0
C0G660 2000011012 -9999 -9999 -9999 0.0
C0G660 2000011013 -9999 -9999 -9999 0.0
C0G660 2000011014 -9999 -9999 -9999 0.0
C0G660 2000011015 -9999 -9999 -9999 0.0
C0G660 2000011016 -9999 -9999 -9999 0.0
C0G660 2000011017 -9999 -9999 -9999 0.0
C0G660 2000011018 -9999 -9999 -9999 0.0
C0G660 2000011019 -9999 -9999 -9999 0.0
C0G660 2000011020 -9999 -9999 -9999 0.0
C0G660 2000011021 -9999 -9999 -9999 0.0
C0G660 2000011022 -9999 -9999 -9999 0.0
C0G660 2000011023 -9999 -9999 -9999 0.0
C0G660 2000011024 -9999 -9999 -9999 0.0
C0G660 2000011101 -9999 -9999 -9999 0.0
C0G660 2000011102 -9999 -9999 -9999 0.0
C0G660 2000011103 -9999 -9999 -9999 0.0
C0G660 2000011104 -9999 -9999 -9999 0.0
C0G660 2000011105 -9999 -9999 -9999 0.0
C0G660 2000011106 -9999 -9999 -9999 0.0
C0G660 2000011107 -9999 -9999 -9999 0.0
C0G660 2000011108 -9999 -9999 -9999 0.0
C0G660 2000011109 -9999 -9999 -9999 0.0
C0G660 2000011110 -9999 -9999 -9999 0.0
C0G660 2000011111 -9999 -9999 -9999 0.0
C0G660 2000011112 -9999 -9999 -9999 0.0
C0G660 2000011113 -9999 -9999 -9999 0.0
C0G660 2000011114 -9999 -9999 -9999 0.0
C0G660 2000011115 -9999 -9999 -9999 0.0
C0G660 2000011116 -9999 -9999 -9999 0.0
C0G660 2000011117 -9999 -9999 -9999 0.0
C0G660 2000011118 -9999 -9999 -9999 0.0
C0G660 2000011119 -9999 -9999 -9999 0.0
C0G660 2000011120 -9999 -9999 -9999 0.0
C0G660 2000011121 -9999 -9999 -9999 0.0
C0G660 2000011122 -9999 -9999 -9999 0.0
C0G660 2000011123 -9999 -9999 -9999 0.0
C0G660 2000011124 -9999 -9999 -9999 0.0
C0G660 2000011201 -9999 -9999 -9999 0.0
C0G660 2000011202 -9999 -9999 -9999 0.0
C0G660 2000011203 -9999 -9999 -9999 0.0
C0G660 2000011204 -9999 -9999 -9999 0.0
C0G660 2000011205 -9999 -9999 -9999 0.0
C0G660 2000011206 -9999 -9999 -9999 0.0
C0G660 2000011207 -9999 -9999 -9999 0.0
C0G660 2000011208 -9999 -9999 -9999 0.0
C0G660 2000011209 -9999 -9999 -9999 0.0
C0G660 2000011210 -9999 -9999 -9999 0.0
C0G660 2000011211 -9999 -9999 -9999 0.0
C0G660 2000011212 -9999 -9999 -9999 0.0
C0G660 2000011213 -9999 -9999 -9999 0.0
C0G660 2000011214 -9999 -9999 -9999 0.0
C0G660 2000011215 -9999 -9999 -9999 0.0
C0G660 2000011216 -9999 -9999 -9999 0.0
C0G660 2000011217 -9999 -9999 -9999 0.0
C0G660 2000011218 -9999 -9999 -9999 0.0
C0G660 2000011219 -9999 -9999 -9999 0.0
C0G660 2000011220 -9999 -9999 -9999 0.0
C0G660 2000011221 -9999 -9999 -9999 0.0
C0G660 2000011222 -9999 -9999 -9999 0.0
C0G660 2000011223 -9999 -9999 -9999 0.0
C0G660 2000011224 -9999 -9999 -9999 0.0
C0G660 2000011301 -9999 -9999 -9999 0.0
C0G660 2000011302 -9999 -9999 -9999 0.0
C0G660 2000011303 -9999 -9999 -9999 0.0
C0G660 2000011304 -9999 -9999 -9999 0.0
C0G660 2000011305 -9999 -9999 -9999 0.0
C0G660 2000011306 -9999 -9999 -9999 0.0
C0G660 2000011307 -9999 -9999 -9999 0.0
C0G660 2000011308 -9999 -9999 -9999 0.0
C0G660 2000011309 -9999 -9999 -9999 0.0
C0G660 2000011310 -9999 -9999 -9999 0.0
C0G660 2000011311 -9999 -9999 -9999 0.0
C0G660 2000011312 -9999 -9999 -9999 0.0
C0G660 2000011313 -9999 -9999 -9999 0.0
C0G660 2000011314 -9999 -9999 -9999 0.0
C0G660 2000011315 -9999 -9999 -9999 0.0
C0G660 2000011316 -9999 -9999 -9999 0.0
C0G660 2000011317 -9999 -9999 -9999 0.0
C0G660 2000011318 -9999 -9999 -9999 0.0
C0G660 2000011319 -9999 -9999 -9999 0.0
C0G660 2000011320 -9999 -9999 -9999 0.0
C0G660 2000011321 -9999 -9999 -9999 0.0
C0G660 2000011322 -9999 -9999 -9999 0.0
C0G660 2000011323 -9999 -9999 -9999 0.0
C0G660 2000011324 -9999 -9999 -9999 0.0
C0G660 2000011401 -9999 -9999 -9999 0.0
C0G660 2000011402 -9999 -9999 -9999 0.0
C0G660 2000011403 -9999 -9999 -9999 0.0
C0G660 2000011404 -9999 -9999 -9999 0.0
C0G660 2000011405 -9999 -9999 -9999 0.0
C0G660 2000011406 -9999 -9999 -9999 0.0
C0G660 2000011407 -9999 -9999 -9999 0.0
C0G660 2000011408 -9999 -9999 -9999 0.0
C0G660 2000011409 -9999 -9999 -9999 0.0
C0G660 2000011410 -9999 -9999 -9999 0.0
C0G660 2000011411 -9999 -9999 -9999 0.0
C0G660 2000011412 -9999 -9999 -9999 0.0
C0G660 2000011413 -9999 -9999 -9999 0.0
C0G660 2000011414 -9999 -9999 -9999 0.0
C0G660 2000011415 -9999 -9999 -9999 0.0
C0G660 2000011416 -9999 -9999 -9999 0.0
C0G660 2000011417 -9999 -9999 -9999 0.0
C0G660 2000011418 -9999 -9999 -9999 0.0
C0G660 2000011419 -9999 -9999 -9999 0.0
C0G660 2000011420 -9999 -9999 -9999 0.0
C0G660 2000011421 -9999 -9999 -9999 0.0
C0G660 2000011422 -9999 -9999 -9999 0.0
C0G660 2000011423 -9999 -9999 -9999 0.0
C0G660 2000011424 -9999 -9999 -9999 0.0
C0G660 2000011501 -9999 -9999 -9999 0.0
C0G660 2000011502 -9999 -9999 -9999 0.0
C0G660 2000011503 -9999 -9999 -9999 0.0
C0G660 2000011504 -9999 -9999 -9999 0.0
C0G660 2000011505 -9999 -9999 -9999 0.0
C0G660 2000011506 -9999 -9999 -9999 0.0
C0G660 2000011507 -9999 -9999 -9999 0.0
C0G660 2000011508 -9999 -9999 -9999 0.0
C0G660 2000011509 -9999 -9999 -9999 0.0
C0G660 2000011510 -9999 -9999 -9999 0.0
C0G660 2000011511 -9999 -9999 -9999 0.0
C0G660 2000011512 -9999 -9999 -9999 0.0
C0G660 2000011513 -9999 -9999 -9999 0.0
C0G660 2000011514 -9999 -9999 -9999 0.0
C0G660 2000011515 -9999 -9999 -9999 0.0
C0G660 2000011516 -9999 -9999 -9999 0.0
C0G660 2000011517 -9999 -9999 -9999 0.0
C0G660 2000011518 -9999 -9999 -9999 0.0
C0G660 2000011519 -9999 -9999 -9999 0.0
C0G660 2000011520 -9999 -9999 -9999 0.0
C0G660 2000011521 -9999 -9999 -9999 0.0
C0G660 2000011522 -9999 -9999 -9999 0.0
C0G660 2000011523 -9999 -9999 -9999 0.0
C0G660 2000011524 -9999 -9999 -9999 0.0
C0G660 2000011601 -9999 -9999 -9999 0.0
C0G660 2000011602 -9999 -9999 -9999 0.0
C0G660 2000011603 -9999 -9999 -9999 0.0
C0G660 2000011604 -9999 -9999 -9999 0.0
C0G660 2000011605 -9999 -9999 -9999 0.0
C0G660 2000011606 -9999 -9999 -9999 0.0
C0G660 2000011607 -9999 -9999 -9999 0.0
C0G660 2000011608 -9999 -9999 -9999 0.0
C0G660 2000011609 -9999 -9999 -9999 0.0
C0G660 2000011610 -9999 -9999 -9999 0.0
C0G660 2000011611 -9999 -9999 -9999 0.0
C0G660 2000011612 -9999 -9999 -9999 0.0
C0G660 2000011613 -9999 -9999 -9999 0.0
C0G660 2000011614 -9999 -9999 -9999 0.0
C0G660 2000011615 -9999 -9999 -9999 0.0
C0G660 2000011616 -9999 -9999 -9999 0.0
C0G660 2000011617 -9999 -9999 -9999 0.0
C0G660 2000011618 -9999 -9999 -9999 0.0
C0G660 2000011619 -9999 -9999 -9999 0.0
C0G660 2000011620 -9999 -9999 -9999 0.0
C0G660 2000011621 -9999 -9999 -9999 0.0
C0G660 2000011622 -9999 -9999 -9999 0.0
C0G660 2000011623 -9999 -9999 -9999 0.0
C0G660 2000011624 -9999 -9999 -9999 0.0
C0G660 2000011701 -9999 -9999 -9999 0.0
C0G660 2000011702 -9999 -9999 -9999 0.0
C0G660 2000011703 -9999 -9999 -9999 0.0
C0G660 2000011704 -9999 -9999 -9999 0.0
C0G660 2000011705 -9999 -9999 -9999 0.0
C0G660 2000011706 -9999 -9999 -9999 0.0
C0G660 2000011707 -9999 -9999 -9999 0.0
C0G660 2000011708 -9999 -9999 -9999 0.0
C0G660 2000011709 -9999 -9999 -9999 0.0
C0G660 2000011710 -9999 -9999 -9999 0.0
C0G660 2000011711 -9999 -9999 -9999 0.0
C0G660 2000011712 -9999 -9999 -9999 0.0
C0G660 2000011713 -9999 -9999 -9999 0.0
C0G660 2000011714 -9999 -9999 -9999 0.0
C0G660 2000011715 -9999 -9999 -9999 0.0
C0G660 2000011716 -9999 -9999 -9999 0.0
C0G660 2000011717 -9999 -9999 -9999 0.0
C0G660 2000011718 -9999 -9999 -9999 0.0
C0G660 2000011719 -9999 -9999 -9999 0.0
C0G660 2000011720 -9999 -9999 -9999 0.0
C0G660 2000011721 -9999 -9999 -9999 0.0
C0G660 2000011722 -9999 -9999 -9999 0.0
C0G660 2000011723 -9999 -9999 -9999 0.0
C0G660 2000011724 -9999 -9999 -9999 0.0
C0G660 2000011801 -9999 -9999 -9999 0.0
C0G660 2000011802 -9999 -9999 -9999 0.0
C0G660 2000011803 -9999 -9999 -9999 0.0
C0G660 2000011804 -9999 -9999 -9999 0.0
C0G660 2000011805 -9999 -9999 -9999 0.0
C0G660 2000011806 -9999 -9999 -9999 0.0
C0G660 2000011807 -9999 -9999 -9999 0.0
C0G660 2000011808 -9999 -9999 -9999 1.0
C0G660 2000011809 -9999 -9999 -9999 0.0
C0G660 2000011810 -9999 -9999 -9999 0.0
C0G660 2000011811 -9999 -9999 -9999 0.0
C0G660 2000011812 -9999 -9999 -9999 0.0
C0G660 2000011813 -9999 -9999 -9999 0.0
C0G660 2000011814 -9999 -9999 -9999 0.0
C0G660 2000011815 -9999 -9999 -9999 0.0
C0G660 2000011816 -9999 -9999 -9999 0.0
C0G660 2000011817 -9999 -9999 -9999 0.0
C0G660 2000011818 -9999 -9999 -9999 0.0
C0G660 2000011819 -9999 -9999 -9999 0.0
C0G660 2000011820 -9999 -9999 -9999 0.0
C0G660 2000011821 -9999 -9999 -9999 0.0
C0G660 2000011822 -9999 -9999 -9999 0.0
C0G660 2000011823 -9999 -9999 -9999 0.0
C0G660 2000011824 -9999 -9999 -9999 0.0
C0G660 2000011901 -9999 -9999 -9999 0.0
C0G660 2000011902 -9999 -9999 -9999 0.0
C0G660 2000011903 -9999 -9999 -9999 0.0
C0G660 2000011904 -9999 -9999 -9999 0.0
C0G660 2000011905 -9999 -9999 -9999 0.0
C0G660 2000011906 -9999 -9999 -9999 0.0
C0G660 2000011907 -9999 -9999 -9999 0.0
C0G660 2000011908 -9999 -9999 -9999 0.0
C0G660 2000011909 -9999 -9999 -9999 0.0
C0G660 2000011910 -9999 -9999 -9999 0.0
C0G660 2000011911 -9999 -9999 -9999 0.0
C0G660 2000011912 -9999 -9999 -9999 0.0
C0G660 2000011913 -9999 -9999 -9999 0.0
C0G660 2000011914 -9999 -9999 -9999 0.0
C0G660 2000011915 -9999 -9999 -9999 0.0
C0G660 2000011916 -9999 -9999 -9999 0.0
C0G660 2000011917 -9999 -9999 -9999 0.0
C0G660 2000011918 -9999 -9999 -9999 0.0
C0G660 2000011919 -9999 -9999 -9999 0.0
C0G660 2000011920 -9999 -9999 -9999 0.0
C0G660 2000011921 -9999 -9999 -9999 0.0
C0G660 2000011922 -9999 -9999 -9999 0.0
C0G660 2000011923 -9999 -9999 -9999 0.0
C0G660 2000011924 -9999 -9999 -9999 0.0
C0G660 2000012001 -9999 -9999 -9999 0.0
C0G660 2000012002 -9999 -9999 -9999 0.0
C0G660 2000012003 -9999 -9999 -9999 0.0
C0G660 2000012004 -9999 -9999 -9999 0.0
C0G660 2000012005 -9999 -9999 -9999 0.0
C0G660 2000012006 -9999 -9999 -9999 0.0
C0G660 2000012007 -9999 -9999 -9999 0.0
C0G660 2000012008 -9999 -9999 -9999 0.0
C0G660 2000012009 -9999 -9999 -9999 0.0
C0G660 2000012010 -9999 -9999 -9999 0.0
C0G660 2000012011 -9999 -9999 -9999 0.0
C0G660 2000012012 -9999 -9999 -9999 0.0
C0G660 2000012013 -9999 -9999 -9999 0.0
C0G660 2000012014 -9999 -9999 -9999 0.0
C0G660 2000012015 -9999 -9999 -9999 0.0
C0G660 2000012016 -9999 -9999 -9999 0.0
C0G660 2000012017 -9999 -9999 -9999 0.0
C0G660 2000012018 -9999 -9999 -9999 0.0
C0G660 2000012019 -9999 -9999 -9999 0.0
C0G660 2000012020 -9999 -9999 -9999 0.0
C0G660 2000012021 -9999 -9999 -9999 0.0
C0G660 2000012022 -9999 -9999 -9999 0.0
C0G660 2000012023 -9999 -9999 -9999 0.0
C0G660 2000012024 -9999 -9999 -9999 0.0
C0G660 2000012101 -9999 -9999 -9999 0.0
C0G660 2000012102 -9999 -9999 -9999 0.0
C0G660 2000012103 -9999 -9999 -9999 0.0
C0G660 2000012104 -9999 -9999 -9999 0.0
C0G660 2000012105 -9999 -9999 -9999 0.0
C0G660 2000012106 -9999 -9999 -9999 0.0
C0G660 2000012107 -9999 -9999 -9999 0.0
C0G660 2000012108 -9999 -9999 -9999 0.0
C0G660 2000012109 -9999 -9999 -9999 0.0
C0G660 2000012110 -9999 -9999 -9999 0.0
C0G660 2000012111 -9999 -9999 -9999 0.0
C0G660 2000012112 -9999 -9999 -9999 0.0
C0G660 2000012113 -9999 -9999 -9999 0.0
C0G660 2000012114 -9999 -9999 -9999 0.0
C0G660 2000012115 -9999 -9999 -9999 0.0
C0G660 2000012116 -9999 -9999 -9999 0.0
C0G660 2000012117 -9999 -9999 -9999 0.0
C0G660 2000012118 -9999 -9999 -9999 0.0
C0G660 2000012119 -9999 -9999 -9999 0.0
C0G660 2000012120 -9999 -9999 -9999 0.0
C0G660 2000012121 -9999 -9999 -9999 0.0
C0G660 2000012122 -9999 -9999 -9999 0.0
C0G660 2000012123 -9999 -9999 -9999 0.0
C0G660 2000012124 -9999 -9999 -9999 0.0
C0G660 2000012201 -9999 -9999 -9999 0.0
C0G660 2000012202 -9999 -9999 -9999 0.0
C0G660 2000012203 -9999 -9999 -9999 0.0
C0G660 2000012204 -9999 -9999 -9999 0.0
C0G660 2000012205 -9999 -9999 -9999 0.0
C0G660 2000012206 -9999 -9999 -9999 0.0
C0G660 2000012207 -9999 -9999 -9999 0.0
C0G660 2000012208 -9999 -9999 -9999 0.0
C0G660 2000012209 -9999 -9999 -9999 0.0
C0G660 2000012210 -9999 -9999 -9999 0.0
C0G660 2000012211 -9999 -9999 -9999 0.0
C0G660 2000012212 -9999 -9999 -9999 0.0
C0G660 2000012213 -9999 -9999 -9999 0.0
C0G660 2000012214 -9999 -9999 -9999 0.0
C0G660 2000012215 -9999 -9999 -9999 0.0
C0G660 2000012216 -9999 -9999 -9999 0.0
C0G660 2000012217 -9999 -9999 -9999 0.0
C0G660 2000012218 -9999 -9999 -9999 0.0
C0G660 2000012219 -9999 -9999 -9999 0.0
C0G660 2000012220 -9999 -9999 -9999 0.0
C0G660 2000012221 -9999 -9999 -9999 0.0
C0G660 2000012222 -9999 -9999 -9999 0.0
C0G660 2000012223 -9999 -9999 -9999 0.0
C0G660 2000012224 -9999 -9999 -9999 0.0
C0G660 2000012301 -9999 -9999 -9999 0.0
C0G660 2000012302 -9999 -9999 -9999 0.0
C0G660 2000012303 -9999 -9999 -9999 0.0
C0G660 2000012304 -9999 -9999 -9999 0.0
C0G660 2000012305 -9999 -9999 -9999 0.0
C0G660 2000012306 -9999 -9999 -9999 0.0
C0G660 2000012307 -9999 -9999 -9999 0.0
C0G660 2000012308 -9999 -9999 -9999 0.0
C0G660 2000012309 -9999 -9999 -9999 0.0
C0G660 2000012310 -9999 -9999 -9999 0.0
C0G660 2000012311 -9999 -9999 -9999 0.0
C0G660 2000012312 -9999 -9999 -9999 0.0
C0G660 2000012313 -9999 -9999 -9999 0.0
C0G660 2000012314 -9999 -9999 -9999 0.0
C0G660 2000012315 -9999 -9999 -9999 0.0
C0G660 2000012316 -9999 -9999 -9999 0.0
C0G660 2000012317 -9999 -9999 -9999 0.0
C0G660 2000012318 -9999 -9999 -9999 0.0
C0G660 2000012319 -9999 -9999 -9999 0.0
C0G660 2000012320 -9999 -9999 -9999 0.0
C0G660 2000012321 -9999 -9999 -9999 0.0
C0G660 2000012322 -9999 -9999 -9999 0.0
C0G660 2000012323 -9999 -9999 -9999 0.0
C0G660 2000012324 -9999 -9999 -9999 0.0
C0G660 2000012401 -9999 -9999 -9999 0.0
C0G660 2000012402 -9999 -9999 -9999 0.0
C0G660 2000012403 -9999 -9999 -9999 0.0
C0G660 2000012404 -9999 -9999 -9999 0.0
C0G660 2000012405 -9999 -9999 -9999 0.0
C0G660 2000012406 -9999 -9999 -9999 0.0
C0G660 2000012407 -9999 -9999 -9999 0.0
C0G660 2000012408 -9999 -9999 -9999 0.0
C0G660 2000012409 -9999 -9999 -9999 0.0
C0G660 2000012410 -9999 -9999 -9999 0.0
C0G660 2000012411 -9999 -9999 -9999 0.0
C0G660 2000012412 -9999 -9999 -9999 0.0
C0G660 2000012413 -9999 -9999 -9999 0.0
C0G660 2000012414 -9999 -9999 -9999 0.0
C0G660 2000012415 -9999 -9999 -9999 0.0
C0G660 2000012416 -9999 -9999 -9999 0.0
C0G660 2000012417 -9999 -9999 -9999 0.0
C0G660 2000012418 -9999 -9999 -9999 0.5
C0G660 2000012419 -9999 -9999 -9999 0.0
C0G660 2000012420 -9999 -9999 -9999 1.0
C0G660 2000012421 -9999 -9999 -9999 1.5
C0G660 2000012422 -9999 -9999 -9999 0.5
C0G660 2000012423 -9999 -9999 -9999 1.0
C0G660 2000012424 -9999 -9999 -9999 1.5
C0G660 2000012501 -9999 -9999 -9999 0.0
C0G660 2000012502 -9999 -9999 -9999 0.0
C0G660 2000012503 -9999 -9999 -9999 0.0
C0G660 2000012504 -9999 -9999 -9999 0.0
C0G660 2000012505 -9999 -9999 -9999 0.0
C0G660 2000012506 -9999 -9999 -9999 0.0
C0G660 2000012507 -9999 -9999 -9999 0.0
C0G660 2000012508 -9999 -9999 -9999 0.0
C0G660 2000012509 -9999 -9999 -9999 0.0
C0G660 2000012510 -9999 -9999 -9999 0.0
C0G660 2000012511 -9999 -9999 -9999 0.0
C0G660 2000012512 -9999 -9999 -9999 0.0
C0G660 2000012513 -9999 -9999 -9999 2.0
C0G660 2000012514 -9999 -9999 -9999 1.5
C0G660 2000012515 -9999 -9999 -9999 0.5
C0G660 2000012516 -9999 -9999 -9999 0.0
C0G660 2000012517 -9999 -9999 -9999 0.5
C0G660 2000012518 -9999 -9999 -9999 0.0
C0G660 2000012519 -9999 -9999 -9999 0.0
C0G660 2000012520 -9999 -9999 -9999 0.0
C0G660 2000012521 -9999 -9999 -9999 0.0
C0G660 2000012522 -9999 -9999 -9999 0.0
C0G660 2000012523 -9999 -9999 -9999 1.0
C0G660 2000012524 -9999 -9999 -9999 0.0
C0G660 2000012601 -9999 -9999 -9999 2.0
C0G660 2000012602 -9999 -9999 -9999 0.5
C0G660 2000012603 -9999 -9999 -9999 1.5
C0G660 2000012604 -9999 -9999 -9999 0.0
C0G660 2000012605 -9999 -9999 -9999 0.5
C0G660 2000012606 -9999 -9999 -9999 0.0
C0G660 2000012607 -9999 -9999 -9999 0.0
C0G660 2000012608 -9999 -9999 -9999 0.0
C0G660 2000012609 -9999 -9999 -9999 0.0
C0G660 2000012610 -9999 -9999 -9999 0.0
C0G660 2000012611 -9999 -9999 -9999 0.0
C0G660 2000012612 -9999 -9999 -9999 0.0
C0G660 2000012613 -9999 -9999 -9999 0.0
C0G660 2000012614 -9999 -9999 -9999 0.0
C0G660 2000012615 -9999 -9999 -9999 0.0
C0G660 2000012616 -9999 -9999 -9999 0.0
C0G660 2000012617 -9999 -9999 -9999 0.0
C0G660 2000012618 -9999 -9999 -9999 0.0
C0G660 2000012619 -9999 -9999 -9999 0.0
C0G660 2000012620 -9999 -9999 -9999 0.0
C0G660 2000012621 -9999 -9999 -9999 0.0
C0G660 2000012622 -9999 -9999 -9999 0.0
C0G660 2000012623 -9999 -9999 -9999 0.0
C0G660 2000012624 -9999 -9999 -9999 0.0
C0G660 2000012701 -9999 -9999 -9999 0.0
C0G660 2000012702 -9999 -9999 -9999 0.0
C0G660 2000012703 -9999 -9999 -9999 0.0
C0G660 2000012704 -9999 -9999 -9999 0.0
C0G660 2000012705 -9999 -9999 -9999 0.0
C0G660 2000012706 -9999 -9999 -9999 0.0
C0G660 2000012707 -9999 -9999 -9999 0.0
C0G660 2000012708 -9999 -9999 -9999 0.0
C0G660 2000012709 -9999 -9999 -9999 0.0
C0G660 2000012710 -9999 -9999 -9999 0.0
C0G660 2000012711 -9999 -9999 -9999 0.0
C0G660 2000012712 -9999 -9999 -9999 0.0
C0G660 2000012713 -9999 -9999 -9999 0.0
C0G660 2000012714 -9999 -9999 -9999 0.0
C0G660 2000012715 -9999 -9999 -9999 0.0
C0G660 2000012716 -9999 -9999 -9999 0.0
C0G660 2000012717 -9999 -9999 -9999 0.0
C0G660 2000012718 -9999 -9999 -9999 0.0
C0G660 2000012719 -9999 -9999 -9999 0.0
C0G660 2000012720 -9999 -9999 -9999 0.0
C0G660 2000012721 -9999 -9999 -9999 0.0
C0G660 2000012722 -9999 -9999 -9999 0.0
C0G660 2000012723 -9999 -9999 -9999 0.0
C0G660 2000012724 -9999 -9999 -9999 0.0
C0G660 2000012801 -9999 -9999 -9999 0.0
C0G660 2000012802 -9999 -9999 -9999 0.0
C0G660 2000012803 -9999 -9999 -9999 0.0
C0G660 2000012804 -9999 -9999 -9999 0.0
C0G660 2000012805 -9999 -9999 -9999 0.0
C0G660 2000012806 -9999 -9999 -9999 0.0
C0G660 2000012807 -9999 -9999 -9999 0.0
C0G660 2000012808 -9999 -9999 -9999 0.0
C0G660 2000012809 -9999 -9999 -9999 0.0
C0G660 2000012810 -9999 -9999 -9999 0.0
C0G660 2000012811 -9999 -9999 -9999 0.0
C0G660 2000012812 -9999 -9999 -9999 0.0
C0G660 2000012813 -9999 -9999 -9999 0.0
C0G660 2000012814 -9999 -9999 -9999 0.0
C0G660 2000012815 -9999 -9999 -9999 0.0
C0G660 2000012816 -9999 -9999 -9999 0.0
C0G660 2000012817 -9999 -9999 -9999 0.0
C0G660 2000012818 -9999 -9999 -9999 0.0
C0G660 2000012819 -9999 -9999 -9999 0.0
C0G660 2000012820 -9999 -9999 -9999 0.0
C0G660 2000012821 -9999 -9999 -9999 0.0
C0G660 2000012822 -9999 -9999 -9999 0.0
C0G660 2000012823 -9999 -9999 -9999 0.0
C0G660 2000012824 -9999 -9999 -9999 0.0
C0G660 2000012901 -9999 -9999 -9999 0.0
C0G660 2000012902 -9999 -9999 -9999 0.0
C0G660 2000012903 -9999 -9999 -9999 0.0
C0G660 2000012904 -9999 -9999 -9999 0.0
C0G660 2000012905 -9999 -9999 -9999 0.0
C0G660 2000012906 -9999 -9999 -9999 0.0
C0G660 2000012907 -9999 -9999 -9999 0.0
C0G660 2000012908 -9999 -9999 -9999 0.0
C0G660 2000012909 -9999 -9999 -9999 0.0
C0G660 2000012910 -9999 -9999 -9999 0.0
C0G660 2000012911 -9999 -9999 -9999 0.0
C0G660 2000012912 -9999 -9999 -9999 0.0
C0G660 2000012913 -9999 -9999 -9999 0.0
C0G660 2000012914 -9999 -9999 -9999 0.0
C0G660 2000012915 -9999 -9999 -9999 0.0
C0G660 2000012916 -9999 -9999 -9999 0.0
C0G660 2000012917 -9999 -9999 -9999 0.0
C0G660 2000012918 -9999 -9999 -9999 0.0
C0G660 2000012919 -9999 -9999 -9999 0.0
C0G660 2000012920 -9999 -9999 -9999 0.0
C0G660 2000012921 -9999 -9999 -9999 0.0
C0G660 2000012922 -9999 -9999 -9999 0.0
C0G660 2000012923 -9999 -9999 -9999 0.0
C0G660 2000012924 -9999 -9999 -9999 0.0
C0G660 2000013001 -9999 -9999 -9999 0.0
C0G660 2000013002 -9999 -9999 -9999 0.0
C0G660 2000013003 -9999 -9999 -9999 0.0
C0G660 2000013004 -9999 -9999 -9999 0.0
C0G660 2000013005 -9999 -9999 -9999 0.0
C0G660 2000013006 -9999 -9999 -9999 0.0
C0G660 2000013007 -9999 -9999 -9999 0.0
C0G660 2000013008 -9999 -9999 -9999 0.0
C0G660 2000013009 -9999 -9999 -9999 0.0
C0G660 2000013010 -9999 -9999 -9999 0.0
C0G660 2000013011 -9999 -9999 -9999 0.0
C0G660 2000013012 -9999 -9999 -9999 0.0
C0G660 2000013013 -9999 -9999 -9999 0.0
C0G660 2000013014 -9999 -9999 -9999 0.0
C0G660 2000013015 -9999 -9999 -9999 0.0
C0G660 2000013016 -9999 -9999 -9999 0.0
C0G660 2000013017 -9999 -9999 -9999 0.0
C0G660 2000013018 -9999 -9999 -9999 0.0
C0G660 2000013019 -9999 -9999 -9999 0.0
C0G660 2000013020 -9999 -9999 -9999 0.0
C0G660 2000013021 -9999 -9999 -9999 0.0
C0G660 2000013022 -9999 -9999 -9999 0.0
C0G660 2000013023 -9999 -9999 -9999 0.0
C0G660 2000013024 -9999 -9999 -9999 0.0
C0G660 2000013101 -9999 -9999 -9999 0.0
C0G660 2000013102 -9999 -9999 -9999 0.0
C0G660 2000013103 -9999 -9999 -9999 0.0
C0G660 2000013104 -9999 -9999 -9999 0.0
C0G660 2000013105 -9999 -9999 -9999 0.0
C0G660 2000013106 -9999 -9999 -9999 0.0
C0G660 2000013107 -9999 -9999 -9999 0.0
C0G660 2000013108 -9999 -9999 -9999 0.0
C0G660 2000013109 -9999 -9999 -9999 0.0
C0G660 2000013110 -9999 -9999 -9999 0.0
C0G660 2000013111 -9999 -9999 -9999 0.0
C0G660 2000013112 -9999 -9999 -9999 0.0
C0G660 2000013113 -9999 -9999 -9999 0.0
C0G660 2000013114 -9999 -9999 -9999 0.0
C0G660 2000013115 -9999 -9999 -9999 0.0
C0G660 2000013116 -9999 -9999 -9999 0.0
C0G660 2000013117 -9999 -9999 -9999 0.0
C0G660 2000013118 -9999 -9999 -9999 0.0
C0G660 2000013119 -9999 -9999 -9999 0.0
C0G660 2000013120 -9999 -9999 -9999 0.0
C0G660 2000013121 -9999 -9999 -9999 0.0
C0G660 2000013122 -9999 -9999 -9999 0.0
C0G660 2000013123 -9999 -9999 -9999 0.0
C0G660 2000013124 -9999 -9999 -9999 0.0
