C0G650 2000080101  -9997   24.3  -9997  -9997    0.0    0.0    0.0
C0G650 2000080102  -9997   24.2  -9997    0.0    0.0    0.0    0.0
C0G650 2000080103  -9997   24.7  -9997    0.5  190.0    0.0    0.0
C0G650 2000080104  -9997   24.3  -9997    0.0    0.0    0.0    0.0
C0G650 2000080105  -9997   24.3  -9997    0.0    0.0    0.0    0.0
C0G650 2000080106  -9997   24.4  -9997    0.0    0.0    0.0    0.0
C0G650 2000080107  -9997   25.4  -9997    0.0    0.0    0.0    0.0
C0G650 2000080108  -9997   25.0  -9997    0.0    0.0    2.0    0.0
C0G650 2000080109  -9997   24.6  -9997    0.2    0.0    9.0    0.0
C0G650 2000080110  -9997   25.6  -9997    0.9  190.0    0.5    0.0
C0G650 2000080111  -9997   27.1  -9997    2.0  200.0    0.0    0.0
C0G650 2000080112  -9997   27.6  -9997    1.8  210.0    0.0    0.0
C0G650 2000080113  -9997   27.1  -9997    3.2  220.0    0.0    0.0
C0G650 2000080114  -9997   27.3  -9997    1.9  220.0    0.0    0.0
C0G650 2000080115  -9997   25.8  -9997    3.5  240.0    1.0    0.0
C0G650 2000080116  -9997   24.9  -9997    1.9  260.0    6.0  -9997
C0G650 2000080117  -9997   24.3  -9997    1.1  250.0    0.5    0.0
C0G650 2000080118  -9997   24.1  -9997    0.0    0.0    0.0    0.0
C0G650 2000080119  -9997   24.6  -9997    0.0    0.0    0.0    0.0
C0G650 2000080120  -9997   24.0  -9997    0.0    0.0    0.0    0.0
C0G650 2000080121  -9997   23.8  -9997    0.0    0.0    0.0    0.0
C0G650 2000080122  -9997   23.8  -9997    0.0    0.0    0.0    0.0
C0G650 2000080123  -9997   23.5  -9997    0.0    0.0    0.0    0.0
C0G650 2000080124  -9997   23.6  -9997    0.0    0.0    0.0    0.0
C0G650 2000080201  -9997   23.7  -9997    0.0    0.0    0.0    0.0
C0G650 2000080202  -9997   23.9  -9997    0.0    0.0    0.0    0.0
C0G650 2000080203  -9997   24.0  -9997    0.0    0.0    0.0    0.0
C0G650 2000080204  -9997   24.1  -9997    0.0    0.0    0.0    0.0
C0G650 2000080205  -9997   24.1  -9997    0.0    0.0    0.0    0.0
C0G650 2000080206  -9997   24.6  -9997    0.0    0.0    0.0    0.0
C0G650 2000080207  -9997   26.3  -9997    0.0    0.0    0.0    0.0
C0G650 2000080208  -9997   28.8  -9997    0.1    0.0    0.0    0.6
C0G650 2000080209  -9997   30.3  -9997    2.6  200.0    0.0    1.0
C0G650 2000080210  -9997   31.5  -9997    2.5  230.0    0.0    1.0
C0G650 2000080211  -9997   31.5  -9997    1.7  250.0    0.0    0.7
C0G650 2000080212  -9997   31.3  -9997    1.9  260.0    0.0    0.1
C0G650 2000080213  -9997   32.1  -9997    1.5  260.0    0.0    0.4
C0G650 2000080214  -9997   30.6  -9997    1.9  270.0    0.0    0.1
C0G650 2000080215  -9997   26.5  -9997    3.8  180.0    0.0    0.0
C0G650 2000080216  -9997   24.2  -9997    0.0    0.0   49.5    0.0
C0G650 2000080217  -9997   24.6  -9997    0.1    0.0   15.5    0.0
C0G650 2000080218  -9997   24.7  -9997    0.0    0.0    1.0    0.0
C0G650 2000080219  -9997   25.3  -9997    2.0  220.0    1.0    0.0
C0G650 2000080220  -9997   24.7  -9997    2.4  190.0    0.5  -9997
C0G650 2000080221  -9997   24.1  -9997    0.0    0.0    0.0    0.0
C0G650 2000080222  -9997   24.0  -9997    0.0    0.0    0.0  -9997
C0G650 2000080223  -9997   24.0  -9997    0.0    0.0    0.0    0.0
C0G650 2000080224  -9997   23.8  -9997    0.0    0.0    0.0    0.0
C0G650 2000080301  -9997   24.4  -9997    0.0    0.0    0.0    0.0
C0G650 2000080302  -9997   23.9  -9997    0.0    0.0    0.0    0.0
C0G650 2000080303  -9997   23.9  -9997    0.0    0.0    0.0    0.0
C0G650 2000080304  -9997   23.7  -9997    0.0    0.0    0.0    0.0
C0G650 2000080305  -9997   23.5  -9997    0.0    0.0    0.0    0.0
C0G650 2000080306  -9997   23.5  -9997    0.0    0.0    0.0    0.0
C0G650 2000080307  -9997   25.2  -9997    0.0    0.0    0.0    0.0
C0G650 2000080308  -9997   27.3  -9997    2.1  190.0    0.0    0.7
C0G650 2000080309  -9997   29.5  -9997    2.1  190.0    0.0    1.0
C0G650 2000080310  -9997   30.8  -9997    0.8  210.0    0.0    0.3
C0G650 2000080311  -9997   31.6  -9997    1.8  210.0    0.0    0.8
C0G650 2000080312  -9997   31.6  -9997    1.7  250.0    0.0    0.7
C0G650 2000080313  -9997   30.6  -9997    0.9  280.0    0.0    0.5
C0G650 2000080314  -9997   28.3  -9997    2.0  260.0    0.0    0.4
C0G650 2000080315  -9997   28.9  -9997    2.0  250.0    0.0    0.0
C0G650 2000080316  -9997   27.8  -9997    2.3  210.0    0.0    0.0
C0G650 2000080317  -9997   26.0  -9997    2.5  190.0    0.0    0.0
C0G650 2000080318  -9997   25.8  -9997    1.3  190.0    0.0    0.0
C0G650 2000080319  -9997   25.5  -9997    2.1  200.0    0.0    0.0
C0G650 2000080320  -9997   25.3  -9997    0.1    0.0    0.0    0.0
C0G650 2000080321  -9997   25.5  -9997    1.5  210.0    0.0    0.0
C0G650 2000080322  -9997   25.1  -9997    1.6  210.0    0.0    0.0
C0G650 2000080323  -9997   25.0  -9997    1.4  200.0    0.0    0.0
C0G650 2000080324  -9997   24.9  -9997    1.7  200.0    0.0    0.0
C0G650 2000080401  -9997   24.8  -9997    0.5  200.0    0.0    0.0
C0G650 2000080402  -9997   24.2  -9997    0.0    0.0    0.0    0.0
C0G650 2000080403  -9997   24.1  -9997    0.0    0.0    0.0    0.0
C0G650 2000080404  -9997   24.4  -9997    0.0    0.0    0.0    0.0
C0G650 2000080405  -9997   24.5  -9997    0.0    0.0    0.0    0.0
C0G650 2000080406  -9997   24.8  -9997    1.6  180.0    0.0    0.0
C0G650 2000080407  -9997   24.9  -9997    1.9  190.0    0.0    0.0
C0G650 2000080408  -9997   25.8  -9997    0.5  200.0    0.0    0.0
C0G650 2000080409  -9997   27.3  -9997    1.0  230.0    0.5    0.2
C0G650 2000080410  -9997   28.8  -9997    1.4  240.0    0.0    0.0
C0G650 2000080411  -9997   30.0  -9997    2.5  -9997    0.0    0.0
C0G650 2000080412  -9997   29.7  -9997    2.6  230.0    0.0    0.0
C0G650 2000080413  -9997   30.9  -9997    2.2  220.0    0.0    0.3
C0G650 2000080414  -9997   28.9  -9997    1.8  230.0    0.0    0.0
C0G650 2000080415  -9997   28.9  -9997    1.4  260.0    0.0    0.0
C0G650 2000080416  -9997   25.1  -9997    0.2    0.0    2.5    0.0
C0G650 2000080417  -9997   25.9  -9997    1.1  210.0    0.5    0.0
C0G650 2000080418  -9997   25.6  -9997  -9997  210.0    0.0    0.0
C0G650 2000080419  -9997   25.5  -9997    1.4  190.0    0.0    0.0
C0G650 2000080420  -9997   25.2  -9997    0.3  190.0    0.0    0.0
C0G650 2000080421  -9997   25.5  -9997    0.9  200.0    0.0    0.0
C0G650 2000080422  -9997   25.4  -9997    0.2    0.0    0.0    0.0
C0G650 2000080423  -9997   25.0  -9997    0.0    0.0    0.0    0.0
C0G650 2000080424  -9997   24.9  -9997    1.9  190.0    0.0    0.0
C0G650 2000080501  -9997   23.7  -9997    0.0    0.0   11.5    0.0
C0G650 2000080502  -9997   23.6  -9997    0.0    0.0    4.5    0.0
C0G650 2000080503  -9997   23.6  -9997    0.0    0.0    2.0    0.0
C0G650 2000080504  -9997   23.7  -9997    0.0    0.0    1.0    0.0
C0G650 2000080505  -9997   23.6  -9997    0.0    0.0    0.0    0.0
C0G650 2000080506  -9997   23.5  -9997    0.0    0.0    0.0    0.0
C0G650 2000080507  -9997   24.3  -9997    0.0    0.0    0.0    0.0
C0G650 2000080508  -9997   25.0  -9997    0.2    0.0    0.5    0.0
C0G650 2000080509  -9997   27.6  -9997    1.0  230.0    0.0    0.5
C0G650 2000080510  -9997   28.0  -9997    0.1    0.0    0.0    0.4
C0G650 2000080511  -9997   29.3  -9997    0.8  260.0    0.0    0.7
C0G650 2000080512  -9997   29.6  -9997    0.5  210.0    0.0    0.5
C0G650 2000080513  -9997   29.0  -9997    1.3  260.0    0.0    0.7
C0G650 2000080514  -9997   28.9  -9997    0.4  260.0    0.0    0.0
C0G650 2000080515  -9997   29.0  -9997    0.2    0.0    0.0    0.1
C0G650 2000080516  -9997   29.3  -9997    0.1    0.0    0.0    0.1
C0G650 2000080517  -9997   28.2  -9997    0.6  280.0    0.0    0.0
C0G650 2000080518  -9997   24.4  -9997    0.5  170.0    6.5    0.0
C0G650 2000080519  -9997   24.1  -9997    0.3  180.0    9.0    0.0
C0G650 2000080520  -9997   24.4  -9997    0.6  190.0    2.5    0.0
C0G650 2000080521  -9997   24.4  -9997    0.0    0.0    0.0    0.0
C0G650 2000080522  -9997   24.4  -9997    0.0    0.0    0.5    0.0
C0G650 2000080523  -9997   24.6  -9997    0.0    0.0    0.0    0.0
C0G650 2000080524  -9997   24.6  -9997    0.0    0.0    0.0    0.0
C0G650 2000080601  -9997   24.6  -9997    0.0    0.0    0.0    0.0
C0G650 2000080602  -9997   24.4  -9997    0.0    0.0    0.0    0.0
C0G650 2000080603  -9997   24.5  -9997    0.0    0.0    0.0    0.0
C0G650 2000080604  -9997   24.0  -9997    0.0    0.0    0.0    0.0
C0G650 2000080605  -9997   23.9  -9997    0.0    0.0    0.0    0.0
C0G650 2000080606  -9997   23.9  -9997    0.0    0.0    0.0    0.0
C0G650 2000080607  -9997   25.2  -9997    0.0    0.0    0.0    0.0
C0G650 2000080608  -9997   28.3  -9997    0.0    0.0    0.0    0.8
C0G650 2000080609  -9997   31.3  -9997    0.0    0.0    0.0    1.0
C0G650 2000080610  -9997   31.6  -9997    0.0    0.0    0.0    1.0
C0G650 2000080611  -9997   32.1  -9997    0.2    0.0    0.0    0.9
C0G650 2000080612  -9997   32.6  -9997    0.2    0.0    0.0    0.9
C0G650 2000080613  -9997   32.0  -9997    1.3  310.0    0.0    0.7
C0G650 2000080614  -9997   32.1  -9997    1.4  300.0    0.0    1.0
C0G650 2000080615  -9997   31.0  -9997    0.6  350.0    0.0    0.8
C0G650 2000080616  -9997   30.7  -9997    0.4   10.0    0.0    0.9
C0G650 2000080617  -9997   30.4  -9997    0.9   30.0    0.0    0.5
C0G650 2000080618  -9997   29.6  -9997    0.4  340.0    0.0    0.6
C0G650 2000080619  -9997   28.6  -9997    0.0    0.0    0.0    0.0
C0G650 2000080620  -9997   28.0  -9997    0.0    0.0    0.0    0.0
C0G650 2000080621  -9997   27.2  -9997    0.0    0.0    0.0    0.0
C0G650 2000080622  -9997   27.0  -9997    0.0    0.0    0.0    0.0
C0G650 2000080623  -9997   27.0  -9997    0.0    0.0    0.0    0.0
C0G650 2000080624  -9997   27.1  -9997    0.0    0.0    0.0    0.0
C0G650 2000080701  -9997   26.8  -9997    0.0    0.0    0.0    0.0
C0G650 2000080702  -9997   26.3  -9997    0.0    0.0    0.0    0.0
C0G650 2000080703  -9997   25.6  -9997    0.0    0.0    1.5    0.0
C0G650 2000080704  -9997   25.3  -9997    0.0    0.0    1.0    0.0
C0G650 2000080705  -9997   25.4  -9997    0.0    0.0    0.0    0.0
C0G650 2000080706  -9997   25.2  -9997    0.0    0.0    0.0    0.0
C0G650 2000080707  -9997   26.1  -9997  -9997    0.0    0.0    0.0
C0G650 2000080708  -9997   28.1  -9997    0.0    0.0    0.0    0.3
C0G650 2000080709  -9997   28.8  -9997    0.6   60.0    0.0    0.9
C0G650 2000080710  -9997  -9997  -9997  -9997  350.0    0.0  -9997
C0G650 2000080711  -9997   29.0  -9997    0.5   20.0    0.0    0.1
C0G650 2000080712  -9997   30.3  -9997    0.4   10.0    0.0  -9997
C0G650 2000080713  -9997   31.3  -9997    0.8   10.0    0.0    0.1
C0G650 2000080714  -9997   31.0  -9997    1.2   10.0    0.0    0.6
C0G650 2000080715  -9997   32.3  -9997    0.4   40.0    0.0    0.9
C0G650 2000080716  -9997   31.5  -9997    1.4   50.0    0.0    1.0
C0G650 2000080717  -9997   31.2  -9997    0.1    0.0    0.0    1.0
C0G650 2000080718  -9997   30.2  -9997    0.3  280.0    0.0    0.6
C0G650 2000080719  -9997   29.2  -9997    0.0    0.0    0.0    0.0
C0G650 2000080720  -9997   27.7  -9997    0.0    0.0    0.0    0.0
C0G650 2000080721  -9997   27.2  -9997    0.0    0.0    0.0    0.0
C0G650 2000080722  -9997   26.8  -9997    0.0    0.0    0.0    0.0
C0G650 2000080723  -9997   26.6  -9997    0.6  190.0    0.0    0.0
C0G650 2000080724  -9997   26.2  -9997    0.0    0.0    0.0  -9997
C0G650 2000080801  -9997   26.0  -9997    0.0    0.0    0.0    0.0
C0G650 2000080802  -9997   26.5  -9997    0.0    0.0    0.0    0.0
C0G650 2000080803  -9997   26.4  -9997    0.1    0.0    0.0    0.0
C0G650 2000080804  -9997   26.3  -9997    0.0    0.0    0.0    0.0
C0G650 2000080805  -9997  -9997  -9997    0.0    0.0    0.0    0.0
C0G650 2000080806  -9997   26.3  -9997    0.0    0.0    0.0    0.0
C0G650 2000080807  -9997   27.2  -9997    0.0    0.0    0.0    0.0
C0G650 2000080808  -9997   27.9  -9997    0.9   70.0    0.0    0.7
C0G650 2000080809  -9997   29.2  -9997    0.4   70.0    0.0    0.7
C0G650 2000080810  -9997   31.2  -9997    0.5   10.0    0.0    1.0
C0G650 2000080811  -9997   30.8  -9997    0.5  270.0    0.0    0.3
C0G650 2000080812  -9997   30.7  -9997    0.1    0.0    0.0    0.1
C0G650 2000080813  -9997   31.4  -9997    1.7   10.0    0.0    0.6
C0G650 2000080814  -9997   32.7  -9997    1.8  270.0    0.0    1.0
C0G650 2000080815  -9997   32.3  -9997    0.7  300.0    0.0    1.0
C0G650 2000080816  -9997   32.0  -9997    1.0  300.0    0.0    1.0
C0G650 2000080817  -9997   31.2  -9997    0.1    0.0    0.0    1.0
C0G650 2000080818  -9997   30.0  -9997    0.4  290.0    0.0    0.7
C0G650 2000080819  -9997   29.1  -9997    0.5  270.0    0.0    0.0
C0G650 2000080820  -9997   28.5  -9997    0.1    0.0    0.0    0.0
C0G650 2000080821  -9997   27.9  -9997    0.0    0.0    0.0    0.0
C0G650 2000080822  -9997   26.6  -9997    0.0    0.0    0.0    0.0
C0G650 2000080823  -9997   25.9  -9997    0.0    0.0    0.0    0.0
C0G650 2000080824  -9997   25.6  -9997    0.0    0.0    0.0    0.0
C0G650 2000080901  -9997   25.2  -9997    0.0    0.0    0.0    0.0
C0G650 2000080902  -9997   25.5  -9997    0.0    0.0    0.0    0.0
C0G650 2000080903  -9997   25.2  -9997    0.0    0.0    0.0    0.0
C0G650 2000080904  -9997   24.9  -9997    0.0    0.0    0.0    0.0
C0G650 2000080905  -9997   24.8  -9997    0.0    0.0    0.0    0.0
C0G650 2000080906  -9997   24.9  -9997    0.0    0.0    0.0    0.0
C0G650 2000080907  -9997   26.3  -9997    0.1    0.0    0.0    0.0
C0G650 2000080908  -9997   28.3  -9997    1.0  230.0    0.0    0.8
C0G650 2000080909  -9997   30.5  -9997  -9997  190.0    0.0    1.0
C0G650 2000080910  -9997   32.5  -9997    0.1    0.0    0.0    1.0
C0G650 2000080911  -9997   32.0  -9997    1.2  220.0    0.0    0.9
C0G650 2000080912  -9997   32.4  -9997    1.7  240.0    0.0    0.7
C0G650 2000080913  -9997   33.5  -9997    0.9  250.0    0.0    0.6
C0G650 2000080914  -9997   33.0  -9997    1.8  260.0    0.0    0.8
C0G650 2000080915  -9997   32.3  -9997    2.1  260.0    0.0    0.6
C0G650 2000080916  -9997   32.2  -9997    1.7  250.0    0.0    0.5
C0G650 2000080917  -9997   31.8  -9997    0.8  260.0    0.0    1.0
C0G650 2000080918  -9997   30.5  -9997    0.8  250.0    0.0    0.4
C0G650 2000080919  -9997   29.0  -9997    0.5  270.0    0.0    0.0
C0G650 2000080920  -9997   28.2  -9997    0.2    0.0    0.0    0.0
C0G650 2000080921  -9997   26.9  -9997    0.1    0.0    0.0    0.0
C0G650 2000080922  -9997   26.5  -9997    0.0    0.0    0.0    0.0
C0G650 2000080923  -9997  -9997  -9997  -9997  -9997    0.0    0.0
C0G650 2000080924  -9997  -9997  -9997    0.0    0.0    0.0  -9997
C0G650 2000081001  -9997   26.0  -9997    0.1    0.0    0.0    0.0
C0G650 2000081002  -9997   25.7  -9997    0.2    0.0    0.0    0.0
C0G650 2000081003  -9997   25.6  -9997    0.0    0.0    0.0    0.0
C0G650 2000081004  -9997   25.5  -9997    0.1    0.0    0.0    0.0
C0G650 2000081005  -9997   25.2  -9997    0.2    0.0    0.0    0.0
C0G650 2000081006  -9997   25.1  -9997    0.0    0.0    0.0    0.0
C0G650 2000081007  -9997   27.0  -9997    1.5  190.0    0.0    0.0
C0G650 2000081008  -9997   29.3  -9997    2.0  210.0    0.0    0.8
C0G650 2000081009  -9997   30.5  -9997    2.7  190.0    0.0  -9997
C0G650 2000081010  -9997   31.0  -9997    2.8  230.0    0.0    2.0
C0G650 2000081011  -9997   32.0  -9997    2.1  230.0    0.0    0.8
C0G650 2000081012  -9997   32.8  -9997    2.1  240.0    0.0    0.9
C0G650 2000081013  -9997   33.4  -9997    2.5  220.0    0.0    0.9
C0G650 2000081014  -9997   33.7  -9997    2.0  240.0    0.0    0.8
C0G650 2000081015  -9997   33.0  -9997    2.0  220.0    0.0    0.6
C0G650 2000081016  -9997   33.3  -9997    1.6  210.0    0.0    0.8
C0G650 2000081017  -9997   31.9  -9997    2.5  230.0    0.0    1.0
C0G650 2000081018  -9997   30.6  -9997    2.4  230.0    0.0    0.3
C0G650 2000081019  -9997   29.4  -9997    0.4  220.0    0.0    0.0
C0G650 2000081020  -9997   28.9  -9997    1.1  200.0    0.0    0.0
C0G650 2000081021  -9997   28.4  -9997    1.1  190.0    0.0    0.0
C0G650 2000081022  -9997   27.9  -9997    0.6  180.0    0.0    0.0
C0G650 2000081023  -9997   27.5  -9997    0.0    0.0    0.0    0.0
C0G650 2000081024  -9997   27.5  -9997    0.0    0.0    0.0    0.0
C0G650 2000081101  -9997   27.4  -9997    0.0    0.0    0.0    0.0
C0G650 2000081102  -9997   27.2  -9997    0.7  190.0    0.0    0.0
C0G650 2000081103  -9997   27.0  -9997    0.0    0.0    0.0    0.0
C0G650 2000081104  -9997   26.6  -9997    0.0    0.0    0.0    0.0
C0G650 2000081105  -9997   26.4  -9997    0.0    0.0    0.0    0.0
C0G650 2000081106  -9997   26.9  -9997    2.1  190.0    0.0    0.0
C0G650 2000081107  -9997   27.5  -9997    0.4  230.0    0.0    0.0
C0G650 2000081108  -9997   29.7  -9997    1.0  210.0    0.0    0.7
C0G650 2000081109  -9997   30.1  -9997    2.1  230.0    0.0    0.8
C0G650 2000081110  -9997   31.6  -9997    2.2  220.0    0.0    1.0
C0G650 2000081111  -9997   32.5  -9997    2.0  200.0    0.0    0.7
C0G650 2000081112  -9997   33.0  -9997    1.8  220.0    0.0    0.6
C0G650 2000081113  -9997   33.3  -9997    2.4  250.0    0.0    0.6
C0G650 2000081114  -9997   32.6  -9997    2.8  200.0    0.0    0.5
C0G650 2000081115  -9997  -9997  -9997  -9997  -9997    0.0  -9997
C0G650 2000081116  -9997   32.4  -9997    3.4  220.0    0.0    1.8
C0G650 2000081117  -9997   32.1  -9997    2.6  190.0    0.0    0.4
C0G650 2000081118  -9997   31.1  -9997    1.5  240.0    0.0    0.0
C0G650 2000081119  -9997   30.1  -9997    1.7  190.0    0.0    0.0
C0G650 2000081120  -9997   29.0  -9997    0.5  190.0    0.0    0.0
C0G650 2000081121  -9997   28.5  -9997    0.7  260.0    0.0    0.0
C0G650 2000081122  -9997   27.9  -9997    0.0    0.0    0.0    0.0
C0G650 2000081123  -9997   27.2  -9997    0.0    0.0    0.0    0.0
C0G650 2000081124  -9997   27.0  -9997    0.0    0.0    0.0    0.0
C0G650 2000081201  -9997   26.9  -9997    0.0    0.0    0.0    0.0
C0G650 2000081202  -9997   27.1  -9997    0.1    0.0    0.0    0.0
C0G650 2000081203  -9997   26.2  -9997    0.0    0.0    0.0    0.0
C0G650 2000081204  -9997   26.2  -9997    0.0    0.0    0.0    0.0
C0G650 2000081205  -9997   26.2  -9997    0.1    0.0    0.0    0.0
C0G650 2000081206  -9997   26.1  -9997    0.0    0.0    0.0    0.0
C0G650 2000081207  -9997   27.2  -9997    0.3  190.0    0.0    0.0
C0G650 2000081208  -9997   29.3  -9997    1.3  190.0    0.0    0.4
C0G650 2000081209  -9997   29.9  -9997    1.0  220.0    0.0    0.1
C0G650 2000081210  -9997   30.4  -9997    1.9  240.0    0.0    0.1
C0G650 2000081211  -9997   32.6  -9997    1.1  260.0    0.0  -9997
C0G650 2000081212  -9997   32.0  -9997    1.4  260.0    0.0    0.9
C0G650 2000081213  -9997   31.8  -9997    3.2  230.0    0.0    0.2
C0G650 2000081214  -9997   32.2  -9997    2.0  220.0    0.0    0.0
C0G650 2000081215  -9997   32.4  -9997    2.5  260.0    0.0    0.1
C0G650 2000081216  -9997   27.8  -9997    2.5  190.0    0.0    0.0
C0G650 2000081217  -9997   25.2  -9997    0.6  150.0   15.0    0.0
C0G650 2000081218  -9997   24.5  -9997  -9997   20.0   34.0    0.0
C0G650 2000081219  -9997   24.8  -9997    0.3   60.0    9.0    0.0
C0G650 2000081220  -9997   24.8  -9997    0.2    0.0    1.5    0.0
C0G650 2000081221  -9997   24.5  -9997    0.0    0.0    0.0    0.0
C0G650 2000081222  -9997   24.7  -9997    0.0    0.0    0.5  -9997
C0G650 2000081223  -9997   24.4  -9997    0.0    0.0    0.0    0.0
C0G650 2000081224  -9997   24.4  -9997    0.0    0.0    0.0    0.0
C0G650 2000081301  -9997   24.5  -9997    0.0    0.0    0.0    0.0
C0G650 2000081302  -9997   24.5  -9997    0.0    0.0    0.0    0.0
C0G650 2000081303  -9997   24.5  -9997    0.0    0.0    0.0    0.0
C0G650 2000081304  -9997   24.9  -9997    0.0    0.0    0.0    0.0
C0G650 2000081305  -9997   24.8  -9997    0.0    0.0    0.0    0.0
C0G650 2000081306  -9997   24.8  -9997    0.0    0.0    0.0    0.0
C0G650 2000081307  -9997   25.2  -9997    0.0    0.0    0.0    0.0
C0G650 2000081308  -9997   25.7  -9997    0.0    0.0    0.0    0.0
C0G650 2000081309  -9997   27.0  -9997    0.0    0.0    0.0    0.0
C0G650 2000081310  -9997   27.3  -9997    0.1    0.0    0.0    0.0
C0G650 2000081311  -9997   27.0  -9997    0.0    0.0    0.0    0.0
C0G650 2000081312  -9997   27.4  -9997    0.2    0.0    0.0    0.0
C0G650 2000081313  -9997   27.6  -9997    0.1    0.0    0.0    0.0
C0G650 2000081314  -9997   28.5  -9997    0.2    0.0    0.0    0.0
C0G650 2000081315  -9997   26.7  -9997    1.9  200.0    0.0    0.0
C0G650 2000081316  -9997   26.9  -9997    0.0    0.0    0.0    0.0
C0G650 2000081317  -9997   27.1  -9997    0.0    0.0    0.5    0.0
C0G650 2000081318  -9997   26.7  -9997    0.0    0.0    0.0    0.0
C0G650 2000081319  -9997   25.6  -9997    0.0  -9997    0.0    0.0
C0G650 2000081320  -9997   24.8  -9997    0.0    0.0    0.0    0.0
C0G650 2000081321  -9997   24.7  -9997    0.0    0.0    0.0    0.0
C0G650 2000081322  -9997   24.5  -9997    0.0    0.0    0.0    0.0
C0G650 2000081323  -9997   24.4  -9997    0.0    0.0    0.0    0.0
C0G650 2000081324  -9997   24.6  -9997    0.0    0.0    0.0    0.0
C0G650 2000081401  -9997   24.8  -9997    0.0    0.0    0.0    0.0
C0G650 2000081402  -9997   24.9  -9997    0.0    0.0    0.0    0.0
C0G650 2000081403  -9997   25.3  -9997    0.0    0.0    0.0    0.0
C0G650 2000081404  -9997   24.1  -9997    0.0    0.0    0.0    0.0
C0G650 2000081405  -9997   24.9  -9997    0.0    0.0    0.0    0.0
C0G650 2000081406  -9997   24.7  -9997    0.0    0.0    0.0    0.0
C0G650 2000081407  -9997   26.4  -9997    0.0    0.0    0.0    0.0
C0G650 2000081408  -9997   29.0  -9997    0.2    0.0    0.0    0.5
C0G650 2000081409  -9997   29.8  -9997    1.2  230.0    0.0    0.3
C0G650 2000081410  -9997   29.0  -9997    1.1  250.0    0.0    0.0
C0G650 2000081411  -9997   29.8  -9997    0.7  210.0    0.0    0.0
C0G650 2000081412  -9997   30.5  -9997    0.3  190.0    0.0    0.7
C0G650 2000081413  -9997   30.2  -9997    3.1  200.0    0.0  -9997
C0G650 2000081414  -9997   30.5  -9997    2.5  230.0    0.0    0.9
C0G650 2000081415  -9997   30.0  -9997    2.3  180.0    0.0    0.2
C0G650 2000081416  -9997   30.4  -9997    1.2  190.0    0.0    0.0
C0G650 2000081417  -9997   30.5  -9997    2.5  220.0    0.0    0.2
C0G650 2000081418  -9997   29.9  -9997    1.7  210.0    0.0    0.8
C0G650 2000081419  -9997   28.9  -9997    0.4  210.0    0.0    0.0
C0G650 2000081420  -9997   28.1  -9997    0.2    0.0    0.0    0.0
C0G650 2000081421  -9997   27.7  -9997    0.8  200.0    0.0    0.0
C0G650 2000081422  -9997   27.0  -9997    0.0    0.0    0.0    0.0
C0G650 2000081423  -9997   26.2  -9997    0.0    0.0    0.0    0.0
C0G650 2000081424  -9997   26.2  -9997    0.0    0.0    0.0    0.0
C0G650 2000081501  -9997   25.8  -9997    0.0    0.0    0.0    0.0
C0G650 2000081502  -9997   25.6  -9997    0.0    0.0    0.0    0.0
C0G650 2000081503  -9997   25.6  -9997    0.0    0.0    0.0    0.0
C0G650 2000081504  -9997   25.3  -9997    0.0    0.0    0.0    0.0
C0G650 2000081505  -9997   24.9  -9997    0.0    0.0    0.0    0.0
C0G650 2000081506  -9997   25.3  -9997    0.0    0.0    0.0    0.0
C0G650 2000081507  -9997   28.6  -9997    0.3  190.0    0.0    0.0
C0G650 2000081508  -9997   29.7  -9997    1.7  230.0    0.0    0.5
C0G650 2000081509  -9997   31.1  -9997    0.8  190.0    0.0    0.6
C0G650 2000081510  -9997   32.0  -9997    2.0  230.0    0.0    1.0
C0G650 2000081511  -9997   30.1  -9997    2.2  260.0    0.0    0.4
C0G650 2000081512  -9997   26.2  -9997    0.0    0.0   11.0    0.1
C0G650 2000081513  -9997   25.2  -9997    1.1  270.0    7.0    0.2
C0G650 2000081514  -9997   24.3  -9997    0.5  170.0   10.5    0.0
C0G650 2000081515  -9997   25.5  -9997    1.0  200.0    3.5    0.0
C0G650 2000081516  -9997   25.8  -9997    2.6  210.0    0.5    0.0
C0G650 2000081517  -9997   25.5  -9997    0.0    0.0    0.0    0.0
C0G650 2000081518  -9997   25.4  -9997    0.0    0.0    0.0    0.0
C0G650 2000081519  -9997   25.6  -9997    1.2  200.0    0.0    0.0
C0G650 2000081520  -9997   25.2  -9997    0.0    0.0    0.0    0.0
C0G650 2000081521  -9997   25.3  -9997    0.0    0.0    0.0    0.0
C0G650 2000081522  -9997   25.2  -9997    0.0    0.0    0.0    0.0
C0G650 2000081523  -9997   25.0  -9997    0.0    0.0    0.0    0.0
C0G650 2000081524  -9997   24.9  -9997    0.0    0.0    0.0    0.0
C0G650 2000081601  -9997   24.7  -9997    0.0    0.0    0.0    0.0
C0G650 2000081602  -9997   25.4  -9997    0.0    0.0    0.0    0.0
C0G650 2000081603  -9997   25.5  -9997    0.0    0.0    0.0    0.0
C0G650 2000081604  -9997   24.8  -9997    0.0    0.0    0.0    0.0
C0G650 2000081605  -9997   24.2  -9997    0.0    0.0    0.0    0.0
C0G650 2000081606  -9997   24.5  -9997    0.0    0.0    0.0    0.0
C0G650 2000081607  -9997   27.6  -9997    0.5  190.0    0.0    0.0
C0G650 2000081608  -9997   30.8  -9997    0.1    0.0    0.0    0.4
C0G650 2000081609  -9997   31.1  -9997    1.7  210.0    0.0    1.0
C0G650 2000081610  -9997   31.9  -9997    1.0  220.0    0.0    1.0
C0G650 2000081611  -9997   32.4  -9997    2.6  230.0    0.0  -9997
C0G650 2000081612  -9997   32.9  -9997    2.2  230.0    0.0    1.8
C0G650 2000081613  -9997   33.3  -9997    1.6  240.0    0.0    0.4
C0G650 2000081614  -9997   33.3  -9997    2.6  250.0    0.0    0.7
C0G650 2000081615  -9997   33.0  -9997    2.7  230.0    0.0    0.9
C0G650 2000081616  -9997   32.2  -9997    2.9  240.0    0.0    0.7
C0G650 2000081617  -9997   31.8  -9997    2.0  230.0    0.0    0.9
C0G650 2000081618  -9997   30.4  -9997    0.8  250.0    0.0    0.4
C0G650 2000081619  -9997   29.3  -9997    0.7  -9997    0.0    0.0
C0G650 2000081620  -9997   28.7  -9997    0.3  200.0    0.0    0.0
C0G650 2000081621  -9997   28.3  -9997    0.0    0.0    0.0    0.0
C0G650 2000081622  -9997   28.0  -9997    0.2    0.0    0.0    0.0
C0G650 2000081623  -9997   27.0  -9997    0.0    0.0    0.0    0.0
C0G650 2000081624  -9997   26.1  -9997    0.0    0.0    0.0    0.0
C0G650 2000081701  -9997   25.7  -9997    0.0    0.0    0.0    0.0
C0G650 2000081702  -9997   25.3  -9997    0.0    0.0    0.0    0.0
C0G650 2000081703  -9997   24.9  -9997    0.0    0.0    0.0    0.0
C0G650 2000081704  -9997   24.6  -9997    0.0    0.0    0.0    0.0
C0G650 2000081705  -9997   24.2  -9997    0.0    0.0    0.0    0.0
C0G650 2000081706  -9997   24.4  -9997    0.0    0.0    0.0    0.0
C0G650 2000081707  -9997   26.5  -9997    0.0    0.0    0.0    0.0
C0G650 2000081708  -9997   29.7  -9997    0.6  200.0    0.0    1.0
C0G650 2000081709  -9997   30.8  -9997    1.2  220.0    0.0    1.0
C0G650 2000081710  -9997   32.6  -9997    0.3  220.0    0.0    1.0
C0G650 2000081711  -9997   32.2  -9997    0.3  260.0    0.0    0.9
C0G650 2000081712  -9997   32.8  -9997    0.0    0.0    0.0    0.7
C0G650 2000081713  -9997   33.1  -9997    0.4  270.0    0.0    0.4
C0G650 2000081714  -9997   32.6  -9997    0.9  320.0    0.0    0.2
C0G650 2000081715  -9997   32.8  -9997    2.4  270.0    0.0    0.7
C0G650 2000081716  -9997   32.1  -9997    1.0  260.0    0.0    0.8
C0G650 2000081717  -9997   31.3  -9997    0.2    0.0    0.0    0.9
C0G650 2000081718  -9997   30.3  -9997    1.0  260.0    0.0    0.2
C0G650 2000081719  -9997   29.2  -9997    0.3  230.0    0.0    0.0
C0G650 2000081720  -9997   28.5  -9997    0.0    0.0    0.0    0.0
C0G650 2000081721  -9997   28.2  -9997    0.0    0.0    0.0    0.0
C0G650 2000081722  -9997   27.4  -9997    0.0    0.0    0.0    0.0
C0G650 2000081723  -9997   26.9  -9997    0.0    0.0    0.0    0.0
C0G650 2000081724  -9997   26.1  -9997    0.0    0.0    0.0    0.0
C0G650 2000081801  -9997   25.9  -9997    0.0    0.0    0.0    0.0
C0G650 2000081802  -9997   25.6  -9997    0.0    0.0    0.0    0.0
C0G650 2000081803  -9997   25.3  -9997    0.0    0.0    0.0    0.0
C0G650 2000081804  -9997   25.2  -9997    0.0    0.0    0.0    0.0
C0G650 2000081805  -9997   24.9  -9997    0.0    0.0    0.0    0.0
C0G650 2000081806  -9997   25.9  -9997    0.0    0.0    0.0    0.0
C0G650 2000081807  -9997   26.6  -9997    0.0    0.0    0.0    0.0
C0G650 2000081808  -9997   29.8  -9997    0.1    0.0    0.0    1.0
C0G650 2000081809  -9997  -9997  -9997  -9997  -9997    0.0    1.0
C0G650 2000081810  -9997   32.0  -9997    0.9  180.0    0.0    1.0
C0G650 2000081811  -9997   32.7  -9997    0.8  220.0    0.0  -9997
C0G650 2000081812  -9997   33.8  -9997    0.8  220.0    0.0    1.6
C0G650 2000081813  -9997   33.7  -9997    0.8  280.0    0.0    0.7
C0G650 2000081814  -9997   32.7  -9997    0.9  290.0    0.0    0.4
C0G650 2000081815  -9997   32.1  -9997    1.7  260.0    0.0    0.3
C0G650 2000081816  -9997   31.2  -9997    0.3   20.0    0.0    0.0
C0G650 2000081817  -9997   31.1  -9997    0.1    0.0    0.0    0.0
C0G650 2000081818  -9997   30.3  -9997    0.1    0.0    0.0    0.0
C0G650 2000081819  -9997   29.1  -9997    0.0    0.0    0.0    0.0
C0G650 2000081820  -9997   27.6  -9997  -9997    0.0    0.0    0.0
C0G650 2000081821  -9997   26.8  -9997    0.0    0.0    0.0    0.0
C0G650 2000081822  -9997   26.5  -9997    0.0    0.0    0.0    0.0
C0G650 2000081823  -9997   26.4  -9997    0.0    0.0    0.0    0.0
C0G650 2000081824  -9997   25.9  -9997    0.0    0.0    0.0    0.0
C0G650 2000081901  -9997   25.3  -9997    0.0    0.0    0.0    0.0
C0G650 2000081902  -9997   25.1  -9997    0.0    0.0    0.0    0.0
C0G650 2000081903  -9997   25.0  -9997    0.0    0.0    0.0    0.0
C0G650 2000081904  -9997   24.8  -9997    0.0    0.0    0.0    0.0
C0G650 2000081905  -9997   24.9  -9997    0.0    0.0    0.0    0.0
C0G650 2000081906  -9997   24.8  -9997    0.0    0.0    0.0    0.0
C0G650 2000081907  -9997   26.8  -9997    0.0    0.0    0.0    0.0
C0G650 2000081908  -9997   30.4  -9997    0.4  190.0    0.0    0.9
C0G650 2000081909  -9997   30.8  -9997    0.7  230.0    0.0    1.0
C0G650 2000081910  -9997   32.4  -9997    0.7  210.0    0.0    1.0
C0G650 2000081911  -9997   32.9  -9997    1.3  200.0    0.0  -9997
C0G650 2000081912  -9997   32.5  -9997    1.2  270.0    0.0    1.6
C0G650 2000081913  -9997   32.3  -9997    1.2  270.0    0.0    0.5
C0G650 2000081914  -9997   32.5  -9997    0.3  330.0    0.0    0.2
C0G650 2000081915  -9997   32.8  -9997    0.4  280.0    0.0    0.3
C0G650 2000081916  -9997   32.4  -9997    0.9  310.0    0.0    0.4
C0G650 2000081917  -9997   31.6  -9997    0.1    0.0    0.0    1.0
C0G650 2000081918  -9997   30.0  -9997    0.1    0.0    0.0    0.0
C0G650 2000081919  -9997   29.3  -9997    0.0    0.0    0.0    0.0
C0G650 2000081920  -9997   29.0  -9997    0.0    0.0    0.0    0.0
C0G650 2000081921  -9997   27.9  -9997    0.0    0.0    0.0    0.0
C0G650 2000081922  -9997   27.3  -9997    0.0    0.0    0.0    0.0
C0G650 2000081923  -9997   26.9  -9997    0.0    0.0    0.0    0.0
C0G650 2000081924  -9997   26.5  -9997    0.0    0.0    0.0    0.0
C0G650 2000082001  -9997   26.5  -9997    0.0    0.0    0.0    0.0
C0G650 2000082002  -9997   26.2  -9997    0.0    0.0    0.0    0.0
C0G650 2000082003  -9997   26.3  -9997    0.0    0.0    0.0    0.0
C0G650 2000082004  -9997   26.4  -9997    0.0    0.0    0.0    0.0
C0G650 2000082005  -9997   26.8  -9997    0.0    0.0    0.0    0.0
C0G650 2000082006  -9997   27.0  -9997    0.0    0.0    0.0    0.0
C0G650 2000082007  -9997   28.4  -9997    0.0    0.0    0.0    0.0
C0G650 2000082008  -9997   31.0  -9997    0.0    0.0    0.0    0.9
C0G650 2000082009  -9997   31.2  -9997    1.2  210.0    0.0    0.5
C0G650 2000082010  -9997   33.1  -9997    0.1    0.0    0.0    0.9
C0G650 2000082011  -9997   32.8  -9997    0.2    0.0    0.0    0.3
C0G650 2000082012  -9997   31.9  -9997    0.9  270.0    0.0    0.3
C0G650 2000082013  -9997   32.4  -9997    0.5  340.0    0.0    0.4
C0G650 2000082014  -9997   33.3  -9997    1.3  270.0    0.0    0.8
C0G650 2000082015  -9997   33.6  -9997    0.7  280.0    0.0    1.0
C0G650 2000082016  -9997   33.0  -9997    1.0  300.0    0.0    1.0
C0G650 2000082017  -9997   32.1  -9997    1.1  260.0    0.0    1.0
C0G650 2000082018  -9997   29.9  -9997    1.9  230.0    0.0    0.5
C0G650 2000082019  -9997   29.0  -9997    0.1    0.0    0.0    0.0
C0G650 2000082020  -9997   29.3  -9997    0.0    0.0    0.0    0.0
C0G650 2000082021  -9997   28.4  -9997    0.0    0.0    0.0    0.0
C0G650 2000082022  -9997   27.8  -9997    0.0    0.0    0.0    0.0
C0G650 2000082023  -9997   27.0  -9997    0.0    0.0    0.0    0.0
C0G650 2000082024  -9997   26.4  -9997    0.0    0.0    0.0    0.0
C0G650 2000082101  -9997   26.2  -9997    0.0    0.0    0.0    0.0
C0G650 2000082102  -9997   25.9  -9997    0.0    0.0    0.0    0.0
C0G650 2000082103  -9997   25.7  -9997    0.0    0.0    0.0    0.0
C0G650 2000082104  -9997   25.9  -9997    0.0    0.0    0.0    0.0
C0G650 2000082105  -9997   26.3  -9997    0.1    0.0    0.0    0.0
C0G650 2000082106  -9997   26.8  -9997    0.0    0.0    0.0    0.0
C0G650 2000082107  -9997   27.6  -9997    0.2    0.0    0.0    0.0
C0G650 2000082108  -9997   29.0  -9997    1.2   50.0    0.0    0.3
C0G650 2000082109  -9997   30.5  -9997    0.7   40.0    0.0    1.0
C0G650 2000082110  -9997   30.7  -9997    2.1   50.0    0.0    1.0
C0G650 2000082111  -9997   32.1  -9997    1.2   60.0    0.0    1.0
C0G650 2000082112  -9997   31.5  -9997    0.3  310.0    0.0    0.2
C0G650 2000082113  -9997   31.4  -9997    1.3  310.0    0.0    0.0
C0G650 2000082114  -9997   31.9  -9997    1.2  270.0    0.0    0.8
C0G650 2000082115  -9997   31.2  -9997    0.8  360.0    0.0    0.2
C0G650 2000082116  -9997   31.1  -9997    0.7  340.0    0.0    0.9
C0G650 2000082117  -9997   31.2  -9997    0.4  290.0    0.0    0.9
C0G650 2000082118  -9997   30.2  -9997    0.1    0.0    0.0    0.1
C0G650 2000082119  -9997   29.0  -9997    0.0    0.0    0.0    0.0
C0G650 2000082120  -9997   27.9  -9997    0.0    0.0    0.0    0.0
C0G650 2000082121  -9997   27.6  -9997    0.0    0.0    0.0    0.0
C0G650 2000082122  -9997   27.2  -9997    0.0    0.0    0.0    0.0
C0G650 2000082123  -9997   26.9  -9997    0.0    0.0    0.0    0.0
C0G650 2000082124  -9997   27.2  -9997    0.0    0.0    0.0    0.0
C0G650 2000082201  -9997   27.1  -9997    0.0    0.0    0.0    0.0
C0G650 2000082202  -9997   26.8  -9997    0.0    0.0    0.0    0.0
C0G650 2000082203  -9997   27.6  -9997    0.1    0.0    0.0    0.0
C0G650 2000082204  -9997   27.2  -9997    0.0    0.0    0.0    0.0
C0G650 2000082205  -9997   26.3  -9997    0.0    0.0    0.0    0.0
C0G650 2000082206  -9997  -9997  -9997  -9997  -9997    0.0  -9997
C0G650 2000082207  -9997   27.1  -9997    0.0    0.0    0.0    0.0
C0G650 2000082208  -9997   27.8  -9997    0.0    0.0    0.0    0.0
C0G650 2000082209  -9997   28.3  -9997    0.3   30.0    0.0    0.0
C0G650 2000082210  -9997   28.4  -9997    0.0    0.0    0.0    0.0
C0G650 2000082211  -9997   28.4  -9997    0.5  190.0    0.0    0.0
C0G650 2000082212  -9997   28.9  -9997    0.3  190.0    0.0    0.0
C0G650 2000082213  -9997   30.0  -9997    0.1    0.0    0.0    0.0
C0G650 2000082214  -9997   30.9  -9997    0.0    0.0    0.0    0.0
C0G650 2000082215  -9997   29.7  -9997    0.2    0.0    0.0    0.0
C0G650 2000082216  -9997   28.7  -9997    0.0    0.0    0.0    0.0
C0G650 2000082217  -9997   28.2  -9997    0.0    0.0    0.0    0.0
C0G650 2000082218  -9997   27.7  -9997    0.1    0.0    0.0    0.0
C0G650 2000082219  -9997   26.3  -9997    0.0    0.0    0.0    0.0
C0G650 2000082220  -9997   26.2  -9997    1.4   20.0    0.5    0.0
C0G650 2000082221  -9997   25.7  -9997    1.5   30.0    0.5    0.0
C0G650 2000082222  -9997   26.3  -9997    4.2   50.0    0.5    0.0
C0G650 2000082223  -9997   26.8  -9997    5.5   50.0    0.0    0.0
C0G650 2000082224  -9997   26.7  -9997    5.2   30.0    0.5    0.0
C0G650 2000082301  -9997   26.2  -9997    1.4  260.0    1.0    0.0
C0G650 2000082302  -9997   25.3  -9997    1.2  330.0    4.5    0.0
C0G650 2000082303  -9997   24.9  -9997    0.5   30.0    5.0    0.0
C0G650 2000082304  -9997   25.1  -9997    2.2   50.0    2.5    0.0
C0G650 2000082305  -9997   24.6  -9997    1.2  230.0    1.5    0.0
C0G650 2000082306  -9997   24.8  -9997    0.4  180.0    2.0    0.0
C0G650 2000082307  -9997   25.0  -9997    4.7  190.0    5.5    0.0
C0G650 2000082308  -9997   24.6  -9997    5.0  200.0    6.5    0.0
C0G650 2000082309  -9997   24.3  -9997    5.2  190.0    6.0    0.0
C0G650 2000082310  -9997   24.3  -9997    4.0  190.0    4.0    0.0
C0G650 2000082311  -9997   24.3  -9997    3.2  210.0    7.5    0.0
C0G650 2000082312  -9997   24.1  -9997    2.6  190.0    7.0    0.0
C0G650 2000082313  -9997   24.8  -9997    2.1  240.0    3.5  -9997
C0G650 2000082314  -9997   24.9  -9997    0.7  180.0    1.5    0.0
C0G650 2000082315  -9997   25.3  -9997    0.6  190.0    1.0    0.0
C0G650 2000082316  -9997   25.2  -9997    1.3  220.0    1.0    0.0
C0G650 2000082317  -9997   24.7  -9997    2.5  190.0    0.5    0.0
C0G650 2000082318  -9997   24.5  -9997    2.2  190.0    1.0    0.0
C0G650 2000082319  -9997   24.0  -9997    0.0    0.0    2.0    0.0
C0G650 2000082320  -9997   24.2  -9997    0.0    0.0    0.5    0.0
C0G650 2000082321  -9997   24.4  -9997    0.0    0.0    0.0    0.0
C0G650 2000082322  -9997   24.4  -9997    0.0    0.0    0.0    0.0
C0G650 2000082323  -9997  -9997  -9997    0.3   90.0    0.0    0.0
C0G650 2000082324  -9997   24.5  -9997  -9997    0.0    0.0    0.0
C0G650 2000082401  -9997   24.6  -9997    0.0    0.0    0.0    0.0
C0G650 2000082402  -9997   24.6  -9997  -9997    0.0    0.0    0.0
C0G650 2000082403  -9997   24.9  -9997    0.0    0.0    0.0    0.0
C0G650 2000082404  -9997   24.7  -9997    0.0    0.0    0.0    0.0
C0G650 2000082405  -9997   25.2  -9997    1.0  200.0    0.0    0.0
C0G650 2000082406  -9997   23.8  -9997    0.0    0.0    1.5    0.0
C0G650 2000082407  -9997   24.4  -9997    0.0    0.0    0.0    0.0
C0G650 2000082408  -9997   25.4  -9997    0.4  -9997    0.5    0.0
C0G650 2000082409  -9997   27.0  -9997    3.2  210.0    0.0    0.0
C0G650 2000082410  -9997   25.3  -9997    1.3  190.0    1.0    0.0
C0G650 2000082411  -9997   26.8  -9997    1.0  210.0    0.5    0.0
C0G650 2000082412  -9997   28.0  -9997    1.7  190.0    0.0    0.0
C0G650 2000082413  -9997   29.4  -9997    2.0  190.0    0.0    0.2
C0G650 2000082414  -9997   30.6  -9997    3.3  210.0    0.0    0.7
C0G650 2000082415  -9997   29.8  -9997    4.3  230.0    0.0    0.2
C0G650 2000082416  -9997   28.4  -9997    3.9  230.0    0.0    0.0
C0G650 2000082417  -9997   26.1  -9997    2.6  190.0    0.0    0.0
C0G650 2000082418  -9997   26.0  -9997    3.2  220.0    0.0    0.0
C0G650 2000082419  -9997   24.9  -9997    1.3  190.0    0.5    0.0
C0G650 2000082420  -9997   24.9  -9997    0.0    0.0    0.0    0.0
C0G650 2000082421  -9997   25.1  -9997    0.1    0.0    0.0    0.0
C0G650 2000082422  -9997   25.9  -9997    0.0    0.0    0.0    0.0
C0G650 2000082423  -9997   25.2  -9997    0.0    0.0    0.0    0.0
C0G650 2000082424  -9997   24.9  -9997    0.0    0.0    0.0    0.0
C0G650 2000082501  -9997   24.5  -9997    0.1    0.0    0.0    0.0
C0G650 2000082502  -9997   24.5  -9997    0.0    0.0    0.0    0.0
C0G650 2000082503  -9997   24.2  -9997    0.0    0.0    0.0    0.0
C0G650 2000082504  -9997   24.2  -9997    0.0    0.0    0.0    0.0
C0G650 2000082505  -9997   24.2  -9997    0.0    0.0    0.0    0.0
C0G650 2000082506  -9997   24.7  -9997    0.0    0.0    0.0    0.0
C0G650 2000082507  -9997   25.8  -9997    0.0    0.0    0.0    0.0
C0G650 2000082508  -9997   27.0  -9997    0.0    0.0    0.0    0.0
C0G650 2000082509  -9997  -9997  -9997    1.0  230.0    0.0    0.0
C0G650 2000082510  -9997   28.4  -9997    2.0  220.0    0.0    0.0
C0G650 2000082511  -9997   29.0  -9997    1.7  220.0    0.0    0.0
C0G650 2000082512  -9997   29.6  -9997    1.8  240.0    0.0    0.0
C0G650 2000082513  -9997   29.9  -9997    1.6  240.0    0.0    0.0
C0G650 2000082514  -9997   29.4  -9997    2.9  240.0    0.0    0.0
C0G650 2000082515  -9997   28.8  -9997    4.3  230.0    0.0    0.0
C0G650 2000082516  -9997   28.4  -9997    2.3  220.0    0.0    0.0
C0G650 2000082517  -9997   28.0  -9997    1.5  230.0    0.0    0.0
C0G650 2000082518  -9997   27.4  -9997    0.1    0.0    0.0    0.0
C0G650 2000082519  -9997   26.6  -9997    0.0    0.0    0.0    0.0
C0G650 2000082520  -9997   25.9  -9997    0.0    0.0    0.0    0.0
C0G650 2000082521  -9997   25.5  -9997    0.0    0.0    0.0    0.0
C0G650 2000082522  -9997   25.2  -9997    0.0    0.0    0.0    0.0
C0G650 2000082523  -9997   25.0  -9997    0.0    0.0    0.0    0.0
C0G650 2000082524  -9997   25.3  -9997    0.0    0.0    0.0    0.0
C0G650 2000082601  -9997   25.1  -9997    0.0    0.0    0.0    0.0
C0G650 2000082602  -9997   25.0  -9997    0.0    0.0    0.0    0.0
C0G650 2000082603  -9997   24.9  -9997    0.0    0.0    0.0    0.0
C0G650 2000082604  -9997   24.9  -9997    0.0    0.0    0.0    0.0
C0G650 2000082605  -9997   24.7  -9997    0.0    0.0    0.0    0.0
C0G650 2000082606  -9997   24.8  -9997    0.0    0.0    0.0    0.0
C0G650 2000082607  -9997   25.8  -9997    0.0    0.0    0.0    0.0
C0G650 2000082608  -9997   27.9  -9997    0.0    0.0    0.0    0.0
C0G650 2000082609  -9997   31.3  -9997    0.0    0.0    0.0    0.7
C0G650 2000082610  -9997   31.5  -9997    1.2  260.0    0.0    0.9
C0G650 2000082611  -9997   31.8  -9997    2.3  260.0    0.0    0.3
C0G650 2000082612  -9997   30.3  -9997    0.8  260.0    0.0    0.4
C0G650 2000082613  -9997   31.1  -9997    1.9  250.0    0.0    0.5
C0G650 2000082614  -9997   29.8  -9997    2.9  240.0    0.0    0.2
C0G650 2000082615  -9997   28.1  -9997    1.6  200.0    0.0    0.0
C0G650 2000082616  -9997   27.5  -9997    0.5  200.0    0.0    0.0
C0G650 2000082617  -9997   26.7  -9997    0.2    0.0    0.0    0.0
C0G650 2000082618  -9997   25.5  -9997    1.7  210.0    5.5    0.0
C0G650 2000082619  -9997   24.9  -9997    0.0    0.0    5.0    0.0
C0G650 2000082620  -9997   24.5  -9997    0.0    0.0    0.0    0.0
C0G650 2000082621  -9997   24.9  -9997    0.0    0.0    0.0  -9997
C0G650 2000082622  -9997   24.8  -9997    0.0    0.0    0.0    0.0
C0G650 2000082623  -9997   24.7  -9997    0.0    0.0    0.0    0.0
C0G650 2000082624  -9997   24.4  -9997    0.0    0.0    0.0    0.0
C0G650 2000082701  -9997   24.3  -9997    0.0    0.0    0.0    0.0
C0G650 2000082702  -9997   24.2  -9997    0.0    0.0    0.0    0.0
C0G650 2000082703  -9997   24.4  -9997    0.4   80.0    0.0    0.0
C0G650 2000082704  -9997   24.6  -9997    0.0    0.0    0.0    0.0
C0G650 2000082705  -9997   24.4  -9997    0.0    0.0    0.0    0.0
C0G650 2000082706  -9997   23.8  -9997    0.0    0.0    0.0    0.0
C0G650 2000082707  -9997   25.2  -9997    0.0    0.0    0.0    0.1
C0G650 2000082708  -9997   27.8  -9997  -9997   40.0    0.0    1.0
C0G650 2000082709  -9997   28.0  -9997    0.1    0.0    0.0    0.4
C0G650 2000082710  -9997   29.7  -9997    0.9   20.0    0.0    0.6
C0G650 2000082711  -9997   30.9  -9997    1.3   40.0    0.0    1.0
C0G650 2000082712  -9997   31.6  -9997    1.6   60.0    0.0    0.9
C0G650 2000082713  -9997   32.6  -9997    0.7  360.0    0.0    0.9
C0G650 2000082714  -9997   31.8  -9997    1.0   10.0    0.0    0.5
C0G650 2000082715  -9997   31.5  -9997    1.0  290.0    0.0    0.9
C0G650 2000082716  -9997   31.6  -9997    0.7  330.0    0.0    1.0
C0G650 2000082717  -9997   30.2  -9997    1.2   20.0    0.0    0.6
C0G650 2000082718  -9997   29.7  -9997    0.3  240.0    0.0    0.0
C0G650 2000082719  -9997   26.1  -9997    2.0  180.0    0.0    0.0
C0G650 2000082720  -9997   25.7  -9997    0.4  190.0    0.0    0.0
C0G650 2000082721  -9997   25.8  -9997    0.0    0.0    0.0    0.0
C0G650 2000082722  -9997   25.8  -9997    0.0    0.0    0.0    0.0
C0G650 2000082723  -9997   25.4  -9997    0.0    0.0    0.0    0.0
C0G650 2000082724  -9997   25.3  -9997    0.0    0.0    0.0    0.0
C0G650 2000082801  -9997   25.2  -9997    0.0    0.0    0.0    0.0
C0G650 2000082802  -9997   25.2  -9997    0.0    0.0    0.0    0.0
C0G650 2000082803  -9997   25.1  -9997    0.0    0.0    0.0    0.0
C0G650 2000082804  -9997   25.0  -9997    0.2    0.0    0.0    0.0
C0G650 2000082805  -9997   24.9  -9997    0.0    0.0    0.0    0.0
C0G650 2000082806  -9997   25.1  -9997    0.0    0.0    0.0    0.0
C0G650 2000082807  -9997   26.4  -9997    0.0    0.0    0.0    0.0
C0G650 2000082808  -9997   28.2  -9997    0.1    0.0    0.0    1.0
C0G650 2000082809  -9997   30.0  -9997    0.6   20.0    0.0    1.0
C0G650 2000082810  -9997   29.4  -9997    0.8   10.0    0.0    0.5
C0G650 2000082811  -9997   30.6  -9997    0.7  310.0    0.0    0.8
C0G650 2000082812  -9997   30.4  -9997    0.2    0.0    0.0    0.2
C0G650 2000082813  -9997   31.0  -9997    0.9  350.0    0.0    0.4
C0G650 2000082814  -9997   32.0  -9997    1.3   10.0    0.0    0.7
C0G650 2000082815  -9997   30.9  -9997    1.0   10.0    0.0    0.2
C0G650 2000082816  -9997   30.9  -9997    1.8   20.0    0.0    0.4
C0G650 2000082817  -9997   29.5  -9997    1.9   10.0    0.0    0.0
C0G650 2000082818  -9997   26.2  -9997    1.8   50.0    1.0    0.0
C0G650 2000082819  -9997   25.6  -9997    1.0   20.0    2.0    0.0
C0G650 2000082820  -9997   25.7  -9997    0.6   50.0    0.5    0.0
C0G650 2000082821  -9997   25.6  -9997    0.4   30.0    1.0    0.0
C0G650 2000082822  -9997   25.2  -9997    0.0    0.0    0.5    0.0
C0G650 2000082823  -9997   25.2  -9997    0.0    0.0    2.0    0.0
C0G650 2000082824  -9997   25.0  -9997    0.0    0.0    0.0    0.0
C0G650 2000082901  -9997   25.0  -9997    0.2    0.0    0.0    0.0
C0G650 2000082902  -9997   24.7  -9997    0.0    0.0    0.0    0.0
C0G650 2000082903  -9997   24.5  -9997    0.0    0.0    0.0    0.0
C0G650 2000082904  -9997   24.4  -9997    0.0    0.0    0.0    0.0
C0G650 2000082905  -9997   24.1  -9997    0.0    0.0    0.0    0.0
C0G650 2000082906  -9997  -9997  -9997  -9997  -9997    0.0  -9997
C0G650 2000082907  -9997   25.7  -9997    0.0    0.0    0.0    0.0
C0G650 2000082908  -9997   28.1  -9997    0.1  -9997    0.0    0.3
C0G650 2000082909  -9997   28.6  -9997    0.4   30.0    0.0    0.5
C0G650 2000082910  -9997   29.4  -9997    0.8   20.0    0.0    0.1
C0G650 2000082911  -9997   28.2  -9997    0.3  350.0    0.0    0.1
C0G650 2000082912  -9997   28.6  -9997    0.8   40.0    0.0    0.0
C0G650 2000082913  -9997   30.1  -9997    1.5   20.0    0.0    0.0
C0G650 2000082914  -9997   30.0  -9997    2.5   20.0    0.0    0.3
C0G650 2000082915  -9997   28.1  -9997    1.6   10.0    0.0    0.1
C0G650 2000082916  -9997   27.7  -9997    0.8   10.0    3.5    0.1
C0G650 2000082917  -9997   27.9  -9997    1.3   20.0    0.5    0.0
C0G650 2000082918  -9997   27.9  -9997    0.6   10.0    0.0    0.0
C0G650 2000082919  -9997   27.5  -9997    0.5   10.0    0.0    0.0
C0G650 2000082920  -9997   27.3  -9997    0.4   20.0    0.0    0.0
C0G650 2000082921  -9997   27.3  -9997    0.9  360.0    0.0    0.0
C0G650 2000082922  -9997   26.8  -9997    0.4  360.0    0.5    0.0
C0G650 2000082923  -9997   24.4  -9997    0.2    0.0   16.0    0.0
C0G650 2000082924  -9997   24.5  -9997    0.0    0.0    8.0    0.0
C0G650 2000083001  -9997   24.7  -9997    0.0    0.0    4.0    0.0
C0G650 2000083002  -9997   24.7  -9997    0.6  190.0    7.0    0.0
C0G650 2000083003  -9997   24.7  -9997    0.0    0.0    2.0  -9997
C0G650 2000083004  -9997   24.8  -9997    0.0    0.0    0.5    0.0
C0G650 2000083005  -9997   24.8  -9997    0.0    0.0    0.5    0.0
C0G650 2000083006  -9997   24.8  -9997    0.8  190.0    0.0    0.0
C0G650 2000083007  -9997   25.3  -9997    0.4  190.0    0.0    0.0
C0G650 2000083008  -9997   25.4  -9997    1.5  240.0    0.0    0.0
C0G650 2000083009  -9997   25.5  -9997    0.9  200.0    0.5    0.0
C0G650 2000083010  -9997   25.9  -9997    0.6  210.0    0.0    0.0
C0G650 2000083011  -9997   27.6  -9997    1.2  200.0    0.0    0.0
C0G650 2000083012  -9997   30.5  -9997    0.8  170.0    0.0    0.6
C0G650 2000083013  -9997   31.0  -9997    1.0  230.0    0.0    1.0
C0G650 2000083014  -9997   31.7  -9997    1.5  230.0    0.0    0.9
C0G650 2000083015  -9997   32.3  -9997    1.9  230.0    0.0    0.9
C0G650 2000083016  -9997   31.8  -9997    2.3  240.0    0.0    0.7
C0G650 2000083017  -9997   31.1  -9997    1.0  260.0    0.0    0.5
C0G650 2000083018  -9997   30.1  -9997    1.5  260.0    0.0    0.0
C0G650 2000083019  -9997   28.9  -9997    0.9  240.0    0.0    0.0
C0G650 2000083020  -9997   28.2  -9997    0.2    0.0    0.0    0.0
C0G650 2000083021  -9997   27.6  -9997    0.0    0.0    0.0    0.0
C0G650 2000083022  -9997   27.6  -9997    0.6  200.0    0.0    0.0
C0G650 2000083023  -9997   26.4  -9997    0.0    0.0    0.0    0.0
C0G650 2000083024  -9997   26.4  -9997    0.0    0.0    0.0    0.0
C0G650 2000083101  -9997   26.5  -9997    0.0    0.0    0.0    0.0
C0G650 2000083102  -9997   25.8  -9997    0.0    0.0    0.0    0.0
C0G650 2000083103  -9997   25.4  -9997    0.0    0.0    0.0    0.0
C0G650 2000083104  -9997   25.1  -9997    0.0    0.0    0.0    0.0
C0G650 2000083105  -9997   25.6  -9997    0.6   60.0    0.0    0.0
C0G650 2000083106  -9997   25.2  -9997    0.0    0.0    0.0    0.0
C0G650 2000083107  -9997   26.7  -9997    0.0    0.0    0.0    0.0
C0G650 2000083108  -9997   30.3  -9997    0.9  190.0    0.0    0.6
C0G650 2000083109  -9997   32.0  -9997    0.5  140.0    0.0    1.0
C0G650 2000083110  -9997   31.5  -9997    1.0  190.0    0.0    0.4
C0G650 2000083111  -9997   33.2  -9997    2.6  230.0    0.0    0.7
C0G650 2000083112  -9997   33.1  -9997    3.1  240.0    0.0    1.0
C0G650 2000083113  -9997   34.3  -9997    2.4  230.0    0.0    0.6
C0G650 2000083114  -9997   34.3  -9997    1.7  230.0    0.0    0.8
C0G650 2000083115  -9997   33.9  -9997    3.0  240.0    0.0    0.9
C0G650 2000083116  -9997   34.1  -9997    2.2  250.0    0.0    0.7
C0G650 2000083117  -9997   31.8  -9997    2.5  230.0    0.0    0.5
C0G650 2000083118  -9997   30.8  -9997    1.6  210.0    0.0    0.0
C0G650 2000083119  -9997   29.9  -9997    0.9  220.0    0.0    0.0
C0G650 2000083120  -9997   29.1  -9997    1.3  190.0    0.0  -9997
C0G650 2000083121  -9997   28.1  -9997    0.0    0.0    0.0    0.0
C0G650 2000083122  -9997   28.0  -9997    0.0    0.0    0.0    0.0
C0G650 2000083123  -9997   27.7  -9997    0.0    0.0    0.0    0.0
C0G650 2000083124  -9997   27.6  -9997    0.0    0.0    0.0    0.0
C0G660 2000080101  -9999  -9999  -9999  -9999  -9999    0.0  -9999
C0G660 2000080102  -9999  -9999  -9999  -9999  -9999    0.0  -9999
C0G660 2000080103  -9999  -9999  -9999  -9999  -9999    0.0  -9999
C0G660 2000080104  -9999  -9999  -9999  -9999  -9999    0.0  -9999
C0G660 2000080105  -9999  -9999  -9999  -9999  -9999    0.0  -9999
C0G660 2000080106  -9999  -9999  -9999  -9999  -9999    0.0  -9999
C0G660 2000080107  -9999  -9999  -9999  -9999  -9999    1.5  -9999
C0G660 2000080108  -9999  -9999  -9999  -9999  -9999    7.5  -9999
C0G660 2000080109  -9999  -9999  -9999  -9999  -9999    0.5  -9999
C0G660 2000080110  -9999  -9999  -9999  -9999  -9999    0.0  -9999
C0G660 2000080111  -9999  -9999  -9999  -9999  -9999    0.0  -9999
C0G660 2000080112  -9999  -9999  -9999  -9999  -9999    0.0  -9999
C0G660 2000080113  -9999  -9999  -9999  -9999  -9999    0.0  -9999
C0G660 2000080114  -9999  -9999  -9999  -9999  -9999    0.5  -9999
C0G660 2000080115  -9999  -9999  -9999  -9999  -9999    0.0  -9999
C0G660 2000080116  -9999  -9999  -9999  -9999  -9999    4.0  -9999
C0G660 2000080117  -9999  -9999  -9999  -9999  -9999    1.5  -9999
C0G660 2000080118  -9999  -9999  -9999  -9999  -9999    0.5  -9999
C0G660 2000080119  -9999  -9999  -9999  -9999  -9999    0.0  -9999
C0G660 2000080120  -9999  -9999  -9999  -9999  -9999    0.0  -9999
C0G660 2000080121  -9999  -9999  -9999  -9999  -9999    0.0  -9999
C0G660 2000080122  -9999  -9999  -9999  -9999  -9999    0.0  -9999
C0G660 2000080123  -9999  -9999  -9999  -9999  -9999    0.0  -9999
C0G660 2000080124  -9999  -9999  -9999  -9999  -9999    0.0  -9999
C0G660 2000080201  -9999  -9999  -9999  -9999  -9999    0.0  -9999
C0G660 2000080202  -9999  -9999  -9999  -9999  -9999    0.0  -9999
C0G660 2000080203  -9999  -9999  -9999  -9999  -9999    0.0  -9999
C0G660 2000080204  -9999  -9999  -9999  -9999  -9999    0.0  -9999
C0G660 2000080205  -9999  -9999  -9999  -9999  -9999    0.0  -9999
C0G660 2000080206  -9999  -9999  -9999  -9999  -9999    0.0  -9999
C0G660 2000080207  -9999  -9999  -9999  -9999  -9999    0.0  -9999
C0G660 2000080208  -9999  -9999  -9999  -9999  -9999    0.0  -9999
C0G660 2000080209  -9999  -9999  -9999  -9999  -9999    0.0  -9999
C0G660 2000080210  -9999  -9999  -9999  -9999  -9999    0.0  -9999
C0G660 2000080211  -9999  -9999  -9999  -9999  -9999    0.0  -9999
C0G660 2000080212  -9999  -9999  -9999  -9999  -9999    0.0  -9999
C0G660 2000080213  -9999  -9999  -9999  -9999  -9999    0.0  -9999
C0G660 2000080214  -9999  -9999  -9999  -9999  -9999    0.0  -9999
C0G660 2000080215  -9999  -9999  -9999  -9999  -9999    0.0  -9999
C0G660 2000080216  -9999  -9999  -9999  -9999  -9999    0.5  -9999
C0G660 2000080217  -9999  -9999  -9999  -9999  -9999   15.5  -9999
C0G660 2000080218  -9999  -9999  -9999  -9999  -9999    1.5  -9999
C0G660 2000080219  -9999  -9999  -9999  -9999  -9999    0.5  -9999
C0G660 2000080220  -9999  -9999  -9999  -9999  -9999    0.0  -9999
C0G660 2000080221  -9999  -9999  -9999  -9999  -9999    0.0  -9999
C0G660 2000080222  -9999  -9999  -9999  -9999  -9999    0.0  -9999
C0G660 2000080223  -9999  -9999  -9999  -9999  -9999    0.0  -9999
C0G660 2000080224  -9999  -9999  -9999  -9999  -9999    0.0  -9999
C0G660 2000080301  -9999  -9999  -9999  -9999  -9999    0.0  -9999
C0G660 2000080302  -9999  -9999  -9999  -9999  -9999    0.0  -9999
C0G660 2000080303  -9999  -9999  -9999  -9999  -9999    0.0  -9999
C0G660 2000080304  -9999  -9999  -9999  -9999  -9999    0.0  -9999
C0G660 2000080305  -9999  -9999  -9999  -9999  -9999    0.0  -9999
C0G660 2000080306  -9999  -9999  -9999  -9999  -9999    0.0  -9999
C0G660 2000080307  -9999  -9999  -9999  -9999  -9999    0.0  -9999
C0G660 2000080308  -9999  -9999  -9999  -9999  -9999    0.0  -9999
C0G660 2000080309  -9999  -9999  -9999  -9999  -9999    0.0  -9999
C0G660 2000080310  -9999  -9999  -9999  -9999  -9999    0.0  -9999
C0G660 2000080311  -9999  -9999  -9999  -9999  -9999    0.0  -9999
C0G660 2000080312  -9999  -9999  -9999  -9999  -9999    0.0  -9999
C0G660 2000080313  -9999  -9999  -9999  -9999  -9999    0.0  -9999
C0G660 2000080314  -9999  -9999  -9999  -9999  -9999    0.0  -9999
C0G660 2000080315  -9999  -9999  -9999  -9999  -9999    0.0  -9999
C0G660 2000080316  -9999  -9999  -9999  -9999  -9999    0.0  -9999
C0G660 2000080317  -9999  -9999  -9999  -9999  -9999    0.0  -9999
C0G660 2000080318  -9999  -9999  -9999  -9999  -9999    0.0  -9999
C0G660 2000080319  -9999  -9999  -9999  -9999  -9999    0.0  -9999
C0G660 2000080320  -9999  -9999  -9999  -9999  -9999    0.5  -9999
C0G660 2000080321  -9999  -9999  -9999  -9999  -9999    0.0  -9999
C0G660 2000080322  -9999  -9999  -9999  -9999  -9999    0.0  -9999
C0G660 2000080323  -9999  -9999  -9999  -9999  -9999    0.0  -9999
C0G660 2000080324  -9999  -9999  -9999  -9999  -9999    0.0  -9999
C0G660 2000080401  -9999  -9999  -9999  -9999  -9999    0.5  -9999
C0G660 2000080402  -9999  -9999  -9999  -9999  -9999    0.0  -9999
C0G660 2000080403  -9999  -9999  -9999  -9999  -9999    0.0  -9999
C0G660 2000080404  -9999  -9999  -9999  -9999  -9999    0.0  -9999
C0G660 2000080405  -9999  -9999  -9999  -9999  -9999    0.0  -9999
C0G660 2000080406  -9999  -9999  -9999  -9999  -9999    0.0  -9999
C0G660 2000080407  -9999  -9999  -9999  -9999  -9999    1.0  -9999
C0G660 2000080408  -9999  -9999  -9999  -9999  -9999    0.0  -9999
C0G660 2000080409  -9999  -9999  -9999  -9999  -9999    0.0  -9999
C0G660 2000080410  -9999  -9999  -9999  -9999  -9999    0.0  -9999
C0G660 2000080411  -9999  -9999  -9999  -9999  -9999    0.0  -9999
C0G660 2000080412  -9999  -9999  -9999  -9999  -9999    0.0  -9999
C0G660 2000080413  -9999  -9999  -9999  -9999  -9999    0.0  -9999
C0G660 2000080414  -9999  -9999  -9999  -9999  -9999    0.0  -9999
C0G660 2000080415  -9999  -9999  -9999  -9999  -9999    0.0  -9999
C0G660 2000080416  -9999  -9999  -9999  -9999  -9999    0.5  -9999
C0G660 2000080417  -9999  -9999  -9999  -9999  -9999    6.0  -9999
C0G660 2000080418  -9999  -9999  -9999  -9999  -9999    0.0  -9999
C0G660 2000080419  -9999  -9999  -9999  -9999  -9999    0.0  -9999
C0G660 2000080420  -9999  -9999  -9999  -9999  -9999    0.0  -9999
C0G660 2000080421  -9999  -9999  -9999  -9999  -9999    0.0  -9999
C0G660 2000080422  -9999  -9999  -9999  -9999  -9999    0.0  -9999
C0G660 2000080423  -9999  -9999  -9999  -9999  -9999    0.0  -9999
C0G660 2000080424  -9999  -9999  -9999  -9999  -9999    0.0  -9999
C0G660 2000080501  -9999  -9999  -9999  -9999  -9999    0.0  -9999
C0G660 2000080502  -9999  -9999  -9999  -9999  -9999    1.0  -9999
C0G660 2000080503  -9999  -9999  -9999  -9999  -9999    2.5  -9999
C0G660 2000080504  -9999  -9999  -9999  -9999  -9999    1.0  -9999
C0G660 2000080505  -9999  -9999  -9999  -9999  -9999    0.0  -9999
C0G660 2000080506  -9999  -9999  -9999  -9999  -9999    0.0  -9999
C0G660 2000080507  -9999  -9999  -9999  -9999  -9999    0.0  -9999
C0G660 2000080508  -9999  -9999  -9999  -9999  -9999    0.0  -9999
C0G660 2000080509  -9999  -9999  -9999  -9999  -9999    0.0  -9999
C0G660 2000080510  -9999  -9999  -9999  -9999  -9999    0.0  -9999
C0G660 2000080511  -9999  -9999  -9999  -9999  -9999    0.0  -9999
C0G660 2000080512  -9999  -9999  -9999  -9999  -9999    0.0  -9999
C0G660 2000080513  -9999  -9999  -9999  -9999  -9999    0.0  -9999
C0G660 2000080514  -9999  -9999  -9999  -9999  -9999    0.0  -9999
C0G660 2000080515  -9999  -9999  -9999  -9999  -9999    0.0  -9999
C0G660 2000080516  -9999  -9999  -9999  -9999  -9999    0.0  -9999
C0G660 2000080517  -9999  -9999  -9999  -9999  -9999    0.0  -9999
C0G660 2000080518  -9999  -9999  -9999  -9999  -9999    0.0  -9999
C0G660 2000080519  -9999  -9999  -9999  -9999  -9999    4.0  -9999
C0G660 2000080520  -9999  -9999  -9999  -9999  -9999    2.5  -9999
C0G660 2000080521  -9999  -9999  -9999  -9999  -9999    0.5  -9999
C0G660 2000080522  -9999  -9999  -9999  -9999  -9999    0.0  -9999
C0G660 2000080523  -9999  -9999  -9999  -9999  -9999    0.0  -9999
C0G660 2000080524  -9999  -9999  -9999  -9999  -9999    0.0  -9999
C0G660 2000080601  -9999  -9999  -9999  -9999  -9999    0.0  -9999
C0G660 2000080602  -9999  -9999  -9999  -9999  -9999    0.0  -9999
C0G660 2000080603  -9999  -9999  -9999  -9999  -9999    0.0  -9999
C0G660 2000080604  -9999  -9999  -9999  -9999  -9999    0.0  -9999
C0G660 2000080605  -9999  -9999  -9999  -9999  -9999    0.0  -9999
C0G660 2000080606  -9999  -9999  -9999  -9999  -9999    0.0  -9999
C0G660 2000080607  -9999  -9999  -9999  -9999  -9999    0.0  -9999
C0G660 2000080608  -9999  -9999  -9999  -9999  -9999    0.0  -9999
C0G660 2000080609  -9999  -9999  -9999  -9999  -9999    0.0  -9999
C0G660 2000080610  -9999  -9999  -9999  -9999  -9999    0.0  -9999
C0G660 2000080611  -9999  -9999  -9999  -9999  -9999    0.0  -9999
C0G660 2000080612  -9999  -9999  -9999  -9999  -9999    0.0  -9999
C0G660 2000080613  -9999  -9999  -9999  -9999  -9999    0.0  -9999
C0G660 2000080614  -9999  -9999  -9999  -9999  -9999    0.0  -9999
C0G660 2000080615  -9999  -9999  -9999  -9999  -9999    0.0  -9999
C0G660 2000080616  -9999  -9999  -9999  -9999  -9999    0.0  -9999
C0G660 2000080617  -9999  -9999  -9999  -9999  -9999    0.0  -9999
C0G660 2000080618  -9999  -9999  -9999  -9999  -9999    0.0  -9999
C0G660 2000080619  -9999  -9999  -9999  -9999  -9999    0.0  -9999
C0G660 2000080620  -9999  -9999  -9999  -9999  -9999    0.0  -9999
C0G660 2000080621  -9999  -9999  -9999  -9999  -9999    0.0  -9999
C0G660 2000080622  -9999  -9999  -9999  -9999  -9999    0.0  -9999
C0G660 2000080623  -9999  -9999  -9999  -9999  -9999    0.0  -9999
C0G660 2000080624  -9999  -9999  -9999  -9999  -9999    0.0  -9999
C0G660 2000080701  -9999  -9999  -9999  -9999  -9999    0.0  -9999
C0G660 2000080702  -9999  -9999  -9999  -9999  -9999    0.0  -9999
C0G660 2000080703  -9999  -9999  -9999  -9999  -9999    0.0  -9999
C0G660 2000080704  -9999  -9999  -9999  -9999  -9999    8.5  -9999
C0G660 2000080705  -9999  -9999  -9999  -9999  -9999    7.5  -9999
C0G660 2000080706  -9999  -9999  -9999  -9999  -9999    0.0  -9999
C0G660 2000080707  -9999  -9999  -9999  -9999  -9999    0.0  -9999
C0G660 2000080708  -9999  -9999  -9999  -9999  -9999    0.0  -9999
C0G660 2000080709  -9999  -9999  -9999  -9999  -9999    0.0  -9999
C0G660 2000080710  -9999  -9999  -9999  -9999  -9999    0.0  -9999
C0G660 2000080711  -9999  -9999  -9999  -9999  -9999    0.0  -9999
C0G660 2000080712  -9999  -9999  -9999  -9999  -9999    0.0  -9999
C0G660 2000080713  -9999  -9999  -9999  -9999  -9999    0.0  -9999
C0G660 2000080714  -9999  -9999  -9999  -9999  -9999    0.0  -9999
C0G660 2000080715  -9999  -9999  -9999  -9999  -9999    0.0  -9999
C0G660 2000080716  -9999  -9999  -9999  -9999  -9999    0.0  -9999
C0G660 2000080717  -9999  -9999  -9999  -9999  -9999    0.0  -9999
C0G660 2000080718  -9999  -9999  -9999  -9999  -9999    0.0  -9999
C0G660 2000080719  -9999  -9999  -9999  -9999  -9999    0.0  -9999
C0G660 2000080720  -9999  -9999  -9999  -9999  -9999    0.0  -9999
C0G660 2000080721  -9999  -9999  -9999  -9999  -9999    0.0  -9999
C0G660 2000080722  -9999  -9999  -9999  -9999  -9999    0.0  -9999
C0G660 2000080723  -9999  -9999  -9999  -9999  -9999    0.0  -9999
C0G660 2000080724  -9999  -9999  -9999  -9999  -9999    0.0  -9999
C0G660 2000080801  -9999  -9999  -9999  -9999  -9999    0.0  -9999
C0G660 2000080802  -9999  -9999  -9999  -9999  -9999    0.0  -9999
C0G660 2000080803  -9999  -9999  -9999  -9999  -9999    0.0  -9999
C0G660 2000080804  -9999  -9999  -9999  -9999  -9999    0.0  -9999
C0G660 2000080805  -9999  -9999  -9999  -9999  -9999    0.0  -9999
C0G660 2000080806  -9999  -9999  -9999  -9999  -9999    0.0  -9999
C0G660 2000080807  -9999  -9999  -9999  -9999  -9999    0.0  -9999
C0G660 2000080808  -9999  -9999  -9999  -9999  -9999    0.0  -9999
C0G660 2000080809  -9999  -9999  -9999  -9999  -9999    0.0  -9999
C0G660 2000080810  -9999  -9999  -9999  -9999  -9999    0.0  -9999
C0G660 2000080811  -9999  -9999  -9999  -9999  -9999    0.0  -9999
C0G660 2000080812  -9999  -9999  -9999  -9999  -9999    0.0  -9999
C0G660 2000080813  -9999  -9999  -9999  -9999  -9999    0.0  -9999
C0G660 2000080814  -9999  -9999  -9999  -9999  -9999    0.0  -9999
C0G660 2000080815  -9999  -9999  -9999  -9999  -9999    0.0  -9999
C0G660 2000080816  -9999  -9999  -9999  -9999  -9999    0.0  -9999
C0G660 2000080817  -9999  -9999  -9999  -9999  -9999    0.0  -9999
C0G660 2000080818  -9999  -9999  -9999  -9999  -9999    0.0  -9999
C0G660 2000080819  -9999  -9999  -9999  -9999  -9999    0.0  -9999
C0G660 2000080820  -9999  -9999  -9999  -9999  -9999    0.0  -9999
C0G660 2000080821  -9999  -9999  -9999  -9999  -9999    0.0  -9999
C0G660 2000080822  -9999  -9999  -9999  -9999  -9999    0.0  -9999
C0G660 2000080823  -9999  -9999  -9999  -9999  -9999    0.0  -9999
C0G660 2000080824  -9999  -9999  -9999  -9999  -9999    0.0  -9999
C0G660 2000080901  -9999  -9999  -9999  -9999  -9999    0.0  -9999
C0G660 2000080902  -9999  -9999  -9999  -9999  -9999    0.0  -9999
C0G660 2000080903  -9999  -9999  -9999  -9999  -9999    0.0  -9999
C0G660 2000080904  -9999  -9999  -9999  -9999  -9999    0.0  -9999
C0G660 2000080905  -9999  -9999  -9999  -9999  -9999    0.0  -9999
C0G660 2000080906  -9999  -9999  -9999  -9999  -9999    0.0  -9999
C0G660 2000080907  -9999  -9999  -9999  -9999  -9999    0.0  -9999
C0G660 2000080908  -9999  -9999  -9999  -9999  -9999    0.0  -9999
C0G660 2000080909  -9999  -9999  -9999  -9999  -9999    0.0  -9999
C0G660 2000080910  -9999  -9999  -9999  -9999  -9999    0.0  -9999
C0G660 2000080911  -9999  -9999  -9999  -9999  -9999    0.0  -9999
C0G660 2000080912  -9999  -9999  -9999  -9999  -9999    0.0  -9999
C0G660 2000080913  -9999  -9999  -9999  -9999  -9999    0.0  -9999
C0G660 2000080914  -9999  -9999  -9999  -9999  -9999    0.0  -9999
C0G660 2000080915  -9999  -9999  -9999  -9999  -9999    0.0  -9999
C0G660 2000080916  -9999  -9999  -9999  -9999  -9999    0.0  -9999
C0G660 2000080917  -9999  -9999  -9999  -9999  -9999    0.0  -9999
C0G660 2000080918  -9999  -9999  -9999  -9999  -9999    0.0  -9999
C0G660 2000080919  -9999  -9999  -9999  -9999  -9999    0.0  -9999
C0G660 2000080920  -9999  -9999  -9999  -9999  -9999    0.0  -9999
C0G660 2000080921  -9999  -9999  -9999  -9999  -9999    0.0  -9999
C0G660 2000080922  -9999  -9999  -9999  -9999  -9999    0.0  -9999
C0G660 2000080923  -9999  -9999  -9999  -9999  -9999    0.0  -9999
C0G660 2000080924  -9999  -9999  -9999  -9999  -9999    0.0  -9999
C0G660 2000081001  -9999  -9999  -9999  -9999  -9999    0.0  -9999
C0G660 2000081002  -9999  -9999  -9999  -9999  -9999    0.0  -9999
C0G660 2000081003  -9999  -9999  -9999  -9999  -9999    0.0  -9999
C0G660 2000081004  -9999  -9999  -9999  -9999  -9999    0.0  -9999
C0G660 2000081005  -9999  -9999  -9999  -9999  -9999    0.0  -9999
C0G660 2000081006  -9999  -9999  -9999  -9999  -9999    0.0  -9999
C0G660 2000081007  -9999  -9999  -9999  -9999  -9999    0.0  -9999
C0G660 2000081008  -9999  -9999  -9999  -9999  -9999    0.0  -9999
C0G660 2000081009  -9999  -9999  -9999  -9999  -9999    0.0  -9999
C0G660 2000081010  -9999  -9999  -9999  -9999  -9999    0.0  -9999
C0G660 2000081011  -9999  -9999  -9999  -9999  -9999    0.0  -9999
C0G660 2000081012  -9999  -9999  -9999  -9999  -9999    0.0  -9999
C0G660 2000081013  -9999  -9999  -9999  -9999  -9999    0.0  -9999
C0G660 2000081014  -9999  -9999  -9999  -9999  -9999    0.0  -9999
C0G660 2000081015  -9999  -9999  -9999  -9999  -9999    0.0  -9999
C0G660 2000081016  -9999  -9999  -9999  -9999  -9999    0.0  -9999
C0G660 2000081017  -9999  -9999  -9999  -9999  -9999    0.0  -9999
C0G660 2000081018  -9999  -9999  -9999  -9999  -9999    0.0  -9999
C0G660 2000081019  -9999  -9999  -9999  -9999  -9999    0.0  -9999
C0G660 2000081020  -9999  -9999  -9999  -9999  -9999    0.0  -9999
C0G660 2000081021  -9999  -9999  -9999  -9999  -9999    0.0  -9999
C0G660 2000081022  -9999  -9999  -9999  -9999  -9999    0.0  -9999
C0G660 2000081023  -9999  -9999  -9999  -9999  -9999    0.0  -9999
C0G660 2000081024  -9999  -9999  -9999  -9999  -9999    0.0  -9999
C0G660 2000081101  -9999  -9999  -9999  -9999  -9999    0.0  -9999
C0G660 2000081102  -9999  -9999  -9999  -9999  -9999    0.0  -9999
C0G660 2000081103  -9999  -9999  -9999  -9999  -9999    0.0  -9999
C0G660 2000081104  -9999  -9999  -9999  -9999  -9999    0.0  -9999
C0G660 2000081105  -9999  -9999  -9999  -9999  -9999    0.0  -9999
C0G660 2000081106  -9999  -9999  -9999  -9999  -9999    0.0  -9999
C0G660 2000081107  -9999  -9999  -9999  -9999  -9999    0.0  -9999
C0G660 2000081108  -9999  -9999  -9999  -9999  -9999    0.0  -9999
C0G660 2000081109  -9999  -9999  -9999  -9999  -9999    0.0  -9999
C0G660 2000081110  -9999  -9999  -9999  -9999  -9999    0.0  -9999
C0G660 2000081111  -9999  -9999  -9999  -9999  -9999    0.0  -9999
C0G660 2000081112  -9999  -9999  -9999  -9999  -9999    0.0  -9999
C0G660 2000081113  -9999  -9999  -9999  -9999  -9999    0.0  -9999
C0G660 2000081114  -9999  -9999  -9999  -9999  -9999    0.0  -9999
C0G660 2000081115  -9999  -9999  -9999  -9999  -9999    0.0  -9999
C0G660 2000081116  -9999  -9999  -9999  -9999  -9999    0.0  -9999
C0G660 2000081117  -9999  -9999  -9999  -9999  -9999    0.0  -9999
C0G660 2000081118  -9999  -9999  -9999  -9999  -9999    0.0  -9999
C0G660 2000081119  -9999  -9999  -9999  -9999  -9999    0.0  -9999
C0G660 2000081120  -9999  -9999  -9999  -9999  -9999    0.0  -9999
C0G660 2000081121  -9999  -9999  -9999  -9999  -9999    0.0  -9999
C0G660 2000081122  -9999  -9999  -9999  -9999  -9999    0.0  -9999
C0G660 2000081123  -9999  -9999  -9999  -9999  -9999    0.0  -9999
C0G660 2000081124  -9999  -9999  -9999  -9999  -9999    0.0  -9999
C0G660 2000081201  -9999  -9999  -9999  -9999  -9999    0.0  -9999
C0G660 2000081202  -9999  -9999  -9999  -9999  -9999    0.0  -9999
C0G660 2000081203  -9999  -9999  -9999  -9999  -9999    0.0  -9999
C0G660 2000081204  -9999  -9999  -9999  -9999  -9999    0.0  -9999
C0G660 2000081205  -9999  -9999  -9999  -9999  -9999    0.0  -9999
C0G660 2000081206  -9999  -9999  -9999  -9999  -9999    0.0  -9999
C0G660 2000081207  -9999  -9999  -9999  -9999  -9999    0.0  -9999
C0G660 2000081208  -9999  -9999  -9999  -9999  -9999    0.0  -9999
C0G660 2000081209  -9999  -9999  -9999  -9999  -9999    0.0  -9999
C0G660 2000081210  -9999  -9999  -9999  -9999  -9999    0.0  -9999
C0G660 2000081211  -9999  -9999  -9999  -9999  -9999    0.0  -9999
C0G660 2000081212  -9999  -9999  -9999  -9999  -9999    0.0  -9999
C0G660 2000081213  -9999  -9999  -9999  -9999  -9999    0.0  -9999
C0G660 2000081214  -9999  -9999  -9999  -9999  -9999    0.0  -9999
C0G660 2000081215  -9999  -9999  -9999  -9999  -9999    0.0  -9999
C0G660 2000081216  -9999  -9999  -9999  -9999  -9999    0.0  -9999
C0G660 2000081217  -9999  -9999  -9999  -9999  -9999    0.0  -9999
C0G660 2000081218  -9999  -9999  -9999  -9999  -9999   20.0  -9999
C0G660 2000081219  -9999  -9999  -9999  -9999  -9999   35.5  -9999
C0G660 2000081220  -9999  -9999  -9999  -9999  -9999    3.0  -9999
C0G660 2000081221  -9999  -9999  -9999  -9999  -9999    1.0  -9999
C0G660 2000081222  -9999  -9999  -9999  -9999  -9999    0.0  -9999
C0G660 2000081223  -9999  -9999  -9999  -9999  -9999    0.0  -9999
C0G660 2000081224  -9999  -9999  -9999  -9999  -9999    0.0  -9999
C0G660 2000081301  -9999  -9999  -9999  -9999  -9999    0.0  -9999
C0G660 2000081302  -9999  -9999  -9999  -9999  -9999    0.0  -9999
C0G660 2000081303  -9999  -9999  -9999  -9999  -9999    0.0  -9999
C0G660 2000081304  -9999  -9999  -9999  -9999  -9999    0.0  -9999
C0G660 2000081305  -9999  -9999  -9999  -9999  -9999    0.0  -9999
C0G660 2000081306  -9999  -9999  -9999  -9999  -9999    0.0  -9999
C0G660 2000081307  -9999  -9999  -9999  -9999  -9999    0.5  -9999
C0G660 2000081308  -9999  -9999  -9999  -9999  -9999    0.0  -9999
C0G660 2000081309  -9999  -9999  -9999  -9999  -9999    0.0  -9999
C0G660 2000081310  -9999  -9999  -9999  -9999  -9999    0.5  -9999
C0G660 2000081311  -9999  -9999  -9999  -9999  -9999    0.0  -9999
C0G660 2000081312  -9999  -9999  -9999  -9999  -9999    0.5  -9999
C0G660 2000081313  -9999  -9999  -9999  -9999  -9999    0.0  -9999
C0G660 2000081314  -9999  -9999  -9999  -9999  -9999    0.0  -9999
C0G660 2000081315  -9999  -9999  -9999  -9999  -9999    0.0  -9999
C0G660 2000081316  -9999  -9999  -9999  -9999  -9999    0.0  -9999
C0G660 2000081317  -9999  -9999  -9999  -9999  -9999    0.0  -9999
C0G660 2000081318  -9999  -9999  -9999  -9999  -9999    0.0  -9999
C0G660 2000081319  -9999  -9999  -9999  -9999  -9999    0.0  -9999
C0G660 2000081320  -9999  -9999  -9999  -9999  -9999    0.0  -9999
C0G660 2000081321  -9999  -9999  -9999  -9999  -9999    0.0  -9999
C0G660 2000081322  -9999  -9999  -9999  -9999  -9999    0.0  -9999
C0G660 2000081323  -9999  -9999  -9999  -9999  -9999    0.0  -9999
C0G660 2000081324  -9999  -9999  -9999  -9999  -9999    0.0  -9999
C0G660 2000081401  -9999  -9999  -9999  -9999  -9999    0.0  -9999
C0G660 2000081402  -9999  -9999  -9999  -9999  -9999    0.0  -9999
C0G660 2000081403  -9999  -9999  -9999  -9999  -9999    0.0  -9999
C0G660 2000081404  -9999  -9999  -9999  -9999  -9999    0.0  -9999
C0G660 2000081405  -9999  -9999  -9999  -9999  -9999    0.0  -9999
C0G660 2000081406  -9999  -9999  -9999  -9999  -9999    0.0  -9999
C0G660 2000081407  -9999  -9999  -9999  -9999  -9999    0.0  -9999
C0G660 2000081408  -9999  -9999  -9999  -9999  -9999    0.0  -9999
C0G660 2000081409  -9999  -9999  -9999  -9999  -9999    0.0  -9999
C0G660 2000081410  -9999  -9999  -9999  -9999  -9999    0.0  -9999
C0G660 2000081411  -9999  -9999  -9999  -9999  -9999    0.0  -9999
C0G660 2000081412  -9999  -9999  -9999  -9999  -9999    0.0  -9999
C0G660 2000081413  -9999  -9999  -9999  -9999  -9999    0.0  -9999
C0G660 2000081414  -9999  -9999  -9999  -9999  -9999    0.0  -9999
C0G660 2000081415  -9999  -9999  -9999  -9999  -9999    0.0  -9999
C0G660 2000081416  -9999  -9999  -9999  -9999  -9999    0.0  -9999
C0G660 2000081417  -9999  -9999  -9999  -9999  -9999    0.0  -9999
C0G660 2000081418  -9999  -9999  -9999  -9999  -9999    0.0  -9999
C0G660 2000081419  -9999  -9999  -9999  -9999  -9999    0.0  -9999
C0G660 2000081420  -9999  -9999  -9999  -9999  -9999    0.0  -9999
C0G660 2000081421  -9999  -9999  -9999  -9999  -9999    0.0  -9999
C0G660 2000081422  -9999  -9999  -9999  -9999  -9999    0.0  -9999
C0G660 2000081423  -9999  -9999  -9999  -9999  -9999    0.0  -9999
C0G660 2000081424  -9999  -9999  -9999  -9999  -9999    0.0  -9999
C0G660 2000081501  -9999  -9999  -9999  -9999  -9999    0.0  -9999
C0G660 2000081502  -9999  -9999  -9999  -9999  -9999    0.0  -9999
C0G660 2000081503  -9999  -9999  -9999  -9999  -9999    0.0  -9999
C0G660 2000081504  -9999  -9999  -9999  -9999  -9999    0.0  -9999
C0G660 2000081505  -9999  -9999  -9999  -9999  -9999    0.0  -9999
C0G660 2000081506  -9999  -9999  -9999  -9999  -9999    0.0  -9999
C0G660 2000081507  -9999  -9999  -9999  -9999  -9999    0.0  -9999
C0G660 2000081508  -9999  -9999  -9999  -9999  -9999    0.0  -9999
C0G660 2000081509  -9999  -9999  -9999  -9999  -9999    0.0  -9999
C0G660 2000081510  -9999  -9999  -9999  -9999  -9999    0.0  -9999
C0G660 2000081511  -9999  -9999  -9999  -9999  -9999    0.0  -9999
C0G660 2000081512  -9999  -9999  -9999  -9999  -9999    0.0  -9999
C0G660 2000081513  -9999  -9999  -9999  -9999  -9999    0.0  -9999
C0G660 2000081514  -9999  -9999  -9999  -9999  -9999    3.5  -9999
C0G660 2000081515  -9999  -9999  -9999  -9999  -9999    0.0  -9999
C0G660 2000081516  -9999  -9999  -9999  -9999  -9999    0.5  -9999
C0G660 2000081517  -9999  -9999  -9999  -9999  -9999    0.0  -9999
C0G660 2000081518  -9999  -9999  -9999  -9999  -9999    0.0  -9999
C0G660 2000081519  -9999  -9999  -9999  -9999  -9999    0.0  -9999
C0G660 2000081520  -9999  -9999  -9999  -9999  -9999    0.0  -9999
C0G660 2000081521  -9999  -9999  -9999  -9999  -9999    0.0  -9999
C0G660 2000081522  -9999  -9999  -9999  -9999  -9999    0.0  -9999
C0G660 2000081523  -9999  -9999  -9999  -9999  -9999  -9996  -9999
C0G660 2000081524  -9999  -9999  -9999  -9999  -9999  -9996  -9999
C0G660 2000081601  -9999  -9999  -9999  -9999  -9999    0.0  -9999
C0G660 2000081602  -9999  -9999  -9999  -9999  -9999    0.0  -9999
C0G660 2000081603  -9999  -9999  -9999  -9999  -9999    0.0  -9999
C0G660 2000081604  -9999  -9999  -9999  -9999  -9999    0.0  -9999
C0G660 2000081605  -9999  -9999  -9999  -9999  -9999    0.0  -9999
C0G660 2000081606  -9999  -9999  -9999  -9999  -9999    0.0  -9999
C0G660 2000081607  -9999  -9999  -9999  -9999  -9999    0.0  -9999
C0G660 2000081608  -9999  -9999  -9999  -9999  -9999    0.0  -9999
C0G660 2000081609  -9999  -9999  -9999  -9999  -9999    0.0  -9999
C0G660 2000081610  -9999  -9999  -9999  -9999  -9999    0.0  -9999
C0G660 2000081611  -9999  -9999  -9999  -9999  -9999    0.0  -9999
C0G660 2000081612  -9999  -9999  -9999  -9999  -9999    0.0  -9999
C0G660 2000081613  -9999  -9999  -9999  -9999  -9999    0.0  -9999
C0G660 2000081614  -9999  -9999  -9999  -9999  -9999    0.0  -9999
C0G660 2000081615  -9999  -9999  -9999  -9999  -9999    0.0  -9999
C0G660 2000081616  -9999  -9999  -9999  -9999  -9999    0.0  -9999
C0G660 2000081617  -9999  -9999  -9999  -9999  -9999    0.0  -9999
C0G660 2000081618  -9999  -9999  -9999  -9999  -9999    0.0  -9999
C0G660 2000081619  -9999  -9999  -9999  -9999  -9999    0.0  -9999
C0G660 2000081620  -9999  -9999  -9999  -9999  -9999    0.0  -9999
C0G660 2000081621  -9999  -9999  -9999  -9999  -9999    0.0  -9999
C0G660 2000081622  -9999  -9999  -9999  -9999  -9999    0.0  -9999
C0G660 2000081623  -9999  -9999  -9999  -9999  -9999    0.0  -9999
C0G660 2000081624  -9999  -9999  -9999  -9999  -9999    0.0  -9999
C0G660 2000081701  -9999  -9999  -9999  -9999  -9999    0.0  -9999
C0G660 2000081702  -9999  -9999  -9999  -9999  -9999    0.0  -9999
C0G660 2000081703  -9999  -9999  -9999  -9999  -9999    0.0  -9999
C0G660 2000081704  -9999  -9999  -9999  -9999  -9999    0.0  -9999
C0G660 2000081705  -9999  -9999  -9999  -9999  -9999    0.0  -9999
C0G660 2000081706  -9999  -9999  -9999  -9999  -9999    0.0  -9999
C0G660 2000081707  -9999  -9999  -9999  -9999  -9999    0.0  -9999
C0G660 2000081708  -9999  -9999  -9999  -9999  -9999    0.0  -9999
C0G660 2000081709  -9999  -9999  -9999  -9999  -9999    0.0  -9999
C0G660 2000081710  -9999  -9999  -9999  -9999  -9999    0.0  -9999
C0G660 2000081711  -9999  -9999  -9999  -9999  -9999    0.0  -9999
C0G660 2000081712  -9999  -9999  -9999  -9999  -9999    0.0  -9999
C0G660 2000081713  -9999  -9999  -9999  -9999  -9999    0.0  -9999
C0G660 2000081714  -9999  -9999  -9999  -9999  -9999    0.0  -9999
C0G660 2000081715  -9999  -9999  -9999  -9999  -9999    0.0  -9999
C0G660 2000081716  -9999  -9999  -9999  -9999  -9999    0.0  -9999
C0G660 2000081717  -9999  -9999  -9999  -9999  -9999    0.0  -9999
C0G660 2000081718  -9999  -9999  -9999  -9999  -9999    0.0  -9999
C0G660 2000081719  -9999  -9999  -9999  -9999  -9999    0.0  -9999
C0G660 2000081720  -9999  -9999  -9999  -9999  -9999    0.0  -9999
C0G660 2000081721  -9999  -9999  -9999  -9999  -9999    0.0  -9999
C0G660 2000081722  -9999  -9999  -9999  -9999  -9999    0.0  -9999
C0G660 2000081723  -9999  -9999  -9999  -9999  -9999    0.0  -9999
C0G660 2000081724  -9999  -9999  -9999  -9999  -9999    0.0  -9999
C0G660 2000081801  -9999  -9999  -9999  -9999  -9999    0.0  -9999
C0G660 2000081802  -9999  -9999  -9999  -9999  -9999    0.0  -9999
C0G660 2000081803  -9999  -9999  -9999  -9999  -9999    0.0  -9999
C0G660 2000081804  -9999  -9999  -9999  -9999  -9999    0.0  -9999
C0G660 2000081805  -9999  -9999  -9999  -9999  -9999    0.0  -9999
C0G660 2000081806  -9999  -9999  -9999  -9999  -9999    0.0  -9999
C0G660 2000081807  -9999  -9999  -9999  -9999  -9999    0.0  -9999
C0G660 2000081808  -9999  -9999  -9999  -9999  -9999    0.0  -9999
C0G660 2000081809  -9999  -9999  -9999  -9999  -9999    0.0  -9999
C0G660 2000081810  -9999  -9999  -9999  -9999  -9999    0.0  -9999
C0G660 2000081811  -9999  -9999  -9999  -9999  -9999    0.0  -9999
C0G660 2000081812  -9999  -9999  -9999  -9999  -9999    0.0  -9999
C0G660 2000081813  -9999  -9999  -9999  -9999  -9999    0.0  -9999
C0G660 2000081814  -9999  -9999  -9999  -9999  -9999    0.0  -9999
C0G660 2000081815  -9999  -9999  -9999  -9999  -9999    0.0  -9999
C0G660 2000081816  -9999  -9999  -9999  -9999  -9999    0.0  -9999
C0G660 2000081817  -9999  -9999  -9999  -9999  -9999    0.0  -9999
C0G660 2000081818  -9999  -9999  -9999  -9999  -9999    0.0  -9999
C0G660 2000081819  -9999  -9999  -9999  -9999  -9999    0.0  -9999
C0G660 2000081820  -9999  -9999  -9999  -9999  -9999    0.0  -9999
C0G660 2000081821  -9999  -9999  -9999  -9999  -9999    0.0  -9999
C0G660 2000081822  -9999  -9999  -9999  -9999  -9999    0.0  -9999
C0G660 2000081823  -9999  -9999  -9999  -9999  -9999    0.0  -9999
C0G660 2000081824  -9999  -9999  -9999  -9999  -9999  -9996  -9999
C0G660 2000081901  -9999  -9999  -9999  -9999  -9999    0.0  -9999
C0G660 2000081902  -9999  -9999  -9999  -9999  -9999    0.0  -9999
C0G660 2000081903  -9999  -9999  -9999  -9999  -9999    0.0  -9999
C0G660 2000081904  -9999  -9999  -9999  -9999  -9999    0.0  -9999
C0G660 2000081905  -9999  -9999  -9999  -9999  -9999    0.0  -9999
C0G660 2000081906  -9999  -9999  -9999  -9999  -9999    0.0  -9999
C0G660 2000081907  -9999  -9999  -9999  -9999  -9999    0.0  -9999
C0G660 2000081908  -9999  -9999  -9999  -9999  -9999    0.0  -9999
C0G660 2000081909  -9999  -9999  -9999  -9999  -9999    0.0  -9999
C0G660 2000081910  -9999  -9999  -9999  -9999  -9999    0.0  -9999
C0G660 2000081911  -9999  -9999  -9999  -9999  -9999    0.0  -9999
C0G660 2000081912  -9999  -9999  -9999  -9999  -9999    0.0  -9999
C0G660 2000081913  -9999  -9999  -9999  -9999  -9999    0.0  -9999
C0G660 2000081914  -9999  -9999  -9999  -9999  -9999    0.0  -9999
C0G660 2000081915  -9999  -9999  -9999  -9999  -9999    0.0  -9999
C0G660 2000081916  -9999  -9999  -9999  -9999  -9999    0.0  -9999
C0G660 2000081917  -9999  -9999  -9999  -9999  -9999    0.0  -9999
C0G660 2000081918  -9999  -9999  -9999  -9999  -9999    0.0  -9999
C0G660 2000081919  -9999  -9999  -9999  -9999  -9999    0.0  -9999
C0G660 2000081920  -9999  -9999  -9999  -9999  -9999    0.0  -9999
C0G660 2000081921  -9999  -9999  -9999  -9999  -9999    0.0  -9999
C0G660 2000081922  -9999  -9999  -9999  -9999  -9999    0.0  -9999
C0G660 2000081923  -9999  -9999  -9999  -9999  -9999    0.0  -9999
C0G660 2000081924  -9999  -9999  -9999  -9999  -9999    0.0  -9999
C0G660 2000082001  -9999  -9999  -9999  -9999  -9999    0.0  -9999
C0G660 2000082002  -9999  -9999  -9999  -9999  -9999    0.0  -9999
C0G660 2000082003  -9999  -9999  -9999  -9999  -9999    0.0  -9999
C0G660 2000082004  -9999  -9999  -9999  -9999  -9999    0.0  -9999
C0G660 2000082005  -9999  -9999  -9999  -9999  -9999    0.0  -9999
C0G660 2000082006  -9999  -9999  -9999  -9999  -9999    0.0  -9999
C0G660 2000082007  -9999  -9999  -9999  -9999  -9999    0.0  -9999
C0G660 2000082008  -9999  -9999  -9999  -9999  -9999    0.0  -9999
C0G660 2000082009  -9999  -9999  -9999  -9999  -9999    0.0  -9999
C0G660 2000082010  -9999  -9999  -9999  -9999  -9999    0.0  -9999
C0G660 2000082011  -9999  -9999  -9999  -9999  -9999    0.0  -9999
C0G660 2000082012  -9999  -9999  -9999  -9999  -9999    0.0  -9999
C0G660 2000082013  -9999  -9999  -9999  -9999  -9999    0.0  -9999
C0G660 2000082014  -9999  -9999  -9999  -9999  -9999    0.0  -9999
C0G660 2000082015  -9999  -9999  -9999  -9999  -9999    0.0  -9999
C0G660 2000082016  -9999  -9999  -9999  -9999  -9999    0.0  -9999
C0G660 2000082017  -9999  -9999  -9999  -9999  -9999    0.0  -9999
C0G660 2000082018  -9999  -9999  -9999  -9999  -9999    0.0  -9999
C0G660 2000082019  -9999  -9999  -9999  -9999  -9999    0.0  -9999
C0G660 2000082020  -9999  -9999  -9999  -9999  -9999    0.0  -9999
C0G660 2000082021  -9999  -9999  -9999  -9999  -9999    0.0  -9999
C0G660 2000082022  -9999  -9999  -9999  -9999  -9999    0.0  -9999
C0G660 2000082023  -9999  -9999  -9999  -9999  -9999    0.0  -9999
C0G660 2000082024  -9999  -9999  -9999  -9999  -9999    0.0  -9999
C0G660 2000082101  -9999  -9999  -9999  -9999  -9999    0.0  -9999
C0G660 2000082102  -9999  -9999  -9999  -9999  -9999    0.0  -9999
C0G660 2000082103  -9999  -9999  -9999  -9999  -9999    0.0  -9999
C0G660 2000082104  -9999  -9999  -9999  -9999  -9999    0.0  -9999
C0G660 2000082105  -9999  -9999  -9999  -9999  -9999    0.0  -9999
C0G660 2000082106  -9999  -9999  -9999  -9999  -9999    0.0  -9999
C0G660 2000082107  -9999  -9999  -9999  -9999  -9999    0.0  -9999
C0G660 2000082108  -9999  -9999  -9999  -9999  -9999    0.0  -9999
C0G660 2000082109  -9999  -9999  -9999  -9999  -9999    0.0  -9999
C0G660 2000082110  -9999  -9999  -9999  -9999  -9999    0.0  -9999
C0G660 2000082111  -9999  -9999  -9999  -9999  -9999    0.0  -9999
C0G660 2000082112  -9999  -9999  -9999  -9999  -9999    0.0  -9999
C0G660 2000082113  -9999  -9999  -9999  -9999  -9999    0.0  -9999
C0G660 2000082114  -9999  -9999  -9999  -9999  -9999    0.0  -9999
C0G660 2000082115  -9999  -9999  -9999  -9999  -9999    0.0  -9999
C0G660 2000082116  -9999  -9999  -9999  -9999  -9999    0.0  -9999
C0G660 2000082117  -9999  -9999  -9999  -9999  -9999    0.0  -9999
C0G660 2000082118  -9999  -9999  -9999  -9999  -9999    0.0  -9999
C0G660 2000082119  -9999  -9999  -9999  -9999  -9999    0.0  -9999
C0G660 2000082120  -9999  -9999  -9999  -9999  -9999    0.0  -9999
C0G660 2000082121  -9999  -9999  -9999  -9999  -9999    0.0  -9999
C0G660 2000082122  -9999  -9999  -9999  -9999  -9999    0.0  -9999
C0G660 2000082123  -9999  -9999  -9999  -9999  -9999  -9996  -9999
C0G660 2000082124  -9999  -9999  -9999  -9999  -9999  -9996  -9999
C0G660 2000082201  -9999  -9999  -9999  -9999  -9999    0.0  -9999
C0G660 2000082202  -9999  -9999  -9999  -9999  -9999    0.0  -9999
C0G660 2000082203  -9999  -9999  -9999  -9999  -9999    0.0  -9999
C0G660 2000082204  -9999  -9999  -9999  -9999  -9999    0.0  -9999
C0G660 2000082205  -9999  -9999  -9999  -9999  -9999    0.0  -9999
C0G660 2000082206  -9999  -9999  -9999  -9999  -9999    0.0  -9999
C0G660 2000082207  -9999  -9999  -9999  -9999  -9999    0.0  -9999
C0G660 2000082208  -9999  -9999  -9999  -9999  -9999    0.0  -9999
C0G660 2000082209  -9999  -9999  -9999  -9999  -9999    0.0  -9999
C0G660 2000082210  -9999  -9999  -9999  -9999  -9999    0.0  -9999
C0G660 2000082211  -9999  -9999  -9999  -9999  -9999    0.0  -9999
C0G660 2000082212  -9999  -9999  -9999  -9999  -9999    0.0  -9999
C0G660 2000082213  -9999  -9999  -9999  -9999  -9999    0.0  -9999
C0G660 2000082214  -9999  -9999  -9999  -9999  -9999    0.0  -9999
C0G660 2000082215  -9999  -9999  -9999  -9999  -9999    0.0  -9999
C0G660 2000082216  -9999  -9999  -9999  -9999  -9999    0.0  -9999
C0G660 2000082217  -9999  -9999  -9999  -9999  -9999    0.0  -9999
C0G660 2000082218  -9999  -9999  -9999  -9999  -9999    0.0  -9999
C0G660 2000082219  -9999  -9999  -9999  -9999  -9999    0.0  -9999
C0G660 2000082220  -9999  -9999  -9999  -9999  -9999    0.0  -9999
C0G660 2000082221  -9999  -9999  -9999  -9999  -9999    0.0  -9999
C0G660 2000082222  -9999  -9999  -9999  -9999  -9999    0.5  -9999
C0G660 2000082223  -9999  -9999  -9999  -9999  -9999    0.0  -9999
C0G660 2000082224  -9999  -9999  -9999  -9999  -9999    0.0  -9999
C0G660 2000082301  -9999  -9999  -9999  -9999  -9999    2.0  -9999
C0G660 2000082302  -9999  -9999  -9999  -9999  -9999    6.0  -9999
C0G660 2000082303  -9999  -9999  -9999  -9999  -9999    5.0  -9999
C0G660 2000082304  -9999  -9999  -9999  -9999  -9999    2.5  -9999
C0G660 2000082305  -9999  -9999  -9999  -9999  -9999    4.5  -9999
C0G660 2000082306  -9999  -9999  -9999  -9999  -9999    2.0  -9999
C0G660 2000082307  -9999  -9999  -9999  -9999  -9999    0.5  -9999
C0G660 2000082308  -9999  -9999  -9999  -9999  -9999    1.5  -9999
C0G660 2000082309  -9999  -9999  -9999  -9999  -9999    2.0  -9999
C0G660 2000082310  -9999  -9999  -9999  -9999  -9999    1.0  -9999
C0G660 2000082311  -9999  -9999  -9999  -9999  -9999    3.5  -9999
C0G660 2000082312  -9999  -9999  -9999  -9999  -9999    4.0  -9999
C0G660 2000082313  -9999  -9999  -9999  -9999  -9999    3.0  -9999
C0G660 2000082314  -9999  -9999  -9999  -9999  -9999    2.0  -9999
C0G660 2000082315  -9999  -9999  -9999  -9999  -9999    1.0  -9999
C0G660 2000082316  -9999  -9999  -9999  -9999  -9999    2.0  -9999
C0G660 2000082317  -9999  -9999  -9999  -9999  -9999    1.0  -9999
C0G660 2000082318  -9999  -9999  -9999  -9999  -9999    1.5  -9999
C0G660 2000082319  -9999  -9999  -9999  -9999  -9999    2.0  -9999
C0G660 2000082320  -9999  -9999  -9999  -9999  -9999    0.0  -9999
C0G660 2000082321  -9999  -9999  -9999  -9999  -9999    0.5  -9999
C0G660 2000082322  -9999  -9999  -9999  -9999  -9999    0.0  -9999
C0G660 2000082323  -9999  -9999  -9999  -9999  -9999    0.0  -9999
C0G660 2000082324  -9999  -9999  -9999  -9999  -9999    0.0  -9999
C0G660 2000082401  -9999  -9999  -9999  -9999  -9999    0.0  -9999
C0G660 2000082402  -9999  -9999  -9999  -9999  -9999    0.0  -9999
C0G660 2000082403  -9999  -9999  -9999  -9999  -9999    0.0  -9999
C0G660 2000082404  -9999  -9999  -9999  -9999  -9999    0.0  -9999
C0G660 2000082405  -9999  -9999  -9999  -9999  -9999  -9996  -9999
C0G660 2000082406  -9999  -9999  -9999  -9999  -9999    1.0  -9999
C0G660 2000082407  -9999  -9999  -9999  -9999  -9999    0.0  -9999
C0G660 2000082408  -9999  -9999  -9999  -9999  -9999    0.0  -9999
C0G660 2000082409  -9999  -9999  -9999  -9999  -9999    0.0  -9999
C0G660 2000082410  -9999  -9999  -9999  -9999  -9999    1.0  -9999
C0G660 2000082411  -9999  -9999  -9999  -9999  -9999    0.0  -9999
C0G660 2000082412  -9999  -9999  -9999  -9999  -9999    0.0  -9999
C0G660 2000082413  -9999  -9999  -9999  -9999  -9999    0.0  -9999
C0G660 2000082414  -9999  -9999  -9999  -9999  -9999    0.0  -9999
C0G660 2000082415  -9999  -9999  -9999  -9999  -9999    0.0  -9999
C0G660 2000082416  -9999  -9999  -9999  -9999  -9999    0.0  -9999
C0G660 2000082417  -9999  -9999  -9999  -9999  -9999    0.0  -9999
C0G660 2000082418  -9999  -9999  -9999  -9999  -9999    0.0  -9999
C0G660 2000082419  -9999  -9999  -9999  -9999  -9999    0.0  -9999
C0G660 2000082420  -9999  -9999  -9999  -9999  -9999    0.0  -9999
C0G660 2000082421  -9999  -9999  -9999  -9999  -9999    0.0  -9999
C0G660 2000082422  -9999  -9999  -9999  -9999  -9999    0.0  -9999
C0G660 2000082423  -9999  -9999  -9999  -9999  -9999    0.0  -9999
C0G660 2000082424  -9999  -9999  -9999  -9999  -9999    0.0  -9999
C0G660 2000082501  -9999  -9999  -9999  -9999  -9999    0.0  -9999
C0G660 2000082502  -9999  -9999  -9999  -9999  -9999    0.0  -9999
C0G660 2000082503  -9999  -9999  -9999  -9999  -9999    0.0  -9999
C0G660 2000082504  -9999  -9999  -9999  -9999  -9999    0.0  -9999
C0G660 2000082505  -9999  -9999  -9999  -9999  -9999    0.0  -9999
C0G660 2000082506  -9999  -9999  -9999  -9999  -9999    0.0  -9999
C0G660 2000082507  -9999  -9999  -9999  -9999  -9999    0.0  -9999
C0G660 2000082508  -9999  -9999  -9999  -9999  -9999    0.0  -9999
C0G660 2000082509  -9999  -9999  -9999  -9999  -9999    0.0  -9999
C0G660 2000082510  -9999  -9999  -9999  -9999  -9999    0.0  -9999
C0G660 2000082511  -9999  -9999  -9999  -9999  -9999    0.0  -9999
C0G660 2000082512  -9999  -9999  -9999  -9999  -9999    0.0  -9999
C0G660 2000082513  -9999  -9999  -9999  -9999  -9999    0.0  -9999
C0G660 2000082514  -9999  -9999  -9999  -9999  -9999    0.0  -9999
C0G660 2000082515  -9999  -9999  -9999  -9999  -9999    0.0  -9999
C0G660 2000082516  -9999  -9999  -9999  -9999  -9999    0.0  -9999
C0G660 2000082517  -9999  -9999  -9999  -9999  -9999    0.0  -9999
C0G660 2000082518  -9999  -9999  -9999  -9999  -9999    0.0  -9999
C0G660 2000082519  -9999  -9999  -9999  -9999  -9999    0.0  -9999
C0G660 2000082520  -9999  -9999  -9999  -9999  -9999    0.0  -9999
C0G660 2000082521  -9999  -9999  -9999  -9999  -9999    0.0  -9999
C0G660 2000082522  -9999  -9999  -9999  -9999  -9999    0.0  -9999
C0G660 2000082523  -9999  -9999  -9999  -9999  -9999    0.0  -9999
C0G660 2000082524  -9999  -9999  -9999  -9999  -9999    0.0  -9999
C0G660 2000082601  -9999  -9999  -9999  -9999  -9999    0.0  -9999
C0G660 2000082602  -9999  -9999  -9999  -9999  -9999    0.0  -9999
C0G660 2000082603  -9999  -9999  -9999  -9999  -9999    0.0  -9999
C0G660 2000082604  -9999  -9999  -9999  -9999  -9999    0.0  -9999
C0G660 2000082605  -9999  -9999  -9999  -9999  -9999    0.0  -9999
C0G660 2000082606  -9999  -9999  -9999  -9999  -9999    0.0  -9999
C0G660 2000082607  -9999  -9999  -9999  -9999  -9999    0.0  -9999
C0G660 2000082608  -9999  -9999  -9999  -9999  -9999    0.0  -9999
C0G660 2000082609  -9999  -9999  -9999  -9999  -9999    0.0  -9999
C0G660 2000082610  -9999  -9999  -9999  -9999  -9999    0.0  -9999
C0G660 2000082611  -9999  -9999  -9999  -9999  -9999    0.0  -9999
C0G660 2000082612  -9999  -9999  -9999  -9999  -9999    0.0  -9999
C0G660 2000082613  -9999  -9999  -9999  -9999  -9999    0.0  -9999
C0G660 2000082614  -9999  -9999  -9999  -9999  -9999    0.0  -9999
C0G660 2000082615  -9999  -9999  -9999  -9999  -9999    0.0  -9999
C0G660 2000082616  -9999  -9999  -9999  -9999  -9999    0.0  -9999
C0G660 2000082617  -9999  -9999  -9999  -9999  -9999    0.0  -9999
C0G660 2000082618  -9999  -9999  -9999  -9999  -9999    0.0  -9999
C0G660 2000082619  -9999  -9999  -9999  -9999  -9999    8.5  -9999
C0G660 2000082620  -9999  -9999  -9999  -9999  -9999    0.0  -9999
C0G660 2000082621  -9999  -9999  -9999  -9999  -9999    0.0  -9999
C0G660 2000082622  -9999  -9999  -9999  -9999  -9999    0.0  -9999
C0G660 2000082623  -9999  -9999  -9999  -9999  -9999    0.0  -9999
C0G660 2000082624  -9999  -9999  -9999  -9999  -9999    0.0  -9999
C0G660 2000082701  -9999  -9999  -9999  -9999  -9999    0.0  -9999
C0G660 2000082702  -9999  -9999  -9999  -9999  -9999    0.0  -9999
C0G660 2000082703  -9999  -9999  -9999  -9999  -9999    0.0  -9999
C0G660 2000082704  -9999  -9999  -9999  -9999  -9999    0.0  -9999
C0G660 2000082705  -9999  -9999  -9999  -9999  -9999    0.0  -9999
C0G660 2000082706  -9999  -9999  -9999  -9999  -9999    0.0  -9999
C0G660 2000082707  -9999  -9999  -9999  -9999  -9999    0.0  -9999
C0G660 2000082708  -9999  -9999  -9999  -9999  -9999    0.0  -9999
C0G660 2000082709  -9999  -9999  -9999  -9999  -9999    0.0  -9999
C0G660 2000082710  -9999  -9999  -9999  -9999  -9999    0.0  -9999
C0G660 2000082711  -9999  -9999  -9999  -9999  -9999    0.0  -9999
C0G660 2000082712  -9999  -9999  -9999  -9999  -9999    0.0  -9999
C0G660 2000082713  -9999  -9999  -9999  -9999  -9999    0.0  -9999
C0G660 2000082714  -9999  -9999  -9999  -9999  -9999    0.0  -9999
C0G660 2000082715  -9999  -9999  -9999  -9999  -9999    0.0  -9999
C0G660 2000082716  -9999  -9999  -9999  -9999  -9999    0.0  -9999
C0G660 2000082717  -9999  -9999  -9999  -9999  -9999    0.0  -9999
C0G660 2000082718  -9999  -9999  -9999  -9999  -9999    0.0  -9999
C0G660 2000082719  -9999  -9999  -9999  -9999  -9999    0.0  -9999
C0G660 2000082720  -9999  -9999  -9999  -9999  -9999    0.0  -9999
C0G660 2000082721  -9999  -9999  -9999  -9999  -9999    0.0  -9999
C0G660 2000082722  -9999  -9999  -9999  -9999  -9999    0.0  -9999
C0G660 2000082723  -9999  -9999  -9999  -9999  -9999    0.0  -9999
C0G660 2000082724  -9999  -9999  -9999  -9999  -9999    0.0  -9999
C0G660 2000082801  -9999  -9999  -9999  -9999  -9999    0.0  -9999
C0G660 2000082802  -9999  -9999  -9999  -9999  -9999    0.0  -9999
C0G660 2000082803  -9999  -9999  -9999  -9999  -9999    0.0  -9999
C0G660 2000082804  -9999  -9999  -9999  -9999  -9999    0.0  -9999
C0G660 2000082805  -9999  -9999  -9999  -9999  -9999    0.0  -9999
C0G660 2000082806  -9999  -9999  -9999  -9999  -9999    0.0  -9999
C0G660 2000082807  -9999  -9999  -9999  -9999  -9999    0.0  -9999
C0G660 2000082808  -9999  -9999  -9999  -9999  -9999    0.0  -9999
C0G660 2000082809  -9999  -9999  -9999  -9999  -9999    0.0  -9999
C0G660 2000082810  -9999  -9999  -9999  -9999  -9999    0.0  -9999
C0G660 2000082811  -9999  -9999  -9999  -9999  -9999    0.0  -9999
C0G660 2000082812  -9999  -9999  -9999  -9999  -9999    0.0  -9999
C0G660 2000082813  -9999  -9999  -9999  -9999  -9999    0.0  -9999
C0G660 2000082814  -9999  -9999  -9999  -9999  -9999    0.0  -9999
C0G660 2000082815  -9999  -9999  -9999  -9999  -9999    0.0  -9999
C0G660 2000082816  -9999  -9999  -9999  -9999  -9999    0.0  -9999
C0G660 2000082817  -9999  -9999  -9999  -9999  -9999    0.0  -9999
C0G660 2000082818  -9999  -9999  -9999  -9999  -9999    0.5  -9999
C0G660 2000082819  -9999  -9999  -9999  -9999  -9999    2.5  -9999
C0G660 2000082820  -9999  -9999  -9999  -9999  -9999    0.5  -9999
C0G660 2000082821  -9999  -9999  -9999  -9999  -9999    1.0  -9999
C0G660 2000082822  -9999  -9999  -9999  -9999  -9999    1.5  -9999
C0G660 2000082823  -9999  -9999  -9999  -9999  -9999    1.5  -9999
C0G660 2000082824  -9999  -9999  -9999  -9999  -9999    0.5  -9999
C0G660 2000082901  -9999  -9999  -9999  -9999  -9999    0.0  -9999
C0G660 2000082902  -9999  -9999  -9999  -9999  -9999    0.0  -9999
C0G660 2000082903  -9999  -9999  -9999  -9999  -9999    0.0  -9999
C0G660 2000082904  -9999  -9999  -9999  -9999  -9999    0.0  -9999
C0G660 2000082905  -9999  -9999  -9999  -9999  -9999    0.0  -9999
C0G660 2000082906  -9999  -9999  -9999  -9999  -9999    0.0  -9999
C0G660 2000082907  -9999  -9999  -9999  -9999  -9999    0.0  -9999
C0G660 2000082908  -9999  -9999  -9999  -9999  -9999    0.0  -9999
C0G660 2000082909  -9999  -9999  -9999  -9999  -9999    0.0  -9999
C0G660 2000082910  -9999  -9999  -9999  -9999  -9999    0.5  -9999
C0G660 2000082911  -9999  -9999  -9999  -9999  -9999    0.0  -9999
C0G660 2000082912  -9999  -9999  -9999  -9999  -9999    0.0  -9999
C0G660 2000082913  -9999  -9999  -9999  -9999  -9999    0.0  -9999
C0G660 2000082914  -9999  -9999  -9999  -9999  -9999    0.0  -9999
C0G660 2000082915  -9999  -9999  -9999  -9999  -9999    0.0  -9999
C0G660 2000082916  -9999  -9999  -9999  -9999  -9999    0.0  -9999
C0G660 2000082917  -9999  -9999  -9999  -9999  -9999    0.0  -9999
C0G660 2000082918  -9999  -9999  -9999  -9999  -9999    0.5  -9999
C0G660 2000082919  -9999  -9999  -9999  -9999  -9999    0.0  -9999
C0G660 2000082920  -9999  -9999  -9999  -9999  -9999    0.0  -9999
C0G660 2000082921  -9999  -9999  -9999  -9999  -9999    0.0  -9999
C0G660 2000082922  -9999  -9999  -9999  -9999  -9999    0.0  -9999
C0G660 2000082923  -9999  -9999  -9999  -9999  -9999    7.0  -9999
C0G660 2000082924  -9999  -9999  -9999  -9999  -9999    7.5  -9999
C0G660 2000083001  -9999  -9999  -9999  -9999  -9999  -9996  -9999
C0G660 2000083002  -9999  -9999  -9999  -9999  -9999    1.5  -9999
C0G660 2000083003  -9999  -9999  -9999  -9999  -9999    0.5  -9999
C0G660 2000083004  -9999  -9999  -9999  -9999  -9999    0.5  -9999
C0G660 2000083005  -9999  -9999  -9999  -9999  -9999    1.5  -9999
C0G660 2000083006  -9999  -9999  -9999  -9999  -9999    1.0  -9999
C0G660 2000083007  -9999  -9999  -9999  -9999  -9999    0.5  -9999
C0G660 2000083008  -9999  -9999  -9999  -9999  -9999    1.0  -9999
C0G660 2000083009  -9999  -9999  -9999  -9999  -9999    1.5  -9999
C0G660 2000083010  -9999  -9999  -9999  -9999  -9999    0.0  -9999
C0G660 2000083011  -9999  -9999  -9999  -9999  -9999    0.0  -9999
C0G660 2000083012  -9999  -9999  -9999  -9999  -9999    0.0  -9999
C0G660 2000083013  -9999  -9999  -9999  -9999  -9999    0.0  -9999
C0G660 2000083014  -9999  -9999  -9999  -9999  -9999    0.0  -9999
C0G660 2000083015  -9999  -9999  -9999  -9999  -9999    0.0  -9999
C0G660 2000083016  -9999  -9999  -9999  -9999  -9999    0.0  -9999
C0G660 2000083017  -9999  -9999  -9999  -9999  -9999    0.0  -9999
C0G660 2000083018  -9999  -9999  -9999  -9999  -9999    0.0  -9999
C0G660 2000083019  -9999  -9999  -9999  -9999  -9999    0.0  -9999
C0G660 2000083020  -9999  -9999  -9999  -9999  -9999    0.0  -9999
C0G660 2000083021  -9999  -9999  -9999  -9999  -9999    0.0  -9999
C0G660 2000083022  -9999  -9999  -9999  -9999  -9999    0.0  -9999
C0G660 2000083023  -9999  -9999  -9999  -9999  -9999    0.0  -9999
C0G660 2000083024  -9999  -9999  -9999  -9999  -9999    0.0  -9999
C0G660 2000083101  -9999  -9999  -9999  -9999  -9999    0.0  -9999
C0G660 2000083102  -9999  -9999  -9999  -9999  -9999    0.0  -9999
C0G660 2000083103  -9999  -9999  -9999  -9999  -9999    0.0  -9999
C0G660 2000083104  -9999  -9999  -9999  -9999  -9999    0.0  -9999
C0G660 2000083105  -9999  -9999  -9999  -9999  -9999    0.0  -9999
C0G660 2000083106  -9999  -9999  -9999  -9999  -9999    0.0  -9999
C0G660 2000083107  -9999  -9999  -9999  -9999  -9999    0.0  -9999
C0G660 2000083108  -9999  -9999  -9999  -9999  -9999    0.0  -9999
C0G660 2000083109  -9999  -9999  -9999  -9999  -9999    0.0  -9999
C0G660 2000083110  -9999  -9999  -9999  -9999  -9999    0.0  -9999
C0G660 2000083111  -9999  -9999  -9999  -9999  -9999    0.0  -9999
C0G660 2000083112  -9999  -9999  -9999  -9999  -9999    0.0  -9999
C0G660 2000083113  -9999  -9999  -9999  -9999  -9999    0.0  -9999
C0G660 2000083114  -9999  -9999  -9999  -9999  -9999    0.0  -9999
C0G660 2000083115  -9999  -9999  -9999  -9999  -9999    0.0  -9999
C0G660 2000083116  -9999  -9999  -9999  -9999  -9999    0.0  -9999
C0G660 2000083117  -9999  -9999  -9999  -9999  -9999    0.0  -9999
C0G660 2000083118  -9999  -9999  -9999  -9999  -9999    0.0  -9999
C0G660 2000083119  -9999  -9999  -9999  -9999  -9999    0.0  -9999
C0G660 2000083120  -9999  -9999  -9999  -9999  -9999    0.0  -9999
C0G660 2000083121  -9999  -9999  -9999  -9999  -9999    0.0  -9999
C0G660 2000083122  -9999  -9999  -9999  -9999  -9999    0.0  -9999
C0G660 2000083123  -9999  -9999  -9999  -9999  -9999    0.0  -9999
C0G660 2000083124  -9999  -9999  -9999  -9999  -9999    0.0  -9999
