C0G650 2000050101 23.7 -9997 0.0 0.0
C0G650 2000050102 23.6 -9997 0.0 0.0
C0G650 2000050103 23.7 -9997 0.0 0.0
C0G650 2000050104 23.6 -9997 0.3 0.0
C0G650 2000050105 23.3 -9997 0.0 0.0
C0G650 2000050106 23.5 -9997 0.0 0.0
C0G650 2000050107 23.7 -9997 0.0 0.0
C0G650 2000050108 25.4 -9997 0.0 0.0
C0G650 2000050109 27.0 -9997 0.0 0.0
C0G650 2000050110 28.1 -9997 0.4 0.0
C0G650 2000050111 29.5 -9997 1.0 0.0
C0G650 2000050112 29.8 -9997 1.6 0.0
C0G650 2000050113 29.0 -9997 1.5 0.0
C0G650 2000050114 27.7 -9997 0.6 0.0
C0G650 2000050115 27.0 -9997 0.7 0.0
C0G650 2000050116 26.9 -9997 0.6 0.0
C0G650 2000050117 26.3 -9997 0.5 0.0
C0G650 2000050118 25.9 -9997 0.0 0.0
C0G650 2000050119 25.3 -9997 0.0 0.0
C0G650 2000050120 25.1 -9997 0.0 0.0
C0G650 2000050121 25.0 -9997 0.0 0.0
C0G650 2000050122 24.6 -9997 0.0 0.0
C0G650 2000050123 24.2 -9997 0.0 1.0
C0G650 2000050124 24.0 -9997 0.0 0.0
C0G650 2000050201 22.6 -9997 0.3 1.5
C0G650 2000050202 21.5 -9997 0.3 0.0
C0G650 2000050203 21.6 -9997 0.4 0.0
C0G650 2000050204 21.6 -9997 0.4 0.0
C0G650 2000050205 21.7 -9997 0.0 0.0
C0G650 2000050206 21.8 -9997 0.0 0.0
C0G650 2000050207 22.0 -9997 0.0 0.0
C0G650 2000050208 22.4 -9997 0.0 0.5
C0G650 2000050209 22.4 -9997 0.0 1.0
C0G650 2000050210 22.1 -9997 0.1 1.5
C0G650 2000050211 22.5 -9997 0.4 0.0
C0G650 2000050212 23.9 -9997 1.0 0.0
C0G650 2000050213 25.4 -9997 0.5 0.0
C0G650 2000050214 24.5 -9997 0.4 0.0
C0G650 2000050215 22.9 -9997 0.1 0.5
C0G650 2000050216 23.0 -9997 0.1 0.0
C0G650 2000050217 22.8 -9997 0.4 0.0
C0G650 2000050218 22.7 -9997 0.1 0.0
C0G650 2000050219 22.4 -9997 0.7 0.0
C0G650 2000050220 21.7 -9997 0.1 0.0
C0G650 2000050221 21.6 -9997 0.2 0.0
C0G650 2000050222 21.1 -9997 0.1 0.0
C0G650 2000050223 21.1 -9997 0.1 0.0
C0G650 2000050224 20.8 -9997 0.1 0.0
C0G650 2000050301 20.4 -9997 0.0 0.0
C0G650 2000050302 20.4 -9997 0.0 0.0
C0G650 2000050303 20.4 -9997 0.2 0.0
C0G650 2000050304 20.4 -9997 0.0 0.0
C0G650 2000050305 20.2 -9997 0.0 0.0
C0G650 2000050306 20.2 -9997 0.0 0.0
C0G650 2000050307 20.6 -9997 0.0 0.0
C0G650 2000050308 21.0 -9997 0.0 0.0
C0G650 2000050309 21.9 -9997 0.0 0.0
C0G650 2000050310 -9997 -9997 -9997 0.0
C0G650 2000050311 23.0 -9997 0.6 0.0
C0G650 2000050312 25.3 -9997 0.5 0.0
C0G650 2000050313 24.9 -9997 0.2 0.0
C0G650 2000050314 24.0 -9997 0.3 0.0
C0G650 2000050315 24.3 -9997 0.0 0.0
C0G650 2000050316 24.8 -9997 0.0 0.0
C0G650 2000050317 24.2 -9997 0.2 0.0
C0G650 2000050318 23.6 -9997 0.0 0.0
C0G650 2000050319 22.7 -9997 0.0 0.0
C0G650 2000050320 22.3 -9997 0.0 0.0
C0G650 2000050321 22.4 -9997 0.0 0.5
C0G650 2000050322 22.5 -9997 0.0 0.0
C0G650 2000050323 22.6 -9997 0.0 0.0
C0G650 2000050324 22.4 -9997 0.0 0.0
C0G650 2000050401 22.4 -9997 0.0 0.0
C0G650 2000050402 22.6 -9997 0.0 0.0
C0G650 2000050403 -9997 -9997 -9997 3.0
C0G650 2000050404 21.9 -9997 0.0 0.0
C0G650 2000050405 21.7 -9997 0.0 0.0
C0G650 2000050406 21.9 -9997 0.0 0.0
C0G650 2000050407 22.3 -9997 0.0 0.5
C0G650 2000050408 23.1 -9997 0.0 0.0
C0G650 2000050409 23.6 -9997 0.4 0.0
C0G650 2000050410 24.2 -9997 0.0 1.0
C0G650 2000050411 26.4 -9997 0.1 0.0
C0G650 2000050412 26.6 -9997 0.1 0.0
C0G650 2000050413 27.1 -9997 0.8 0.0
C0G650 2000050414 28.2 -9997 0.2 0.0
C0G650 2000050415 29.0 -9997 0.1 0.0
C0G650 2000050416 28.8 -9997 0.1 0.0
C0G650 2000050417 28.2 -9997 0.9 0.0
C0G650 2000050418 26.4 -9997 0.4 0.0
C0G650 2000050419 25.5 -9997 0.0 0.0
C0G650 2000050420 24.4 -9997 0.0 0.0
C0G650 2000050421 23.5 -9997 0.0 0.0
C0G650 2000050422 23.4 -9997 0.0 0.0
C0G650 2000050423 23.4 -9997 0.0 0.0
C0G650 2000050424 23.4 -9997 0.1 0.0
C0G650 2000050501 -9997 -9997 0.0 0.0
C0G650 2000050502 23.1 -9997 0.0 0.0
C0G650 2000050503 23.1 -9997 0.0 0.0
C0G650 2000050504 23.2 -9997 0.0 0.0
C0G650 2000050505 23.3 -9997 0.0 0.0
C0G650 2000050506 23.0 -9997 0.0 0.0
C0G650 2000050507 24.1 -9997 0.0 0.0
C0G650 2000050508 25.3 -9997 0.0 0.0
C0G650 2000050509 26.8 -9997 0.0 0.0
C0G650 2000050510 27.1 -9997 0.8 0.0
C0G650 2000050511 27.9 -9997 0.9 0.0
C0G650 2000050512 28.4 -9997 0.6 0.0
C0G650 2000050513 29.7 -9997 0.2 0.0
C0G650 2000050514 29.6 -9997 1.0 0.0
C0G650 2000050515 30.0 -9997 0.9 0.0
C0G650 2000050516 29.7 -9997 0.1 0.0
C0G650 2000050517 28.6 -9997 0.2 0.0
C0G650 2000050518 27.7 -9997 0.3 0.0
C0G650 2000050519 24.6 -9997 0.0 0.0
C0G650 2000050520 24.0 -9997 0.0 0.0
C0G650 2000050521 23.4 -9997 0.0 0.0
C0G650 2000050522 22.3 -9997 0.2 0.0
C0G650 2000050523 22.0 -9997 -9997 0.0
C0G650 2000050524 21.5 -9997 0.0 0.0
C0G650 2000050601 21.2 -9997 0.0 0.0
C0G650 2000050602 20.9 -9997 0.0 0.0
C0G650 2000050603 21.0 -9997 0.0 0.0
C0G650 2000050604 21.6 -9997 0.0 0.0
C0G650 2000050605 22.0 -9997 0.0 0.0
C0G650 2000050606 22.2 -9997 0.4 0.0
C0G650 2000050607 23.3 -9997 0.0 0.0
C0G650 2000050608 26.1 -9997 0.0 0.0
C0G650 2000050609 28.3 -9997 0.1 0.0
C0G650 2000050610 30.1 -9997 0.0 0.0
C0G650 2000050611 29.4 -9997 0.7 0.0
C0G650 2000050612 28.6 -9997 0.6 0.0
C0G650 2000050613 28.9 -9997 0.5 0.0
C0G650 2000050614 28.8 -9997 0.7 0.0
C0G650 2000050615 29.4 -9997 0.4 0.0
C0G650 2000050616 28.9 -9997 0.5 0.0
C0G650 2000050617 28.0 -9997 0.4 0.0
C0G650 2000050618 26.2 -9997 0.1 0.0
C0G650 2000050619 24.7 -9997 0.0 0.0
C0G650 2000050620 22.7 -9997 0.0 0.0
C0G650 2000050621 22.1 -9997 0.0 0.0
C0G650 2000050622 21.5 -9997 0.0 0.0
C0G650 2000050623 20.8 -9997 0.2 0.0
C0G650 2000050624 20.7 -9997 0.0 0.0
C0G650 2000050701 21.2 -9997 0.0 0.0
C0G650 2000050702 -9997 -9997 -9997 0.0
C0G650 2000050703 21.0 -9997 0.0 0.0
C0G650 2000050704 20.8 -9997 0.0 0.0
C0G650 2000050705 21.0 -9997 0.1 0.0
C0G650 2000050706 21.3 -9997 0.0 0.0
C0G650 2000050707 23.2 -9997 0.0 0.0
C0G650 2000050708 25.7 -9997 0.0 0.0
C0G650 2000050709 27.5 -9997 0.0 0.0
C0G650 2000050710 27.6 -9997 0.2 0.0
C0G650 2000050711 28.3 -9997 0.9 0.0
C0G650 2000050712 28.7 -9997 0.8 0.0
C0G650 2000050713 29.0 -9997 0.5 0.0
C0G650 2000050714 29.6 -9997 0.4 0.0
C0G650 2000050715 29.2 -9997 0.6 0.0
C0G650 2000050716 28.5 -9997 0.2 0.0
C0G650 2000050717 27.4 -9997 0.2 0.0
C0G650 2000050718 26.3 -9997 0.0 0.0
C0G650 2000050719 25.0 -9997 0.0 0.0
C0G650 2000050720 23.6 -9997 0.0 0.0
C0G650 2000050721 22.7 -9997 0.0 0.0
C0G650 2000050722 22.4 -9997 0.0 0.0
C0G650 2000050723 22.0 -9997 0.0 0.0
C0G650 2000050724 -9997 -9997 -9997 0.0
C0G650 2000050801 21.6 -9997 0.0 0.0
C0G650 2000050802 21.5 -9997 0.0 0.0
C0G650 2000050803 21.2 -9997 0.0 0.0
C0G650 2000050804 21.2 -9997 0.0 0.0
C0G650 2000050805 21.0 -9997 0.0 0.0
C0G650 2000050806 21.2 -9997 0.0 0.0
C0G650 2000050807 23.5 -9997 0.0 0.0
C0G650 2000050808 25.4 -9997 0.0 0.0
C0G650 2000050809 26.6 -9997 0.1 0.0
C0G650 2000050810 27.7 -9997 0.7 0.0
C0G650 2000050811 28.5 -9997 0.4 0.0
C0G650 2000050812 -9997 -9997 0.3 0.0
C0G650 2000050813 30.1 -9997 0.5 0.0
C0G650 2000050814 30.1 -9997 0.3 0.0
C0G650 2000050815 30.2 -9997 0.2 0.0
C0G650 2000050816 29.3 -9997 1.0 0.0
C0G650 2000050817 28.0 -9997 0.4 0.0
C0G650 2000050818 27.1 -9997 0.0 0.0
C0G650 2000050819 25.8 -9997 0.2 0.0
C0G650 2000050820 24.5 -9997 0.0 0.0
C0G650 2000050821 23.8 -9997 -9997 0.0
C0G650 2000050822 23.8 -9997 0.3 0.0
C0G650 2000050823 23.8 -9997 0.9 0.0
C0G650 2000050824 23.4 -9997 0.0 0.0
C0G650 2000050901 22.7 -9997 0.0 0.0
C0G650 2000050902 22.8 -9997 0.0 0.0
C0G650 2000050903 22.2 -9997 0.0 0.0
C0G650 2000050904 22.5 -9997 0.0 0.0
C0G650 2000050905 21.9 -9997 0.0 0.0
C0G650 2000050906 21.8 -9997 0.0 0.0
C0G650 2000050907 23.4 -9997 1.0 0.0
C0G650 2000050908 25.3 -9997 2.0 0.0
C0G650 2000050909 27.0 -9997 1.9 0.0
C0G650 2000050910 28.2 -9997 0.9 0.0
C0G650 2000050911 28.7 -9997 1.7 0.0
C0G650 2000050912 29.7 -9997 2.1 0.0
C0G650 2000050913 29.9 -9997 0.7 0.0
C0G650 2000050914 29.3 -9997 1.5 0.0
C0G650 2000050915 29.0 -9997 1.0 0.0
C0G650 2000050916 28.7 -9997 1.2 0.0
C0G650 2000050917 27.9 -9997 1.0 0.0
C0G650 2000050918 26.0 -9997 1.5 0.0
C0G650 2000050919 24.5 -9997 1.1 0.0
C0G650 2000050920 23.7 -9997 0.0 0.0
C0G650 2000050921 23.0 -9997 1.0 0.0
C0G650 2000050922 22.2 -9997 0.0 0.0
C0G650 2000050923 21.8 -9997 0.4 0.0
C0G650 2000050924 21.4 -9997 0.0 0.0
C0G650 2000051001 21.0 -9997 0.0 0.0
C0G650 2000051002 21.1 -9997 0.0 0.0
C0G650 2000051003 21.0 -9997 0.0 0.0
C0G650 2000051004 20.6 -9997 0.0 0.0
C0G650 2000051005 20.2 -9997 -9997 0.0
C0G650 2000051006 20.5 -9997 0.0 0.0
C0G650 2000051007 23.2 -9997 0.0 0.0
C0G650 2000051008 25.3 -9997 0.1 0.0
C0G650 2000051009 27.1 -9997 0.1 0.0
C0G650 2000051010 28.2 -9997 0.6 0.0
C0G650 2000051011 29.2 -9997 0.4 0.0
C0G650 2000051012 29.5 -9997 0.2 0.0
C0G650 2000051013 26.8 -9997 0.9 0.0
C0G650 2000051014 26.3 -9997 1.3 0.0
C0G650 2000051015 25.8 -9997 1.5 0.0
C0G650 2000051016 24.7 -9997 1.7 0.0
C0G650 2000051017 24.1 -9997 0.4 0.0
C0G650 2000051018 24.1 -9997 0.1 0.0
C0G650 2000051019 23.9 -9997 0.2 0.0
C0G650 2000051020 23.8 -9997 0.5 0.0
C0G650 2000051021 23.5 -9997 0.3 0.0
C0G650 2000051022 23.3 -9997 0.0 0.0
C0G650 2000051023 23.0 -9997 0.0 0.0
C0G650 2000051024 22.4 -9997 0.2 -9996
C0G650 2000051101 22.3 -9997 0.0 0.0
C0G650 2000051102 21.7 -9997 0.0 0.0
C0G650 2000051103 -9997 -9997 -9997 0.0
C0G650 2000051104 21.6 -9997 0.0 0.0
C0G650 2000051105 22.0 -9997 0.0 0.0
C0G650 2000051106 22.5 -9997 0.0 0.0
C0G650 2000051107 23.8 -9997 0.0 0.0
C0G650 2000051108 25.2 -9997 0.6 0.0
C0G650 2000051109 26.7 -9997 0.6 0.0
C0G650 2000051110 28.6 -9997 0.3 0.0
C0G650 2000051111 29.7 -9997 -9997 0.0
C0G650 2000051112 29.5 -9997 1.7 0.0
C0G650 2000051113 29.3 -9997 1.2 0.0
C0G650 2000051114 29.2 -9997 0.2 0.0
C0G650 2000051115 29.7 -9997 0.5 0.0
C0G650 2000051116 29.7 -9997 0.8 0.0
C0G650 2000051117 28.9 -9997 0.5 0.0
C0G650 2000051118 27.3 -9997 0.5 0.0
C0G650 2000051119 26.1 -9997 0.0 0.0
C0G650 2000051120 25.5 -9997 0.0 0.0
C0G650 2000051121 25.2 -9997 0.0 0.0
C0G650 2000051122 24.4 -9997 0.0 0.0
C0G650 2000051123 23.7 -9997 0.0 0.0
C0G650 2000051124 23.7 -9997 0.3 0.0
C0G650 2000051201 23.6 -9997 0.0 0.0
C0G650 2000051202 23.2 -9997 0.1 0.0
C0G650 2000051203 23.0 -9997 0.0 0.0
C0G650 2000051204 22.5 -9997 0.0 0.0
C0G650 2000051205 22.2 -9997 0.0 0.0
C0G650 2000051206 22.7 -9997 0.0 0.0
C0G650 2000051207 24.1 -9997 0.3 0.0
C0G650 2000051208 25.9 -9997 1.7 0.0
C0G650 2000051209 26.6 -9997 1.4 0.0
C0G650 2000051210 27.1 -9997 1.2 0.0
C0G650 2000051211 27.6 -9997 1.5 0.0
C0G650 2000051212 28.7 -9997 1.9 0.0
C0G650 2000051213 27.7 -9997 0.7 0.0
C0G650 2000051214 26.8 -9997 1.8 0.0
C0G650 2000051215 27.3 -9997 0.7 0.0
C0G650 2000051216 26.6 -9997 0.6 0.0
C0G650 2000051217 26.0 -9997 0.0 0.0
C0G650 2000051218 25.4 -9997 0.1 0.0
C0G650 2000051219 24.6 -9997 0.0 0.0
C0G650 2000051220 23.6 -9997 0.0 0.0
C0G650 2000051221 23.2 -9997 0.0 0.0
C0G650 2000051222 22.6 -9997 0.0 0.0
C0G650 2000051223 22.1 -9997 0.0 0.0
C0G650 2000051224 22.7 -9997 0.0 0.0
C0G650 2000051301 21.8 -9997 0.0 0.0
C0G650 2000051302 21.7 -9997 0.0 0.0
C0G650 2000051303 20.3 -9997 0.0 0.0
C0G650 2000051304 -9997 -9997 -9997 0.0
C0G650 2000051305 19.8 -9997 0.0 0.0
C0G650 2000051306 20.6 -9997 0.0 0.0
C0G650 2000051307 23.3 -9997 0.0 0.0
C0G650 2000051308 26.7 -9997 0.2 0.0
C0G650 2000051309 28.2 -9997 0.7 0.0
C0G650 2000051310 28.7 -9997 1.5 0.0
C0G650 2000051311 30.1 -9997 0.8 0.0
C0G650 2000051312 30.9 -9997 0.3 0.0
C0G650 2000051313 29.9 -9997 1.0 0.0
C0G650 2000051314 30.2 -9997 0.9 0.0
C0G650 2000051315 30.3 -9997 0.4 0.0
C0G650 2000051316 29.3 -9997 0.7 0.0
C0G650 2000051317 28.6 -9997 0.8 0.0
C0G650 2000051318 26.9 -9997 0.4 0.0
C0G650 2000051319 25.5 -9997 0.1 0.0
C0G650 2000051320 24.0 -9997 0.0 0.0
C0G650 2000051321 23.1 -9997 0.0 0.0
C0G650 2000051322 22.5 -9997 0.0 0.0
C0G650 2000051323 22.2 -9997 0.0 0.0
C0G650 2000051324 22.0 -9997 0.0 -9996
C0G650 2000051401 21.6 -9997 0.0 0.0
C0G650 2000051402 21.8 -9997 0.0 0.0
C0G650 2000051403 21.6 -9997 0.0 0.0
C0G650 2000051404 21.6 -9997 0.0 0.0
C0G650 2000051405 21.4 -9997 0.0 0.0
C0G650 2000051406 22.5 -9997 0.1 0.0
C0G650 2000051407 24.2 -9997 0.0 0.0
C0G650 2000051408 26.8 -9997 0.0 0.0
C0G650 2000051409 28.8 -9997 0.7 0.0
C0G650 2000051410 29.0 -9997 0.4 0.0
C0G650 2000051411 29.8 -9997 0.9 0.0
C0G650 2000051412 30.5 -9997 0.4 0.0
C0G650 2000051413 29.4 -9997 0.5 0.0
C0G650 2000051414 29.5 -9997 1.0 0.0
C0G650 2000051415 29.0 -9997 0.9 0.0
C0G650 2000051416 28.4 -9997 0.6 0.0
C0G650 2000051417 28.1 -9997 0.8 0.0
C0G650 2000051418 26.8 -9997 0.1 0.0
C0G650 2000051419 25.9 -9997 0.2 0.0
C0G650 2000051420 25.4 -9997 0.0 0.0
C0G650 2000051421 24.9 -9997 0.0 0.0
C0G650 2000051422 24.1 -9997 0.1 0.0
C0G650 2000051423 23.7 -9997 0.0 0.0
C0G650 2000051424 23.9 -9997 0.3 0.0
C0G650 2000051501 23.5 -9997 0.0 0.0
C0G650 2000051502 22.8 -9997 0.0 0.0
C0G650 2000051503 22.5 -9997 0.0 0.0
C0G650 2000051504 22.4 -9997 0.0 0.0
C0G650 2000051505 22.3 -9997 -9997 0.0
C0G650 2000051506 22.4 -9997 0.0 0.0
C0G650 2000051507 24.8 -9997 0.0 0.0
C0G650 2000051508 26.7 -9997 0.0 0.0
C0G650 2000051509 29.1 -9997 0.0 0.0
C0G650 2000051510 30.2 -9997 0.5 0.0
C0G650 2000051511 30.6 -9997 0.4 0.0
C0G650 2000051512 31.0 -9997 0.4 0.0
C0G650 2000051513 30.1 -9997 0.6 0.0
C0G650 2000051514 31.0 -9997 0.4 0.0
C0G650 2000051515 30.5 -9997 0.4 0.0
C0G650 2000051516 29.8 -9997 0.1 0.0
C0G650 2000051517 29.2 -9997 0.1 0.0
C0G650 2000051518 27.4 -9997 0.0 0.0
C0G650 2000051519 25.9 -9997 0.0 0.0
C0G650 2000051520 24.9 -9997 0.0 0.0
C0G650 2000051521 24.1 -9997 0.0 0.0
C0G650 2000051522 23.8 -9997 0.0 0.0
C0G650 2000051523 23.5 -9997 0.0 0.0
C0G650 2000051524 23.1 -9997 0.0 0.0
C0G650 2000051601 22.7 -9997 0.0 0.0
C0G650 2000051602 22.6 -9997 0.0 0.0
C0G650 2000051603 23.0 -9997 0.0 0.0
C0G650 2000051604 23.0 -9997 0.0 0.0
C0G650 2000051605 22.5 -9997 -9997 0.0
C0G650 2000051606 22.6 -9997 0.0 0.0
C0G650 2000051607 24.2 -9997 0.0 0.0
C0G650 2000051608 25.9 -9997 0.0 0.0
C0G650 2000051609 27.6 -9997 0.1 0.0
C0G650 2000051610 29.7 -9997 0.4 0.0
C0G650 2000051611 30.0 -9997 0.4 0.0
C0G650 2000051612 30.1 -9997 0.9 0.0
C0G650 2000051613 30.1 -9997 0.5 0.0
C0G650 2000051614 30.2 -9997 0.8 0.0
C0G650 2000051615 30.3 -9997 0.9 0.0
C0G650 2000051616 30.4 -9997 0.8 0.0
C0G650 2000051617 28.3 -9997 0.7 0.0
C0G650 2000051618 27.3 -9997 0.9 0.0
C0G650 2000051619 25.8 -9997 0.2 0.0
C0G650 2000051620 25.5 -9997 0.0 0.0
C0G650 2000051621 23.9 -9997 0.0 0.0
C0G650 2000051622 23.4 -9997 0.0 0.0
C0G650 2000051623 23.2 -9997 0.0 0.0
C0G650 2000051624 22.7 -9997 0.0 -9996
C0G650 2000051701 22.6 -9997 0.0 0.0
C0G650 2000051702 22.4 -9997 0.0 0.0
C0G650 2000051703 22.9 -9997 0.0 0.0
C0G650 2000051704 23.0 -9997 0.0 0.0
C0G650 2000051705 23.5 -9997 0.0 0.0
C0G650 2000051706 24.1 -9997 0.0 0.0
C0G650 2000051707 25.1 -9997 -9997 0.0
C0G650 2000051708 26.6 -9997 0.0 0.0
C0G650 2000051709 28.0 -9997 0.7 0.0
C0G650 2000051710 29.4 -9997 0.5 0.0
C0G650 2000051711 31.1 -9997 0.6 0.0
C0G650 2000051712 31.0 -9997 1.0 0.0
C0G650 2000051713 28.8 -9997 1.4 0.0
C0G650 2000051714 30.5 -9997 1.6 0.0
C0G650 2000051715 30.9 -9997 2.1 0.0
C0G650 2000051716 30.3 -9997 0.8 0.0
C0G650 2000051717 -9997 -9997 0.7 0.0
C0G650 2000051718 27.2 -9997 1.0 0.0
C0G650 2000051719 26.0 -9997 0.4 0.0
C0G650 2000051720 25.0 -9997 0.1 0.0
C0G650 2000051721 24.6 -9997 0.0 0.0
C0G650 2000051722 23.9 -9997 0.0 0.0
C0G650 2000051723 23.3 -9997 0.0 0.0
C0G650 2000051724 22.6 -9997 0.0 0.0
C0G650 2000051801 23.5 -9997 0.0 0.0
C0G650 2000051802 22.9 -9997 0.0 0.0
C0G650 2000051803 22.6 -9997 -9997 0.0
C0G650 2000051804 22.2 -9997 0.0 0.0
C0G650 2000051805 22.1 -9997 0.0 0.0
C0G650 2000051806 22.4 -9997 0.0 0.0
C0G650 2000051807 24.5 -9997 0.0 0.0
C0G650 2000051808 26.3 -9997 0.6 0.0
C0G650 2000051809 27.6 -9997 0.6 0.0
C0G650 2000051810 29.9 -9997 0.3 0.0
C0G650 2000051811 30.6 -9997 0.2 0.0
C0G650 2000051812 30.5 -9997 0.2 0.0
C0G650 2000051813 31.8 -9997 0.5 0.0
C0G650 2000051814 31.8 -9997 0.4 0.0
C0G650 2000051815 30.4 -9997 0.8 0.0
C0G650 2000051816 30.3 -9997 0.7 0.0
C0G650 2000051817 -9997 -9997 0.0 0.0
C0G650 2000051818 27.8 -9997 0.2 0.0
C0G650 2000051819 26.4 -9997 0.0 0.0
C0G650 2000051820 25.5 -9997 -9997 0.0
C0G650 2000051821 24.4 -9997 0.0 0.0
C0G650 2000051822 23.9 -9997 0.0 0.0
C0G650 2000051823 23.4 -9997 0.0 0.0
C0G650 2000051824 23.0 -9997 0.0 0.0
C0G650 2000051901 23.1 -9997 0.0 0.0
C0G650 2000051902 23.5 -9997 0.0 0.0
C0G650 2000051903 23.8 -9997 0.0 0.0
C0G650 2000051904 23.9 -9997 0.1 0.0
C0G650 2000051905 23.4 -9997 0.0 0.0
C0G650 2000051906 23.5 -9997 0.1 0.0
C0G650 2000051907 24.3 -9997 0.0 0.0
C0G650 2000051908 25.9 -9997 0.9 0.0
C0G650 2000051909 26.2 -9997 0.6 0.0
C0G650 2000051910 27.7 -9997 0.4 0.0
C0G650 2000051911 25.8 -9997 1.0 0.0
C0G650 2000051912 26.0 -9997 0.7 0.0
C0G650 2000051913 25.9 -9997 2.3 0.0
C0G650 2000051914 25.8 -9997 0.9 0.0
C0G650 2000051915 26.0 -9997 0.8 0.0
C0G650 2000051916 25.9 -9997 0.1 0.0
C0G650 2000051917 25.1 -9997 0.4 0.0
C0G650 2000051918 24.5 -9997 0.3 0.0
C0G650 2000051919 23.2 -9997 1.2 0.0
C0G650 2000051920 23.0 -9997 0.0 0.0
C0G650 2000051921 22.9 -9997 0.0 0.0
C0G650 2000051922 21.8 -9997 0.0 0.0
C0G650 2000051923 21.9 -9997 0.1 0.0
C0G650 2000051924 22.1 -9997 0.0 0.0
C0G650 2000052001 22.6 -9997 0.1 0.0
C0G650 2000052002 22.5 -9997 0.5 0.0
C0G650 2000052003 22.2 -9997 0.4 0.0
C0G650 2000052004 22.5 -9997 0.0 0.0
C0G650 2000052005 22.3 -9997 0.0 0.0
C0G650 2000052006 22.2 -9997 0.0 0.0
C0G650 2000052007 22.2 -9997 0.4 0.0
C0G650 2000052008 22.8 -9997 0.1 0.0
C0G650 2000052009 23.6 -9997 0.0 0.0
C0G650 2000052010 23.8 -9997 0.0 0.0
C0G650 2000052011 24.2 -9997 0.0 0.0
C0G650 2000052012 25.2 -9997 0.1 0.0
C0G650 2000052013 25.7 -9997 0.0 0.0
C0G650 2000052014 25.1 -9997 0.0 0.0
C0G650 2000052015 25.7 -9997 0.0 0.0
C0G650 2000052016 25.7 -9997 0.0 0.0
C0G650 2000052017 25.4 -9997 0.0 0.0
C0G650 2000052018 24.8 -9997 0.0 0.0
C0G650 2000052019 24.3 -9997 0.0 0.0
C0G650 2000052020 23.5 -9997 0.0 0.0
C0G650 2000052021 23.4 -9997 0.0 0.0
C0G650 2000052022 23.0 -9997 0.0 0.0
C0G650 2000052023 22.7 -9997 0.1 0.0
C0G650 2000052024 22.5 -9997 0.0 0.0
C0G650 2000052101 22.3 -9997 0.0 0.0
C0G650 2000052102 22.3 -9997 0.0 0.0
C0G650 2000052103 22.2 -9997 0.1 0.0
C0G650 2000052104 21.9 -9997 0.1 0.0
C0G650 2000052105 21.7 -9997 0.0 0.0
C0G650 2000052106 22.2 -9997 0.0 0.0
C0G650 2000052107 23.8 -9997 0.0 0.0
C0G650 2000052108 25.0 -9997 0.1 0.0
C0G650 2000052109 26.2 -9997 0.0 0.0
C0G650 2000052110 26.9 -9997 0.1 0.0
C0G650 2000052111 27.2 -9997 0.0 0.0
C0G650 2000052112 27.8 -9997 0.0 0.0
C0G650 2000052113 28.8 -9997 0.1 0.0
C0G650 2000052114 27.9 -9997 0.9 0.0
C0G650 2000052115 27.3 -9997 0.6 0.0
C0G650 2000052116 25.1 -9997 0.2 0.5
C0G650 2000052117 25.0 -9997 0.0 0.0
C0G650 2000052118 24.7 -9997 0.0 0.0
C0G650 2000052119 23.8 -9997 0.0 0.0
C0G650 2000052120 23.8 -9997 0.0 0.0
C0G650 2000052121 23.8 -9997 0.0 0.0
C0G650 2000052122 23.8 -9997 0.0 0.0
C0G650 2000052123 23.5 -9997 0.0 0.0
C0G650 2000052124 23.3 -9997 0.0 0.0
C0G650 2000052201 24.3 -9997 0.4 0.0
C0G650 2000052202 23.5 -9997 0.0 0.0
C0G650 2000052203 23.6 -9997 0.0 0.0
C0G650 2000052204 23.1 -9997 0.1 0.0
C0G650 2000052205 22.9 -9997 0.0 0.0
C0G650 2000052206 23.0 -9997 0.0 0.0
C0G650 2000052207 24.4 -9997 0.2 0.0
C0G650 2000052208 25.0 -9997 0.1 0.0
C0G650 2000052209 26.6 -9997 0.1 0.0
C0G650 2000052210 27.8 -9997 0.0 0.0
C0G650 2000052211 29.2 -9997 0.1 0.0
C0G650 2000052212 28.9 -9997 0.4 0.0
C0G650 2000052213 30.2 -9997 1.0 0.0
C0G650 2000052214 29.8 -9997 0.7 0.0
C0G650 2000052215 30.5 -9997 0.9 0.0
C0G650 2000052216 30.5 -9997 1.3 0.0
C0G650 2000052217 29.3 -9997 0.9 0.0
C0G650 2000052218 27.8 -9997 0.6 0.0
C0G650 2000052219 26.8 -9997 0.0 0.0
C0G650 2000052220 25.5 -9997 0.0 0.0
C0G650 2000052221 25.0 -9997 0.0 0.0
C0G650 2000052222 24.8 -9997 0.0 0.0
C0G650 2000052223 24.6 -9997 0.0 0.0
C0G650 2000052224 24.4 -9997 0.0 0.0
C0G650 2000052301 23.5 -9997 0.0 0.0
C0G650 2000052302 23.8 -9997 0.0 0.0
C0G650 2000052303 23.7 -9997 0.0 0.0
C0G650 2000052304 23.4 -9997 0.0 0.0
C0G650 2000052305 23.3 -9997 0.0 0.0
C0G650 2000052306 24.2 -9997 0.0 0.0
C0G650 2000052307 26.1 -9997 0.0 0.0
C0G650 2000052308 27.7 -9997 0.1 0.0
C0G650 2000052309 29.0 -9997 0.6 0.0
C0G650 2000052310 30.0 -9997 0.5 0.0
C0G650 2000052311 30.0 -9997 0.3 0.0
C0G650 2000052312 30.3 -9997 0.3 0.0
C0G650 2000052313 31.9 -9997 0.6 0.0
C0G650 2000052314 31.6 -9997 0.7 0.0
C0G650 2000052315 29.9 -9997 0.5 0.0
C0G650 2000052316 29.0 -9997 0.9 0.0
C0G650 2000052317 28.4 -9997 1.2 0.0
C0G650 2000052318 28.1 -9997 0.3 0.0
C0G650 2000052319 26.6 -9997 0.0 0.0
C0G650 2000052320 24.9 -9997 0.0 0.0
C0G650 2000052321 24.3 -9997 0.0 0.0
C0G650 2000052322 24.0 -9997 0.0 0.0
C0G650 2000052323 24.1 -9997 0.0 0.0
C0G650 2000052324 24.0 -9997 -9997 -9996
C0G650 2000052401 23.7 -9997 0.0 0.0
C0G650 2000052402 23.5 -9997 0.0 0.0
C0G650 2000052403 23.7 -9997 0.0 0.0
C0G650 2000052404 23.6 -9997 0.0 0.0
C0G650 2000052405 22.8 -9997 0.0 0.0
C0G650 2000052406 23.0 -9997 0.0 0.0
C0G650 2000052407 25.4 -9997 0.0 0.0
C0G650 2000052408 27.2 -9997 0.0 0.0
C0G650 2000052409 29.8 -9997 0.3 0.0
C0G650 2000052410 -9997 -9997 -9997 0.0
C0G650 2000052411 29.8 -9997 0.2 0.0
C0G650 2000052412 -9997 -9997 0.8 0.0
C0G650 2000052413 30.6 -9997 0.7 0.0
C0G650 2000052414 30.6 -9997 0.8 0.0
C0G650 2000052415 29.6 -9997 0.5 0.0
C0G650 2000052416 28.2 -9997 0.5 0.0
C0G650 2000052417 28.9 -9997 0.2 0.0
C0G650 2000052418 27.6 -9997 0.1 0.0
C0G650 2000052419 26.5 -9997 0.0 0.0
C0G650 2000052420 25.7 -9997 0.0 0.0
C0G650 2000052421 24.8 -9997 0.0 0.0
C0G650 2000052422 24.2 -9997 0.0 0.0
C0G650 2000052423 23.7 -9997 0.0 0.0
C0G650 2000052424 23.1 -9997 0.0 0.0
C0G650 2000052501 23.0 -9997 0.0 0.0
C0G650 2000052502 23.5 -9997 0.0 0.0
C0G650 2000052503 23.4 -9997 0.0 0.0
C0G650 2000052504 23.2 -9997 0.0 0.0
C0G650 2000052505 23.1 -9997 0.0 0.0
C0G650 2000052506 -9997 -9997 -9997 0.0
C0G650 2000052507 25.9 -9997 0.0 0.0
C0G650 2000052508 28.3 -9997 0.1 0.0
C0G650 2000052509 28.9 -9997 0.6 0.0
C0G650 2000052510 30.8 -9997 0.1 0.0
C0G650 2000052511 31.1 -9997 1.0 0.0
C0G650 2000052512 32.7 -9997 1.9 0.0
C0G650 2000052513 32.3 -9997 0.3 0.0
C0G650 2000052514 31.9 -9997 0.4 0.0
C0G650 2000052515 31.6 -9997 0.6 0.0
C0G650 2000052516 29.2 -9997 0.4 0.0
C0G650 2000052517 29.0 -9997 0.1 0.0
C0G650 2000052518 28.5 -9997 0.0 0.0
C0G650 2000052519 27.4 -9997 0.1 0.0
C0G650 2000052520 26.8 -9997 0.0 0.0
C0G650 2000052521 27.1 -9997 0.0 0.0
C0G650 2000052522 26.0 -9997 0.0 0.0
C0G650 2000052523 25.7 -9997 0.0 0.0
C0G650 2000052524 25.6 -9997 2.6 0.0
C0G650 2000052601 25.5 -9997 0.0 0.0
C0G650 2000052602 24.9 -9997 0.0 0.0
C0G650 2000052603 24.9 -9997 0.0 0.0
C0G650 2000052604 25.0 -9997 0.0 0.0
C0G650 2000052605 24.6 -9997 0.0 0.0
C0G650 2000052606 27.1 -9997 0.0 0.0
C0G650 2000052607 27.2 -9997 1.0 0.0
C0G650 2000052608 -9997 -9997 -9997 0.0
C0G650 2000052609 29.1 -9997 2.8 0.0
C0G650 2000052610 31.3 -9997 2.9 0.0
C0G650 2000052611 31.1 -9997 2.0 0.0
C0G650 2000052612 31.9 -9997 2.3 0.0
C0G650 2000052613 32.0 -9997 3.3 0.0
C0G650 2000052614 28.3 -9997 3.9 0.0
C0G650 2000052615 28.1 -9997 3.8 0.0
C0G650 2000052616 28.2 -9997 3.7 0.0
C0G650 2000052617 28.9 -9997 2.8 0.0
C0G650 2000052618 28.2 -9997 3.1 0.0
C0G650 2000052619 27.2 -9997 0.2 0.0
C0G650 2000052620 26.9 -9997 0.1 0.0
C0G650 2000052621 26.3 -9997 0.6 0.0
C0G650 2000052622 26.2 -9997 0.4 0.0
C0G650 2000052623 -9997 -9997 -9997 0.0
C0G650 2000052624 26.2 -9997 0.0 0.0
C0G650 2000052701 25.5 -9997 0.0 0.0
C0G650 2000052702 24.9 -9997 0.0 0.0
C0G650 2000052703 25.4 -9997 0.0 0.0
C0G650 2000052704 25.2 -9997 0.9 0.0
C0G650 2000052705 25.3 -9997 1.5 0.0
C0G650 2000052706 25.9 -9997 0.7 0.0
C0G650 2000052707 26.6 -9997 0.9 0.0
C0G650 2000052708 28.3 -9997 2.2 0.0
C0G650 2000052709 29.2 -9997 2.2 0.0
C0G650 2000052710 30.1 -9997 1.9 0.0
C0G650 2000052711 30.4 -9997 2.3 0.0
C0G650 2000052712 30.2 -9997 2.7 0.0
C0G650 2000052713 -9997 -9997 -9997 0.0
C0G650 2000052714 31.5 -9997 2.8 0.0
C0G650 2000052715 31.2 -9997 1.6 0.0
C0G650 2000052716 31.1 -9997 1.5 0.0
C0G650 2000052717 30.4 -9997 1.5 0.0
C0G650 2000052718 29.3 -9997 1.3 0.0
C0G650 2000052719 28.2 -9997 0.4 0.0
C0G650 2000052720 27.2 -9997 0.0 0.0
C0G650 2000052721 27.2 -9997 0.2 0.0
C0G650 2000052722 26.6 -9997 0.0 0.0
C0G650 2000052723 26.3 -9997 0.0 0.0
C0G650 2000052724 25.8 -9997 0.0 0.0
C0G650 2000052801 25.4 -9997 0.0 0.0
C0G650 2000052802 25.9 -9997 0.0 0.0
C0G650 2000052803 26.1 -9997 0.0 0.0
C0G650 2000052804 -9997 -9997 -9997 0.0
C0G650 2000052805 25.9 -9997 0.0 0.0
C0G650 2000052806 26.3 -9997 0.0 0.0
C0G650 2000052807 26.8 -9997 0.7 0.0
C0G650 2000052808 -9997 -9997 -9997 0.0
C0G650 2000052809 30.2 -9997 0.8 0.0
C0G650 2000052810 31.5 -9997 0.9 0.0
C0G650 2000052811 31.7 -9997 0.2 0.0
C0G650 2000052812 31.5 -9997 1.7 0.0
C0G650 2000052813 31.4 -9997 1.0 0.0
C0G650 2000052814 32.6 -9997 0.8 0.0
C0G650 2000052815 27.7 -9997 2.2 0.0
C0G650 2000052816 29.3 -9997 2.3 0.0
C0G650 2000052817 29.4 -9997 0.4 0.0
C0G650 2000052818 28.7 -9997 0.0 0.0
C0G650 2000052819 27.4 -9997 0.3 0.0
C0G650 2000052820 26.8 -9997 0.1 0.0
C0G650 2000052821 26.4 -9997 0.0 0.0
C0G650 2000052822 26.3 -9997 0.0 0.0
C0G650 2000052823 26.2 -9997 0.0 0.0
C0G650 2000052824 25.5 -9997 0.1 0.0
C0G650 2000052901 24.7 -9997 0.0 0.0
C0G650 2000052902 24.5 -9997 0.0 0.0
C0G650 2000052903 24.1 -9997 0.0 0.0
C0G650 2000052904 23.8 -9997 0.0 0.0
C0G650 2000052905 24.1 -9997 0.0 0.0
C0G650 2000052906 -9997 -9997 -9997 0.0
C0G650 2000052907 26.9 -9997 0.0 0.0
C0G650 2000052908 29.2 -9997 0.1 0.0
C0G650 2000052909 31.2 -9997 0.3 0.0
C0G650 2000052910 31.5 -9997 0.9 0.0
C0G650 2000052911 32.2 -9997 0.5 0.0
C0G650 2000052912 32.0 -9997 0.2 0.0
C0G650 2000052913 32.2 -9997 1.1 0.0
C0G650 2000052914 32.0 -9997 1.2 0.0
C0G650 2000052915 30.8 -9997 1.5 0.0
C0G650 2000052916 30.2 -9997 0.9 0.0
C0G650 2000052917 29.3 -9997 1.1 0.0
C0G650 2000052918 27.8 -9997 1.1 0.0
C0G650 2000052919 27.0 -9997 0.0 0.0
C0G650 2000052920 26.4 -9997 0.0 0.0
C0G650 2000052921 26.2 -9997 0.0 0.0
C0G650 2000052922 25.3 -9997 0.0 0.0
C0G650 2000052923 24.9 -9997 0.0 0.0
C0G650 2000052924 24.8 -9997 0.0 0.0
C0G650 2000053001 24.7 -9997 0.0 0.0
C0G650 2000053002 24.1 -9997 0.0 0.0
C0G650 2000053003 23.9 -9997 0.0 0.0
C0G650 2000053004 24.0 -9997 0.0 0.0
C0G650 2000053005 23.6 -9997 0.0 0.0
C0G650 2000053006 24.5 -9997 0.0 0.0
C0G650 2000053007 26.6 -9997 0.0 0.0
C0G650 2000053008 29.5 -9997 0.0 0.0
C0G650 2000053009 30.9 -9997 0.2 0.0
C0G650 2000053010 31.2 -9997 0.3 0.0
C0G650 2000053011 31.7 -9997 0.4 0.0
C0G650 2000053012 32.2 -9997 0.9 0.0
C0G650 2000053013 32.0 -9997 0.9 0.0
C0G650 2000053014 30.9 -9997 0.8 0.0
C0G650 2000053015 30.4 -9997 0.7 0.0
C0G650 2000053016 30.3 -9997 0.3 0.0
C0G650 2000053017 29.8 -9997 0.1 0.0
C0G650 2000053018 29.0 -9997 0.2 0.0
C0G650 2000053019 28.3 -9997 0.0 0.0
C0G650 2000053020 27.4 -9997 0.0 0.0
C0G650 2000053021 26.7 -9997 0.0 0.0
C0G650 2000053022 26.4 -9997 0.0 0.0
C0G650 2000053023 25.9 -9997 0.0 0.0
C0G650 2000053024 25.5 -9997 0.0 0.0
C0G650 2000053101 25.4 -9997 0.0 0.0
C0G650 2000053102 25.6 -9997 0.0 0.0
C0G650 2000053103 25.3 -9997 0.0 0.0
C0G650 2000053104 -9997 -9997 -9997 0.0
C0G650 2000053105 24.6 -9997 0.8 0.0
C0G650 2000053106 26.9 -9997 0.0 0.0
C0G650 2000053107 27.8 -9997 0.7 0.0
C0G650 2000053108 29.6 -9997 1.9 0.0
C0G650 2000053109 30.5 -9997 2.5 0.0
C0G650 2000053110 32.0 -9997 3.2 0.0
C0G650 2000053111 32.5 -9997 2.1 0.0
C0G650 2000053112 33.3 -9997 2.9 0.0
C0G650 2000053113 34.3 -9997 2.4 0.0
C0G650 2000053114 34.5 -9997 2.9 0.0
C0G650 2000053115 33.9 -9997 2.5 0.0
C0G650 2000053116 33.4 -9997 2.0 0.0
C0G650 2000053117 32.7 -9997 1.3 0.0
C0G650 2000053118 30.8 -9997 0.9 0.0
C0G650 2000053119 29.5 -9997 0.2 0.0
C0G650 2000053120 28.2 -9997 0.0 0.0
C0G650 2000053121 27.2 -9997 0.0 0.0
C0G650 2000053122 26.9 -9997 0.0 0.0
C0G650 2000053123 26.4 -9997 0.0 0.0
C0G650 2000053124 25.9 -9997 0.0 -9996
C0G660 2000050101 -9999 -9999 -9999 0.0
C0G660 2000050102 -9999 -9999 -9999 0.0
C0G660 2000050103 -9999 -9999 -9999 0.0
C0G660 2000050104 -9999 -9999 -9999 0.0
C0G660 2000050105 -9999 -9999 -9999 0.0
C0G660 2000050106 -9999 -9999 -9999 0.0
C0G660 2000050107 -9999 -9999 -9999 0.0
C0G660 2000050108 -9999 -9999 -9999 0.0
C0G660 2000050109 -9999 -9999 -9999 0.0
C0G660 2000050110 -9999 -9999 -9999 0.0
C0G660 2000050111 -9999 -9999 -9999 0.0
C0G660 2000050112 -9999 -9999 -9999 0.0
C0G660 2000050113 -9999 -9999 -9999 0.0
C0G660 2000050114 -9999 -9999 -9999 0.0
C0G660 2000050115 -9999 -9999 -9999 0.0
C0G660 2000050116 -9999 -9999 -9999 0.0
C0G660 2000050117 -9999 -9999 -9999 0.0
C0G660 2000050118 -9999 -9999 -9999 0.0
C0G660 2000050119 -9999 -9999 -9999 0.0
C0G660 2000050120 -9999 -9999 -9999 0.0
C0G660 2000050121 -9999 -9999 -9999 0.0
C0G660 2000050122 -9999 -9999 -9999 0.0
C0G660 2000050123 -9999 -9999 -9999 1.0
C0G660 2000050124 -9999 -9999 -9999 0.0
C0G660 2000050201 -9999 -9999 -9999 0.5
C0G660 2000050202 -9999 -9999 -9999 0.0
C0G660 2000050203 -9999 -9999 -9999 0.0
C0G660 2000050204 -9999 -9999 -9999 0.0
C0G660 2000050205 -9999 -9999 -9999 0.0
C0G660 2000050206 -9999 -9999 -9999 0.0
C0G660 2000050207 -9999 -9999 -9999 0.0
C0G660 2000050208 -9999 -9999 -9999 0.0
C0G660 2000050209 -9999 -9999 -9999 1.0
C0G660 2000050210 -9999 -9999 -9999 0.5
C0G660 2000050211 -9999 -9999 -9999 0.0
C0G660 2000050212 -9999 -9999 -9999 0.0
C0G660 2000050213 -9999 -9999 -9999 0.0
C0G660 2000050214 -9999 -9999 -9999 0.0
C0G660 2000050215 -9999 -9999 -9999 0.0
C0G660 2000050216 -9999 -9999 -9999 0.5
C0G660 2000050217 -9999 -9999 -9999 3.5
C0G660 2000050218 -9999 -9999 -9999 0.0
C0G660 2000050219 -9999 -9999 -9999 0.0
C0G660 2000050220 -9999 -9999 -9999 0.0
C0G660 2000050221 -9999 -9999 -9999 0.0
C0G660 2000050222 -9999 -9999 -9999 0.0
C0G660 2000050223 -9999 -9999 -9999 0.0
C0G660 2000050224 -9999 -9999 -9999 0.0
C0G660 2000050301 -9999 -9999 -9999 0.0
C0G660 2000050302 -9999 -9999 -9999 0.0
C0G660 2000050303 -9999 -9999 -9999 0.0
C0G660 2000050304 -9999 -9999 -9999 0.0
C0G660 2000050305 -9999 -9999 -9999 0.0
C0G660 2000050306 -9999 -9999 -9999 0.0
C0G660 2000050307 -9999 -9999 -9999 0.0
C0G660 2000050308 -9999 -9999 -9999 0.0
C0G660 2000050309 -9999 -9999 -9999 0.0
C0G660 2000050310 -9999 -9999 -9999 0.0
C0G660 2000050311 -9999 -9999 -9999 0.0
C0G660 2000050312 -9999 -9999 -9999 0.0
C0G660 2000050313 -9999 -9999 -9999 0.0
C0G660 2000050314 -9999 -9999 -9999 0.0
C0G660 2000050315 -9999 -9999 -9999 0.0
C0G660 2000050316 -9999 -9999 -9999 0.0
C0G660 2000050317 -9999 -9999 -9999 0.0
C0G660 2000050318 -9999 -9999 -9999 0.0
C0G660 2000050319 -9999 -9999 -9999 0.0
C0G660 2000050320 -9999 -9999 -9999 0.0
C0G660 2000050321 -9999 -9999 -9999 0.0
C0G660 2000050322 -9999 -9999 -9999 0.0
C0G660 2000050323 -9999 -9999 -9999 0.0
C0G660 2000050324 -9999 -9999 -9999 0.0
C0G660 2000050401 -9999 -9999 -9999 0.0
C0G660 2000050402 -9999 -9999 -9999 0.0
C0G660 2000050403 -9999 -9999 -9999 0.0
C0G660 2000050404 -9999 -9999 -9999 0.0
C0G660 2000050405 -9999 -9999 -9999 0.0
C0G660 2000050406 -9999 -9999 -9999 0.0
C0G660 2000050407 -9999 -9999 -9999 0.0
C0G660 2000050408 -9999 -9999 -9999 0.0
C0G660 2000050409 -9999 -9999 -9999 0.0
C0G660 2000050410 -9999 -9999 -9999 0.0
C0G660 2000050411 -9999 -9999 -9999 0.0
C0G660 2000050412 -9999 -9999 -9999 0.0
C0G660 2000050413 -9999 -9999 -9999 0.0
C0G660 2000050414 -9999 -9999 -9999 0.0
C0G660 2000050415 -9999 -9999 -9999 0.0
C0G660 2000050416 -9999 -9999 -9999 0.0
C0G660 2000050417 -9999 -9999 -9999 0.0
C0G660 2000050418 -9999 -9999 -9999 0.0
C0G660 2000050419 -9999 -9999 -9999 0.0
C0G660 2000050420 -9999 -9999 -9999 0.0
C0G660 2000050421 -9999 -9999 -9999 0.0
C0G660 2000050422 -9999 -9999 -9999 0.0
C0G660 2000050423 -9999 -9999 -9999 0.0
C0G660 2000050424 -9999 -9999 -9999 0.0
C0G660 2000050501 -9999 -9999 -9999 0.0
C0G660 2000050502 -9999 -9999 -9999 0.0
C0G660 2000050503 -9999 -9999 -9999 0.0
C0G660 2000050504 -9999 -9999 -9999 0.0
C0G660 2000050505 -9999 -9999 -9999 0.0
C0G660 2000050506 -9999 -9999 -9999 0.0
C0G660 2000050507 -9999 -9999 -9999 0.0
C0G660 2000050508 -9999 -9999 -9999 0.0
C0G660 2000050509 -9999 -9999 -9999 0.0
C0G660 2000050510 -9999 -9999 -9999 0.0
C0G660 2000050511 -9999 -9999 -9999 0.0
C0G660 2000050512 -9999 -9999 -9999 0.0
C0G660 2000050513 -9999 -9999 -9999 0.0
C0G660 2000050514 -9999 -9999 -9999 0.0
C0G660 2000050515 -9999 -9999 -9999 0.0
C0G660 2000050516 -9999 -9999 -9999 0.0
C0G660 2000050517 -9999 -9999 -9999 0.0
C0G660 2000050518 -9999 -9999 -9999 0.0
C0G660 2000050519 -9999 -9999 -9999 0.0
C0G660 2000050520 -9999 -9999 -9999 0.0
C0G660 2000050521 -9999 -9999 -9999 0.0
C0G660 2000050522 -9999 -9999 -9999 0.0
C0G660 2000050523 -9999 -9999 -9999 0.0
C0G660 2000050524 -9999 -9999 -9999 0.0
C0G660 2000050601 -9999 -9999 -9999 0.0
C0G660 2000050602 -9999 -9999 -9999 0.0
C0G660 2000050603 -9999 -9999 -9999 0.0
C0G660 2000050604 -9999 -9999 -9999 0.0
C0G660 2000050605 -9999 -9999 -9999 0.0
C0G660 2000050606 -9999 -9999 -9999 0.0
C0G660 2000050607 -9999 -9999 -9999 0.0
C0G660 2000050608 -9999 -9999 -9999 0.0
C0G660 2000050609 -9999 -9999 -9999 0.0
C0G660 2000050610 -9999 -9999 -9999 0.0
C0G660 2000050611 -9999 -9999 -9999 0.0
C0G660 2000050612 -9999 -9999 -9999 0.0
C0G660 2000050613 -9999 -9999 -9999 0.0
C0G660 2000050614 -9999 -9999 -9999 0.0
C0G660 2000050615 -9999 -9999 -9999 0.0
C0G660 2000050616 -9999 -9999 -9999 0.0
C0G660 2000050617 -9999 -9999 -9999 0.0
C0G660 2000050618 -9999 -9999 -9999 0.0
C0G660 2000050619 -9999 -9999 -9999 0.0
C0G660 2000050620 -9999 -9999 -9999 0.0
C0G660 2000050621 -9999 -9999 -9999 0.0
C0G660 2000050622 -9999 -9999 -9999 0.0
C0G660 2000050623 -9999 -9999 -9999 0.0
C0G660 2000050624 -9999 -9999 -9999 0.0
C0G660 2000050701 -9999 -9999 -9999 0.0
C0G660 2000050702 -9999 -9999 -9999 0.0
C0G660 2000050703 -9999 -9999 -9999 0.0
C0G660 2000050704 -9999 -9999 -9999 0.0
C0G660 2000050705 -9999 -9999 -9999 0.0
C0G660 2000050706 -9999 -9999 -9999 0.0
C0G660 2000050707 -9999 -9999 -9999 0.0
C0G660 2000050708 -9999 -9999 -9999 0.0
C0G660 2000050709 -9999 -9999 -9999 0.0
C0G660 2000050710 -9999 -9999 -9999 0.0
C0G660 2000050711 -9999 -9999 -9999 0.0
C0G660 2000050712 -9999 -9999 -9999 0.0
C0G660 2000050713 -9999 -9999 -9999 0.0
C0G660 2000050714 -9999 -9999 -9999 0.0
C0G660 2000050715 -9999 -9999 -9999 0.0
C0G660 2000050716 -9999 -9999 -9999 0.0
C0G660 2000050717 -9999 -9999 -9999 0.0
C0G660 2000050718 -9999 -9999 -9999 0.0
C0G660 2000050719 -9999 -9999 -9999 0.0
C0G660 2000050720 -9999 -9999 -9999 0.0
C0G660 2000050721 -9999 -9999 -9999 0.0
C0G660 2000050722 -9999 -9999 -9999 0.0
C0G660 2000050723 -9999 -9999 -9999 0.0
C0G660 2000050724 -9999 -9999 -9999 0.0
C0G660 2000050801 -9999 -9999 -9999 0.0
C0G660 2000050802 -9999 -9999 -9999 0.0
C0G660 2000050803 -9999 -9999 -9999 0.0
C0G660 2000050804 -9999 -9999 -9999 0.0
C0G660 2000050805 -9999 -9999 -9999 0.0
C0G660 2000050806 -9999 -9999 -9999 0.0
C0G660 2000050807 -9999 -9999 -9999 0.0
C0G660 2000050808 -9999 -9999 -9999 0.0
C0G660 2000050809 -9999 -9999 -9999 0.0
C0G660 2000050810 -9999 -9999 -9999 0.0
C0G660 2000050811 -9999 -9999 -9999 0.0
C0G660 2000050812 -9999 -9999 -9999 0.0
C0G660 2000050813 -9999 -9999 -9999 0.0
C0G660 2000050814 -9999 -9999 -9999 0.0
C0G660 2000050815 -9999 -9999 -9999 0.0
C0G660 2000050816 -9999 -9999 -9999 0.0
C0G660 2000050817 -9999 -9999 -9999 0.0
C0G660 2000050818 -9999 -9999 -9999 0.0
C0G660 2000050819 -9999 -9999 -9999 0.0
C0G660 2000050820 -9999 -9999 -9999 0.0
C0G660 2000050821 -9999 -9999 -9999 0.0
C0G660 2000050822 -9999 -9999 -9999 0.0
C0G660 2000050823 -9999 -9999 -9999 0.0
C0G660 2000050824 -9999 -9999 -9999 0.0
C0G660 2000050901 -9999 -9999 -9999 0.0
C0G660 2000050902 -9999 -9999 -9999 0.0
C0G660 2000050903 -9999 -9999 -9999 0.0
C0G660 2000050904 -9999 -9999 -9999 0.0
C0G660 2000050905 -9999 -9999 -9999 0.0
C0G660 2000050906 -9999 -9999 -9999 0.0
C0G660 2000050907 -9999 -9999 -9999 0.0
C0G660 2000050908 -9999 -9999 -9999 0.0
C0G660 2000050909 -9999 -9999 -9999 0.0
C0G660 2000050910 -9999 -9999 -9999 0.0
C0G660 2000050911 -9999 -9999 -9999 0.0
C0G660 2000050912 -9999 -9999 -9999 0.0
C0G660 2000050913 -9999 -9999 -9999 0.0
C0G660 2000050914 -9999 -9999 -9999 0.0
C0G660 2000050915 -9999 -9999 -9999 0.0
C0G660 2000050916 -9999 -9999 -9999 0.0
C0G660 2000050917 -9999 -9999 -9999 0.0
C0G660 2000050918 -9999 -9999 -9999 0.0
C0G660 2000050919 -9999 -9999 -9999 0.0
C0G660 2000050920 -9999 -9999 -9999 0.0
C0G660 2000050921 -9999 -9999 -9999 0.0
C0G660 2000050922 -9999 -9999 -9999 0.0
C0G660 2000050923 -9999 -9999 -9999 0.0
C0G660 2000050924 -9999 -9999 -9999 0.0
C0G660 2000051001 -9999 -9999 -9999 0.0
C0G660 2000051002 -9999 -9999 -9999 0.0
C0G660 2000051003 -9999 -9999 -9999 0.0
C0G660 2000051004 -9999 -9999 -9999 0.0
C0G660 2000051005 -9999 -9999 -9999 0.0
C0G660 2000051006 -9999 -9999 -9999 0.0
C0G660 2000051007 -9999 -9999 -9999 0.0
C0G660 2000051008 -9999 -9999 -9999 0.0
C0G660 2000051009 -9999 -9999 -9999 0.0
C0G660 2000051010 -9999 -9999 -9999 0.0
C0G660 2000051011 -9999 -9999 -9999 0.0
C0G660 2000051012 -9999 -9999 -9999 0.0
C0G660 2000051013 -9999 -9999 -9999 0.0
C0G660 2000051014 -9999 -9999 -9999 0.0
C0G660 2000051015 -9999 -9999 -9999 0.0
C0G660 2000051016 -9999 -9999 -9999 0.0
C0G660 2000051017 -9999 -9999 -9999 0.0
C0G660 2000051018 -9999 -9999 -9999 0.0
C0G660 2000051019 -9999 -9999 -9999 0.0
C0G660 2000051020 -9999 -9999 -9999 0.0
C0G660 2000051021 -9999 -9999 -9999 0.0
C0G660 2000051022 -9999 -9999 -9999 0.0
C0G660 2000051023 -9999 -9999 -9999 0.0
C0G660 2000051024 -9999 -9999 -9999 0.0
C0G660 2000051101 -9999 -9999 -9999 0.0
C0G660 2000051102 -9999 -9999 -9999 0.0
C0G660 2000051103 -9999 -9999 -9999 0.0
C0G660 2000051104 -9999 -9999 -9999 0.0
C0G660 2000051105 -9999 -9999 -9999 0.0
C0G660 2000051106 -9999 -9999 -9999 0.0
C0G660 2000051107 -9999 -9999 -9999 0.0
C0G660 2000051108 -9999 -9999 -9999 0.0
C0G660 2000051109 -9999 -9999 -9999 0.0
C0G660 2000051110 -9999 -9999 -9999 0.0
C0G660 2000051111 -9999 -9999 -9999 0.0
C0G660 2000051112 -9999 -9999 -9999 0.0
C0G660 2000051113 -9999 -9999 -9999 0.0
C0G660 2000051114 -9999 -9999 -9999 0.0
C0G660 2000051115 -9999 -9999 -9999 0.0
C0G660 2000051116 -9999 -9999 -9999 0.0
C0G660 2000051117 -9999 -9999 -9999 0.0
C0G660 2000051118 -9999 -9999 -9999 0.0
C0G660 2000051119 -9999 -9999 -9999 0.0
C0G660 2000051120 -9999 -9999 -9999 0.0
C0G660 2000051121 -9999 -9999 -9999 0.0
C0G660 2000051122 -9999 -9999 -9999 0.0
C0G660 2000051123 -9999 -9999 -9999 0.0
C0G660 2000051124 -9999 -9999 -9999 0.0
C0G660 2000051201 -9999 -9999 -9999 0.0
C0G660 2000051202 -9999 -9999 -9999 0.0
C0G660 2000051203 -9999 -9999 -9999 0.0
C0G660 2000051204 -9999 -9999 -9999 0.0
C0G660 2000051205 -9999 -9999 -9999 0.0
C0G660 2000051206 -9999 -9999 -9999 0.0
C0G660 2000051207 -9999 -9999 -9999 0.0
C0G660 2000051208 -9999 -9999 -9999 0.0
C0G660 2000051209 -9999 -9999 -9999 0.0
C0G660 2000051210 -9999 -9999 -9999 0.0
C0G660 2000051211 -9999 -9999 -9999 0.0
C0G660 2000051212 -9999 -9999 -9999 0.0
C0G660 2000051213 -9999 -9999 -9999 0.0
C0G660 2000051214 -9999 -9999 -9999 0.0
C0G660 2000051215 -9999 -9999 -9999 0.0
C0G660 2000051216 -9999 -9999 -9999 0.0
C0G660 2000051217 -9999 -9999 -9999 0.0
C0G660 2000051218 -9999 -9999 -9999 0.0
C0G660 2000051219 -9999 -9999 -9999 0.0
C0G660 2000051220 -9999 -9999 -9999 0.0
C0G660 2000051221 -9999 -9999 -9999 0.0
C0G660 2000051222 -9999 -9999 -9999 0.0
C0G660 2000051223 -9999 -9999 -9999 0.0
C0G660 2000051224 -9999 -9999 -9999 0.0
C0G660 2000051301 -9999 -9999 -9999 0.0
C0G660 2000051302 -9999 -9999 -9999 0.0
C0G660 2000051303 -9999 -9999 -9999 0.0
C0G660 2000051304 -9999 -9999 -9999 0.0
C0G660 2000051305 -9999 -9999 -9999 0.0
C0G660 2000051306 -9999 -9999 -9999 0.0
C0G660 2000051307 -9999 -9999 -9999 0.0
C0G660 2000051308 -9999 -9999 -9999 0.0
C0G660 2000051309 -9999 -9999 -9999 0.0
C0G660 2000051310 -9999 -9999 -9999 0.0
C0G660 2000051311 -9999 -9999 -9999 0.0
C0G660 2000051312 -9999 -9999 -9999 0.0
C0G660 2000051313 -9999 -9999 -9999 0.0
C0G660 2000051314 -9999 -9999 -9999 0.0
C0G660 2000051315 -9999 -9999 -9999 0.0
C0G660 2000051316 -9999 -9999 -9999 0.0
C0G660 2000051317 -9999 -9999 -9999 0.0
C0G660 2000051318 -9999 -9999 -9999 0.0
C0G660 2000051319 -9999 -9999 -9999 0.0
C0G660 2000051320 -9999 -9999 -9999 0.0
C0G660 2000051321 -9999 -9999 -9999 0.0
C0G660 2000051322 -9999 -9999 -9999 0.0
C0G660 2000051323 -9999 -9999 -9999 0.0
C0G660 2000051324 -9999 -9999 -9999 0.0
C0G660 2000051401 -9999 -9999 -9999 0.0
C0G660 2000051402 -9999 -9999 -9999 0.0
C0G660 2000051403 -9999 -9999 -9999 0.0
C0G660 2000051404 -9999 -9999 -9999 0.0
C0G660 2000051405 -9999 -9999 -9999 0.0
C0G660 2000051406 -9999 -9999 -9999 0.0
C0G660 2000051407 -9999 -9999 -9999 0.0
C0G660 2000051408 -9999 -9999 -9999 0.0
C0G660 2000051409 -9999 -9999 -9999 0.0
C0G660 2000051410 -9999 -9999 -9999 0.0
C0G660 2000051411 -9999 -9999 -9999 0.0
C0G660 2000051412 -9999 -9999 -9999 0.0
C0G660 2000051413 -9999 -9999 -9999 0.0
C0G660 2000051414 -9999 -9999 -9999 0.0
C0G660 2000051415 -9999 -9999 -9999 0.0
C0G660 2000051416 -9999 -9999 -9999 0.0
C0G660 2000051417 -9999 -9999 -9999 0.0
C0G660 2000051418 -9999 -9999 -9999 0.0
C0G660 2000051419 -9999 -9999 -9999 0.0
C0G660 2000051420 -9999 -9999 -9999 0.0
C0G660 2000051421 -9999 -9999 -9999 0.0
C0G660 2000051422 -9999 -9999 -9999 0.0
C0G660 2000051423 -9999 -9999 -9999 0.0
C0G660 2000051424 -9999 -9999 -9999 -9996
C0G660 2000051501 -9999 -9999 -9999 0.0
C0G660 2000051502 -9999 -9999 -9999 0.0
C0G660 2000051503 -9999 -9999 -9999 0.0
C0G660 2000051504 -9999 -9999 -9999 0.0
C0G660 2000051505 -9999 -9999 -9999 0.0
C0G660 2000051506 -9999 -9999 -9999 0.0
C0G660 2000051507 -9999 -9999 -9999 0.0
C0G660 2000051508 -9999 -9999 -9999 0.0
C0G660 2000051509 -9999 -9999 -9999 0.0
C0G660 2000051510 -9999 -9999 -9999 0.0
C0G660 2000051511 -9999 -9999 -9999 0.0
C0G660 2000051512 -9999 -9999 -9999 0.0
C0G660 2000051513 -9999 -9999 -9999 0.0
C0G660 2000051514 -9999 -9999 -9999 0.0
C0G660 2000051515 -9999 -9999 -9999 0.0
C0G660 2000051516 -9999 -9999 -9999 0.0
C0G660 2000051517 -9999 -9999 -9999 0.0
C0G660 2000051518 -9999 -9999 -9999 0.0
C0G660 2000051519 -9999 -9999 -9999 0.0
C0G660 2000051520 -9999 -9999 -9999 0.0
C0G660 2000051521 -9999 -9999 -9999 0.0
C0G660 2000051522 -9999 -9999 -9999 0.0
C0G660 2000051523 -9999 -9999 -9999 0.0
C0G660 2000051524 -9999 -9999 -9999 0.0
C0G660 2000051601 -9999 -9999 -9999 0.0
C0G660 2000051602 -9999 -9999 -9999 0.0
C0G660 2000051603 -9999 -9999 -9999 0.0
C0G660 2000051604 -9999 -9999 -9999 0.0
C0G660 2000051605 -9999 -9999 -9999 0.0
C0G660 2000051606 -9999 -9999 -9999 0.0
C0G660 2000051607 -9999 -9999 -9999 0.0
C0G660 2000051608 -9999 -9999 -9999 0.0
C0G660 2000051609 -9999 -9999 -9999 0.0
C0G660 2000051610 -9999 -9999 -9999 0.0
C0G660 2000051611 -9999 -9999 -9999 0.0
C0G660 2000051612 -9999 -9999 -9999 0.0
C0G660 2000051613 -9999 -9999 -9999 0.0
C0G660 2000051614 -9999 -9999 -9999 0.0
C0G660 2000051615 -9999 -9999 -9999 0.0
C0G660 2000051616 -9999 -9999 -9999 0.0
C0G660 2000051617 -9999 -9999 -9999 0.0
C0G660 2000051618 -9999 -9999 -9999 0.0
C0G660 2000051619 -9999 -9999 -9999 0.0
C0G660 2000051620 -9999 -9999 -9999 0.0
C0G660 2000051621 -9999 -9999 -9999 0.0
C0G660 2000051622 -9999 -9999 -9999 0.0
C0G660 2000051623 -9999 -9999 -9999 0.0
C0G660 2000051624 -9999 -9999 -9999 0.0
C0G660 2000051701 -9999 -9999 -9999 0.0
C0G660 2000051702 -9999 -9999 -9999 0.0
C0G660 2000051703 -9999 -9999 -9999 0.0
C0G660 2000051704 -9999 -9999 -9999 0.0
C0G660 2000051705 -9999 -9999 -9999 0.0
C0G660 2000051706 -9999 -9999 -9999 0.0
C0G660 2000051707 -9999 -9999 -9999 0.0
C0G660 2000051708 -9999 -9999 -9999 0.0
C0G660 2000051709 -9999 -9999 -9999 0.0
C0G660 2000051710 -9999 -9999 -9999 0.0
C0G660 2000051711 -9999 -9999 -9999 0.0
C0G660 2000051712 -9999 -9999 -9999 0.0
C0G660 2000051713 -9999 -9999 -9999 0.0
C0G660 2000051714 -9999 -9999 -9999 0.0
C0G660 2000051715 -9999 -9999 -9999 0.0
C0G660 2000051716 -9999 -9999 -9999 0.0
C0G660 2000051717 -9999 -9999 -9999 0.0
C0G660 2000051718 -9999 -9999 -9999 0.0
C0G660 2000051719 -9999 -9999 -9999 0.0
C0G660 2000051720 -9999 -9999 -9999 0.0
C0G660 2000051721 -9999 -9999 -9999 0.0
C0G660 2000051722 -9999 -9999 -9999 0.0
C0G660 2000051723 -9999 -9999 -9999 0.0
C0G660 2000051724 -9999 -9999 -9999 0.0
C0G660 2000051801 -9999 -9999 -9999 0.0
C0G660 2000051802 -9999 -9999 -9999 0.0
C0G660 2000051803 -9999 -9999 -9999 0.0
C0G660 2000051804 -9999 -9999 -9999 0.0
C0G660 2000051805 -9999 -9999 -9999 0.0
C0G660 2000051806 -9999 -9999 -9999 0.0
C0G660 2000051807 -9999 -9999 -9999 0.0
C0G660 2000051808 -9999 -9999 -9999 0.0
C0G660 2000051809 -9999 -9999 -9999 0.0
C0G660 2000051810 -9999 -9999 -9999 0.0
C0G660 2000051811 -9999 -9999 -9999 0.0
C0G660 2000051812 -9999 -9999 -9999 0.0
C0G660 2000051813 -9999 -9999 -9999 0.0
C0G660 2000051814 -9999 -9999 -9999 0.0
C0G660 2000051815 -9999 -9999 -9999 0.0
C0G660 2000051816 -9999 -9999 -9999 0.0
C0G660 2000051817 -9999 -9999 -9999 0.0
C0G660 2000051818 -9999 -9999 -9999 0.0
C0G660 2000051819 -9999 -9999 -9999 0.0
C0G660 2000051820 -9999 -9999 -9999 0.0
C0G660 2000051821 -9999 -9999 -9999 0.0
C0G660 2000051822 -9999 -9999 -9999 0.0
C0G660 2000051823 -9999 -9999 -9999 0.0
C0G660 2000051824 -9999 -9999 -9999 0.0
C0G660 2000051901 -9999 -9999 -9999 0.0
C0G660 2000051902 -9999 -9999 -9999 0.0
C0G660 2000051903 -9999 -9999 -9999 0.0
C0G660 2000051904 -9999 -9999 -9999 0.0
C0G660 2000051905 -9999 -9999 -9999 0.0
C0G660 2000051906 -9999 -9999 -9999 0.0
C0G660 2000051907 -9999 -9999 -9999 0.0
C0G660 2000051908 -9999 -9999 -9999 0.0
C0G660 2000051909 -9999 -9999 -9999 0.0
C0G660 2000051910 -9999 -9999 -9999 0.0
C0G660 2000051911 -9999 -9999 -9999 0.0
C0G660 2000051912 -9999 -9999 -9999 0.0
C0G660 2000051913 -9999 -9999 -9999 0.0
C0G660 2000051914 -9999 -9999 -9999 0.0
C0G660 2000051915 -9999 -9999 -9999 0.0
C0G660 2000051916 -9999 -9999 -9999 0.0
C0G660 2000051917 -9999 -9999 -9999 0.0
C0G660 2000051918 -9999 -9999 -9999 0.0
C0G660 2000051919 -9999 -9999 -9999 0.0
C0G660 2000051920 -9999 -9999 -9999 0.0
C0G660 2000051921 -9999 -9999 -9999 0.0
C0G660 2000051922 -9999 -9999 -9999 0.0
C0G660 2000051923 -9999 -9999 -9999 0.0
C0G660 2000051924 -9999 -9999 -9999 0.0
C0G660 2000052001 -9999 -9999 -9999 0.0
C0G660 2000052002 -9999 -9999 -9999 0.0
C0G660 2000052003 -9999 -9999 -9999 0.0
C0G660 2000052004 -9999 -9999 -9999 0.0
C0G660 2000052005 -9999 -9999 -9999 0.0
C0G660 2000052006 -9999 -9999 -9999 0.0
C0G660 2000052007 -9999 -9999 -9999 0.0
C0G660 2000052008 -9999 -9999 -9999 0.0
C0G660 2000052009 -9999 -9999 -9999 0.0
C0G660 2000052010 -9999 -9999 -9999 0.0
C0G660 2000052011 -9999 -9999 -9999 0.0
C0G660 2000052012 -9999 -9999 -9999 0.0
C0G660 2000052013 -9999 -9999 -9999 0.0
C0G660 2000052014 -9999 -9999 -9999 0.0
C0G660 2000052015 -9999 -9999 -9999 0.0
C0G660 2000052016 -9999 -9999 -9999 0.0
C0G660 2000052017 -9999 -9999 -9999 0.0
C0G660 2000052018 -9999 -9999 -9999 0.0
C0G660 2000052019 -9999 -9999 -9999 0.0
C0G660 2000052020 -9999 -9999 -9999 0.0
C0G660 2000052021 -9999 -9999 -9999 0.0
C0G660 2000052022 -9999 -9999 -9999 0.0
C0G660 2000052023 -9999 -9999 -9999 0.0
C0G660 2000052024 -9999 -9999 -9999 0.0
C0G660 2000052101 -9999 -9999 -9999 0.0
C0G660 2000052102 -9999 -9999 -9999 0.0
C0G660 2000052103 -9999 -9999 -9999 0.0
C0G660 2000052104 -9999 -9999 -9999 0.0
C0G660 2000052105 -9999 -9999 -9999 0.0
C0G660 2000052106 -9999 -9999 -9999 0.0
C0G660 2000052107 -9999 -9999 -9999 0.0
C0G660 2000052108 -9999 -9999 -9999 0.0
C0G660 2000052109 -9999 -9999 -9999 0.0
C0G660 2000052110 -9999 -9999 -9999 0.0
C0G660 2000052111 -9999 -9999 -9999 0.0
C0G660 2000052112 -9999 -9999 -9999 0.0
C0G660 2000052113 -9999 -9999 -9999 0.0
C0G660 2000052114 -9999 -9999 -9999 0.0
C0G660 2000052115 -9999 -9999 -9999 0.0
C0G660 2000052116 -9999 -9999 -9999 -9996
C0G660 2000052117 -9999 -9999 -9999 0.5
C0G660 2000052118 -9999 -9999 -9999 0.0
C0G660 2000052119 -9999 -9999 -9999 0.0
C0G660 2000052120 -9999 -9999 -9999 0.0
C0G660 2000052121 -9999 -9999 -9999 0.0
C0G660 2000052122 -9999 -9999 -9999 0.0
C0G660 2000052123 -9999 -9999 -9999 0.0
C0G660 2000052124 -9999 -9999 -9999 0.0
C0G660 2000052201 -9999 -9999 -9999 0.0
C0G660 2000052202 -9999 -9999 -9999 0.0
C0G660 2000052203 -9999 -9999 -9999 0.0
C0G660 2000052204 -9999 -9999 -9999 0.0
C0G660 2000052205 -9999 -9999 -9999 0.0
C0G660 2000052206 -9999 -9999 -9999 0.0
C0G660 2000052207 -9999 -9999 -9999 0.0
C0G660 2000052208 -9999 -9999 -9999 0.0
C0G660 2000052209 -9999 -9999 -9999 0.0
C0G660 2000052210 -9999 -9999 -9999 0.0
C0G660 2000052211 -9999 -9999 -9999 0.0
C0G660 2000052212 -9999 -9999 -9999 0.0
C0G660 2000052213 -9999 -9999 -9999 0.0
C0G660 2000052214 -9999 -9999 -9999 0.0
C0G660 2000052215 -9999 -9999 -9999 0.0
C0G660 2000052216 -9999 -9999 -9999 0.0
C0G660 2000052217 -9999 -9999 -9999 0.0
C0G660 2000052218 -9999 -9999 -9999 0.0
C0G660 2000052219 -9999 -9999 -9999 0.0
C0G660 2000052220 -9999 -9999 -9999 0.0
C0G660 2000052221 -9999 -9999 -9999 0.0
C0G660 2000052222 -9999 -9999 -9999 0.0
C0G660 2000052223 -9999 -9999 -9999 0.0
C0G660 2000052224 -9999 -9999 -9999 0.0
C0G660 2000052301 -9999 -9999 -9999 0.0
C0G660 2000052302 -9999 -9999 -9999 0.0
C0G660 2000052303 -9999 -9999 -9999 0.0
C0G660 2000052304 -9999 -9999 -9999 0.0
C0G660 2000052305 -9999 -9999 -9999 0.0
C0G660 2000052306 -9999 -9999 -9999 0.0
C0G660 2000052307 -9999 -9999 -9999 0.0
C0G660 2000052308 -9999 -9999 -9999 0.0
C0G660 2000052309 -9999 -9999 -9999 0.0
C0G660 2000052310 -9999 -9999 -9999 0.0
C0G660 2000052311 -9999 -9999 -9999 0.0
C0G660 2000052312 -9999 -9999 -9999 0.0
C0G660 2000052313 -9999 -9999 -9999 0.0
C0G660 2000052314 -9999 -9999 -9999 0.0
C0G660 2000052315 -9999 -9999 -9999 0.0
C0G660 2000052316 -9999 -9999 -9999 0.0
C0G660 2000052317 -9999 -9999 -9999 0.0
C0G660 2000052318 -9999 -9999 -9999 0.0
C0G660 2000052319 -9999 -9999 -9999 0.0
C0G660 2000052320 -9999 -9999 -9999 0.0
C0G660 2000052321 -9999 -9999 -9999 0.0
C0G660 2000052322 -9999 -9999 -9999 0.0
C0G660 2000052323 -9999 -9999 -9999 0.0
C0G660 2000052324 -9999 -9999 -9999 0.0
C0G660 2000052401 -9999 -9999 -9999 0.0
C0G660 2000052402 -9999 -9999 -9999 0.0
C0G660 2000052403 -9999 -9999 -9999 0.0
C0G660 2000052404 -9999 -9999 -9999 0.0
C0G660 2000052405 -9999 -9999 -9999 0.0
C0G660 2000052406 -9999 -9999 -9999 0.0
C0G660 2000052407 -9999 -9999 -9999 0.0
C0G660 2000052408 -9999 -9999 -9999 0.0
C0G660 2000052409 -9999 -9999 -9999 0.0
C0G660 2000052410 -9999 -9999 -9999 0.0
C0G660 2000052411 -9999 -9999 -9999 0.0
C0G660 2000052412 -9999 -9999 -9999 0.0
C0G660 2000052413 -9999 -9999 -9999 0.0
C0G660 2000052414 -9999 -9999 -9999 0.0
C0G660 2000052415 -9999 -9999 -9999 0.0
C0G660 2000052416 -9999 -9999 -9999 0.0
C0G660 2000052417 -9999 -9999 -9999 0.0
C0G660 2000052418 -9999 -9999 -9999 0.0
C0G660 2000052419 -9999 -9999 -9999 0.0
C0G660 2000052420 -9999 -9999 -9999 0.0
C0G660 2000052421 -9999 -9999 -9999 0.0
C0G660 2000052422 -9999 -9999 -9999 0.0
C0G660 2000052423 -9999 -9999 -9999 0.0
C0G660 2000052424 -9999 -9999 -9999 0.0
C0G660 2000052501 -9999 -9999 -9999 0.0
C0G660 2000052502 -9999 -9999 -9999 0.0
C0G660 2000052503 -9999 -9999 -9999 0.0
C0G660 2000052504 -9999 -9999 -9999 0.0
C0G660 2000052505 -9999 -9999 -9999 0.0
C0G660 2000052506 -9999 -9999 -9999 0.0
C0G660 2000052507 -9999 -9999 -9999 0.0
C0G660 2000052508 -9999 -9999 -9999 0.0
C0G660 2000052509 -9999 -9999 -9999 0.0
C0G660 2000052510 -9999 -9999 -9999 0.0
C0G660 2000052511 -9999 -9999 -9999 0.0
C0G660 2000052512 -9999 -9999 -9999 0.0
C0G660 2000052513 -9999 -9999 -9999 0.0
C0G660 2000052514 -9999 -9999 -9999 0.0
C0G660 2000052515 -9999 -9999 -9999 0.0
C0G660 2000052516 -9999 -9999 -9999 0.0
C0G660 2000052517 -9999 -9999 -9999 0.0
C0G660 2000052518 -9999 -9999 -9999 0.0
C0G660 2000052519 -9999 -9999 -9999 0.0
C0G660 2000052520 -9999 -9999 -9999 0.0
C0G660 2000052521 -9999 -9999 -9999 0.0
C0G660 2000052522 -9999 -9999 -9999 0.0
C0G660 2000052523 -9999 -9999 -9999 0.0
C0G660 2000052524 -9999 -9999 -9999 0.0
C0G660 2000052601 -9999 -9999 -9999 0.0
C0G660 2000052602 -9999 -9999 -9999 0.0
C0G660 2000052603 -9999 -9999 -9999 0.0
C0G660 2000052604 -9999 -9999 -9999 0.0
C0G660 2000052605 -9999 -9999 -9999 0.0
C0G660 2000052606 -9999 -9999 -9999 0.0
C0G660 2000052607 -9999 -9999 -9999 0.0
C0G660 2000052608 -9999 -9999 -9999 0.0
C0G660 2000052609 -9999 -9999 -9999 0.0
C0G660 2000052610 -9999 -9999 -9999 0.0
C0G660 2000052611 -9999 -9999 -9999 0.0
C0G660 2000052612 -9999 -9999 -9999 0.0
C0G660 2000052613 -9999 -9999 -9999 0.0
C0G660 2000052614 -9999 -9999 -9999 0.0
C0G660 2000052615 -9999 -9999 -9999 0.0
C0G660 2000052616 -9999 -9999 -9999 0.0
C0G660 2000052617 -9999 -9999 -9999 0.0
C0G660 2000052618 -9999 -9999 -9999 0.0
C0G660 2000052619 -9999 -9999 -9999 0.0
C0G660 2000052620 -9999 -9999 -9999 0.0
C0G660 2000052621 -9999 -9999 -9999 0.0
C0G660 2000052622 -9999 -9999 -9999 0.0
C0G660 2000052623 -9999 -9999 -9999 0.0
C0G660 2000052624 -9999 -9999 -9999 0.0
C0G660 2000052701 -9999 -9999 -9999 0.0
C0G660 2000052702 -9999 -9999 -9999 0.0
C0G660 2000052703 -9999 -9999 -9999 0.0
C0G660 2000052704 -9999 -9999 -9999 0.0
C0G660 2000052705 -9999 -9999 -9999 0.0
C0G660 2000052706 -9999 -9999 -9999 0.0
C0G660 2000052707 -9999 -9999 -9999 0.0
C0G660 2000052708 -9999 -9999 -9999 0.0
C0G660 2000052709 -9999 -9999 -9999 0.0
C0G660 2000052710 -9999 -9999 -9999 0.0
C0G660 2000052711 -9999 -9999 -9999 0.0
C0G660 2000052712 -9999 -9999 -9999 0.0
C0G660 2000052713 -9999 -9999 -9999 0.0
C0G660 2000052714 -9999 -9999 -9999 0.0
C0G660 2000052715 -9999 -9999 -9999 0.0
C0G660 2000052716 -9999 -9999 -9999 0.0
C0G660 2000052717 -9999 -9999 -9999 0.0
C0G660 2000052718 -9999 -9999 -9999 0.0
C0G660 2000052719 -9999 -9999 -9999 0.0
C0G660 2000052720 -9999 -9999 -9999 0.0
C0G660 2000052721 -9999 -9999 -9999 0.0
C0G660 2000052722 -9999 -9999 -9999 0.0
C0G660 2000052723 -9999 -9999 -9999 0.0
C0G660 2000052724 -9999 -9999 -9999 0.0
C0G660 2000052801 -9999 -9999 -9999 0.0
C0G660 2000052802 -9999 -9999 -9999 0.0
C0G660 2000052803 -9999 -9999 -9999 0.0
C0G660 2000052804 -9999 -9999 -9999 0.0
C0G660 2000052805 -9999 -9999 -9999 0.5
C0G660 2000052806 -9999 -9999 -9999 10.5
C0G660 2000052807 -9999 -9999 -9999 0.0
C0G660 2000052808 -9999 -9999 -9999 0.0
C0G660 2000052809 -9999 -9999 -9999 0.0
C0G660 2000052810 -9999 -9999 -9999 0.0
C0G660 2000052811 -9999 -9999 -9999 0.0
C0G660 2000052812 -9999 -9999 -9999 0.0
C0G660 2000052813 -9999 -9999 -9999 0.0
C0G660 2000052814 -9999 -9999 -9999 0.0
C0G660 2000052815 -9999 -9999 -9999 0.0
C0G660 2000052816 -9999 -9999 -9999 0.0
C0G660 2000052817 -9999 -9999 -9999 0.0
C0G660 2000052818 -9999 -9999 -9999 0.0
C0G660 2000052819 -9999 -9999 -9999 0.0
C0G660 2000052820 -9999 -9999 -9999 0.0
C0G660 2000052821 -9999 -9999 -9999 0.0
C0G660 2000052822 -9999 -9999 -9999 0.0
C0G660 2000052823 -9999 -9999 -9999 0.0
C0G660 2000052824 -9999 -9999 -9999 0.0
C0G660 2000052901 -9999 -9999 -9999 0.0
C0G660 2000052902 -9999 -9999 -9999 0.0
C0G660 2000052903 -9999 -9999 -9999 0.0
C0G660 2000052904 -9999 -9999 -9999 0.0
C0G660 2000052905 -9999 -9999 -9999 0.0
C0G660 2000052906 -9999 -9999 -9999 0.0
C0G660 2000052907 -9999 -9999 -9999 0.0
C0G660 2000052908 -9999 -9999 -9999 0.0
C0G660 2000052909 -9999 -9999 -9999 0.0
C0G660 2000052910 -9999 -9999 -9999 0.0
C0G660 2000052911 -9999 -9999 -9999 0.0
C0G660 2000052912 -9999 -9999 -9999 0.0
C0G660 2000052913 -9999 -9999 -9999 0.0
C0G660 2000052914 -9999 -9999 -9999 0.0
C0G660 2000052915 -9999 -9999 -9999 0.0
C0G660 2000052916 -9999 -9999 -9999 0.0
C0G660 2000052917 -9999 -9999 -9999 0.0
C0G660 2000052918 -9999 -9999 -9999 0.0
C0G660 2000052919 -9999 -9999 -9999 0.0
C0G660 2000052920 -9999 -9999 -9999 0.0
C0G660 2000052921 -9999 -9999 -9999 0.0
C0G660 2000052922 -9999 -9999 -9999 0.0
C0G660 2000052923 -9999 -9999 -9999 0.0
C0G660 2000052924 -9999 -9999 -9999 0.0
C0G660 2000053001 -9999 -9999 -9999 0.0
C0G660 2000053002 -9999 -9999 -9999 0.0
C0G660 2000053003 -9999 -9999 -9999 0.0
C0G660 2000053004 -9999 -9999 -9999 0.0
C0G660 2000053005 -9999 -9999 -9999 0.0
C0G660 2000053006 -9999 -9999 -9999 0.0
C0G660 2000053007 -9999 -9999 -9999 0.0
C0G660 2000053008 -9999 -9999 -9999 0.0
C0G660 2000053009 -9999 -9999 -9999 0.0
C0G660 2000053010 -9999 -9999 -9999 0.0
C0G660 2000053011 -9999 -9999 -9999 0.0
C0G660 2000053012 -9999 -9999 -9999 0.0
C0G660 2000053013 -9999 -9999 -9999 0.0
C0G660 2000053014 -9999 -9999 -9999 0.0
C0G660 2000053015 -9999 -9999 -9999 0.0
C0G660 2000053016 -9999 -9999 -9999 0.0
C0G660 2000053017 -9999 -9999 -9999 0.0
C0G660 2000053018 -9999 -9999 -9999 0.0
C0G660 2000053019 -9999 -9999 -9999 0.0
C0G660 2000053020 -9999 -9999 -9999 0.0
C0G660 2000053021 -9999 -9999 -9999 0.0
C0G660 2000053022 -9999 -9999 -9999 0.0
C0G660 2000053023 -9999 -9999 -9999 0.0
C0G660 2000053024 -9999 -9999 -9999 0.0
C0G660 2000053101 -9999 -9999 -9999 0.0
C0G660 2000053102 -9999 -9999 -9999 0.0
C0G660 2000053103 -9999 -9999 -9999 0.0
C0G660 2000053104 -9999 -9999 -9999 0.0
C0G660 2000053105 -9999 -9999 -9999 0.0
C0G660 2000053106 -9999 -9999 -9999 0.0
C0G660 2000053107 -9999 -9999 -9999 0.0
C0G660 2000053108 -9999 -9999 -9999 0.0
C0G660 2000053109 -9999 -9999 -9999 0.0
C0G660 2000053110 -9999 -9999 -9999 0.0
C0G660 2000053111 -9999 -9999 -9999 0.0
C0G660 2000053112 -9999 -9999 -9999 0.0
C0G660 2000053113 -9999 -9999 -9999 0.0
C0G660 2000053114 -9999 -9999 -9999 0.0
C0G660 2000053115 -9999 -9999 -9999 0.0
C0G660 2000053116 -9999 -9999 -9999 0.0
C0G660 2000053117 -9999 -9999 -9999 0.0
C0G660 2000053118 -9999 -9999 -9999 0.0
C0G660 2000053119 -9999 -9999 -9999 0.0
C0G660 2000053120 -9999 -9999 -9999 0.0
C0G660 2000053121 -9999 -9999 -9999 0.0
C0G660 2000053122 -9999 -9999 -9999 0.0
C0G660 2000053123 -9999 -9999 -9999 0.0
C0G660 2000053124 -9999 -9999 -9999 0.0
