C0G650 2001010101 13.6 -9997 0.6 0.0
C0G650 2001010102 13.6 -9997 0.6 0.0
C0G650 2001010103 13.3 -9997 0.2 0.0
C0G650 2001010104 12.7 -9997 0.0 0.0
C0G650 2001010105 12.3 -9997 0.1 0.0
C0G650 2001010106 12.9 -9997 1.0 0.0
C0G650 2001010107 12.7 -9997 1.4 0.0
C0G650 2001010108 13.5 -9997 0.5 0.0
C0G650 2001010109 15.2 -9997 0.5 0.0
C0G650 2001010110 17.9 -9997 -9997 0.0
C0G650 2001010111 19.8 -9997 1.2 0.0
C0G650 2001010112 21.1 -9997 1.3 0.0
C0G650 2001010113 22.2 -9997 0.9 0.0
C0G650 2001010114 23.0 -9997 1.6 0.0
C0G650 2001010115 21.5 -9997 0.4 0.0
C0G650 2001010116 20.2 -9997 0.0 0.0
C0G650 2001010117 19.2 -9997 0.1 0.0
C0G650 2001010118 18.2 -9997 0.0 0.0
C0G650 2001010119 17.1 -9997 0.0 0.0
C0G650 2001010120 16.1 -9997 0.0 0.0
C0G650 2001010121 15.7 -9997 0.0 0.0
C0G650 2001010122 15.0 -9997 0.0 0.0
C0G650 2001010123 14.4 -9997 0.0 0.0
C0G650 2001010124 13.6 -9997 0.0 0.0
C0G650 2001010201 13.4 -9997 0.0 0.0
C0G650 2001010202 12.5 -9997 0.0 0.0
C0G650 2001010203 12.0 -9997 0.0 0.0
C0G650 2001010204 11.9 -9997 0.0 0.0
C0G650 2001010205 11.0 -9997 0.0 0.0
C0G650 2001010206 12.0 -9997 0.1 0.0
C0G650 2001010207 11.8 -9997 0.0 0.0
C0G650 2001010208 14.8 -9997 0.0 0.0
C0G650 2001010209 17.6 -9997 0.2 0.0
C0G650 2001010210 18.9 -9997 0.6 0.0
C0G650 2001010211 20.4 -9997 0.6 0.0
C0G650 2001010212 22.7 -9997 0.1 0.0
C0G650 2001010213 23.5 -9997 0.3 0.0
C0G650 2001010214 23.8 -9997 0.1 0.0
C0G650 2001010215 23.9 -9997 0.7 0.0
C0G650 2001010216 21.9 -9997 -9997 0.0
C0G650 2001010217 20.1 -9997 0.0 0.0
C0G650 2001010218 18.2 -9997 0.0 0.0
C0G650 2001010219 16.6 -9997 0.0 0.0
C0G650 2001010220 16.2 -9997 0.0 0.0
C0G650 2001010221 14.0 -9997 0.0 0.0
C0G650 2001010222 13.1 -9997 0.0 0.0
C0G650 2001010223 13.1 -9997 0.0 0.0
C0G650 2001010224 12.7 -9997 0.0 0.0
C0G650 2001010301 12.2 -9997 0.0 0.0
C0G650 2001010302 12.6 -9997 0.0 0.0
C0G650 2001010303 11.5 -9997 0.0 0.0
C0G650 2001010304 12.4 -9997 0.0 0.0
C0G650 2001010305 11.4 -9997 0.0 0.0
C0G650 2001010306 10.6 -9997 0.0 0.0
C0G650 2001010307 12.5 -9997 0.0 0.0
C0G650 2001010308 15.8 -9997 0.0 0.0
C0G650 2001010309 19.1 -9997 0.0 0.0
C0G650 2001010310 20.0 -9997 0.1 0.0
C0G650 2001010311 21.4 -9997 0.6 0.0
C0G650 2001010312 23.5 -9997 0.3 0.0
C0G650 2001010313 23.2 -9997 0.1 0.0
C0G650 2001010314 22.8 -9997 1.0 0.0
C0G650 2001010315 21.6 -9997 1.0 0.0
C0G650 2001010316 21.4 -9997 1.3 0.0
C0G650 2001010317 20.1 -9997 0.5 0.0
C0G650 2001010318 18.9 -9997 0.1 0.0
C0G650 2001010319 18.1 -9997 0.1 0.0
C0G650 2001010320 17.5 -9997 0.0 0.0
C0G650 2001010321 16.7 -9997 0.1 0.0
C0G650 2001010322 16.8 -9997 0.0 0.0
C0G650 2001010323 15.9 -9997 0.0 0.0
C0G650 2001010324 16.6 -9997 0.2 0.0
C0G650 2001010401 15.9 -9997 0.0 0.0
C0G650 2001010402 15.8 -9997 0.0 0.0
C0G650 2001010403 15.8 -9997 0.1 0.0
C0G650 2001010404 14.8 -9997 0.1 0.0
C0G650 2001010405 15.6 -9997 0.5 0.0
C0G650 2001010406 15.6 -9997 0.4 0.0
C0G650 2001010407 13.5 -9997 0.0 0.0
C0G650 2001010408 16.6 -9997 0.3 0.0
C0G650 2001010409 18.4 -9997 0.9 0.0
C0G650 2001010410 20.2 -9997 0.8 0.0
C0G650 2001010411 21.8 -9997 0.5 0.0
C0G650 2001010412 23.5 -9997 1.0 0.0
C0G650 2001010413 24.1 -9997 0.3 0.0
C0G650 2001010414 24.5 -9997 0.9 0.0
C0G650 2001010415 24.1 -9997 0.4 0.0
C0G650 2001010416 23.1 -9997 0.0 0.0
C0G650 2001010417 21.2 -9997 0.6 0.0
C0G650 2001010418 19.1 -9997 0.1 0.0
C0G650 2001010419 17.7 -9997 0.0 0.0
C0G650 2001010420 17.3 -9997 0.0 0.0
C0G650 2001010421 16.0 -9997 0.0 0.0
C0G650 2001010422 15.3 -9997 0.0 0.0
C0G650 2001010423 14.7 -9997 0.0 0.0
C0G650 2001010424 14.4 -9997 0.0 0.0
C0G650 2001010501 14.3 -9997 0.0 0.0
C0G650 2001010502 13.7 -9997 0.0 0.0
C0G650 2001010503 13.7 -9997 0.0 0.0
C0G650 2001010504 14.7 -9997 0.1 0.0
C0G650 2001010505 14.8 -9997 0.0 0.0
C0G650 2001010506 15.0 -9997 0.0 0.0
C0G650 2001010507 15.2 -9997 0.0 0.0
C0G650 2001010508 16.4 -9997 0.0 0.0
C0G650 2001010509 18.2 -9997 0.0 0.0
C0G650 2001010510 20.9 -9997 0.1 0.0
C0G650 2001010511 22.1 -9997 0.3 0.0
C0G650 2001010512 23.3 -9997 0.1 0.0
C0G650 2001010513 24.1 -9997 0.2 0.0
C0G650 2001010514 24.1 -9997 0.4 0.0
C0G650 2001010515 23.0 -9997 0.7 0.0
C0G650 2001010516 22.2 -9997 0.1 0.0
C0G650 2001010517 21.0 -9997 0.1 0.0
C0G650 2001010518 20.0 -9997 0.2 0.0
C0G650 2001010519 19.6 -9997 0.3 0.0
C0G650 2001010520 19.2 -9997 0.0 0.0
C0G650 2001010521 18.7 -9997 0.0 0.0
C0G650 2001010522 18.7 -9997 0.1 0.0
C0G650 2001010523 19.0 -9997 0.0 0.0
C0G650 2001010524 18.9 -9997 0.0 0.0
C0G650 2001010601 19.2 -9997 0.0 0.0
C0G650 2001010602 18.8 -9997 0.0 0.0
C0G650 2001010603 17.6 -9997 0.0 0.0
C0G650 2001010604 18.1 -9997 0.0 0.0
C0G650 2001010605 18.3 -9997 0.2 0.0
C0G650 2001010606 17.6 -9997 0.0 0.0
C0G650 2001010607 17.5 -9997 0.0 0.0
C0G650 2001010608 18.8 -9997 0.0 0.0
C0G650 2001010609 19.6 -9997 0.4 0.0
C0G650 2001010610 20.6 -9997 0.8 0.0
C0G650 2001010611 21.7 -9997 1.0 0.0
C0G650 2001010612 23.0 -9997 0.5 0.0
C0G650 2001010613 21.5 -9997 0.6 0.0
C0G650 2001010614 21.4 -9997 0.8 0.0
C0G650 2001010615 21.5 -9997 0.3 0.0
C0G650 2001010616 21.2 -9997 0.0 0.0
C0G650 2001010617 20.7 -9997 0.0 0.0
C0G650 2001010618 19.5 -9997 0.6 0.0
C0G650 2001010619 19.3 -9997 0.5 0.0
C0G650 2001010620 19.0 -9997 0.0 0.0
C0G650 2001010621 19.0 -9997 0.0 0.0
C0G650 2001010622 19.0 -9997 0.0 0.0
C0G650 2001010623 18.7 -9997 0.0 0.0
C0G650 2001010624 18.5 -9997 0.0 0.0
C0G650 2001010701 18.6 -9997 0.0 0.0
C0G650 2001010702 -9997 -9997 -9997 0.0
C0G650 2001010703 19.7 -9997 0.8 0.0
C0G650 2001010704 20.2 -9997 0.0 0.0
C0G650 2001010705 18.8 -9997 0.0 0.0
C0G650 2001010706 18.4 -9997 0.0 0.0
C0G650 2001010707 17.9 -9997 0.0 0.0
C0G650 2001010708 18.6 -9997 0.1 0.0
C0G650 2001010709 19.2 -9997 0.6 0.0
C0G650 2001010710 21.5 -9997 0.1 0.0
C0G650 2001010711 21.6 -9997 0.2 0.0
C0G650 2001010712 22.8 -9997 0.9 0.0
C0G650 2001010713 25.4 -9997 0.0 0.0
C0G650 2001010714 26.1 -9997 0.6 0.0
C0G650 2001010715 26.1 -9997 0.6 0.0
C0G650 2001010716 26.0 -9997 1.3 0.0
C0G650 2001010717 24.5 -9997 0.0 0.0
C0G650 2001010718 22.2 -9997 0.0 0.0
C0G650 2001010719 19.9 -9997 0.0 0.0
C0G650 2001010720 18.7 -9997 0.0 0.0
C0G650 2001010721 17.6 -9997 0.0 0.0
C0G650 2001010722 17.0 -9997 0.0 0.0
C0G650 2001010723 16.8 -9997 0.0 0.0
C0G650 2001010724 16.3 -9997 0.0 0.0
C0G650 2001010801 16.0 -9997 0.0 0.0
C0G650 2001010802 16.7 -9997 0.0 0.0
C0G650 2001010803 16.9 -9997 0.0 0.0
C0G650 2001010804 16.8 -9997 0.0 0.0
C0G650 2001010805 17.0 -9997 0.0 0.0
C0G650 2001010806 17.5 -9997 0.0 0.0
C0G650 2001010807 17.6 -9997 0.2 0.0
C0G650 2001010808 18.4 -9997 0.0 0.0
C0G650 2001010809 19.6 -9997 0.0 0.0
C0G650 2001010810 22.3 -9997 0.3 0.0
C0G650 2001010811 24.3 -9997 0.4 0.0
C0G650 2001010812 24.8 -9997 0.8 0.0
C0G650 2001010813 26.9 -9997 0.1 0.0
C0G650 2001010814 26.6 -9997 0.2 0.0
C0G650 2001010815 26.4 -9997 0.6 0.0
C0G650 2001010816 25.0 -9997 0.3 0.0
C0G650 2001010817 23.7 -9997 0.0 0.0
C0G650 2001010818 21.5 -9997 0.0 0.0
C0G650 2001010819 20.3 -9997 0.0 0.0
C0G650 2001010820 19.3 -9997 0.0 0.0
C0G650 2001010821 18.0 -9997 0.0 0.0
C0G650 2001010822 18.1 -9997 0.0 0.0
C0G650 2001010823 18.1 -9997 0.0 0.0
C0G650 2001010824 18.5 -9997 0.0 0.0
C0G650 2001010901 18.1 -9997 0.0 0.0
C0G650 2001010902 18.0 -9997 0.0 0.0
C0G650 2001010903 17.9 -9997 0.0 0.0
C0G650 2001010904 17.5 -9997 -9997 0.0
C0G650 2001010905 17.8 -9997 0.0 0.0
C0G650 2001010906 17.6 -9997 0.1 0.0
C0G650 2001010907 17.2 -9997 0.0 0.0
C0G650 2001010908 18.9 -9997 0.3 0.0
C0G650 2001010909 22.3 -9997 0.3 0.0
C0G650 2001010910 23.8 -9997 0.0 0.0
C0G650 2001010911 25.3 -9997 1.0 0.0
C0G650 2001010912 22.7 -9997 1.1 0.0
C0G650 2001010913 23.6 -9997 0.8 0.0
C0G650 2001010914 23.9 -9997 1.9 0.0
C0G650 2001010915 24.0 -9997 0.9 0.0
C0G650 2001010916 23.8 -9997 1.3 0.0
C0G650 2001010917 22.4 -9997 0.2 0.0
C0G650 2001010918 20.9 -9997 0.2 0.0
C0G650 2001010919 19.8 -9997 0.5 0.0
C0G650 2001010920 19.0 -9997 0.6 0.0
C0G650 2001010921 18.4 -9997 0.5 0.0
C0G650 2001010922 17.6 -9997 0.1 0.0
C0G650 2001010923 17.0 -9997 0.3 0.0
C0G650 2001010924 16.4 -9997 0.0 0.0
C0G650 2001011001 15.9 -9997 0.4 0.0
C0G650 2001011002 15.7 -9997 0.8 0.0
C0G650 2001011003 15.4 -9997 1.2 0.0
C0G650 2001011004 14.8 -9997 0.3 0.0
C0G650 2001011005 14.6 -9997 0.0 0.0
C0G650 2001011006 14.8 -9997 0.4 0.0
C0G650 2001011007 14.3 -9997 0.0 0.0
C0G650 2001011008 15.9 -9997 0.5 0.0
C0G650 2001011009 17.0 -9997 0.6 0.0
C0G650 2001011010 18.7 -9997 0.2 0.0
C0G650 2001011011 -9997 -9997 0.0 0.0
C0G650 2001011012 22.1 -9997 0.8 0.0
C0G650 2001011013 21.8 -9997 0.1 0.0
C0G650 2001011014 20.8 -9997 1.4 0.0
C0G650 2001011015 20.7 -9997 0.6 0.0
C0G650 2001011016 19.7 -9997 1.0 0.0
C0G650 2001011017 18.4 -9997 1.1 0.0
C0G650 2001011018 17.5 -9997 0.1 0.0
C0G650 2001011019 16.9 -9997 0.0 0.0
C0G650 2001011020 15.6 -9997 0.0 0.0
C0G650 2001011021 15.4 -9997 0.0 0.0
C0G650 2001011022 15.3 -9997 0.2 0.0
C0G650 2001011023 14.6 -9997 0.0 0.0
C0G650 2001011024 15.0 -9997 0.0 0.0
C0G650 2001011101 13.8 -9997 0.0 0.0
C0G650 2001011102 14.8 -9997 0.0 0.0
C0G650 2001011103 14.8 -9997 0.0 0.0
C0G650 2001011104 15.1 -9997 0.0 0.0
C0G650 2001011105 14.9 -9997 0.0 0.0
C0G650 2001011106 14.0 -9997 0.1 0.0
C0G650 2001011107 14.6 -9997 0.2 0.0
C0G650 2001011108 16.2 -9997 0.6 0.0
C0G650 2001011109 17.3 -9997 1.0 0.0
C0G650 2001011110 18.4 -9997 1.3 0.0
C0G650 2001011111 18.6 -9997 0.7 0.0
C0G650 2001011112 20.0 -9997 1.0 0.0
C0G650 2001011113 21.5 -9997 0.9 0.0
C0G650 2001011114 22.7 -9997 1.0 0.0
C0G650 2001011115 20.8 -9997 1.8 0.0
C0G650 2001011116 21.0 -9997 -9997 0.0
C0G650 2001011117 18.8 -9997 2.0 0.0
C0G650 2001011118 17.6 -9997 0.3 0.0
C0G650 2001011119 17.1 -9997 0.2 0.0
C0G650 2001011120 16.4 -9997 0.0 0.0
C0G650 2001011121 16.1 -9997 0.1 0.0
C0G650 2001011122 15.7 -9997 0.0 0.0
C0G650 2001011123 15.3 -9997 0.0 0.0
C0G650 2001011124 15.2 -9997 0.0 0.0
C0G650 2001011201 14.7 -9997 0.0 0.0
C0G650 2001011202 13.8 -9997 0.0 0.0
C0G650 2001011203 13.1 -9997 0.0 0.0
C0G650 2001011204 12.9 -9997 0.0 0.0
C0G650 2001011205 12.5 -9997 0.0 0.0
C0G650 2001011206 12.5 -9997 0.0 0.0
C0G650 2001011207 13.0 -9997 0.0 0.0
C0G650 2001011208 14.7 -9997 0.0 0.0
C0G650 2001011209 18.8 -9997 0.3 0.0
C0G650 2001011210 20.4 -9997 1.2 0.0
C0G650 2001011211 22.4 -9997 0.8 0.0
C0G650 2001011212 24.2 -9997 1.4 0.0
C0G650 2001011213 23.2 -9997 0.7 0.0
C0G650 2001011214 22.6 -9997 1.6 0.0
C0G650 2001011215 23.5 -9997 1.9 0.0
C0G650 2001011216 24.0 -9997 0.6 0.0
C0G650 2001011217 19.9 -9997 1.4 0.0
C0G650 2001011218 18.5 -9997 0.7 0.0
C0G650 2001011219 17.7 -9997 0.3 0.0
C0G650 2001011220 17.4 -9997 0.3 0.0
C0G650 2001011221 17.3 -9997 0.5 0.0
C0G650 2001011222 17.2 -9997 0.6 0.0
C0G650 2001011223 17.0 -9997 0.0 0.0
C0G650 2001011224 16.9 -9997 0.0 0.0
C0G650 2001011301 16.9 -9997 0.0 0.0
C0G650 2001011302 16.9 -9997 0.0 0.0
C0G650 2001011303 16.9 -9997 0.0 0.0
C0G650 2001011304 16.7 -9997 0.0 0.0
C0G650 2001011305 17.2 -9997 0.7 0.0
C0G650 2001011306 17.0 -9997 0.3 0.0
C0G650 2001011307 16.9 -9997 0.8 0.0
C0G650 2001011308 17.5 -9997 0.1 0.0
C0G650 2001011309 19.1 -9997 1.6 0.0
C0G650 2001011310 19.8 -9997 1.8 0.0
C0G650 2001011311 19.7 -9997 2.7 0.0
C0G650 2001011312 19.4 -9997 2.3 0.0
C0G650 2001011313 18.9 -9997 1.8 0.0
C0G650 2001011314 -9997 -9997 2.3 0.0
C0G650 2001011315 20.7 -9997 2.0 0.0
C0G650 2001011316 19.2 -9997 1.7 0.0
C0G650 2001011317 17.8 -9997 1.3 0.0
C0G650 2001011318 16.5 -9997 1.2 0.0
C0G650 2001011319 15.8 -9997 0.6 0.0
C0G650 2001011320 15.3 -9997 0.3 0.0
C0G650 2001011321 14.9 -9997 0.3 0.0
C0G650 2001011322 14.4 -9997 0.1 0.0
C0G650 2001011323 14.2 -9997 0.2 0.0
C0G650 2001011324 13.8 -9997 0.1 -9996
C0G650 2001011401 13.2 -9997 0.0 0.0
C0G650 2001011402 13.5 -9997 0.1 0.0
C0G650 2001011403 13.9 -9997 0.7 0.0
C0G650 2001011404 13.6 -9997 0.3 0.0
C0G650 2001011405 12.8 -9997 0.1 0.0
C0G650 2001011406 12.5 -9997 0.0 0.0
C0G650 2001011407 12.2 -9997 0.0 0.0
C0G650 2001011408 13.9 -9997 0.1 0.0
C0G650 2001011409 -9997 -9997 -9997 0.0
C0G650 2001011410 17.3 -9997 0.3 0.0
C0G650 2001011411 18.9 -9997 0.3 0.0
C0G650 2001011412 20.5 -9997 0.3 0.0
C0G650 2001011413 20.8 -9997 1.1 0.0
C0G650 2001011414 21.4 -9997 0.3 0.0
C0G650 2001011415 21.9 -9997 0.4 0.0
C0G650 2001011416 20.5 -9997 1.0 0.0
C0G650 2001011417 18.8 -9997 0.8 0.0
C0G650 2001011418 16.9 -9997 0.3 0.0
C0G650 2001011419 15.9 -9997 0.2 0.0
C0G650 2001011420 15.0 -9997 0.2 0.0
C0G650 2001011421 14.8 -9997 0.8 0.0
C0G650 2001011422 14.3 -9997 0.3 0.0
C0G650 2001011423 13.8 -9997 0.8 0.0
C0G650 2001011424 13.4 -9997 0.2 0.0
C0G650 2001011501 12.9 -9997 0.0 0.0
C0G650 2001011502 12.5 -9997 0.2 0.0
C0G650 2001011503 12.7 -9997 0.9 0.0
C0G650 2001011504 12.9 -9997 1.1 0.0
C0G650 2001011505 12.8 -9997 0.4 0.0
C0G650 2001011506 12.6 -9997 0.5 0.0
C0G650 2001011507 12.5 -9997 0.6 0.0
C0G650 2001011508 12.9 -9997 0.2 0.0
C0G650 2001011509 13.8 -9997 0.8 0.0
C0G650 2001011510 15.7 -9997 0.7 0.0
C0G650 2001011511 16.4 -9997 0.6 0.0
C0G650 2001011512 16.9 -9997 1.6 0.0
C0G650 2001011513 18.0 -9997 1.2 0.0
C0G650 2001011514 -9997 -9997 1.3 0.0
C0G650 2001011515 17.2 -9997 2.0 0.0
C0G650 2001011516 16.7 -9997 1.0 0.0
C0G650 2001011517 14.9 -9997 1.4 0.0
C0G650 2001011518 13.7 -9997 0.9 0.0
C0G650 2001011519 13.1 -9997 1.0 0.0
C0G650 2001011520 12.7 -9997 0.6 0.0
C0G650 2001011521 -9997 -9997 -9997 0.0
C0G650 2001011522 12.6 -9997 0.1 0.0
C0G650 2001011523 12.5 -9997 0.8 0.0
C0G650 2001011524 12.4 -9997 0.8 0.0
C0G650 2001011601 12.4 -9997 0.7 0.0
C0G650 2001011602 12.2 -9997 0.3 0.0
C0G650 2001011603 12.3 -9997 0.9 0.0
C0G650 2001011604 12.4 -9997 0.1 0.0
C0G650 2001011605 12.3 -9997 0.6 0.0
C0G650 2001011606 12.2 -9997 0.0 0.0
C0G650 2001011607 12.3 -9997 0.1 0.0
C0G650 2001011608 12.7 -9997 0.0 0.0
C0G650 2001011609 13.5 -9997 0.8 0.0
C0G650 2001011610 14.0 -9997 0.1 0.0
C0G650 2001011611 15.3 -9997 0.1 0.0
C0G650 2001011612 18.0 -9997 0.2 0.0
C0G650 2001011613 17.7 -9997 0.1 0.0
C0G650 2001011614 19.0 -9997 0.1 0.0
C0G650 2001011615 20.1 -9997 0.7 0.0
C0G650 2001011616 20.1 -9997 0.2 0.0
C0G650 2001011617 18.5 -9997 0.4 0.0
C0G650 2001011618 16.7 -9997 0.0 0.0
C0G650 2001011619 15.3 -9997 0.0 0.0
C0G650 2001011620 14.1 -9997 0.0 0.0
C0G650 2001011621 13.3 -9997 0.0 0.0
C0G650 2001011622 11.7 -9997 0.0 0.0
C0G650 2001011623 10.9 -9997 0.7 0.0
C0G650 2001011624 11.0 -9997 0.0 -9996
C0G650 2001011701 10.4 -9997 0.0 0.0
C0G650 2001011702 9.9 -9997 0.0 0.0
C0G650 2001011703 10.2 -9997 0.0 0.0
C0G650 2001011704 11.0 -9997 0.0 0.0
C0G650 2001011705 10.6 -9997 0.0 0.0
C0G650 2001011706 10.1 -9997 0.0 0.0
C0G650 2001011707 10.2 -9997 0.0 0.0
C0G650 2001011708 11.7 -9997 0.0 0.0
C0G650 2001011709 16.0 -9997 0.3 0.0
C0G650 2001011710 22.0 -9997 0.2 0.0
C0G650 2001011711 22.2 -9997 -9997 0.0
C0G650 2001011712 22.1 -9997 0.9 0.0
C0G650 2001011713 22.3 -9997 1.1 0.0
C0G650 2001011714 21.0 -9997 1.7 0.0
C0G650 2001011715 21.8 -9997 0.0 0.0
C0G650 2001011716 21.2 -9997 0.7 0.0
C0G650 2001011717 -9997 -9997 -9997 0.0
C0G650 2001011718 17.9 -9997 0.0 0.0
C0G650 2001011719 16.3 -9997 0.8 0.0
C0G650 2001011720 14.5 -9997 0.1 0.0
C0G650 2001011721 13.7 -9997 0.0 0.0
C0G650 2001011722 13.0 -9997 0.0 0.0
C0G650 2001011723 12.3 -9997 0.0 0.0
C0G650 2001011724 11.8 -9997 0.0 0.0
C0G650 2001011801 11.3 -9997 0.0 0.0
C0G650 2001011802 11.2 -9997 0.0 0.0
C0G650 2001011803 11.1 -9997 0.0 0.0
C0G650 2001011804 11.5 -9997 0.0 0.0
C0G650 2001011805 11.2 -9997 0.0 0.0
C0G650 2001011806 10.7 -9997 0.0 0.0
C0G650 2001011807 10.9 -9997 0.0 0.0
C0G650 2001011808 12.6 -9997 0.0 0.0
C0G650 2001011809 17.5 -9997 0.0 0.0
C0G650 2001011810 20.3 -9997 0.2 0.0
C0G650 2001011811 22.9 -9997 0.8 0.0
C0G650 2001011812 23.1 -9997 0.1 0.0
C0G650 2001011813 22.7 -9997 1.2 0.0
C0G650 2001011814 22.8 -9997 0.8 0.0
C0G650 2001011815 22.9 -9997 0.5 0.0
C0G650 2001011816 22.2 -9997 0.3 0.0
C0G650 2001011817 20.5 -9997 0.5 0.0
C0G650 2001011818 18.7 -9997 0.0 0.0
C0G650 2001011819 17.0 -9997 0.0 0.0
C0G650 2001011820 16.0 -9997 0.0 0.0
C0G650 2001011821 14.9 -9997 0.0 0.0
C0G650 2001011822 14.0 -9997 0.0 0.0
C0G650 2001011823 13.6 -9997 0.0 0.0
C0G650 2001011824 13.8 -9997 0.0 0.0
C0G650 2001011901 12.7 -9997 0.0 0.0
C0G650 2001011902 12.4 -9997 0.0 0.0
C0G650 2001011903 12.2 -9997 0.0 0.0
C0G650 2001011904 11.2 -9997 0.0 0.0
C0G650 2001011905 11.0 -9997 0.0 0.0
C0G650 2001011906 10.8 -9997 0.0 0.0
C0G650 2001011907 10.7 -9997 0.0 0.0
C0G650 2001011908 13.1 -9997 0.0 0.0
C0G650 2001011909 17.6 -9997 0.0 0.0
C0G650 2001011910 19.9 -9997 0.0 0.0
C0G650 2001011911 22.7 -9997 0.2 0.0
C0G650 2001011912 23.7 -9997 0.2 0.0
C0G650 2001011913 25.6 -9997 1.1 0.0
C0G650 2001011914 26.5 -9997 2.0 0.0
C0G650 2001011915 21.5 -9997 0.8 0.0
C0G650 2001011916 19.8 -9997 1.2 0.0
C0G650 2001011917 19.2 -9997 0.0 0.0
C0G650 2001011918 18.7 -9997 0.6 0.0
C0G650 2001011919 17.9 -9997 0.1 0.0
C0G650 2001011920 17.3 -9997 0.0 0.0
C0G650 2001011921 15.8 -9997 0.0 0.0
C0G650 2001011922 15.2 -9997 0.0 0.0
C0G650 2001011923 15.3 -9997 0.0 0.0
C0G650 2001011924 14.2 -9997 0.0 0.0
C0G650 2001012001 14.4 -9997 0.0 0.0
C0G650 2001012002 15.2 -9997 0.0 0.0
C0G650 2001012003 15.5 -9997 0.0 0.0
C0G650 2001012004 14.4 -9997 0.0 0.0
C0G650 2001012005 14.1 -9997 0.0 0.0
C0G650 2001012006 14.5 -9997 0.0 0.0
C0G650 2001012007 14.2 -9997 0.2 0.0
C0G650 2001012008 14.6 -9997 0.0 0.0
C0G650 2001012009 16.0 -9997 0.1 0.0
C0G650 2001012010 21.5 -9997 0.0 0.0
C0G650 2001012011 25.0 -9997 0.2 0.0
C0G650 2001012012 26.8 -9997 1.2 0.0
C0G650 2001012013 27.0 -9997 1.4 0.0
C0G650 2001012014 27.0 -9997 0.5 0.0
C0G650 2001012015 25.9 -9997 1.8 0.0
C0G650 2001012016 25.8 -9997 0.4 0.0
C0G650 2001012017 24.3 -9997 0.0 0.0
C0G650 2001012018 22.3 -9997 0.0 0.0
C0G650 2001012019 19.4 -9997 0.2 0.0
C0G650 2001012020 17.4 -9997 0.0 0.0
C0G650 2001012021 15.6 -9997 0.0 0.0
C0G650 2001012022 14.5 -9997 0.0 0.0
C0G650 2001012023 13.9 -9997 0.0 0.0
C0G650 2001012024 13.4 -9997 0.0 0.0
C0G650 2001012101 12.8 -9997 0.0 0.0
C0G650 2001012102 12.5 -9997 0.0 0.0
C0G650 2001012103 12.0 -9997 0.0 0.0
C0G650 2001012104 12.4 -9997 0.0 0.0
C0G650 2001012105 11.4 -9997 0.0 0.0
C0G650 2001012106 11.3 -9997 0.0 0.0
C0G650 2001012107 11.3 -9997 0.0 0.0
C0G650 2001012108 13.6 -9997 0.0 0.0
C0G650 2001012109 18.3 -9997 0.0 0.0
C0G650 2001012110 21.4 -9997 -9997 0.0
C0G650 2001012111 23.1 -9997 0.4 0.0
C0G650 2001012112 24.5 -9997 0.6 0.0
C0G650 2001012113 26.2 -9997 0.6 0.0
C0G650 2001012114 23.6 -9997 0.9 0.0
C0G650 2001012115 22.8 -9997 0.5 0.0
C0G650 2001012116 22.5 -9997 0.6 0.0
C0G650 2001012117 20.2 -9997 0.4 0.0
C0G650 2001012118 18.9 -9997 0.0 0.0
C0G650 2001012119 18.5 -9997 0.0 0.0
C0G650 2001012120 17.7 -9997 0.0 0.0
C0G650 2001012121 16.1 -9997 0.2 0.0
C0G650 2001012122 16.0 -9997 0.0 0.0
C0G650 2001012123 15.8 -9997 0.0 0.0
C0G650 2001012124 15.5 -9997 0.0 0.0
C0G650 2001012201 15.7 -9997 0.0 0.0
C0G650 2001012202 15.6 -9997 0.0 0.0
C0G650 2001012203 15.4 -9997 0.0 0.0
C0G650 2001012204 15.3 -9997 0.0 0.0
C0G650 2001012205 15.0 -9997 0.0 0.0
C0G650 2001012206 15.6 -9997 0.0 0.0
C0G650 2001012207 15.5 -9997 0.0 0.0
C0G650 2001012208 15.9 -9997 0.0 0.0
C0G650 2001012209 16.1 -9997 0.1 0.0
C0G650 2001012210 18.4 -9997 0.0 0.0
C0G650 2001012211 19.9 -9997 0.0 0.0
C0G650 2001012212 22.1 -9997 0.5 0.0
C0G650 2001012213 22.0 -9997 0.5 0.0
C0G650 2001012214 23.0 -9997 0.1 0.0
C0G650 2001012215 24.9 -9997 0.1 0.0
C0G650 2001012216 23.8 -9997 0.5 0.0
C0G650 2001012217 -9997 -9997 0.0 0.0
C0G650 2001012218 21.6 -9997 0.0 0.0
C0G650 2001012219 20.7 -9997 0.0 0.0
C0G650 2001012220 21.0 -9997 0.0 0.0
C0G650 2001012221 20.3 -9997 0.0 0.0
C0G650 2001012222 19.5 -9997 0.0 0.0
C0G650 2001012223 19.9 -9997 0.0 0.0
C0G650 2001012224 19.0 -9997 0.0 0.0
C0G650 2001012301 18.9 -9997 0.0 0.0
C0G650 2001012302 18.6 -9997 0.0 0.0
C0G650 2001012303 18.8 -9997 0.2 0.0
C0G650 2001012304 18.6 -9997 0.0 0.0
C0G650 2001012305 18.3 -9997 0.0 0.0
C0G650 2001012306 18.0 -9997 0.1 0.0
C0G650 2001012307 18.0 -9997 0.3 0.0
C0G650 2001012308 18.4 -9997 0.0 0.0
C0G650 2001012309 20.2 -9997 0.0 0.0
C0G650 2001012310 -9997 -9997 -9997 0.0
C0G650 2001012311 24.4 -9997 0.5 0.0
C0G650 2001012312 26.3 -9997 1.0 0.0
C0G650 2001012313 25.7 -9997 0.8 0.0
C0G650 2001012314 25.2 -9997 0.5 0.0
C0G650 2001012315 24.6 -9997 1.7 0.0
C0G650 2001012316 23.9 -9997 1.6 0.0
C0G650 2001012317 20.8 -9997 0.7 0.0
C0G650 2001012318 19.8 -9997 0.3 0.0
C0G650 2001012319 19.3 -9997 0.0 0.0
C0G650 2001012320 19.1 -9997 0.1 0.0
C0G650 2001012321 19.1 -9997 0.1 0.0
C0G650 2001012322 19.0 -9997 0.0 0.0
C0G650 2001012323 18.9 -9997 0.0 0.0
C0G650 2001012324 19.1 -9997 0.0 0.0
C0G650 2001012401 18.8 -9997 0.0 0.0
C0G650 2001012402 18.8 -9997 0.0 0.0
C0G650 2001012403 18.8 -9997 0.0 0.0
C0G650 2001012404 18.7 -9997 0.0 0.0
C0G650 2001012405 18.7 -9997 0.2 0.0
C0G650 2001012406 17.7 -9997 0.0 0.0
C0G650 2001012407 17.7 -9997 0.0 0.0
C0G650 2001012408 19.1 -9997 -9997 0.0
C0G650 2001012409 20.8 -9997 0.0 0.0
C0G650 2001012410 24.5 -9997 0.1 0.0
C0G650 2001012411 28.0 -9997 0.4 0.0
C0G650 2001012412 29.5 -9997 0.3 0.0
C0G650 2001012413 26.6 -9997 0.6 0.0
C0G650 2001012414 24.1 -9997 1.2 0.0
C0G650 2001012415 24.3 -9997 0.3 0.0
C0G650 2001012416 24.3 -9997 0.2 0.0
C0G650 2001012417 22.8 -9997 0.3 0.0
C0G650 2001012418 21.4 -9997 0.0 0.0
C0G650 2001012419 20.5 -9997 0.1 0.0
C0G650 2001012420 19.8 -9997 1.2 0.0
C0G650 2001012421 20.1 -9997 0.4 0.0
C0G650 2001012422 20.2 -9997 0.7 0.0
C0G650 2001012423 20.5 -9997 0.7 0.0
C0G650 2001012424 20.6 -9997 0.0 0.0
C0G650 2001012501 20.0 -9997 0.0 0.0
C0G650 2001012502 -9997 -9997 -9997 0.0
C0G650 2001012503 19.3 -9997 0.0 0.0
C0G650 2001012504 19.4 -9997 0.0 0.0
C0G650 2001012505 19.9 -9997 0.0 0.0
C0G650 2001012506 19.9 -9997 0.0 0.0
C0G650 2001012507 19.5 -9997 -9997 0.0
C0G650 2001012508 20.4 -9997 0.0 0.0
C0G650 2001012509 23.1 -9997 1.0 0.0
C0G650 2001012510 24.3 -9997 0.8 0.0
C0G650 2001012511 26.0 -9997 0.0 0.0
C0G650 2001012512 27.3 -9997 1.5 0.0
C0G650 2001012513 25.6 -9997 2.0 0.0
C0G650 2001012514 21.7 -9997 1.9 0.0
C0G650 2001012515 21.3 -9997 1.1 0.0
C0G650 2001012516 21.9 -9997 0.3 0.0
C0G650 2001012517 20.8 -9997 0.0 2.0
C0G650 2001012518 21.0 -9997 0.0 1.0
C0G650 2001012519 21.0 -9997 0.0 0.0
C0G650 2001012520 21.2 -9997 0.0 0.0
C0G650 2001012521 21.1 -9997 0.2 0.0
C0G650 2001012522 20.7 -9997 0.4 0.0
C0G650 2001012523 20.8 -9997 0.5 0.0
C0G650 2001012524 19.9 -9997 0.1 0.5
C0G650 2001012601 18.4 -9997 0.9 0.0
C0G650 2001012602 17.7 -9997 0.9 1.5
C0G650 2001012603 17.3 -9997 0.3 1.0
C0G650 2001012604 17.1 -9997 0.7 0.5
C0G650 2001012605 17.3 -9997 0.2 2.0
C0G650 2001012606 17.4 -9997 0.4 1.5
C0G650 2001012607 17.6 -9997 1.9 11.0
C0G650 2001012608 17.2 -9997 0.0 2.5
C0G650 2001012609 17.9 -9997 0.0 1.5
C0G650 2001012610 18.2 -9997 0.1 0.5
C0G650 2001012611 18.0 -9997 0.8 2.0
C0G650 2001012612 16.9 -9997 0.4 1.5
C0G650 2001012613 15.8 -9997 0.8 1.0
C0G650 2001012614 15.6 -9997 0.5 1.0
C0G650 2001012615 14.7 -9997 1.4 5.0
C0G650 2001012616 14.7 -9997 1.2 1.5
C0G650 2001012617 14.7 -9997 1.2 0.5
C0G650 2001012618 14.9 -9997 0.4 0.0
C0G650 2001012619 14.4 -9997 1.5 0.0
C0G650 2001012620 14.2 -9997 1.1 0.0
C0G650 2001012621 13.9 -9997 0.2 0.0
C0G650 2001012622 13.2 -9997 1.6 0.0
C0G650 2001012623 13.6 -9997 1.1 0.0
C0G650 2001012624 13.5 -9997 0.8 0.0
C0G650 2001012701 13.4 -9997 0.0 0.0
C0G650 2001012702 13.2 -9997 0.0 0.0
C0G650 2001012703 13.0 -9997 0.0 -9996
C0G650 2001012704 13.1 -9997 0.4 0.5
C0G650 2001012705 12.7 -9997 0.0 0.0
C0G650 2001012706 12.5 -9997 0.0 0.0
C0G650 2001012707 12.9 -9997 0.0 0.0
C0G650 2001012708 13.6 -9997 0.0 0.0
C0G650 2001012709 14.0 -9997 0.2 0.0
C0G650 2001012710 14.5 -9997 0.4 0.0
C0G650 2001012711 15.3 -9997 0.1 0.0
C0G650 2001012712 16.0 -9997 0.0 0.0
C0G650 2001012713 17.5 -9997 0.0 0.0
C0G650 2001012714 17.5 -9997 0.1 0.0
C0G650 2001012715 17.1 -9997 0.1 0.0
C0G650 2001012716 16.1 -9997 0.3 0.0
C0G650 2001012717 16.6 -9997 0.5 0.0
C0G650 2001012718 15.9 -9997 0.0 0.0
C0G650 2001012719 15.2 -9997 0.1 0.0
C0G650 2001012720 13.9 -9997 0.5 0.0
C0G650 2001012721 14.0 -9997 0.5 0.0
C0G650 2001012722 13.4 -9997 0.4 0.0
C0G650 2001012723 12.9 -9997 0.1 0.5
C0G650 2001012724 13.3 -9997 0.0 0.0
C0G650 2001012801 13.2 -9997 0.0 0.5
C0G650 2001012802 13.3 -9997 0.0 0.0
C0G650 2001012803 13.0 -9997 0.0 1.0
C0G650 2001012804 13.4 -9997 0.0 1.0
C0G650 2001012805 13.1 -9997 0.1 2.5
C0G650 2001012806 13.2 -9997 0.5 3.5
C0G650 2001012807 13.2 -9997 0.2 4.0
C0G650 2001012808 -9997 -9997 -9997 0.5
C0G650 2001012809 13.9 -9997 0.7 0.0
C0G650 2001012810 14.7 -9997 0.8 0.0
C0G650 2001012811 15.0 -9997 0.0 0.0
C0G650 2001012812 15.0 -9997 0.1 0.5
C0G650 2001012813 14.8 -9997 1.4 1.0
C0G650 2001012814 14.9 -9997 0.1 0.0
C0G650 2001012815 15.7 -9997 0.1 0.5
C0G650 2001012816 15.3 -9997 1.2 0.0
C0G650 2001012817 15.1 -9997 1.1 0.0
C0G650 2001012818 14.4 -9997 1.3 0.0
C0G650 2001012819 14.1 -9997 -9997 0.0
C0G650 2001012820 13.7 -9997 0.5 0.0
C0G650 2001012821 13.2 -9997 0.3 0.5
C0G650 2001012822 12.9 -9997 0.1 0.0
C0G650 2001012823 12.8 -9997 1.1 0.0
C0G650 2001012824 12.7 -9997 0.2 0.0
C0G650 2001012901 12.2 -9997 0.5 0.5
C0G650 2001012902 12.0 -9997 0.7 1.0
C0G650 2001012903 11.7 -9997 1.3 0.5
C0G650 2001012904 11.6 -9997 0.8 0.5
C0G650 2001012905 11.1 -9997 1.0 0.5
C0G650 2001012906 11.1 -9997 1.1 1.0
C0G650 2001012907 11.0 -9997 0.0 0.0
C0G650 2001012908 12.0 -9997 0.4 0.0
C0G650 2001012909 13.7 -9997 0.2 0.0
C0G650 2001012910 14.2 -9997 0.2 0.0
C0G650 2001012911 15.6 -9997 0.7 0.0
C0G650 2001012912 18.7 -9997 0.3 0.0
C0G650 2001012913 17.0 -9997 0.7 0.0
C0G650 2001012914 17.4 -9997 0.5 0.0
C0G650 2001012915 18.1 -9997 0.8 0.0
C0G650 2001012916 18.2 -9997 0.5 0.0
C0G650 2001012917 17.7 -9997 0.1 0.0
C0G650 2001012918 16.2 -9997 0.1 0.0
C0G650 2001012919 15.4 -9997 0.0 0.0
C0G650 2001012920 14.6 -9997 0.0 0.0
C0G650 2001012921 14.5 -9997 0.5 0.0
C0G650 2001012922 13.9 -9997 0.0 0.0
C0G650 2001012923 13.4 -9997 0.0 0.0
C0G650 2001012924 13.3 -9997 0.0 0.0
C0G650 2001013001 13.7 -9997 0.0 0.0
C0G650 2001013002 14.1 -9997 0.0 0.0
C0G650 2001013003 14.3 -9997 0.0 0.0
C0G650 2001013004 14.1 -9997 0.0 0.0
C0G650 2001013005 14.0 -9997 0.0 0.0
C0G650 2001013006 14.0 -9997 0.2 0.0
C0G650 2001013007 14.6 -9997 0.6 0.0
C0G650 2001013008 15.3 -9997 0.0 0.0
C0G650 2001013009 16.3 -9997 0.0 0.0
C0G650 2001013010 16.7 -9997 0.0 0.0
C0G650 2001013011 18.0 -9997 0.0 0.0
C0G650 2001013012 20.4 -9997 0.0 0.0
C0G650 2001013013 21.4 -9997 1.0 0.0
C0G650 2001013014 21.3 -9997 1.1 0.0
C0G650 2001013015 20.9 -9997 0.8 0.0
C0G650 2001013016 21.5 -9997 0.2 0.0
C0G650 2001013017 18.6 -9997 0.7 0.0
C0G650 2001013018 16.6 -9997 0.1 0.0
C0G650 2001013019 15.9 -9997 0.7 0.0
C0G650 2001013020 15.3 -9997 0.0 0.0
C0G650 2001013021 15.1 -9997 0.0 0.0
C0G650 2001013022 13.7 -9997 0.0 0.0
C0G650 2001013023 13.5 -9997 0.0 0.0
C0G650 2001013024 13.3 -9997 0.0 0.0
C0G650 2001013101 13.8 -9997 0.0 0.0
C0G650 2001013102 14.0 -9997 0.0 0.0
C0G650 2001013103 12.4 -9997 0.0 0.0
C0G650 2001013104 12.1 -9997 0.0 0.0
C0G650 2001013105 11.9 -9997 0.0 0.0
C0G650 2001013106 13.4 -9997 0.0 0.0
C0G650 2001013107 11.9 -9997 0.0 0.0
C0G650 2001013108 15.6 -9997 1.4 0.0
C0G650 2001013109 16.9 -9997 0.5 0.0
C0G650 2001013110 19.8 -9997 0.0 0.0
C0G650 2001013111 21.4 -9997 0.0 0.0
C0G650 2001013112 23.6 -9997 0.2 0.0
C0G650 2001013113 23.1 -9997 0.9 0.0
C0G650 2001013114 21.2 -9997 0.7 0.0
C0G650 2001013115 20.9 -9997 1.6 0.0
C0G650 2001013116 19.3 -9997 0.7 0.0
C0G650 2001013117 18.6 -9997 -9997 0.0
C0G650 2001013118 17.5 -9997 0.1 0.0
C0G650 2001013119 16.5 -9997 0.0 0.0
C0G650 2001013120 16.0 -9997 0.0 0.0
C0G650 2001013121 15.5 -9997 0.0 0.0
C0G650 2001013122 14.7 -9997 0.0 0.0
C0G650 2001013123 15.1 -9997 0.2 0.0
C0G650 2001013124 14.9 -9997 0.0 0.0
C0G660 2001010101 -9999 -9999 -9999 0.0
C0G660 2001010102 -9999 -9999 -9999 0.0
C0G660 2001010103 -9999 -9999 -9999 0.0
C0G660 2001010104 -9999 -9999 -9999 0.0
C0G660 2001010105 -9999 -9999 -9999 0.0
C0G660 2001010106 -9999 -9999 -9999 0.0
C0G660 2001010107 -9999 -9999 -9999 0.0
C0G660 2001010108 -9999 -9999 -9999 0.0
C0G660 2001010109 -9999 -9999 -9999 0.0
C0G660 2001010110 -9999 -9999 -9999 0.0
C0G660 2001010111 -9999 -9999 -9999 0.0
C0G660 2001010112 -9999 -9999 -9999 0.0
C0G660 2001010113 -9999 -9999 -9999 0.0
C0G660 2001010114 -9999 -9999 -9999 0.0
C0G660 2001010115 -9999 -9999 -9999 0.0
C0G660 2001010116 -9999 -9999 -9999 0.0
C0G660 2001010117 -9999 -9999 -9999 0.0
C0G660 2001010118 -9999 -9999 -9999 0.0
C0G660 2001010119 -9999 -9999 -9999 0.0
C0G660 2001010120 -9999 -9999 -9999 0.0
C0G660 2001010121 -9999 -9999 -9999 0.0
C0G660 2001010122 -9999 -9999 -9999 0.0
C0G660 2001010123 -9999 -9999 -9999 0.0
C0G660 2001010124 -9999 -9999 -9999 0.0
C0G660 2001010201 -9999 -9999 -9999 0.0
C0G660 2001010202 -9999 -9999 -9999 0.0
C0G660 2001010203 -9999 -9999 -9999 0.0
C0G660 2001010204 -9999 -9999 -9999 0.0
C0G660 2001010205 -9999 -9999 -9999 0.0
C0G660 2001010206 -9999 -9999 -9999 0.0
C0G660 2001010207 -9999 -9999 -9999 0.0
C0G660 2001010208 -9999 -9999 -9999 0.0
C0G660 2001010209 -9999 -9999 -9999 0.0
C0G660 2001010210 -9999 -9999 -9999 0.0
C0G660 2001010211 -9999 -9999 -9999 0.0
C0G660 2001010212 -9999 -9999 -9999 0.0
C0G660 2001010213 -9999 -9999 -9999 0.0
C0G660 2001010214 -9999 -9999 -9999 0.0
C0G660 2001010215 -9999 -9999 -9999 0.0
C0G660 2001010216 -9999 -9999 -9999 0.0
C0G660 2001010217 -9999 -9999 -9999 0.0
C0G660 2001010218 -9999 -9999 -9999 0.0
C0G660 2001010219 -9999 -9999 -9999 0.0
C0G660 2001010220 -9999 -9999 -9999 0.0
C0G660 2001010221 -9999 -9999 -9999 0.0
C0G660 2001010222 -9999 -9999 -9999 0.0
C0G660 2001010223 -9999 -9999 -9999 0.0
C0G660 2001010224 -9999 -9999 -9999 0.0
C0G660 2001010301 -9999 -9999 -9999 0.0
C0G660 2001010302 -9999 -9999 -9999 0.0
C0G660 2001010303 -9999 -9999 -9999 0.0
C0G660 2001010304 -9999 -9999 -9999 0.0
C0G660 2001010305 -9999 -9999 -9999 0.0
C0G660 2001010306 -9999 -9999 -9999 0.0
C0G660 2001010307 -9999 -9999 -9999 0.0
C0G660 2001010308 -9999 -9999 -9999 0.0
C0G660 2001010309 -9999 -9999 -9999 0.0
C0G660 2001010310 -9999 -9999 -9999 0.0
C0G660 2001010311 -9999 -9999 -9999 0.0
C0G660 2001010312 -9999 -9999 -9999 0.0
C0G660 2001010313 -9999 -9999 -9999 0.0
C0G660 2001010314 -9999 -9999 -9999 0.0
C0G660 2001010315 -9999 -9999 -9999 0.0
C0G660 2001010316 -9999 -9999 -9999 0.0
C0G660 2001010317 -9999 -9999 -9999 0.0
C0G660 2001010318 -9999 -9999 -9999 0.0
C0G660 2001010319 -9999 -9999 -9999 0.0
C0G660 2001010320 -9999 -9999 -9999 0.0
C0G660 2001010321 -9999 -9999 -9999 0.0
C0G660 2001010322 -9999 -9999 -9999 0.0
C0G660 2001010323 -9999 -9999 -9999 0.0
C0G660 2001010324 -9999 -9999 -9999 0.0
C0G660 2001010401 -9999 -9999 -9999 0.0
C0G660 2001010402 -9999 -9999 -9999 0.0
C0G660 2001010403 -9999 -9999 -9999 0.0
C0G660 2001010404 -9999 -9999 -9999 0.0
C0G660 2001010405 -9999 -9999 -9999 0.0
C0G660 2001010406 -9999 -9999 -9999 0.0
C0G660 2001010407 -9999 -9999 -9999 0.0
C0G660 2001010408 -9999 -9999 -9999 0.0
C0G660 2001010409 -9999 -9999 -9999 0.0
C0G660 2001010410 -9999 -9999 -9999 0.0
C0G660 2001010411 -9999 -9999 -9999 0.0
C0G660 2001010412 -9999 -9999 -9999 0.0
C0G660 2001010413 -9999 -9999 -9999 0.0
C0G660 2001010414 -9999 -9999 -9999 0.0
C0G660 2001010415 -9999 -9999 -9999 0.0
C0G660 2001010416 -9999 -9999 -9999 0.0
C0G660 2001010417 -9999 -9999 -9999 0.0
C0G660 2001010418 -9999 -9999 -9999 0.0
C0G660 2001010419 -9999 -9999 -9999 0.0
C0G660 2001010420 -9999 -9999 -9999 0.0
C0G660 2001010421 -9999 -9999 -9999 0.0
C0G660 2001010422 -9999 -9999 -9999 0.0
C0G660 2001010423 -9999 -9999 -9999 0.0
C0G660 2001010424 -9999 -9999 -9999 0.0
C0G660 2001010501 -9999 -9999 -9999 0.0
C0G660 2001010502 -9999 -9999 -9999 0.0
C0G660 2001010503 -9999 -9999 -9999 0.0
C0G660 2001010504 -9999 -9999 -9999 0.0
C0G660 2001010505 -9999 -9999 -9999 0.0
C0G660 2001010506 -9999 -9999 -9999 0.0
C0G660 2001010507 -9999 -9999 -9999 0.0
C0G660 2001010508 -9999 -9999 -9999 0.0
C0G660 2001010509 -9999 -9999 -9999 0.0
C0G660 2001010510 -9999 -9999 -9999 0.0
C0G660 2001010511 -9999 -9999 -9999 0.0
C0G660 2001010512 -9999 -9999 -9999 0.0
C0G660 2001010513 -9999 -9999 -9999 0.0
C0G660 2001010514 -9999 -9999 -9999 0.0
C0G660 2001010515 -9999 -9999 -9999 0.0
C0G660 2001010516 -9999 -9999 -9999 0.0
C0G660 2001010517 -9999 -9999 -9999 0.0
C0G660 2001010518 -9999 -9999 -9999 0.0
C0G660 2001010519 -9999 -9999 -9999 0.0
C0G660 2001010520 -9999 -9999 -9999 0.0
C0G660 2001010521 -9999 -9999 -9999 0.0
C0G660 2001010522 -9999 -9999 -9999 0.0
C0G660 2001010523 -9999 -9999 -9999 0.0
C0G660 2001010524 -9999 -9999 -9999 0.0
C0G660 2001010601 -9999 -9999 -9999 0.0
C0G660 2001010602 -9999 -9999 -9999 0.0
C0G660 2001010603 -9999 -9999 -9999 0.0
C0G660 2001010604 -9999 -9999 -9999 0.0
C0G660 2001010605 -9999 -9999 -9999 0.0
C0G660 2001010606 -9999 -9999 -9999 0.0
C0G660 2001010607 -9999 -9999 -9999 0.0
C0G660 2001010608 -9999 -9999 -9999 0.0
C0G660 2001010609 -9999 -9999 -9999 0.0
C0G660 2001010610 -9999 -9999 -9999 0.0
C0G660 2001010611 -9999 -9999 -9999 0.0
C0G660 2001010612 -9999 -9999 -9999 0.0
C0G660 2001010613 -9999 -9999 -9999 0.0
C0G660 2001010614 -9999 -9999 -9999 0.0
C0G660 2001010615 -9999 -9999 -9999 0.0
C0G660 2001010616 -9999 -9999 -9999 0.0
C0G660 2001010617 -9999 -9999 -9999 0.0
C0G660 2001010618 -9999 -9999 -9999 0.0
C0G660 2001010619 -9999 -9999 -9999 0.0
C0G660 2001010620 -9999 -9999 -9999 0.0
C0G660 2001010621 -9999 -9999 -9999 0.0
C0G660 2001010622 -9999 -9999 -9999 0.0
C0G660 2001010623 -9999 -9999 -9999 0.0
C0G660 2001010624 -9999 -9999 -9999 0.0
C0G660 2001010701 -9999 -9999 -9999 0.0
C0G660 2001010702 -9999 -9999 -9999 0.0
C0G660 2001010703 -9999 -9999 -9999 0.0
C0G660 2001010704 -9999 -9999 -9999 0.0
C0G660 2001010705 -9999 -9999 -9999 0.0
C0G660 2001010706 -9999 -9999 -9999 0.0
C0G660 2001010707 -9999 -9999 -9999 0.0
C0G660 2001010708 -9999 -9999 -9999 0.0
C0G660 2001010709 -9999 -9999 -9999 0.0
C0G660 2001010710 -9999 -9999 -9999 0.0
C0G660 2001010711 -9999 -9999 -9999 0.0
C0G660 2001010712 -9999 -9999 -9999 0.0
C0G660 2001010713 -9999 -9999 -9999 0.0
C0G660 2001010714 -9999 -9999 -9999 0.0
C0G660 2001010715 -9999 -9999 -9999 0.0
C0G660 2001010716 -9999 -9999 -9999 0.0
C0G660 2001010717 -9999 -9999 -9999 0.0
C0G660 2001010718 -9999 -9999 -9999 0.0
C0G660 2001010719 -9999 -9999 -9999 0.0
C0G660 2001010720 -9999 -9999 -9999 0.0
C0G660 2001010721 -9999 -9999 -9999 0.0
C0G660 2001010722 -9999 -9999 -9999 0.0
C0G660 2001010723 -9999 -9999 -9999 0.0
C0G660 2001010724 -9999 -9999 -9999 0.0
C0G660 2001010801 -9999 -9999 -9999 0.0
C0G660 2001010802 -9999 -9999 -9999 0.0
C0G660 2001010803 -9999 -9999 -9999 0.0
C0G660 2001010804 -9999 -9999 -9999 0.0
C0G660 2001010805 -9999 -9999 -9999 0.0
C0G660 2001010806 -9999 -9999 -9999 0.0
C0G660 2001010807 -9999 -9999 -9999 0.0
C0G660 2001010808 -9999 -9999 -9999 0.0
C0G660 2001010809 -9999 -9999 -9999 0.0
C0G660 2001010810 -9999 -9999 -9999 0.0
C0G660 2001010811 -9999 -9999 -9999 0.0
C0G660 2001010812 -9999 -9999 -9999 0.0
C0G660 2001010813 -9999 -9999 -9999 0.0
C0G660 2001010814 -9999 -9999 -9999 0.0
C0G660 2001010815 -9999 -9999 -9999 0.0
C0G660 2001010816 -9999 -9999 -9999 0.0
C0G660 2001010817 -9999 -9999 -9999 0.0
C0G660 2001010818 -9999 -9999 -9999 0.0
C0G660 2001010819 -9999 -9999 -9999 0.0
C0G660 2001010820 -9999 -9999 -9999 0.0
C0G660 2001010821 -9999 -9999 -9999 0.0
C0G660 2001010822 -9999 -9999 -9999 0.0
C0G660 2001010823 -9999 -9999 -9999 0.0
C0G660 2001010824 -9999 -9999 -9999 0.0
C0G660 2001010901 -9999 -9999 -9999 0.0
C0G660 2001010902 -9999 -9999 -9999 0.0
C0G660 2001010903 -9999 -9999 -9999 0.0
C0G660 2001010904 -9999 -9999 -9999 0.0
C0G660 2001010905 -9999 -9999 -9999 0.0
C0G660 2001010906 -9999 -9999 -9999 0.0
C0G660 2001010907 -9999 -9999 -9999 0.0
C0G660 2001010908 -9999 -9999 -9999 0.0
C0G660 2001010909 -9999 -9999 -9999 0.0
C0G660 2001010910 -9999 -9999 -9999 0.0
C0G660 2001010911 -9999 -9999 -9999 0.0
C0G660 2001010912 -9999 -9999 -9999 0.0
C0G660 2001010913 -9999 -9999 -9999 0.0
C0G660 2001010914 -9999 -9999 -9999 0.0
C0G660 2001010915 -9999 -9999 -9999 0.0
C0G660 2001010916 -9999 -9999 -9999 0.0
C0G660 2001010917 -9999 -9999 -9999 0.0
C0G660 2001010918 -9999 -9999 -9999 0.0
C0G660 2001010919 -9999 -9999 -9999 0.0
C0G660 2001010920 -9999 -9999 -9999 0.0
C0G660 2001010921 -9999 -9999 -9999 0.0
C0G660 2001010922 -9999 -9999 -9999 0.0
C0G660 2001010923 -9999 -9999 -9999 0.0
C0G660 2001010924 -9999 -9999 -9999 0.0
C0G660 2001011001 -9999 -9999 -9999 0.0
C0G660 2001011002 -9999 -9999 -9999 0.0
C0G660 2001011003 -9999 -9999 -9999 0.0
C0G660 2001011004 -9999 -9999 -9999 0.0
C0G660 2001011005 -9999 -9999 -9999 0.0
C0G660 2001011006 -9999 -9999 -9999 0.0
C0G660 2001011007 -9999 -9999 -9999 0.0
C0G660 2001011008 -9999 -9999 -9999 0.0
C0G660 2001011009 -9999 -9999 -9999 0.0
C0G660 2001011010 -9999 -9999 -9999 0.0
C0G660 2001011011 -9999 -9999 -9999 0.0
C0G660 2001011012 -9999 -9999 -9999 0.0
C0G660 2001011013 -9999 -9999 -9999 0.0
C0G660 2001011014 -9999 -9999 -9999 0.0
C0G660 2001011015 -9999 -9999 -9999 0.0
C0G660 2001011016 -9999 -9999 -9999 0.0
C0G660 2001011017 -9999 -9999 -9999 0.0
C0G660 2001011018 -9999 -9999 -9999 0.0
C0G660 2001011019 -9999 -9999 -9999 0.0
C0G660 2001011020 -9999 -9999 -9999 0.0
C0G660 2001011021 -9999 -9999 -9999 0.0
C0G660 2001011022 -9999 -9999 -9999 0.0
C0G660 2001011023 -9999 -9999 -9999 0.0
C0G660 2001011024 -9999 -9999 -9999 0.0
C0G660 2001011101 -9999 -9999 -9999 0.0
C0G660 2001011102 -9999 -9999 -9999 0.0
C0G660 2001011103 -9999 -9999 -9999 0.0
C0G660 2001011104 -9999 -9999 -9999 0.0
C0G660 2001011105 -9999 -9999 -9999 0.0
C0G660 2001011106 -9999 -9999 -9999 0.0
C0G660 2001011107 -9999 -9999 -9999 0.0
C0G660 2001011108 -9999 -9999 -9999 0.0
C0G660 2001011109 -9999 -9999 -9999 0.0
C0G660 2001011110 -9999 -9999 -9999 0.0
C0G660 2001011111 -9999 -9999 -9999 0.0
C0G660 2001011112 -9999 -9999 -9999 0.0
C0G660 2001011113 -9999 -9999 -9999 0.0
C0G660 2001011114 -9999 -9999 -9999 0.0
C0G660 2001011115 -9999 -9999 -9999 0.0
C0G660 2001011116 -9999 -9999 -9999 0.0
C0G660 2001011117 -9999 -9999 -9999 0.0
C0G660 2001011118 -9999 -9999 -9999 0.0
C0G660 2001011119 -9999 -9999 -9999 0.0
C0G660 2001011120 -9999 -9999 -9999 0.0
C0G660 2001011121 -9999 -9999 -9999 0.0
C0G660 2001011122 -9999 -9999 -9999 0.0
C0G660 2001011123 -9999 -9999 -9999 0.0
C0G660 2001011124 -9999 -9999 -9999 0.0
C0G660 2001011201 -9999 -9999 -9999 0.0
C0G660 2001011202 -9999 -9999 -9999 0.0
C0G660 2001011203 -9999 -9999 -9999 0.0
C0G660 2001011204 -9999 -9999 -9999 0.0
C0G660 2001011205 -9999 -9999 -9999 0.0
C0G660 2001011206 -9999 -9999 -9999 0.0
C0G660 2001011207 -9999 -9999 -9999 0.0
C0G660 2001011208 -9999 -9999 -9999 0.0
C0G660 2001011209 -9999 -9999 -9999 0.0
C0G660 2001011210 -9999 -9999 -9999 0.0
C0G660 2001011211 -9999 -9999 -9999 0.0
C0G660 2001011212 -9999 -9999 -9999 0.0
C0G660 2001011213 -9999 -9999 -9999 0.0
C0G660 2001011214 -9999 -9999 -9999 0.0
C0G660 2001011215 -9999 -9999 -9999 0.0
C0G660 2001011216 -9999 -9999 -9999 0.0
C0G660 2001011217 -9999 -9999 -9999 0.0
C0G660 2001011218 -9999 -9999 -9999 0.0
C0G660 2001011219 -9999 -9999 -9999 0.0
C0G660 2001011220 -9999 -9999 -9999 0.0
C0G660 2001011221 -9999 -9999 -9999 0.0
C0G660 2001011222 -9999 -9999 -9999 0.0
C0G660 2001011223 -9999 -9999 -9999 0.0
C0G660 2001011224 -9999 -9999 -9999 0.0
C0G660 2001011301 -9999 -9999 -9999 0.0
C0G660 2001011302 -9999 -9999 -9999 0.0
C0G660 2001011303 -9999 -9999 -9999 0.0
C0G660 2001011304 -9999 -9999 -9999 0.0
C0G660 2001011305 -9999 -9999 -9999 0.0
C0G660 2001011306 -9999 -9999 -9999 0.0
C0G660 2001011307 -9999 -9999 -9999 0.0
C0G660 2001011308 -9999 -9999 -9999 0.0
C0G660 2001011309 -9999 -9999 -9999 0.0
C0G660 2001011310 -9999 -9999 -9999 0.0
C0G660 2001011311 -9999 -9999 -9999 0.0
C0G660 2001011312 -9999 -9999 -9999 0.0
C0G660 2001011313 -9999 -9999 -9999 0.0
C0G660 2001011314 -9999 -9999 -9999 0.0
C0G660 2001011315 -9999 -9999 -9999 0.0
C0G660 2001011316 -9999 -9999 -9999 0.0
C0G660 2001011317 -9999 -9999 -9999 0.0
C0G660 2001011318 -9999 -9999 -9999 0.0
C0G660 2001011319 -9999 -9999 -9999 0.0
C0G660 2001011320 -9999 -9999 -9999 0.0
C0G660 2001011321 -9999 -9999 -9999 0.0
C0G660 2001011322 -9999 -9999 -9999 0.0
C0G660 2001011323 -9999 -9999 -9999 0.0
C0G660 2001011324 -9999 -9999 -9999 0.0
C0G660 2001011401 -9999 -9999 -9999 0.0
C0G660 2001011402 -9999 -9999 -9999 0.0
C0G660 2001011403 -9999 -9999 -9999 0.0
C0G660 2001011404 -9999 -9999 -9999 0.0
C0G660 2001011405 -9999 -9999 -9999 0.0
C0G660 2001011406 -9999 -9999 -9999 0.0
C0G660 2001011407 -9999 -9999 -9999 0.0
C0G660 2001011408 -9999 -9999 -9999 0.0
C0G660 2001011409 -9999 -9999 -9999 0.0
C0G660 2001011410 -9999 -9999 -9999 0.0
C0G660 2001011411 -9999 -9999 -9999 0.0
C0G660 2001011412 -9999 -9999 -9999 0.0
C0G660 2001011413 -9999 -9999 -9999 0.0
C0G660 2001011414 -9999 -9999 -9999 0.0
C0G660 2001011415 -9999 -9999 -9999 0.0
C0G660 2001011416 -9999 -9999 -9999 0.0
C0G660 2001011417 -9999 -9999 -9999 0.0
C0G660 2001011418 -9999 -9999 -9999 0.0
C0G660 2001011419 -9999 -9999 -9999 0.0
C0G660 2001011420 -9999 -9999 -9999 0.0
C0G660 2001011421 -9999 -9999 -9999 0.0
C0G660 2001011422 -9999 -9999 -9999 0.0
C0G660 2001011423 -9999 -9999 -9999 0.0
C0G660 2001011424 -9999 -9999 -9999 0.0
C0G660 2001011501 -9999 -9999 -9999 0.0
C0G660 2001011502 -9999 -9999 -9999 0.0
C0G660 2001011503 -9999 -9999 -9999 0.0
C0G660 2001011504 -9999 -9999 -9999 0.0
C0G660 2001011505 -9999 -9999 -9999 0.0
C0G660 2001011506 -9999 -9999 -9999 0.0
C0G660 2001011507 -9999 -9999 -9999 0.0
C0G660 2001011508 -9999 -9999 -9999 0.0
C0G660 2001011509 -9999 -9999 -9999 0.0
C0G660 2001011510 -9999 -9999 -9999 0.0
C0G660 2001011511 -9999 -9999 -9999 0.0
C0G660 2001011512 -9999 -9999 -9999 0.0
C0G660 2001011513 -9999 -9999 -9999 0.0
C0G660 2001011514 -9999 -9999 -9999 0.0
C0G660 2001011515 -9999 -9999 -9999 0.0
C0G660 2001011516 -9999 -9999 -9999 0.0
C0G660 2001011517 -9999 -9999 -9999 0.0
C0G660 2001011518 -9999 -9999 -9999 0.0
C0G660 2001011519 -9999 -9999 -9999 0.0
C0G660 2001011520 -9999 -9999 -9999 0.0
C0G660 2001011521 -9999 -9999 -9999 0.0
C0G660 2001011522 -9999 -9999 -9999 0.0
C0G660 2001011523 -9999 -9999 -9999 0.0
C0G660 2001011524 -9999 -9999 -9999 0.0
C0G660 2001011601 -9999 -9999 -9999 0.0
C0G660 2001011602 -9999 -9999 -9999 0.0
C0G660 2001011603 -9999 -9999 -9999 0.0
C0G660 2001011604 -9999 -9999 -9999 0.0
C0G660 2001011605 -9999 -9999 -9999 0.0
C0G660 2001011606 -9999 -9999 -9999 0.0
C0G660 2001011607 -9999 -9999 -9999 0.0
C0G660 2001011608 -9999 -9999 -9999 0.0
C0G660 2001011609 -9999 -9999 -9999 0.0
C0G660 2001011610 -9999 -9999 -9999 0.0
C0G660 2001011611 -9999 -9999 -9999 0.0
C0G660 2001011612 -9999 -9999 -9999 0.0
C0G660 2001011613 -9999 -9999 -9999 0.0
C0G660 2001011614 -9999 -9999 -9999 0.0
C0G660 2001011615 -9999 -9999 -9999 0.0
C0G660 2001011616 -9999 -9999 -9999 0.0
C0G660 2001011617 -9999 -9999 -9999 0.0
C0G660 2001011618 -9999 -9999 -9999 0.0
C0G660 2001011619 -9999 -9999 -9999 0.0
C0G660 2001011620 -9999 -9999 -9999 0.0
C0G660 2001011621 -9999 -9999 -9999 0.0
C0G660 2001011622 -9999 -9999 -9999 0.0
C0G660 2001011623 -9999 -9999 -9999 0.0
C0G660 2001011624 -9999 -9999 -9999 0.0
C0G660 2001011701 -9999 -9999 -9999 0.0
C0G660 2001011702 -9999 -9999 -9999 0.0
C0G660 2001011703 -9999 -9999 -9999 0.0
C0G660 2001011704 -9999 -9999 -9999 0.0
C0G660 2001011705 -9999 -9999 -9999 0.0
C0G660 2001011706 -9999 -9999 -9999 0.0
C0G660 2001011707 -9999 -9999 -9999 0.0
C0G660 2001011708 -9999 -9999 -9999 0.0
C0G660 2001011709 -9999 -9999 -9999 0.0
C0G660 2001011710 -9999 -9999 -9999 0.0
C0G660 2001011711 -9999 -9999 -9999 0.0
C0G660 2001011712 -9999 -9999 -9999 0.0
C0G660 2001011713 -9999 -9999 -9999 0.0
C0G660 2001011714 -9999 -9999 -9999 0.0
C0G660 2001011715 -9999 -9999 -9999 0.0
C0G660 2001011716 -9999 -9999 -9999 0.0
C0G660 2001011717 -9999 -9999 -9999 0.0
C0G660 2001011718 -9999 -9999 -9999 0.0
C0G660 2001011719 -9999 -9999 -9999 0.0
C0G660 2001011720 -9999 -9999 -9999 0.0
C0G660 2001011721 -9999 -9999 -9999 0.0
C0G660 2001011722 -9999 -9999 -9999 0.0
C0G660 2001011723 -9999 -9999 -9999 0.0
C0G660 2001011724 -9999 -9999 -9999 0.0
C0G660 2001011801 -9999 -9999 -9999 0.0
C0G660 2001011802 -9999 -9999 -9999 0.0
C0G660 2001011803 -9999 -9999 -9999 0.0
C0G660 2001011804 -9999 -9999 -9999 0.0
C0G660 2001011805 -9999 -9999 -9999 0.0
C0G660 2001011806 -9999 -9999 -9999 0.0
C0G660 2001011807 -9999 -9999 -9999 0.0
C0G660 2001011808 -9999 -9999 -9999 0.0
C0G660 2001011809 -9999 -9999 -9999 0.0
C0G660 2001011810 -9999 -9999 -9999 0.0
C0G660 2001011811 -9999 -9999 -9999 0.0
C0G660 2001011812 -9999 -9999 -9999 0.0
C0G660 2001011813 -9999 -9999 -9999 0.0
C0G660 2001011814 -9999 -9999 -9999 0.0
C0G660 2001011815 -9999 -9999 -9999 0.0
C0G660 2001011816 -9999 -9999 -9999 0.0
C0G660 2001011817 -9999 -9999 -9999 0.0
C0G660 2001011818 -9999 -9999 -9999 0.0
C0G660 2001011819 -9999 -9999 -9999 0.0
C0G660 2001011820 -9999 -9999 -9999 0.0
C0G660 2001011821 -9999 -9999 -9999 0.0
C0G660 2001011822 -9999 -9999 -9999 0.0
C0G660 2001011823 -9999 -9999 -9999 0.0
C0G660 2001011824 -9999 -9999 -9999 0.0
C0G660 2001011901 -9999 -9999 -9999 0.0
C0G660 2001011902 -9999 -9999 -9999 0.0
C0G660 2001011903 -9999 -9999 -9999 0.0
C0G660 2001011904 -9999 -9999 -9999 0.0
C0G660 2001011905 -9999 -9999 -9999 0.0
C0G660 2001011906 -9999 -9999 -9999 0.0
C0G660 2001011907 -9999 -9999 -9999 0.0
C0G660 2001011908 -9999 -9999 -9999 0.0
C0G660 2001011909 -9999 -9999 -9999 0.0
C0G660 2001011910 -9999 -9999 -9999 0.0
C0G660 2001011911 -9999 -9999 -9999 0.0
C0G660 2001011912 -9999 -9999 -9999 0.0
C0G660 2001011913 -9999 -9999 -9999 0.0
C0G660 2001011914 -9999 -9999 -9999 0.0
C0G660 2001011915 -9999 -9999 -9999 0.0
C0G660 2001011916 -9999 -9999 -9999 0.0
C0G660 2001011917 -9999 -9999 -9999 0.0
C0G660 2001011918 -9999 -9999 -9999 0.0
C0G660 2001011919 -9999 -9999 -9999 0.0
C0G660 2001011920 -9999 -9999 -9999 0.0
C0G660 2001011921 -9999 -9999 -9999 0.0
C0G660 2001011922 -9999 -9999 -9999 0.0
C0G660 2001011923 -9999 -9999 -9999 0.0
C0G660 2001011924 -9999 -9999 -9999 0.0
C0G660 2001012001 -9999 -9999 -9999 0.0
C0G660 2001012002 -9999 -9999 -9999 0.0
C0G660 2001012003 -9999 -9999 -9999 0.0
C0G660 2001012004 -9999 -9999 -9999 0.0
C0G660 2001012005 -9999 -9999 -9999 0.0
C0G660 2001012006 -9999 -9999 -9999 0.0
C0G660 2001012007 -9999 -9999 -9999 0.0
C0G660 2001012008 -9999 -9999 -9999 0.0
C0G660 2001012009 -9999 -9999 -9999 0.0
C0G660 2001012010 -9999 -9999 -9999 0.0
C0G660 2001012011 -9999 -9999 -9999 0.0
C0G660 2001012012 -9999 -9999 -9999 0.0
C0G660 2001012013 -9999 -9999 -9999 0.0
C0G660 2001012014 -9999 -9999 -9999 0.0
C0G660 2001012015 -9999 -9999 -9999 0.0
C0G660 2001012016 -9999 -9999 -9999 0.0
C0G660 2001012017 -9999 -9999 -9999 0.0
C0G660 2001012018 -9999 -9999 -9999 0.0
C0G660 2001012019 -9999 -9999 -9999 0.0
C0G660 2001012020 -9999 -9999 -9999 0.0
C0G660 2001012021 -9999 -9999 -9999 0.0
C0G660 2001012022 -9999 -9999 -9999 0.0
C0G660 2001012023 -9999 -9999 -9999 0.0
C0G660 2001012024 -9999 -9999 -9999 0.0
C0G660 2001012101 -9999 -9999 -9999 0.0
C0G660 2001012102 -9999 -9999 -9999 0.0
C0G660 2001012103 -9999 -9999 -9999 0.0
C0G660 2001012104 -9999 -9999 -9999 0.0
C0G660 2001012105 -9999 -9999 -9999 0.0
C0G660 2001012106 -9999 -9999 -9999 0.0
C0G660 2001012107 -9999 -9999 -9999 0.0
C0G660 2001012108 -9999 -9999 -9999 0.0
C0G660 2001012109 -9999 -9999 -9999 0.0
C0G660 2001012110 -9999 -9999 -9999 0.0
C0G660 2001012111 -9999 -9999 -9999 0.0
C0G660 2001012112 -9999 -9999 -9999 0.0
C0G660 2001012113 -9999 -9999 -9999 0.0
C0G660 2001012114 -9999 -9999 -9999 0.0
C0G660 2001012115 -9999 -9999 -9999 0.0
C0G660 2001012116 -9999 -9999 -9999 0.0
C0G660 2001012117 -9999 -9999 -9999 0.0
C0G660 2001012118 -9999 -9999 -9999 0.0
C0G660 2001012119 -9999 -9999 -9999 0.0
C0G660 2001012120 -9999 -9999 -9999 0.0
C0G660 2001012121 -9999 -9999 -9999 0.0
C0G660 2001012122 -9999 -9999 -9999 0.0
C0G660 2001012123 -9999 -9999 -9999 0.0
C0G660 2001012124 -9999 -9999 -9999 0.0
C0G660 2001012201 -9999 -9999 -9999 0.0
C0G660 2001012202 -9999 -9999 -9999 0.0
C0G660 2001012203 -9999 -9999 -9999 0.0
C0G660 2001012204 -9999 -9999 -9999 0.0
C0G660 2001012205 -9999 -9999 -9999 0.0
C0G660 2001012206 -9999 -9999 -9999 0.0
C0G660 2001012207 -9999 -9999 -9999 0.0
C0G660 2001012208 -9999 -9999 -9999 0.0
C0G660 2001012209 -9999 -9999 -9999 0.0
C0G660 2001012210 -9999 -9999 -9999 0.0
C0G660 2001012211 -9999 -9999 -9999 0.0
C0G660 2001012212 -9999 -9999 -9999 0.0
C0G660 2001012213 -9999 -9999 -9999 0.0
C0G660 2001012214 -9999 -9999 -9999 0.0
C0G660 2001012215 -9999 -9999 -9999 0.0
C0G660 2001012216 -9999 -9999 -9999 0.0
C0G660 2001012217 -9999 -9999 -9999 0.0
C0G660 2001012218 -9999 -9999 -9999 0.0
C0G660 2001012219 -9999 -9999 -9999 0.0
C0G660 2001012220 -9999 -9999 -9999 0.0
C0G660 2001012221 -9999 -9999 -9999 0.0
C0G660 2001012222 -9999 -9999 -9999 0.0
C0G660 2001012223 -9999 -9999 -9999 0.0
C0G660 2001012224 -9999 -9999 -9999 0.0
C0G660 2001012301 -9999 -9999 -9999 0.0
C0G660 2001012302 -9999 -9999 -9999 0.0
C0G660 2001012303 -9999 -9999 -9999 0.0
C0G660 2001012304 -9999 -9999 -9999 0.0
C0G660 2001012305 -9999 -9999 -9999 0.0
C0G660 2001012306 -9999 -9999 -9999 0.0
C0G660 2001012307 -9999 -9999 -9999 0.0
C0G660 2001012308 -9999 -9999 -9999 0.0
C0G660 2001012309 -9999 -9999 -9999 0.0
C0G660 2001012310 -9999 -9999 -9999 0.0
C0G660 2001012311 -9999 -9999 -9999 0.0
C0G660 2001012312 -9999 -9999 -9999 0.0
C0G660 2001012313 -9999 -9999 -9999 0.0
C0G660 2001012314 -9999 -9999 -9999 0.0
C0G660 2001012315 -9999 -9999 -9999 0.0
C0G660 2001012316 -9999 -9999 -9999 0.0
C0G660 2001012317 -9999 -9999 -9999 0.0
C0G660 2001012318 -9999 -9999 -9999 0.0
C0G660 2001012319 -9999 -9999 -9999 0.0
C0G660 2001012320 -9999 -9999 -9999 0.0
C0G660 2001012321 -9999 -9999 -9999 0.0
C0G660 2001012322 -9999 -9999 -9999 0.0
C0G660 2001012323 -9999 -9999 -9999 0.0
C0G660 2001012324 -9999 -9999 -9999 0.0
C0G660 2001012401 -9999 -9999 -9999 0.0
C0G660 2001012402 -9999 -9999 -9999 0.0
C0G660 2001012403 -9999 -9999 -9999 0.0
C0G660 2001012404 -9999 -9999 -9999 0.0
C0G660 2001012405 -9999 -9999 -9999 0.0
C0G660 2001012406 -9999 -9999 -9999 0.0
C0G660 2001012407 -9999 -9999 -9999 0.0
C0G660 2001012408 -9999 -9999 -9999 0.0
C0G660 2001012409 -9999 -9999 -9999 0.0
C0G660 2001012410 -9999 -9999 -9999 0.0
C0G660 2001012411 -9999 -9999 -9999 0.0
C0G660 2001012412 -9999 -9999 -9999 0.0
C0G660 2001012413 -9999 -9999 -9999 0.0
C0G660 2001012414 -9999 -9999 -9999 0.0
C0G660 2001012415 -9999 -9999 -9999 0.0
C0G660 2001012416 -9999 -9999 -9999 0.0
C0G660 2001012417 -9999 -9999 -9999 0.0
C0G660 2001012418 -9999 -9999 -9999 0.0
C0G660 2001012419 -9999 -9999 -9999 0.0
C0G660 2001012420 -9999 -9999 -9999 0.0
C0G660 2001012421 -9999 -9999 -9999 0.0
C0G660 2001012422 -9999 -9999 -9999 0.0
C0G660 2001012423 -9999 -9999 -9999 0.0
C0G660 2001012424 -9999 -9999 -9999 0.0
C0G660 2001012501 -9999 -9999 -9999 0.0
C0G660 2001012502 -9999 -9999 -9999 0.0
C0G660 2001012503 -9999 -9999 -9999 0.0
C0G660 2001012504 -9999 -9999 -9999 0.0
C0G660 2001012505 -9999 -9999 -9999 0.0
C0G660 2001012506 -9999 -9999 -9999 0.0
C0G660 2001012507 -9999 -9999 -9999 0.0
C0G660 2001012508 -9999 -9999 -9999 0.0
C0G660 2001012509 -9999 -9999 -9999 0.0
C0G660 2001012510 -9999 -9999 -9999 0.0
C0G660 2001012511 -9999 -9999 -9999 0.0
C0G660 2001012512 -9999 -9999 -9999 0.0
C0G660 2001012513 -9999 -9999 -9999 0.0
C0G660 2001012514 -9999 -9999 -9999 0.0
C0G660 2001012515 -9999 -9999 -9999 0.0
C0G660 2001012516 -9999 -9999 -9999 0.0
C0G660 2001012517 -9999 -9999 -9999 4.0
C0G660 2001012518 -9999 -9999 -9999 0.0
C0G660 2001012519 -9999 -9999 -9999 0.0
C0G660 2001012520 -9999 -9999 -9999 0.0
C0G660 2001012521 -9999 -9999 -9999 0.0
C0G660 2001012522 -9999 -9999 -9999 0.5
C0G660 2001012523 -9999 -9999 -9999 0.0
C0G660 2001012524 -9999 -9999 -9999 0.0
C0G660 2001012601 -9999 -9999 -9999 0.0
C0G660 2001012602 -9999 -9999 -9999 2.0
C0G660 2001012603 -9999 -9999 -9999 1.5
C0G660 2001012604 -9999 -9999 -9999 5.0
C0G660 2001012605 -9999 -9999 -9999 2.0
C0G660 2001012606 -9999 -9999 -9999 4.0
C0G660 2001012607 -9999 -9999 -9999 7.0
C0G660 2001012608 -9999 -9999 -9999 2.5
C0G660 2001012609 -9999 -9999 -9999 3.0
C0G660 2001012610 -9999 -9999 -9999 0.5
C0G660 2001012611 -9999 -9999 -9999 1.0
C0G660 2001012612 -9999 -9999 -9999 1.0
C0G660 2001012613 -9999 -9999 -9999 1.5
C0G660 2001012614 -9999 -9999 -9999 0.5
C0G660 2001012615 -9999 -9999 -9999 3.5
C0G660 2001012616 -9999 -9999 -9999 1.5
C0G660 2001012617 -9999 -9999 -9999 -9996
C0G660 2001012618 -9999 -9999 -9999 0.0
C0G660 2001012619 -9999 -9999 -9999 0.0
C0G660 2001012620 -9999 -9999 -9999 0.0
C0G660 2001012621 -9999 -9999 -9999 0.0
C0G660 2001012622 -9999 -9999 -9999 0.0
C0G660 2001012623 -9999 -9999 -9999 0.0
C0G660 2001012624 -9999 -9999 -9999 0.0
C0G660 2001012701 -9999 -9999 -9999 0.0
C0G660 2001012702 -9999 -9999 -9999 0.0
C0G660 2001012703 -9999 -9999 -9999 0.0
C0G660 2001012704 -9999 -9999 -9999 0.0
C0G660 2001012705 -9999 -9999 -9999 0.0
C0G660 2001012706 -9999 -9999 -9999 0.0
C0G660 2001012707 -9999 -9999 -9999 0.0
C0G660 2001012708 -9999 -9999 -9999 0.0
C0G660 2001012709 -9999 -9999 -9999 0.0
C0G660 2001012710 -9999 -9999 -9999 0.0
C0G660 2001012711 -9999 -9999 -9999 0.0
C0G660 2001012712 -9999 -9999 -9999 0.0
C0G660 2001012713 -9999 -9999 -9999 0.0
C0G660 2001012714 -9999 -9999 -9999 0.0
C0G660 2001012715 -9999 -9999 -9999 0.0
C0G660 2001012716 -9999 -9999 -9999 0.0
C0G660 2001012717 -9999 -9999 -9999 0.0
C0G660 2001012718 -9999 -9999 -9999 0.0
C0G660 2001012719 -9999 -9999 -9999 0.0
C0G660 2001012720 -9999 -9999 -9999 0.0
C0G660 2001012721 -9999 -9999 -9999 0.0
C0G660 2001012722 -9999 -9999 -9999 0.5
C0G660 2001012723 -9999 -9999 -9999 0.0
C0G660 2001012724 -9999 -9999 -9999 0.0
C0G660 2001012801 -9999 -9999 -9999 0.5
C0G660 2001012802 -9999 -9999 -9999 0.5
C0G660 2001012803 -9999 -9999 -9999 1.0
C0G660 2001012804 -9999 -9999 -9999 0.5
C0G660 2001012805 -9999 -9999 -9999 2.5
C0G660 2001012806 -9999 -9999 -9999 3.0
C0G660 2001012807 -9999 -9999 -9999 3.0
C0G660 2001012808 -9999 -9999 -9999 -9996
C0G660 2001012809 -9999 -9999 -9999 1.0
C0G660 2001012810 -9999 -9999 -9999 0.0
C0G660 2001012811 -9999 -9999 -9999 0.0
C0G660 2001012812 -9999 -9999 -9999 0.5
C0G660 2001012813 -9999 -9999 -9999 0.5
C0G660 2001012814 -9999 -9999 -9999 0.5
C0G660 2001012815 -9999 -9999 -9999 0.0
C0G660 2001012816 -9999 -9999 -9999 0.0
C0G660 2001012817 -9999 -9999 -9999 0.0
C0G660 2001012818 -9999 -9999 -9999 0.0
C0G660 2001012819 -9999 -9999 -9999 0.0
C0G660 2001012820 -9999 -9999 -9999 0.5
C0G660 2001012821 -9999 -9999 -9999 0.5
C0G660 2001012822 -9999 -9999 -9999 0.0
C0G660 2001012823 -9999 -9999 -9999 0.0
C0G660 2001012824 -9999 -9999 -9999 -9996
C0G660 2001012901 -9999 -9999 -9999 0.5
C0G660 2001012902 -9999 -9999 -9999 0.0
C0G660 2001012903 -9999 -9999 -9999 0.5
C0G660 2001012904 -9999 -9999 -9999 0.0
C0G660 2001012905 -9999 -9999 -9999 1.0
C0G660 2001012906 -9999 -9999 -9999 0.0
C0G660 2001012907 -9999 -9999 -9999 0.0
C0G660 2001012908 -9999 -9999 -9999 0.0
C0G660 2001012909 -9999 -9999 -9999 0.0
C0G660 2001012910 -9999 -9999 -9999 0.0
C0G660 2001012911 -9999 -9999 -9999 0.0
C0G660 2001012912 -9999 -9999 -9999 0.0
C0G660 2001012913 -9999 -9999 -9999 0.0
C0G660 2001012914 -9999 -9999 -9999 0.0
C0G660 2001012915 -9999 -9999 -9999 0.0
C0G660 2001012916 -9999 -9999 -9999 0.0
C0G660 2001012917 -9999 -9999 -9999 0.0
C0G660 2001012918 -9999 -9999 -9999 0.0
C0G660 2001012919 -9999 -9999 -9999 0.0
C0G660 2001012920 -9999 -9999 -9999 0.0
C0G660 2001012921 -9999 -9999 -9999 0.0
C0G660 2001012922 -9999 -9999 -9999 0.0
C0G660 2001012923 -9999 -9999 -9999 0.0
C0G660 2001012924 -9999 -9999 -9999 0.0
C0G660 2001013001 -9999 -9999 -9999 0.0
C0G660 2001013002 -9999 -9999 -9999 0.0
C0G660 2001013003 -9999 -9999 -9999 0.0
C0G660 2001013004 -9999 -9999 -9999 0.0
C0G660 2001013005 -9999 -9999 -9999 0.0
C0G660 2001013006 -9999 -9999 -9999 0.0
C0G660 2001013007 -9999 -9999 -9999 0.0
C0G660 2001013008 -9999 -9999 -9999 0.0
C0G660 2001013009 -9999 -9999 -9999 0.0
C0G660 2001013010 -9999 -9999 -9999 0.0
C0G660 2001013011 -9999 -9999 -9999 0.0
C0G660 2001013012 -9999 -9999 -9999 0.0
C0G660 2001013013 -9999 -9999 -9999 0.0
C0G660 2001013014 -9999 -9999 -9999 0.0
C0G660 2001013015 -9999 -9999 -9999 0.0
C0G660 2001013016 -9999 -9999 -9999 0.0
C0G660 2001013017 -9999 -9999 -9999 0.0
C0G660 2001013018 -9999 -9999 -9999 0.0
C0G660 2001013019 -9999 -9999 -9999 0.0
C0G660 2001013020 -9999 -9999 -9999 0.0
C0G660 2001013021 -9999 -9999 -9999 0.0
C0G660 2001013022 -9999 -9999 -9999 0.0
C0G660 2001013023 -9999 -9999 -9999 0.0
C0G660 2001013024 -9999 -9999 -9999 -9996
C0G660 2001013101 -9999 -9999 -9999 0.0
C0G660 2001013102 -9999 -9999 -9999 0.0
C0G660 2001013103 -9999 -9999 -9999 0.0
C0G660 2001013104 -9999 -9999 -9999 0.0
C0G660 2001013105 -9999 -9999 -9999 0.0
C0G660 2001013106 -9999 -9999 -9999 0.0
C0G660 2001013107 -9999 -9999 -9999 0.0
C0G660 2001013108 -9999 -9999 -9999 0.0
C0G660 2001013109 -9999 -9999 -9999 0.0
C0G660 2001013110 -9999 -9999 -9999 0.0
C0G660 2001013111 -9999 -9999 -9999 0.0
C0G660 2001013112 -9999 -9999 -9999 0.0
C0G660 2001013113 -9999 -9999 -9999 0.0
C0G660 2001013114 -9999 -9999 -9999 0.0
C0G660 2001013115 -9999 -9999 -9999 0.0
C0G660 2001013116 -9999 -9999 -9999 0.0
C0G660 2001013117 -9999 -9999 -9999 0.0
C0G660 2001013118 -9999 -9999 -9999 0.0
C0G660 2001013119 -9999 -9999 -9999 0.0
C0G660 2001013120 -9999 -9999 -9999 0.0
C0G660 2001013121 -9999 -9999 -9999 0.0
C0G660 2001013122 -9999 -9999 -9999 0.0
C0G660 2001013123 -9999 -9999 -9999 0.0
C0G660 2001013124 -9999 -9999 -9999 0.0
