C0G650 2001100101 23.8 -9997 0.0 0.0
C0G650 2001100102 23.4 -9997 0.0 0.0
C0G650 2001100103 23.2 -9997 0.0 0.0
C0G650 2001100104 23.4 -9997 0.0 0.0
C0G650 2001100105 23.7 -9997 0.0 0.0
C0G650 2001100106 23.6 -9997 0.0 0.0
C0G650 2001100107 23.9 -9997 0.0 0.0
C0G650 2001100108 24.6 -9997 0.2 0.0
C0G650 2001100109 25.8 -9997 0.0 0.0
C0G650 2001100110 26.7 -9997 0.0 0.0
C0G650 2001100111 28.3 -9997 0.3 0.0
C0G650 2001100112 29.5 -9997 0.3 0.0
C0G650 2001100113 30.0 -9997 0.8 0.0
C0G650 2001100114 30.1 -9997 0.7 0.0
C0G650 2001100115 29.7 -9997 0.9 0.0
C0G650 2001100116 28.0 -9997 0.3 0.0
C0G650 2001100117 27.6 -9997 0.2 0.0
C0G650 2001100118 26.7 -9997 0.2 0.0
C0G650 2001100119 25.4 -9997 0.0 0.0
C0G650 2001100120 24.1 -9997 0.0 0.0
C0G650 2001100121 23.5 -9997 0.0 0.0
C0G650 2001100122 23.0 -9997 0.0 0.0
C0G650 2001100123 22.7 -9997 0.0 0.0
C0G650 2001100124 22.9 -9997 0.0 0.0
C0G650 2001100201 22.7 -9997 0.0 0.0
C0G650 2001100202 23.1 -9997 0.0 0.0
C0G650 2001100203 23.7 -9997 0.0 0.0
C0G650 2001100204 23.2 -9997 0.0 0.0
C0G650 2001100205 22.9 -9997 0.0 0.0
C0G650 2001100206 22.6 -9997 0.0 0.0
C0G650 2001100207 23.5 -9997 0.0 0.0
C0G650 2001100208 25.3 -9997 0.0 0.0
C0G650 2001100209 25.8 -9997 0.3 0.0
C0G650 2001100210 27.2 -9997 0.0 0.0
C0G650 2001100211 28.5 -9997 0.1 0.0
C0G650 2001100212 29.0 -9997 1.1 0.0
C0G650 2001100213 30.8 -9997 0.1 0.0
C0G650 2001100214 30.8 -9997 0.1 0.0
C0G650 2001100215 30.2 -9997 0.1 0.0
C0G650 2001100216 30.2 -9997 0.3 0.0
C0G650 2001100217 28.1 -9997 0.2 0.0
C0G650 2001100218 26.2 -9997 0.0 0.0
C0G650 2001100219 25.5 -9997 0.0 0.0
C0G650 2001100220 24.7 -9997 0.2 0.0
C0G650 2001100221 23.8 -9997 0.0 0.0
C0G650 2001100222 23.3 -9997 0.0 0.0
C0G650 2001100223 22.7 -9997 0.0 -9996
C0G650 2001100224 22.5 -9997 0.0 -9996
C0G650 2001100301 22.2 -9997 0.0 0.0
C0G650 2001100302 21.9 -9997 0.0 0.0
C0G650 2001100303 21.6 -9997 0.0 0.0
C0G650 2001100304 21.7 -9997 0.0 0.0
C0G650 2001100305 21.5 -9997 -9997 0.0
C0G650 2001100306 21.4 -9997 0.0 0.0
C0G650 2001100307 22.2 -9997 0.0 0.0
C0G650 2001100308 24.4 -9997 0.0 0.0
C0G650 2001100309 26.2 -9997 -9997 0.0
C0G650 2001100310 28.0 -9997 0.1 0.0
C0G650 2001100311 29.9 -9997 0.3 0.0
C0G650 2001100312 30.2 -9997 1.1 0.0
C0G650 2001100313 30.5 -9997 0.5 0.0
C0G650 2001100314 29.8 -9997 0.9 0.0
C0G650 2001100315 28.5 -9997 1.3 0.0
C0G650 2001100316 28.1 -9997 1.2 0.0
C0G650 2001100317 26.8 -9997 0.3 0.0
C0G650 2001100318 25.9 -9997 0.4 0.0
C0G650 2001100319 25.5 -9997 0.1 0.0
C0G650 2001100320 24.8 -9997 0.0 0.0
C0G650 2001100321 25.0 -9997 0.0 0.0
C0G650 2001100322 24.4 -9997 0.0 0.0
C0G650 2001100323 24.2 -9997 0.0 0.0
C0G650 2001100324 23.5 -9997 0.0 0.0
C0G650 2001100401 23.0 -9997 0.0 0.0
C0G650 2001100402 23.0 -9997 0.0 0.0
C0G650 2001100403 22.7 -9997 0.0 0.0
C0G650 2001100404 23.3 -9997 0.0 0.0
C0G650 2001100405 23.2 -9997 0.0 0.0
C0G650 2001100406 23.0 -9997 0.0 0.0
C0G650 2001100407 23.7 -9997 0.0 0.0
C0G650 2001100408 25.7 -9997 0.2 0.0
C0G650 2001100409 27.7 -9997 0.0 0.0
C0G650 2001100410 28.9 -9997 0.1 0.0
C0G650 2001100411 30.8 -9997 0.4 0.0
C0G650 2001100412 30.8 -9997 0.1 0.0
C0G650 2001100413 30.7 -9997 0.3 0.0
C0G650 2001100414 31.3 -9997 0.8 0.0
C0G650 2001100415 30.6 -9997 1.2 0.0
C0G650 2001100416 29.0 -9997 1.0 0.0
C0G650 2001100417 28.3 -9997 1.0 0.0
C0G650 2001100418 26.5 -9997 0.3 0.0
C0G650 2001100419 25.3 -9997 0.2 0.0
C0G650 2001100420 24.1 -9997 0.0 0.0
C0G650 2001100421 24.4 -9997 0.0 0.0
C0G650 2001100422 23.9 -9997 0.0 0.0
C0G650 2001100423 23.3 -9997 0.0 0.0
C0G650 2001100424 22.7 -9997 0.0 0.0
C0G650 2001100501 22.1 -9997 0.0 0.0
C0G650 2001100502 21.9 -9997 0.0 0.0
C0G650 2001100503 22.1 -9997 0.0 0.0
C0G650 2001100504 22.2 -9997 0.0 0.0
C0G650 2001100505 21.8 -9997 0.0 0.0
C0G650 2001100506 21.8 -9997 0.0 0.0
C0G650 2001100507 23.5 -9997 0.0 0.0
C0G650 2001100508 26.1 -9997 0.0 0.0
C0G650 2001100509 27.4 -9997 0.1 0.0
C0G650 2001100510 28.2 -9997 0.6 0.0
C0G650 2001100511 30.2 -9997 0.1 0.0
C0G650 2001100512 31.9 -9997 0.6 0.0
C0G650 2001100513 32.3 -9997 0.5 0.0
C0G650 2001100514 30.9 -9997 0.5 0.0
C0G650 2001100515 30.6 -9997 0.1 0.0
C0G650 2001100516 30.6 -9997 0.3 0.0
C0G650 2001100517 29.0 -9997 0.1 0.0
C0G650 2001100518 27.3 -9997 0.0 0.0
C0G650 2001100519 26.1 -9997 0.0 0.0
C0G650 2001100520 24.8 -9997 0.0 0.0
C0G650 2001100521 24.6 -9997 0.0 0.0
C0G650 2001100522 24.4 -9997 0.0 0.0
C0G650 2001100523 24.0 -9997 0.0 0.0
C0G650 2001100524 23.4 -9997 0.0 0.0
C0G650 2001100601 23.4 -9997 0.0 0.0
C0G650 2001100602 23.0 -9997 0.0 0.0
C0G650 2001100603 23.1 -9997 0.0 0.0
C0G650 2001100604 23.3 -9997 0.0 0.0
C0G650 2001100605 23.1 -9997 0.0 0.0
C0G650 2001100606 22.9 -9997 0.0 0.0
C0G650 2001100607 24.7 -9997 0.0 0.0
C0G650 2001100608 26.1 -9997 0.2 0.0
C0G650 2001100609 27.3 -9997 0.8 0.0
C0G650 2001100610 28.5 -9997 0.3 0.0
C0G650 2001100611 29.8 -9997 0.5 0.0
C0G650 2001100612 30.3 -9997 1.0 0.0
C0G650 2001100613 30.9 -9997 0.4 0.0
C0G650 2001100614 32.1 -9997 0.5 0.0
C0G650 2001100615 30.4 -9997 0.6 0.0
C0G650 2001100616 29.6 -9997 0.4 0.0
C0G650 2001100617 28.2 -9997 0.1 0.0
C0G650 2001100618 27.0 -9997 0.5 0.0
C0G650 2001100619 26.0 -9997 0.0 0.0
C0G650 2001100620 25.5 -9997 0.0 0.0
C0G650 2001100621 24.7 -9997 0.0 0.0
C0G650 2001100622 24.4 -9997 0.0 0.0
C0G650 2001100623 24.0 -9997 0.3 0.0
C0G650 2001100624 23.8 -9997 0.0 0.0
C0G650 2001100701 24.0 -9997 0.0 0.0
C0G650 2001100702 23.6 -9997 0.0 0.0
C0G650 2001100703 23.4 -9997 0.0 0.0
C0G650 2001100704 23.4 -9997 0.0 0.0
C0G650 2001100705 23.2 -9997 0.0 0.0
C0G650 2001100706 22.9 -9997 0.0 0.0
C0G650 2001100707 24.1 -9997 0.0 0.0
C0G650 2001100708 25.8 -9997 0.4 0.0
C0G650 2001100709 27.8 -9997 0.0 0.0
C0G650 2001100710 28.6 -9997 0.0 0.0
C0G650 2001100711 29.7 -9997 0.0 0.0
C0G650 2001100712 31.5 -9997 1.0 0.0
C0G650 2001100713 31.4 -9997 0.1 0.0
C0G650 2001100714 31.3 -9997 0.0 0.0
C0G650 2001100715 30.8 -9997 0.2 0.0
C0G650 2001100716 -9997 -9997 1.0 0.0
C0G650 2001100717 28.1 -9997 0.2 0.0
C0G650 2001100718 26.9 -9997 0.0 0.0
C0G650 2001100719 26.5 -9997 0.0 0.0
C0G650 2001100720 25.9 -9997 0.0 0.0
C0G650 2001100721 24.7 -9997 0.0 0.0
C0G650 2001100722 23.9 -9997 0.0 0.0
C0G650 2001100723 23.5 -9997 0.0 0.0
C0G650 2001100724 23.3 -9997 0.0 0.0
C0G650 2001100801 23.0 -9997 -9997 0.0
C0G650 2001100802 22.8 -9997 0.0 0.0
C0G650 2001100803 22.8 -9997 0.0 0.0
C0G650 2001100804 22.9 -9997 0.0 0.0
C0G650 2001100805 22.9 -9997 0.0 0.0
C0G650 2001100806 22.8 -9997 0.0 0.0
C0G650 2001100807 23.8 -9997 0.0 0.0
C0G650 2001100808 26.0 -9997 0.0 0.0
C0G650 2001100809 27.5 -9997 0.4 0.0
C0G650 2001100810 28.8 -9997 0.7 0.0
C0G650 2001100811 29.6 -9997 0.3 0.0
C0G650 2001100812 29.4 -9997 0.0 0.0
C0G650 2001100813 30.2 -9997 0.0 0.0
C0G650 2001100814 30.0 -9997 0.0 0.0
C0G650 2001100815 29.2 -9997 0.7 0.0
C0G650 2001100816 28.2 -9997 -9997 0.0
C0G650 2001100817 27.2 -9997 0.2 0.0
C0G650 2001100818 26.3 -9997 0.1 0.0
C0G650 2001100819 25.2 -9997 0.0 0.0
C0G650 2001100820 24.5 -9997 0.0 0.0
C0G650 2001100821 23.8 -9997 0.0 0.0
C0G650 2001100822 23.6 -9997 0.0 0.0
C0G650 2001100823 23.3 -9997 0.0 0.0
C0G650 2001100824 24.3 -9997 0.0 0.0
C0G650 2001100901 24.3 -9997 0.0 0.0
C0G650 2001100902 24.2 -9997 0.0 0.0
C0G650 2001100903 24.0 -9997 0.0 0.0
C0G650 2001100904 23.5 -9997 0.0 0.0
C0G650 2001100905 23.3 -9997 0.0 0.0
C0G650 2001100906 -9997 -9997 -9997 0.0
C0G650 2001100907 24.3 -9997 0.0 0.0
C0G650 2001100908 26.1 -9997 0.0 0.0
C0G650 2001100909 28.2 -9997 0.0 0.0
C0G650 2001100910 28.5 -9997 0.6 0.0
C0G650 2001100911 29.7 -9997 0.3 0.0
C0G650 2001100912 29.6 -9997 0.8 0.0
C0G650 2001100913 29.1 -9997 0.6 0.0
C0G650 2001100914 29.0 -9997 1.0 0.0
C0G650 2001100915 27.9 -9997 1.1 0.0
C0G650 2001100916 26.0 -9997 1.0 0.0
C0G650 2001100917 24.8 -9997 0.8 0.0
C0G650 2001100918 24.2 -9997 0.0 0.0
C0G650 2001100919 24.0 -9997 0.1 0.0
C0G650 2001100920 23.9 -9997 0.0 0.0
C0G650 2001100921 23.6 -9997 0.1 0.0
C0G650 2001100922 23.3 -9997 0.0 0.0
C0G650 2001100923 23.3 -9997 0.0 0.0
C0G650 2001100924 22.9 -9997 0.0 0.0
C0G650 2001101001 22.8 -9997 0.0 0.0
C0G650 2001101002 22.4 -9997 0.0 0.0
C0G650 2001101003 22.6 -9997 0.0 0.0
C0G650 2001101004 22.6 -9997 0.0 0.0
C0G650 2001101005 22.8 -9997 0.0 0.0
C0G650 2001101006 22.7 -9997 0.0 0.0
C0G650 2001101007 23.2 -9997 0.0 0.0
C0G650 2001101008 -9997 -9997 -9997 0.0
C0G650 2001101009 24.4 -9997 0.3 0.0
C0G650 2001101010 25.6 -9997 0.0 0.0
C0G650 2001101011 26.9 -9997 0.2 0.0
C0G650 2001101012 28.9 -9997 0.0 0.0
C0G650 2001101013 30.7 -9997 0.9 0.0
C0G650 2001101014 30.5 -9997 0.2 0.0
C0G650 2001101015 29.9 -9997 -9997 0.0
C0G650 2001101016 28.7 -9997 0.5 0.0
C0G650 2001101017 27.3 -9997 0.0 0.0
C0G650 2001101018 26.1 -9997 0.0 0.0
C0G650 2001101019 25.2 -9997 0.0 0.0
C0G650 2001101020 23.8 -9997 0.2 0.0
C0G650 2001101021 23.2 -9997 0.0 0.0
C0G650 2001101022 23.3 -9997 0.0 0.0
C0G650 2001101023 23.6 -9997 0.0 0.0
C0G650 2001101024 23.0 -9997 0.0 0.0
C0G650 2001101101 22.8 -9997 0.0 0.0
C0G650 2001101102 -9997 -9997 -9997 0.0
C0G650 2001101103 22.1 -9997 0.0 0.0
C0G650 2001101104 22.5 -9997 0.0 0.0
C0G650 2001101105 22.0 -9997 0.0 0.0
C0G650 2001101106 22.2 -9997 0.0 0.0
C0G650 2001101107 22.8 -9997 0.0 0.0
C0G650 2001101108 25.4 -9997 0.0 0.0
C0G650 2001101109 27.5 -9997 0.3 0.0
C0G650 2001101110 28.4 -9997 1.6 0.0
C0G650 2001101111 29.8 -9997 0.4 0.0
C0G650 2001101112 30.7 -9997 0.5 0.0
C0G650 2001101113 30.8 -9997 0.1 0.0
C0G650 2001101114 30.6 -9997 0.2 0.0
C0G650 2001101115 30.0 -9997 0.5 0.0
C0G650 2001101116 28.4 -9997 0.4 0.0
C0G650 2001101117 27.3 -9997 0.1 0.0
C0G650 2001101118 25.3 -9997 0.0 0.0
C0G650 2001101119 23.8 -9997 0.0 0.0
C0G650 2001101120 22.8 -9997 0.0 0.0
C0G650 2001101121 22.3 -9997 0.0 0.0
C0G650 2001101122 22.0 -9997 0.0 0.0
C0G650 2001101123 22.0 -9997 0.0 0.0
C0G650 2001101124 21.9 -9997 0.0 0.0
C0G650 2001101201 22.1 -9997 0.0 0.0
C0G650 2001101202 22.0 -9997 0.2 0.0
C0G650 2001101203 22.3 -9997 0.0 0.0
C0G650 2001101204 21.1 -9997 0.0 0.0
C0G650 2001101205 22.3 -9997 0.0 0.0
C0G650 2001101206 22.2 -9997 0.0 0.0
C0G650 2001101207 22.4 -9997 0.0 0.0
C0G650 2001101208 24.5 -9997 0.0 0.0
C0G650 2001101209 25.9 -9997 0.1 0.0
C0G650 2001101210 27.6 -9997 0.1 0.0
C0G650 2001101211 29.3 -9997 0.1 0.0
C0G650 2001101212 29.6 -9997 0.2 0.0
C0G650 2001101213 30.6 -9997 0.6 0.0
C0G650 2001101214 29.9 -9997 0.5 0.0
C0G650 2001101215 29.8 -9997 0.4 0.0
C0G650 2001101216 -9997 -9997 1.1 0.0
C0G650 2001101217 27.0 -9997 0.7 0.0
C0G650 2001101218 25.6 -9997 0.1 0.0
C0G650 2001101219 24.6 -9997 0.0 0.0
C0G650 2001101220 23.2 -9997 0.0 0.0
C0G650 2001101221 22.8 -9997 0.2 0.0
C0G650 2001101222 22.6 -9997 0.0 0.0
C0G650 2001101223 22.4 -9997 0.0 0.0
C0G650 2001101224 21.9 -9997 0.0 0.0
C0G650 2001101301 21.8 -9997 0.0 0.0
C0G650 2001101302 21.6 -9997 0.0 0.0
C0G650 2001101303 21.5 -9997 0.0 0.0
C0G650 2001101304 21.6 -9997 0.0 0.0
C0G650 2001101305 21.2 -9997 0.0 0.0
C0G650 2001101306 21.6 -9997 0.0 0.0
C0G650 2001101307 21.7 -9997 0.0 0.0
C0G650 2001101308 23.8 -9997 0.0 0.0
C0G650 2001101309 25.3 -9997 0.0 0.0
C0G650 2001101310 27.4 -9997 0.2 0.0
C0G650 2001101311 28.7 -9997 0.4 0.0
C0G650 2001101312 29.5 -9997 0.3 0.0
C0G650 2001101313 29.6 -9997 0.3 0.0
C0G650 2001101314 29.0 -9997 1.0 0.0
C0G650 2001101315 28.8 -9997 0.4 0.0
C0G650 2001101316 28.2 -9997 0.6 0.0
C0G650 2001101317 26.7 -9997 0.7 0.0
C0G650 2001101318 25.5 -9997 0.8 0.0
C0G650 2001101319 24.4 -9997 0.1 0.0
C0G650 2001101320 23.6 -9997 0.0 0.0
C0G650 2001101321 22.6 -9997 0.0 0.0
C0G650 2001101322 22.0 -9997 -9997 0.0
C0G650 2001101323 21.7 -9997 0.2 0.0
C0G650 2001101324 20.4 -9997 0.0 0.0
C0G650 2001101401 20.5 -9997 0.0 0.0
C0G650 2001101402 20.2 -9997 0.0 0.0
C0G650 2001101403 21.3 -9997 0.0 0.0
C0G650 2001101404 21.7 -9997 0.0 0.0
C0G650 2001101405 21.5 -9997 0.0 0.0
C0G650 2001101406 21.1 -9997 0.0 0.0
C0G650 2001101407 -9997 -9997 0.1 0.0
C0G650 2001101408 23.1 -9997 0.1 0.0
C0G650 2001101409 25.0 -9997 0.1 0.0
C0G650 2001101410 26.2 -9997 0.6 0.0
C0G650 2001101411 27.5 -9997 1.1 0.0
C0G650 2001101412 28.3 -9997 0.6 0.0
C0G650 2001101413 29.1 -9997 0.2 0.0
C0G650 2001101414 29.2 -9997 0.8 0.0
C0G650 2001101415 28.8 -9997 0.5 0.0
C0G650 2001101416 27.9 -9997 1.1 0.0
C0G650 2001101417 26.3 -9997 1.9 0.0
C0G650 2001101418 25.2 -9997 0.5 0.0
C0G650 2001101419 24.2 -9997 0.1 0.0
C0G650 2001101420 23.4 -9997 0.0 0.0
C0G650 2001101421 22.1 -9997 -9997 0.0
C0G650 2001101422 22.2 -9997 0.0 0.0
C0G650 2001101423 21.5 -9997 0.0 0.0
C0G650 2001101424 21.5 -9997 0.0 0.0
C0G650 2001101501 21.6 -9997 0.0 0.0
C0G650 2001101502 21.6 -9997 0.1 0.0
C0G650 2001101503 21.8 -9997 0.1 0.0
C0G650 2001101504 21.7 -9997 0.3 0.0
C0G650 2001101505 21.4 -9997 0.3 0.0
C0G650 2001101506 21.3 -9997 0.0 0.0
C0G650 2001101507 21.8 -9997 0.1 0.0
C0G650 2001101508 23.5 -9997 0.3 0.0
C0G650 2001101509 25.0 -9997 1.0 0.0
C0G650 2001101510 25.9 -9997 1.0 0.0
C0G650 2001101511 28.4 -9997 0.1 0.0
C0G650 2001101512 28.7 -9997 0.1 0.0
C0G650 2001101513 28.9 -9997 0.7 0.0
C0G650 2001101514 29.1 -9997 1.0 0.0
C0G650 2001101515 28.5 -9997 2.0 0.0
C0G650 2001101516 27.0 -9997 2.2 0.0
C0G650 2001101517 -9997 -9997 0.8 0.0
C0G650 2001101518 25.0 -9997 0.3 0.0
C0G650 2001101519 24.8 -9997 0.5 0.0
C0G650 2001101520 24.9 -9997 0.5 0.0
C0G650 2001101521 24.2 -9997 0.6 0.0
C0G650 2001101522 24.2 -9997 0.1 0.0
C0G650 2001101523 24.4 -9997 0.2 0.0
C0G650 2001101524 22.4 -9997 0.0 0.0
C0G650 2001101601 21.8 -9997 0.0 0.0
C0G650 2001101602 21.7 -9997 0.0 0.0
C0G650 2001101603 21.6 -9997 0.0 0.0
C0G650 2001101604 22.8 -9997 0.0 0.0
C0G650 2001101605 24.5 -9997 1.6 0.0
C0G650 2001101606 24.4 -9997 2.3 0.0
C0G650 2001101607 24.5 -9997 2.0 0.0
C0G650 2001101608 24.2 -9997 2.5 0.0
C0G650 2001101609 24.6 -9997 2.0 0.0
C0G650 2001101610 26.0 -9997 2.2 0.0
C0G650 2001101611 25.6 -9997 2.2 0.0
C0G650 2001101612 24.2 -9997 1.8 0.0
C0G650 2001101613 23.9 -9997 1.5 0.0
C0G650 2001101614 25.1 -9997 1.3 0.0
C0G650 2001101615 24.7 -9997 2.7 0.0
C0G650 2001101616 24.8 -9997 3.0 0.0
C0G650 2001101617 24.6 -9997 2.1 0.0
C0G650 2001101618 24.6 -9997 3.1 0.0
C0G650 2001101619 24.4 -9997 1.9 0.0
C0G650 2001101620 24.1 -9997 2.4 0.0
C0G650 2001101621 23.9 -9997 3.3 0.0
C0G650 2001101622 23.9 -9997 3.2 0.0
C0G650 2001101623 24.0 -9997 2.1 0.0
C0G650 2001101624 24.1 -9997 2.1 0.0
C0G650 2001101701 23.9 -9997 1.7 0.0
C0G650 2001101702 23.5 -9997 1.1 0.0
C0G650 2001101703 23.2 -9997 1.1 0.0
C0G650 2001101704 22.8 -9997 0.7 0.0
C0G650 2001101705 21.3 -9997 0.0 0.0
C0G650 2001101706 21.8 -9997 0.1 0.0
C0G650 2001101707 22.7 -9997 0.6 0.0
C0G650 2001101708 24.5 -9997 1.1 0.0
C0G650 2001101709 25.4 -9997 1.9 0.0
C0G650 2001101710 26.3 -9997 1.8 0.0
C0G650 2001101711 27.3 -9997 1.9 0.0
C0G650 2001101712 27.6 -9997 1.4 0.0
C0G650 2001101713 27.8 -9997 1.8 0.0
C0G650 2001101714 28.0 -9997 1.6 0.0
C0G650 2001101715 27.5 -9997 1.1 0.0
C0G650 2001101716 26.6 -9997 1.0 0.0
C0G650 2001101717 25.1 -9997 0.8 0.0
C0G650 2001101718 23.5 -9997 0.6 0.0
C0G650 2001101719 22.6 -9997 0.8 0.0
C0G650 2001101720 21.7 -9997 0.0 0.0
C0G650 2001101721 21.1 -9997 0.0 0.0
C0G650 2001101722 20.1 -9997 0.0 0.0
C0G650 2001101723 20.9 -9997 0.0 0.0
C0G650 2001101724 21.0 -9997 0.0 0.0
C0G650 2001101801 20.8 -9997 0.0 0.0
C0G650 2001101802 19.3 -9997 0.0 0.0
C0G650 2001101803 20.4 -9997 0.0 0.0
C0G650 2001101804 20.1 -9997 0.0 0.0
C0G650 2001101805 20.1 -9997 0.0 0.0
C0G650 2001101806 20.7 -9997 -9997 0.0
C0G650 2001101807 20.8 -9997 0.0 0.0
C0G650 2001101808 21.5 -9997 0.7 0.0
C0G650 2001101809 22.4 -9997 0.5 0.0
C0G650 2001101810 24.5 -9997 0.2 0.0
C0G650 2001101811 25.2 -9997 1.9 0.0
C0G650 2001101812 26.2 -9997 1.3 0.0
C0G650 2001101813 26.7 -9997 0.9 0.0
C0G650 2001101814 26.9 -9997 0.4 0.0
C0G650 2001101815 27.3 -9997 0.2 0.0
C0G650 2001101816 26.6 -9997 0.4 0.0
C0G650 2001101817 25.0 -9997 0.7 0.0
C0G650 2001101818 23.6 -9997 0.1 0.0
C0G650 2001101819 22.6 -9997 0.0 0.0
C0G650 2001101820 21.5 -9997 0.0 0.0
C0G650 2001101821 21.3 -9997 0.0 0.0
C0G650 2001101822 20.8 -9997 0.1 0.0
C0G650 2001101823 20.5 -9997 0.0 0.0
C0G650 2001101824 19.8 -9997 0.1 0.0
C0G650 2001101901 19.7 -9997 0.0 0.0
C0G650 2001101902 19.5 -9997 0.0 0.0
C0G650 2001101903 19.7 -9997 0.0 0.0
C0G650 2001101904 20.4 -9997 0.0 0.0
C0G650 2001101905 20.5 -9997 0.0 0.0
C0G650 2001101906 20.8 -9997 0.0 0.0
C0G650 2001101907 21.1 -9997 0.2 0.0
C0G650 2001101908 22.2 -9997 0.0 0.0
C0G650 2001101909 22.8 -9997 0.4 0.0
C0G650 2001101910 24.2 -9997 0.4 0.0
C0G650 2001101911 26.8 -9997 0.2 0.0
C0G650 2001101912 29.0 -9997 0.4 0.0
C0G650 2001101913 28.7 -9997 0.4 0.0
C0G650 2001101914 28.7 -9997 0.8 0.0
C0G650 2001101915 28.4 -9997 1.4 0.0
C0G650 2001101916 27.9 -9997 0.7 0.0
C0G650 2001101917 26.1 -9997 0.8 0.0
C0G650 2001101918 24.1 -9997 1.0 0.0
C0G650 2001101919 23.1 -9997 0.3 0.0
C0G650 2001101920 22.4 -9997 0.3 0.0
C0G650 2001101921 21.2 -9997 0.0 0.0
C0G650 2001101922 20.2 -9997 0.0 0.0
C0G650 2001101923 19.4 -9997 0.0 0.0
C0G650 2001101924 19.0 -9997 0.0 0.0
C0G650 2001102001 19.0 -9997 0.0 0.0
C0G650 2001102002 19.6 -9997 0.0 0.0
C0G650 2001102003 19.5 -9997 0.0 0.0
C0G650 2001102004 19.7 -9997 0.0 0.0
C0G650 2001102005 19.8 -9997 0.0 0.0
C0G650 2001102006 20.2 -9997 0.0 0.0
C0G650 2001102007 20.2 -9997 -9997 0.0
C0G650 2001102008 23.2 -9997 0.0 0.0
C0G650 2001102009 24.8 -9997 0.0 0.0
C0G650 2001102010 26.4 -9997 0.0 0.0
C0G650 2001102011 27.9 -9997 0.1 0.0
C0G650 2001102012 28.8 -9997 0.4 0.0
C0G650 2001102013 29.8 -9997 0.4 0.0
C0G650 2001102014 29.0 -9997 0.2 0.0
C0G650 2001102015 28.1 -9997 0.1 0.0
C0G650 2001102016 27.6 -9997 0.6 0.0
C0G650 2001102017 26.2 -9997 0.3 0.0
C0G650 2001102018 24.6 -9997 0.1 0.0
C0G650 2001102019 23.7 -9997 0.0 0.0
C0G650 2001102020 22.9 -9997 0.0 0.0
C0G650 2001102021 23.4 -9997 0.0 0.0
C0G650 2001102022 22.9 -9997 0.0 0.0
C0G650 2001102023 22.0 -9997 0.0 0.0
C0G650 2001102024 22.0 -9997 0.0 0.0
C0G650 2001102101 22.1 -9997 -9997 0.0
C0G650 2001102102 21.9 -9997 0.0 0.0
C0G650 2001102103 21.3 -9997 0.0 0.0
C0G650 2001102104 20.8 -9997 0.0 0.0
C0G650 2001102105 20.6 -9997 0.0 0.0
C0G650 2001102106 20.7 -9997 0.0 0.0
C0G650 2001102107 -9997 -9997 0.0 0.0
C0G650 2001102108 24.0 -9997 0.0 0.0
C0G650 2001102109 25.9 -9997 0.0 0.0
C0G650 2001102110 27.1 -9997 0.4 0.0
C0G650 2001102111 28.5 -9997 -9997 0.0
C0G650 2001102112 29.3 -9997 1.5 0.0
C0G650 2001102113 29.0 -9997 0.8 0.0
C0G650 2001102114 28.9 -9997 0.0 0.0
C0G650 2001102115 29.5 -9997 0.1 0.0
C0G650 2001102116 27.9 -9997 0.9 0.0
C0G650 2001102117 26.4 -9997 -9997 0.0
C0G650 2001102118 25.4 -9997 0.0 0.0
C0G650 2001102119 24.3 -9997 0.0 0.0
C0G650 2001102120 24.0 -9997 0.0 0.0
C0G650 2001102121 23.5 -9997 0.0 0.0
C0G650 2001102122 22.4 -9997 0.0 0.0
C0G650 2001102123 21.8 -9997 0.0 0.0
C0G650 2001102124 21.6 -9997 0.0 0.0
C0G650 2001102201 21.2 -9997 0.0 0.0
C0G650 2001102202 21.0 -9997 0.0 0.0
C0G650 2001102203 20.9 -9997 0.0 0.0
C0G650 2001102204 20.7 -9997 0.0 0.0
C0G650 2001102205 20.9 -9997 0.0 0.0
C0G650 2001102206 20.7 -9997 0.0 0.0
C0G650 2001102207 21.7 -9997 0.0 0.0
C0G650 2001102208 24.2 -9997 0.1 0.0
C0G650 2001102209 25.6 -9997 0.1 0.0
C0G650 2001102210 28.4 -9997 0.0 0.0
C0G650 2001102211 29.1 -9997 0.3 0.0
C0G650 2001102212 29.2 -9997 0.5 0.0
C0G650 2001102213 30.5 -9997 0.3 0.0
C0G650 2001102214 30.3 -9997 0.6 0.0
C0G650 2001102215 30.6 -9997 1.1 0.0
C0G650 2001102216 29.5 -9997 1.1 0.0
C0G650 2001102217 27.2 -9997 0.2 0.0
C0G650 2001102218 25.8 -9997 0.1 0.0
C0G650 2001102219 24.5 -9997 0.0 0.0
C0G650 2001102220 24.1 -9997 0.2 0.0
C0G650 2001102221 24.1 -9997 0.0 0.0
C0G650 2001102222 22.7 -9997 0.0 0.0
C0G650 2001102223 22.2 -9997 0.0 0.0
C0G650 2001102224 21.8 -9997 0.0 0.0
C0G650 2001102301 21.7 -9997 0.0 0.0
C0G650 2001102302 21.1 -9997 0.0 0.0
C0G650 2001102303 20.9 -9997 0.0 0.0
C0G650 2001102304 20.6 -9997 0.0 0.0
C0G650 2001102305 20.5 -9997 0.0 0.0
C0G650 2001102306 20.6 -9997 0.0 0.0
C0G650 2001102307 21.0 -9997 0.0 0.0
C0G650 2001102308 25.1 -9997 0.0 0.0
C0G650 2001102309 26.7 -9997 0.0 0.0
C0G650 2001102310 28.5 -9997 0.2 0.0
C0G650 2001102311 30.0 -9997 0.3 0.0
C0G650 2001102312 30.7 -9997 0.3 0.0
C0G650 2001102313 31.4 -9997 0.6 0.0
C0G650 2001102314 30.5 -9997 0.1 0.0
C0G650 2001102315 30.0 -9997 0.4 0.0
C0G650 2001102316 29.1 -9997 0.2 0.0
C0G650 2001102317 27.5 -9997 0.0 0.0
C0G650 2001102318 26.1 -9997 0.0 0.0
C0G650 2001102319 24.7 -9997 0.0 0.0
C0G650 2001102320 23.9 -9997 0.0 0.0
C0G650 2001102321 23.5 -9997 0.0 0.0
C0G650 2001102322 23.8 -9997 0.0 0.0
C0G650 2001102323 23.8 -9997 0.1 0.0
C0G650 2001102324 24.0 -9997 0.2 0.0
C0G650 2001102401 23.0 -9997 0.0 0.0
C0G650 2001102402 22.8 -9997 0.0 0.0
C0G650 2001102403 22.2 -9997 0.0 0.0
C0G650 2001102404 21.9 -9997 0.0 0.0
C0G650 2001102405 21.7 -9997 0.0 0.0
C0G650 2001102406 21.2 -9997 0.0 0.0
C0G650 2001102407 22.2 -9997 0.0 0.0
C0G650 2001102408 25.0 -9997 0.0 0.0
C0G650 2001102409 26.8 -9997 0.9 0.0
C0G650 2001102410 27.2 -9997 0.7 0.0
C0G650 2001102411 28.2 -9997 0.7 0.0
C0G650 2001102412 29.4 -9997 0.5 0.0
C0G650 2001102413 29.8 -9997 0.5 0.0
C0G650 2001102414 29.6 -9997 0.4 0.0
C0G650 2001102415 28.8 -9997 0.5 0.0
C0G650 2001102416 27.0 -9997 0.3 0.0
C0G650 2001102417 25.8 -9997 0.2 0.0
C0G650 2001102418 24.7 -9997 0.0 0.0
C0G650 2001102419 23.7 -9997 0.0 0.0
C0G650 2001102420 22.6 -9997 0.0 0.0
C0G650 2001102421 22.1 -9997 0.0 0.0
C0G650 2001102422 22.6 -9997 0.0 0.0
C0G650 2001102423 22.2 -9997 0.3 0.0
C0G650 2001102424 21.7 -9997 0.0 0.0
C0G650 2001102501 21.8 -9997 0.3 0.0
C0G650 2001102502 20.5 -9997 0.0 0.0
C0G650 2001102503 20.2 -9997 0.0 0.0
C0G650 2001102504 19.8 -9997 0.0 0.0
C0G650 2001102505 20.2 -9997 -9997 0.0
C0G650 2001102506 20.4 -9997 0.0 0.0
C0G650 2001102507 -9997 -9997 0.0 0.0
C0G650 2001102508 23.6 -9997 0.0 0.0
C0G650 2001102509 25.6 -9997 0.1 0.0
C0G650 2001102510 28.2 -9997 0.3 0.0
C0G650 2001102511 28.8 -9997 0.1 0.0
C0G650 2001102512 29.8 -9997 0.2 0.0
C0G650 2001102513 30.2 -9997 0.4 0.0
C0G650 2001102514 29.5 -9997 0.2 0.0
C0G650 2001102515 29.1 -9997 0.3 0.0
C0G650 2001102516 28.0 -9997 0.3 0.0
C0G650 2001102517 26.8 -9997 0.1 0.0
C0G650 2001102518 25.4 -9997 0.1 0.0
C0G650 2001102519 24.0 -9997 0.0 0.0
C0G650 2001102520 23.1 -9997 0.0 0.0
C0G650 2001102521 22.4 -9997 0.0 0.0
C0G650 2001102522 22.0 -9997 0.0 0.0
C0G650 2001102523 21.7 -9997 0.0 -9996
C0G650 2001102524 21.3 -9997 0.0 -9996
C0G650 2001102601 21.8 -9997 0.0 0.0
C0G650 2001102602 21.0 -9997 0.0 0.0
C0G650 2001102603 20.8 -9997 0.0 0.0
C0G650 2001102604 20.8 -9997 0.0 0.0
C0G650 2001102605 20.7 -9997 0.0 0.0
C0G650 2001102606 21.0 -9997 0.0 0.0
C0G650 2001102607 21.4 -9997 0.0 0.0
C0G650 2001102608 23.8 -9997 0.0 0.0
C0G650 2001102609 26.7 -9997 0.7 0.0
C0G650 2001102610 27.8 -9997 1.0 0.0
C0G650 2001102611 29.5 -9997 0.8 0.0
C0G650 2001102612 29.9 -9997 0.3 0.0
C0G650 2001102613 31.1 -9997 1.0 0.0
C0G650 2001102614 31.0 -9997 0.9 0.0
C0G650 2001102615 29.3 -9997 0.5 0.0
C0G650 2001102616 27.5 -9997 0.1 0.0
C0G650 2001102617 25.8 -9997 0.4 0.0
C0G650 2001102618 24.9 -9997 -9997 0.0
C0G650 2001102619 24.6 -9997 0.0 0.0
C0G650 2001102620 24.1 -9997 0.0 0.0
C0G650 2001102621 23.6 -9997 0.0 0.0
C0G650 2001102622 23.1 -9997 0.0 0.0
C0G650 2001102623 22.9 -9997 0.0 0.0
C0G650 2001102624 23.1 -9997 0.2 0.0
C0G650 2001102701 23.3 -9997 0.0 0.0
C0G650 2001102702 23.0 -9997 0.0 0.0
C0G650 2001102703 22.8 -9997 0.0 0.0
C0G650 2001102704 22.3 -9997 0.0 0.0
C0G650 2001102705 21.9 -9997 0.0 0.0
C0G650 2001102706 21.3 -9997 0.0 0.0
C0G650 2001102707 22.1 -9997 0.0 0.0
C0G650 2001102708 24.9 -9997 0.0 0.0
C0G650 2001102709 27.1 -9997 0.1 0.0
C0G650 2001102710 28.7 -9997 0.3 0.0
C0G650 2001102711 28.6 -9997 1.2 0.0
C0G650 2001102712 30.0 -9997 1.3 0.0
C0G650 2001102713 28.9 -9997 0.6 0.0
C0G650 2001102714 28.6 -9997 0.0 0.0
C0G650 2001102715 29.3 -9997 0.4 0.0
C0G650 2001102716 28.5 -9997 0.1 0.0
C0G650 2001102717 26.2 -9997 0.0 0.0
C0G650 2001102718 24.9 -9997 0.0 0.0
C0G650 2001102719 24.0 -9997 0.0 0.0
C0G650 2001102720 24.6 -9997 0.0 0.0
C0G650 2001102721 24.4 -9997 0.0 0.0
C0G650 2001102722 24.0 -9997 0.0 0.0
C0G650 2001102723 22.5 -9997 0.0 0.0
C0G650 2001102724 22.0 -9997 0.0 0.0
C0G650 2001102801 22.7 -9997 0.0 0.0
C0G650 2001102802 21.7 -9997 0.0 0.0
C0G650 2001102803 21.4 -9997 0.0 0.0
C0G650 2001102804 21.2 -9997 0.0 0.0
C0G650 2001102805 21.7 -9997 0.0 0.0
C0G650 2001102806 21.7 -9997 0.0 0.0
C0G650 2001102807 22.5 -9997 0.0 0.0
C0G650 2001102808 24.9 -9997 0.0 0.0
C0G650 2001102809 26.6 -9997 0.4 0.0
C0G650 2001102810 27.8 -9997 0.5 0.0
C0G650 2001102811 28.7 -9997 0.2 0.0
C0G650 2001102812 28.8 -9997 0.3 0.0
C0G650 2001102813 28.9 -9997 0.1 0.0
C0G650 2001102814 28.6 -9997 0.7 0.0
C0G650 2001102815 28.4 -9997 1.3 0.0
C0G650 2001102816 27.2 -9997 0.5 0.0
C0G650 2001102817 25.6 -9997 0.9 0.0
C0G650 2001102818 24.4 -9997 0.6 0.0
C0G650 2001102819 23.7 -9997 0.1 0.0
C0G650 2001102820 23.4 -9997 0.0 0.0
C0G650 2001102821 23.3 -9997 0.0 0.0
C0G650 2001102822 -9997 -9997 0.1 0.0
C0G650 2001102823 22.6 -9997 0.0 0.0
C0G650 2001102824 22.5 -9997 0.0 0.0
C0G650 2001102901 21.5 -9997 0.0 0.0
C0G650 2001102902 21.1 -9997 0.0 0.0
C0G650 2001102903 21.5 -9997 0.0 0.0
C0G650 2001102904 22.0 -9997 0.0 0.0
C0G650 2001102905 20.9 -9997 0.0 0.0
C0G650 2001102906 20.7 -9997 0.0 0.0
C0G650 2001102907 22.3 -9997 0.1 0.0
C0G650 2001102908 23.9 -9997 1.2 0.0
C0G650 2001102909 25.6 -9997 0.3 0.0
C0G650 2001102910 26.4 -9997 1.1 0.0
C0G650 2001102911 27.7 -9997 0.8 0.0
C0G650 2001102912 27.9 -9997 0.8 0.0
C0G650 2001102913 27.7 -9997 1.6 0.0
C0G650 2001102914 26.4 -9997 1.6 0.0
C0G650 2001102915 26.1 -9997 0.7 0.0
C0G650 2001102916 26.0 -9997 0.7 0.0
C0G650 2001102917 24.7 -9997 0.6 0.0
C0G650 2001102918 23.4 -9997 0.4 0.0
C0G650 2001102919 22.7 -9997 0.3 0.0
C0G650 2001102920 22.6 -9997 0.4 0.0
C0G650 2001102921 22.2 -9997 0.0 0.0
C0G650 2001102922 21.9 -9997 0.2 0.0
C0G650 2001102923 22.2 -9997 0.0 0.0
C0G650 2001102924 21.6 -9997 0.0 -9996
C0G650 2001103001 21.4 -9997 0.0 0.0
C0G650 2001103002 21.0 -9997 0.0 0.0
C0G650 2001103003 20.7 -9997 0.0 0.0
C0G650 2001103004 20.4 -9997 0.2 1.0
C0G650 2001103005 20.4 -9997 0.4 0.0
C0G650 2001103006 20.9 -9997 0.5 0.0
C0G650 2001103007 20.8 -9997 0.0 0.0
C0G650 2001103008 21.2 -9997 0.3 0.0
C0G650 2001103009 21.5 -9997 0.3 0.0
C0G650 2001103010 23.3 -9997 0.4 0.0
C0G650 2001103011 23.5 -9997 0.1 0.0
C0G650 2001103012 24.5 -9997 0.2 0.0
C0G650 2001103013 26.4 -9997 0.0 0.0
C0G650 2001103014 26.6 -9997 0.0 0.0
C0G650 2001103015 25.6 -9997 0.3 0.0
C0G650 2001103016 24.9 -9997 0.7 0.0
C0G650 2001103017 24.3 -9997 0.0 0.0
C0G650 2001103018 23.4 -9997 0.0 0.0
C0G650 2001103019 22.8 -9997 0.0 0.0
C0G650 2001103020 22.9 -9997 0.0 0.0
C0G650 2001103021 22.5 -9997 0.0 0.0
C0G650 2001103022 22.0 -9997 0.0 0.0
C0G650 2001103023 22.4 -9997 0.0 0.0
C0G650 2001103024 22.6 -9997 0.0 0.0
C0G650 2001103101 22.5 -9997 0.0 0.0
C0G650 2001103102 22.4 -9997 0.0 0.0
C0G650 2001103103 22.3 -9997 0.0 0.0
C0G650 2001103104 21.5 -9997 0.0 0.0
C0G650 2001103105 20.9 -9997 0.3 0.0
C0G650 2001103106 20.7 -9997 0.0 0.0
C0G650 2001103107 21.5 -9997 0.0 0.0
C0G650 2001103108 23.1 -9997 0.0 0.0
C0G650 2001103109 24.3 -9997 0.0 0.0
C0G650 2001103110 26.2 -9997 0.1 0.0
C0G650 2001103111 27.1 -9997 0.0 0.0
C0G650 2001103112 28.0 -9997 1.2 0.0
C0G650 2001103113 28.6 -9997 0.1 0.0
C0G650 2001103114 29.0 -9997 0.3 0.0
C0G650 2001103115 27.5 -9997 0.3 0.0
C0G650 2001103116 26.5 -9997 1.4 0.0
C0G650 2001103117 25.3 -9997 0.1 0.0
C0G650 2001103118 24.8 -9997 0.0 0.0
C0G650 2001103119 24.2 -9997 0.0 0.0
C0G650 2001103120 24.2 -9997 0.0 0.0
C0G650 2001103121 23.8 -9997 0.0 0.0
C0G650 2001103122 22.9 -9997 0.0 0.0
C0G650 2001103123 23.2 -9997 0.0 0.0
C0G650 2001103124 22.8 -9997 0.0 0.0
C0G660 2001100101 -9999 -9999 -9999 0.0
C0G660 2001100102 -9999 -9999 -9999 0.0
C0G660 2001100103 -9999 -9999 -9999 0.0
C0G660 2001100104 -9999 -9999 -9999 0.0
C0G660 2001100105 -9999 -9999 -9999 0.0
C0G660 2001100106 -9999 -9999 -9999 0.0
C0G660 2001100107 -9999 -9999 -9999 0.0
C0G660 2001100108 -9999 -9999 -9999 0.0
C0G660 2001100109 -9999 -9999 -9999 0.0
C0G660 2001100110 -9999 -9999 -9999 0.0
C0G660 2001100111 -9999 -9999 -9999 0.0
C0G660 2001100112 -9999 -9999 -9999 0.0
C0G660 2001100113 -9999 -9999 -9999 0.0
C0G660 2001100114 -9999 -9999 -9999 0.0
C0G660 2001100115 -9999 -9999 -9999 0.0
C0G660 2001100116 -9999 -9999 -9999 0.0
C0G660 2001100117 -9999 -9999 -9999 0.0
C0G660 2001100118 -9999 -9999 -9999 0.0
C0G660 2001100119 -9999 -9999 -9999 0.0
C0G660 2001100120 -9999 -9999 -9999 0.0
C0G660 2001100121 -9999 -9999 -9999 0.0
C0G660 2001100122 -9999 -9999 -9999 0.0
C0G660 2001100123 -9999 -9999 -9999 0.0
C0G660 2001100124 -9999 -9999 -9999 0.0
C0G660 2001100201 -9999 -9999 -9999 0.0
C0G660 2001100202 -9999 -9999 -9999 0.0
C0G660 2001100203 -9999 -9999 -9999 0.0
C0G660 2001100204 -9999 -9999 -9999 0.0
C0G660 2001100205 -9999 -9999 -9999 0.0
C0G660 2001100206 -9999 -9999 -9999 0.0
C0G660 2001100207 -9999 -9999 -9999 0.0
C0G660 2001100208 -9999 -9999 -9999 0.0
C0G660 2001100209 -9999 -9999 -9999 0.0
C0G660 2001100210 -9999 -9999 -9999 0.0
C0G660 2001100211 -9999 -9999 -9999 0.0
C0G660 2001100212 -9999 -9999 -9999 0.0
C0G660 2001100213 -9999 -9999 -9999 0.0
C0G660 2001100214 -9999 -9999 -9999 0.0
C0G660 2001100215 -9999 -9999 -9999 0.0
C0G660 2001100216 -9999 -9999 -9999 0.0
C0G660 2001100217 -9999 -9999 -9999 0.0
C0G660 2001100218 -9999 -9999 -9999 0.0
C0G660 2001100219 -9999 -9999 -9999 0.0
C0G660 2001100220 -9999 -9999 -9999 0.0
C0G660 2001100221 -9999 -9999 -9999 0.0
C0G660 2001100222 -9999 -9999 -9999 0.0
C0G660 2001100223 -9999 -9999 -9999 0.0
C0G660 2001100224 -9999 -9999 -9999 0.0
C0G660 2001100301 -9999 -9999 -9999 0.0
C0G660 2001100302 -9999 -9999 -9999 0.0
C0G660 2001100303 -9999 -9999 -9999 0.0
C0G660 2001100304 -9999 -9999 -9999 0.0
C0G660 2001100305 -9999 -9999 -9999 0.0
C0G660 2001100306 -9999 -9999 -9999 0.0
C0G660 2001100307 -9999 -9999 -9999 0.0
C0G660 2001100308 -9999 -9999 -9999 0.0
C0G660 2001100309 -9999 -9999 -9999 0.0
C0G660 2001100310 -9999 -9999 -9999 0.0
C0G660 2001100311 -9999 -9999 -9999 0.0
C0G660 2001100312 -9999 -9999 -9999 0.0
C0G660 2001100313 -9999 -9999 -9999 0.0
C0G660 2001100314 -9999 -9999 -9999 0.0
C0G660 2001100315 -9999 -9999 -9999 0.0
C0G660 2001100316 -9999 -9999 -9999 0.0
C0G660 2001100317 -9999 -9999 -9999 0.0
C0G660 2001100318 -9999 -9999 -9999 0.0
C0G660 2001100319 -9999 -9999 -9999 0.0
C0G660 2001100320 -9999 -9999 -9999 0.0
C0G660 2001100321 -9999 -9999 -9999 0.0
C0G660 2001100322 -9999 -9999 -9999 0.0
C0G660 2001100323 -9999 -9999 -9999 0.0
C0G660 2001100324 -9999 -9999 -9999 0.0
C0G660 2001100401 -9999 -9999 -9999 0.0
C0G660 2001100402 -9999 -9999 -9999 0.0
C0G660 2001100403 -9999 -9999 -9999 0.0
C0G660 2001100404 -9999 -9999 -9999 0.0
C0G660 2001100405 -9999 -9999 -9999 0.0
C0G660 2001100406 -9999 -9999 -9999 0.0
C0G660 2001100407 -9999 -9999 -9999 0.0
C0G660 2001100408 -9999 -9999 -9999 0.0
C0G660 2001100409 -9999 -9999 -9999 0.0
C0G660 2001100410 -9999 -9999 -9999 0.0
C0G660 2001100411 -9999 -9999 -9999 0.0
C0G660 2001100412 -9999 -9999 -9999 0.0
C0G660 2001100413 -9999 -9999 -9999 0.0
C0G660 2001100414 -9999 -9999 -9999 0.0
C0G660 2001100415 -9999 -9999 -9999 0.0
C0G660 2001100416 -9999 -9999 -9999 0.0
C0G660 2001100417 -9999 -9999 -9999 0.0
C0G660 2001100418 -9999 -9999 -9999 0.0
C0G660 2001100419 -9999 -9999 -9999 0.0
C0G660 2001100420 -9999 -9999 -9999 0.0
C0G660 2001100421 -9999 -9999 -9999 0.0
C0G660 2001100422 -9999 -9999 -9999 0.0
C0G660 2001100423 -9999 -9999 -9999 0.0
C0G660 2001100424 -9999 -9999 -9999 0.0
C0G660 2001100501 -9999 -9999 -9999 0.0
C0G660 2001100502 -9999 -9999 -9999 0.0
C0G660 2001100503 -9999 -9999 -9999 0.0
C0G660 2001100504 -9999 -9999 -9999 0.0
C0G660 2001100505 -9999 -9999 -9999 0.0
C0G660 2001100506 -9999 -9999 -9999 0.0
C0G660 2001100507 -9999 -9999 -9999 0.0
C0G660 2001100508 -9999 -9999 -9999 0.0
C0G660 2001100509 -9999 -9999 -9999 0.0
C0G660 2001100510 -9999 -9999 -9999 0.0
C0G660 2001100511 -9999 -9999 -9999 0.0
C0G660 2001100512 -9999 -9999 -9999 0.0
C0G660 2001100513 -9999 -9999 -9999 0.0
C0G660 2001100514 -9999 -9999 -9999 0.0
C0G660 2001100515 -9999 -9999 -9999 0.0
C0G660 2001100516 -9999 -9999 -9999 0.0
C0G660 2001100517 -9999 -9999 -9999 0.0
C0G660 2001100518 -9999 -9999 -9999 0.0
C0G660 2001100519 -9999 -9999 -9999 0.0
C0G660 2001100520 -9999 -9999 -9999 0.0
C0G660 2001100521 -9999 -9999 -9999 0.0
C0G660 2001100522 -9999 -9999 -9999 0.0
C0G660 2001100523 -9999 -9999 -9999 0.0
C0G660 2001100524 -9999 -9999 -9999 0.0
C0G660 2001100601 -9999 -9999 -9999 0.0
C0G660 2001100602 -9999 -9999 -9999 0.0
C0G660 2001100603 -9999 -9999 -9999 0.0
C0G660 2001100604 -9999 -9999 -9999 0.0
C0G660 2001100605 -9999 -9999 -9999 0.0
C0G660 2001100606 -9999 -9999 -9999 0.0
C0G660 2001100607 -9999 -9999 -9999 0.0
C0G660 2001100608 -9999 -9999 -9999 0.0
C0G660 2001100609 -9999 -9999 -9999 0.0
C0G660 2001100610 -9999 -9999 -9999 0.0
C0G660 2001100611 -9999 -9999 -9999 0.0
C0G660 2001100612 -9999 -9999 -9999 0.0
C0G660 2001100613 -9999 -9999 -9999 0.0
C0G660 2001100614 -9999 -9999 -9999 0.0
C0G660 2001100615 -9999 -9999 -9999 0.0
C0G660 2001100616 -9999 -9999 -9999 0.0
C0G660 2001100617 -9999 -9999 -9999 0.0
C0G660 2001100618 -9999 -9999 -9999 0.0
C0G660 2001100619 -9999 -9999 -9999 0.0
C0G660 2001100620 -9999 -9999 -9999 0.0
C0G660 2001100621 -9999 -9999 -9999 0.0
C0G660 2001100622 -9999 -9999 -9999 0.0
C0G660 2001100623 -9999 -9999 -9999 0.0
C0G660 2001100624 -9999 -9999 -9999 0.0
C0G660 2001100701 -9999 -9999 -9999 0.0
C0G660 2001100702 -9999 -9999 -9999 0.0
C0G660 2001100703 -9999 -9999 -9999 0.0
C0G660 2001100704 -9999 -9999 -9999 0.0
C0G660 2001100705 -9999 -9999 -9999 0.0
C0G660 2001100706 -9999 -9999 -9999 0.0
C0G660 2001100707 -9999 -9999 -9999 0.0
C0G660 2001100708 -9999 -9999 -9999 0.0
C0G660 2001100709 -9999 -9999 -9999 0.0
C0G660 2001100710 -9999 -9999 -9999 0.0
C0G660 2001100711 -9999 -9999 -9999 0.0
C0G660 2001100712 -9999 -9999 -9999 0.0
C0G660 2001100713 -9999 -9999 -9999 0.0
C0G660 2001100714 -9999 -9999 -9999 0.0
C0G660 2001100715 -9999 -9999 -9999 0.0
C0G660 2001100716 -9999 -9999 -9999 0.0
C0G660 2001100717 -9999 -9999 -9999 0.0
C0G660 2001100718 -9999 -9999 -9999 0.0
C0G660 2001100719 -9999 -9999 -9999 0.0
C0G660 2001100720 -9999 -9999 -9999 0.0
C0G660 2001100721 -9999 -9999 -9999 0.0
C0G660 2001100722 -9999 -9999 -9999 0.0
C0G660 2001100723 -9999 -9999 -9999 0.0
C0G660 2001100724 -9999 -9999 -9999 0.0
C0G660 2001100801 -9999 -9999 -9999 0.0
C0G660 2001100802 -9999 -9999 -9999 0.0
C0G660 2001100803 -9999 -9999 -9999 0.0
C0G660 2001100804 -9999 -9999 -9999 0.0
C0G660 2001100805 -9999 -9999 -9999 0.0
C0G660 2001100806 -9999 -9999 -9999 0.0
C0G660 2001100807 -9999 -9999 -9999 0.0
C0G660 2001100808 -9999 -9999 -9999 0.0
C0G660 2001100809 -9999 -9999 -9999 0.0
C0G660 2001100810 -9999 -9999 -9999 0.0
C0G660 2001100811 -9999 -9999 -9999 0.0
C0G660 2001100812 -9999 -9999 -9999 0.0
C0G660 2001100813 -9999 -9999 -9999 0.0
C0G660 2001100814 -9999 -9999 -9999 0.0
C0G660 2001100815 -9999 -9999 -9999 0.0
C0G660 2001100816 -9999 -9999 -9999 0.0
C0G660 2001100817 -9999 -9999 -9999 0.0
C0G660 2001100818 -9999 -9999 -9999 0.0
C0G660 2001100819 -9999 -9999 -9999 0.0
C0G660 2001100820 -9999 -9999 -9999 0.0
C0G660 2001100821 -9999 -9999 -9999 0.0
C0G660 2001100822 -9999 -9999 -9999 0.0
C0G660 2001100823 -9999 -9999 -9999 0.0
C0G660 2001100824 -9999 -9999 -9999 0.0
C0G660 2001100901 -9999 -9999 -9999 0.0
C0G660 2001100902 -9999 -9999 -9999 0.0
C0G660 2001100903 -9999 -9999 -9999 0.0
C0G660 2001100904 -9999 -9999 -9999 0.0
C0G660 2001100905 -9999 -9999 -9999 0.0
C0G660 2001100906 -9999 -9999 -9999 0.0
C0G660 2001100907 -9999 -9999 -9999 0.0
C0G660 2001100908 -9999 -9999 -9999 0.0
C0G660 2001100909 -9999 -9999 -9999 0.0
C0G660 2001100910 -9999 -9999 -9999 0.0
C0G660 2001100911 -9999 -9999 -9999 0.0
C0G660 2001100912 -9999 -9999 -9999 0.0
C0G660 2001100913 -9999 -9999 -9999 0.0
C0G660 2001100914 -9999 -9999 -9999 0.0
C0G660 2001100915 -9999 -9999 -9999 0.0
C0G660 2001100916 -9999 -9999 -9999 0.0
C0G660 2001100917 -9999 -9999 -9999 0.0
C0G660 2001100918 -9999 -9999 -9999 0.0
C0G660 2001100919 -9999 -9999 -9999 0.0
C0G660 2001100920 -9999 -9999 -9999 0.0
C0G660 2001100921 -9999 -9999 -9999 0.0
C0G660 2001100922 -9999 -9999 -9999 0.0
C0G660 2001100923 -9999 -9999 -9999 0.0
C0G660 2001100924 -9999 -9999 -9999 0.0
C0G660 2001101001 -9999 -9999 -9999 0.0
C0G660 2001101002 -9999 -9999 -9999 0.0
C0G660 2001101003 -9999 -9999 -9999 0.0
C0G660 2001101004 -9999 -9999 -9999 0.0
C0G660 2001101005 -9999 -9999 -9999 0.0
C0G660 2001101006 -9999 -9999 -9999 0.0
C0G660 2001101007 -9999 -9999 -9999 0.0
C0G660 2001101008 -9999 -9999 -9999 0.0
C0G660 2001101009 -9999 -9999 -9999 0.0
C0G660 2001101010 -9999 -9999 -9999 0.0
C0G660 2001101011 -9999 -9999 -9999 0.0
C0G660 2001101012 -9999 -9999 -9999 0.0
C0G660 2001101013 -9999 -9999 -9999 0.0
C0G660 2001101014 -9999 -9999 -9999 0.0
C0G660 2001101015 -9999 -9999 -9999 0.0
C0G660 2001101016 -9999 -9999 -9999 0.0
C0G660 2001101017 -9999 -9999 -9999 0.0
C0G660 2001101018 -9999 -9999 -9999 0.0
C0G660 2001101019 -9999 -9999 -9999 0.0
C0G660 2001101020 -9999 -9999 -9999 0.0
C0G660 2001101021 -9999 -9999 -9999 0.0
C0G660 2001101022 -9999 -9999 -9999 0.0
C0G660 2001101023 -9999 -9999 -9999 0.0
C0G660 2001101024 -9999 -9999 -9999 0.0
C0G660 2001101101 -9999 -9999 -9999 0.0
C0G660 2001101102 -9999 -9999 -9999 0.0
C0G660 2001101103 -9999 -9999 -9999 0.0
C0G660 2001101104 -9999 -9999 -9999 0.0
C0G660 2001101105 -9999 -9999 -9999 0.0
C0G660 2001101106 -9999 -9999 -9999 0.0
C0G660 2001101107 -9999 -9999 -9999 0.0
C0G660 2001101108 -9999 -9999 -9999 0.0
C0G660 2001101109 -9999 -9999 -9999 0.0
C0G660 2001101110 -9999 -9999 -9999 0.0
C0G660 2001101111 -9999 -9999 -9999 0.0
C0G660 2001101112 -9999 -9999 -9999 0.0
C0G660 2001101113 -9999 -9999 -9999 0.0
C0G660 2001101114 -9999 -9999 -9999 0.0
C0G660 2001101115 -9999 -9999 -9999 0.0
C0G660 2001101116 -9999 -9999 -9999 0.0
C0G660 2001101117 -9999 -9999 -9999 0.0
C0G660 2001101118 -9999 -9999 -9999 0.0
C0G660 2001101119 -9999 -9999 -9999 0.0
C0G660 2001101120 -9999 -9999 -9999 0.0
C0G660 2001101121 -9999 -9999 -9999 0.0
C0G660 2001101122 -9999 -9999 -9999 0.0
C0G660 2001101123 -9999 -9999 -9999 0.0
C0G660 2001101124 -9999 -9999 -9999 0.0
C0G660 2001101201 -9999 -9999 -9999 0.0
C0G660 2001101202 -9999 -9999 -9999 0.0
C0G660 2001101203 -9999 -9999 -9999 0.0
C0G660 2001101204 -9999 -9999 -9999 0.0
C0G660 2001101205 -9999 -9999 -9999 0.0
C0G660 2001101206 -9999 -9999 -9999 0.0
C0G660 2001101207 -9999 -9999 -9999 0.0
C0G660 2001101208 -9999 -9999 -9999 0.0
C0G660 2001101209 -9999 -9999 -9999 0.0
C0G660 2001101210 -9999 -9999 -9999 0.0
C0G660 2001101211 -9999 -9999 -9999 0.0
C0G660 2001101212 -9999 -9999 -9999 0.0
C0G660 2001101213 -9999 -9999 -9999 0.0
C0G660 2001101214 -9999 -9999 -9999 0.0
C0G660 2001101215 -9999 -9999 -9999 0.0
C0G660 2001101216 -9999 -9999 -9999 0.0
C0G660 2001101217 -9999 -9999 -9999 0.0
C0G660 2001101218 -9999 -9999 -9999 0.0
C0G660 2001101219 -9999 -9999 -9999 0.0
C0G660 2001101220 -9999 -9999 -9999 0.0
C0G660 2001101221 -9999 -9999 -9999 0.0
C0G660 2001101222 -9999 -9999 -9999 0.0
C0G660 2001101223 -9999 -9999 -9999 0.0
C0G660 2001101224 -9999 -9999 -9999 0.0
C0G660 2001101301 -9999 -9999 -9999 0.0
C0G660 2001101302 -9999 -9999 -9999 0.0
C0G660 2001101303 -9999 -9999 -9999 0.0
C0G660 2001101304 -9999 -9999 -9999 0.0
C0G660 2001101305 -9999 -9999 -9999 0.0
C0G660 2001101306 -9999 -9999 -9999 0.0
C0G660 2001101307 -9999 -9999 -9999 0.0
C0G660 2001101308 -9999 -9999 -9999 0.0
C0G660 2001101309 -9999 -9999 -9999 0.0
C0G660 2001101310 -9999 -9999 -9999 0.0
C0G660 2001101311 -9999 -9999 -9999 0.0
C0G660 2001101312 -9999 -9999 -9999 0.0
C0G660 2001101313 -9999 -9999 -9999 0.0
C0G660 2001101314 -9999 -9999 -9999 0.0
C0G660 2001101315 -9999 -9999 -9999 0.0
C0G660 2001101316 -9999 -9999 -9999 0.0
C0G660 2001101317 -9999 -9999 -9999 0.0
C0G660 2001101318 -9999 -9999 -9999 0.0
C0G660 2001101319 -9999 -9999 -9999 0.0
C0G660 2001101320 -9999 -9999 -9999 0.0
C0G660 2001101321 -9999 -9999 -9999 0.0
C0G660 2001101322 -9999 -9999 -9999 0.0
C0G660 2001101323 -9999 -9999 -9999 0.0
C0G660 2001101324 -9999 -9999 -9999 0.0
C0G660 2001101401 -9999 -9999 -9999 0.0
C0G660 2001101402 -9999 -9999 -9999 0.0
C0G660 2001101403 -9999 -9999 -9999 0.0
C0G660 2001101404 -9999 -9999 -9999 0.0
C0G660 2001101405 -9999 -9999 -9999 0.0
C0G660 2001101406 -9999 -9999 -9999 0.0
C0G660 2001101407 -9999 -9999 -9999 0.0
C0G660 2001101408 -9999 -9999 -9999 0.0
C0G660 2001101409 -9999 -9999 -9999 0.0
C0G660 2001101410 -9999 -9999 -9999 0.0
C0G660 2001101411 -9999 -9999 -9999 0.0
C0G660 2001101412 -9999 -9999 -9999 0.0
C0G660 2001101413 -9999 -9999 -9999 0.0
C0G660 2001101414 -9999 -9999 -9999 0.0
C0G660 2001101415 -9999 -9999 -9999 0.0
C0G660 2001101416 -9999 -9999 -9999 0.0
C0G660 2001101417 -9999 -9999 -9999 0.0
C0G660 2001101418 -9999 -9999 -9999 0.0
C0G660 2001101419 -9999 -9999 -9999 0.0
C0G660 2001101420 -9999 -9999 -9999 0.0
C0G660 2001101421 -9999 -9999 -9999 0.0
C0G660 2001101422 -9999 -9999 -9999 0.0
C0G660 2001101423 -9999 -9999 -9999 0.0
C0G660 2001101424 -9999 -9999 -9999 0.0
C0G660 2001101501 -9999 -9999 -9999 0.0
C0G660 2001101502 -9999 -9999 -9999 0.0
C0G660 2001101503 -9999 -9999 -9999 0.0
C0G660 2001101504 -9999 -9999 -9999 0.0
C0G660 2001101505 -9999 -9999 -9999 0.0
C0G660 2001101506 -9999 -9999 -9999 0.0
C0G660 2001101507 -9999 -9999 -9999 0.0
C0G660 2001101508 -9999 -9999 -9999 0.0
C0G660 2001101509 -9999 -9999 -9999 0.0
C0G660 2001101510 -9999 -9999 -9999 0.0
C0G660 2001101511 -9999 -9999 -9999 0.0
C0G660 2001101512 -9999 -9999 -9999 0.0
C0G660 2001101513 -9999 -9999 -9999 0.0
C0G660 2001101514 -9999 -9999 -9999 0.0
C0G660 2001101515 -9999 -9999 -9999 0.0
C0G660 2001101516 -9999 -9999 -9999 0.0
C0G660 2001101517 -9999 -9999 -9999 0.0
C0G660 2001101518 -9999 -9999 -9999 0.0
C0G660 2001101519 -9999 -9999 -9999 0.0
C0G660 2001101520 -9999 -9999 -9999 0.0
C0G660 2001101521 -9999 -9999 -9999 0.0
C0G660 2001101522 -9999 -9999 -9999 0.0
C0G660 2001101523 -9999 -9999 -9999 0.0
C0G660 2001101524 -9999 -9999 -9999 -9996
C0G660 2001101601 -9999 -9999 -9999 0.0
C0G660 2001101602 -9999 -9999 -9999 0.0
C0G660 2001101603 -9999 -9999 -9999 0.0
C0G660 2001101604 -9999 -9999 -9999 0.0
C0G660 2001101605 -9999 -9999 -9999 0.0
C0G660 2001101606 -9999 -9999 -9999 0.0
C0G660 2001101607 -9999 -9999 -9999 0.0
C0G660 2001101608 -9999 -9999 -9999 0.0
C0G660 2001101609 -9999 -9999 -9999 0.0
C0G660 2001101610 -9999 -9999 -9999 0.0
C0G660 2001101611 -9999 -9999 -9999 0.0
C0G660 2001101612 -9999 -9999 -9999 0.0
C0G660 2001101613 -9999 -9999 -9999 0.0
C0G660 2001101614 -9999 -9999 -9999 0.0
C0G660 2001101615 -9999 -9999 -9999 0.0
C0G660 2001101616 -9999 -9999 -9999 0.0
C0G660 2001101617 -9999 -9999 -9999 0.0
C0G660 2001101618 -9999 -9999 -9999 0.0
C0G660 2001101619 -9999 -9999 -9999 0.0
C0G660 2001101620 -9999 -9999 -9999 0.0
C0G660 2001101621 -9999 -9999 -9999 0.0
C0G660 2001101622 -9999 -9999 -9999 0.0
C0G660 2001101623 -9999 -9999 -9999 0.0
C0G660 2001101624 -9999 -9999 -9999 0.0
C0G660 2001101701 -9999 -9999 -9999 0.0
C0G660 2001101702 -9999 -9999 -9999 0.0
C0G660 2001101703 -9999 -9999 -9999 0.0
C0G660 2001101704 -9999 -9999 -9999 0.0
C0G660 2001101705 -9999 -9999 -9999 0.0
C0G660 2001101706 -9999 -9999 -9999 0.0
C0G660 2001101707 -9999 -9999 -9999 0.0
C0G660 2001101708 -9999 -9999 -9999 0.0
C0G660 2001101709 -9999 -9999 -9999 0.0
C0G660 2001101710 -9999 -9999 -9999 0.0
C0G660 2001101711 -9999 -9999 -9999 0.0
C0G660 2001101712 -9999 -9999 -9999 0.0
C0G660 2001101713 -9999 -9999 -9999 0.0
C0G660 2001101714 -9999 -9999 -9999 0.0
C0G660 2001101715 -9999 -9999 -9999 0.0
C0G660 2001101716 -9999 -9999 -9999 0.0
C0G660 2001101717 -9999 -9999 -9999 0.0
C0G660 2001101718 -9999 -9999 -9999 0.0
C0G660 2001101719 -9999 -9999 -9999 0.0
C0G660 2001101720 -9999 -9999 -9999 0.0
C0G660 2001101721 -9999 -9999 -9999 0.0
C0G660 2001101722 -9999 -9999 -9999 0.0
C0G660 2001101723 -9999 -9999 -9999 0.0
C0G660 2001101724 -9999 -9999 -9999 0.0
C0G660 2001101801 -9999 -9999 -9999 0.0
C0G660 2001101802 -9999 -9999 -9999 0.0
C0G660 2001101803 -9999 -9999 -9999 0.0
C0G660 2001101804 -9999 -9999 -9999 0.0
C0G660 2001101805 -9999 -9999 -9999 0.0
C0G660 2001101806 -9999 -9999 -9999 0.0
C0G660 2001101807 -9999 -9999 -9999 0.0
C0G660 2001101808 -9999 -9999 -9999 0.0
C0G660 2001101809 -9999 -9999 -9999 0.0
C0G660 2001101810 -9999 -9999 -9999 0.0
C0G660 2001101811 -9999 -9999 -9999 0.0
C0G660 2001101812 -9999 -9999 -9999 0.0
C0G660 2001101813 -9999 -9999 -9999 0.0
C0G660 2001101814 -9999 -9999 -9999 0.0
C0G660 2001101815 -9999 -9999 -9999 0.0
C0G660 2001101816 -9999 -9999 -9999 0.0
C0G660 2001101817 -9999 -9999 -9999 0.0
C0G660 2001101818 -9999 -9999 -9999 0.0
C0G660 2001101819 -9999 -9999 -9999 0.0
C0G660 2001101820 -9999 -9999 -9999 0.0
C0G660 2001101821 -9999 -9999 -9999 0.0
C0G660 2001101822 -9999 -9999 -9999 0.0
C0G660 2001101823 -9999 -9999 -9999 0.0
C0G660 2001101824 -9999 -9999 -9999 -9996
C0G660 2001101901 -9999 -9999 -9999 0.0
C0G660 2001101902 -9999 -9999 -9999 0.0
C0G660 2001101903 -9999 -9999 -9999 0.0
C0G660 2001101904 -9999 -9999 -9999 0.0
C0G660 2001101905 -9999 -9999 -9999 0.0
C0G660 2001101906 -9999 -9999 -9999 0.0
C0G660 2001101907 -9999 -9999 -9999 0.0
C0G660 2001101908 -9999 -9999 -9999 0.0
C0G660 2001101909 -9999 -9999 -9999 0.0
C0G660 2001101910 -9999 -9999 -9999 0.0
C0G660 2001101911 -9999 -9999 -9999 0.0
C0G660 2001101912 -9999 -9999 -9999 0.0
C0G660 2001101913 -9999 -9999 -9999 0.0
C0G660 2001101914 -9999 -9999 -9999 0.0
C0G660 2001101915 -9999 -9999 -9999 0.0
C0G660 2001101916 -9999 -9999 -9999 0.0
C0G660 2001101917 -9999 -9999 -9999 0.0
C0G660 2001101918 -9999 -9999 -9999 0.0
C0G660 2001101919 -9999 -9999 -9999 0.0
C0G660 2001101920 -9999 -9999 -9999 0.0
C0G660 2001101921 -9999 -9999 -9999 0.0
C0G660 2001101922 -9999 -9999 -9999 0.0
C0G660 2001101923 -9999 -9999 -9999 0.0
C0G660 2001101924 -9999 -9999 -9999 0.0
C0G660 2001102001 -9999 -9999 -9999 0.0
C0G660 2001102002 -9999 -9999 -9999 0.0
C0G660 2001102003 -9999 -9999 -9999 0.0
C0G660 2001102004 -9999 -9999 -9999 0.0
C0G660 2001102005 -9999 -9999 -9999 0.0
C0G660 2001102006 -9999 -9999 -9999 0.0
C0G660 2001102007 -9999 -9999 -9999 0.0
C0G660 2001102008 -9999 -9999 -9999 0.0
C0G660 2001102009 -9999 -9999 -9999 0.0
C0G660 2001102010 -9999 -9999 -9999 0.0
C0G660 2001102011 -9999 -9999 -9999 0.0
C0G660 2001102012 -9999 -9999 -9999 0.0
C0G660 2001102013 -9999 -9999 -9999 0.0
C0G660 2001102014 -9999 -9999 -9999 0.0
C0G660 2001102015 -9999 -9999 -9999 0.0
C0G660 2001102016 -9999 -9999 -9999 0.0
C0G660 2001102017 -9999 -9999 -9999 0.0
C0G660 2001102018 -9999 -9999 -9999 0.0
C0G660 2001102019 -9999 -9999 -9999 0.0
C0G660 2001102020 -9999 -9999 -9999 0.0
C0G660 2001102021 -9999 -9999 -9999 0.0
C0G660 2001102022 -9999 -9999 -9999 0.0
C0G660 2001102023 -9999 -9999 -9999 0.0
C0G660 2001102024 -9999 -9999 -9999 0.0
C0G660 2001102101 -9999 -9999 -9999 0.0
C0G660 2001102102 -9999 -9999 -9999 0.0
C0G660 2001102103 -9999 -9999 -9999 0.0
C0G660 2001102104 -9999 -9999 -9999 0.0
C0G660 2001102105 -9999 -9999 -9999 0.0
C0G660 2001102106 -9999 -9999 -9999 0.0
C0G660 2001102107 -9999 -9999 -9999 0.0
C0G660 2001102108 -9999 -9999 -9999 0.0
C0G660 2001102109 -9999 -9999 -9999 0.0
C0G660 2001102110 -9999 -9999 -9999 0.0
C0G660 2001102111 -9999 -9999 -9999 0.0
C0G660 2001102112 -9999 -9999 -9999 0.0
C0G660 2001102113 -9999 -9999 -9999 0.0
C0G660 2001102114 -9999 -9999 -9999 0.0
C0G660 2001102115 -9999 -9999 -9999 0.0
C0G660 2001102116 -9999 -9999 -9999 0.0
C0G660 2001102117 -9999 -9999 -9999 0.0
C0G660 2001102118 -9999 -9999 -9999 0.0
C0G660 2001102119 -9999 -9999 -9999 0.0
C0G660 2001102120 -9999 -9999 -9999 0.0
C0G660 2001102121 -9999 -9999 -9999 0.0
C0G660 2001102122 -9999 -9999 -9999 0.0
C0G660 2001102123 -9999 -9999 -9999 -9996
C0G660 2001102124 -9999 -9999 -9999 -9996
C0G660 2001102201 -9999 -9999 -9999 0.0
C0G660 2001102202 -9999 -9999 -9999 0.0
C0G660 2001102203 -9999 -9999 -9999 0.0
C0G660 2001102204 -9999 -9999 -9999 0.0
C0G660 2001102205 -9999 -9999 -9999 0.0
C0G660 2001102206 -9999 -9999 -9999 0.0
C0G660 2001102207 -9999 -9999 -9999 0.0
C0G660 2001102208 -9999 -9999 -9999 0.0
C0G660 2001102209 -9999 -9999 -9999 0.0
C0G660 2001102210 -9999 -9999 -9999 0.0
C0G660 2001102211 -9999 -9999 -9999 0.0
C0G660 2001102212 -9999 -9999 -9999 0.0
C0G660 2001102213 -9999 -9999 -9999 0.0
C0G660 2001102214 -9999 -9999 -9999 0.0
C0G660 2001102215 -9999 -9999 -9999 0.0
C0G660 2001102216 -9999 -9999 -9999 0.0
C0G660 2001102217 -9999 -9999 -9999 0.0
C0G660 2001102218 -9999 -9999 -9999 0.0
C0G660 2001102219 -9999 -9999 -9999 0.0
C0G660 2001102220 -9999 -9999 -9999 0.0
C0G660 2001102221 -9999 -9999 -9999 0.0
C0G660 2001102222 -9999 -9999 -9999 0.0
C0G660 2001102223 -9999 -9999 -9999 0.0
C0G660 2001102224 -9999 -9999 -9999 0.0
C0G660 2001102301 -9999 -9999 -9999 0.0
C0G660 2001102302 -9999 -9999 -9999 0.0
C0G660 2001102303 -9999 -9999 -9999 0.0
C0G660 2001102304 -9999 -9999 -9999 0.0
C0G660 2001102305 -9999 -9999 -9999 0.0
C0G660 2001102306 -9999 -9999 -9999 0.0
C0G660 2001102307 -9999 -9999 -9999 0.0
C0G660 2001102308 -9999 -9999 -9999 0.0
C0G660 2001102309 -9999 -9999 -9999 0.0
C0G660 2001102310 -9999 -9999 -9999 0.0
C0G660 2001102311 -9999 -9999 -9999 0.0
C0G660 2001102312 -9999 -9999 -9999 0.0
C0G660 2001102313 -9999 -9999 -9999 0.0
C0G660 2001102314 -9999 -9999 -9999 0.0
C0G660 2001102315 -9999 -9999 -9999 0.0
C0G660 2001102316 -9999 -9999 -9999 0.0
C0G660 2001102317 -9999 -9999 -9999 0.0
C0G660 2001102318 -9999 -9999 -9999 0.0
C0G660 2001102319 -9999 -9999 -9999 0.0
C0G660 2001102320 -9999 -9999 -9999 0.0
C0G660 2001102321 -9999 -9999 -9999 0.0
C0G660 2001102322 -9999 -9999 -9999 0.0
C0G660 2001102323 -9999 -9999 -9999 0.0
C0G660 2001102324 -9999 -9999 -9999 0.0
C0G660 2001102401 -9999 -9999 -9999 0.0
C0G660 2001102402 -9999 -9999 -9999 0.0
C0G660 2001102403 -9999 -9999 -9999 0.0
C0G660 2001102404 -9999 -9999 -9999 0.0
C0G660 2001102405 -9999 -9999 -9999 0.0
C0G660 2001102406 -9999 -9999 -9999 0.0
C0G660 2001102407 -9999 -9999 -9999 0.0
C0G660 2001102408 -9999 -9999 -9999 0.0
C0G660 2001102409 -9999 -9999 -9999 0.0
C0G660 2001102410 -9999 -9999 -9999 0.0
C0G660 2001102411 -9999 -9999 -9999 0.0
C0G660 2001102412 -9999 -9999 -9999 0.0
C0G660 2001102413 -9999 -9999 -9999 0.0
C0G660 2001102414 -9999 -9999 -9999 0.0
C0G660 2001102415 -9999 -9999 -9999 0.0
C0G660 2001102416 -9999 -9999 -9999 0.0
C0G660 2001102417 -9999 -9999 -9999 0.0
C0G660 2001102418 -9999 -9999 -9999 0.0
C0G660 2001102419 -9999 -9999 -9999 0.0
C0G660 2001102420 -9999 -9999 -9999 0.0
C0G660 2001102421 -9999 -9999 -9999 0.0
C0G660 2001102422 -9999 -9999 -9999 0.0
C0G660 2001102423 -9999 -9999 -9999 0.0
C0G660 2001102424 -9999 -9999 -9999 0.0
C0G660 2001102501 -9999 -9999 -9999 0.0
C0G660 2001102502 -9999 -9999 -9999 0.0
C0G660 2001102503 -9999 -9999 -9999 0.0
C0G660 2001102504 -9999 -9999 -9999 0.0
C0G660 2001102505 -9999 -9999 -9999 0.0
C0G660 2001102506 -9999 -9999 -9999 0.0
C0G660 2001102507 -9999 -9999 -9999 0.0
C0G660 2001102508 -9999 -9999 -9999 0.0
C0G660 2001102509 -9999 -9999 -9999 0.0
C0G660 2001102510 -9999 -9999 -9999 0.0
C0G660 2001102511 -9999 -9999 -9999 0.0
C0G660 2001102512 -9999 -9999 -9999 0.0
C0G660 2001102513 -9999 -9999 -9999 0.0
C0G660 2001102514 -9999 -9999 -9999 0.0
C0G660 2001102515 -9999 -9999 -9999 0.0
C0G660 2001102516 -9999 -9999 -9999 0.0
C0G660 2001102517 -9999 -9999 -9999 0.0
C0G660 2001102518 -9999 -9999 -9999 0.0
C0G660 2001102519 -9999 -9999 -9999 0.0
C0G660 2001102520 -9999 -9999 -9999 0.0
C0G660 2001102521 -9999 -9999 -9999 0.0
C0G660 2001102522 -9999 -9999 -9999 0.0
C0G660 2001102523 -9999 -9999 -9999 0.0
C0G660 2001102524 -9999 -9999 -9999 0.0
C0G660 2001102601 -9999 -9999 -9999 0.0
C0G660 2001102602 -9999 -9999 -9999 0.0
C0G660 2001102603 -9999 -9999 -9999 0.0
C0G660 2001102604 -9999 -9999 -9999 0.0
C0G660 2001102605 -9999 -9999 -9999 0.0
C0G660 2001102606 -9999 -9999 -9999 0.0
C0G660 2001102607 -9999 -9999 -9999 0.0
C0G660 2001102608 -9999 -9999 -9999 0.0
C0G660 2001102609 -9999 -9999 -9999 0.0
C0G660 2001102610 -9999 -9999 -9999 0.0
C0G660 2001102611 -9999 -9999 -9999 0.0
C0G660 2001102612 -9999 -9999 -9999 0.0
C0G660 2001102613 -9999 -9999 -9999 0.0
C0G660 2001102614 -9999 -9999 -9999 0.0
C0G660 2001102615 -9999 -9999 -9999 0.0
C0G660 2001102616 -9999 -9999 -9999 0.0
C0G660 2001102617 -9999 -9999 -9999 0.0
C0G660 2001102618 -9999 -9999 -9999 0.0
C0G660 2001102619 -9999 -9999 -9999 0.0
C0G660 2001102620 -9999 -9999 -9999 0.0
C0G660 2001102621 -9999 -9999 -9999 0.0
C0G660 2001102622 -9999 -9999 -9999 0.0
C0G660 2001102623 -9999 -9999 -9999 0.0
C0G660 2001102624 -9999 -9999 -9999 0.0
C0G660 2001102701 -9999 -9999 -9999 0.0
C0G660 2001102702 -9999 -9999 -9999 0.0
C0G660 2001102703 -9999 -9999 -9999 0.0
C0G660 2001102704 -9999 -9999 -9999 0.0
C0G660 2001102705 -9999 -9999 -9999 0.0
C0G660 2001102706 -9999 -9999 -9999 0.0
C0G660 2001102707 -9999 -9999 -9999 0.0
C0G660 2001102708 -9999 -9999 -9999 0.0
C0G660 2001102709 -9999 -9999 -9999 0.0
C0G660 2001102710 -9999 -9999 -9999 0.0
C0G660 2001102711 -9999 -9999 -9999 0.0
C0G660 2001102712 -9999 -9999 -9999 0.0
C0G660 2001102713 -9999 -9999 -9999 0.0
C0G660 2001102714 -9999 -9999 -9999 0.0
C0G660 2001102715 -9999 -9999 -9999 0.0
C0G660 2001102716 -9999 -9999 -9999 0.0
C0G660 2001102717 -9999 -9999 -9999 0.0
C0G660 2001102718 -9999 -9999 -9999 0.0
C0G660 2001102719 -9999 -9999 -9999 0.0
C0G660 2001102720 -9999 -9999 -9999 0.0
C0G660 2001102721 -9999 -9999 -9999 0.0
C0G660 2001102722 -9999 -9999 -9999 0.0
C0G660 2001102723 -9999 -9999 -9999 0.0
C0G660 2001102724 -9999 -9999 -9999 0.0
C0G660 2001102801 -9999 -9999 -9999 0.0
C0G660 2001102802 -9999 -9999 -9999 0.0
C0G660 2001102803 -9999 -9999 -9999 0.0
C0G660 2001102804 -9999 -9999 -9999 0.0
C0G660 2001102805 -9999 -9999 -9999 0.0
C0G660 2001102806 -9999 -9999 -9999 0.0
C0G660 2001102807 -9999 -9999 -9999 0.0
C0G660 2001102808 -9999 -9999 -9999 0.0
C0G660 2001102809 -9999 -9999 -9999 0.0
C0G660 2001102810 -9999 -9999 -9999 0.0
C0G660 2001102811 -9999 -9999 -9999 0.0
C0G660 2001102812 -9999 -9999 -9999 0.0
C0G660 2001102813 -9999 -9999 -9999 0.0
C0G660 2001102814 -9999 -9999 -9999 0.0
C0G660 2001102815 -9999 -9999 -9999 0.0
C0G660 2001102816 -9999 -9999 -9999 0.0
C0G660 2001102817 -9999 -9999 -9999 0.0
C0G660 2001102818 -9999 -9999 -9999 0.0
C0G660 2001102819 -9999 -9999 -9999 0.0
C0G660 2001102820 -9999 -9999 -9999 0.0
C0G660 2001102821 -9999 -9999 -9999 0.0
C0G660 2001102822 -9999 -9999 -9999 0.0
C0G660 2001102823 -9999 -9999 -9999 0.0
C0G660 2001102824 -9999 -9999 -9999 0.0
C0G660 2001102901 -9999 -9999 -9999 0.0
C0G660 2001102902 -9999 -9999 -9999 0.0
C0G660 2001102903 -9999 -9999 -9999 0.0
C0G660 2001102904 -9999 -9999 -9999 0.0
C0G660 2001102905 -9999 -9999 -9999 0.0
C0G660 2001102906 -9999 -9999 -9999 0.0
C0G660 2001102907 -9999 -9999 -9999 0.0
C0G660 2001102908 -9999 -9999 -9999 0.0
C0G660 2001102909 -9999 -9999 -9999 0.0
C0G660 2001102910 -9999 -9999 -9999 0.0
C0G660 2001102911 -9999 -9999 -9999 0.0
C0G660 2001102912 -9999 -9999 -9999 0.0
C0G660 2001102913 -9999 -9999 -9999 0.0
C0G660 2001102914 -9999 -9999 -9999 0.0
C0G660 2001102915 -9999 -9999 -9999 0.0
C0G660 2001102916 -9999 -9999 -9999 0.0
C0G660 2001102917 -9999 -9999 -9999 0.0
C0G660 2001102918 -9999 -9999 -9999 0.0
C0G660 2001102919 -9999 -9999 -9999 0.0
C0G660 2001102920 -9999 -9999 -9999 0.0
C0G660 2001102921 -9999 -9999 -9999 0.0
C0G660 2001102922 -9999 -9999 -9999 0.0
C0G660 2001102923 -9999 -9999 -9999 0.0
C0G660 2001102924 -9999 -9999 -9999 0.0
C0G660 2001103001 -9999 -9999 -9999 0.0
C0G660 2001103002 -9999 -9999 -9999 0.0
C0G660 2001103003 -9999 -9999 -9999 0.0
C0G660 2001103004 -9999 -9999 -9999 0.0
C0G660 2001103005 -9999 -9999 -9999 0.5
C0G660 2001103006 -9999 -9999 -9999 0.0
C0G660 2001103007 -9999 -9999 -9999 0.0
C0G660 2001103008 -9999 -9999 -9999 0.0
C0G660 2001103009 -9999 -9999 -9999 0.0
C0G660 2001103010 -9999 -9999 -9999 0.0
C0G660 2001103011 -9999 -9999 -9999 0.0
C0G660 2001103012 -9999 -9999 -9999 0.0
C0G660 2001103013 -9999 -9999 -9999 0.0
C0G660 2001103014 -9999 -9999 -9999 0.0
C0G660 2001103015 -9999 -9999 -9999 0.0
C0G660 2001103016 -9999 -9999 -9999 0.0
C0G660 2001103017 -9999 -9999 -9999 0.0
C0G660 2001103018 -9999 -9999 -9999 0.0
C0G660 2001103019 -9999 -9999 -9999 0.0
C0G660 2001103020 -9999 -9999 -9999 0.0
C0G660 2001103021 -9999 -9999 -9999 0.0
C0G660 2001103022 -9999 -9999 -9999 0.0
C0G660 2001103023 -9999 -9999 -9999 0.0
C0G660 2001103024 -9999 -9999 -9999 0.0
C0G660 2001103101 -9999 -9999 -9999 0.0
C0G660 2001103102 -9999 -9999 -9999 0.0
C0G660 2001103103 -9999 -9999 -9999 0.0
C0G660 2001103104 -9999 -9999 -9999 0.0
C0G660 2001103105 -9999 -9999 -9999 0.0
C0G660 2001103106 -9999 -9999 -9999 0.0
C0G660 2001103107 -9999 -9999 -9999 0.0
C0G660 2001103108 -9999 -9999 -9999 0.0
C0G660 2001103109 -9999 -9999 -9999 0.0
C0G660 2001103110 -9999 -9999 -9999 0.0
C0G660 2001103111 -9999 -9999 -9999 0.0
C0G660 2001103112 -9999 -9999 -9999 0.0
C0G660 2001103113 -9999 -9999 -9999 0.0
C0G660 2001103114 -9999 -9999 -9999 0.0
C0G660 2001103115 -9999 -9999 -9999 0.0
C0G660 2001103116 -9999 -9999 -9999 0.0
C0G660 2001103117 -9999 -9999 -9999 0.0
C0G660 2001103118 -9999 -9999 -9999 0.0
C0G660 2001103119 -9999 -9999 -9999 0.0
C0G660 2001103120 -9999 -9999 -9999 0.0
C0G660 2001103121 -9999 -9999 -9999 0.0
C0G660 2001103122 -9999 -9999 -9999 0.0
C0G660 2001103123 -9999 -9999 -9999 0.0
C0G660 2001103124 -9999 -9999 -9999 0.0
