C0G620 2002060101 -9999 -9999 -9999 0.5
C0G620 2002060102 -9999 -9999 -9999 0.5
C0G620 2002060103 -9999 -9999 -9999 0.5
C0G620 2002060104 -9999 -9999 -9999 0.0
C0G620 2002060105 -9999 -9999 -9999 0.0
C0G620 2002060106 -9999 -9999 -9999 0.0
C0G620 2002060107 -9999 -9999 -9999 0.0
C0G620 2002060108 -9999 -9999 -9999 0.5
C0G620 2002060109 -9999 -9999 -9999 0.5
C0G620 2002060110 -9999 -9999 -9999 0.0
C0G620 2002060111 -9999 -9999 -9999 0.0
C0G620 2002060112 -9999 -9999 -9999 0.0
C0G620 2002060113 -9999 -9999 -9999 0.0
C0G620 2002060114 -9999 -9999 -9999 0.0
C0G620 2002060115 -9999 -9999 -9999 0.0
C0G620 2002060116 -9999 -9999 -9999 0.0
C0G620 2002060117 -9999 -9999 -9999 0.0
C0G620 2002060118 -9999 -9999 -9999 0.0
C0G620 2002060119 -9999 -9999 -9999 0.0
C0G620 2002060120 -9999 -9999 -9999 0.0
C0G620 2002060121 -9999 -9999 -9999 0.0
C0G620 2002060122 -9999 -9999 -9999 0.0
C0G620 2002060123 -9999 -9999 -9999 0.0
C0G620 2002060124 -9999 -9999 -9999 0.0
C0G620 2002060201 -9999 -9999 -9999 0.0
C0G620 2002060202 -9999 -9999 -9999 0.0
C0G620 2002060203 -9999 -9999 -9999 0.0
C0G620 2002060204 -9999 -9999 -9999 0.0
C0G620 2002060205 -9999 -9999 -9999 0.0
C0G620 2002060206 -9999 -9999 -9999 0.0
C0G620 2002060207 -9999 -9999 -9999 0.0
C0G620 2002060208 -9999 -9999 -9999 0.0
C0G620 2002060209 -9999 -9999 -9999 0.0
C0G620 2002060210 -9999 -9999 -9999 0.0
C0G620 2002060211 -9999 -9999 -9999 0.0
C0G620 2002060212 -9999 -9999 -9999 0.0
C0G620 2002060213 -9999 -9999 -9999 0.0
C0G620 2002060214 -9999 -9999 -9999 0.0
C0G620 2002060215 -9999 -9999 -9999 0.0
C0G620 2002060216 -9999 -9999 -9999 0.0
C0G620 2002060217 -9999 -9999 -9999 0.0
C0G620 2002060218 -9999 -9999 -9999 0.0
C0G620 2002060219 -9999 -9999 -9999 0.0
C0G620 2002060220 -9999 -9999 -9999 0.0
C0G620 2002060221 -9999 -9999 -9999 0.0
C0G620 2002060222 -9999 -9999 -9999 0.0
C0G620 2002060223 -9999 -9999 -9999 0.0
C0G620 2002060224 -9999 -9999 -9999 0.0
C0G620 2002060301 -9999 -9999 -9999 0.0
C0G620 2002060302 -9999 -9999 -9999 0.0
C0G620 2002060303 -9999 -9999 -9999 0.0
C0G620 2002060304 -9999 -9999 -9999 0.0
C0G620 2002060305 -9999 -9999 -9999 0.0
C0G620 2002060306 -9999 -9999 -9999 0.0
C0G620 2002060307 -9999 -9999 -9999 0.0
C0G620 2002060308 -9999 -9999 -9999 0.0
C0G620 2002060309 -9999 -9999 -9999 0.0
C0G620 2002060310 -9999 -9999 -9999 0.0
C0G620 2002060311 -9999 -9999 -9999 0.0
C0G620 2002060312 -9999 -9999 -9999 0.0
C0G620 2002060313 -9999 -9999 -9999 0.0
C0G620 2002060314 -9999 -9999 -9999 0.0
C0G620 2002060315 -9999 -9999 -9999 0.0
C0G620 2002060316 -9999 -9999 -9999 0.0
C0G620 2002060317 -9999 -9999 -9999 0.0
C0G620 2002060318 -9999 -9999 -9999 0.0
C0G620 2002060319 -9999 -9999 -9999 0.0
C0G620 2002060320 -9999 -9999 -9999 0.0
C0G620 2002060321 -9999 -9999 -9999 0.0
C0G620 2002060322 -9999 -9999 -9999 0.0
C0G620 2002060323 -9999 -9999 -9999 0.0
C0G620 2002060324 -9999 -9999 -9999 0.0
C0G620 2002060401 -9999 -9999 -9999 0.0
C0G620 2002060402 -9999 -9999 -9999 0.0
C0G620 2002060403 -9999 -9999 -9999 0.0
C0G620 2002060404 -9999 -9999 -9999 0.0
C0G620 2002060405 -9999 -9999 -9999 0.0
C0G620 2002060406 -9999 -9999 -9999 0.0
C0G620 2002060407 -9999 -9999 -9999 0.0
C0G620 2002060408 -9999 -9999 -9999 0.0
C0G620 2002060409 -9999 -9999 -9999 0.0
C0G620 2002060410 -9999 -9999 -9999 0.0
C0G620 2002060411 -9999 -9999 -9999 0.0
C0G620 2002060412 -9999 -9999 -9999 0.0
C0G620 2002060413 -9999 -9999 -9999 0.0
C0G620 2002060414 -9999 -9999 -9999 0.0
C0G620 2002060415 -9999 -9999 -9999 0.0
C0G620 2002060416 -9999 -9999 -9999 0.0
C0G620 2002060417 -9999 -9999 -9999 0.0
C0G620 2002060418 -9999 -9999 -9999 0.0
C0G620 2002060419 -9999 -9999 -9999 0.0
C0G620 2002060420 -9999 -9999 -9999 0.0
C0G620 2002060421 -9999 -9999 -9999 0.0
C0G620 2002060422 -9999 -9999 -9999 0.0
C0G620 2002060423 -9999 -9999 -9999 0.0
C0G620 2002060424 -9999 -9999 -9999 0.0
C0G620 2002060501 -9999 -9999 -9999 0.0
C0G620 2002060502 -9999 -9999 -9999 0.0
C0G620 2002060503 -9999 -9999 -9999 0.0
C0G620 2002060504 -9999 -9999 -9999 0.0
C0G620 2002060505 -9999 -9999 -9999 0.0
C0G620 2002060506 -9999 -9999 -9999 0.0
C0G620 2002060507 -9999 -9999 -9999 0.0
C0G620 2002060508 -9999 -9999 -9999 0.0
C0G620 2002060509 -9999 -9999 -9999 0.0
C0G620 2002060510 -9999 -9999 -9999 0.0
C0G620 2002060511 -9999 -9999 -9999 0.0
C0G620 2002060512 -9999 -9999 -9999 0.0
C0G620 2002060513 -9999 -9999 -9999 0.0
C0G620 2002060514 -9999 -9999 -9999 0.0
C0G620 2002060515 -9999 -9999 -9999 0.0
C0G620 2002060516 -9999 -9999 -9999 0.0
C0G620 2002060517 -9999 -9999 -9999 0.0
C0G620 2002060518 -9999 -9999 -9999 0.0
C0G620 2002060519 -9999 -9999 -9999 0.0
C0G620 2002060520 -9999 -9999 -9999 0.0
C0G620 2002060521 -9999 -9999 -9999 0.0
C0G620 2002060522 -9999 -9999 -9999 0.0
C0G620 2002060523 -9999 -9999 -9999 0.0
C0G620 2002060524 -9999 -9999 -9999 0.0
C0G620 2002060601 -9999 -9999 -9999 0.0
C0G620 2002060602 -9999 -9999 -9999 0.0
C0G620 2002060603 -9999 -9999 -9999 0.0
C0G620 2002060604 -9999 -9999 -9999 0.0
C0G620 2002060605 -9999 -9999 -9999 0.0
C0G620 2002060606 -9999 -9999 -9999 0.0
C0G620 2002060607 -9999 -9999 -9999 0.0
C0G620 2002060608 -9999 -9999 -9999 0.0
C0G620 2002060609 -9999 -9999 -9999 0.0
C0G620 2002060610 -9999 -9999 -9999 0.0
C0G620 2002060611 -9999 -9999 -9999 0.0
C0G620 2002060612 -9999 -9999 -9999 0.0
C0G620 2002060613 -9999 -9999 -9999 0.0
C0G620 2002060614 -9999 -9999 -9999 0.0
C0G620 2002060615 -9999 -9999 -9999 0.0
C0G620 2002060616 -9999 -9999 -9999 1.0
C0G620 2002060617 -9999 -9999 -9999 8.0
C0G620 2002060618 -9999 -9999 -9999 5.5
C0G620 2002060619 -9999 -9999 -9999 0.5
C0G620 2002060620 -9999 -9999 -9999 0.0
C0G620 2002060621 -9999 -9999 -9999 0.0
C0G620 2002060622 -9999 -9999 -9999 0.0
C0G620 2002060623 -9999 -9999 -9999 0.0
C0G620 2002060624 -9999 -9999 -9999 0.0
C0G620 2002060701 -9999 -9999 -9999 0.0
C0G620 2002060702 -9999 -9999 -9999 0.0
C0G620 2002060703 -9999 -9999 -9999 0.0
C0G620 2002060704 -9999 -9999 -9999 0.0
C0G620 2002060705 -9999 -9999 -9999 0.0
C0G620 2002060706 -9999 -9999 -9999 0.0
C0G620 2002060707 -9999 -9999 -9999 0.0
C0G620 2002060708 -9999 -9999 -9999 0.0
C0G620 2002060709 -9999 -9999 -9999 0.0
C0G620 2002060710 -9999 -9999 -9999 0.0
C0G620 2002060711 -9999 -9999 -9999 0.0
C0G620 2002060712 -9999 -9999 -9999 0.0
C0G620 2002060713 -9999 -9999 -9999 0.0
C0G620 2002060714 -9999 -9999 -9999 0.0
C0G620 2002060715 -9999 -9999 -9999 0.0
C0G620 2002060716 -9999 -9999 -9999 0.0
C0G620 2002060717 -9999 -9999 -9999 0.0
C0G620 2002060718 -9999 -9999 -9999 0.0
C0G620 2002060719 -9999 -9999 -9999 0.0
C0G620 2002060720 -9999 -9999 -9999 0.0
C0G620 2002060721 -9999 -9999 -9999 0.0
C0G620 2002060722 -9999 -9999 -9999 0.0
C0G620 2002060723 -9999 -9999 -9999 0.0
C0G620 2002060724 -9999 -9999 -9999 0.0
C0G620 2002060801 -9999 -9999 -9999 0.0
C0G620 2002060802 -9999 -9999 -9999 0.0
C0G620 2002060803 -9999 -9999 -9999 0.0
C0G620 2002060804 -9999 -9999 -9999 0.0
C0G620 2002060805 -9999 -9999 -9999 0.0
C0G620 2002060806 -9999 -9999 -9999 0.0
C0G620 2002060807 -9999 -9999 -9999 0.0
C0G620 2002060808 -9999 -9999 -9999 0.0
C0G620 2002060809 -9999 -9999 -9999 0.0
C0G620 2002060810 -9999 -9999 -9999 0.0
C0G620 2002060811 -9999 -9999 -9999 0.0
C0G620 2002060812 -9999 -9999 -9999 0.0
C0G620 2002060813 -9999 -9999 -9999 0.0
C0G620 2002060814 -9999 -9999 -9999 0.0
C0G620 2002060815 -9999 -9999 -9999 0.0
C0G620 2002060816 -9999 -9999 -9999 0.0
C0G620 2002060817 -9999 -9999 -9999 0.0
C0G620 2002060818 -9999 -9999 -9999 0.0
C0G620 2002060819 -9999 -9999 -9999 0.0
C0G620 2002060820 -9999 -9999 -9999 0.0
C0G620 2002060821 -9999 -9999 -9999 0.0
C0G620 2002060822 -9999 -9999 -9999 0.0
C0G620 2002060823 -9999 -9999 -9999 0.0
C0G620 2002060824 -9999 -9999 -9999 0.0
C0G620 2002060901 -9999 -9999 -9999 0.0
C0G620 2002060902 -9999 -9999 -9999 0.0
C0G620 2002060903 -9999 -9999 -9999 0.0
C0G620 2002060904 -9999 -9999 -9999 0.0
C0G620 2002060905 -9999 -9999 -9999 0.0
C0G620 2002060906 -9999 -9999 -9999 0.0
C0G620 2002060907 -9999 -9999 -9999 0.0
C0G620 2002060908 -9999 -9999 -9999 0.0
C0G620 2002060909 -9999 -9999 -9999 0.0
C0G620 2002060910 -9999 -9999 -9999 0.0
C0G620 2002060911 -9999 -9999 -9999 0.0
C0G620 2002060912 -9999 -9999 -9999 0.0
C0G620 2002060913 -9999 -9999 -9999 0.0
C0G620 2002060914 -9999 -9999 -9999 0.0
C0G620 2002060915 -9999 -9999 -9999 0.0
C0G620 2002060916 -9999 -9999 -9999 1.5
C0G620 2002060917 -9999 -9999 -9999 3.0
C0G620 2002060918 -9999 -9999 -9999 13.0
C0G620 2002060919 -9999 -9999 -9999 1.5
C0G620 2002060920 -9999 -9999 -9999 0.5
C0G620 2002060921 -9999 -9999 -9999 0.0
C0G620 2002060922 -9999 -9999 -9999 0.0
C0G620 2002060923 -9999 -9999 -9999 0.0
C0G620 2002060924 -9999 -9999 -9999 0.0
C0G620 2002061001 -9999 -9999 -9999 0.0
C0G620 2002061002 -9999 -9999 -9999 0.0
C0G620 2002061003 -9999 -9999 -9999 0.0
C0G620 2002061004 -9999 -9999 -9999 0.0
C0G620 2002061005 -9999 -9999 -9999 0.0
C0G620 2002061006 -9999 -9999 -9999 0.0
C0G620 2002061007 -9999 -9999 -9999 0.0
C0G620 2002061008 -9999 -9999 -9999 0.0
C0G620 2002061009 -9999 -9999 -9999 0.0
C0G620 2002061010 -9999 -9999 -9999 0.0
C0G620 2002061011 -9999 -9999 -9999 0.0
C0G620 2002061012 -9999 -9999 -9999 0.0
C0G620 2002061013 -9999 -9999 -9999 0.0
C0G620 2002061014 -9999 -9999 -9999 0.0
C0G620 2002061015 -9999 -9999 -9999 0.0
C0G620 2002061016 -9999 -9999 -9999 0.0
C0G620 2002061017 -9999 -9999 -9999 0.0
C0G620 2002061018 -9999 -9999 -9999 0.0
C0G620 2002061019 -9999 -9999 -9999 0.0
C0G620 2002061020 -9999 -9999 -9999 0.0
C0G620 2002061021 -9999 -9999 -9999 0.0
C0G620 2002061022 -9999 -9999 -9999 0.0
C0G620 2002061023 -9999 -9999 -9999 0.0
C0G620 2002061024 -9999 -9999 -9999 0.0
C0G620 2002061101 -9999 -9999 -9999 0.0
C0G620 2002061102 -9999 -9999 -9999 0.0
C0G620 2002061103 -9999 -9999 -9999 0.0
C0G620 2002061104 -9999 -9999 -9999 0.0
C0G620 2002061105 -9999 -9999 -9999 0.0
C0G620 2002061106 -9999 -9999 -9999 0.0
C0G620 2002061107 -9999 -9999 -9999 0.0
C0G620 2002061108 -9999 -9999 -9999 0.0
C0G620 2002061109 -9999 -9999 -9999 0.0
C0G620 2002061110 -9999 -9999 -9999 0.0
C0G620 2002061111 -9999 -9999 -9999 0.0
C0G620 2002061112 -9999 -9999 -9999 0.0
C0G620 2002061113 -9999 -9999 -9999 0.0
C0G620 2002061114 -9999 -9999 -9999 0.0
C0G620 2002061115 -9999 -9999 -9999 0.5
C0G620 2002061116 -9999 -9999 -9999 0.0
C0G620 2002061117 -9999 -9999 -9999 0.0
C0G620 2002061118 -9999 -9999 -9999 0.0
C0G620 2002061119 -9999 -9999 -9999 0.0
C0G620 2002061120 -9999 -9999 -9999 0.0
C0G620 2002061121 -9999 -9999 -9999 4.0
C0G620 2002061122 -9999 -9999 -9999 10.0
C0G620 2002061123 -9999 -9999 -9999 0.5
C0G620 2002061124 -9999 -9999 -9999 10.0
C0G620 2002061201 -9999 -9999 -9999 3.0
C0G620 2002061202 -9999 -9999 -9999 9.0
C0G620 2002061203 -9999 -9999 -9999 0.0
C0G620 2002061204 -9999 -9999 -9999 0.0
C0G620 2002061205 -9999 -9999 -9999 0.0
C0G620 2002061206 -9999 -9999 -9999 0.0
C0G620 2002061207 -9999 -9999 -9999 0.0
C0G620 2002061208 -9999 -9999 -9999 0.0
C0G620 2002061209 -9999 -9999 -9999 0.0
C0G620 2002061210 -9999 -9999 -9999 0.0
C0G620 2002061211 -9999 -9999 -9999 0.0
C0G620 2002061212 -9999 -9999 -9999 0.0
C0G620 2002061213 -9999 -9999 -9999 0.0
C0G620 2002061214 -9999 -9999 -9999 0.0
C0G620 2002061215 -9999 -9999 -9999 0.0
C0G620 2002061216 -9999 -9999 -9999 0.0
C0G620 2002061217 -9999 -9999 -9999 0.0
C0G620 2002061218 -9999 -9999 -9999 0.0
C0G620 2002061219 -9999 -9999 -9999 0.0
C0G620 2002061220 -9999 -9999 -9999 0.0
C0G620 2002061221 -9999 -9999 -9999 0.0
C0G620 2002061222 -9999 -9999 -9999 0.0
C0G620 2002061223 -9999 -9999 -9999 0.0
C0G620 2002061224 -9999 -9999 -9999 0.0
C0G620 2002061301 -9999 -9999 -9999 0.0
C0G620 2002061302 -9999 -9999 -9999 0.0
C0G620 2002061303 -9999 -9999 -9999 0.0
C0G620 2002061304 -9999 -9999 -9999 0.0
C0G620 2002061305 -9999 -9999 -9999 0.0
C0G620 2002061306 -9999 -9999 -9999 0.0
C0G620 2002061307 -9999 -9999 -9999 0.5
C0G620 2002061308 -9999 -9999 -9999 -9996
C0G620 2002061309 -9999 -9999 -9999 1.0
C0G620 2002061310 -9999 -9999 -9999 0.5
C0G620 2002061311 -9999 -9999 -9999 0.0
C0G620 2002061312 -9999 -9999 -9999 0.0
C0G620 2002061313 -9999 -9999 -9999 0.0
C0G620 2002061314 -9999 -9999 -9999 0.0
C0G620 2002061315 -9999 -9999 -9999 0.0
C0G620 2002061316 -9999 -9999 -9999 0.0
C0G620 2002061317 -9999 -9999 -9999 0.0
C0G620 2002061318 -9999 -9999 -9999 0.0
C0G620 2002061319 -9999 -9999 -9999 0.0
C0G620 2002061320 -9999 -9999 -9999 0.0
C0G620 2002061321 -9999 -9999 -9999 0.0
C0G620 2002061322 -9999 -9999 -9999 0.0
C0G620 2002061323 -9999 -9999 -9999 0.5
C0G620 2002061324 -9999 -9999 -9999 0.0
C0G620 2002061401 -9999 -9999 -9999 0.0
C0G620 2002061402 -9999 -9999 -9999 0.0
C0G620 2002061403 -9999 -9999 -9999 0.0
C0G620 2002061404 -9999 -9999 -9999 0.0
C0G620 2002061405 -9999 -9999 -9999 0.0
C0G620 2002061406 -9999 -9999 -9999 0.0
C0G620 2002061407 -9999 -9999 -9999 0.0
C0G620 2002061408 -9999 -9999 -9999 0.0
C0G620 2002061409 -9999 -9999 -9999 0.0
C0G620 2002061410 -9999 -9999 -9999 0.0
C0G620 2002061411 -9999 -9999 -9999 0.0
C0G620 2002061412 -9999 -9999 -9999 0.0
C0G620 2002061413 -9999 -9999 -9999 0.0
C0G620 2002061414 -9999 -9999 -9999 0.0
C0G620 2002061415 -9999 -9999 -9999 0.0
C0G620 2002061416 -9999 -9999 -9999 0.0
C0G620 2002061417 -9999 -9999 -9999 0.0
C0G620 2002061418 -9999 -9999 -9999 0.0
C0G620 2002061419 -9999 -9999 -9999 0.0
C0G620 2002061420 -9999 -9999 -9999 0.0
C0G620 2002061421 -9999 -9999 -9999 0.0
C0G620 2002061422 -9999 -9999 -9999 0.0
C0G620 2002061423 -9999 -9999 -9999 0.0
C0G620 2002061424 -9999 -9999 -9999 0.0
C0G620 2002061501 -9999 -9999 -9999 0.0
C0G620 2002061502 -9999 -9999 -9999 0.0
C0G620 2002061503 -9999 -9999 -9999 0.0
C0G620 2002061504 -9999 -9999 -9999 0.0
C0G620 2002061505 -9999 -9999 -9999 0.0
C0G620 2002061506 -9999 -9999 -9999 0.0
C0G620 2002061507 -9999 -9999 -9999 0.0
C0G620 2002061508 -9999 -9999 -9999 0.0
C0G620 2002061509 -9999 -9999 -9999 0.0
C0G620 2002061510 -9999 -9999 -9999 0.0
C0G620 2002061511 -9999 -9999 -9999 0.0
C0G620 2002061512 -9999 -9999 -9999 0.0
C0G620 2002061513 -9999 -9999 -9999 0.0
C0G620 2002061514 -9999 -9999 -9999 0.0
C0G620 2002061515 -9999 -9999 -9999 0.0
C0G620 2002061516 -9999 -9999 -9999 0.0
C0G620 2002061517 -9999 -9999 -9999 0.0
C0G620 2002061518 -9999 -9999 -9999 0.0
C0G620 2002061519 -9999 -9999 -9999 0.0
C0G620 2002061520 -9999 -9999 -9999 0.0
C0G620 2002061521 -9999 -9999 -9999 0.0
C0G620 2002061522 -9999 -9999 -9999 0.0
C0G620 2002061523 -9999 -9999 -9999 0.0
C0G620 2002061524 -9999 -9999 -9999 0.0
C0G620 2002061601 -9999 -9999 -9999 0.0
C0G620 2002061602 -9999 -9999 -9999 0.0
C0G620 2002061603 -9999 -9999 -9999 0.0
C0G620 2002061604 -9999 -9999 -9999 0.0
C0G620 2002061605 -9999 -9999 -9999 0.0
C0G620 2002061606 -9999 -9999 -9999 0.0
C0G620 2002061607 -9999 -9999 -9999 0.0
C0G620 2002061608 -9999 -9999 -9999 0.0
C0G620 2002061609 -9999 -9999 -9999 0.0
C0G620 2002061610 -9999 -9999 -9999 0.0
C0G620 2002061611 -9999 -9999 -9999 0.0
C0G620 2002061612 -9999 -9999 -9999 0.0
C0G620 2002061613 -9999 -9999 -9999 0.0
C0G620 2002061614 -9999 -9999 -9999 0.0
C0G620 2002061615 -9999 -9999 -9999 0.0
C0G620 2002061616 -9999 -9999 -9999 0.0
C0G620 2002061617 -9999 -9999 -9999 0.0
C0G620 2002061618 -9999 -9999 -9999 0.0
C0G620 2002061619 -9999 -9999 -9999 0.0
C0G620 2002061620 -9999 -9999 -9999 0.0
C0G620 2002061621 -9999 -9999 -9999 0.0
C0G620 2002061622 -9999 -9999 -9999 0.0
C0G620 2002061623 -9999 -9999 -9999 0.0
C0G620 2002061624 -9999 -9999 -9999 0.0
C0G620 2002061701 -9999 -9999 -9999 0.0
C0G620 2002061702 -9999 -9999 -9999 0.0
C0G620 2002061703 -9999 -9999 -9999 0.0
C0G620 2002061704 -9999 -9999 -9999 0.0
C0G620 2002061705 -9999 -9999 -9999 0.0
C0G620 2002061706 -9999 -9999 -9999 0.0
C0G620 2002061707 -9999 -9999 -9999 0.0
C0G620 2002061708 -9999 -9999 -9999 0.0
C0G620 2002061709 -9999 -9999 -9999 0.0
C0G620 2002061710 -9999 -9999 -9999 0.0
C0G620 2002061711 -9999 -9999 -9999 0.0
C0G620 2002061712 -9999 -9999 -9999 0.0
C0G620 2002061713 -9999 -9999 -9999 0.0
C0G620 2002061714 -9999 -9999 -9999 0.0
C0G620 2002061715 -9999 -9999 -9999 0.0
C0G620 2002061716 -9999 -9999 -9999 0.0
C0G620 2002061717 -9999 -9999 -9999 0.0
C0G620 2002061718 -9999 -9999 -9999 0.0
C0G620 2002061719 -9999 -9999 -9999 0.0
C0G620 2002061720 -9999 -9999 -9999 0.0
C0G620 2002061721 -9999 -9999 -9999 0.0
C0G620 2002061722 -9999 -9999 -9999 0.0
C0G620 2002061723 -9999 -9999 -9999 0.0
C0G620 2002061724 -9999 -9999 -9999 0.0
C0G620 2002061801 -9999 -9999 -9999 0.0
C0G620 2002061802 -9999 -9999 -9999 0.0
C0G620 2002061803 -9999 -9999 -9999 0.0
C0G620 2002061804 -9999 -9999 -9999 0.0
C0G620 2002061805 -9999 -9999 -9999 0.0
C0G620 2002061806 -9999 -9999 -9999 0.0
C0G620 2002061807 -9999 -9999 -9999 0.0
C0G620 2002061808 -9999 -9999 -9999 0.0
C0G620 2002061809 -9999 -9999 -9999 0.0
C0G620 2002061810 -9999 -9999 -9999 0.0
C0G620 2002061811 -9999 -9999 -9999 0.0
C0G620 2002061812 -9999 -9999 -9999 0.0
C0G620 2002061813 -9999 -9999 -9999 0.0
C0G620 2002061814 -9999 -9999 -9999 0.0
C0G620 2002061815 -9999 -9999 -9999 0.0
C0G620 2002061816 -9999 -9999 -9999 0.0
C0G620 2002061817 -9999 -9999 -9999 0.0
C0G620 2002061818 -9999 -9999 -9999 0.0
C0G620 2002061819 -9999 -9999 -9999 0.0
C0G620 2002061820 -9999 -9999 -9999 0.0
C0G620 2002061821 -9999 -9999 -9999 0.0
C0G620 2002061822 -9999 -9999 -9999 0.0
C0G620 2002061823 -9999 -9999 -9999 0.0
C0G620 2002061824 -9999 -9999 -9999 0.0
C0G620 2002061901 -9999 -9999 -9999 0.0
C0G620 2002061902 -9999 -9999 -9999 0.0
C0G620 2002061903 -9999 -9999 -9999 0.0
C0G620 2002061904 -9999 -9999 -9999 0.0
C0G620 2002061905 -9999 -9999 -9999 0.0
C0G620 2002061906 -9999 -9999 -9999 0.0
C0G620 2002061907 -9999 -9999 -9999 0.0
C0G620 2002061908 -9999 -9999 -9999 0.0
C0G620 2002061909 -9999 -9999 -9999 0.0
C0G620 2002061910 -9999 -9999 -9999 0.0
C0G620 2002061911 -9999 -9999 -9999 0.0
C0G620 2002061912 -9999 -9999 -9999 0.0
C0G620 2002061913 -9999 -9999 -9999 0.0
C0G620 2002061914 -9999 -9999 -9999 0.0
C0G620 2002061915 -9999 -9999 -9999 0.0
C0G620 2002061916 -9999 -9999 -9999 0.0
C0G620 2002061917 -9999 -9999 -9999 0.0
C0G620 2002061918 -9999 -9999 -9999 0.0
C0G620 2002061919 -9999 -9999 -9999 0.0
C0G620 2002061920 -9999 -9999 -9999 0.0
C0G620 2002061921 -9999 -9999 -9999 0.0
C0G620 2002061922 -9999 -9999 -9999 0.0
C0G620 2002061923 -9999 -9999 -9999 0.0
C0G620 2002061924 -9999 -9999 -9999 0.0
C0G620 2002062001 -9999 -9999 -9999 0.0
C0G620 2002062002 -9999 -9999 -9999 0.0
C0G620 2002062003 -9999 -9999 -9999 0.0
C0G620 2002062004 -9999 -9999 -9999 0.0
C0G620 2002062005 -9999 -9999 -9999 0.0
C0G620 2002062006 -9999 -9999 -9999 0.0
C0G620 2002062007 -9999 -9999 -9999 0.0
C0G620 2002062008 -9999 -9999 -9999 0.0
C0G620 2002062009 -9999 -9999 -9999 0.0
C0G620 2002062010 -9999 -9999 -9999 0.0
C0G620 2002062011 -9999 -9999 -9999 0.0
C0G620 2002062012 -9999 -9999 -9999 0.0
C0G620 2002062013 -9999 -9999 -9999 0.0
C0G620 2002062014 -9999 -9999 -9999 0.0
C0G620 2002062015 -9999 -9999 -9999 0.0
C0G620 2002062016 -9999 -9999 -9999 0.0
C0G620 2002062017 -9999 -9999 -9999 0.0
C0G620 2002062018 -9999 -9999 -9999 0.0
C0G620 2002062019 -9999 -9999 -9999 0.0
C0G620 2002062020 -9999 -9999 -9999 0.0
C0G620 2002062021 -9999 -9999 -9999 0.0
C0G620 2002062022 -9999 -9999 -9999 0.0
C0G620 2002062023 -9999 -9999 -9999 0.0
C0G620 2002062024 -9999 -9999 -9999 0.0
C0G620 2002062101 -9999 -9999 -9999 0.0
C0G620 2002062102 -9999 -9999 -9999 0.0
C0G620 2002062103 -9999 -9999 -9999 0.0
C0G620 2002062104 -9999 -9999 -9999 0.0
C0G620 2002062105 -9999 -9999 -9999 0.0
C0G620 2002062106 -9999 -9999 -9999 0.0
C0G620 2002062107 -9999 -9999 -9999 0.0
C0G620 2002062108 -9999 -9999 -9999 0.0
C0G620 2002062109 -9999 -9999 -9999 0.0
C0G620 2002062110 -9999 -9999 -9999 0.0
C0G620 2002062111 -9999 -9999 -9999 0.0
C0G620 2002062112 -9999 -9999 -9999 0.0
C0G620 2002062113 -9999 -9999 -9999 0.0
C0G620 2002062114 -9999 -9999 -9999 0.0
C0G620 2002062115 -9999 -9999 -9999 0.0
C0G620 2002062116 -9999 -9999 -9999 0.0
C0G620 2002062117 -9999 -9999 -9999 0.0
C0G620 2002062118 -9999 -9999 -9999 0.0
C0G620 2002062119 -9999 -9999 -9999 0.0
C0G620 2002062120 -9999 -9999 -9999 0.0
C0G620 2002062121 -9999 -9999 -9999 0.0
C0G620 2002062122 -9999 -9999 -9999 0.0
C0G620 2002062123 -9999 -9999 -9999 0.0
C0G620 2002062124 -9999 -9999 -9999 0.0
C0G620 2002062201 -9999 -9999 -9999 0.0
C0G620 2002062202 -9999 -9999 -9999 0.0
C0G620 2002062203 -9999 -9999 -9999 0.0
C0G620 2002062204 -9999 -9999 -9999 0.0
C0G620 2002062205 -9999 -9999 -9999 0.0
C0G620 2002062206 -9999 -9999 -9999 0.0
C0G620 2002062207 -9999 -9999 -9999 0.0
C0G620 2002062208 -9999 -9999 -9999 0.0
C0G620 2002062209 -9999 -9999 -9999 0.0
C0G620 2002062210 -9999 -9999 -9999 0.0
C0G620 2002062211 -9999 -9999 -9999 0.0
C0G620 2002062212 -9999 -9999 -9999 0.0
C0G620 2002062213 -9999 -9999 -9999 0.0
C0G620 2002062214 -9999 -9999 -9999 0.0
C0G620 2002062215 -9999 -9999 -9999 0.0
C0G620 2002062216 -9999 -9999 -9999 0.0
C0G620 2002062217 -9999 -9999 -9999 0.0
C0G620 2002062218 -9999 -9999 -9999 0.0
C0G620 2002062219 -9999 -9999 -9999 0.0
C0G620 2002062220 -9999 -9999 -9999 0.0
C0G620 2002062221 -9999 -9999 -9999 0.0
C0G620 2002062222 -9999 -9999 -9999 0.0
C0G620 2002062223 -9999 -9999 -9999 0.0
C0G620 2002062224 -9999 -9999 -9999 0.0
C0G620 2002062301 -9999 -9999 -9999 0.0
C0G620 2002062302 -9999 -9999 -9999 0.0
C0G620 2002062303 -9999 -9999 -9999 0.0
C0G620 2002062304 -9999 -9999 -9999 0.0
C0G620 2002062305 -9999 -9999 -9999 0.0
C0G620 2002062306 -9999 -9999 -9999 0.0
C0G620 2002062307 -9999 -9999 -9999 0.0
C0G620 2002062308 -9999 -9999 -9999 0.0
C0G620 2002062309 -9999 -9999 -9999 0.0
C0G620 2002062310 -9999 -9999 -9999 0.0
C0G620 2002062311 -9999 -9999 -9999 0.0
C0G620 2002062312 -9999 -9999 -9999 0.0
C0G620 2002062313 -9999 -9999 -9999 0.0
C0G620 2002062314 -9999 -9999 -9999 0.0
C0G620 2002062315 -9999 -9999 -9999 0.0
C0G620 2002062316 -9999 -9999 -9999 0.0
C0G620 2002062317 -9999 -9999 -9999 0.0
C0G620 2002062318 -9999 -9999 -9999 0.0
C0G620 2002062319 -9999 -9999 -9999 0.0
C0G620 2002062320 -9999 -9999 -9999 0.0
C0G620 2002062321 -9999 -9999 -9999 0.0
C0G620 2002062322 -9999 -9999 -9999 0.0
C0G620 2002062323 -9999 -9999 -9999 0.0
C0G620 2002062324 -9999 -9999 -9999 0.0
C0G620 2002062401 -9999 -9999 -9999 0.0
C0G620 2002062402 -9999 -9999 -9999 0.0
C0G620 2002062403 -9999 -9999 -9999 0.0
C0G620 2002062404 -9999 -9999 -9999 0.0
C0G620 2002062405 -9999 -9999 -9999 0.0
C0G620 2002062406 -9999 -9999 -9999 0.0
C0G620 2002062407 -9999 -9999 -9999 0.0
C0G620 2002062408 -9999 -9999 -9999 0.0
C0G620 2002062409 -9999 -9999 -9999 0.0
C0G620 2002062410 -9999 -9999 -9999 0.0
C0G620 2002062411 -9999 -9999 -9999 0.0
C0G620 2002062412 -9999 -9999 -9999 0.0
C0G620 2002062413 -9999 -9999 -9999 0.0
C0G620 2002062414 -9999 -9999 -9999 0.0
C0G620 2002062415 -9999 -9999 -9999 0.0
C0G620 2002062416 -9999 -9999 -9999 0.0
C0G620 2002062417 -9999 -9999 -9999 0.0
C0G620 2002062418 -9999 -9999 -9999 0.0
C0G620 2002062419 -9999 -9999 -9999 0.0
C0G620 2002062420 -9999 -9999 -9999 0.0
C0G620 2002062421 -9999 -9999 -9999 0.0
C0G620 2002062422 -9999 -9999 -9999 0.0
C0G620 2002062423 -9999 -9999 -9999 0.0
C0G620 2002062424 -9999 -9999 -9999 0.0
C0G620 2002062501 -9999 -9999 -9999 0.0
C0G620 2002062502 -9999 -9999 -9999 0.0
C0G620 2002062503 -9999 -9999 -9999 0.0
C0G620 2002062504 -9999 -9999 -9999 0.0
C0G620 2002062505 -9999 -9999 -9999 0.0
C0G620 2002062506 -9999 -9999 -9999 0.0
C0G620 2002062507 -9999 -9999 -9999 0.0
C0G620 2002062508 -9999 -9999 -9999 0.0
C0G620 2002062509 -9999 -9999 -9999 0.0
C0G620 2002062510 -9999 -9999 -9999 0.0
C0G620 2002062511 -9999 -9999 -9999 0.0
C0G620 2002062512 -9999 -9999 -9999 0.0
C0G620 2002062513 -9999 -9999 -9999 0.0
C0G620 2002062514 -9999 -9999 -9999 0.0
C0G620 2002062515 -9999 -9999 -9999 0.0
C0G620 2002062516 -9999 -9999 -9999 0.0
C0G620 2002062517 -9999 -9999 -9999 0.0
C0G620 2002062518 -9999 -9999 -9999 0.0
C0G620 2002062519 -9999 -9999 -9999 0.0
C0G620 2002062520 -9999 -9999 -9999 0.0
C0G620 2002062521 -9999 -9999 -9999 0.0
C0G620 2002062522 -9999 -9999 -9999 0.0
C0G620 2002062523 -9999 -9999 -9999 0.0
C0G620 2002062524 -9999 -9999 -9999 0.0
C0G620 2002062601 -9999 -9999 -9999 0.0
C0G620 2002062602 -9999 -9999 -9999 0.0
C0G620 2002062603 -9999 -9999 -9999 0.0
C0G620 2002062604 -9999 -9999 -9999 0.0
C0G620 2002062605 -9999 -9999 -9999 0.0
C0G620 2002062606 -9999 -9999 -9999 0.0
C0G620 2002062607 -9999 -9999 -9999 0.0
C0G620 2002062608 -9999 -9999 -9999 0.0
C0G620 2002062609 -9999 -9999 -9999 0.0
C0G620 2002062610 -9999 -9999 -9999 0.0
C0G620 2002062611 -9999 -9999 -9999 0.0
C0G620 2002062612 -9999 -9999 -9999 0.0
C0G620 2002062613 -9999 -9999 -9999 0.0
C0G620 2002062614 -9999 -9999 -9999 0.0
C0G620 2002062615 -9999 -9999 -9999 0.0
C0G620 2002062616 -9999 -9999 -9999 0.0
C0G620 2002062617 -9999 -9999 -9999 0.0
C0G620 2002062618 -9999 -9999 -9999 0.0
C0G620 2002062619 -9999 -9999 -9999 0.0
C0G620 2002062620 -9999 -9999 -9999 0.0
C0G620 2002062621 -9999 -9999 -9999 0.0
C0G620 2002062622 -9999 -9999 -9999 0.0
C0G620 2002062623 -9999 -9999 -9999 0.0
C0G620 2002062624 -9999 -9999 -9999 0.0
C0G620 2002062701 -9999 -9999 -9999 0.0
C0G620 2002062702 -9999 -9999 -9999 0.0
C0G620 2002062703 -9999 -9999 -9999 0.0
C0G620 2002062704 -9999 -9999 -9999 0.0
C0G620 2002062705 -9999 -9999 -9999 0.0
C0G620 2002062706 -9999 -9999 -9999 0.0
C0G620 2002062707 -9999 -9999 -9999 0.0
C0G620 2002062708 -9999 -9999 -9999 0.0
C0G620 2002062709 -9999 -9999 -9999 0.0
C0G620 2002062710 -9999 -9999 -9999 0.0
C0G620 2002062711 -9999 -9999 -9999 0.0
C0G620 2002062712 -9999 -9999 -9999 0.0
C0G620 2002062713 -9999 -9999 -9999 0.0
C0G620 2002062714 -9999 -9999 -9999 0.0
C0G620 2002062715 -9999 -9999 -9999 0.0
C0G620 2002062716 -9999 -9999 -9999 0.0
C0G620 2002062717 -9999 -9999 -9999 0.0
C0G620 2002062718 -9999 -9999 -9999 0.0
C0G620 2002062719 -9999 -9999 -9999 0.0
C0G620 2002062720 -9999 -9999 -9999 0.0
C0G620 2002062721 -9999 -9999 -9999 0.0
C0G620 2002062722 -9999 -9999 -9999 0.0
C0G620 2002062723 -9999 -9999 -9999 0.0
C0G620 2002062724 -9999 -9999 -9999 0.0
C0G620 2002062801 -9999 -9999 -9999 0.0
C0G620 2002062802 -9999 -9999 -9999 0.0
C0G620 2002062803 -9999 -9999 -9999 0.0
C0G620 2002062804 -9999 -9999 -9999 0.0
C0G620 2002062805 -9999 -9999 -9999 0.0
C0G620 2002062806 -9999 -9999 -9999 0.0
C0G620 2002062807 -9999 -9999 -9999 0.0
C0G620 2002062808 -9999 -9999 -9999 0.0
C0G620 2002062809 -9999 -9999 -9999 0.0
C0G620 2002062810 -9999 -9999 -9999 0.0
C0G620 2002062811 -9999 -9999 -9999 0.0
C0G620 2002062812 -9999 -9999 -9999 0.0
C0G620 2002062813 -9999 -9999 -9999 0.0
C0G620 2002062814 -9999 -9999 -9999 0.0
C0G620 2002062815 -9999 -9999 -9999 0.0
C0G620 2002062816 -9999 -9999 -9999 0.0
C0G620 2002062817 -9999 -9999 -9999 0.0
C0G620 2002062818 -9999 -9999 -9999 0.0
C0G620 2002062819 -9999 -9999 -9999 0.0
C0G620 2002062820 -9999 -9999 -9999 0.0
C0G620 2002062821 -9999 -9999 -9999 0.0
C0G620 2002062822 -9999 -9999 -9999 0.0
C0G620 2002062823 -9999 -9999 -9999 0.0
C0G620 2002062824 -9999 -9999 -9999 0.0
C0G620 2002062901 -9999 -9999 -9999 0.0
C0G620 2002062902 -9999 -9999 -9999 0.0
C0G620 2002062903 -9999 -9999 -9999 0.0
C0G620 2002062904 -9999 -9999 -9999 0.0
C0G620 2002062905 -9999 -9999 -9999 0.0
C0G620 2002062906 -9999 -9999 -9999 0.0
C0G620 2002062907 -9999 -9999 -9999 0.0
C0G620 2002062908 -9999 -9999 -9999 0.0
C0G620 2002062909 -9999 -9999 -9999 0.0
C0G620 2002062910 -9999 -9999 -9999 0.0
C0G620 2002062911 -9999 -9999 -9999 0.0
C0G620 2002062912 -9999 -9999 -9999 0.0
C0G620 2002062913 -9999 -9999 -9999 0.0
C0G620 2002062914 -9999 -9999 -9999 0.0
C0G620 2002062915 -9999 -9999 -9999 0.0
C0G620 2002062916 -9999 -9999 -9999 0.0
C0G620 2002062917 -9999 -9999 -9999 0.0
C0G620 2002062918 -9999 -9999 -9999 0.0
C0G620 2002062919 -9999 -9999 -9999 0.0
C0G620 2002062920 -9999 -9999 -9999 0.0
C0G620 2002062921 -9999 -9999 -9999 0.0
C0G620 2002062922 -9999 -9999 -9999 0.0
C0G620 2002062923 -9999 -9999 -9999 0.0
C0G620 2002062924 -9999 -9999 -9999 0.0
C0G620 2002063001 -9999 -9999 -9999 0.0
C0G620 2002063002 -9999 -9999 -9999 0.0
C0G620 2002063003 -9999 -9999 -9999 0.0
C0G620 2002063004 -9999 -9999 -9999 0.0
C0G620 2002063005 -9999 -9999 -9999 0.0
C0G620 2002063006 -9999 -9999 -9999 0.0
C0G620 2002063007 -9999 -9999 -9999 0.0
C0G620 2002063008 -9999 -9999 -9999 0.0
C0G620 2002063009 -9999 -9999 -9999 0.0
C0G620 2002063010 -9999 -9999 -9999 0.0
C0G620 2002063011 -9999 -9999 -9999 0.0
C0G620 2002063012 -9999 -9999 -9999 0.0
C0G620 2002063013 -9999 -9999 -9999 0.0
C0G620 2002063014 -9999 -9999 -9999 0.0
C0G620 2002063015 -9999 -9999 -9999 0.0
C0G620 2002063016 -9999 -9999 -9999 0.0
C0G620 2002063017 -9999 -9999 -9999 0.0
C0G620 2002063018 -9999 -9999 -9999 0.0
C0G620 2002063019 -9999 -9999 -9999 0.0
C0G620 2002063020 -9999 -9999 -9999 0.0
C0G620 2002063021 -9999 -9999 -9999 0.0
C0G620 2002063022 -9999 -9999 -9999 0.0
C0G620 2002063023 -9999 -9999 -9999 0.0
C0G620 2002063024 -9999 -9999 -9999 0.0
C0G650 2002060101 23.4 -9997 0.0 0.0
C0G650 2002060102 23.6 -9997 0.0 0.0
C0G650 2002060103 23.6 -9997 0.0 0.0
C0G650 2002060104 23.7 -9997 0.0 0.0
C0G650 2002060105 23.7 -9997 0.0 0.0
C0G650 2002060106 23.7 -9997 0.0 0.0
C0G650 2002060107 24.3 -9997 0.0 0.0
C0G650 2002060108 25.3 -9997 0.0 0.0
C0G650 2002060109 26.1 -9997 0.7 0.0
C0G650 2002060110 27.5 -9997 1.1 0.0
C0G650 2002060111 29.1 -9997 0.2 0.0
C0G650 2002060112 30.8 -9997 0.1 0.0
C0G650 2002060113 30.4 -9997 0.3 0.0
C0G650 2002060114 30.3 -9997 0.2 0.0
C0G650 2002060115 30.1 -9997 1.4 0.0
C0G650 2002060116 28.9 -9997 0.6 0.0
C0G650 2002060117 29.1 -9997 0.0 0.0
C0G650 2002060118 28.3 -9997 0.6 0.0
C0G650 2002060119 26.6 -9997 0.0 0.0
C0G650 2002060120 25.7 -9997 0.5 0.0
C0G650 2002060121 25.6 -9997 0.9 0.0
C0G650 2002060122 25.5 -9997 0.0 0.0
C0G650 2002060123 25.4 -9997 0.0 0.0
C0G650 2002060124 25.3 -9997 0.0 0.0
C0G650 2002060201 25.4 -9997 0.0 0.0
C0G650 2002060202 25.1 -9997 0.0 0.0
C0G650 2002060203 24.9 -9997 0.0 0.0
C0G650 2002060204 24.7 -9997 0.0 0.0
C0G650 2002060205 -9997 -9997 -9997 0.0
C0G650 2002060206 25.5 -9997 0.0 0.0
C0G650 2002060207 26.0 -9997 0.2 0.0
C0G650 2002060208 26.7 -9997 0.2 0.0
C0G650 2002060209 26.9 -9997 0.0 0.0
C0G650 2002060210 27.5 -9997 0.0 0.0
C0G650 2002060211 29.0 -9997 0.1 0.0
C0G650 2002060212 29.7 -9997 0.9 0.0
C0G650 2002060213 29.9 -9997 0.2 0.0
C0G650 2002060214 29.8 -9997 1.6 0.0
C0G650 2002060215 31.3 -9997 0.6 0.0
C0G650 2002060216 29.0 -9997 0.3 0.0
C0G650 2002060217 28.8 -9997 0.4 0.0
C0G650 2002060218 27.6 -9997 0.2 0.0
C0G650 2002060219 26.6 -9997 0.2 0.0
C0G650 2002060220 25.6 -9997 0.0 0.0
C0G650 2002060221 24.9 -9997 0.2 0.0
C0G650 2002060222 -9997 -9997 0.0 0.0
C0G650 2002060223 24.3 -9997 0.2 0.0
C0G650 2002060224 24.3 -9997 0.2 0.0
C0G650 2002060301 24.7 -9997 0.4 0.0
C0G650 2002060302 24.8 -9997 1.0 0.0
C0G650 2002060303 24.4 -9997 0.0 0.0
C0G650 2002060304 24.3 -9997 0.0 0.0
C0G650 2002060305 24.2 -9997 0.0 0.0
C0G650 2002060306 24.7 -9997 0.0 0.0
C0G650 2002060307 25.5 -9997 0.0 0.0
C0G650 2002060308 26.0 -9997 1.1 0.0
C0G650 2002060309 28.2 -9997 0.2 0.0
C0G650 2002060310 30.7 -9997 0.1 0.0
C0G650 2002060311 32.0 -9997 0.7 0.0
C0G650 2002060312 31.1 -9997 0.3 0.0
C0G650 2002060313 29.9 -9997 0.7 0.0
C0G650 2002060314 29.0 -9997 0.3 0.0
C0G650 2002060315 29.6 -9997 0.4 0.0
C0G650 2002060316 30.3 -9997 0.3 0.0
C0G650 2002060317 -9997 -9997 0.1 0.0
C0G650 2002060318 29.5 -9997 0.1 0.0
C0G650 2002060319 28.2 -9997 1.3 0.0
C0G650 2002060320 26.7 -9997 0.0 0.0
C0G650 2002060321 26.2 -9997 0.0 0.0
C0G650 2002060322 25.4 -9997 0.1 0.0
C0G650 2002060323 25.1 -9997 0.0 0.0
C0G650 2002060324 25.4 -9997 0.1 0.0
C0G650 2002060401 25.3 -9997 0.0 0.0
C0G650 2002060402 25.0 -9997 0.0 0.0
C0G650 2002060403 25.2 -9997 0.0 0.0
C0G650 2002060404 25.7 -9997 0.0 0.0
C0G650 2002060405 25.3 -9997 0.0 0.0
C0G650 2002060406 25.2 -9997 0.0 0.0
C0G650 2002060407 25.7 -9997 0.0 0.0
C0G650 2002060408 26.7 -9997 0.0 0.0
C0G650 2002060409 28.6 -9997 0.0 0.0
C0G650 2002060410 29.1 -9997 0.0 0.0
C0G650 2002060411 28.8 -9997 0.0 0.0
C0G650 2002060412 29.4 -9997 0.2 0.0
C0G650 2002060413 28.8 -9997 0.2 0.0
C0G650 2002060414 27.7 -9997 0.0 0.0
C0G650 2002060415 27.4 -9997 0.0 0.0
C0G650 2002060416 28.0 -9997 0.1 0.0
C0G650 2002060417 28.0 -9997 0.0 0.0
C0G650 2002060418 27.5 -9997 0.0 0.0
C0G650 2002060419 26.0 -9997 0.3 0.0
C0G650 2002060420 25.5 -9997 0.0 0.0
C0G650 2002060421 25.3 -9997 0.0 0.0
C0G650 2002060422 25.1 -9997 0.2 0.0
C0G650 2002060423 24.9 -9997 0.0 0.0
C0G650 2002060424 25.0 -9997 0.0 0.0
C0G650 2002060501 24.7 -9997 0.0 0.0
C0G650 2002060502 24.8 -9997 0.0 0.0
C0G650 2002060503 24.7 -9997 0.0 0.0
C0G650 2002060504 24.5 -9997 0.0 0.0
C0G650 2002060505 24.4 -9997 0.0 0.0
C0G650 2002060506 25.4 -9997 0.0 0.0
C0G650 2002060507 26.6 -9997 0.0 0.0
C0G650 2002060508 27.8 -9997 0.0 0.0
C0G650 2002060509 29.0 -9997 0.1 0.0
C0G650 2002060510 29.6 -9997 0.9 0.0
C0G650 2002060511 29.1 -9997 0.1 0.0
C0G650 2002060512 29.5 -9997 0.0 0.0
C0G650 2002060513 30.7 -9997 0.1 0.0
C0G650 2002060514 30.4 -9997 0.6 0.0
C0G650 2002060515 30.7 -9997 0.4 0.0
C0G650 2002060516 30.4 -9997 0.2 0.0
C0G650 2002060517 29.3 -9997 0.9 0.0
C0G650 2002060518 26.8 -9997 1.9 0.0
C0G650 2002060519 26.1 -9997 0.8 0.0
C0G650 2002060520 25.6 -9997 0.0 0.0
C0G650 2002060521 25.4 -9997 0.0 0.0
C0G650 2002060522 25.1 -9997 0.0 0.0
C0G650 2002060523 25.1 -9997 0.0 0.0
C0G650 2002060524 24.9 -9997 0.0 0.0
C0G650 2002060601 24.7 -9997 0.0 0.0
C0G650 2002060602 24.7 -9997 0.0 0.0
C0G650 2002060603 25.3 -9997 0.0 0.0
C0G650 2002060604 24.8 -9997 0.0 0.0
C0G650 2002060605 25.2 -9997 0.0 0.0
C0G650 2002060606 25.2 -9997 0.0 0.0
C0G650 2002060607 26.1 -9997 0.0 0.0
C0G650 2002060608 27.6 -9997 0.5 0.0
C0G650 2002060609 29.0 -9997 0.0 0.0
C0G650 2002060610 30.2 -9997 0.6 0.0
C0G650 2002060611 30.5 -9997 0.1 0.0
C0G650 2002060612 30.4 -9997 0.2 0.0
C0G650 2002060613 29.8 -9997 0.9 0.0
C0G650 2002060614 28.9 -9997 0.3 0.0
C0G650 2002060615 25.9 -9997 0.6 0.0
C0G650 2002060616 24.2 -9997 0.4 36.5
C0G650 2002060617 24.6 -9997 0.2 13.0
C0G650 2002060618 24.4 -9997 0.0 11.5
C0G650 2002060619 24.4 -9997 0.0 2.0
C0G650 2002060620 24.3 -9997 0.0 0.0
C0G650 2002060621 24.5 -9997 0.0 0.0
C0G650 2002060622 24.2 -9997 0.0 0.0
C0G650 2002060623 24.0 -9997 0.0 0.0
C0G650 2002060624 23.9 -9997 0.0 0.0
C0G650 2002060701 24.0 -9997 0.0 0.0
C0G650 2002060702 24.2 -9997 0.0 0.0
C0G650 2002060703 24.0 -9997 0.0 0.0
C0G650 2002060704 24.1 -9997 0.0 0.0
C0G650 2002060705 24.6 -9997 0.0 0.0
C0G650 2002060706 24.7 -9997 0.0 0.0
C0G650 2002060707 26.0 -9997 0.0 0.0
C0G650 2002060708 28.4 -9997 0.4 0.5
C0G650 2002060709 29.6 -9997 0.0 0.0
C0G650 2002060710 31.5 -9997 0.2 0.0
C0G650 2002060711 31.4 -9997 0.8 0.0
C0G650 2002060712 32.0 -9997 0.4 0.0
C0G650 2002060713 31.5 -9997 0.5 0.0
C0G650 2002060714 31.1 -9997 0.7 0.0
C0G650 2002060715 31.4 -9997 0.9 0.0
C0G650 2002060716 31.1 -9997 0.5 0.0
C0G650 2002060717 30.3 -9997 0.1 0.0
C0G650 2002060718 29.4 -9997 0.8 0.0
C0G650 2002060719 28.3 -9997 0.0 0.0
C0G650 2002060720 27.6 -9997 0.0 0.0
C0G650 2002060721 27.0 -9997 0.0 0.0
C0G650 2002060722 26.4 -9997 0.0 0.0
C0G650 2002060723 26.2 -9997 0.0 0.0
C0G650 2002060724 25.8 -9997 0.0 0.0
C0G650 2002060801 25.6 -9997 0.2 0.0
C0G650 2002060802 25.3 -9997 0.0 0.0
C0G650 2002060803 25.7 -9997 1.4 0.0
C0G650 2002060804 25.8 -9997 1.0 0.0
C0G650 2002060805 25.5 -9997 0.0 0.0
C0G650 2002060806 25.8 -9997 0.0 0.0
C0G650 2002060807 27.4 -9997 0.2 0.0
C0G650 2002060808 29.2 -9997 0.6 0.0
C0G650 2002060809 30.9 -9997 0.8 0.0
C0G650 2002060810 31.8 -9997 0.0 0.0
C0G650 2002060811 31.5 -9997 0.4 0.0
C0G650 2002060812 31.6 -9997 0.2 0.0
C0G650 2002060813 31.9 -9997 0.1 0.0
C0G650 2002060814 28.9 -9997 0.1 1.0
C0G650 2002060815 30.9 -9997 0.2 0.0
C0G650 2002060816 31.1 -9997 1.3 0.0
C0G650 2002060817 30.4 -9997 0.3 0.0
C0G650 2002060818 28.8 -9997 1.0 0.0
C0G650 2002060819 27.9 -9997 1.5 0.0
C0G650 2002060820 27.7 -9997 0.0 0.5
C0G650 2002060821 26.7 -9997 0.9 1.5
C0G650 2002060822 26.8 -9997 0.6 0.0
C0G650 2002060823 26.4 -9997 1.3 0.0
C0G650 2002060824 25.9 -9997 0.0 0.0
C0G650 2002060901 26.2 -9997 0.0 0.0
C0G650 2002060902 25.7 -9997 0.1 0.0
C0G650 2002060903 25.3 -9997 0.0 0.0
C0G650 2002060904 25.8 -9997 0.0 0.0
C0G650 2002060905 25.3 -9997 0.0 0.0
C0G650 2002060906 25.5 -9997 0.0 0.0
C0G650 2002060907 26.6 -9997 0.0 0.0
C0G650 2002060908 30.0 -9997 0.2 0.0
C0G650 2002060909 30.8 -9997 0.9 0.0
C0G650 2002060910 29.5 -9997 1.1 0.0
C0G650 2002060911 30.5 -9997 1.2 0.0
C0G650 2002060912 30.1 -9997 0.4 0.0
C0G650 2002060913 30.6 -9997 0.9 0.0
C0G650 2002060914 30.2 -9997 0.9 0.0
C0G650 2002060915 29.9 -9997 0.6 0.0
C0G650 2002060916 28.8 -9997 0.6 0.0
C0G650 2002060917 26.4 -9997 1.9 4.5
C0G650 2002060918 26.2 -9997 0.3 3.0
C0G650 2002060919 25.3 -9997 0.0 1.0
C0G650 2002060920 25.3 -9997 0.0 0.5
C0G650 2002060921 24.9 -9997 0.0 0.0
C0G650 2002060922 24.7 -9997 0.0 0.0
C0G650 2002060923 24.6 -9997 0.0 1.0
C0G650 2002060924 24.8 -9997 0.0 0.0
C0G650 2002061001 24.8 -9997 0.0 0.0
C0G650 2002061002 25.0 -9997 0.0 0.0
C0G650 2002061003 25.6 -9997 1.0 0.0
C0G650 2002061004 25.5 -9997 0.8 0.0
C0G650 2002061005 25.4 -9997 1.3 0.0
C0G650 2002061006 25.5 -9997 0.6 0.0
C0G650 2002061007 26.7 -9997 1.8 0.0
C0G650 2002061008 27.3 -9997 1.0 0.0
C0G650 2002061009 28.6 -9997 1.3 0.0
C0G650 2002061010 31.3 -9997 2.3 0.0
C0G650 2002061011 30.3 -9997 2.0 0.0
C0G650 2002061012 31.8 -9997 2.4 0.0
C0G650 2002061013 33.3 -9997 1.7 0.0
C0G650 2002061014 32.3 -9997 2.3 0.0
C0G650 2002061015 33.2 -9997 1.9 0.0
C0G650 2002061016 31.3 -9997 1.8 0.0
C0G650 2002061017 30.5 -9997 1.8 0.0
C0G650 2002061018 29.4 -9997 1.7 0.0
C0G650 2002061019 28.7 -9997 1.6 0.0
C0G650 2002061020 27.5 -9997 1.7 0.0
C0G650 2002061021 26.9 -9997 2.1 0.0
C0G650 2002061022 26.4 -9997 0.5 0.0
C0G650 2002061023 26.3 -9997 0.2 0.0
C0G650 2002061024 26.0 -9997 0.7 0.0
C0G650 2002061101 26.0 -9997 1.0 0.0
C0G650 2002061102 26.2 -9997 0.3 0.0
C0G650 2002061103 25.5 -9997 0.0 0.0
C0G650 2002061104 25.1 -9997 0.0 0.0
C0G650 2002061105 24.9 -9997 0.0 0.0
C0G650 2002061106 25.9 -9997 0.1 0.0
C0G650 2002061107 27.6 -9997 1.6 0.0
C0G650 2002061108 29.6 -9997 2.0 0.0
C0G650 2002061109 29.9 -9997 2.1 0.0
C0G650 2002061110 30.4 -9997 3.6 0.0
C0G650 2002061111 31.3 -9997 2.8 0.0
C0G650 2002061112 32.4 -9997 3.0 0.0
C0G650 2002061113 33.0 -9997 2.7 0.0
C0G650 2002061114 31.3 -9997 2.5 0.0
C0G650 2002061115 31.5 -9997 3.3 1.5
C0G650 2002061116 31.6 -9997 2.3 0.0
C0G650 2002061117 30.6 -9997 1.9 0.0
C0G650 2002061118 29.5 -9997 1.8 0.0
C0G650 2002061119 28.8 -9997 1.1 0.0
C0G650 2002061120 28.0 -9997 1.1 0.0
C0G650 2002061121 25.9 -9997 1.9 5.5
C0G650 2002061122 24.3 -9997 0.4 3.5
C0G650 2002061123 24.8 -9997 1.6 1.0
C0G650 2002061124 24.5 -9997 0.8 1.5
C0G650 2002061201 24.9 -9997 0.5 3.5
C0G650 2002061202 24.8 -9997 0.0 -9996
C0G650 2002061203 24.9 -9997 0.6 0.5
C0G650 2002061204 24.8 -9997 0.0 0.0
C0G650 2002061205 24.5 -9997 0.0 0.0
C0G650 2002061206 25.0 -9997 0.0 0.0
C0G650 2002061207 26.7 -9997 0.1 0.0
C0G650 2002061208 28.5 -9997 1.1 0.0
C0G650 2002061209 29.1 -9997 1.3 0.0
C0G650 2002061210 30.0 -9997 1.4 0.0
C0G650 2002061211 31.4 -9997 1.6 0.0
C0G650 2002061212 30.7 -9997 1.3 0.0
C0G650 2002061213 29.4 -9997 1.5 0.0
C0G650 2002061214 29.2 -9997 0.9 0.0
C0G650 2002061215 29.5 -9997 0.0 0.0
C0G650 2002061216 30.1 -9997 0.0 0.0
C0G650 2002061217 29.9 -9997 0.0 0.0
C0G650 2002061218 29.3 -9997 0.0 0.0
C0G650 2002061219 28.2 -9997 0.0 0.0
C0G650 2002061220 -9997 -9997 -9997 0.0
C0G650 2002061221 27.0 -9997 0.0 0.0
C0G650 2002061222 26.5 -9997 0.0 0.0
C0G650 2002061223 26.2 -9997 0.0 0.0
C0G650 2002061224 26.1 -9997 0.0 0.0
C0G650 2002061301 25.9 -9997 0.0 0.0
C0G650 2002061302 26.2 -9997 1.4 0.0
C0G650 2002061303 26.4 -9997 1.3 0.0
C0G650 2002061304 26.2 -9997 1.0 0.0
C0G650 2002061305 26.0 -9997 1.1 0.0
C0G650 2002061306 26.2 -9997 0.0 0.0
C0G650 2002061307 26.4 -9997 0.6 0.0
C0G650 2002061308 26.1 -9997 0.0 0.0
C0G650 2002061309 26.4 -9997 0.0 0.5
C0G650 2002061310 27.6 -9997 1.0 0.0
C0G650 2002061311 28.8 -9997 0.0 0.0
C0G650 2002061312 30.1 -9997 1.0 0.0
C0G650 2002061313 31.5 -9997 0.2 0.0
C0G650 2002061314 31.7 -9997 0.3 0.0
C0G650 2002061315 30.6 -9997 0.1 0.0
C0G650 2002061316 29.8 -9997 0.0 0.0
C0G650 2002061317 29.3 -9997 0.0 0.0
C0G650 2002061318 -9997 -9997 -9997 0.0
C0G650 2002061319 28.2 -9997 0.0 0.0
C0G650 2002061320 27.8 -9997 0.0 0.0
C0G650 2002061321 26.8 -9997 0.0 0.0
C0G650 2002061322 26.2 -9997 0.0 0.0
C0G650 2002061323 25.7 -9997 0.0 0.0
C0G650 2002061324 25.8 -9997 0.0 0.0
C0G650 2002061401 25.9 -9997 0.0 0.0
C0G650 2002061402 25.9 -9997 0.0 0.0
C0G650 2002061403 25.8 -9997 0.0 0.0
C0G650 2002061404 25.6 -9997 0.0 0.0
C0G650 2002061405 25.2 -9997 0.0 0.0
C0G650 2002061406 25.2 -9997 0.0 0.0
C0G650 2002061407 26.7 -9997 0.1 0.0
C0G650 2002061408 28.4 -9997 0.9 0.0
C0G650 2002061409 29.6 -9997 1.1 0.0
C0G650 2002061410 30.2 -9997 0.9 0.0
C0G650 2002061411 32.5 -9997 1.7 0.0
C0G650 2002061412 32.7 -9997 1.2 0.0
C0G650 2002061413 32.6 -9997 1.4 0.0
C0G650 2002061414 32.2 -9997 1.3 0.0
C0G650 2002061415 31.2 -9997 0.9 0.0
C0G650 2002061416 30.9 -9997 1.9 0.0
C0G650 2002061417 30.1 -9997 0.9 0.0
C0G650 2002061418 29.2 -9997 0.5 0.0
C0G650 2002061419 28.3 -9997 0.0 0.0
C0G650 2002061420 27.4 -9997 0.0 0.0
C0G650 2002061421 26.7 -9997 0.0 0.0
C0G650 2002061422 26.4 -9997 0.0 0.0
C0G650 2002061423 25.7 -9997 0.0 0.0
C0G650 2002061424 25.5 -9997 0.0 0.0
C0G650 2002061501 25.3 -9997 0.3 0.0
C0G650 2002061502 25.8 -9997 0.8 0.0
C0G650 2002061503 25.4 -9997 0.0 0.0
C0G650 2002061504 24.8 -9997 0.0 0.0
C0G650 2002061505 24.0 -9997 0.0 0.0
C0G650 2002061506 24.5 -9997 0.0 0.0
C0G650 2002061507 26.7 -9997 0.2 0.0
C0G650 2002061508 28.0 -9997 0.6 0.0
C0G650 2002061509 29.5 -9997 1.8 0.0
C0G650 2002061510 31.3 -9997 2.1 0.0
C0G650 2002061511 31.7 -9997 1.8 0.0
C0G650 2002061512 31.4 -9997 0.7 0.0
C0G650 2002061513 31.9 -9997 1.5 0.0
C0G650 2002061514 31.8 -9997 1.0 0.0
C0G650 2002061515 31.5 -9997 1.1 0.0
C0G650 2002061516 -9997 -9997 -9997 0.0
C0G650 2002061517 29.6 -9997 0.2 0.0
C0G650 2002061518 29.3 -9997 0.0 0.0
C0G650 2002061519 28.5 -9997 0.0 0.0
C0G650 2002061520 27.5 -9997 0.0 0.0
C0G650 2002061521 27.0 -9997 0.0 0.0
C0G650 2002061522 26.2 -9997 0.0 0.0
C0G650 2002061523 25.8 -9997 0.0 0.0
C0G650 2002061524 25.6 -9997 0.0 0.0
C0G650 2002061601 25.7 -9997 0.0 0.0
C0G650 2002061602 25.0 -9997 0.0 0.0
C0G650 2002061603 24.9 -9997 0.4 0.0
C0G650 2002061604 25.4 -9997 0.1 0.0
C0G650 2002061605 25.5 -9997 0.0 0.0
C0G650 2002061606 25.5 -9997 0.0 0.0
C0G650 2002061607 27.2 -9997 0.2 0.0
C0G650 2002061608 27.8 -9997 0.9 0.0
C0G650 2002061609 28.4 -9997 0.1 0.0
C0G650 2002061610 30.7 -9997 1.5 0.0
C0G650 2002061611 32.1 -9997 1.7 0.0
C0G650 2002061612 32.4 -9997 2.4 0.0
C0G650 2002061613 32.7 -9997 1.8 0.0
C0G650 2002061614 30.4 -9997 2.3 0.0
C0G650 2002061615 30.4 -9997 1.6 0.0
C0G650 2002061616 29.6 -9997 1.7 0.0
C0G650 2002061617 29.4 -9997 2.0 0.0
C0G650 2002061618 28.8 -9997 0.2 0.0
C0G650 2002061619 28.0 -9997 0.0 0.0
C0G650 2002061620 27.4 -9997 -9997 0.0
C0G650 2002061621 27.2 -9997 0.0 0.0
C0G650 2002061622 27.1 -9997 0.0 0.0
C0G650 2002061623 26.4 -9997 0.1 0.0
C0G650 2002061624 26.2 -9997 0.0 0.0
C0G650 2002061701 26.1 -9997 0.0 0.0
C0G650 2002061702 26.0 -9997 0.1 0.0
C0G650 2002061703 26.0 -9997 0.6 0.0
C0G650 2002061704 25.8 -9997 0.3 0.0
C0G650 2002061705 26.1 -9997 0.0 0.0
C0G650 2002061706 26.2 -9997 0.2 0.0
C0G650 2002061707 27.6 -9997 0.1 0.0
C0G650 2002061708 28.7 -9997 1.5 0.0
C0G650 2002061709 30.4 -9997 1.8 0.0
C0G650 2002061710 32.2 -9997 2.4 0.0
C0G650 2002061711 32.4 -9997 2.8 0.0
C0G650 2002061712 33.7 -9997 2.3 0.0
C0G650 2002061713 32.8 -9997 2.8 0.0
C0G650 2002061714 32.5 -9997 2.0 0.0
C0G650 2002061715 32.7 -9997 1.9 0.0
C0G650 2002061716 32.3 -9997 0.6 0.0
C0G650 2002061717 30.9 -9997 1.0 0.0
C0G650 2002061718 29.9 -9997 0.1 0.0
C0G650 2002061719 28.8 -9997 0.0 0.0
C0G650 2002061720 27.6 -9997 0.0 0.0
C0G650 2002061721 27.0 -9997 0.0 0.0
C0G650 2002061722 26.7 -9997 0.0 0.0
C0G650 2002061723 26.3 -9997 0.0 0.0
C0G650 2002061724 26.7 -9997 0.0 0.0
C0G650 2002061801 26.0 -9997 0.0 0.0
C0G650 2002061802 25.7 -9997 0.0 0.0
C0G650 2002061803 25.6 -9997 0.0 0.0
C0G650 2002061804 25.4 -9997 0.0 0.0
C0G650 2002061805 25.2 -9997 0.0 0.0
C0G650 2002061806 25.2 -9997 0.0 0.0
C0G650 2002061807 27.1 -9997 0.0 0.0
C0G650 2002061808 28.6 -9997 0.3 0.0
C0G650 2002061809 29.7 -9997 0.5 0.0
C0G650 2002061810 30.6 -9997 0.2 0.0
C0G650 2002061811 32.0 -9997 1.0 0.0
C0G650 2002061812 -9997 -9997 -9997 0.0
C0G650 2002061813 32.6 -9997 0.5 0.0
C0G650 2002061814 33.4 -9997 0.7 0.0
C0G650 2002061815 34.4 -9997 0.5 0.0
C0G650 2002061816 30.2 -9997 1.6 0.0
C0G650 2002061817 29.8 -9997 0.9 0.0
C0G650 2002061818 29.5 -9997 0.1 0.0
C0G650 2002061819 28.5 -9997 0.0 0.0
C0G650 2002061820 27.2 -9997 0.0 0.0
C0G650 2002061821 26.5 -9997 0.0 0.0
C0G650 2002061822 26.5 -9997 0.0 0.0
C0G650 2002061823 26.2 -9997 -9997 0.0
C0G650 2002061824 26.0 -9997 -9997 0.0
C0G650 2002061901 25.6 -9997 0.0 0.0
C0G650 2002061902 25.4 -9997 0.0 0.0
C0G650 2002061903 25.6 -9997 0.0 0.0
C0G650 2002061904 26.3 -9997 0.0 0.0
C0G650 2002061905 26.1 -9997 0.0 0.0
C0G650 2002061906 26.2 -9997 0.0 0.0
C0G650 2002061907 27.3 -9997 0.3 0.0
C0G650 2002061908 29.1 -9997 1.0 0.0
C0G650 2002061909 31.6 -9997 1.2 0.0
C0G650 2002061910 33.4 -9997 0.6 0.0
C0G650 2002061911 33.5 -9997 2.7 0.0
C0G650 2002061912 33.7 -9997 1.4 0.0
C0G650 2002061913 35.2 -9997 1.5 0.0
C0G650 2002061914 35.1 -9997 1.6 0.0
C0G650 2002061915 34.6 -9997 1.9 0.0
C0G650 2002061916 33.9 -9997 2.0 0.0
C0G650 2002061917 32.2 -9997 1.7 0.0
C0G650 2002061918 31.7 -9997 1.1 0.0
C0G650 2002061919 30.5 -9997 0.3 0.0
C0G650 2002061920 29.7 -9997 0.3 0.0
C0G650 2002061921 28.8 -9997 0.3 0.0
C0G650 2002061922 28.2 -9997 0.2 0.0
C0G650 2002061923 27.3 -9997 0.4 0.0
C0G650 2002061924 26.6 -9997 0.0 0.0
C0G650 2002062001 26.4 -9997 0.0 0.0
C0G650 2002062002 26.0 -9997 0.0 0.0
C0G650 2002062003 26.0 -9997 0.0 0.0
C0G650 2002062004 26.3 -9997 0.0 0.0
C0G650 2002062005 26.2 -9997 0.1 0.0
C0G650 2002062006 26.6 -9997 0.0 0.0
C0G650 2002062007 28.7 -9997 0.0 0.0
C0G650 2002062008 31.4 -9997 1.1 0.0
C0G650 2002062009 32.4 -9997 0.8 0.0
C0G650 2002062010 33.5 -9997 1.1 0.0
C0G650 2002062011 34.9 -9997 1.2 0.0
C0G650 2002062012 35.2 -9997 1.6 0.0
C0G650 2002062013 34.2 -9997 1.6 0.0
C0G650 2002062014 34.8 -9997 1.7 0.0
C0G650 2002062015 34.4 -9997 2.5 0.0
C0G650 2002062016 33.6 -9997 2.0 0.0
C0G650 2002062017 32.7 -9997 0.3 0.0
C0G650 2002062018 32.2 -9997 0.6 0.0
C0G650 2002062019 30.3 -9997 0.2 0.0
C0G650 2002062020 28.9 -9997 0.0 0.0
C0G650 2002062021 28.6 -9997 0.0 0.0
C0G650 2002062022 27.6 -9997 0.0 0.0
C0G650 2002062023 26.9 -9997 0.0 0.0
C0G650 2002062024 26.6 -9997 0.2 0.0
C0G650 2002062101 26.6 -9997 0.0 0.0
C0G650 2002062102 26.5 -9997 0.0 0.0
C0G650 2002062103 26.2 -9997 0.5 0.0
C0G650 2002062104 25.9 -9997 0.0 0.0
C0G650 2002062105 25.4 -9997 0.0 0.0
C0G650 2002062106 27.6 -9997 0.0 0.0
C0G650 2002062107 28.5 -9997 0.0 0.0
C0G650 2002062108 30.6 -9997 0.9 0.0
C0G650 2002062109 32.5 -9997 1.9 0.0
C0G650 2002062110 33.5 -9997 1.2 0.0
C0G650 2002062111 -9997 -9997 -9997 0.0
C0G650 2002062112 34.8 -9997 0.8 0.0
C0G650 2002062113 35.2 -9997 1.0 0.0
C0G650 2002062114 35.0 -9997 1.7 0.0
C0G650 2002062115 33.6 -9997 1.4 0.0
C0G650 2002062116 33.5 -9997 1.4 0.0
C0G650 2002062117 32.3 -9997 1.2 0.0
C0G650 2002062118 31.6 -9997 0.5 0.0
C0G650 2002062119 30.2 -9997 0.0 0.0
C0G650 2002062120 -9997 -9997 -9997 0.0
C0G650 2002062121 28.4 -9997 0.0 0.0
C0G650 2002062122 27.7 -9997 0.0 0.0
C0G650 2002062123 27.3 -9997 0.2 0.0
C0G650 2002062124 27.1 -9997 0.0 0.0
C0G650 2002062201 26.7 -9997 0.0 0.0
C0G650 2002062202 26.6 -9997 0.0 0.0
C0G650 2002062203 26.8 -9997 0.0 0.0
C0G650 2002062204 26.5 -9997 0.0 0.0
C0G650 2002062205 26.1 -9997 0.0 0.0
C0G650 2002062206 27.7 -9997 0.0 0.0
C0G650 2002062207 29.0 -9997 0.0 0.0
C0G650 2002062208 32.4 -9997 0.0 0.0
C0G650 2002062209 33.2 -9997 1.6 0.0
C0G650 2002062210 33.9 -9997 2.4 0.0
C0G650 2002062211 34.5 -9997 1.2 0.0
C0G650 2002062212 34.1 -9997 0.6 0.0
C0G650 2002062213 34.1 -9997 0.5 0.0
C0G650 2002062214 32.4 -9997 0.8 0.0
C0G650 2002062215 32.9 -9997 1.3 0.0
C0G650 2002062216 31.6 -9997 0.9 0.0
C0G650 2002062217 30.2 -9997 0.3 0.0
C0G650 2002062218 30.5 -9997 0.9 0.0
C0G650 2002062219 30.1 -9997 0.3 0.0
C0G650 2002062220 29.6 -9997 0.0 0.0
C0G650 2002062221 28.7 -9997 0.0 0.0
C0G650 2002062222 27.9 -9997 0.0 0.0
C0G650 2002062223 27.3 -9997 0.0 0.0
C0G650 2002062224 26.8 -9997 0.0 0.0
C0G650 2002062301 26.6 -9997 0.0 0.0
C0G650 2002062302 26.1 -9997 0.0 0.0
C0G650 2002062303 25.8 -9997 0.0 0.0
C0G650 2002062304 25.7 -9997 0.0 0.0
C0G650 2002062305 25.3 -9997 0.0 0.0
C0G650 2002062306 27.8 -9997 0.0 0.0
C0G650 2002062307 28.5 -9997 0.0 0.0
C0G650 2002062308 31.9 -9997 1.8 0.0
C0G650 2002062309 33.3 -9997 1.5 0.0
C0G650 2002062310 34.4 -9997 1.1 0.0
C0G650 2002062311 34.8 -9997 2.0 0.0
C0G650 2002062312 36.4 -9997 1.7 0.0
C0G650 2002062313 34.7 -9997 1.4 0.0
C0G650 2002062314 36.1 -9997 1.2 0.0
C0G650 2002062315 35.1 -9997 1.8 0.0
C0G650 2002062316 33.5 -9997 0.9 0.0
C0G650 2002062317 32.5 -9997 1.0 0.0
C0G650 2002062318 31.1 -9997 1.2 0.0
C0G650 2002062319 30.3 -9997 0.2 0.0
C0G650 2002062320 29.6 -9997 0.0 0.0
C0G650 2002062321 28.7 -9997 0.0 0.0
C0G650 2002062322 28.0 -9997 0.0 0.0
C0G650 2002062323 27.6 -9997 0.1 0.0
C0G650 2002062324 27.1 -9997 0.0 0.0
C0G650 2002062401 26.7 -9997 0.0 0.0
C0G650 2002062402 26.6 -9997 0.0 0.0
C0G650 2002062403 26.1 -9997 0.0 0.0
C0G650 2002062404 25.9 -9997 0.1 0.0
C0G650 2002062405 25.9 -9997 0.0 0.0
C0G650 2002062406 28.0 -9997 0.0 0.0
C0G650 2002062407 29.3 -9997 0.8 0.0
C0G650 2002062408 31.4 -9997 1.8 0.0
C0G650 2002062409 33.5 -9997 1.1 0.0
C0G650 2002062410 34.5 -9997 1.5 0.0
C0G650 2002062411 35.0 -9997 2.0 0.0
C0G650 2002062412 35.0 -9997 1.8 0.0
C0G650 2002062413 35.1 -9997 2.0 0.0
C0G650 2002062414 35.3 -9997 1.8 0.0
C0G650 2002062415 35.4 -9997 1.7 0.0
C0G650 2002062416 34.2 -9997 2.5 0.0
C0G650 2002062417 33.9 -9997 1.8 0.0
C0G650 2002062418 32.5 -9997 1.2 0.0
C0G650 2002062419 30.9 -9997 1.0 0.0
C0G650 2002062420 29.9 -9997 0.9 0.0
C0G650 2002062421 28.8 -9997 0.9 0.0
C0G650 2002062422 28.2 -9997 0.1 0.0
C0G650 2002062423 28.6 -9997 0.1 0.0
C0G650 2002062424 28.0 -9997 0.3 0.0
C0G650 2002062501 27.1 -9997 0.0 0.0
C0G650 2002062502 26.6 -9997 0.0 0.0
C0G650 2002062503 26.9 -9997 0.0 0.0
C0G650 2002062504 26.5 -9997 0.6 0.0
C0G650 2002062505 26.3 -9997 0.0 0.0
C0G650 2002062506 27.8 -9997 1.1 0.0
C0G650 2002062507 29.4 -9997 2.3 0.0
C0G650 2002062508 31.0 -9997 2.1 0.0
C0G650 2002062509 32.5 -9997 3.0 0.0
C0G650 2002062510 33.3 -9997 1.9 0.0
C0G650 2002062511 36.2 -9997 1.9 0.0
C0G650 2002062512 35.4 -9997 1.6 0.0
C0G650 2002062513 35.8 -9997 1.7 0.0
C0G650 2002062514 35.5 -9997 2.6 0.0
C0G650 2002062515 34.7 -9997 2.4 0.0
C0G650 2002062516 34.0 -9997 2.4 0.0
C0G650 2002062517 33.2 -9997 1.9 0.0
C0G650 2002062518 31.5 -9997 1.8 0.0
C0G650 2002062519 30.4 -9997 1.2 0.0
C0G650 2002062520 29.7 -9997 1.0 0.0
C0G650 2002062521 29.1 -9997 0.7 0.0
C0G650 2002062522 27.8 -9997 0.0 0.0
C0G650 2002062523 28.0 -9997 0.0 0.0
C0G650 2002062524 27.2 -9997 0.0 0.0
C0G650 2002062601 26.9 -9997 0.0 0.0
C0G650 2002062602 26.6 -9997 0.0 0.0
C0G650 2002062603 26.3 -9997 0.0 0.0
C0G650 2002062604 26.1 -9997 0.0 0.0
C0G650 2002062605 25.9 -9997 0.0 0.0
C0G650 2002062606 27.2 -9997 0.1 0.0
C0G650 2002062607 -9997 -9997 -9997 0.0
C0G650 2002062608 31.9 -9997 0.8 0.0
C0G650 2002062609 32.6 -9997 1.3 0.0
C0G650 2002062610 33.9 -9997 0.8 0.0
C0G650 2002062611 31.1 -9997 0.2 0.0
C0G650 2002062612 31.0 -9997 0.3 0.0
C0G650 2002062613 32.1 -9997 0.9 0.0
C0G650 2002062614 32.0 -9997 0.4 0.0
C0G650 2002062615 33.0 -9997 0.1 0.0
C0G650 2002062616 31.1 -9997 0.4 0.0
C0G650 2002062617 31.4 -9997 0.5 0.0
C0G650 2002062618 30.2 -9997 0.2 0.0
C0G650 2002062619 29.4 -9997 0.1 0.0
C0G650 2002062620 28.9 -9997 0.7 0.0
C0G650 2002062621 27.9 -9997 0.3 0.0
C0G650 2002062622 27.6 -9997 0.0 0.0
C0G650 2002062623 26.9 -9997 0.0 0.0
C0G650 2002062624 27.0 -9997 0.0 0.0
C0G650 2002062701 25.6 -9997 0.0 0.0
C0G650 2002062702 25.6 -9997 0.0 0.0
C0G650 2002062703 26.1 -9997 0.0 0.0
C0G650 2002062704 25.7 -9997 0.0 0.0
C0G650 2002062705 25.9 -9997 0.0 0.0
C0G650 2002062706 26.2 -9997 0.0 0.0
C0G650 2002062707 28.3 -9997 0.0 0.0
C0G650 2002062708 32.0 -9997 0.1 0.0
C0G650 2002062709 33.2 -9997 0.3 0.0
C0G650 2002062710 32.9 -9997 0.5 0.0
C0G650 2002062711 -9997 -9997 0.2 0.0
C0G650 2002062712 33.6 -9997 0.4 0.0
C0G650 2002062713 33.5 -9997 0.9 0.0
C0G650 2002062714 35.0 -9997 0.8 0.0
C0G650 2002062715 34.5 -9997 0.7 0.0
C0G650 2002062716 33.7 -9997 0.3 0.0
C0G650 2002062717 32.4 -9997 1.0 0.0
C0G650 2002062718 30.7 -9997 0.1 0.0
C0G650 2002062719 30.0 -9997 0.0 0.0
C0G650 2002062720 28.9 -9997 0.4 0.0
C0G650 2002062721 28.0 -9997 0.6 0.0
C0G650 2002062722 27.4 -9997 0.0 0.0
C0G650 2002062723 27.3 -9997 0.0 0.0
C0G650 2002062724 27.2 -9997 0.0 0.0
C0G650 2002062801 27.1 -9997 0.0 0.0
C0G650 2002062802 26.6 -9997 0.0 0.0
C0G650 2002062803 26.1 -9997 0.0 0.0
C0G650 2002062804 25.9 -9997 0.0 0.0
C0G650 2002062805 25.7 -9997 0.0 0.0
C0G650 2002062806 26.4 -9997 0.0 0.0
C0G650 2002062807 28.1 -9997 0.7 0.0
C0G650 2002062808 30.2 -9997 1.3 0.0
C0G650 2002062809 31.5 -9997 1.0 0.0
C0G650 2002062810 32.2 -9997 0.4 0.0
C0G650 2002062811 32.8 -9997 0.6 0.0
C0G650 2002062812 -9997 -9997 0.8 0.0
C0G650 2002062813 35.7 -9997 1.1 0.0
C0G650 2002062814 35.0 -9997 1.5 0.0
C0G650 2002062815 34.3 -9997 1.6 0.0
C0G650 2002062816 33.9 -9997 1.0 0.0
C0G650 2002062817 32.9 -9997 1.6 0.0
C0G650 2002062818 31.8 -9997 0.8 0.0
C0G650 2002062819 30.5 -9997 0.1 0.0
C0G650 2002062820 29.2 -9997 0.0 0.0
C0G650 2002062821 27.6 -9997 0.0 0.0
C0G650 2002062822 27.1 -9997 0.3 0.0
C0G650 2002062823 26.7 -9997 0.0 0.0
C0G650 2002062824 26.2 -9997 0.0 0.0
C0G650 2002062901 26.2 -9997 0.5 0.0
C0G650 2002062902 25.9 -9997 0.0 0.0
C0G650 2002062903 25.8 -9997 0.0 0.0
C0G650 2002062904 25.8 -9997 0.0 0.0
C0G650 2002062905 25.7 -9997 0.0 0.0
C0G650 2002062906 26.4 -9997 0.2 0.0
C0G650 2002062907 28.6 -9997 0.8 0.0
C0G650 2002062908 30.3 -9997 2.5 0.0
C0G650 2002062909 31.8 -9997 2.6 0.0
C0G650 2002062910 33.9 -9997 2.2 0.0
C0G650 2002062911 34.1 -9997 1.3 0.0
C0G650 2002062912 33.0 -9997 2.0 0.0
C0G650 2002062913 34.1 -9997 2.0 0.0
C0G650 2002062914 34.5 -9997 1.8 0.0
C0G650 2002062915 33.7 -9997 1.3 0.0
C0G650 2002062916 32.5 -9997 1.5 0.0
C0G650 2002062917 32.7 -9997 1.1 0.0
C0G650 2002062918 31.6 -9997 0.7 0.0
C0G650 2002062919 30.0 -9997 0.9 0.0
C0G650 2002062920 29.2 -9997 0.0 0.0
C0G650 2002062921 28.3 -9997 1.0 0.0
C0G650 2002062922 27.5 -9997 0.0 0.0
C0G650 2002062923 27.0 -9997 0.0 0.0
C0G650 2002062924 26.8 -9997 0.0 0.0
C0G650 2002063001 26.0 -9997 0.0 0.0
C0G650 2002063002 25.8 -9997 0.0 0.0
C0G650 2002063003 25.9 -9997 0.0 0.0
C0G650 2002063004 25.3 -9997 0.0 0.0
C0G650 2002063005 25.6 -9997 0.0 0.0
C0G650 2002063006 27.4 -9997 0.0 0.0
C0G650 2002063007 28.3 -9997 0.6 0.0
C0G650 2002063008 30.5 -9997 1.2 0.0
C0G650 2002063009 32.5 -9997 1.1 0.0
C0G650 2002063010 32.8 -9997 2.0 0.0
C0G650 2002063011 34.9 -9997 2.2 0.0
C0G650 2002063012 33.8 -9997 1.3 0.0
C0G650 2002063013 33.6 -9997 1.9 0.0
C0G650 2002063014 34.4 -9997 2.0 0.0
C0G650 2002063015 33.9 -9997 0.8 0.0
C0G650 2002063016 33.1 -9997 1.9 0.0
C0G650 2002063017 32.2 -9997 1.2 0.0
C0G650 2002063018 30.9 -9997 0.7 0.0
C0G650 2002063019 30.3 -9997 0.3 0.0
C0G650 2002063020 29.6 -9997 0.0 0.0
C0G650 2002063021 28.9 -9997 0.0 0.0
C0G650 2002063022 27.9 -9997 0.0 0.0
C0G650 2002063023 27.4 -9997 0.0 0.0
C0G650 2002063024 26.8 -9997 0.0 0.0
C0G660 2002060101 -9999 -9999 -9999 0.0
C0G660 2002060102 -9999 -9999 -9999 1.5
C0G660 2002060103 -9999 -9999 -9999 0.0
C0G660 2002060104 -9999 -9999 -9999 0.0
C0G660 2002060105 -9999 -9999 -9999 0.0
C0G660 2002060106 -9999 -9999 -9999 0.0
C0G660 2002060107 -9999 -9999 -9999 0.0
C0G660 2002060108 -9999 -9999 -9999 0.0
C0G660 2002060109 -9999 -9999 -9999 0.0
C0G660 2002060110 -9999 -9999 -9999 0.0
C0G660 2002060111 -9999 -9999 -9999 0.0
C0G660 2002060112 -9999 -9999 -9999 0.0
C0G660 2002060113 -9999 -9999 -9999 0.0
C0G660 2002060114 -9999 -9999 -9999 0.0
C0G660 2002060115 -9999 -9999 -9999 0.0
C0G660 2002060116 -9999 -9999 -9999 0.0
C0G660 2002060117 -9999 -9999 -9999 0.0
C0G660 2002060118 -9999 -9999 -9999 0.0
C0G660 2002060119 -9999 -9999 -9999 0.0
C0G660 2002060120 -9999 -9999 -9999 0.0
C0G660 2002060121 -9999 -9999 -9999 0.0
C0G660 2002060122 -9999 -9999 -9999 0.0
C0G660 2002060123 -9999 -9999 -9999 0.0
C0G660 2002060124 -9999 -9999 -9999 0.0
C0G660 2002060201 -9999 -9999 -9999 0.0
C0G660 2002060202 -9999 -9999 -9999 0.0
C0G660 2002060203 -9999 -9999 -9999 0.0
C0G660 2002060204 -9999 -9999 -9999 0.0
C0G660 2002060205 -9999 -9999 -9999 0.0
C0G660 2002060206 -9999 -9999 -9999 0.0
C0G660 2002060207 -9999 -9999 -9999 0.0
C0G660 2002060208 -9999 -9999 -9999 0.0
C0G660 2002060209 -9999 -9999 -9999 0.0
C0G660 2002060210 -9999 -9999 -9999 0.0
C0G660 2002060211 -9999 -9999 -9999 0.5
C0G660 2002060212 -9999 -9999 -9999 0.0
C0G660 2002060213 -9999 -9999 -9999 0.0
C0G660 2002060214 -9999 -9999 -9999 0.0
C0G660 2002060215 -9999 -9999 -9999 0.0
C0G660 2002060216 -9999 -9999 -9999 0.0
C0G660 2002060217 -9999 -9999 -9999 0.0
C0G660 2002060218 -9999 -9999 -9999 0.0
C0G660 2002060219 -9999 -9999 -9999 0.0
C0G660 2002060220 -9999 -9999 -9999 0.0
C0G660 2002060221 -9999 -9999 -9999 0.0
C0G660 2002060222 -9999 -9999 -9999 0.0
C0G660 2002060223 -9999 -9999 -9999 0.0
C0G660 2002060224 -9999 -9999 -9999 0.0
C0G660 2002060301 -9999 -9999 -9999 0.0
C0G660 2002060302 -9999 -9999 -9999 0.0
C0G660 2002060303 -9999 -9999 -9999 0.0
C0G660 2002060304 -9999 -9999 -9999 0.0
C0G660 2002060305 -9999 -9999 -9999 0.0
C0G660 2002060306 -9999 -9999 -9999 0.0
C0G660 2002060307 -9999 -9999 -9999 0.0
C0G660 2002060308 -9999 -9999 -9999 0.0
C0G660 2002060309 -9999 -9999 -9999 0.0
C0G660 2002060310 -9999 -9999 -9999 0.0
C0G660 2002060311 -9999 -9999 -9999 0.0
C0G660 2002060312 -9999 -9999 -9999 0.0
C0G660 2002060313 -9999 -9999 -9999 0.0
C0G660 2002060314 -9999 -9999 -9999 0.0
C0G660 2002060315 -9999 -9999 -9999 0.0
C0G660 2002060316 -9999 -9999 -9999 0.0
C0G660 2002060317 -9999 -9999 -9999 0.0
C0G660 2002060318 -9999 -9999 -9999 0.0
C0G660 2002060319 -9999 -9999 -9999 0.0
C0G660 2002060320 -9999 -9999 -9999 0.0
C0G660 2002060321 -9999 -9999 -9999 0.0
C0G660 2002060322 -9999 -9999 -9999 0.0
C0G660 2002060323 -9999 -9999 -9999 0.0
C0G660 2002060324 -9999 -9999 -9999 0.0
C0G660 2002060401 -9999 -9999 -9999 0.0
C0G660 2002060402 -9999 -9999 -9999 0.0
C0G660 2002060403 -9999 -9999 -9999 0.0
C0G660 2002060404 -9999 -9999 -9999 0.0
C0G660 2002060405 -9999 -9999 -9999 0.0
C0G660 2002060406 -9999 -9999 -9999 0.0
C0G660 2002060407 -9999 -9999 -9999 0.0
C0G660 2002060408 -9999 -9999 -9999 0.0
C0G660 2002060409 -9999 -9999 -9999 0.0
C0G660 2002060410 -9999 -9999 -9999 0.0
C0G660 2002060411 -9999 -9999 -9999 0.0
C0G660 2002060412 -9999 -9999 -9999 0.0
C0G660 2002060413 -9999 -9999 -9999 0.0
C0G660 2002060414 -9999 -9999 -9999 0.0
C0G660 2002060415 -9999 -9999 -9999 0.0
C0G660 2002060416 -9999 -9999 -9999 0.0
C0G660 2002060417 -9999 -9999 -9999 0.0
C0G660 2002060418 -9999 -9999 -9999 0.0
C0G660 2002060419 -9999 -9999 -9999 0.0
C0G660 2002060420 -9999 -9999 -9999 0.0
C0G660 2002060421 -9999 -9999 -9999 0.0
C0G660 2002060422 -9999 -9999 -9999 0.0
C0G660 2002060423 -9999 -9999 -9999 0.0
C0G660 2002060424 -9999 -9999 -9999 0.0
C0G660 2002060501 -9999 -9999 -9999 0.0
C0G660 2002060502 -9999 -9999 -9999 0.0
C0G660 2002060503 -9999 -9999 -9999 0.0
C0G660 2002060504 -9999 -9999 -9999 0.0
C0G660 2002060505 -9999 -9999 -9999 0.0
C0G660 2002060506 -9999 -9999 -9999 0.0
C0G660 2002060507 -9999 -9999 -9999 0.0
C0G660 2002060508 -9999 -9999 -9999 0.0
C0G660 2002060509 -9999 -9999 -9999 0.0
C0G660 2002060510 -9999 -9999 -9999 0.0
C0G660 2002060511 -9999 -9999 -9999 0.0
C0G660 2002060512 -9999 -9999 -9999 0.0
C0G660 2002060513 -9999 -9999 -9999 0.0
C0G660 2002060514 -9999 -9999 -9999 0.0
C0G660 2002060515 -9999 -9999 -9999 0.0
C0G660 2002060516 -9999 -9999 -9999 0.0
C0G660 2002060517 -9999 -9999 -9999 0.0
C0G660 2002060518 -9999 -9999 -9999 0.0
C0G660 2002060519 -9999 -9999 -9999 0.0
C0G660 2002060520 -9999 -9999 -9999 0.0
C0G660 2002060521 -9999 -9999 -9999 0.0
C0G660 2002060522 -9999 -9999 -9999 0.0
C0G660 2002060523 -9999 -9999 -9999 0.0
C0G660 2002060524 -9999 -9999 -9999 0.0
C0G660 2002060601 -9999 -9999 -9999 0.0
C0G660 2002060602 -9999 -9999 -9999 0.0
C0G660 2002060603 -9999 -9999 -9999 0.0
C0G660 2002060604 -9999 -9999 -9999 0.0
C0G660 2002060605 -9999 -9999 -9999 0.0
C0G660 2002060606 -9999 -9999 -9999 0.0
C0G660 2002060607 -9999 -9999 -9999 0.0
C0G660 2002060608 -9999 -9999 -9999 0.0
C0G660 2002060609 -9999 -9999 -9999 0.0
C0G660 2002060610 -9999 -9999 -9999 0.0
C0G660 2002060611 -9999 -9999 -9999 0.0
C0G660 2002060612 -9999 -9999 -9999 0.0
C0G660 2002060613 -9999 -9999 -9999 0.0
C0G660 2002060614 -9999 -9999 -9999 0.0
C0G660 2002060615 -9999 -9999 -9999 0.0
C0G660 2002060616 -9999 -9999 -9999 0.0
C0G660 2002060617 -9999 -9999 -9999 7.5
C0G660 2002060618 -9999 -9999 -9999 8.5
C0G660 2002060619 -9999 -9999 -9999 4.5
C0G660 2002060620 -9999 -9999 -9999 0.0
C0G660 2002060621 -9999 -9999 -9999 0.0
C0G660 2002060622 -9999 -9999 -9999 0.0
C0G660 2002060623 -9999 -9999 -9999 0.0
C0G660 2002060624 -9999 -9999 -9999 0.0
C0G660 2002060701 -9999 -9999 -9999 0.0
C0G660 2002060702 -9999 -9999 -9999 0.0
C0G660 2002060703 -9999 -9999 -9999 0.0
C0G660 2002060704 -9999 -9999 -9999 0.0
C0G660 2002060705 -9999 -9999 -9999 0.0
C0G660 2002060706 -9999 -9999 -9999 0.0
C0G660 2002060707 -9999 -9999 -9999 0.0
C0G660 2002060708 -9999 -9999 -9999 0.0
C0G660 2002060709 -9999 -9999 -9999 0.0
C0G660 2002060710 -9999 -9999 -9999 0.0
C0G660 2002060711 -9999 -9999 -9999 0.0
C0G660 2002060712 -9999 -9999 -9999 0.0
C0G660 2002060713 -9999 -9999 -9999 0.0
C0G660 2002060714 -9999 -9999 -9999 0.0
C0G660 2002060715 -9999 -9999 -9999 0.0
C0G660 2002060716 -9999 -9999 -9999 0.0
C0G660 2002060717 -9999 -9999 -9999 0.0
C0G660 2002060718 -9999 -9999 -9999 0.0
C0G660 2002060719 -9999 -9999 -9999 0.0
C0G660 2002060720 -9999 -9999 -9999 0.0
C0G660 2002060721 -9999 -9999 -9999 0.0
C0G660 2002060722 -9999 -9999 -9999 0.0
C0G660 2002060723 -9999 -9999 -9999 0.0
C0G660 2002060724 -9999 -9999 -9999 0.0
C0G660 2002060801 -9999 -9999 -9999 0.0
C0G660 2002060802 -9999 -9999 -9999 0.0
C0G660 2002060803 -9999 -9999 -9999 0.0
C0G660 2002060804 -9999 -9999 -9999 0.0
C0G660 2002060805 -9999 -9999 -9999 0.0
C0G660 2002060806 -9999 -9999 -9999 0.0
C0G660 2002060807 -9999 -9999 -9999 0.0
C0G660 2002060808 -9999 -9999 -9999 0.0
C0G660 2002060809 -9999 -9999 -9999 0.0
C0G660 2002060810 -9999 -9999 -9999 0.0
C0G660 2002060811 -9999 -9999 -9999 0.0
C0G660 2002060812 -9999 -9999 -9999 0.0
C0G660 2002060813 -9999 -9999 -9999 0.0
C0G660 2002060814 -9999 -9999 -9999 0.0
C0G660 2002060815 -9999 -9999 -9999 0.0
C0G660 2002060816 -9999 -9999 -9999 0.0
C0G660 2002060817 -9999 -9999 -9999 0.0
C0G660 2002060818 -9999 -9999 -9999 0.0
C0G660 2002060819 -9999 -9999 -9999 0.0
C0G660 2002060820 -9999 -9999 -9999 0.0
C0G660 2002060821 -9999 -9999 -9999 0.0
C0G660 2002060822 -9999 -9999 -9999 0.0
C0G660 2002060823 -9999 -9999 -9999 0.0
C0G660 2002060824 -9999 -9999 -9999 0.0
C0G660 2002060901 -9999 -9999 -9999 0.0
C0G660 2002060902 -9999 -9999 -9999 0.0
C0G660 2002060903 -9999 -9999 -9999 0.0
C0G660 2002060904 -9999 -9999 -9999 0.0
C0G660 2002060905 -9999 -9999 -9999 0.0
C0G660 2002060906 -9999 -9999 -9999 0.0
C0G660 2002060907 -9999 -9999 -9999 0.0
C0G660 2002060908 -9999 -9999 -9999 0.0
C0G660 2002060909 -9999 -9999 -9999 0.0
C0G660 2002060910 -9999 -9999 -9999 0.0
C0G660 2002060911 -9999 -9999 -9999 0.0
C0G660 2002060912 -9999 -9999 -9999 0.0
C0G660 2002060913 -9999 -9999 -9999 0.0
C0G660 2002060914 -9999 -9999 -9999 0.0
C0G660 2002060915 -9999 -9999 -9999 0.0
C0G660 2002060916 -9999 -9999 -9999 0.0
C0G660 2002060917 -9999 -9999 -9999 0.5
C0G660 2002060918 -9999 -9999 -9999 0.0
C0G660 2002060919 -9999 -9999 -9999 9.5
C0G660 2002060920 -9999 -9999 -9999 8.5
C0G660 2002060921 -9999 -9999 -9999 1.5
C0G660 2002060922 -9999 -9999 -9999 0.0
C0G660 2002060923 -9999 -9999 -9999 0.0
C0G660 2002060924 -9999 -9999 -9999 0.0
C0G660 2002061001 -9999 -9999 -9999 0.0
C0G660 2002061002 -9999 -9999 -9999 0.0
C0G660 2002061003 -9999 -9999 -9999 0.0
C0G660 2002061004 -9999 -9999 -9999 0.0
C0G660 2002061005 -9999 -9999 -9999 0.0
C0G660 2002061006 -9999 -9999 -9999 0.0
C0G660 2002061007 -9999 -9999 -9999 0.0
C0G660 2002061008 -9999 -9999 -9999 0.0
C0G660 2002061009 -9999 -9999 -9999 0.0
C0G660 2002061010 -9999 -9999 -9999 -9996
C0G660 2002061011 -9999 -9999 -9999 0.5
C0G660 2002061012 -9999 -9999 -9999 0.0
C0G660 2002061013 -9999 -9999 -9999 0.0
C0G660 2002061014 -9999 -9999 -9999 0.0
C0G660 2002061015 -9999 -9999 -9999 0.0
C0G660 2002061016 -9999 -9999 -9999 0.0
C0G660 2002061017 -9999 -9999 -9999 0.0
C0G660 2002061018 -9999 -9999 -9999 0.0
C0G660 2002061019 -9999 -9999 -9999 0.0
C0G660 2002061020 -9999 -9999 -9999 0.0
C0G660 2002061021 -9999 -9999 -9999 0.0
C0G660 2002061022 -9999 -9999 -9999 0.0
C0G660 2002061023 -9999 -9999 -9999 0.0
C0G660 2002061024 -9999 -9999 -9999 0.0
C0G660 2002061101 -9999 -9999 -9999 0.0
C0G660 2002061102 -9999 -9999 -9999 0.0
C0G660 2002061103 -9999 -9999 -9999 0.0
C0G660 2002061104 -9999 -9999 -9999 0.0
C0G660 2002061105 -9999 -9999 -9999 0.0
C0G660 2002061106 -9999 -9999 -9999 0.0
C0G660 2002061107 -9999 -9999 -9999 0.0
C0G660 2002061108 -9999 -9999 -9999 0.0
C0G660 2002061109 -9999 -9999 -9999 0.0
C0G660 2002061110 -9999 -9999 -9999 0.0
C0G660 2002061111 -9999 -9999 -9999 0.0
C0G660 2002061112 -9999 -9999 -9999 0.0
C0G660 2002061113 -9999 -9999 -9999 0.0
C0G660 2002061114 -9999 -9999 -9999 0.0
C0G660 2002061115 -9999 -9999 -9999 0.0
C0G660 2002061116 -9999 -9999 -9999 0.0
C0G660 2002061117 -9999 -9999 -9999 0.0
C0G660 2002061118 -9999 -9999 -9999 0.0
C0G660 2002061119 -9999 -9999 -9999 0.0
C0G660 2002061120 -9999 -9999 -9999 0.0
C0G660 2002061121 -9999 -9999 -9999 6.0
C0G660 2002061122 -9999 -9999 -9999 7.0
C0G660 2002061123 -9999 -9999 -9999 2.5
C0G660 2002061124 -9999 -9999 -9999 10.0
C0G660 2002061201 -9999 -9999 -9999 8.5
C0G660 2002061202 -9999 -9999 -9999 0.0
C0G660 2002061203 -9999 -9999 -9999 0.0
C0G660 2002061204 -9999 -9999 -9999 0.0
C0G660 2002061205 -9999 -9999 -9999 0.0
C0G660 2002061206 -9999 -9999 -9999 0.0
C0G660 2002061207 -9999 -9999 -9999 0.0
C0G660 2002061208 -9999 -9999 -9999 0.0
C0G660 2002061209 -9999 -9999 -9999 0.0
C0G660 2002061210 -9999 -9999 -9999 0.0
C0G660 2002061211 -9999 -9999 -9999 0.0
C0G660 2002061212 -9999 -9999 -9999 0.0
C0G660 2002061213 -9999 -9999 -9999 0.0
C0G660 2002061214 -9999 -9999 -9999 0.0
C0G660 2002061215 -9999 -9999 -9999 0.0
C0G660 2002061216 -9999 -9999 -9999 0.0
C0G660 2002061217 -9999 -9999 -9999 0.0
C0G660 2002061218 -9999 -9999 -9999 0.0
C0G660 2002061219 -9999 -9999 -9999 0.0
C0G660 2002061220 -9999 -9999 -9999 0.0
C0G660 2002061221 -9999 -9999 -9999 0.0
C0G660 2002061222 -9999 -9999 -9999 0.0
C0G660 2002061223 -9999 -9999 -9999 0.0
C0G660 2002061224 -9999 -9999 -9999 0.0
C0G660 2002061301 -9999 -9999 -9999 0.0
C0G660 2002061302 -9999 -9999 -9999 0.0
C0G660 2002061303 -9999 -9999 -9999 0.0
C0G660 2002061304 -9999 -9999 -9999 0.0
C0G660 2002061305 -9999 -9999 -9999 0.0
C0G660 2002061306 -9999 -9999 -9999 0.0
C0G660 2002061307 -9999 -9999 -9999 0.0
C0G660 2002061308 -9999 -9999 -9999 0.0
C0G660 2002061309 -9999 -9999 -9999 0.5
C0G660 2002061310 -9999 -9999 -9999 0.0
C0G660 2002061311 -9999 -9999 -9999 0.0
C0G660 2002061312 -9999 -9999 -9999 0.0
C0G660 2002061313 -9999 -9999 -9999 0.0
C0G660 2002061314 -9999 -9999 -9999 0.0
C0G660 2002061315 -9999 -9999 -9999 0.0
C0G660 2002061316 -9999 -9999 -9999 0.0
C0G660 2002061317 -9999 -9999 -9999 0.0
C0G660 2002061318 -9999 -9999 -9999 0.0
C0G660 2002061319 -9999 -9999 -9999 0.0
C0G660 2002061320 -9999 -9999 -9999 0.0
C0G660 2002061321 -9999 -9999 -9999 0.0
C0G660 2002061322 -9999 -9999 -9999 0.0
C0G660 2002061323 -9999 -9999 -9999 0.0
C0G660 2002061324 -9999 -9999 -9999 0.0
C0G660 2002061401 -9999 -9999 -9999 0.0
C0G660 2002061402 -9999 -9999 -9999 0.0
C0G660 2002061403 -9999 -9999 -9999 0.0
C0G660 2002061404 -9999 -9999 -9999 0.0
C0G660 2002061405 -9999 -9999 -9999 0.0
C0G660 2002061406 -9999 -9999 -9999 0.0
C0G660 2002061407 -9999 -9999 -9999 0.0
C0G660 2002061408 -9999 -9999 -9999 0.0
C0G660 2002061409 -9999 -9999 -9999 0.0
C0G660 2002061410 -9999 -9999 -9999 0.0
C0G660 2002061411 -9999 -9999 -9999 0.0
C0G660 2002061412 -9999 -9999 -9999 0.0
C0G660 2002061413 -9999 -9999 -9999 0.0
C0G660 2002061414 -9999 -9999 -9999 0.0
C0G660 2002061415 -9999 -9999 -9999 0.0
C0G660 2002061416 -9999 -9999 -9999 0.0
C0G660 2002061417 -9999 -9999 -9999 0.0
C0G660 2002061418 -9999 -9999 -9999 0.0
C0G660 2002061419 -9999 -9999 -9999 0.0
C0G660 2002061420 -9999 -9999 -9999 0.0
C0G660 2002061421 -9999 -9999 -9999 0.0
C0G660 2002061422 -9999 -9999 -9999 0.0
C0G660 2002061423 -9999 -9999 -9999 0.0
C0G660 2002061424 -9999 -9999 -9999 0.0
C0G660 2002061501 -9999 -9999 -9999 0.0
C0G660 2002061502 -9999 -9999 -9999 0.0
C0G660 2002061503 -9999 -9999 -9999 0.0
C0G660 2002061504 -9999 -9999 -9999 0.0
C0G660 2002061505 -9999 -9999 -9999 0.0
C0G660 2002061506 -9999 -9999 -9999 0.0
C0G660 2002061507 -9999 -9999 -9999 0.0
C0G660 2002061508 -9999 -9999 -9999 0.0
C0G660 2002061509 -9999 -9999 -9999 0.0
C0G660 2002061510 -9999 -9999 -9999 0.0
C0G660 2002061511 -9999 -9999 -9999 0.0
C0G660 2002061512 -9999 -9999 -9999 0.0
C0G660 2002061513 -9999 -9999 -9999 0.0
C0G660 2002061514 -9999 -9999 -9999 0.0
C0G660 2002061515 -9999 -9999 -9999 0.0
C0G660 2002061516 -9999 -9999 -9999 0.0
C0G660 2002061517 -9999 -9999 -9999 0.0
C0G660 2002061518 -9999 -9999 -9999 0.0
C0G660 2002061519 -9999 -9999 -9999 0.0
C0G660 2002061520 -9999 -9999 -9999 0.0
C0G660 2002061521 -9999 -9999 -9999 0.0
C0G660 2002061522 -9999 -9999 -9999 0.0
C0G660 2002061523 -9999 -9999 -9999 0.0
C0G660 2002061524 -9999 -9999 -9999 0.0
C0G660 2002061601 -9999 -9999 -9999 0.0
C0G660 2002061602 -9999 -9999 -9999 0.0
C0G660 2002061603 -9999 -9999 -9999 0.0
C0G660 2002061604 -9999 -9999 -9999 0.0
C0G660 2002061605 -9999 -9999 -9999 0.0
C0G660 2002061606 -9999 -9999 -9999 0.0
C0G660 2002061607 -9999 -9999 -9999 0.0
C0G660 2002061608 -9999 -9999 -9999 0.0
C0G660 2002061609 -9999 -9999 -9999 0.0
C0G660 2002061610 -9999 -9999 -9999 0.0
C0G660 2002061611 -9999 -9999 -9999 0.0
C0G660 2002061612 -9999 -9999 -9999 0.0
C0G660 2002061613 -9999 -9999 -9999 0.0
C0G660 2002061614 -9999 -9999 -9999 0.0
C0G660 2002061615 -9999 -9999 -9999 0.0
C0G660 2002061616 -9999 -9999 -9999 0.0
C0G660 2002061617 -9999 -9999 -9999 0.0
C0G660 2002061618 -9999 -9999 -9999 0.0
C0G660 2002061619 -9999 -9999 -9999 0.0
C0G660 2002061620 -9999 -9999 -9999 0.0
C0G660 2002061621 -9999 -9999 -9999 0.0
C0G660 2002061622 -9999 -9999 -9999 0.0
C0G660 2002061623 -9999 -9999 -9999 0.0
C0G660 2002061624 -9999 -9999 -9999 0.0
C0G660 2002061701 -9999 -9999 -9999 0.0
C0G660 2002061702 -9999 -9999 -9999 0.0
C0G660 2002061703 -9999 -9999 -9999 0.0
C0G660 2002061704 -9999 -9999 -9999 0.0
C0G660 2002061705 -9999 -9999 -9999 0.0
C0G660 2002061706 -9999 -9999 -9999 0.0
C0G660 2002061707 -9999 -9999 -9999 0.0
C0G660 2002061708 -9999 -9999 -9999 0.0
C0G660 2002061709 -9999 -9999 -9999 0.0
C0G660 2002061710 -9999 -9999 -9999 0.0
C0G660 2002061711 -9999 -9999 -9999 0.0
C0G660 2002061712 -9999 -9999 -9999 0.0
C0G660 2002061713 -9999 -9999 -9999 0.0
C0G660 2002061714 -9999 -9999 -9999 0.0
C0G660 2002061715 -9999 -9999 -9999 0.0
C0G660 2002061716 -9999 -9999 -9999 0.0
C0G660 2002061717 -9999 -9999 -9999 0.0
C0G660 2002061718 -9999 -9999 -9999 0.0
C0G660 2002061719 -9999 -9999 -9999 0.0
C0G660 2002061720 -9999 -9999 -9999 0.0
C0G660 2002061721 -9999 -9999 -9999 0.0
C0G660 2002061722 -9999 -9999 -9999 0.0
C0G660 2002061723 -9999 -9999 -9999 0.0
C0G660 2002061724 -9999 -9999 -9999 0.0
C0G660 2002061801 -9999 -9999 -9999 0.0
C0G660 2002061802 -9999 -9999 -9999 0.0
C0G660 2002061803 -9999 -9999 -9999 0.0
C0G660 2002061804 -9999 -9999 -9999 0.0
C0G660 2002061805 -9999 -9999 -9999 0.0
C0G660 2002061806 -9999 -9999 -9999 0.0
C0G660 2002061807 -9999 -9999 -9999 0.0
C0G660 2002061808 -9999 -9999 -9999 0.0
C0G660 2002061809 -9999 -9999 -9999 0.0
C0G660 2002061810 -9999 -9999 -9999 0.0
C0G660 2002061811 -9999 -9999 -9999 0.0
C0G660 2002061812 -9999 -9999 -9999 0.0
C0G660 2002061813 -9999 -9999 -9999 0.0
C0G660 2002061814 -9999 -9999 -9999 0.0
C0G660 2002061815 -9999 -9999 -9999 0.0
C0G660 2002061816 -9999 -9999 -9999 0.0
C0G660 2002061817 -9999 -9999 -9999 0.0
C0G660 2002061818 -9999 -9999 -9999 0.0
C0G660 2002061819 -9999 -9999 -9999 0.0
C0G660 2002061820 -9999 -9999 -9999 0.0
C0G660 2002061821 -9999 -9999 -9999 0.0
C0G660 2002061822 -9999 -9999 -9999 0.0
C0G660 2002061823 -9999 -9999 -9999 0.0
C0G660 2002061824 -9999 -9999 -9999 0.0
C0G660 2002061901 -9999 -9999 -9999 0.0
C0G660 2002061902 -9999 -9999 -9999 0.0
C0G660 2002061903 -9999 -9999 -9999 0.0
C0G660 2002061904 -9999 -9999 -9999 0.0
C0G660 2002061905 -9999 -9999 -9999 0.0
C0G660 2002061906 -9999 -9999 -9999 0.0
C0G660 2002061907 -9999 -9999 -9999 0.0
C0G660 2002061908 -9999 -9999 -9999 0.0
C0G660 2002061909 -9999 -9999 -9999 0.0
C0G660 2002061910 -9999 -9999 -9999 0.0
C0G660 2002061911 -9999 -9999 -9999 0.0
C0G660 2002061912 -9999 -9999 -9999 0.0
C0G660 2002061913 -9999 -9999 -9999 0.0
C0G660 2002061914 -9999 -9999 -9999 0.0
C0G660 2002061915 -9999 -9999 -9999 0.0
C0G660 2002061916 -9999 -9999 -9999 0.0
C0G660 2002061917 -9999 -9999 -9999 0.0
C0G660 2002061918 -9999 -9999 -9999 0.0
C0G660 2002061919 -9999 -9999 -9999 0.0
C0G660 2002061920 -9999 -9999 -9999 0.0
C0G660 2002061921 -9999 -9999 -9999 0.0
C0G660 2002061922 -9999 -9999 -9999 0.0
C0G660 2002061923 -9999 -9999 -9999 0.0
C0G660 2002061924 -9999 -9999 -9999 0.0
C0G660 2002062001 -9999 -9999 -9999 0.0
C0G660 2002062002 -9999 -9999 -9999 0.0
C0G660 2002062003 -9999 -9999 -9999 0.0
C0G660 2002062004 -9999 -9999 -9999 0.0
C0G660 2002062005 -9999 -9999 -9999 0.0
C0G660 2002062006 -9999 -9999 -9999 0.0
C0G660 2002062007 -9999 -9999 -9999 0.0
C0G660 2002062008 -9999 -9999 -9999 0.0
C0G660 2002062009 -9999 -9999 -9999 0.0
C0G660 2002062010 -9999 -9999 -9999 0.0
C0G660 2002062011 -9999 -9999 -9999 0.0
C0G660 2002062012 -9999 -9999 -9999 0.0
C0G660 2002062013 -9999 -9999 -9999 0.0
C0G660 2002062014 -9999 -9999 -9999 0.0
C0G660 2002062015 -9999 -9999 -9999 0.0
C0G660 2002062016 -9999 -9999 -9999 0.0
C0G660 2002062017 -9999 -9999 -9999 0.0
C0G660 2002062018 -9999 -9999 -9999 0.0
C0G660 2002062019 -9999 -9999 -9999 0.0
C0G660 2002062020 -9999 -9999 -9999 0.0
C0G660 2002062021 -9999 -9999 -9999 0.0
C0G660 2002062022 -9999 -9999 -9999 0.0
C0G660 2002062023 -9999 -9999 -9999 0.0
C0G660 2002062024 -9999 -9999 -9999 0.0
C0G660 2002062101 -9999 -9999 -9999 0.0
C0G660 2002062102 -9999 -9999 -9999 0.0
C0G660 2002062103 -9999 -9999 -9999 0.0
C0G660 2002062104 -9999 -9999 -9999 0.0
C0G660 2002062105 -9999 -9999 -9999 0.0
C0G660 2002062106 -9999 -9999 -9999 0.0
C0G660 2002062107 -9999 -9999 -9999 0.0
C0G660 2002062108 -9999 -9999 -9999 0.0
C0G660 2002062109 -9999 -9999 -9999 0.0
C0G660 2002062110 -9999 -9999 -9999 0.0
C0G660 2002062111 -9999 -9999 -9999 0.0
C0G660 2002062112 -9999 -9999 -9999 0.0
C0G660 2002062113 -9999 -9999 -9999 0.0
C0G660 2002062114 -9999 -9999 -9999 0.0
C0G660 2002062115 -9999 -9999 -9999 0.0
C0G660 2002062116 -9999 -9999 -9999 0.0
C0G660 2002062117 -9999 -9999 -9999 0.0
C0G660 2002062118 -9999 -9999 -9999 0.0
C0G660 2002062119 -9999 -9999 -9999 0.0
C0G660 2002062120 -9999 -9999 -9999 0.0
C0G660 2002062121 -9999 -9999 -9999 0.0
C0G660 2002062122 -9999 -9999 -9999 0.0
C0G660 2002062123 -9999 -9999 -9999 0.0
C0G660 2002062124 -9999 -9999 -9999 0.0
C0G660 2002062201 -9999 -9999 -9999 0.0
C0G660 2002062202 -9999 -9999 -9999 0.0
C0G660 2002062203 -9999 -9999 -9999 0.0
C0G660 2002062204 -9999 -9999 -9999 0.0
C0G660 2002062205 -9999 -9999 -9999 0.0
C0G660 2002062206 -9999 -9999 -9999 0.0
C0G660 2002062207 -9999 -9999 -9999 0.0
C0G660 2002062208 -9999 -9999 -9999 0.0
C0G660 2002062209 -9999 -9999 -9999 0.0
C0G660 2002062210 -9999 -9999 -9999 0.0
C0G660 2002062211 -9999 -9999 -9999 0.0
C0G660 2002062212 -9999 -9999 -9999 0.0
C0G660 2002062213 -9999 -9999 -9999 0.0
C0G660 2002062214 -9999 -9999 -9999 0.0
C0G660 2002062215 -9999 -9999 -9999 0.0
C0G660 2002062216 -9999 -9999 -9999 0.0
C0G660 2002062217 -9999 -9999 -9999 0.0
C0G660 2002062218 -9999 -9999 -9999 0.0
C0G660 2002062219 -9999 -9999 -9999 0.0
C0G660 2002062220 -9999 -9999 -9999 0.0
C0G660 2002062221 -9999 -9999 -9999 0.0
C0G660 2002062222 -9999 -9999 -9999 0.0
C0G660 2002062223 -9999 -9999 -9999 0.0
C0G660 2002062224 -9999 -9999 -9999 0.0
C0G660 2002062301 -9999 -9999 -9999 0.0
C0G660 2002062302 -9999 -9999 -9999 0.0
C0G660 2002062303 -9999 -9999 -9999 0.0
C0G660 2002062304 -9999 -9999 -9999 0.0
C0G660 2002062305 -9999 -9999 -9999 0.0
C0G660 2002062306 -9999 -9999 -9999 0.0
C0G660 2002062307 -9999 -9999 -9999 0.0
C0G660 2002062308 -9999 -9999 -9999 0.0
C0G660 2002062309 -9999 -9999 -9999 0.0
C0G660 2002062310 -9999 -9999 -9999 0.0
C0G660 2002062311 -9999 -9999 -9999 0.0
C0G660 2002062312 -9999 -9999 -9999 0.0
C0G660 2002062313 -9999 -9999 -9999 0.0
C0G660 2002062314 -9999 -9999 -9999 0.0
C0G660 2002062315 -9999 -9999 -9999 0.0
C0G660 2002062316 -9999 -9999 -9999 0.0
C0G660 2002062317 -9999 -9999 -9999 0.0
C0G660 2002062318 -9999 -9999 -9999 0.0
C0G660 2002062319 -9999 -9999 -9999 0.0
C0G660 2002062320 -9999 -9999 -9999 0.0
C0G660 2002062321 -9999 -9999 -9999 0.0
C0G660 2002062322 -9999 -9999 -9999 0.0
C0G660 2002062323 -9999 -9999 -9999 0.0
C0G660 2002062324 -9999 -9999 -9999 0.0
C0G660 2002062401 -9999 -9999 -9999 0.0
C0G660 2002062402 -9999 -9999 -9999 0.0
C0G660 2002062403 -9999 -9999 -9999 0.0
C0G660 2002062404 -9999 -9999 -9999 0.0
C0G660 2002062405 -9999 -9999 -9999 0.0
C0G660 2002062406 -9999 -9999 -9999 0.0
C0G660 2002062407 -9999 -9999 -9999 0.0
C0G660 2002062408 -9999 -9999 -9999 0.0
C0G660 2002062409 -9999 -9999 -9999 0.0
C0G660 2002062410 -9999 -9999 -9999 0.0
C0G660 2002062411 -9999 -9999 -9999 0.0
C0G660 2002062412 -9999 -9999 -9999 0.0
C0G660 2002062413 -9999 -9999 -9999 0.0
C0G660 2002062414 -9999 -9999 -9999 0.0
C0G660 2002062415 -9999 -9999 -9999 0.0
C0G660 2002062416 -9999 -9999 -9999 0.0
C0G660 2002062417 -9999 -9999 -9999 0.0
C0G660 2002062418 -9999 -9999 -9999 0.0
C0G660 2002062419 -9999 -9999 -9999 0.0
C0G660 2002062420 -9999 -9999 -9999 0.0
C0G660 2002062421 -9999 -9999 -9999 0.0
C0G660 2002062422 -9999 -9999 -9999 0.0
C0G660 2002062423 -9999 -9999 -9999 0.0
C0G660 2002062424 -9999 -9999 -9999 0.0
C0G660 2002062501 -9999 -9999 -9999 0.0
C0G660 2002062502 -9999 -9999 -9999 0.0
C0G660 2002062503 -9999 -9999 -9999 0.0
C0G660 2002062504 -9999 -9999 -9999 0.0
C0G660 2002062505 -9999 -9999 -9999 0.0
C0G660 2002062506 -9999 -9999 -9999 0.0
C0G660 2002062507 -9999 -9999 -9999 0.0
C0G660 2002062508 -9999 -9999 -9999 0.0
C0G660 2002062509 -9999 -9999 -9999 0.0
C0G660 2002062510 -9999 -9999 -9999 0.0
C0G660 2002062511 -9999 -9999 -9999 0.0
C0G660 2002062512 -9999 -9999 -9999 0.0
C0G660 2002062513 -9999 -9999 -9999 0.0
C0G660 2002062514 -9999 -9999 -9999 0.0
C0G660 2002062515 -9999 -9999 -9999 0.0
C0G660 2002062516 -9999 -9999 -9999 0.0
C0G660 2002062517 -9999 -9999 -9999 0.0
C0G660 2002062518 -9999 -9999 -9999 0.0
C0G660 2002062519 -9999 -9999 -9999 0.0
C0G660 2002062520 -9999 -9999 -9999 0.0
C0G660 2002062521 -9999 -9999 -9999 0.0
C0G660 2002062522 -9999 -9999 -9999 0.0
C0G660 2002062523 -9999 -9999 -9999 0.0
C0G660 2002062524 -9999 -9999 -9999 0.0
C0G660 2002062601 -9999 -9999 -9999 0.0
C0G660 2002062602 -9999 -9999 -9999 0.0
C0G660 2002062603 -9999 -9999 -9999 0.0
C0G660 2002062604 -9999 -9999 -9999 0.0
C0G660 2002062605 -9999 -9999 -9999 0.0
C0G660 2002062606 -9999 -9999 -9999 0.0
C0G660 2002062607 -9999 -9999 -9999 0.0
C0G660 2002062608 -9999 -9999 -9999 0.0
C0G660 2002062609 -9999 -9999 -9999 0.0
C0G660 2002062610 -9999 -9999 -9999 0.0
C0G660 2002062611 -9999 -9999 -9999 0.0
C0G660 2002062612 -9999 -9999 -9999 0.0
C0G660 2002062613 -9999 -9999 -9999 0.0
C0G660 2002062614 -9999 -9999 -9999 0.0
C0G660 2002062615 -9999 -9999 -9999 0.0
C0G660 2002062616 -9999 -9999 -9999 0.0
C0G660 2002062617 -9999 -9999 -9999 0.0
C0G660 2002062618 -9999 -9999 -9999 0.0
C0G660 2002062619 -9999 -9999 -9999 0.0
C0G660 2002062620 -9999 -9999 -9999 0.0
C0G660 2002062621 -9999 -9999 -9999 0.0
C0G660 2002062622 -9999 -9999 -9999 0.0
C0G660 2002062623 -9999 -9999 -9999 0.0
C0G660 2002062624 -9999 -9999 -9999 0.0
C0G660 2002062701 -9999 -9999 -9999 0.0
C0G660 2002062702 -9999 -9999 -9999 0.0
C0G660 2002062703 -9999 -9999 -9999 0.0
C0G660 2002062704 -9999 -9999 -9999 0.0
C0G660 2002062705 -9999 -9999 -9999 0.0
C0G660 2002062706 -9999 -9999 -9999 0.0
C0G660 2002062707 -9999 -9999 -9999 0.0
C0G660 2002062708 -9999 -9999 -9999 0.0
C0G660 2002062709 -9999 -9999 -9999 0.0
C0G660 2002062710 -9999 -9999 -9999 0.0
C0G660 2002062711 -9999 -9999 -9999 0.0
C0G660 2002062712 -9999 -9999 -9999 0.0
C0G660 2002062713 -9999 -9999 -9999 0.0
C0G660 2002062714 -9999 -9999 -9999 0.0
C0G660 2002062715 -9999 -9999 -9999 0.0
C0G660 2002062716 -9999 -9999 -9999 0.0
C0G660 2002062717 -9999 -9999 -9999 0.0
C0G660 2002062718 -9999 -9999 -9999 0.0
C0G660 2002062719 -9999 -9999 -9999 0.0
C0G660 2002062720 -9999 -9999 -9999 0.0
C0G660 2002062721 -9999 -9999 -9999 0.0
C0G660 2002062722 -9999 -9999 -9999 0.0
C0G660 2002062723 -9999 -9999 -9999 0.0
C0G660 2002062724 -9999 -9999 -9999 0.0
C0G660 2002062801 -9999 -9999 -9999 0.0
C0G660 2002062802 -9999 -9999 -9999 0.0
C0G660 2002062803 -9999 -9999 -9999 0.0
C0G660 2002062804 -9999 -9999 -9999 0.0
C0G660 2002062805 -9999 -9999 -9999 0.0
C0G660 2002062806 -9999 -9999 -9999 0.0
C0G660 2002062807 -9999 -9999 -9999 0.0
C0G660 2002062808 -9999 -9999 -9999 0.0
C0G660 2002062809 -9999 -9999 -9999 0.0
C0G660 2002062810 -9999 -9999 -9999 0.0
C0G660 2002062811 -9999 -9999 -9999 0.0
C0G660 2002062812 -9999 -9999 -9999 0.0
C0G660 2002062813 -9999 -9999 -9999 0.0
C0G660 2002062814 -9999 -9999 -9999 0.0
C0G660 2002062815 -9999 -9999 -9999 0.0
C0G660 2002062816 -9999 -9999 -9999 0.0
C0G660 2002062817 -9999 -9999 -9999 0.0
C0G660 2002062818 -9999 -9999 -9999 0.0
C0G660 2002062819 -9999 -9999 -9999 0.0
C0G660 2002062820 -9999 -9999 -9999 0.0
C0G660 2002062821 -9999 -9999 -9999 0.0
C0G660 2002062822 -9999 -9999 -9999 0.0
C0G660 2002062823 -9999 -9999 -9999 0.0
C0G660 2002062824 -9999 -9999 -9999 0.0
C0G660 2002062901 -9999 -9999 -9999 0.0
C0G660 2002062902 -9999 -9999 -9999 0.0
C0G660 2002062903 -9999 -9999 -9999 0.0
C0G660 2002062904 -9999 -9999 -9999 0.0
C0G660 2002062905 -9999 -9999 -9999 0.0
C0G660 2002062906 -9999 -9999 -9999 0.0
C0G660 2002062907 -9999 -9999 -9999 0.0
C0G660 2002062908 -9999 -9999 -9999 0.0
C0G660 2002062909 -9999 -9999 -9999 0.0
C0G660 2002062910 -9999 -9999 -9999 0.0
C0G660 2002062911 -9999 -9999 -9999 0.0
C0G660 2002062912 -9999 -9999 -9999 0.0
C0G660 2002062913 -9999 -9999 -9999 0.0
C0G660 2002062914 -9999 -9999 -9999 0.0
C0G660 2002062915 -9999 -9999 -9999 0.0
C0G660 2002062916 -9999 -9999 -9999 0.0
C0G660 2002062917 -9999 -9999 -9999 0.0
C0G660 2002062918 -9999 -9999 -9999 0.0
C0G660 2002062919 -9999 -9999 -9999 0.0
C0G660 2002062920 -9999 -9999 -9999 0.0
C0G660 2002062921 -9999 -9999 -9999 0.0
C0G660 2002062922 -9999 -9999 -9999 0.0
C0G660 2002062923 -9999 -9999 -9999 0.0
C0G660 2002062924 -9999 -9999 -9999 0.0
C0G660 2002063001 -9999 -9999 -9999 0.0
C0G660 2002063002 -9999 -9999 -9999 0.0
C0G660 2002063003 -9999 -9999 -9999 0.0
C0G660 2002063004 -9999 -9999 -9999 0.0
C0G660 2002063005 -9999 -9999 -9999 0.0
C0G660 2002063006 -9999 -9999 -9999 0.0
C0G660 2002063007 -9999 -9999 -9999 0.0
C0G660 2002063008 -9999 -9999 -9999 0.0
C0G660 2002063009 -9999 -9999 -9999 0.0
C0G660 2002063010 -9999 -9999 -9999 0.0
C0G660 2002063011 -9999 -9999 -9999 0.0
C0G660 2002063012 -9999 -9999 -9999 0.0
C0G660 2002063013 -9999 -9999 -9999 0.0
C0G660 2002063014 -9999 -9999 -9999 0.0
C0G660 2002063015 -9999 -9999 -9999 0.0
C0G660 2002063016 -9999 -9999 -9999 0.0
C0G660 2002063017 -9999 -9999 -9999 0.0
C0G660 2002063018 -9999 -9999 -9999 0.0
C0G660 2002063019 -9999 -9999 -9999 0.0
C0G660 2002063020 -9999 -9999 -9999 0.0
C0G660 2002063021 -9999 -9999 -9999 0.0
C0G660 2002063022 -9999 -9999 -9999 0.0
C0G660 2002063023 -9999 -9999 -9999 0.0
C0G660 2002063024 -9999 -9999 -9999 0.0
