C0G620 2002120101 -9999 -9999 -9999 0.0
C0G620 2002120102 -9999 -9999 -9999 0.0
C0G620 2002120103 -9999 -9999 -9999 0.0
C0G620 2002120104 -9999 -9999 -9999 0.0
C0G620 2002120105 -9999 -9999 -9999 0.0
C0G620 2002120106 -9999 -9999 -9999 0.0
C0G620 2002120107 -9999 -9999 -9999 0.0
C0G620 2002120108 -9999 -9999 -9999 0.0
C0G620 2002120109 -9999 -9999 -9999 0.0
C0G620 2002120110 -9999 -9999 -9999 0.0
C0G620 2002120111 -9999 -9999 -9999 0.0
C0G620 2002120112 -9999 -9999 -9999 0.0
C0G620 2002120113 -9999 -9999 -9999 0.0
C0G620 2002120114 -9999 -9999 -9999 0.0
C0G620 2002120115 -9999 -9999 -9999 0.0
C0G620 2002120116 -9999 -9999 -9999 0.0
C0G620 2002120117 -9999 -9999 -9999 0.0
C0G620 2002120118 -9999 -9999 -9999 0.0
C0G620 2002120119 -9999 -9999 -9999 0.0
C0G620 2002120120 -9999 -9999 -9999 0.0
C0G620 2002120121 -9999 -9999 -9999 0.0
C0G620 2002120122 -9999 -9999 -9999 0.0
C0G620 2002120123 -9999 -9999 -9999 0.0
C0G620 2002120124 -9999 -9999 -9999 0.0
C0G620 2002120201 -9999 -9999 -9999 0.0
C0G620 2002120202 -9999 -9999 -9999 0.0
C0G620 2002120203 -9999 -9999 -9999 0.0
C0G620 2002120204 -9999 -9999 -9999 0.0
C0G620 2002120205 -9999 -9999 -9999 0.0
C0G620 2002120206 -9999 -9999 -9999 0.0
C0G620 2002120207 -9999 -9999 -9999 0.0
C0G620 2002120208 -9999 -9999 -9999 0.0
C0G620 2002120209 -9999 -9999 -9999 0.0
C0G620 2002120210 -9999 -9999 -9999 0.0
C0G620 2002120211 -9999 -9999 -9999 0.0
C0G620 2002120212 -9999 -9999 -9999 0.0
C0G620 2002120213 -9999 -9999 -9999 0.0
C0G620 2002120214 -9999 -9999 -9999 0.0
C0G620 2002120215 -9999 -9999 -9999 0.0
C0G620 2002120216 -9999 -9999 -9999 0.0
C0G620 2002120217 -9999 -9999 -9999 0.0
C0G620 2002120218 -9999 -9999 -9999 0.0
C0G620 2002120219 -9999 -9999 -9999 0.0
C0G620 2002120220 -9999 -9999 -9999 0.0
C0G620 2002120221 -9999 -9999 -9999 0.0
C0G620 2002120222 -9999 -9999 -9999 0.0
C0G620 2002120223 -9999 -9999 -9999 0.0
C0G620 2002120224 -9999 -9999 -9999 0.0
C0G620 2002120301 -9999 -9999 -9999 0.0
C0G620 2002120302 -9999 -9999 -9999 0.0
C0G620 2002120303 -9999 -9999 -9999 0.0
C0G620 2002120304 -9999 -9999 -9999 0.0
C0G620 2002120305 -9999 -9999 -9999 0.0
C0G620 2002120306 -9999 -9999 -9999 0.0
C0G620 2002120307 -9999 -9999 -9999 0.0
C0G620 2002120308 -9999 -9999 -9999 0.0
C0G620 2002120309 -9999 -9999 -9999 0.0
C0G620 2002120310 -9999 -9999 -9999 0.0
C0G620 2002120311 -9999 -9999 -9999 0.0
C0G620 2002120312 -9999 -9999 -9999 0.0
C0G620 2002120313 -9999 -9999 -9999 0.0
C0G620 2002120314 -9999 -9999 -9999 0.0
C0G620 2002120315 -9999 -9999 -9999 0.0
C0G620 2002120316 -9999 -9999 -9999 0.0
C0G620 2002120317 -9999 -9999 -9999 0.0
C0G620 2002120318 -9999 -9999 -9999 0.0
C0G620 2002120319 -9999 -9999 -9999 0.0
C0G620 2002120320 -9999 -9999 -9999 0.0
C0G620 2002120321 -9999 -9999 -9999 0.0
C0G620 2002120322 -9999 -9999 -9999 0.0
C0G620 2002120323 -9999 -9999 -9999 0.0
C0G620 2002120324 -9999 -9999 -9999 0.0
C0G620 2002120401 -9999 -9999 -9999 0.0
C0G620 2002120402 -9999 -9999 -9999 0.0
C0G620 2002120403 -9999 -9999 -9999 0.0
C0G620 2002120404 -9999 -9999 -9999 0.0
C0G620 2002120405 -9999 -9999 -9999 0.0
C0G620 2002120406 -9999 -9999 -9999 0.0
C0G620 2002120407 -9999 -9999 -9999 0.0
C0G620 2002120408 -9999 -9999 -9999 0.0
C0G620 2002120409 -9999 -9999 -9999 0.0
C0G620 2002120410 -9999 -9999 -9999 0.0
C0G620 2002120411 -9999 -9999 -9999 0.0
C0G620 2002120412 -9999 -9999 -9999 0.0
C0G620 2002120413 -9999 -9999 -9999 0.0
C0G620 2002120414 -9999 -9999 -9999 0.0
C0G620 2002120415 -9999 -9999 -9999 0.0
C0G620 2002120416 -9999 -9999 -9999 0.0
C0G620 2002120417 -9999 -9999 -9999 0.0
C0G620 2002120418 -9999 -9999 -9999 0.0
C0G620 2002120419 -9999 -9999 -9999 0.0
C0G620 2002120420 -9999 -9999 -9999 0.0
C0G620 2002120421 -9999 -9999 -9999 0.0
C0G620 2002120422 -9999 -9999 -9999 0.0
C0G620 2002120423 -9999 -9999 -9999 0.0
C0G620 2002120424 -9999 -9999 -9999 0.0
C0G620 2002120501 -9999 -9999 -9999 0.0
C0G620 2002120502 -9999 -9999 -9999 0.0
C0G620 2002120503 -9999 -9999 -9999 0.0
C0G620 2002120504 -9999 -9999 -9999 0.0
C0G620 2002120505 -9999 -9999 -9999 0.0
C0G620 2002120506 -9999 -9999 -9999 0.0
C0G620 2002120507 -9999 -9999 -9999 0.0
C0G620 2002120508 -9999 -9999 -9999 0.0
C0G620 2002120509 -9999 -9999 -9999 0.0
C0G620 2002120510 -9999 -9999 -9999 0.0
C0G620 2002120511 -9999 -9999 -9999 0.0
C0G620 2002120512 -9999 -9999 -9999 0.0
C0G620 2002120513 -9999 -9999 -9999 0.0
C0G620 2002120514 -9999 -9999 -9999 0.0
C0G620 2002120515 -9999 -9999 -9999 0.0
C0G620 2002120516 -9999 -9999 -9999 0.0
C0G620 2002120517 -9999 -9999 -9999 0.0
C0G620 2002120518 -9999 -9999 -9999 0.0
C0G620 2002120519 -9999 -9999 -9999 0.0
C0G620 2002120520 -9999 -9999 -9999 0.0
C0G620 2002120521 -9999 -9999 -9999 0.0
C0G620 2002120522 -9999 -9999 -9999 0.0
C0G620 2002120523 -9999 -9999 -9999 0.0
C0G620 2002120524 -9999 -9999 -9999 0.0
C0G620 2002120601 -9999 -9999 -9999 0.0
C0G620 2002120602 -9999 -9999 -9999 0.0
C0G620 2002120603 -9999 -9999 -9999 0.0
C0G620 2002120604 -9999 -9999 -9999 0.0
C0G620 2002120605 -9999 -9999 -9999 0.0
C0G620 2002120606 -9999 -9999 -9999 0.0
C0G620 2002120607 -9999 -9999 -9999 0.0
C0G620 2002120608 -9999 -9999 -9999 0.0
C0G620 2002120609 -9999 -9999 -9999 0.0
C0G620 2002120610 -9999 -9999 -9999 0.0
C0G620 2002120611 -9999 -9999 -9999 0.0
C0G620 2002120612 -9999 -9999 -9999 0.0
C0G620 2002120613 -9999 -9999 -9999 0.0
C0G620 2002120614 -9999 -9999 -9999 0.0
C0G620 2002120615 -9999 -9999 -9999 0.0
C0G620 2002120616 -9999 -9999 -9999 0.0
C0G620 2002120617 -9999 -9999 -9999 0.0
C0G620 2002120618 -9999 -9999 -9999 0.0
C0G620 2002120619 -9999 -9999 -9999 0.0
C0G620 2002120620 -9999 -9999 -9999 0.0
C0G620 2002120621 -9999 -9999 -9999 0.0
C0G620 2002120622 -9999 -9999 -9999 0.0
C0G620 2002120623 -9999 -9999 -9999 0.0
C0G620 2002120624 -9999 -9999 -9999 0.0
C0G620 2002120701 -9999 -9999 -9999 0.0
C0G620 2002120702 -9999 -9999 -9999 0.0
C0G620 2002120703 -9999 -9999 -9999 0.0
C0G620 2002120704 -9999 -9999 -9999 0.0
C0G620 2002120705 -9999 -9999 -9999 0.0
C0G620 2002120706 -9999 -9999 -9999 0.0
C0G620 2002120707 -9999 -9999 -9999 0.0
C0G620 2002120708 -9999 -9999 -9999 0.0
C0G620 2002120709 -9999 -9999 -9999 0.0
C0G620 2002120710 -9999 -9999 -9999 0.0
C0G620 2002120711 -9999 -9999 -9999 0.0
C0G620 2002120712 -9999 -9999 -9999 0.0
C0G620 2002120713 -9999 -9999 -9999 0.0
C0G620 2002120714 -9999 -9999 -9999 0.0
C0G620 2002120715 -9999 -9999 -9999 0.0
C0G620 2002120716 -9999 -9999 -9999 0.0
C0G620 2002120717 -9999 -9999 -9999 0.0
C0G620 2002120718 -9999 -9999 -9999 0.0
C0G620 2002120719 -9999 -9999 -9999 0.0
C0G620 2002120720 -9999 -9999 -9999 0.0
C0G620 2002120721 -9999 -9999 -9999 0.0
C0G620 2002120722 -9999 -9999 -9999 0.0
C0G620 2002120723 -9999 -9999 -9999 0.0
C0G620 2002120724 -9999 -9999 -9999 0.0
C0G620 2002120801 -9999 -9999 -9999 0.0
C0G620 2002120802 -9999 -9999 -9999 0.0
C0G620 2002120803 -9999 -9999 -9999 0.0
C0G620 2002120804 -9999 -9999 -9999 0.0
C0G620 2002120805 -9999 -9999 -9999 0.0
C0G620 2002120806 -9999 -9999 -9999 0.0
C0G620 2002120807 -9999 -9999 -9999 0.0
C0G620 2002120808 -9999 -9999 -9999 0.0
C0G620 2002120809 -9999 -9999 -9999 0.0
C0G620 2002120810 -9999 -9999 -9999 0.0
C0G620 2002120811 -9999 -9999 -9999 0.0
C0G620 2002120812 -9999 -9999 -9999 0.0
C0G620 2002120813 -9999 -9999 -9999 0.0
C0G620 2002120814 -9999 -9999 -9999 0.0
C0G620 2002120815 -9999 -9999 -9999 0.0
C0G620 2002120816 -9999 -9999 -9999 0.0
C0G620 2002120817 -9999 -9999 -9999 0.0
C0G620 2002120818 -9999 -9999 -9999 0.0
C0G620 2002120819 -9999 -9999 -9999 0.0
C0G620 2002120820 -9999 -9999 -9999 0.0
C0G620 2002120821 -9999 -9999 -9999 0.0
C0G620 2002120822 -9999 -9999 -9999 0.0
C0G620 2002120823 -9999 -9999 -9999 0.0
C0G620 2002120824 -9999 -9999 -9999 0.0
C0G620 2002120901 -9999 -9999 -9999 0.0
C0G620 2002120902 -9999 -9999 -9999 0.0
C0G620 2002120903 -9999 -9999 -9999 0.0
C0G620 2002120904 -9999 -9999 -9999 0.0
C0G620 2002120905 -9999 -9999 -9999 0.0
C0G620 2002120906 -9999 -9999 -9999 0.0
C0G620 2002120907 -9999 -9999 -9999 0.0
C0G620 2002120908 -9999 -9999 -9999 0.0
C0G620 2002120909 -9999 -9999 -9999 0.0
C0G620 2002120910 -9999 -9999 -9999 0.0
C0G620 2002120911 -9999 -9999 -9999 0.0
C0G620 2002120912 -9999 -9999 -9999 0.0
C0G620 2002120913 -9999 -9999 -9999 0.0
C0G620 2002120914 -9999 -9999 -9999 0.0
C0G620 2002120915 -9999 -9999 -9999 0.0
C0G620 2002120916 -9999 -9999 -9999 0.0
C0G620 2002120917 -9999 -9999 -9999 0.0
C0G620 2002120918 -9999 -9999 -9999 0.0
C0G620 2002120919 -9999 -9999 -9999 0.0
C0G620 2002120920 -9999 -9999 -9999 0.0
C0G620 2002120921 -9999 -9999 -9999 0.0
C0G620 2002120922 -9999 -9999 -9999 0.0
C0G620 2002120923 -9999 -9999 -9999 0.0
C0G620 2002120924 -9999 -9999 -9999 0.0
C0G620 2002121001 -9999 -9999 -9999 0.0
C0G620 2002121002 -9999 -9999 -9999 0.0
C0G620 2002121003 -9999 -9999 -9999 0.0
C0G620 2002121004 -9999 -9999 -9999 0.0
C0G620 2002121005 -9999 -9999 -9999 0.0
C0G620 2002121006 -9999 -9999 -9999 0.0
C0G620 2002121007 -9999 -9999 -9999 0.0
C0G620 2002121008 -9999 -9999 -9999 0.0
C0G620 2002121009 -9999 -9999 -9999 0.0
C0G620 2002121010 -9999 -9999 -9999 0.0
C0G620 2002121011 -9999 -9999 -9999 0.0
C0G620 2002121012 -9999 -9999 -9999 0.0
C0G620 2002121013 -9999 -9999 -9999 0.0
C0G620 2002121014 -9999 -9999 -9999 0.0
C0G620 2002121015 -9999 -9999 -9999 0.0
C0G620 2002121016 -9999 -9999 -9999 0.0
C0G620 2002121017 -9999 -9999 -9999 0.0
C0G620 2002121018 -9999 -9999 -9999 0.0
C0G620 2002121019 -9999 -9999 -9999 0.0
C0G620 2002121020 -9999 -9999 -9999 0.0
C0G620 2002121021 -9999 -9999 -9999 0.0
C0G620 2002121022 -9999 -9999 -9999 0.0
C0G620 2002121023 -9999 -9999 -9999 0.0
C0G620 2002121024 -9999 -9999 -9999 0.0
C0G620 2002121101 -9999 -9999 -9999 0.0
C0G620 2002121102 -9999 -9999 -9999 0.0
C0G620 2002121103 -9999 -9999 -9999 0.0
C0G620 2002121104 -9999 -9999 -9999 0.0
C0G620 2002121105 -9999 -9999 -9999 0.0
C0G620 2002121106 -9999 -9999 -9999 0.0
C0G620 2002121107 -9999 -9999 -9999 0.0
C0G620 2002121108 -9999 -9999 -9999 0.0
C0G620 2002121109 -9999 -9999 -9999 0.0
C0G620 2002121110 -9999 -9999 -9999 0.0
C0G620 2002121111 -9999 -9999 -9999 0.0
C0G620 2002121112 -9999 -9999 -9999 0.0
C0G620 2002121113 -9999 -9999 -9999 0.0
C0G620 2002121114 -9999 -9999 -9999 0.0
C0G620 2002121115 -9999 -9999 -9999 0.0
C0G620 2002121116 -9999 -9999 -9999 0.0
C0G620 2002121117 -9999 -9999 -9999 0.0
C0G620 2002121118 -9999 -9999 -9999 0.0
C0G620 2002121119 -9999 -9999 -9999 0.0
C0G620 2002121120 -9999 -9999 -9999 0.0
C0G620 2002121121 -9999 -9999 -9999 0.0
C0G620 2002121122 -9999 -9999 -9999 0.0
C0G620 2002121123 -9999 -9999 -9999 0.0
C0G620 2002121124 -9999 -9999 -9999 0.0
C0G620 2002121201 -9999 -9999 -9999 0.0
C0G620 2002121202 -9999 -9999 -9999 0.0
C0G620 2002121203 -9999 -9999 -9999 2.0
C0G620 2002121204 -9999 -9999 -9999 0.5
C0G620 2002121205 -9999 -9999 -9999 1.5
C0G620 2002121206 -9999 -9999 -9999 0.5
C0G620 2002121207 -9999 -9999 -9999 1.5
C0G620 2002121208 -9999 -9999 -9999 0.5
C0G620 2002121209 -9999 -9999 -9999 0.0
C0G620 2002121210 -9999 -9999 -9999 0.0
C0G620 2002121211 -9999 -9999 -9999 0.5
C0G620 2002121212 -9999 -9999 -9999 0.0
C0G620 2002121213 -9999 -9999 -9999 0.0
C0G620 2002121214 -9999 -9999 -9999 0.0
C0G620 2002121215 -9999 -9999 -9999 0.0
C0G620 2002121216 -9999 -9999 -9999 0.0
C0G620 2002121217 -9999 -9999 -9999 0.0
C0G620 2002121218 -9999 -9999 -9999 0.0
C0G620 2002121219 -9999 -9999 -9999 0.0
C0G620 2002121220 -9999 -9999 -9999 0.0
C0G620 2002121221 -9999 -9999 -9999 0.0
C0G620 2002121222 -9999 -9999 -9999 0.0
C0G620 2002121223 -9999 -9999 -9999 0.0
C0G620 2002121224 -9999 -9999 -9999 0.0
C0G620 2002121301 -9999 -9999 -9999 0.0
C0G620 2002121302 -9999 -9999 -9999 0.0
C0G620 2002121303 -9999 -9999 -9999 0.0
C0G620 2002121304 -9999 -9999 -9999 0.0
C0G620 2002121305 -9999 -9999 -9999 0.0
C0G620 2002121306 -9999 -9999 -9999 0.0
C0G620 2002121307 -9999 -9999 -9999 0.0
C0G620 2002121308 -9999 -9999 -9999 0.0
C0G620 2002121309 -9999 -9999 -9999 0.0
C0G620 2002121310 -9999 -9999 -9999 0.0
C0G620 2002121311 -9999 -9999 -9999 0.0
C0G620 2002121312 -9999 -9999 -9999 0.0
C0G620 2002121313 -9999 -9999 -9999 0.0
C0G620 2002121314 -9999 -9999 -9999 0.0
C0G620 2002121315 -9999 -9999 -9999 0.0
C0G620 2002121316 -9999 -9999 -9999 0.0
C0G620 2002121317 -9999 -9999 -9999 0.0
C0G620 2002121318 -9999 -9999 -9999 0.0
C0G620 2002121319 -9999 -9999 -9999 0.0
C0G620 2002121320 -9999 -9999 -9999 0.0
C0G620 2002121321 -9999 -9999 -9999 0.0
C0G620 2002121322 -9999 -9999 -9999 0.0
C0G620 2002121323 -9999 -9999 -9999 0.0
C0G620 2002121324 -9999 -9999 -9999 0.0
C0G620 2002121401 -9999 -9999 -9999 0.0
C0G620 2002121402 -9999 -9999 -9999 0.0
C0G620 2002121403 -9999 -9999 -9999 0.0
C0G620 2002121404 -9999 -9999 -9999 0.0
C0G620 2002121405 -9999 -9999 -9999 0.0
C0G620 2002121406 -9999 -9999 -9999 0.0
C0G620 2002121407 -9999 -9999 -9999 0.0
C0G620 2002121408 -9999 -9999 -9999 0.0
C0G620 2002121409 -9999 -9999 -9999 0.0
C0G620 2002121410 -9999 -9999 -9999 0.0
C0G620 2002121411 -9999 -9999 -9999 0.0
C0G620 2002121412 -9999 -9999 -9999 0.0
C0G620 2002121413 -9999 -9999 -9999 0.0
C0G620 2002121414 -9999 -9999 -9999 0.0
C0G620 2002121415 -9999 -9999 -9999 0.0
C0G620 2002121416 -9999 -9999 -9999 0.0
C0G620 2002121417 -9999 -9999 -9999 0.0
C0G620 2002121418 -9999 -9999 -9999 0.0
C0G620 2002121419 -9999 -9999 -9999 0.0
C0G620 2002121420 -9999 -9999 -9999 0.0
C0G620 2002121421 -9999 -9999 -9999 0.0
C0G620 2002121422 -9999 -9999 -9999 0.0
C0G620 2002121423 -9999 -9999 -9999 0.0
C0G620 2002121424 -9999 -9999 -9999 0.0
C0G620 2002121501 -9999 -9999 -9999 0.0
C0G620 2002121502 -9999 -9999 -9999 0.0
C0G620 2002121503 -9999 -9999 -9999 0.0
C0G620 2002121504 -9999 -9999 -9999 0.0
C0G620 2002121505 -9999 -9999 -9999 0.0
C0G620 2002121506 -9999 -9999 -9999 0.0
C0G620 2002121507 -9999 -9999 -9999 0.0
C0G620 2002121508 -9999 -9999 -9999 0.0
C0G620 2002121509 -9999 -9999 -9999 0.0
C0G620 2002121510 -9999 -9999 -9999 0.0
C0G620 2002121511 -9999 -9999 -9999 0.0
C0G620 2002121512 -9999 -9999 -9999 0.0
C0G620 2002121513 -9999 -9999 -9999 0.0
C0G620 2002121514 -9999 -9999 -9999 0.0
C0G620 2002121515 -9999 -9999 -9999 0.0
C0G620 2002121516 -9999 -9999 -9999 0.0
C0G620 2002121517 -9999 -9999 -9999 0.0
C0G620 2002121518 -9999 -9999 -9999 0.0
C0G620 2002121519 -9999 -9999 -9999 0.0
C0G620 2002121520 -9999 -9999 -9999 0.0
C0G620 2002121521 -9999 -9999 -9999 0.0
C0G620 2002121522 -9999 -9999 -9999 0.0
C0G620 2002121523 -9999 -9999 -9999 0.0
C0G620 2002121524 -9999 -9999 -9999 0.0
C0G620 2002121601 -9999 -9999 -9999 0.0
C0G620 2002121602 -9999 -9999 -9999 0.0
C0G620 2002121603 -9999 -9999 -9999 0.0
C0G620 2002121604 -9999 -9999 -9999 0.0
C0G620 2002121605 -9999 -9999 -9999 0.0
C0G620 2002121606 -9999 -9999 -9999 0.0
C0G620 2002121607 -9999 -9999 -9999 0.0
C0G620 2002121608 -9999 -9999 -9999 0.0
C0G620 2002121609 -9999 -9999 -9999 0.0
C0G620 2002121610 -9999 -9999 -9999 0.0
C0G620 2002121611 -9999 -9999 -9999 0.0
C0G620 2002121612 -9999 -9999 -9999 0.0
C0G620 2002121613 -9999 -9999 -9999 0.0
C0G620 2002121614 -9999 -9999 -9999 0.0
C0G620 2002121615 -9999 -9999 -9999 0.0
C0G620 2002121616 -9999 -9999 -9999 0.0
C0G620 2002121617 -9999 -9999 -9999 0.0
C0G620 2002121618 -9999 -9999 -9999 0.0
C0G620 2002121619 -9999 -9999 -9999 0.0
C0G620 2002121620 -9999 -9999 -9999 0.0
C0G620 2002121621 -9999 -9999 -9999 0.0
C0G620 2002121622 -9999 -9999 -9999 0.0
C0G620 2002121623 -9999 -9999 -9999 0.0
C0G620 2002121624 -9999 -9999 -9999 0.0
C0G620 2002121701 -9999 -9999 -9999 0.0
C0G620 2002121702 -9999 -9999 -9999 0.0
C0G620 2002121703 -9999 -9999 -9999 0.0
C0G620 2002121704 -9999 -9999 -9999 0.0
C0G620 2002121705 -9999 -9999 -9999 0.0
C0G620 2002121706 -9999 -9999 -9999 0.0
C0G620 2002121707 -9999 -9999 -9999 0.0
C0G620 2002121708 -9999 -9999 -9999 0.0
C0G620 2002121709 -9999 -9999 -9999 0.0
C0G620 2002121710 -9999 -9999 -9999 0.0
C0G620 2002121711 -9999 -9999 -9999 0.0
C0G620 2002121712 -9999 -9999 -9999 0.0
C0G620 2002121713 -9999 -9999 -9999 0.0
C0G620 2002121714 -9999 -9999 -9999 0.0
C0G620 2002121715 -9999 -9999 -9999 0.0
C0G620 2002121716 -9999 -9999 -9999 0.0
C0G620 2002121717 -9999 -9999 -9999 0.0
C0G620 2002121718 -9999 -9999 -9999 0.0
C0G620 2002121719 -9999 -9999 -9999 0.0
C0G620 2002121720 -9999 -9999 -9999 0.0
C0G620 2002121721 -9999 -9999 -9999 0.0
C0G620 2002121722 -9999 -9999 -9999 0.0
C0G620 2002121723 -9999 -9999 -9999 0.0
C0G620 2002121724 -9999 -9999 -9999 0.0
C0G620 2002121801 -9999 -9999 -9999 0.0
C0G620 2002121802 -9999 -9999 -9999 0.0
C0G620 2002121803 -9999 -9999 -9999 0.0
C0G620 2002121804 -9999 -9999 -9999 0.0
C0G620 2002121805 -9999 -9999 -9999 0.0
C0G620 2002121806 -9999 -9999 -9999 0.0
C0G620 2002121807 -9999 -9999 -9999 0.0
C0G620 2002121808 -9999 -9999 -9999 0.0
C0G620 2002121809 -9999 -9999 -9999 0.0
C0G620 2002121810 -9999 -9999 -9999 0.0
C0G620 2002121811 -9999 -9999 -9999 0.0
C0G620 2002121812 -9999 -9999 -9999 0.0
C0G620 2002121813 -9999 -9999 -9999 0.0
C0G620 2002121814 -9999 -9999 -9999 0.0
C0G620 2002121815 -9999 -9999 -9999 0.0
C0G620 2002121816 -9999 -9999 -9999 0.0
C0G620 2002121817 -9999 -9999 -9999 0.0
C0G620 2002121818 -9999 -9999 -9999 0.0
C0G620 2002121819 -9999 -9999 -9999 0.0
C0G620 2002121820 -9999 -9999 -9999 0.0
C0G620 2002121821 -9999 -9999 -9999 0.0
C0G620 2002121822 -9999 -9999 -9999 0.0
C0G620 2002121823 -9999 -9999 -9999 0.0
C0G620 2002121824 -9999 -9999 -9999 0.0
C0G620 2002121901 -9999 -9999 -9999 0.0
C0G620 2002121902 -9999 -9999 -9999 0.5
C0G620 2002121903 -9999 -9999 -9999 0.0
C0G620 2002121904 -9999 -9999 -9999 0.0
C0G620 2002121905 -9999 -9999 -9999 0.0
C0G620 2002121906 -9999 -9999 -9999 1.5
C0G620 2002121907 -9999 -9999 -9999 2.0
C0G620 2002121908 -9999 -9999 -9999 0.0
C0G620 2002121909 -9999 -9999 -9999 0.0
C0G620 2002121910 -9999 -9999 -9999 0.0
C0G620 2002121911 -9999 -9999 -9999 0.0
C0G620 2002121912 -9999 -9999 -9999 0.0
C0G620 2002121913 -9999 -9999 -9999 0.0
C0G620 2002121914 -9999 -9999 -9999 0.0
C0G620 2002121915 -9999 -9999 -9999 0.0
C0G620 2002121916 -9999 -9999 -9999 0.0
C0G620 2002121917 -9999 -9999 -9999 0.0
C0G620 2002121918 -9999 -9999 -9999 0.0
C0G620 2002121919 -9999 -9999 -9999 0.0
C0G620 2002121920 -9999 -9999 -9999 0.0
C0G620 2002121921 -9999 -9999 -9999 0.0
C0G620 2002121922 -9999 -9999 -9999 0.0
C0G620 2002121923 -9999 -9999 -9999 6.5
C0G620 2002121924 -9999 -9999 -9999 6.5
C0G620 2002122001 -9999 -9999 -9999 0.0
C0G620 2002122002 -9999 -9999 -9999 0.0
C0G620 2002122003 -9999 -9999 -9999 0.0
C0G620 2002122004 -9999 -9999 -9999 0.0
C0G620 2002122005 -9999 -9999 -9999 0.0
C0G620 2002122006 -9999 -9999 -9999 0.0
C0G620 2002122007 -9999 -9999 -9999 0.0
C0G620 2002122008 -9999 -9999 -9999 0.0
C0G620 2002122009 -9999 -9999 -9999 0.0
C0G620 2002122010 -9999 -9999 -9999 0.0
C0G620 2002122011 -9999 -9999 -9999 3.0
C0G620 2002122012 -9999 -9999 -9999 6.0
C0G620 2002122013 -9999 -9999 -9999 1.5
C0G620 2002122014 -9999 -9999 -9999 0.0
C0G620 2002122015 -9999 -9999 -9999 0.0
C0G620 2002122016 -9999 -9999 -9999 0.0
C0G620 2002122017 -9999 -9999 -9999 0.0
C0G620 2002122018 -9999 -9999 -9999 0.0
C0G620 2002122019 -9999 -9999 -9999 0.5
C0G620 2002122020 -9999 -9999 -9999 0.0
C0G620 2002122021 -9999 -9999 -9999 0.0
C0G620 2002122022 -9999 -9999 -9999 0.0
C0G620 2002122023 -9999 -9999 -9999 0.0
C0G620 2002122024 -9999 -9999 -9999 0.0
C0G620 2002122101 -9999 -9999 -9999 0.0
C0G620 2002122102 -9999 -9999 -9999 0.5
C0G620 2002122103 -9999 -9999 -9999 0.5
C0G620 2002122104 -9999 -9999 -9999 0.5
C0G620 2002122105 -9999 -9999 -9999 2.5
C0G620 2002122106 -9999 -9999 -9999 1.0
C0G620 2002122107 -9999 -9999 -9999 1.0
C0G620 2002122108 -9999 -9999 -9999 0.5
C0G620 2002122109 -9999 -9999 -9999 1.0
C0G620 2002122110 -9999 -9999 -9999 1.0
C0G620 2002122111 -9999 -9999 -9999 0.5
C0G620 2002122112 -9999 -9999 -9999 1.0
C0G620 2002122113 -9999 -9999 -9999 0.0
C0G620 2002122114 -9999 -9999 -9999 0.0
C0G620 2002122115 -9999 -9999 -9999 0.0
C0G620 2002122116 -9999 -9999 -9999 0.0
C0G620 2002122117 -9999 -9999 -9999 0.5
C0G620 2002122118 -9999 -9999 -9999 0.5
C0G620 2002122119 -9999 -9999 -9999 0.0
C0G620 2002122120 -9999 -9999 -9999 0.0
C0G620 2002122121 -9999 -9999 -9999 0.0
C0G620 2002122122 -9999 -9999 -9999 0.0
C0G620 2002122123 -9999 -9999 -9999 0.0
C0G620 2002122124 -9999 -9999 -9999 0.0
C0G620 2002122201 -9999 -9999 -9999 0.0
C0G620 2002122202 -9999 -9999 -9999 0.0
C0G620 2002122203 -9999 -9999 -9999 0.0
C0G620 2002122204 -9999 -9999 -9999 0.0
C0G620 2002122205 -9999 -9999 -9999 0.0
C0G620 2002122206 -9999 -9999 -9999 0.0
C0G620 2002122207 -9999 -9999 -9999 0.0
C0G620 2002122208 -9999 -9999 -9999 0.0
C0G620 2002122209 -9999 -9999 -9999 0.0
C0G620 2002122210 -9999 -9999 -9999 0.0
C0G620 2002122211 -9999 -9999 -9999 0.0
C0G620 2002122212 -9999 -9999 -9999 0.0
C0G620 2002122213 -9999 -9999 -9999 0.0
C0G620 2002122214 -9999 -9999 -9999 0.0
C0G620 2002122215 -9999 -9999 -9999 0.0
C0G620 2002122216 -9999 -9999 -9999 0.0
C0G620 2002122217 -9999 -9999 -9999 0.0
C0G620 2002122218 -9999 -9999 -9999 0.0
C0G620 2002122219 -9999 -9999 -9999 0.0
C0G620 2002122220 -9999 -9999 -9999 0.0
C0G620 2002122221 -9999 -9999 -9999 0.0
C0G620 2002122222 -9999 -9999 -9999 0.0
C0G620 2002122223 -9999 -9999 -9999 0.0
C0G620 2002122224 -9999 -9999 -9999 0.0
C0G620 2002122301 -9999 -9999 -9999 0.0
C0G620 2002122302 -9999 -9999 -9999 0.0
C0G620 2002122303 -9999 -9999 -9999 0.0
C0G620 2002122304 -9999 -9999 -9999 0.0
C0G620 2002122305 -9999 -9999 -9999 0.0
C0G620 2002122306 -9999 -9999 -9999 0.0
C0G620 2002122307 -9999 -9999 -9999 0.0
C0G620 2002122308 -9999 -9999 -9999 0.0
C0G620 2002122309 -9999 -9999 -9999 0.0
C0G620 2002122310 -9999 -9999 -9999 0.0
C0G620 2002122311 -9999 -9999 -9999 0.0
C0G620 2002122312 -9999 -9999 -9999 0.0
C0G620 2002122313 -9999 -9999 -9999 0.0
C0G620 2002122314 -9999 -9999 -9999 0.0
C0G620 2002122315 -9999 -9999 -9999 0.0
C0G620 2002122316 -9999 -9999 -9999 0.0
C0G620 2002122317 -9999 -9999 -9999 0.0
C0G620 2002122318 -9999 -9999 -9999 0.0
C0G620 2002122319 -9999 -9999 -9999 0.0
C0G620 2002122320 -9999 -9999 -9999 0.0
C0G620 2002122321 -9999 -9999 -9999 0.0
C0G620 2002122322 -9999 -9999 -9999 0.0
C0G620 2002122323 -9999 -9999 -9999 0.0
C0G620 2002122324 -9999 -9999 -9999 0.0
C0G620 2002122401 -9999 -9999 -9999 0.0
C0G620 2002122402 -9999 -9999 -9999 0.0
C0G620 2002122403 -9999 -9999 -9999 0.0
C0G620 2002122404 -9999 -9999 -9999 0.0
C0G620 2002122405 -9999 -9999 -9999 0.0
C0G620 2002122406 -9999 -9999 -9999 0.0
C0G620 2002122407 -9999 -9999 -9999 0.0
C0G620 2002122408 -9999 -9999 -9999 0.0
C0G620 2002122409 -9999 -9999 -9999 0.0
C0G620 2002122410 -9999 -9999 -9999 0.0
C0G620 2002122411 -9999 -9999 -9999 0.0
C0G620 2002122412 -9999 -9999 -9999 0.0
C0G620 2002122413 -9999 -9999 -9999 0.0
C0G620 2002122414 -9999 -9999 -9999 0.0
C0G620 2002122415 -9999 -9999 -9999 0.0
C0G620 2002122416 -9999 -9999 -9999 0.0
C0G620 2002122417 -9999 -9999 -9999 0.0
C0G620 2002122418 -9999 -9999 -9999 0.0
C0G620 2002122419 -9999 -9999 -9999 0.0
C0G620 2002122420 -9999 -9999 -9999 0.0
C0G620 2002122421 -9999 -9999 -9999 0.0
C0G620 2002122422 -9999 -9999 -9999 0.0
C0G620 2002122423 -9999 -9999 -9999 0.0
C0G620 2002122424 -9999 -9999 -9999 0.0
C0G620 2002122501 -9999 -9999 -9999 0.0
C0G620 2002122502 -9999 -9999 -9999 0.0
C0G620 2002122503 -9999 -9999 -9999 0.0
C0G620 2002122504 -9999 -9999 -9999 0.0
C0G620 2002122505 -9999 -9999 -9999 0.0
C0G620 2002122506 -9999 -9999 -9999 0.0
C0G620 2002122507 -9999 -9999 -9999 0.0
C0G620 2002122508 -9999 -9999 -9999 0.0
C0G620 2002122509 -9999 -9999 -9999 0.0
C0G620 2002122510 -9999 -9999 -9999 0.0
C0G620 2002122511 -9999 -9999 -9999 0.0
C0G620 2002122512 -9999 -9999 -9999 0.0
C0G620 2002122513 -9999 -9999 -9999 0.0
C0G620 2002122514 -9999 -9999 -9999 0.0
C0G620 2002122515 -9999 -9999 -9999 0.0
C0G620 2002122516 -9999 -9999 -9999 0.0
C0G620 2002122517 -9999 -9999 -9999 0.0
C0G620 2002122518 -9999 -9999 -9999 0.0
C0G620 2002122519 -9999 -9999 -9999 0.0
C0G620 2002122520 -9999 -9999 -9999 0.0
C0G620 2002122521 -9999 -9999 -9999 0.0
C0G620 2002122522 -9999 -9999 -9999 0.0
C0G620 2002122523 -9999 -9999 -9999 0.0
C0G620 2002122524 -9999 -9999 -9999 0.0
C0G620 2002122601 -9999 -9999 -9999 0.0
C0G620 2002122602 -9999 -9999 -9999 0.0
C0G620 2002122603 -9999 -9999 -9999 0.0
C0G620 2002122604 -9999 -9999 -9999 0.0
C0G620 2002122605 -9999 -9999 -9999 0.0
C0G620 2002122606 -9999 -9999 -9999 0.0
C0G620 2002122607 -9999 -9999 -9999 0.0
C0G620 2002122608 -9999 -9999 -9999 0.0
C0G620 2002122609 -9999 -9999 -9999 0.0
C0G620 2002122610 -9999 -9999 -9999 0.0
C0G620 2002122611 -9999 -9999 -9999 0.0
C0G620 2002122612 -9999 -9999 -9999 0.0
C0G620 2002122613 -9999 -9999 -9999 0.0
C0G620 2002122614 -9999 -9999 -9999 0.0
C0G620 2002122615 -9999 -9999 -9999 0.0
C0G620 2002122616 -9999 -9999 -9999 0.5
C0G620 2002122617 -9999 -9999 -9999 0.5
C0G620 2002122618 -9999 -9999 -9999 0.0
C0G620 2002122619 -9999 -9999 -9999 0.0
C0G620 2002122620 -9999 -9999 -9999 0.0
C0G620 2002122621 -9999 -9999 -9999 0.0
C0G620 2002122622 -9999 -9999 -9999 0.5
C0G620 2002122623 -9999 -9999 -9999 1.0
C0G620 2002122624 -9999 -9999 -9999 1.5
C0G620 2002122701 -9999 -9999 -9999 1.5
C0G620 2002122702 -9999 -9999 -9999 2.0
C0G620 2002122703 -9999 -9999 -9999 1.0
C0G620 2002122704 -9999 -9999 -9999 1.0
C0G620 2002122705 -9999 -9999 -9999 0.0
C0G620 2002122706 -9999 -9999 -9999 0.0
C0G620 2002122707 -9999 -9999 -9999 1.5
C0G620 2002122708 -9999 -9999 -9999 0.0
C0G620 2002122709 -9999 -9999 -9999 1.0
C0G620 2002122710 -9999 -9999 -9999 1.0
C0G620 2002122711 -9999 -9999 -9999 0.0
C0G620 2002122712 -9999 -9999 -9999 1.0
C0G620 2002122713 -9999 -9999 -9999 0.0
C0G620 2002122714 -9999 -9999 -9999 0.0
C0G620 2002122715 -9999 -9999 -9999 0.5
C0G620 2002122716 -9999 -9999 -9999 0.0
C0G620 2002122717 -9999 -9999 -9999 0.0
C0G620 2002122718 -9999 -9999 -9999 0.0
C0G620 2002122719 -9999 -9999 -9999 0.0
C0G620 2002122720 -9999 -9999 -9999 0.0
C0G620 2002122721 -9999 -9999 -9999 0.0
C0G620 2002122722 -9999 -9999 -9999 0.0
C0G620 2002122723 -9999 -9999 -9999 0.0
C0G620 2002122724 -9999 -9999 -9999 0.5
C0G620 2002122801 -9999 -9999 -9999 0.0
C0G620 2002122802 -9999 -9999 -9999 0.0
C0G620 2002122803 -9999 -9999 -9999 0.0
C0G620 2002122804 -9999 -9999 -9999 0.0
C0G620 2002122805 -9999 -9999 -9999 0.5
C0G620 2002122806 -9999 -9999 -9999 0.0
C0G620 2002122807 -9999 -9999 -9999 0.0
C0G620 2002122808 -9999 -9999 -9999 0.0
C0G620 2002122809 -9999 -9999 -9999 0.0
C0G620 2002122810 -9999 -9999 -9999 0.0
C0G620 2002122811 -9999 -9999 -9999 0.0
C0G620 2002122812 -9999 -9999 -9999 0.0
C0G620 2002122813 -9999 -9999 -9999 0.0
C0G620 2002122814 -9999 -9999 -9999 0.0
C0G620 2002122815 -9999 -9999 -9999 0.0
C0G620 2002122816 -9999 -9999 -9999 0.0
C0G620 2002122817 -9999 -9999 -9999 0.0
C0G620 2002122818 -9999 -9999 -9999 0.0
C0G620 2002122819 -9999 -9999 -9999 0.0
C0G620 2002122820 -9999 -9999 -9999 0.0
C0G620 2002122821 -9999 -9999 -9999 0.0
C0G620 2002122822 -9999 -9999 -9999 0.0
C0G620 2002122823 -9999 -9999 -9999 0.0
C0G620 2002122824 -9999 -9999 -9999 0.0
C0G620 2002122901 -9999 -9999 -9999 0.0
C0G620 2002122902 -9999 -9999 -9999 0.0
C0G620 2002122903 -9999 -9999 -9999 0.0
C0G620 2002122904 -9999 -9999 -9999 0.0
C0G620 2002122905 -9999 -9999 -9999 0.0
C0G620 2002122906 -9999 -9999 -9999 0.0
C0G620 2002122907 -9999 -9999 -9999 0.0
C0G620 2002122908 -9999 -9999 -9999 0.0
C0G620 2002122909 -9999 -9999 -9999 0.0
C0G620 2002122910 -9999 -9999 -9999 0.0
C0G620 2002122911 -9999 -9999 -9999 0.0
C0G620 2002122912 -9999 -9999 -9999 0.0
C0G620 2002122913 -9999 -9999 -9999 0.0
C0G620 2002122914 -9999 -9999 -9999 0.0
C0G620 2002122915 -9999 -9999 -9999 0.0
C0G620 2002122916 -9999 -9999 -9999 0.0
C0G620 2002122917 -9999 -9999 -9999 0.0
C0G620 2002122918 -9999 -9999 -9999 0.0
C0G620 2002122919 -9999 -9999 -9999 0.0
C0G620 2002122920 -9999 -9999 -9999 0.0
C0G620 2002122921 -9999 -9999 -9999 0.0
C0G620 2002122922 -9999 -9999 -9999 0.0
C0G620 2002122923 -9999 -9999 -9999 0.0
C0G620 2002122924 -9999 -9999 -9999 0.0
C0G620 2002123001 -9999 -9999 -9999 0.0
C0G620 2002123002 -9999 -9999 -9999 0.0
C0G620 2002123003 -9999 -9999 -9999 0.0
C0G620 2002123004 -9999 -9999 -9999 0.0
C0G620 2002123005 -9999 -9999 -9999 0.0
C0G620 2002123006 -9999 -9999 -9999 0.0
C0G620 2002123007 -9999 -9999 -9999 0.0
C0G620 2002123008 -9999 -9999 -9999 0.0
C0G620 2002123009 -9999 -9999 -9999 0.0
C0G620 2002123010 -9999 -9999 -9999 0.0
C0G620 2002123011 -9999 -9999 -9999 0.0
C0G620 2002123012 -9999 -9999 -9999 0.0
C0G620 2002123013 -9999 -9999 -9999 0.0
C0G620 2002123014 -9999 -9999 -9999 0.0
C0G620 2002123015 -9999 -9999 -9999 0.0
C0G620 2002123016 -9999 -9999 -9999 0.0
C0G620 2002123017 -9999 -9999 -9999 0.0
C0G620 2002123018 -9999 -9999 -9999 0.0
C0G620 2002123019 -9999 -9999 -9999 0.0
C0G620 2002123020 -9999 -9999 -9999 0.0
C0G620 2002123021 -9999 -9999 -9999 0.0
C0G620 2002123022 -9999 -9999 -9999 0.0
C0G620 2002123023 -9999 -9999 -9999 0.0
C0G620 2002123024 -9999 -9999 -9999 0.0
C0G620 2002123101 -9999 -9999 -9999 0.0
C0G620 2002123102 -9999 -9999 -9999 0.0
C0G620 2002123103 -9999 -9999 -9999 0.0
C0G620 2002123104 -9999 -9999 -9999 0.0
C0G620 2002123105 -9999 -9999 -9999 0.0
C0G620 2002123106 -9999 -9999 -9999 0.0
C0G620 2002123107 -9999 -9999 -9999 0.0
C0G620 2002123108 -9999 -9999 -9999 0.0
C0G620 2002123109 -9999 -9999 -9999 0.0
C0G620 2002123110 -9999 -9999 -9999 0.0
C0G620 2002123111 -9999 -9999 -9999 0.0
C0G620 2002123112 -9999 -9999 -9999 0.0
C0G620 2002123113 -9999 -9999 -9999 0.0
C0G620 2002123114 -9999 -9999 -9999 0.0
C0G620 2002123115 -9999 -9999 -9999 0.0
C0G620 2002123116 -9999 -9999 -9999 0.0
C0G620 2002123117 -9999 -9999 -9999 0.0
C0G620 2002123118 -9999 -9999 -9999 0.0
C0G620 2002123119 -9999 -9999 -9999 0.0
C0G620 2002123120 -9999 -9999 -9999 0.0
C0G620 2002123121 -9999 -9999 -9999 0.0
C0G620 2002123122 -9999 -9999 -9999 0.0
C0G620 2002123123 -9999 -9999 -9999 0.0
C0G620 2002123124 -9999 -9999 -9999 0.0
C0G650 2002120101 18.9 -9997 0.0 0.0
C0G650 2002120102 18.6 -9997 0.0 0.0
C0G650 2002120103 18.6 -9997 0.0 0.0
C0G650 2002120104 17.8 -9997 0.0 0.0
C0G650 2002120105 18.5 -9997 0.0 0.0
C0G650 2002120106 18.6 -9997 0.0 0.0
C0G650 2002120107 18.2 -9997 0.0 0.0
C0G650 2002120108 19.5 -9997 0.0 0.0
C0G650 2002120109 20.4 -9997 0.0 0.0
C0G650 2002120110 22.4 -9997 0.0 0.0
C0G650 2002120111 24.1 -9997 0.0 0.0
C0G650 2002120112 25.5 -9997 0.1 0.0
C0G650 2002120113 26.2 -9997 0.1 0.0
C0G650 2002120114 26.7 -9997 0.1 0.0
C0G650 2002120115 27.1 -9997 0.1 0.0
C0G650 2002120116 25.5 -9997 0.1 0.0
C0G650 2002120117 23.6 -9997 0.0 0.0
C0G650 2002120118 22.8 -9997 0.0 0.0
C0G650 2002120119 22.1 -9997 0.0 0.0
C0G650 2002120120 21.6 -9997 0.0 0.0
C0G650 2002120121 20.6 -9997 0.0 0.0
C0G650 2002120122 19.3 -9997 0.0 0.0
C0G650 2002120123 19.2 -9997 0.0 0.0
C0G650 2002120124 18.4 -9997 0.0 0.0
C0G650 2002120201 19.3 -9997 0.0 0.0
C0G650 2002120202 19.0 -9997 0.0 0.0
C0G650 2002120203 18.7 -9997 0.0 0.0
C0G650 2002120204 17.7 -9997 0.0 0.0
C0G650 2002120205 17.7 -9997 0.0 0.0
C0G650 2002120206 17.2 -9997 0.0 0.0
C0G650 2002120207 17.8 -9997 0.0 0.0
C0G650 2002120208 20.8 -9997 0.0 0.0
C0G650 2002120209 23.6 -9997 0.0 0.0
C0G650 2002120210 26.1 -9997 0.5 0.0
C0G650 2002120211 27.9 -9997 0.9 0.0
C0G650 2002120212 28.6 -9997 0.6 0.0
C0G650 2002120213 29.8 -9997 0.1 0.0
C0G650 2002120214 29.0 -9997 0.0 0.0
C0G650 2002120215 25.7 -9997 0.6 0.0
C0G650 2002120216 24.2 -9997 0.5 0.0
C0G650 2002120217 23.0 -9997 0.2 0.0
C0G650 2002120218 22.3 -9997 0.3 0.0
C0G650 2002120219 21.4 -9997 0.0 0.0
C0G650 2002120220 20.9 -9997 0.0 0.0
C0G650 2002120221 20.3 -9997 0.0 0.0
C0G650 2002120222 19.7 -9997 0.0 0.0
C0G650 2002120223 18.9 -9997 0.2 0.0
C0G650 2002120224 18.7 -9997 0.0 0.0
C0G650 2002120301 19.1 -9997 0.0 0.0
C0G650 2002120302 19.5 -9997 0.0 0.0
C0G650 2002120303 19.7 -9997 0.0 0.0
C0G650 2002120304 19.8 -9997 0.1 0.0
C0G650 2002120305 19.1 -9997 0.0 0.0
C0G650 2002120306 18.5 -9997 0.0 0.0
C0G650 2002120307 18.4 -9997 0.0 0.0
C0G650 2002120308 19.7 -9997 0.0 0.0
C0G650 2002120309 24.1 -9997 0.2 0.0
C0G650 2002120310 25.6 -9997 0.7 0.0
C0G650 2002120311 27.2 -9997 -9997 0.0
C0G650 2002120312 27.4 -9997 0.7 0.0
C0G650 2002120313 30.0 -9997 0.2 0.0
C0G650 2002120314 30.7 -9997 0.7 0.0
C0G650 2002120315 28.9 -9997 0.5 0.0
C0G650 2002120316 27.1 -9997 0.4 0.0
C0G650 2002120317 26.1 -9997 0.0 0.0
C0G650 2002120318 24.6 -9997 0.0 0.0
C0G650 2002120319 23.4 -9997 0.0 0.0
C0G650 2002120320 22.6 -9997 0.0 0.0
C0G650 2002120321 21.5 -9997 0.0 0.0
C0G650 2002120322 20.5 -9997 0.0 0.0
C0G650 2002120323 20.0 -9997 0.0 0.0
C0G650 2002120324 20.4 -9997 0.0 0.0
C0G650 2002120401 20.5 -9997 0.0 0.0
C0G650 2002120402 19.8 -9997 0.0 0.0
C0G650 2002120403 19.5 -9997 0.0 0.0
C0G650 2002120404 19.8 -9997 0.0 0.0
C0G650 2002120405 19.6 -9997 0.0 0.0
C0G650 2002120406 20.4 -9997 0.0 0.0
C0G650 2002120407 21.0 -9997 0.0 0.0
C0G650 2002120408 24.3 -9997 0.0 0.0
C0G650 2002120409 26.8 -9997 0.0 0.0
C0G650 2002120410 26.8 -9997 1.1 0.0
C0G650 2002120411 28.0 -9997 1.5 0.0
C0G650 2002120412 29.7 -9997 0.0 0.0
C0G650 2002120413 29.2 -9997 0.4 0.0
C0G650 2002120414 29.2 -9997 1.3 0.0
C0G650 2002120415 27.8 -9997 0.4 0.0
C0G650 2002120416 27.1 -9997 0.3 0.0
C0G650 2002120417 25.6 -9997 0.2 0.0
C0G650 2002120418 24.6 -9997 0.0 0.0
C0G650 2002120419 23.8 -9997 0.0 0.0
C0G650 2002120420 22.1 -9997 0.0 0.0
C0G650 2002120421 21.5 -9997 0.0 0.0
C0G650 2002120422 22.3 -9997 0.0 0.0
C0G650 2002120423 21.7 -9997 0.0 0.0
C0G650 2002120424 21.0 -9997 0.0 0.0
C0G650 2002120501 20.4 -9997 0.0 0.0
C0G650 2002120502 19.9 -9997 0.0 0.0
C0G650 2002120503 19.7 -9997 0.0 0.0
C0G650 2002120504 19.2 -9997 0.0 0.0
C0G650 2002120505 19.1 -9997 0.0 0.0
C0G650 2002120506 18.6 -9997 0.0 0.0
C0G650 2002120507 19.2 -9997 0.0 0.0
C0G650 2002120508 21.9 -9997 0.0 0.0
C0G650 2002120509 25.3 -9997 0.1 0.0
C0G650 2002120510 25.6 -9997 0.0 0.0
C0G650 2002120511 29.0 -9997 0.2 0.0
C0G650 2002120512 28.0 -9997 0.8 0.0
C0G650 2002120513 27.6 -9997 0.7 0.0
C0G650 2002120514 27.4 -9997 0.8 0.0
C0G650 2002120515 26.5 -9997 0.2 0.0
C0G650 2002120516 26.3 -9997 0.4 0.0
C0G650 2002120517 24.5 -9997 0.2 0.0
C0G650 2002120518 23.6 -9997 0.0 0.0
C0G650 2002120519 22.7 -9997 0.0 0.0
C0G650 2002120520 21.6 -9997 0.0 0.0
C0G650 2002120521 20.8 -9997 0.0 0.0
C0G650 2002120522 20.4 -9997 0.0 0.0
C0G650 2002120523 20.0 -9997 0.0 0.0
C0G650 2002120524 19.8 -9997 0.0 0.0
C0G650 2002120601 19.5 -9997 0.0 0.0
C0G650 2002120602 19.2 -9997 0.0 0.0
C0G650 2002120603 19.4 -9997 0.0 0.0
C0G650 2002120604 18.9 -9997 0.0 0.0
C0G650 2002120605 18.2 -9997 0.0 0.0
C0G650 2002120606 18.6 -9997 0.0 0.0
C0G650 2002120607 19.0 -9997 0.0 0.0
C0G650 2002120608 23.9 -9997 0.0 0.0
C0G650 2002120609 27.1 -9997 0.1 0.0
C0G650 2002120610 27.4 -9997 0.2 0.0
C0G650 2002120611 28.7 -9997 0.9 0.0
C0G650 2002120612 29.7 -9997 0.2 0.0
C0G650 2002120613 28.9 -9997 0.1 0.0
C0G650 2002120614 30.5 -9997 0.5 0.0
C0G650 2002120615 29.3 -9997 0.5 0.0
C0G650 2002120616 27.1 -9997 0.1 0.0
C0G650 2002120617 26.0 -9997 0.0 0.0
C0G650 2002120618 24.8 -9997 0.0 0.0
C0G650 2002120619 24.9 -9997 0.0 0.0
C0G650 2002120620 22.9 -9997 0.0 0.0
C0G650 2002120621 22.0 -9997 0.0 0.0
C0G650 2002120622 21.6 -9997 0.0 0.0
C0G650 2002120623 20.9 -9997 0.0 0.0
C0G650 2002120624 21.4 -9997 0.0 0.0
C0G650 2002120701 21.3 -9997 0.0 0.0
C0G650 2002120702 21.1 -9997 0.0 0.0
C0G650 2002120703 21.0 -9997 0.0 0.0
C0G650 2002120704 21.2 -9997 0.0 0.0
C0G650 2002120705 20.6 -9997 0.0 0.0
C0G650 2002120706 20.1 -9997 0.0 0.0
C0G650 2002120707 19.6 -9997 0.0 0.0
C0G650 2002120708 23.1 -9997 0.0 0.0
C0G650 2002120709 25.7 -9997 0.0 0.0
C0G650 2002120710 28.5 -9997 0.1 0.0
C0G650 2002120711 30.5 -9997 0.3 0.0
C0G650 2002120712 32.1 -9997 0.7 0.0
C0G650 2002120713 32.0 -9997 1.1 0.0
C0G650 2002120714 31.8 -9997 0.6 0.0
C0G650 2002120715 25.9 -9997 1.2 0.0
C0G650 2002120716 24.9 -9997 0.9 0.0
C0G650 2002120717 24.6 -9997 0.1 0.0
C0G650 2002120718 24.5 -9997 0.2 0.0
C0G650 2002120719 24.2 -9997 0.0 0.0
C0G650 2002120720 23.7 -9997 0.0 0.0
C0G650 2002120721 23.2 -9997 0.0 0.0
C0G650 2002120722 23.2 -9997 0.1 0.0
C0G650 2002120723 22.8 -9997 0.2 0.0
C0G650 2002120724 22.1 -9997 0.0 0.0
C0G650 2002120801 21.1 -9997 0.2 0.0
C0G650 2002120802 20.9 -9997 0.2 0.0
C0G650 2002120803 20.1 -9997 0.0 0.0
C0G650 2002120804 20.3 -9997 0.5 0.0
C0G650 2002120805 19.7 -9997 0.3 0.0
C0G650 2002120806 19.2 -9997 1.0 0.0
C0G650 2002120807 19.1 -9997 0.3 0.0
C0G650 2002120808 19.4 -9997 0.3 0.0
C0G650 2002120809 19.4 -9997 0.5 0.0
C0G650 2002120810 19.1 -9997 1.1 0.0
C0G650 2002120811 20.2 -9997 0.8 0.0
C0G650 2002120812 20.7 -9997 1.0 0.0
C0G650 2002120813 20.8 -9997 1.4 0.0
C0G650 2002120814 19.0 -9997 1.0 0.0
C0G650 2002120815 18.1 -9997 0.9 0.0
C0G650 2002120816 16.9 -9997 1.4 0.0
C0G650 2002120817 16.0 -9997 1.5 0.0
C0G650 2002120818 15.5 -9997 1.1 0.0
C0G650 2002120819 15.0 -9997 1.3 0.0
C0G650 2002120820 15.1 -9997 0.9 0.0
C0G650 2002120821 14.8 -9997 1.3 0.0
C0G650 2002120822 14.8 -9997 1.2 0.0
C0G650 2002120823 14.4 -9997 0.8 0.0
C0G650 2002120824 14.1 -9997 1.5 0.0
C0G650 2002120901 13.4 -9997 1.8 0.0
C0G650 2002120902 13.4 -9997 1.4 0.0
C0G650 2002120903 13.5 -9997 0.3 0.0
C0G650 2002120904 13.4 -9997 0.6 0.0
C0G650 2002120905 13.3 -9997 0.9 0.0
C0G650 2002120906 13.3 -9997 0.9 0.0
C0G650 2002120907 13.2 -9997 1.0 0.0
C0G650 2002120908 13.4 -9997 1.0 0.0
C0G650 2002120909 14.0 -9997 1.7 0.0
C0G650 2002120910 14.9 -9997 1.0 0.0
C0G650 2002120911 15.8 -9997 0.7 0.0
C0G650 2002120912 16.7 -9997 0.3 0.0
C0G650 2002120913 16.9 -9997 1.0 0.0
C0G650 2002120914 16.3 -9997 1.1 0.0
C0G650 2002120915 15.7 -9997 1.1 0.0
C0G650 2002120916 15.1 -9997 0.8 0.0
C0G650 2002120917 14.6 -9997 0.6 0.0
C0G650 2002120918 13.8 -9997 0.8 0.0
C0G650 2002120919 13.7 -9997 0.1 0.0
C0G650 2002120920 13.4 -9997 0.3 0.0
C0G650 2002120921 12.4 -9997 0.4 0.0
C0G650 2002120922 12.1 -9997 0.0 0.0
C0G650 2002120923 12.3 -9997 0.0 0.0
C0G650 2002120924 12.2 -9997 0.0 0.0
C0G650 2002121001 12.5 -9997 0.1 0.0
C0G650 2002121002 12.7 -9997 0.2 0.0
C0G650 2002121003 12.7 -9997 0.2 0.0
C0G650 2002121004 12.5 -9997 0.0 0.0
C0G650 2002121005 12.8 -9997 0.0 0.0
C0G650 2002121006 12.4 -9997 0.2 0.0
C0G650 2002121007 13.0 -9997 0.0 0.0
C0G650 2002121008 13.8 -9997 0.3 0.0
C0G650 2002121009 14.6 -9997 0.1 0.0
C0G650 2002121010 16.3 -9997 0.1 0.0
C0G650 2002121011 18.3 -9997 0.6 0.0
C0G650 2002121012 20.3 -9997 0.3 0.0
C0G650 2002121013 20.4 -9997 0.8 0.0
C0G650 2002121014 20.8 -9997 -9997 0.0
C0G650 2002121015 21.1 -9997 0.3 0.0
C0G650 2002121016 20.0 -9997 0.6 0.0
C0G650 2002121017 18.1 -9997 0.0 0.0
C0G650 2002121018 16.9 -9997 0.1 0.0
C0G650 2002121019 15.7 -9997 0.0 0.0
C0G650 2002121020 15.5 -9997 0.0 0.0
C0G650 2002121021 15.0 -9997 0.0 0.0
C0G650 2002121022 14.6 -9997 0.0 0.0
C0G650 2002121023 13.9 -9997 0.0 0.0
C0G650 2002121024 13.3 -9997 0.0 0.0
C0G650 2002121101 13.0 -9997 0.0 0.0
C0G650 2002121102 12.5 -9997 0.0 0.0
C0G650 2002121103 12.8 -9997 0.0 0.0
C0G650 2002121104 13.4 -9997 0.0 0.0
C0G650 2002121105 13.7 -9997 0.0 0.0
C0G650 2002121106 14.0 -9997 0.0 0.0
C0G650 2002121107 13.0 -9997 0.0 0.0
C0G650 2002121108 15.4 -9997 0.0 0.0
C0G650 2002121109 17.9 -9997 0.0 0.0
C0G650 2002121110 20.5 -9997 0.0 0.0
C0G650 2002121111 22.6 -9997 0.0 0.0
C0G650 2002121112 23.1 -9997 0.2 0.0
C0G650 2002121113 23.2 -9997 0.9 0.0
C0G650 2002121114 22.7 -9997 0.1 0.0
C0G650 2002121115 21.8 -9997 0.5 0.0
C0G650 2002121116 20.7 -9997 0.5 0.0
C0G650 2002121117 20.1 -9997 0.3 0.0
C0G650 2002121118 -9997 -9997 -9997 0.0
C0G650 2002121119 19.2 -9997 0.0 0.0
C0G650 2002121120 19.4 -9997 0.1 0.0
C0G650 2002121121 19.2 -9997 0.2 0.0
C0G650 2002121122 19.1 -9997 0.0 0.0
C0G650 2002121123 18.8 -9997 0.0 0.0
C0G650 2002121124 18.0 -9997 0.0 0.0
C0G650 2002121201 18.1 -9997 0.0 0.0
C0G650 2002121202 17.4 -9997 0.0 0.0
C0G650 2002121203 16.5 -9997 0.5 0.0
C0G650 2002121204 16.0 -9997 0.0 1.0
C0G650 2002121205 16.0 -9997 0.4 1.5
C0G650 2002121206 16.2 -9997 0.7 1.0
C0G650 2002121207 16.0 -9997 0.6 0.0
C0G650 2002121208 16.8 -9997 0.7 0.5
C0G650 2002121209 17.4 -9997 0.5 0.0
C0G650 2002121210 18.6 -9997 1.1 0.0
C0G650 2002121211 17.4 -9997 0.6 0.0
C0G650 2002121212 18.4 -9997 0.7 0.0
C0G650 2002121213 19.3 -9997 0.9 0.0
C0G650 2002121214 19.2 -9997 1.5 0.0
C0G650 2002121215 18.1 -9997 1.3 0.0
C0G650 2002121216 17.7 -9997 0.6 0.0
C0G650 2002121217 16.4 -9997 0.9 0.0
C0G650 2002121218 15.5 -9997 0.3 0.0
C0G650 2002121219 15.3 -9997 0.3 0.0
C0G650 2002121220 15.0 -9997 0.1 0.0
C0G650 2002121221 14.6 -9997 0.0 0.0
C0G650 2002121222 14.6 -9997 0.1 0.0
C0G650 2002121223 14.6 -9997 0.2 0.0
C0G650 2002121224 14.3 -9997 0.1 0.0
C0G650 2002121301 13.7 -9997 0.0 0.0
C0G650 2002121302 13.4 -9997 0.1 0.0
C0G650 2002121303 13.2 -9997 0.0 0.0
C0G650 2002121304 13.1 -9997 0.0 0.0
C0G650 2002121305 12.6 -9997 0.1 0.0
C0G650 2002121306 12.6 -9997 0.1 0.0
C0G650 2002121307 11.9 -9997 0.0 0.0
C0G650 2002121308 14.4 -9997 0.1 0.0
C0G650 2002121309 16.2 -9997 0.4 0.0
C0G650 2002121310 18.4 -9997 0.7 0.0
C0G650 2002121311 19.7 -9997 1.5 0.0
C0G650 2002121312 21.2 -9997 0.7 0.0
C0G650 2002121313 21.7 -9997 0.7 0.0
C0G650 2002121314 22.6 -9997 0.5 0.0
C0G650 2002121315 22.2 -9997 0.5 0.0
C0G650 2002121316 21.8 -9997 0.4 0.0
C0G650 2002121317 19.5 -9997 0.2 0.0
C0G650 2002121318 17.7 -9997 0.1 0.0
C0G650 2002121319 15.9 -9997 0.0 0.0
C0G650 2002121320 14.0 -9997 0.0 0.0
C0G650 2002121321 13.0 -9997 0.0 0.0
C0G650 2002121322 12.2 -9997 0.0 0.0
C0G650 2002121323 12.0 -9997 0.0 0.0
C0G650 2002121324 12.1 -9997 0.1 0.0
C0G650 2002121401 11.9 -9997 0.0 0.0
C0G650 2002121402 11.5 -9997 0.0 0.0
C0G650 2002121403 11.0 -9997 0.0 0.0
C0G650 2002121404 10.8 -9997 0.0 0.0
C0G650 2002121405 11.0 -9997 0.0 0.0
C0G650 2002121406 11.7 -9997 0.0 0.0
C0G650 2002121407 12.0 -9997 0.0 0.0
C0G650 2002121408 16.8 -9997 0.0 0.0
C0G650 2002121409 19.7 -9997 0.0 0.0
C0G650 2002121410 21.9 -9997 0.5 0.0
C0G650 2002121411 22.5 -9997 1.3 0.0
C0G650 2002121412 23.3 -9997 1.1 0.0
C0G650 2002121413 24.5 -9997 0.3 0.0
C0G650 2002121414 25.4 -9997 0.4 0.0
C0G650 2002121415 24.2 -9997 0.4 0.0
C0G650 2002121416 22.8 -9997 0.1 0.0
C0G650 2002121417 21.4 -9997 0.0 0.0
C0G650 2002121418 18.4 -9997 0.0 0.0
C0G650 2002121419 17.0 -9997 0.0 0.0
C0G650 2002121420 15.7 -9997 0.0 0.0
C0G650 2002121421 15.1 -9997 0.0 0.0
C0G650 2002121422 14.4 -9997 0.0 0.0
C0G650 2002121423 14.2 -9997 0.0 0.0
C0G650 2002121424 13.7 -9997 0.0 0.0
C0G650 2002121501 13.3 -9997 0.0 0.0
C0G650 2002121502 12.9 -9997 0.0 0.0
C0G650 2002121503 12.5 -9997 0.0 0.0
C0G650 2002121504 12.3 -9997 0.0 0.0
C0G650 2002121505 12.0 -9997 0.0 0.0
C0G650 2002121506 12.0 -9997 0.0 0.0
C0G650 2002121507 12.5 -9997 0.0 0.0
C0G650 2002121508 16.1 -9997 0.0 0.0
C0G650 2002121509 -9997 -9997 0.0 0.0
C0G650 2002121510 23.1 -9997 0.0 0.0
C0G650 2002121511 24.0 -9997 1.6 0.0
C0G650 2002121512 25.5 -9997 2.2 0.0
C0G650 2002121513 26.4 -9997 0.2 0.0
C0G650 2002121514 25.8 -9997 0.5 0.0
C0G650 2002121515 25.1 -9997 0.2 0.0
C0G650 2002121516 24.1 -9997 0.1 0.0
C0G650 2002121517 23.3 -9997 0.3 0.0
C0G650 2002121518 21.0 -9997 0.0 0.0
C0G650 2002121519 18.9 -9997 0.0 0.0
C0G650 2002121520 -9997 -9997 -9997 0.0
C0G650 2002121521 15.9 -9997 0.0 0.0
C0G650 2002121522 15.4 -9997 0.0 0.0
C0G650 2002121523 15.0 -9997 0.0 0.0
C0G650 2002121524 14.6 -9997 0.0 0.0
C0G650 2002121601 14.7 -9997 0.0 0.0
C0G650 2002121602 14.7 -9997 0.0 0.0
C0G650 2002121603 16.0 -9997 0.0 0.0
C0G650 2002121604 15.3 -9997 0.0 0.0
C0G650 2002121605 15.2 -9997 0.0 0.0
C0G650 2002121606 15.1 -9997 0.0 0.0
C0G650 2002121607 15.2 -9997 0.0 0.0
C0G650 2002121608 17.3 -9997 0.0 0.0
C0G650 2002121609 20.9 -9997 0.0 0.0
C0G650 2002121610 24.9 -9997 0.0 0.0
C0G650 2002121611 25.5 -9997 0.7 0.0
C0G650 2002121612 27.9 -9997 0.7 0.0
C0G650 2002121613 26.5 -9997 0.2 0.0
C0G650 2002121614 25.0 -9997 0.1 0.0
C0G650 2002121615 25.6 -9997 0.3 0.0
C0G650 2002121616 23.5 -9997 0.1 0.0
C0G650 2002121617 22.2 -9997 0.0 0.0
C0G650 2002121618 20.1 -9997 0.0 0.0
C0G650 2002121619 18.4 -9997 0.0 0.0
C0G650 2002121620 18.5 -9997 0.0 0.0
C0G650 2002121621 17.2 -9997 0.0 0.0
C0G650 2002121622 16.6 -9997 0.0 0.0
C0G650 2002121623 16.0 -9997 0.0 0.0
C0G650 2002121624 15.4 -9997 0.0 0.0
C0G650 2002121701 14.8 -9997 0.0 0.0
C0G650 2002121702 14.5 -9997 0.0 0.0
C0G650 2002121703 14.1 -9997 0.0 0.0
C0G650 2002121704 13.6 -9997 0.0 0.0
C0G650 2002121705 13.3 -9997 0.0 0.0
C0G650 2002121706 13.1 -9997 0.0 0.0
C0G650 2002121707 13.0 -9997 0.0 0.0
C0G650 2002121708 16.6 -9997 0.0 0.0
C0G650 2002121709 21.8 -9997 0.0 0.0
C0G650 2002121710 -9997 -9997 0.2 0.0
C0G650 2002121711 27.5 -9997 0.5 0.0
C0G650 2002121712 28.0 -9997 1.1 0.0
C0G650 2002121713 28.3 -9997 0.3 0.0
C0G650 2002121714 28.9 -9997 1.0 0.0
C0G650 2002121715 26.6 -9997 0.3 0.0
C0G650 2002121716 25.6 -9997 0.0 0.0
C0G650 2002121717 24.2 -9997 0.0 0.0
C0G650 2002121718 22.7 -9997 0.0 0.0
C0G650 2002121719 21.2 -9997 0.0 0.0
C0G650 2002121720 20.2 -9997 0.0 0.0
C0G650 2002121721 19.0 -9997 0.0 0.0
C0G650 2002121722 18.6 -9997 -9997 0.0
C0G650 2002121723 18.6 -9997 0.0 0.0
C0G650 2002121724 17.4 -9997 0.0 0.0
C0G650 2002121801 17.3 -9997 0.0 0.0
C0G650 2002121802 17.5 -9997 0.0 0.0
C0G650 2002121803 17.1 -9997 0.0 0.0
C0G650 2002121804 16.7 -9997 0.0 0.0
C0G650 2002121805 16.3 -9997 0.0 0.0
C0G650 2002121806 16.3 -9997 0.0 0.0
C0G650 2002121807 15.7 -9997 0.0 0.0
C0G650 2002121808 16.8 -9997 0.0 0.0
C0G650 2002121809 19.4 -9997 0.0 0.0
C0G650 2002121810 22.0 -9997 0.0 0.0
C0G650 2002121811 23.6 -9997 0.1 0.0
C0G650 2002121812 25.9 -9997 0.0 0.0
C0G650 2002121813 28.0 -9997 0.0 0.0
C0G650 2002121814 28.6 -9997 0.0 0.0
C0G650 2002121815 28.4 -9997 0.1 0.0
C0G650 2002121816 26.1 -9997 0.1 0.0
C0G650 2002121817 24.9 -9997 0.0 0.0
C0G650 2002121818 22.9 -9997 0.0 0.0
C0G650 2002121819 21.8 -9997 0.0 0.0
C0G650 2002121820 -9997 -9997 0.0 0.0
C0G650 2002121821 20.5 -9997 0.0 0.0
C0G650 2002121822 20.8 -9997 0.0 0.0
C0G650 2002121823 20.6 -9997 0.0 0.0
C0G650 2002121824 20.1 -9997 0.0 0.0
C0G650 2002121901 20.2 -9997 0.0 0.0
C0G650 2002121902 19.6 -9997 0.0 0.5
C0G650 2002121903 19.3 -9997 0.0 0.5
C0G650 2002121904 19.0 -9997 0.0 0.0
C0G650 2002121905 20.4 -9997 0.4 0.0
C0G650 2002121906 19.8 -9997 1.1 1.0
C0G650 2002121907 20.1 -9997 1.8 3.5
C0G650 2002121908 20.8 -9997 0.7 0.0
C0G650 2002121909 22.1 -9997 0.0 0.5
C0G650 2002121910 27.2 -9997 0.5 0.0
C0G650 2002121911 26.3 -9997 0.5 0.0
C0G650 2002121912 25.5 -9997 0.5 0.0
C0G650 2002121913 25.6 -9997 0.3 0.0
C0G650 2002121914 25.6 -9997 0.5 0.0
C0G650 2002121915 26.7 -9997 0.4 0.0
C0G650 2002121916 24.2 -9997 0.2 0.0
C0G650 2002121917 23.2 -9997 0.0 0.0
C0G650 2002121918 21.2 -9997 0.0 0.0
C0G650 2002121919 20.2 -9997 0.1 0.0
C0G650 2002121920 20.2 -9997 0.3 0.0
C0G650 2002121921 19.6 -9997 0.0 0.0
C0G650 2002121922 19.6 -9997 1.3 0.0
C0G650 2002121923 18.9 -9997 0.1 2.0
C0G650 2002121924 18.6 -9997 0.5 4.0
C0G650 2002122001 17.1 -9997 0.0 0.0
C0G650 2002122002 18.1 -9997 0.0 0.0
C0G650 2002122003 17.9 -9997 0.0 0.0
C0G650 2002122004 18.0 -9997 0.0 0.0
C0G650 2002122005 18.7 -9997 0.5 0.0
C0G650 2002122006 18.5 -9997 0.0 0.0
C0G650 2002122007 18.2 -9997 0.0 0.0
C0G650 2002122008 19.1 -9997 0.0 0.0
C0G650 2002122009 20.7 -9997 0.0 0.0
C0G650 2002122010 20.9 -9997 0.2 0.0
C0G650 2002122011 20.6 -9997 0.1 0.5
C0G650 2002122012 19.7 -9997 0.0 7.5
C0G650 2002122013 20.1 -9997 0.0 1.0
C0G650 2002122014 21.0 -9997 1.1 0.0
C0G650 2002122015 21.8 -9997 0.0 0.0
C0G650 2002122016 21.6 -9997 0.5 0.0
C0G650 2002122017 20.9 -9997 0.0 0.0
C0G650 2002122018 20.7 -9997 0.4 0.0
C0G650 2002122019 20.7 -9997 0.1 0.0
C0G650 2002122020 21.1 -9997 0.0 0.0
C0G650 2002122021 20.5 -9997 0.0 0.0
C0G650 2002122022 19.7 -9997 0.0 0.0
C0G650 2002122023 19.2 -9997 -9997 0.0
C0G650 2002122024 19.1 -9997 0.0 0.0
C0G650 2002122101 19.1 -9997 0.0 0.0
C0G650 2002122102 19.2 -9997 0.0 1.0
C0G650 2002122103 19.7 -9997 0.3 0.0
C0G650 2002122104 19.2 -9997 0.0 0.5
C0G650 2002122105 18.7 -9997 0.0 3.5
C0G650 2002122106 18.9 -9997 1.2 1.0
C0G650 2002122107 20.3 -9997 0.1 0.5
C0G650 2002122108 19.7 -9997 0.0 0.5
C0G650 2002122109 20.5 -9997 0.2 0.5
C0G650 2002122110 20.9 -9997 0.3 0.5
C0G650 2002122111 19.3 -9997 1.1 0.5
C0G650 2002122112 20.2 -9997 1.1 0.0
C0G650 2002122113 22.0 -9997 1.6 0.0
C0G650 2002122114 22.5 -9997 0.8 0.0
C0G650 2002122115 23.3 -9997 1.8 0.0
C0G650 2002122116 22.4 -9997 0.3 0.0
C0G650 2002122117 20.6 -9997 -9997 1.0
C0G650 2002122118 19.7 -9997 0.0 0.5
C0G650 2002122119 19.8 -9997 0.4 0.0
C0G650 2002122120 19.6 -9997 0.0 0.0
C0G650 2002122121 19.5 -9997 0.2 0.0
C0G650 2002122122 19.4 -9997 0.0 0.0
C0G650 2002122123 18.8 -9997 0.0 0.0
C0G650 2002122124 18.4 -9997 0.1 0.0
C0G650 2002122201 18.4 -9997 0.0 0.0
C0G650 2002122202 18.3 -9997 0.0 0.0
C0G650 2002122203 18.4 -9997 0.0 0.0
C0G650 2002122204 18.3 -9997 0.0 0.0
C0G650 2002122205 17.8 -9997 0.0 0.0
C0G650 2002122206 18.0 -9997 0.0 0.0
C0G650 2002122207 17.4 -9997 0.0 0.0
C0G650 2002122208 18.2 -9997 -9997 0.0
C0G650 2002122209 20.1 -9997 0.8 0.0
C0G650 2002122210 22.0 -9997 0.0 0.0
C0G650 2002122211 23.3 -9997 0.1 0.0
C0G650 2002122212 24.8 -9997 0.3 0.0
C0G650 2002122213 25.2 -9997 0.1 0.0
C0G650 2002122214 25.8 -9997 0.0 0.0
C0G650 2002122215 25.7 -9997 0.3 0.0
C0G650 2002122216 23.9 -9997 0.1 0.0
C0G650 2002122217 22.8 -9997 0.0 0.0
C0G650 2002122218 21.3 -9997 0.1 0.0
C0G650 2002122219 20.5 -9997 0.2 0.0
C0G650 2002122220 19.5 -9997 0.0 0.0
C0G650 2002122221 18.8 -9997 0.0 0.0
C0G650 2002122222 18.2 -9997 -9997 0.0
C0G650 2002122223 18.0 -9997 0.0 0.0
C0G650 2002122224 17.8 -9997 0.0 0.0
C0G650 2002122301 18.2 -9997 0.0 0.0
C0G650 2002122302 18.3 -9997 0.0 0.0
C0G650 2002122303 18.1 -9997 0.0 0.0
C0G650 2002122304 18.1 -9997 0.0 0.0
C0G650 2002122305 18.0 -9997 0.0 0.0
C0G650 2002122306 18.0 -9997 0.0 0.0
C0G650 2002122307 18.0 -9997 0.0 0.0
C0G650 2002122308 18.7 -9997 0.1 0.0
C0G650 2002122309 19.8 -9997 0.0 0.0
C0G650 2002122310 20.6 -9997 0.3 0.0
C0G650 2002122311 20.7 -9997 0.6 0.0
C0G650 2002122312 20.9 -9997 0.2 0.0
C0G650 2002122313 -9997 -9997 1.4 0.0
C0G650 2002122314 21.9 -9997 0.1 0.0
C0G650 2002122315 22.5 -9997 0.3 0.0
C0G650 2002122316 22.5 -9997 -9997 0.0
C0G650 2002122317 21.9 -9997 0.0 0.0
C0G650 2002122318 20.6 -9997 -9997 0.0
C0G650 2002122319 19.7 -9997 0.0 0.0
C0G650 2002122320 19.1 -9997 0.0 0.0
C0G650 2002122321 18.5 -9997 0.0 0.0
C0G650 2002122322 18.0 -9997 0.0 0.0
C0G650 2002122323 17.8 -9997 0.0 0.0
C0G650 2002122324 17.6 -9997 0.0 0.0
C0G650 2002122401 17.7 -9997 0.0 0.0
C0G650 2002122402 18.1 -9997 0.0 0.0
C0G650 2002122403 17.6 -9997 0.0 0.0
C0G650 2002122404 17.6 -9997 0.0 0.0
C0G650 2002122405 17.8 -9997 0.0 0.0
C0G650 2002122406 17.9 -9997 0.0 0.0
C0G650 2002122407 18.0 -9997 0.0 0.0
C0G650 2002122408 18.4 -9997 0.0 0.0
C0G650 2002122409 19.5 -9997 0.2 0.0
C0G650 2002122410 21.0 -9997 0.0 0.0
C0G650 2002122411 21.5 -9997 0.2 0.0
C0G650 2002122412 22.8 -9997 0.1 0.0
C0G650 2002122413 23.0 -9997 0.2 0.0
C0G650 2002122414 23.3 -9997 0.1 0.0
C0G650 2002122415 23.4 -9997 0.8 0.0
C0G650 2002122416 22.3 -9997 0.1 0.0
C0G650 2002122417 21.6 -9997 0.0 0.0
C0G650 2002122418 20.9 -9997 0.0 0.0
C0G650 2002122419 20.5 -9997 0.0 0.0
C0G650 2002122420 19.9 -9997 0.0 0.0
C0G650 2002122421 19.5 -9997 0.0 0.0
C0G650 2002122422 18.8 -9997 0.0 0.0
C0G650 2002122423 18.4 -9997 0.1 0.0
C0G650 2002122424 18.4 -9997 0.0 0.0
C0G650 2002122501 18.1 -9997 0.1 0.0
C0G650 2002122502 19.0 -9997 0.5 0.0
C0G650 2002122503 19.2 -9997 0.0 0.0
C0G650 2002122504 18.9 -9997 0.2 0.0
C0G650 2002122505 17.9 -9997 0.2 0.0
C0G650 2002122506 18.2 -9997 0.1 0.0
C0G650 2002122507 18.1 -9997 0.0 0.0
C0G650 2002122508 19.1 -9997 0.1 0.0
C0G650 2002122509 19.6 -9997 0.2 0.0
C0G650 2002122510 20.2 -9997 1.1 0.0
C0G650 2002122511 20.9 -9997 0.2 0.0
C0G650 2002122512 21.4 -9997 1.0 0.0
C0G650 2002122513 21.0 -9997 0.5 0.0
C0G650 2002122514 19.4 -9997 0.9 0.0
C0G650 2002122515 19.1 -9997 0.8 0.0
C0G650 2002122516 18.2 -9997 0.7 0.0
C0G650 2002122517 17.1 -9997 0.3 0.0
C0G650 2002122518 16.0 -9997 0.5 0.0
C0G650 2002122519 16.0 -9997 0.6 0.0
C0G650 2002122520 16.1 -9997 0.4 0.0
C0G650 2002122521 15.9 -9997 0.1 0.0
C0G650 2002122522 15.8 -9997 0.0 0.0
C0G650 2002122523 15.4 -9997 0.2 0.0
C0G650 2002122524 15.2 -9997 0.1 0.0
C0G650 2002122601 14.3 -9997 1.0 0.0
C0G650 2002122602 14.0 -9997 1.0 0.0
C0G650 2002122603 14.3 -9997 0.2 0.0
C0G650 2002122604 13.9 -9997 0.4 0.0
C0G650 2002122605 13.9 -9997 0.8 0.0
C0G650 2002122606 13.9 -9997 0.2 0.0
C0G650 2002122607 14.2 -9997 0.1 0.0
C0G650 2002122608 14.9 -9997 0.7 0.0
C0G650 2002122609 15.0 -9997 0.8 0.0
C0G650 2002122610 16.1 -9997 0.7 0.0
C0G650 2002122611 15.9 -9997 0.9 0.0
C0G650 2002122612 16.4 -9997 0.2 0.0
C0G650 2002122613 15.8 -9997 1.1 0.0
C0G650 2002122614 16.0 -9997 0.4 0.0
C0G650 2002122615 16.0 -9997 0.1 0.0
C0G650 2002122616 14.8 -9997 0.6 0.0
C0G650 2002122617 13.6 -9997 0.1 0.5
C0G650 2002122618 13.5 -9997 0.4 0.5
C0G650 2002122619 13.7 -9997 0.3 0.0
C0G650 2002122620 13.7 -9997 0.2 0.0
C0G650 2002122621 14.0 -9997 1.1 0.0
C0G650 2002122622 13.6 -9997 0.2 0.0
C0G650 2002122623 12.7 -9997 0.0 1.5
C0G650 2002122624 12.5 -9997 0.1 2.0
C0G650 2002122701 12.2 -9997 0.1 2.0
C0G650 2002122702 12.2 -9997 0.4 2.0
C0G650 2002122703 12.0 -9997 0.2 1.5
C0G650 2002122704 12.1 -9997 0.4 0.5
C0G650 2002122705 12.0 -9997 0.1 0.0
C0G650 2002122706 12.0 -9997 0.2 0.0
C0G650 2002122707 11.9 -9997 0.2 1.5
C0G650 2002122708 12.2 -9997 0.1 -9996
C0G650 2002122709 12.4 -9997 0.3 1.0
C0G650 2002122710 12.7 -9997 0.8 1.0
C0G650 2002122711 13.1 -9997 0.2 0.0
C0G650 2002122712 12.6 -9997 0.5 1.0
C0G650 2002122713 13.6 -9997 1.0 0.0
C0G650 2002122714 14.0 -9997 0.7 0.0
C0G650 2002122715 13.8 -9997 0.1 0.0
C0G650 2002122716 13.8 -9997 0.8 0.0
C0G650 2002122717 13.3 -9997 0.4 0.0
C0G650 2002122718 13.0 -9997 0.0 0.0
C0G650 2002122719 13.2 -9997 0.4 0.0
C0G650 2002122720 13.0 -9997 1.1 0.0
C0G650 2002122721 13.1 -9997 0.0 0.5
C0G650 2002122722 13.1 -9997 0.0 0.0
C0G650 2002122723 13.2 -9997 0.0 0.0
C0G650 2002122724 13.0 -9997 0.0 0.0
C0G650 2002122801 13.0 -9997 0.0 0.0
C0G650 2002122802 13.0 -9997 0.1 0.0
C0G650 2002122803 13.1 -9997 0.0 0.0
C0G650 2002122804 13.3 -9997 0.1 0.5
C0G650 2002122805 13.3 -9997 0.2 0.0
C0G650 2002122806 13.5 -9997 0.2 0.0
C0G650 2002122807 13.6 -9997 0.0 0.0
C0G650 2002122808 14.0 -9997 0.0 0.0
C0G650 2002122809 14.4 -9997 0.2 0.0
C0G650 2002122810 15.4 -9997 0.5 0.0
C0G650 2002122811 16.6 -9997 0.0 0.0
C0G650 2002122812 18.0 -9997 0.1 0.0
C0G650 2002122813 19.1 -9997 0.5 0.0
C0G650 2002122814 19.8 -9997 0.1 0.0
C0G650 2002122815 20.5 -9997 0.5 0.0
C0G650 2002122816 20.0 -9997 0.5 0.0
C0G650 2002122817 18.4 -9997 0.0 0.0
C0G650 2002122818 17.8 -9997 0.0 0.0
C0G650 2002122819 17.5 -9997 0.0 0.0
C0G650 2002122820 16.9 -9997 0.0 0.0
C0G650 2002122821 16.4 -9997 0.0 0.0
C0G650 2002122822 16.4 -9997 0.0 0.0
C0G650 2002122823 15.8 -9997 0.0 0.0
C0G650 2002122824 15.3 -9997 0.0 0.0
C0G650 2002122901 15.2 -9997 0.0 0.0
C0G650 2002122902 14.6 -9997 0.0 0.0
C0G650 2002122903 14.5 -9997 0.2 0.0
C0G650 2002122904 14.3 -9997 0.0 0.0
C0G650 2002122905 14.3 -9997 0.0 0.0
C0G650 2002122906 14.6 -9997 0.0 0.0
C0G650 2002122907 14.4 -9997 0.0 0.0
C0G650 2002122908 15.9 -9997 0.0 0.0
C0G650 2002122909 17.8 -9997 0.0 0.0
C0G650 2002122910 19.2 -9997 0.9 0.0
C0G650 2002122911 20.4 -9997 0.2 0.0
C0G650 2002122912 21.6 -9997 0.5 0.0
C0G650 2002122913 22.2 -9997 0.2 0.0
C0G650 2002122914 22.6 -9997 0.3 0.0
C0G650 2002122915 23.3 -9997 0.0 0.0
C0G650 2002122916 22.7 -9997 0.0 0.0
C0G650 2002122917 19.8 -9997 1.0 0.0
C0G650 2002122918 19.0 -9997 0.3 0.0
C0G650 2002122919 18.1 -9997 0.0 0.0
C0G650 2002122920 18.0 -9997 0.2 0.0
C0G650 2002122921 15.8 -9997 0.0 0.0
C0G650 2002122922 17.1 -9997 0.0 0.0
C0G650 2002122923 16.3 -9997 0.0 0.0
C0G650 2002122924 16.0 -9997 0.0 0.0
C0G650 2002123001 16.7 -9997 0.0 0.0
C0G650 2002123002 16.7 -9997 0.0 0.0
C0G650 2002123003 17.2 -9997 0.0 0.0
C0G650 2002123004 16.6 -9997 0.0 0.0
C0G650 2002123005 17.4 -9997 0.0 0.0
C0G650 2002123006 17.2 -9997 0.0 0.0
C0G650 2002123007 17.2 -9997 0.0 0.0
C0G650 2002123008 18.2 -9997 0.1 0.0
C0G650 2002123009 18.6 -9997 0.8 0.0
C0G650 2002123010 20.2 -9997 0.8 0.0
C0G650 2002123011 22.1 -9997 0.0 0.0
C0G650 2002123012 22.5 -9997 0.6 0.0
C0G650 2002123013 21.9 -9997 0.4 0.0
C0G650 2002123014 21.5 -9997 1.0 0.0
C0G650 2002123015 21.0 -9997 0.9 0.0
C0G650 2002123016 20.4 -9997 1.0 0.0
C0G650 2002123017 19.9 -9997 0.2 0.0
C0G650 2002123018 19.2 -9997 0.1 0.0
C0G650 2002123019 18.8 -9997 0.0 0.0
C0G650 2002123020 18.2 -9997 0.0 0.0
C0G650 2002123021 17.3 -9997 0.0 0.0
C0G650 2002123022 16.8 -9997 0.0 0.0
C0G650 2002123023 16.8 -9997 0.2 0.0
C0G650 2002123024 16.0 -9997 0.0 0.0
C0G650 2002123101 15.8 -9997 0.0 0.0
C0G650 2002123102 15.6 -9997 0.0 0.0
C0G650 2002123103 16.3 -9997 1.0 0.0
C0G650 2002123104 16.1 -9997 0.0 0.0
C0G650 2002123105 14.8 -9997 0.0 0.0
C0G650 2002123106 15.5 -9997 0.1 0.0
C0G650 2002123107 15.6 -9997 0.6 0.0
C0G650 2002123108 16.5 -9997 0.1 0.0
C0G650 2002123109 17.2 -9997 1.5 0.0
C0G650 2002123110 18.7 -9997 1.5 0.0
C0G650 2002123111 20.3 -9997 1.7 0.0
C0G650 2002123112 22.1 -9997 0.4 0.0
C0G650 2002123113 20.8 -9997 1.0 0.0
C0G650 2002123114 21.1 -9997 0.5 0.0
C0G650 2002123115 19.9 -9997 0.8 0.0
C0G650 2002123116 18.5 -9997 1.1 0.0
C0G650 2002123117 17.1 -9997 0.5 0.0
C0G650 2002123118 15.3 -9997 0.6 0.0
C0G650 2002123119 14.7 -9997 0.3 0.0
C0G650 2002123120 14.6 -9997 0.2 0.0
C0G650 2002123121 14.2 -9997 0.1 0.0
C0G650 2002123122 13.9 -9997 0.1 0.0
C0G650 2002123123 13.4 -9997 0.0 0.0
C0G650 2002123124 12.3 -9997 0.0 0.0
C0G660 2002120101 -9999 -9999 -9999 0.0
C0G660 2002120102 -9999 -9999 -9999 0.0
C0G660 2002120103 -9999 -9999 -9999 0.0
C0G660 2002120104 -9999 -9999 -9999 0.0
C0G660 2002120105 -9999 -9999 -9999 0.0
C0G660 2002120106 -9999 -9999 -9999 0.0
C0G660 2002120107 -9999 -9999 -9999 0.0
C0G660 2002120108 -9999 -9999 -9999 0.0
C0G660 2002120109 -9999 -9999 -9999 0.0
C0G660 2002120110 -9999 -9999 -9999 0.0
C0G660 2002120111 -9999 -9999 -9999 0.0
C0G660 2002120112 -9999 -9999 -9999 0.0
C0G660 2002120113 -9999 -9999 -9999 0.0
C0G660 2002120114 -9999 -9999 -9999 0.0
C0G660 2002120115 -9999 -9999 -9999 0.0
C0G660 2002120116 -9999 -9999 -9999 0.0
C0G660 2002120117 -9999 -9999 -9999 0.0
C0G660 2002120118 -9999 -9999 -9999 0.0
C0G660 2002120119 -9999 -9999 -9999 0.0
C0G660 2002120120 -9999 -9999 -9999 0.0
C0G660 2002120121 -9999 -9999 -9999 0.0
C0G660 2002120122 -9999 -9999 -9999 0.0
C0G660 2002120123 -9999 -9999 -9999 0.0
C0G660 2002120124 -9999 -9999 -9999 0.0
C0G660 2002120201 -9999 -9999 -9999 0.0
C0G660 2002120202 -9999 -9999 -9999 0.0
C0G660 2002120203 -9999 -9999 -9999 0.0
C0G660 2002120204 -9999 -9999 -9999 0.0
C0G660 2002120205 -9999 -9999 -9999 0.0
C0G660 2002120206 -9999 -9999 -9999 0.0
C0G660 2002120207 -9999 -9999 -9999 0.0
C0G660 2002120208 -9999 -9999 -9999 0.0
C0G660 2002120209 -9999 -9999 -9999 0.0
C0G660 2002120210 -9999 -9999 -9999 0.0
C0G660 2002120211 -9999 -9999 -9999 0.0
C0G660 2002120212 -9999 -9999 -9999 0.0
C0G660 2002120213 -9999 -9999 -9999 0.0
C0G660 2002120214 -9999 -9999 -9999 0.0
C0G660 2002120215 -9999 -9999 -9999 0.0
C0G660 2002120216 -9999 -9999 -9999 0.0
C0G660 2002120217 -9999 -9999 -9999 0.0
C0G660 2002120218 -9999 -9999 -9999 0.0
C0G660 2002120219 -9999 -9999 -9999 0.0
C0G660 2002120220 -9999 -9999 -9999 0.0
C0G660 2002120221 -9999 -9999 -9999 0.0
C0G660 2002120222 -9999 -9999 -9999 0.0
C0G660 2002120223 -9999 -9999 -9999 0.0
C0G660 2002120224 -9999 -9999 -9999 0.0
C0G660 2002120301 -9999 -9999 -9999 0.0
C0G660 2002120302 -9999 -9999 -9999 0.0
C0G660 2002120303 -9999 -9999 -9999 0.0
C0G660 2002120304 -9999 -9999 -9999 0.0
C0G660 2002120305 -9999 -9999 -9999 0.0
C0G660 2002120306 -9999 -9999 -9999 0.0
C0G660 2002120307 -9999 -9999 -9999 0.0
C0G660 2002120308 -9999 -9999 -9999 0.0
C0G660 2002120309 -9999 -9999 -9999 0.0
C0G660 2002120310 -9999 -9999 -9999 0.0
C0G660 2002120311 -9999 -9999 -9999 0.0
C0G660 2002120312 -9999 -9999 -9999 0.0
C0G660 2002120313 -9999 -9999 -9999 0.0
C0G660 2002120314 -9999 -9999 -9999 0.0
C0G660 2002120315 -9999 -9999 -9999 0.0
C0G660 2002120316 -9999 -9999 -9999 0.0
C0G660 2002120317 -9999 -9999 -9999 0.0
C0G660 2002120318 -9999 -9999 -9999 0.0
C0G660 2002120319 -9999 -9999 -9999 0.0
C0G660 2002120320 -9999 -9999 -9999 0.0
C0G660 2002120321 -9999 -9999 -9999 0.0
C0G660 2002120322 -9999 -9999 -9999 0.0
C0G660 2002120323 -9999 -9999 -9999 0.0
C0G660 2002120324 -9999 -9999 -9999 0.0
C0G660 2002120401 -9999 -9999 -9999 0.0
C0G660 2002120402 -9999 -9999 -9999 0.0
C0G660 2002120403 -9999 -9999 -9999 0.0
C0G660 2002120404 -9999 -9999 -9999 0.0
C0G660 2002120405 -9999 -9999 -9999 0.0
C0G660 2002120406 -9999 -9999 -9999 0.0
C0G660 2002120407 -9999 -9999 -9999 0.0
C0G660 2002120408 -9999 -9999 -9999 0.0
C0G660 2002120409 -9999 -9999 -9999 0.0
C0G660 2002120410 -9999 -9999 -9999 0.0
C0G660 2002120411 -9999 -9999 -9999 0.0
C0G660 2002120412 -9999 -9999 -9999 0.0
C0G660 2002120413 -9999 -9999 -9999 0.0
C0G660 2002120414 -9999 -9999 -9999 0.0
C0G660 2002120415 -9999 -9999 -9999 0.0
C0G660 2002120416 -9999 -9999 -9999 0.0
C0G660 2002120417 -9999 -9999 -9999 0.0
C0G660 2002120418 -9999 -9999 -9999 0.0
C0G660 2002120419 -9999 -9999 -9999 0.0
C0G660 2002120420 -9999 -9999 -9999 0.0
C0G660 2002120421 -9999 -9999 -9999 0.0
C0G660 2002120422 -9999 -9999 -9999 0.0
C0G660 2002120423 -9999 -9999 -9999 0.0
C0G660 2002120424 -9999 -9999 -9999 0.0
C0G660 2002120501 -9999 -9999 -9999 0.0
C0G660 2002120502 -9999 -9999 -9999 0.0
C0G660 2002120503 -9999 -9999 -9999 0.0
C0G660 2002120504 -9999 -9999 -9999 0.0
C0G660 2002120505 -9999 -9999 -9999 0.0
C0G660 2002120506 -9999 -9999 -9999 0.0
C0G660 2002120507 -9999 -9999 -9999 0.0
C0G660 2002120508 -9999 -9999 -9999 0.0
C0G660 2002120509 -9999 -9999 -9999 0.0
C0G660 2002120510 -9999 -9999 -9999 0.0
C0G660 2002120511 -9999 -9999 -9999 0.0
C0G660 2002120512 -9999 -9999 -9999 0.0
C0G660 2002120513 -9999 -9999 -9999 0.0
C0G660 2002120514 -9999 -9999 -9999 0.0
C0G660 2002120515 -9999 -9999 -9999 0.0
C0G660 2002120516 -9999 -9999 -9999 0.0
C0G660 2002120517 -9999 -9999 -9999 0.0
C0G660 2002120518 -9999 -9999 -9999 0.0
C0G660 2002120519 -9999 -9999 -9999 0.0
C0G660 2002120520 -9999 -9999 -9999 0.0
C0G660 2002120521 -9999 -9999 -9999 0.0
C0G660 2002120522 -9999 -9999 -9999 0.0
C0G660 2002120523 -9999 -9999 -9999 0.0
C0G660 2002120524 -9999 -9999 -9999 0.0
C0G660 2002120601 -9999 -9999 -9999 0.0
C0G660 2002120602 -9999 -9999 -9999 0.0
C0G660 2002120603 -9999 -9999 -9999 0.0
C0G660 2002120604 -9999 -9999 -9999 0.0
C0G660 2002120605 -9999 -9999 -9999 0.0
C0G660 2002120606 -9999 -9999 -9999 0.0
C0G660 2002120607 -9999 -9999 -9999 0.0
C0G660 2002120608 -9999 -9999 -9999 0.0
C0G660 2002120609 -9999 -9999 -9999 0.0
C0G660 2002120610 -9999 -9999 -9999 0.0
C0G660 2002120611 -9999 -9999 -9999 0.0
C0G660 2002120612 -9999 -9999 -9999 0.0
C0G660 2002120613 -9999 -9999 -9999 0.0
C0G660 2002120614 -9999 -9999 -9999 0.0
C0G660 2002120615 -9999 -9999 -9999 0.0
C0G660 2002120616 -9999 -9999 -9999 0.0
C0G660 2002120617 -9999 -9999 -9999 0.0
C0G660 2002120618 -9999 -9999 -9999 0.0
C0G660 2002120619 -9999 -9999 -9999 0.0
C0G660 2002120620 -9999 -9999 -9999 0.0
C0G660 2002120621 -9999 -9999 -9999 0.0
C0G660 2002120622 -9999 -9999 -9999 0.0
C0G660 2002120623 -9999 -9999 -9999 0.0
C0G660 2002120624 -9999 -9999 -9999 0.0
C0G660 2002120701 -9999 -9999 -9999 0.0
C0G660 2002120702 -9999 -9999 -9999 0.0
C0G660 2002120703 -9999 -9999 -9999 0.0
C0G660 2002120704 -9999 -9999 -9999 0.0
C0G660 2002120705 -9999 -9999 -9999 0.0
C0G660 2002120706 -9999 -9999 -9999 0.0
C0G660 2002120707 -9999 -9999 -9999 0.0
C0G660 2002120708 -9999 -9999 -9999 0.0
C0G660 2002120709 -9999 -9999 -9999 0.0
C0G660 2002120710 -9999 -9999 -9999 0.0
C0G660 2002120711 -9999 -9999 -9999 0.0
C0G660 2002120712 -9999 -9999 -9999 0.0
C0G660 2002120713 -9999 -9999 -9999 0.0
C0G660 2002120714 -9999 -9999 -9999 0.0
C0G660 2002120715 -9999 -9999 -9999 0.0
C0G660 2002120716 -9999 -9999 -9999 0.0
C0G660 2002120717 -9999 -9999 -9999 0.0
C0G660 2002120718 -9999 -9999 -9999 0.0
C0G660 2002120719 -9999 -9999 -9999 0.0
C0G660 2002120720 -9999 -9999 -9999 0.0
C0G660 2002120721 -9999 -9999 -9999 0.0
C0G660 2002120722 -9999 -9999 -9999 0.0
C0G660 2002120723 -9999 -9999 -9999 0.0
C0G660 2002120724 -9999 -9999 -9999 0.0
C0G660 2002120801 -9999 -9999 -9999 0.0
C0G660 2002120802 -9999 -9999 -9999 0.0
C0G660 2002120803 -9999 -9999 -9999 0.0
C0G660 2002120804 -9999 -9999 -9999 0.0
C0G660 2002120805 -9999 -9999 -9999 0.0
C0G660 2002120806 -9999 -9999 -9999 0.0
C0G660 2002120807 -9999 -9999 -9999 0.0
C0G660 2002120808 -9999 -9999 -9999 0.0
C0G660 2002120809 -9999 -9999 -9999 0.0
C0G660 2002120810 -9999 -9999 -9999 0.0
C0G660 2002120811 -9999 -9999 -9999 0.0
C0G660 2002120812 -9999 -9999 -9999 0.0
C0G660 2002120813 -9999 -9999 -9999 0.0
C0G660 2002120814 -9999 -9999 -9999 0.0
C0G660 2002120815 -9999 -9999 -9999 0.0
C0G660 2002120816 -9999 -9999 -9999 0.0
C0G660 2002120817 -9999 -9999 -9999 0.0
C0G660 2002120818 -9999 -9999 -9999 0.0
C0G660 2002120819 -9999 -9999 -9999 0.0
C0G660 2002120820 -9999 -9999 -9999 0.0
C0G660 2002120821 -9999 -9999 -9999 0.0
C0G660 2002120822 -9999 -9999 -9999 0.0
C0G660 2002120823 -9999 -9999 -9999 0.0
C0G660 2002120824 -9999 -9999 -9999 0.0
C0G660 2002120901 -9999 -9999 -9999 0.0
C0G660 2002120902 -9999 -9999 -9999 0.0
C0G660 2002120903 -9999 -9999 -9999 0.0
C0G660 2002120904 -9999 -9999 -9999 0.0
C0G660 2002120905 -9999 -9999 -9999 0.0
C0G660 2002120906 -9999 -9999 -9999 0.0
C0G660 2002120907 -9999 -9999 -9999 0.0
C0G660 2002120908 -9999 -9999 -9999 0.0
C0G660 2002120909 -9999 -9999 -9999 0.0
C0G660 2002120910 -9999 -9999 -9999 0.0
C0G660 2002120911 -9999 -9999 -9999 0.0
C0G660 2002120912 -9999 -9999 -9999 0.0
C0G660 2002120913 -9999 -9999 -9999 0.0
C0G660 2002120914 -9999 -9999 -9999 0.0
C0G660 2002120915 -9999 -9999 -9999 0.0
C0G660 2002120916 -9999 -9999 -9999 0.0
C0G660 2002120917 -9999 -9999 -9999 0.0
C0G660 2002120918 -9999 -9999 -9999 0.0
C0G660 2002120919 -9999 -9999 -9999 0.0
C0G660 2002120920 -9999 -9999 -9999 0.0
C0G660 2002120921 -9999 -9999 -9999 0.0
C0G660 2002120922 -9999 -9999 -9999 0.0
C0G660 2002120923 -9999 -9999 -9999 0.0
C0G660 2002120924 -9999 -9999 -9999 0.0
C0G660 2002121001 -9999 -9999 -9999 0.0
C0G660 2002121002 -9999 -9999 -9999 0.0
C0G660 2002121003 -9999 -9999 -9999 0.0
C0G660 2002121004 -9999 -9999 -9999 0.0
C0G660 2002121005 -9999 -9999 -9999 0.0
C0G660 2002121006 -9999 -9999 -9999 0.0
C0G660 2002121007 -9999 -9999 -9999 0.0
C0G660 2002121008 -9999 -9999 -9999 0.0
C0G660 2002121009 -9999 -9999 -9999 0.0
C0G660 2002121010 -9999 -9999 -9999 0.0
C0G660 2002121011 -9999 -9999 -9999 0.0
C0G660 2002121012 -9999 -9999 -9999 0.0
C0G660 2002121013 -9999 -9999 -9999 0.0
C0G660 2002121014 -9999 -9999 -9999 0.0
C0G660 2002121015 -9999 -9999 -9999 0.0
C0G660 2002121016 -9999 -9999 -9999 0.0
C0G660 2002121017 -9999 -9999 -9999 0.0
C0G660 2002121018 -9999 -9999 -9999 0.0
C0G660 2002121019 -9999 -9999 -9999 0.0
C0G660 2002121020 -9999 -9999 -9999 0.0
C0G660 2002121021 -9999 -9999 -9999 0.0
C0G660 2002121022 -9999 -9999 -9999 0.0
C0G660 2002121023 -9999 -9999 -9999 0.0
C0G660 2002121024 -9999 -9999 -9999 0.0
C0G660 2002121101 -9999 -9999 -9999 0.0
C0G660 2002121102 -9999 -9999 -9999 0.0
C0G660 2002121103 -9999 -9999 -9999 0.0
C0G660 2002121104 -9999 -9999 -9999 0.0
C0G660 2002121105 -9999 -9999 -9999 0.0
C0G660 2002121106 -9999 -9999 -9999 0.0
C0G660 2002121107 -9999 -9999 -9999 0.0
C0G660 2002121108 -9999 -9999 -9999 0.0
C0G660 2002121109 -9999 -9999 -9999 0.0
C0G660 2002121110 -9999 -9999 -9999 0.0
C0G660 2002121111 -9999 -9999 -9999 0.0
C0G660 2002121112 -9999 -9999 -9999 0.0
C0G660 2002121113 -9999 -9999 -9999 0.0
C0G660 2002121114 -9999 -9999 -9999 0.0
C0G660 2002121115 -9999 -9999 -9999 0.0
C0G660 2002121116 -9999 -9999 -9999 0.0
C0G660 2002121117 -9999 -9999 -9999 0.0
C0G660 2002121118 -9999 -9999 -9999 0.0
C0G660 2002121119 -9999 -9999 -9999 0.0
C0G660 2002121120 -9999 -9999 -9999 0.0
C0G660 2002121121 -9999 -9999 -9999 0.0
C0G660 2002121122 -9999 -9999 -9999 0.0
C0G660 2002121123 -9999 -9999 -9999 0.0
C0G660 2002121124 -9999 -9999 -9999 0.0
C0G660 2002121201 -9999 -9999 -9999 0.0
C0G660 2002121202 -9999 -9999 -9999 0.0
C0G660 2002121203 -9999 -9999 -9999 0.5
C0G660 2002121204 -9999 -9999 -9999 2.0
C0G660 2002121205 -9999 -9999 -9999 2.5
C0G660 2002121206 -9999 -9999 -9999 1.0
C0G660 2002121207 -9999 -9999 -9999 0.0
C0G660 2002121208 -9999 -9999 -9999 0.0
C0G660 2002121209 -9999 -9999 -9999 0.5
C0G660 2002121210 -9999 -9999 -9999 0.0
C0G660 2002121211 -9999 -9999 -9999 0.0
C0G660 2002121212 -9999 -9999 -9999 0.0
C0G660 2002121213 -9999 -9999 -9999 0.0
C0G660 2002121214 -9999 -9999 -9999 0.0
C0G660 2002121215 -9999 -9999 -9999 0.0
C0G660 2002121216 -9999 -9999 -9999 0.0
C0G660 2002121217 -9999 -9999 -9999 0.0
C0G660 2002121218 -9999 -9999 -9999 0.0
C0G660 2002121219 -9999 -9999 -9999 0.0
C0G660 2002121220 -9999 -9999 -9999 0.0
C0G660 2002121221 -9999 -9999 -9999 0.0
C0G660 2002121222 -9999 -9999 -9999 0.0
C0G660 2002121223 -9999 -9999 -9999 0.0
C0G660 2002121224 -9999 -9999 -9999 0.0
C0G660 2002121301 -9999 -9999 -9999 0.0
C0G660 2002121302 -9999 -9999 -9999 0.0
C0G660 2002121303 -9999 -9999 -9999 0.0
C0G660 2002121304 -9999 -9999 -9999 0.0
C0G660 2002121305 -9999 -9999 -9999 0.0
C0G660 2002121306 -9999 -9999 -9999 0.0
C0G660 2002121307 -9999 -9999 -9999 0.0
C0G660 2002121308 -9999 -9999 -9999 0.0
C0G660 2002121309 -9999 -9999 -9999 0.0
C0G660 2002121310 -9999 -9999 -9999 0.0
C0G660 2002121311 -9999 -9999 -9999 0.0
C0G660 2002121312 -9999 -9999 -9999 0.0
C0G660 2002121313 -9999 -9999 -9999 0.0
C0G660 2002121314 -9999 -9999 -9999 0.0
C0G660 2002121315 -9999 -9999 -9999 0.0
C0G660 2002121316 -9999 -9999 -9999 0.0
C0G660 2002121317 -9999 -9999 -9999 0.0
C0G660 2002121318 -9999 -9999 -9999 0.0
C0G660 2002121319 -9999 -9999 -9999 0.0
C0G660 2002121320 -9999 -9999 -9999 0.0
C0G660 2002121321 -9999 -9999 -9999 0.0
C0G660 2002121322 -9999 -9999 -9999 0.0
C0G660 2002121323 -9999 -9999 -9999 0.0
C0G660 2002121324 -9999 -9999 -9999 0.0
C0G660 2002121401 -9999 -9999 -9999 0.0
C0G660 2002121402 -9999 -9999 -9999 0.0
C0G660 2002121403 -9999 -9999 -9999 0.0
C0G660 2002121404 -9999 -9999 -9999 0.0
C0G660 2002121405 -9999 -9999 -9999 0.0
C0G660 2002121406 -9999 -9999 -9999 0.0
C0G660 2002121407 -9999 -9999 -9999 0.0
C0G660 2002121408 -9999 -9999 -9999 0.0
C0G660 2002121409 -9999 -9999 -9999 0.0
C0G660 2002121410 -9999 -9999 -9999 0.0
C0G660 2002121411 -9999 -9999 -9999 0.0
C0G660 2002121412 -9999 -9999 -9999 0.0
C0G660 2002121413 -9999 -9999 -9999 0.0
C0G660 2002121414 -9999 -9999 -9999 0.0
C0G660 2002121415 -9999 -9999 -9999 0.0
C0G660 2002121416 -9999 -9999 -9999 0.0
C0G660 2002121417 -9999 -9999 -9999 0.0
C0G660 2002121418 -9999 -9999 -9999 0.0
C0G660 2002121419 -9999 -9999 -9999 0.0
C0G660 2002121420 -9999 -9999 -9999 0.0
C0G660 2002121421 -9999 -9999 -9999 0.0
C0G660 2002121422 -9999 -9999 -9999 0.0
C0G660 2002121423 -9999 -9999 -9999 0.0
C0G660 2002121424 -9999 -9999 -9999 0.0
C0G660 2002121501 -9999 -9999 -9999 0.0
C0G660 2002121502 -9999 -9999 -9999 0.0
C0G660 2002121503 -9999 -9999 -9999 0.0
C0G660 2002121504 -9999 -9999 -9999 0.0
C0G660 2002121505 -9999 -9999 -9999 0.0
C0G660 2002121506 -9999 -9999 -9999 0.0
C0G660 2002121507 -9999 -9999 -9999 0.0
C0G660 2002121508 -9999 -9999 -9999 0.0
C0G660 2002121509 -9999 -9999 -9999 0.0
C0G660 2002121510 -9999 -9999 -9999 0.0
C0G660 2002121511 -9999 -9999 -9999 0.0
C0G660 2002121512 -9999 -9999 -9999 0.0
C0G660 2002121513 -9999 -9999 -9999 0.0
C0G660 2002121514 -9999 -9999 -9999 0.0
C0G660 2002121515 -9999 -9999 -9999 0.0
C0G660 2002121516 -9999 -9999 -9999 0.0
C0G660 2002121517 -9999 -9999 -9999 0.0
C0G660 2002121518 -9999 -9999 -9999 0.0
C0G660 2002121519 -9999 -9999 -9999 0.0
C0G660 2002121520 -9999 -9999 -9999 0.0
C0G660 2002121521 -9999 -9999 -9999 0.0
C0G660 2002121522 -9999 -9999 -9999 0.0
C0G660 2002121523 -9999 -9999 -9999 0.0
C0G660 2002121524 -9999 -9999 -9999 0.0
C0G660 2002121601 -9999 -9999 -9999 0.0
C0G660 2002121602 -9999 -9999 -9999 0.0
C0G660 2002121603 -9999 -9999 -9999 0.0
C0G660 2002121604 -9999 -9999 -9999 0.0
C0G660 2002121605 -9999 -9999 -9999 0.0
C0G660 2002121606 -9999 -9999 -9999 0.0
C0G660 2002121607 -9999 -9999 -9999 0.0
C0G660 2002121608 -9999 -9999 -9999 0.0
C0G660 2002121609 -9999 -9999 -9999 0.0
C0G660 2002121610 -9999 -9999 -9999 0.0
C0G660 2002121611 -9999 -9999 -9999 0.0
C0G660 2002121612 -9999 -9999 -9999 0.0
C0G660 2002121613 -9999 -9999 -9999 0.0
C0G660 2002121614 -9999 -9999 -9999 0.0
C0G660 2002121615 -9999 -9999 -9999 0.0
C0G660 2002121616 -9999 -9999 -9999 0.0
C0G660 2002121617 -9999 -9999 -9999 0.0
C0G660 2002121618 -9999 -9999 -9999 0.0
C0G660 2002121619 -9999 -9999 -9999 0.0
C0G660 2002121620 -9999 -9999 -9999 0.0
C0G660 2002121621 -9999 -9999 -9999 0.0
C0G660 2002121622 -9999 -9999 -9999 0.0
C0G660 2002121623 -9999 -9999 -9999 0.0
C0G660 2002121624 -9999 -9999 -9999 0.0
C0G660 2002121701 -9999 -9999 -9999 0.0
C0G660 2002121702 -9999 -9999 -9999 0.0
C0G660 2002121703 -9999 -9999 -9999 0.0
C0G660 2002121704 -9999 -9999 -9999 0.0
C0G660 2002121705 -9999 -9999 -9999 0.0
C0G660 2002121706 -9999 -9999 -9999 0.0
C0G660 2002121707 -9999 -9999 -9999 0.0
C0G660 2002121708 -9999 -9999 -9999 0.0
C0G660 2002121709 -9999 -9999 -9999 0.0
C0G660 2002121710 -9999 -9999 -9999 0.0
C0G660 2002121711 -9999 -9999 -9999 0.0
C0G660 2002121712 -9999 -9999 -9999 0.0
C0G660 2002121713 -9999 -9999 -9999 0.0
C0G660 2002121714 -9999 -9999 -9999 0.0
C0G660 2002121715 -9999 -9999 -9999 0.0
C0G660 2002121716 -9999 -9999 -9999 0.0
C0G660 2002121717 -9999 -9999 -9999 0.0
C0G660 2002121718 -9999 -9999 -9999 0.0
C0G660 2002121719 -9999 -9999 -9999 0.0
C0G660 2002121720 -9999 -9999 -9999 0.0
C0G660 2002121721 -9999 -9999 -9999 0.0
C0G660 2002121722 -9999 -9999 -9999 0.0
C0G660 2002121723 -9999 -9999 -9999 0.0
C0G660 2002121724 -9999 -9999 -9999 0.0
C0G660 2002121801 -9999 -9999 -9999 0.0
C0G660 2002121802 -9999 -9999 -9999 0.0
C0G660 2002121803 -9999 -9999 -9999 0.0
C0G660 2002121804 -9999 -9999 -9999 0.0
C0G660 2002121805 -9999 -9999 -9999 0.0
C0G660 2002121806 -9999 -9999 -9999 0.0
C0G660 2002121807 -9999 -9999 -9999 0.0
C0G660 2002121808 -9999 -9999 -9999 0.0
C0G660 2002121809 -9999 -9999 -9999 0.0
C0G660 2002121810 -9999 -9999 -9999 0.0
C0G660 2002121811 -9999 -9999 -9999 0.0
C0G660 2002121812 -9999 -9999 -9999 0.0
C0G660 2002121813 -9999 -9999 -9999 0.0
C0G660 2002121814 -9999 -9999 -9999 0.0
C0G660 2002121815 -9999 -9999 -9999 0.0
C0G660 2002121816 -9999 -9999 -9999 0.0
C0G660 2002121817 -9999 -9999 -9999 0.0
C0G660 2002121818 -9999 -9999 -9999 0.0
C0G660 2002121819 -9999 -9999 -9999 0.0
C0G660 2002121820 -9999 -9999 -9999 0.0
C0G660 2002121821 -9999 -9999 -9999 0.0
C0G660 2002121822 -9999 -9999 -9999 0.0
C0G660 2002121823 -9999 -9999 -9999 0.0
C0G660 2002121824 -9999 -9999 -9999 0.0
C0G660 2002121901 -9999 -9999 -9999 0.0
C0G660 2002121902 -9999 -9999 -9999 0.5
C0G660 2002121903 -9999 -9999 -9999 0.0
C0G660 2002121904 -9999 -9999 -9999 0.0
C0G660 2002121905 -9999 -9999 -9999 0.0
C0G660 2002121906 -9999 -9999 -9999 8.5
C0G660 2002121907 -9999 -9999 -9999 2.5
C0G660 2002121908 -9999 -9999 -9999 0.5
C0G660 2002121909 -9999 -9999 -9999 0.0
C0G660 2002121910 -9999 -9999 -9999 0.0
C0G660 2002121911 -9999 -9999 -9999 0.0
C0G660 2002121912 -9999 -9999 -9999 0.0
C0G660 2002121913 -9999 -9999 -9999 0.0
C0G660 2002121914 -9999 -9999 -9999 0.0
C0G660 2002121915 -9999 -9999 -9999 0.0
C0G660 2002121916 -9999 -9999 -9999 0.0
C0G660 2002121917 -9999 -9999 -9999 0.0
C0G660 2002121918 -9999 -9999 -9999 0.0
C0G660 2002121919 -9999 -9999 -9999 0.0
C0G660 2002121920 -9999 -9999 -9999 0.0
C0G660 2002121921 -9999 -9999 -9999 0.0
C0G660 2002121922 -9999 -9999 -9999 0.0
C0G660 2002121923 -9999 -9999 -9999 1.0
C0G660 2002121924 -9999 -9999 -9999 2.5
C0G660 2002122001 -9999 -9999 -9999 0.0
C0G660 2002122002 -9999 -9999 -9999 0.0
C0G660 2002122003 -9999 -9999 -9999 0.0
C0G660 2002122004 -9999 -9999 -9999 0.0
C0G660 2002122005 -9999 -9999 -9999 0.0
C0G660 2002122006 -9999 -9999 -9999 0.0
C0G660 2002122007 -9999 -9999 -9999 0.0
C0G660 2002122008 -9999 -9999 -9999 0.0
C0G660 2002122009 -9999 -9999 -9999 0.0
C0G660 2002122010 -9999 -9999 -9999 -9996
C0G660 2002122011 -9999 -9999 -9999 3.0
C0G660 2002122012 -9999 -9999 -9999 2.5
C0G660 2002122013 -9999 -9999 -9999 0.5
C0G660 2002122014 -9999 -9999 -9999 0.0
C0G660 2002122015 -9999 -9999 -9999 0.0
C0G660 2002122016 -9999 -9999 -9999 0.0
C0G660 2002122017 -9999 -9999 -9999 0.0
C0G660 2002122018 -9999 -9999 -9999 0.0
C0G660 2002122019 -9999 -9999 -9999 0.0
C0G660 2002122020 -9999 -9999 -9999 0.0
C0G660 2002122021 -9999 -9999 -9999 0.0
C0G660 2002122022 -9999 -9999 -9999 0.0
C0G660 2002122023 -9999 -9999 -9999 0.0
C0G660 2002122024 -9999 -9999 -9999 0.0
C0G660 2002122101 -9999 -9999 -9999 0.0
C0G660 2002122102 -9999 -9999 -9999 0.5
C0G660 2002122103 -9999 -9999 -9999 0.0
C0G660 2002122104 -9999 -9999 -9999 1.5
C0G660 2002122105 -9999 -9999 -9999 2.5
C0G660 2002122106 -9999 -9999 -9999 1.0
C0G660 2002122107 -9999 -9999 -9999 0.5
C0G660 2002122108 -9999 -9999 -9999 0.5
C0G660 2002122109 -9999 -9999 -9999 1.0
C0G660 2002122110 -9999 -9999 -9999 1.0
C0G660 2002122111 -9999 -9999 -9999 0.0
C0G660 2002122112 -9999 -9999 -9999 0.0
C0G660 2002122113 -9999 -9999 -9999 0.0
C0G660 2002122114 -9999 -9999 -9999 0.0
C0G660 2002122115 -9999 -9999 -9999 0.0
C0G660 2002122116 -9999 -9999 -9999 0.0
C0G660 2002122117 -9999 -9999 -9999 0.5
C0G660 2002122118 -9999 -9999 -9999 0.5
C0G660 2002122119 -9999 -9999 -9999 0.0
C0G660 2002122120 -9999 -9999 -9999 0.0
C0G660 2002122121 -9999 -9999 -9999 0.0
C0G660 2002122122 -9999 -9999 -9999 0.0
C0G660 2002122123 -9999 -9999 -9999 0.0
C0G660 2002122124 -9999 -9999 -9999 0.0
C0G660 2002122201 -9999 -9999 -9999 -9996
C0G660 2002122202 -9999 -9999 -9999 0.0
C0G660 2002122203 -9999 -9999 -9999 0.0
C0G660 2002122204 -9999 -9999 -9999 0.0
C0G660 2002122205 -9999 -9999 -9999 0.0
C0G660 2002122206 -9999 -9999 -9999 0.0
C0G660 2002122207 -9999 -9999 -9999 0.0
C0G660 2002122208 -9999 -9999 -9999 0.0
C0G660 2002122209 -9999 -9999 -9999 0.0
C0G660 2002122210 -9999 -9999 -9999 0.0
C0G660 2002122211 -9999 -9999 -9999 0.0
C0G660 2002122212 -9999 -9999 -9999 0.0
C0G660 2002122213 -9999 -9999 -9999 0.0
C0G660 2002122214 -9999 -9999 -9999 0.0
C0G660 2002122215 -9999 -9999 -9999 0.0
C0G660 2002122216 -9999 -9999 -9999 0.0
C0G660 2002122217 -9999 -9999 -9999 0.0
C0G660 2002122218 -9999 -9999 -9999 0.0
C0G660 2002122219 -9999 -9999 -9999 0.0
C0G660 2002122220 -9999 -9999 -9999 0.0
C0G660 2002122221 -9999 -9999 -9999 0.0
C0G660 2002122222 -9999 -9999 -9999 0.0
C0G660 2002122223 -9999 -9999 -9999 0.0
C0G660 2002122224 -9999 -9999 -9999 0.0
C0G660 2002122301 -9999 -9999 -9999 0.0
C0G660 2002122302 -9999 -9999 -9999 0.0
C0G660 2002122303 -9999 -9999 -9999 0.0
C0G660 2002122304 -9999 -9999 -9999 0.0
C0G660 2002122305 -9999 -9999 -9999 0.0
C0G660 2002122306 -9999 -9999 -9999 0.0
C0G660 2002122307 -9999 -9999 -9999 0.0
C0G660 2002122308 -9999 -9999 -9999 0.0
C0G660 2002122309 -9999 -9999 -9999 0.0
C0G660 2002122310 -9999 -9999 -9999 0.0
C0G660 2002122311 -9999 -9999 -9999 0.0
C0G660 2002122312 -9999 -9999 -9999 0.0
C0G660 2002122313 -9999 -9999 -9999 0.0
C0G660 2002122314 -9999 -9999 -9999 0.0
C0G660 2002122315 -9999 -9999 -9999 0.0
C0G660 2002122316 -9999 -9999 -9999 0.0
C0G660 2002122317 -9999 -9999 -9999 0.0
C0G660 2002122318 -9999 -9999 -9999 0.0
C0G660 2002122319 -9999 -9999 -9999 0.0
C0G660 2002122320 -9999 -9999 -9999 0.0
C0G660 2002122321 -9999 -9999 -9999 0.0
C0G660 2002122322 -9999 -9999 -9999 0.0
C0G660 2002122323 -9999 -9999 -9999 0.0
C0G660 2002122324 -9999 -9999 -9999 0.0
C0G660 2002122401 -9999 -9999 -9999 0.0
C0G660 2002122402 -9999 -9999 -9999 0.0
C0G660 2002122403 -9999 -9999 -9999 0.0
C0G660 2002122404 -9999 -9999 -9999 0.0
C0G660 2002122405 -9999 -9999 -9999 0.0
C0G660 2002122406 -9999 -9999 -9999 0.0
C0G660 2002122407 -9999 -9999 -9999 0.0
C0G660 2002122408 -9999 -9999 -9999 0.0
C0G660 2002122409 -9999 -9999 -9999 0.0
C0G660 2002122410 -9999 -9999 -9999 0.0
C0G660 2002122411 -9999 -9999 -9999 0.0
C0G660 2002122412 -9999 -9999 -9999 0.0
C0G660 2002122413 -9999 -9999 -9999 0.0
C0G660 2002122414 -9999 -9999 -9999 0.0
C0G660 2002122415 -9999 -9999 -9999 0.0
C0G660 2002122416 -9999 -9999 -9999 0.0
C0G660 2002122417 -9999 -9999 -9999 0.0
C0G660 2002122418 -9999 -9999 -9999 0.0
C0G660 2002122419 -9999 -9999 -9999 0.0
C0G660 2002122420 -9999 -9999 -9999 0.0
C0G660 2002122421 -9999 -9999 -9999 0.0
C0G660 2002122422 -9999 -9999 -9999 0.0
C0G660 2002122423 -9999 -9999 -9999 0.0
C0G660 2002122424 -9999 -9999 -9999 0.0
C0G660 2002122501 -9999 -9999 -9999 0.0
C0G660 2002122502 -9999 -9999 -9999 0.0
C0G660 2002122503 -9999 -9999 -9999 0.0
C0G660 2002122504 -9999 -9999 -9999 0.0
C0G660 2002122505 -9999 -9999 -9999 0.0
C0G660 2002122506 -9999 -9999 -9999 0.0
C0G660 2002122507 -9999 -9999 -9999 0.0
C0G660 2002122508 -9999 -9999 -9999 0.0
C0G660 2002122509 -9999 -9999 -9999 0.0
C0G660 2002122510 -9999 -9999 -9999 0.0
C0G660 2002122511 -9999 -9999 -9999 0.0
C0G660 2002122512 -9999 -9999 -9999 0.0
C0G660 2002122513 -9999 -9999 -9999 0.0
C0G660 2002122514 -9999 -9999 -9999 0.0
C0G660 2002122515 -9999 -9999 -9999 0.0
C0G660 2002122516 -9999 -9999 -9999 0.0
C0G660 2002122517 -9999 -9999 -9999 0.0
C0G660 2002122518 -9999 -9999 -9999 0.0
C0G660 2002122519 -9999 -9999 -9999 0.0
C0G660 2002122520 -9999 -9999 -9999 0.0
C0G660 2002122521 -9999 -9999 -9999 0.0
C0G660 2002122522 -9999 -9999 -9999 0.0
C0G660 2002122523 -9999 -9999 -9999 0.0
C0G660 2002122524 -9999 -9999 -9999 0.0
C0G660 2002122601 -9999 -9999 -9999 0.0
C0G660 2002122602 -9999 -9999 -9999 0.0
C0G660 2002122603 -9999 -9999 -9999 0.0
C0G660 2002122604 -9999 -9999 -9999 0.0
C0G660 2002122605 -9999 -9999 -9999 0.0
C0G660 2002122606 -9999 -9999 -9999 0.0
C0G660 2002122607 -9999 -9999 -9999 0.0
C0G660 2002122608 -9999 -9999 -9999 0.0
C0G660 2002122609 -9999 -9999 -9999 0.0
C0G660 2002122610 -9999 -9999 -9999 0.0
C0G660 2002122611 -9999 -9999 -9999 0.0
C0G660 2002122612 -9999 -9999 -9999 0.0
C0G660 2002122613 -9999 -9999 -9999 0.0
C0G660 2002122614 -9999 -9999 -9999 0.0
C0G660 2002122615 -9999 -9999 -9999 0.0
C0G660 2002122616 -9999 -9999 -9999 0.0
C0G660 2002122617 -9999 -9999 -9999 0.5
C0G660 2002122618 -9999 -9999 -9999 0.0
C0G660 2002122619 -9999 -9999 -9999 0.0
C0G660 2002122620 -9999 -9999 -9999 0.0
C0G660 2002122621 -9999 -9999 -9999 0.0
C0G660 2002122622 -9999 -9999 -9999 0.5
C0G660 2002122623 -9999 -9999 -9999 1.0
C0G660 2002122624 -9999 -9999 -9999 1.5
C0G660 2002122701 -9999 -9999 -9999 1.5
C0G660 2002122702 -9999 -9999 -9999 2.5
C0G660 2002122703 -9999 -9999 -9999 1.5
C0G660 2002122704 -9999 -9999 -9999 1.0
C0G660 2002122705 -9999 -9999 -9999 0.5
C0G660 2002122706 -9999 -9999 -9999 0.0
C0G660 2002122707 -9999 -9999 -9999 1.0
C0G660 2002122708 -9999 -9999 -9999 -9996
C0G660 2002122709 -9999 -9999 -9999 1.5
C0G660 2002122710 -9999 -9999 -9999 0.5
C0G660 2002122711 -9999 -9999 -9999 -9996
C0G660 2002122712 -9999 -9999 -9999 1.0
C0G660 2002122713 -9999 -9999 -9999 0.0
C0G660 2002122714 -9999 -9999 -9999 0.5
C0G660 2002122715 -9999 -9999 -9999 0.0
C0G660 2002122716 -9999 -9999 -9999 0.0
C0G660 2002122717 -9999 -9999 -9999 0.0
C0G660 2002122718 -9999 -9999 -9999 0.0
C0G660 2002122719 -9999 -9999 -9999 0.0
C0G660 2002122720 -9999 -9999 -9999 0.0
C0G660 2002122721 -9999 -9999 -9999 0.0
C0G660 2002122722 -9999 -9999 -9999 0.0
C0G660 2002122723 -9999 -9999 -9999 0.0
C0G660 2002122724 -9999 -9999 -9999 0.5
C0G660 2002122801 -9999 -9999 -9999 0.0
C0G660 2002122802 -9999 -9999 -9999 0.0
C0G660 2002122803 -9999 -9999 -9999 0.0
C0G660 2002122804 -9999 -9999 -9999 0.0
C0G660 2002122805 -9999 -9999 -9999 0.0
C0G660 2002122806 -9999 -9999 -9999 0.0
C0G660 2002122807 -9999 -9999 -9999 0.0
C0G660 2002122808 -9999 -9999 -9999 0.0
C0G660 2002122809 -9999 -9999 -9999 0.0
C0G660 2002122810 -9999 -9999 -9999 0.0
C0G660 2002122811 -9999 -9999 -9999 0.0
C0G660 2002122812 -9999 -9999 -9999 0.0
C0G660 2002122813 -9999 -9999 -9999 0.0
C0G660 2002122814 -9999 -9999 -9999 0.0
C0G660 2002122815 -9999 -9999 -9999 0.0
C0G660 2002122816 -9999 -9999 -9999 0.0
C0G660 2002122817 -9999 -9999 -9999 0.0
C0G660 2002122818 -9999 -9999 -9999 0.0
C0G660 2002122819 -9999 -9999 -9999 0.0
C0G660 2002122820 -9999 -9999 -9999 0.0
C0G660 2002122821 -9999 -9999 -9999 0.0
C0G660 2002122822 -9999 -9999 -9999 0.0
C0G660 2002122823 -9999 -9999 -9999 0.0
C0G660 2002122824 -9999 -9999 -9999 0.0
C0G660 2002122901 -9999 -9999 -9999 0.0
C0G660 2002122902 -9999 -9999 -9999 0.0
C0G660 2002122903 -9999 -9999 -9999 0.0
C0G660 2002122904 -9999 -9999 -9999 0.0
C0G660 2002122905 -9999 -9999 -9999 0.0
C0G660 2002122906 -9999 -9999 -9999 0.0
C0G660 2002122907 -9999 -9999 -9999 0.0
C0G660 2002122908 -9999 -9999 -9999 0.0
C0G660 2002122909 -9999 -9999 -9999 0.0
C0G660 2002122910 -9999 -9999 -9999 0.0
C0G660 2002122911 -9999 -9999 -9999 0.0
C0G660 2002122912 -9999 -9999 -9999 0.0
C0G660 2002122913 -9999 -9999 -9999 0.0
C0G660 2002122914 -9999 -9999 -9999 0.0
C0G660 2002122915 -9999 -9999 -9999 0.0
C0G660 2002122916 -9999 -9999 -9999 0.0
C0G660 2002122917 -9999 -9999 -9999 0.0
C0G660 2002122918 -9999 -9999 -9999 0.0
C0G660 2002122919 -9999 -9999 -9999 0.0
C0G660 2002122920 -9999 -9999 -9999 0.0
C0G660 2002122921 -9999 -9999 -9999 0.0
C0G660 2002122922 -9999 -9999 -9999 0.0
C0G660 2002122923 -9999 -9999 -9999 0.0
C0G660 2002122924 -9999 -9999 -9999 0.0
C0G660 2002123001 -9999 -9999 -9999 0.0
C0G660 2002123002 -9999 -9999 -9999 0.0
C0G660 2002123003 -9999 -9999 -9999 0.0
C0G660 2002123004 -9999 -9999 -9999 0.0
C0G660 2002123005 -9999 -9999 -9999 0.0
C0G660 2002123006 -9999 -9999 -9999 0.0
C0G660 2002123007 -9999 -9999 -9999 0.0
C0G660 2002123008 -9999 -9999 -9999 0.0
C0G660 2002123009 -9999 -9999 -9999 0.0
C0G660 2002123010 -9999 -9999 -9999 0.0
C0G660 2002123011 -9999 -9999 -9999 0.0
C0G660 2002123012 -9999 -9999 -9999 0.0
C0G660 2002123013 -9999 -9999 -9999 0.0
C0G660 2002123014 -9999 -9999 -9999 0.0
C0G660 2002123015 -9999 -9999 -9999 0.0
C0G660 2002123016 -9999 -9999 -9999 0.0
C0G660 2002123017 -9999 -9999 -9999 0.0
C0G660 2002123018 -9999 -9999 -9999 0.0
C0G660 2002123019 -9999 -9999 -9999 0.0
C0G660 2002123020 -9999 -9999 -9999 0.0
C0G660 2002123021 -9999 -9999 -9999 0.0
C0G660 2002123022 -9999 -9999 -9999 0.0
C0G660 2002123023 -9999 -9999 -9999 0.0
C0G660 2002123024 -9999 -9999 -9999 0.0
C0G660 2002123101 -9999 -9999 -9999 0.0
C0G660 2002123102 -9999 -9999 -9999 0.0
C0G660 2002123103 -9999 -9999 -9999 0.0
C0G660 2002123104 -9999 -9999 -9999 0.0
C0G660 2002123105 -9999 -9999 -9999 0.0
C0G660 2002123106 -9999 -9999 -9999 0.0
C0G660 2002123107 -9999 -9999 -9999 0.0
C0G660 2002123108 -9999 -9999 -9999 0.0
C0G660 2002123109 -9999 -9999 -9999 0.0
C0G660 2002123110 -9999 -9999 -9999 0.0
C0G660 2002123111 -9999 -9999 -9999 0.0
C0G660 2002123112 -9999 -9999 -9999 0.0
C0G660 2002123113 -9999 -9999 -9999 0.0
C0G660 2002123114 -9999 -9999 -9999 0.0
C0G660 2002123115 -9999 -9999 -9999 0.0
C0G660 2002123116 -9999 -9999 -9999 0.0
C0G660 2002123117 -9999 -9999 -9999 0.0
C0G660 2002123118 -9999 -9999 -9999 0.0
C0G660 2002123119 -9999 -9999 -9999 0.0
C0G660 2002123120 -9999 -9999 -9999 0.0
C0G660 2002123121 -9999 -9999 -9999 0.0
C0G660 2002123122 -9999 -9999 -9999 0.0
C0G660 2002123123 -9999 -9999 -9999 0.0
C0G660 2002123124 -9999 -9999 -9999 0.0
