C0G620 2002050101 -9999 -9999 -9999 0.0
C0G620 2002050102 -9999 -9999 -9999 0.0
C0G620 2002050103 -9999 -9999 -9999 0.0
C0G620 2002050104 -9999 -9999 -9999 0.0
C0G620 2002050105 -9999 -9999 -9999 0.0
C0G620 2002050106 -9999 -9999 -9999 0.0
C0G620 2002050107 -9999 -9999 -9999 0.0
C0G620 2002050108 -9999 -9999 -9999 0.0
C0G620 2002050109 -9999 -9999 -9999 0.0
C0G620 2002050110 -9999 -9999 -9999 0.0
C0G620 2002050111 -9999 -9999 -9999 0.0
C0G620 2002050112 -9999 -9999 -9999 0.0
C0G620 2002050113 -9999 -9999 -9999 0.0
C0G620 2002050114 -9999 -9999 -9999 0.0
C0G620 2002050115 -9999 -9999 -9999 0.0
C0G620 2002050116 -9999 -9999 -9999 0.0
C0G620 2002050117 -9999 -9999 -9999 0.0
C0G620 2002050118 -9999 -9999 -9999 0.0
C0G620 2002050119 -9999 -9999 -9999 0.0
C0G620 2002050120 -9999 -9999 -9999 0.0
C0G620 2002050121 -9999 -9999 -9999 0.0
C0G620 2002050122 -9999 -9999 -9999 0.0
C0G620 2002050123 -9999 -9999 -9999 0.0
C0G620 2002050124 -9999 -9999 -9999 0.0
C0G620 2002050201 -9999 -9999 -9999 0.0
C0G620 2002050202 -9999 -9999 -9999 0.0
C0G620 2002050203 -9999 -9999 -9999 0.0
C0G620 2002050204 -9999 -9999 -9999 0.0
C0G620 2002050205 -9999 -9999 -9999 0.0
C0G620 2002050206 -9999 -9999 -9999 0.0
C0G620 2002050207 -9999 -9999 -9999 0.0
C0G620 2002050208 -9999 -9999 -9999 0.0
C0G620 2002050209 -9999 -9999 -9999 0.0
C0G620 2002050210 -9999 -9999 -9999 0.0
C0G620 2002050211 -9999 -9999 -9999 0.0
C0G620 2002050212 -9999 -9999 -9999 0.0
C0G620 2002050213 -9999 -9999 -9999 0.0
C0G620 2002050214 -9999 -9999 -9999 0.0
C0G620 2002050215 -9999 -9999 -9999 0.0
C0G620 2002050216 -9999 -9999 -9999 0.0
C0G620 2002050217 -9999 -9999 -9999 0.0
C0G620 2002050218 -9999 -9999 -9999 0.0
C0G620 2002050219 -9999 -9999 -9999 0.0
C0G620 2002050220 -9999 -9999 -9999 0.0
C0G620 2002050221 -9999 -9999 -9999 0.0
C0G620 2002050222 -9999 -9999 -9999 0.0
C0G620 2002050223 -9999 -9999 -9999 0.0
C0G620 2002050224 -9999 -9999 -9999 0.0
C0G620 2002050301 -9999 -9999 -9999 0.0
C0G620 2002050302 -9999 -9999 -9999 0.0
C0G620 2002050303 -9999 -9999 -9999 0.0
C0G620 2002050304 -9999 -9999 -9999 0.0
C0G620 2002050305 -9999 -9999 -9999 0.0
C0G620 2002050306 -9999 -9999 -9999 0.0
C0G620 2002050307 -9999 -9999 -9999 0.0
C0G620 2002050308 -9999 -9999 -9999 0.0
C0G620 2002050309 -9999 -9999 -9999 0.0
C0G620 2002050310 -9999 -9999 -9999 0.0
C0G620 2002050311 -9999 -9999 -9999 0.0
C0G620 2002050312 -9999 -9999 -9999 0.0
C0G620 2002050313 -9999 -9999 -9999 0.0
C0G620 2002050314 -9999 -9999 -9999 0.0
C0G620 2002050315 -9999 -9999 -9999 0.0
C0G620 2002050316 -9999 -9999 -9999 0.0
C0G620 2002050317 -9999 -9999 -9999 0.0
C0G620 2002050318 -9999 -9999 -9999 0.0
C0G620 2002050319 -9999 -9999 -9999 0.0
C0G620 2002050320 -9999 -9999 -9999 0.0
C0G620 2002050321 -9999 -9999 -9999 0.0
C0G620 2002050322 -9999 -9999 -9999 0.0
C0G620 2002050323 -9999 -9999 -9999 0.0
C0G620 2002050324 -9999 -9999 -9999 0.0
C0G620 2002050401 -9999 -9999 -9999 0.0
C0G620 2002050402 -9999 -9999 -9999 0.0
C0G620 2002050403 -9999 -9999 -9999 0.0
C0G620 2002050404 -9999 -9999 -9999 0.0
C0G620 2002050405 -9999 -9999 -9999 0.0
C0G620 2002050406 -9999 -9999 -9999 0.0
C0G620 2002050407 -9999 -9999 -9999 0.0
C0G620 2002050408 -9999 -9999 -9999 0.0
C0G620 2002050409 -9999 -9999 -9999 0.0
C0G620 2002050410 -9999 -9999 -9999 0.0
C0G620 2002050411 -9999 -9999 -9999 0.0
C0G620 2002050412 -9999 -9999 -9999 0.0
C0G620 2002050413 -9999 -9999 -9999 0.0
C0G620 2002050414 -9999 -9999 -9999 0.0
C0G620 2002050415 -9999 -9999 -9999 0.0
C0G620 2002050416 -9999 -9999 -9999 0.0
C0G620 2002050417 -9999 -9999 -9999 0.0
C0G620 2002050418 -9999 -9999 -9999 0.0
C0G620 2002050419 -9999 -9999 -9999 0.0
C0G620 2002050420 -9999 -9999 -9999 0.0
C0G620 2002050421 -9999 -9999 -9999 0.0
C0G620 2002050422 -9999 -9999 -9999 0.0
C0G620 2002050423 -9999 -9999 -9999 0.0
C0G620 2002050424 -9999 -9999 -9999 0.0
C0G620 2002050501 -9999 -9999 -9999 0.0
C0G620 2002050502 -9999 -9999 -9999 0.0
C0G620 2002050503 -9999 -9999 -9999 0.0
C0G620 2002050504 -9999 -9999 -9999 0.0
C0G620 2002050505 -9999 -9999 -9999 0.0
C0G620 2002050506 -9999 -9999 -9999 0.0
C0G620 2002050507 -9999 -9999 -9999 0.0
C0G620 2002050508 -9999 -9999 -9999 0.0
C0G620 2002050509 -9999 -9999 -9999 0.0
C0G620 2002050510 -9999 -9999 -9999 0.0
C0G620 2002050511 -9999 -9999 -9999 0.0
C0G620 2002050512 -9999 -9999 -9999 0.0
C0G620 2002050513 -9999 -9999 -9999 0.0
C0G620 2002050514 -9999 -9999 -9999 0.0
C0G620 2002050515 -9999 -9999 -9999 0.0
C0G620 2002050516 -9999 -9999 -9999 0.0
C0G620 2002050517 -9999 -9999 -9999 0.0
C0G620 2002050518 -9999 -9999 -9999 0.0
C0G620 2002050519 -9999 -9999 -9999 0.0
C0G620 2002050520 -9999 -9999 -9999 0.0
C0G620 2002050521 -9999 -9999 -9999 0.0
C0G620 2002050522 -9999 -9999 -9999 0.0
C0G620 2002050523 -9999 -9999 -9999 0.0
C0G620 2002050524 -9999 -9999 -9999 0.0
C0G620 2002050601 -9999 -9999 -9999 0.0
C0G620 2002050602 -9999 -9999 -9999 0.0
C0G620 2002050603 -9999 -9999 -9999 0.0
C0G620 2002050604 -9999 -9999 -9999 0.0
C0G620 2002050605 -9999 -9999 -9999 0.0
C0G620 2002050606 -9999 -9999 -9999 0.0
C0G620 2002050607 -9999 -9999 -9999 0.0
C0G620 2002050608 -9999 -9999 -9999 0.0
C0G620 2002050609 -9999 -9999 -9999 0.0
C0G620 2002050610 -9999 -9999 -9999 0.0
C0G620 2002050611 -9999 -9999 -9999 0.0
C0G620 2002050612 -9999 -9999 -9999 0.0
C0G620 2002050613 -9999 -9999 -9999 0.0
C0G620 2002050614 -9999 -9999 -9999 0.0
C0G620 2002050615 -9999 -9999 -9999 0.0
C0G620 2002050616 -9999 -9999 -9999 0.0
C0G620 2002050617 -9999 -9999 -9999 0.0
C0G620 2002050618 -9999 -9999 -9999 0.0
C0G620 2002050619 -9999 -9999 -9999 0.0
C0G620 2002050620 -9999 -9999 -9999 0.0
C0G620 2002050621 -9999 -9999 -9999 0.0
C0G620 2002050622 -9999 -9999 -9999 0.0
C0G620 2002050623 -9999 -9999 -9999 0.0
C0G620 2002050624 -9999 -9999 -9999 0.0
C0G620 2002050701 -9999 -9999 -9999 0.0
C0G620 2002050702 -9999 -9999 -9999 0.0
C0G620 2002050703 -9999 -9999 -9999 0.0
C0G620 2002050704 -9999 -9999 -9999 0.0
C0G620 2002050705 -9999 -9999 -9999 0.0
C0G620 2002050706 -9999 -9999 -9999 0.0
C0G620 2002050707 -9999 -9999 -9999 0.0
C0G620 2002050708 -9999 -9999 -9999 0.0
C0G620 2002050709 -9999 -9999 -9999 0.0
C0G620 2002050710 -9999 -9999 -9999 0.0
C0G620 2002050711 -9999 -9999 -9999 0.0
C0G620 2002050712 -9999 -9999 -9999 0.0
C0G620 2002050713 -9999 -9999 -9999 0.0
C0G620 2002050714 -9999 -9999 -9999 0.0
C0G620 2002050715 -9999 -9999 -9999 0.0
C0G620 2002050716 -9999 -9999 -9999 0.0
C0G620 2002050717 -9999 -9999 -9999 0.0
C0G620 2002050718 -9999 -9999 -9999 0.0
C0G620 2002050719 -9999 -9999 -9999 0.0
C0G620 2002050720 -9999 -9999 -9999 0.0
C0G620 2002050721 -9999 -9999 -9999 0.0
C0G620 2002050722 -9999 -9999 -9999 0.0
C0G620 2002050723 -9999 -9999 -9999 0.0
C0G620 2002050724 -9999 -9999 -9999 0.0
C0G620 2002050801 -9999 -9999 -9999 0.0
C0G620 2002050802 -9999 -9999 -9999 0.0
C0G620 2002050803 -9999 -9999 -9999 0.0
C0G620 2002050804 -9999 -9999 -9999 0.0
C0G620 2002050805 -9999 -9999 -9999 0.0
C0G620 2002050806 -9999 -9999 -9999 0.0
C0G620 2002050807 -9999 -9999 -9999 0.0
C0G620 2002050808 -9999 -9999 -9999 0.0
C0G620 2002050809 -9999 -9999 -9999 0.0
C0G620 2002050810 -9999 -9999 -9999 0.0
C0G620 2002050811 -9999 -9999 -9999 0.0
C0G620 2002050812 -9999 -9999 -9999 0.0
C0G620 2002050813 -9999 -9999 -9999 0.0
C0G620 2002050814 -9999 -9999 -9999 0.0
C0G620 2002050815 -9999 -9999 -9999 0.0
C0G620 2002050816 -9999 -9999 -9999 0.0
C0G620 2002050817 -9999 -9999 -9999 0.0
C0G620 2002050818 -9999 -9999 -9999 0.0
C0G620 2002050819 -9999 -9999 -9999 0.0
C0G620 2002050820 -9999 -9999 -9999 0.0
C0G620 2002050821 -9999 -9999 -9999 0.0
C0G620 2002050822 -9999 -9999 -9999 0.0
C0G620 2002050823 -9999 -9999 -9999 0.0
C0G620 2002050824 -9999 -9999 -9999 0.0
C0G620 2002050901 -9999 -9999 -9999 0.0
C0G620 2002050902 -9999 -9999 -9999 0.0
C0G620 2002050903 -9999 -9999 -9999 0.0
C0G620 2002050904 -9999 -9999 -9999 0.0
C0G620 2002050905 -9999 -9999 -9999 0.0
C0G620 2002050906 -9999 -9999 -9999 0.0
C0G620 2002050907 -9999 -9999 -9999 0.0
C0G620 2002050908 -9999 -9999 -9999 0.0
C0G620 2002050909 -9999 -9999 -9999 0.0
C0G620 2002050910 -9999 -9999 -9999 0.0
C0G620 2002050911 -9999 -9999 -9999 0.0
C0G620 2002050912 -9999 -9999 -9999 0.0
C0G620 2002050913 -9999 -9999 -9999 0.0
C0G620 2002050914 -9999 -9999 -9999 0.0
C0G620 2002050915 -9999 -9999 -9999 0.0
C0G620 2002050916 -9999 -9999 -9999 0.0
C0G620 2002050917 -9999 -9999 -9999 0.0
C0G620 2002050918 -9999 -9999 -9999 0.0
C0G620 2002050919 -9999 -9999 -9999 0.0
C0G620 2002050920 -9999 -9999 -9999 0.0
C0G620 2002050921 -9999 -9999 -9999 0.0
C0G620 2002050922 -9999 -9999 -9999 0.0
C0G620 2002050923 -9999 -9999 -9999 0.0
C0G620 2002050924 -9999 -9999 -9999 0.0
C0G620 2002051001 -9999 -9999 -9999 0.0
C0G620 2002051002 -9999 -9999 -9999 0.0
C0G620 2002051003 -9999 -9999 -9999 0.0
C0G620 2002051004 -9999 -9999 -9999 0.0
C0G620 2002051005 -9999 -9999 -9999 0.0
C0G620 2002051006 -9999 -9999 -9999 0.0
C0G620 2002051007 -9999 -9999 -9999 0.0
C0G620 2002051008 -9999 -9999 -9999 0.0
C0G620 2002051009 -9999 -9999 -9999 0.0
C0G620 2002051010 -9999 -9999 -9999 0.0
C0G620 2002051011 -9999 -9999 -9999 0.0
C0G620 2002051012 -9999 -9999 -9999 0.0
C0G620 2002051013 -9999 -9999 -9999 0.0
C0G620 2002051014 -9999 -9999 -9999 0.0
C0G620 2002051015 -9999 -9999 -9999 0.0
C0G620 2002051016 -9999 -9999 -9999 0.0
C0G620 2002051017 -9999 -9999 -9999 0.0
C0G620 2002051018 -9999 -9999 -9999 0.0
C0G620 2002051019 -9999 -9999 -9999 0.0
C0G620 2002051020 -9999 -9999 -9999 0.0
C0G620 2002051021 -9999 -9999 -9999 0.0
C0G620 2002051022 -9999 -9999 -9999 0.0
C0G620 2002051023 -9999 -9999 -9999 0.0
C0G620 2002051024 -9999 -9999 -9999 0.0
C0G620 2002051101 -9999 -9999 -9999 0.0
C0G620 2002051102 -9999 -9999 -9999 0.0
C0G620 2002051103 -9999 -9999 -9999 0.0
C0G620 2002051104 -9999 -9999 -9999 0.0
C0G620 2002051105 -9999 -9999 -9999 0.0
C0G620 2002051106 -9999 -9999 -9999 0.0
C0G620 2002051107 -9999 -9999 -9999 0.0
C0G620 2002051108 -9999 -9999 -9999 0.0
C0G620 2002051109 -9999 -9999 -9999 0.0
C0G620 2002051110 -9999 -9999 -9999 0.0
C0G620 2002051111 -9999 -9999 -9999 0.0
C0G620 2002051112 -9999 -9999 -9999 0.0
C0G620 2002051113 -9999 -9999 -9999 0.0
C0G620 2002051114 -9999 -9999 -9999 0.0
C0G620 2002051115 -9999 -9999 -9999 0.0
C0G620 2002051116 -9999 -9999 -9999 0.0
C0G620 2002051117 -9999 -9999 -9999 0.0
C0G620 2002051118 -9999 -9999 -9999 0.0
C0G620 2002051119 -9999 -9999 -9999 0.0
C0G620 2002051120 -9999 -9999 -9999 0.0
C0G620 2002051121 -9999 -9999 -9999 0.0
C0G620 2002051122 -9999 -9999 -9999 0.0
C0G620 2002051123 -9999 -9999 -9999 0.0
C0G620 2002051124 -9999 -9999 -9999 0.0
C0G620 2002051201 -9999 -9999 -9999 0.0
C0G620 2002051202 -9999 -9999 -9999 0.0
C0G620 2002051203 -9999 -9999 -9999 0.0
C0G620 2002051204 -9999 -9999 -9999 0.0
C0G620 2002051205 -9999 -9999 -9999 0.0
C0G620 2002051206 -9999 -9999 -9999 0.0
C0G620 2002051207 -9999 -9999 -9999 0.0
C0G620 2002051208 -9999 -9999 -9999 0.0
C0G620 2002051209 -9999 -9999 -9999 0.0
C0G620 2002051210 -9999 -9999 -9999 0.0
C0G620 2002051211 -9999 -9999 -9999 0.0
C0G620 2002051212 -9999 -9999 -9999 0.0
C0G620 2002051213 -9999 -9999 -9999 0.0
C0G620 2002051214 -9999 -9999 -9999 0.0
C0G620 2002051215 -9999 -9999 -9999 0.0
C0G620 2002051216 -9999 -9999 -9999 0.0
C0G620 2002051217 -9999 -9999 -9999 0.0
C0G620 2002051218 -9999 -9999 -9999 0.0
C0G620 2002051219 -9999 -9999 -9999 0.0
C0G620 2002051220 -9999 -9999 -9999 0.0
C0G620 2002051221 -9999 -9999 -9999 0.0
C0G620 2002051222 -9999 -9999 -9999 0.0
C0G620 2002051223 -9999 -9999 -9999 0.0
C0G620 2002051224 -9999 -9999 -9999 0.0
C0G620 2002051301 -9999 -9999 -9999 0.0
C0G620 2002051302 -9999 -9999 -9999 0.0
C0G620 2002051303 -9999 -9999 -9999 0.0
C0G620 2002051304 -9999 -9999 -9999 0.0
C0G620 2002051305 -9999 -9999 -9999 0.0
C0G620 2002051306 -9999 -9999 -9999 0.0
C0G620 2002051307 -9999 -9999 -9999 0.0
C0G620 2002051308 -9999 -9999 -9999 0.0
C0G620 2002051309 -9999 -9999 -9999 0.0
C0G620 2002051310 -9999 -9999 -9999 0.0
C0G620 2002051311 -9999 -9999 -9999 0.0
C0G620 2002051312 -9999 -9999 -9999 0.0
C0G620 2002051313 -9999 -9999 -9999 0.0
C0G620 2002051314 -9999 -9999 -9999 0.0
C0G620 2002051315 -9999 -9999 -9999 0.0
C0G620 2002051316 -9999 -9999 -9999 0.0
C0G620 2002051317 -9999 -9999 -9999 0.0
C0G620 2002051318 -9999 -9999 -9999 0.0
C0G620 2002051319 -9999 -9999 -9999 0.0
C0G620 2002051320 -9999 -9999 -9999 0.0
C0G620 2002051321 -9999 -9999 -9999 0.0
C0G620 2002051322 -9999 -9999 -9999 0.0
C0G620 2002051323 -9999 -9999 -9999 0.0
C0G620 2002051324 -9999 -9999 -9999 0.0
C0G620 2002051401 -9999 -9999 -9999 0.0
C0G620 2002051402 -9999 -9999 -9999 0.0
C0G620 2002051403 -9999 -9999 -9999 0.0
C0G620 2002051404 -9999 -9999 -9999 0.0
C0G620 2002051405 -9999 -9999 -9999 0.0
C0G620 2002051406 -9999 -9999 -9999 0.0
C0G620 2002051407 -9999 -9999 -9999 0.0
C0G620 2002051408 -9999 -9999 -9999 0.0
C0G620 2002051409 -9999 -9999 -9999 0.0
C0G620 2002051410 -9999 -9999 -9999 0.0
C0G620 2002051411 -9999 -9999 -9999 0.0
C0G620 2002051412 -9999 -9999 -9999 0.0
C0G620 2002051413 -9999 -9999 -9999 0.0
C0G620 2002051414 -9999 -9999 -9999 0.0
C0G620 2002051415 -9999 -9999 -9999 0.0
C0G620 2002051416 -9999 -9999 -9999 0.0
C0G620 2002051417 -9999 -9999 -9999 0.0
C0G620 2002051418 -9999 -9999 -9999 0.0
C0G620 2002051419 -9999 -9999 -9999 0.0
C0G620 2002051420 -9999 -9999 -9999 0.0
C0G620 2002051421 -9999 -9999 -9999 0.0
C0G620 2002051422 -9999 -9999 -9999 0.0
C0G620 2002051423 -9999 -9999 -9999 0.0
C0G620 2002051424 -9999 -9999 -9999 0.0
C0G620 2002051501 -9999 -9999 -9999 0.0
C0G620 2002051502 -9999 -9999 -9999 0.0
C0G620 2002051503 -9999 -9999 -9999 0.0
C0G620 2002051504 -9999 -9999 -9999 0.0
C0G620 2002051505 -9999 -9999 -9999 0.0
C0G620 2002051506 -9999 -9999 -9999 0.0
C0G620 2002051507 -9999 -9999 -9999 0.0
C0G620 2002051508 -9999 -9999 -9999 0.0
C0G620 2002051509 -9999 -9999 -9999 0.0
C0G620 2002051510 -9999 -9999 -9999 0.0
C0G620 2002051511 -9999 -9999 -9999 0.0
C0G620 2002051512 -9999 -9999 -9999 0.0
C0G620 2002051513 -9999 -9999 -9999 0.0
C0G620 2002051514 -9999 -9999 -9999 0.0
C0G620 2002051515 -9999 -9999 -9999 3.0
C0G620 2002051516 -9999 -9999 -9999 0.0
C0G620 2002051517 -9999 -9999 -9999 0.0
C0G620 2002051518 -9999 -9999 -9999 0.0
C0G620 2002051519 -9999 -9999 -9999 0.0
C0G620 2002051520 -9999 -9999 -9999 0.0
C0G620 2002051521 -9999 -9999 -9999 0.0
C0G620 2002051522 -9999 -9999 -9999 0.0
C0G620 2002051523 -9999 -9999 -9999 0.0
C0G620 2002051524 -9999 -9999 -9999 3.0
C0G620 2002051601 -9999 -9999 -9999 0.0
C0G620 2002051602 -9999 -9999 -9999 0.0
C0G620 2002051603 -9999 -9999 -9999 0.0
C0G620 2002051604 -9999 -9999 -9999 0.0
C0G620 2002051605 -9999 -9999 -9999 0.0
C0G620 2002051606 -9999 -9999 -9999 0.0
C0G620 2002051607 -9999 -9999 -9999 0.0
C0G620 2002051608 -9999 -9999 -9999 0.0
C0G620 2002051609 -9999 -9999 -9999 0.0
C0G620 2002051610 -9999 -9999 -9999 0.0
C0G620 2002051611 -9999 -9999 -9999 0.0
C0G620 2002051612 -9999 -9999 -9999 0.0
C0G620 2002051613 -9999 -9999 -9999 0.0
C0G620 2002051614 -9999 -9999 -9999 0.0
C0G620 2002051615 -9999 -9999 -9999 0.0
C0G620 2002051616 -9999 -9999 -9999 0.0
C0G620 2002051617 -9999 -9999 -9999 0.0
C0G620 2002051618 -9999 -9999 -9999 0.0
C0G620 2002051619 -9999 -9999 -9999 0.0
C0G620 2002051620 -9999 -9999 -9999 0.0
C0G620 2002051621 -9999 -9999 -9999 0.0
C0G620 2002051622 -9999 -9999 -9999 0.0
C0G620 2002051623 -9999 -9999 -9999 0.0
C0G620 2002051624 -9999 -9999 -9999 5.5
C0G620 2002051701 -9999 -9999 -9999 8.5
C0G620 2002051702 -9999 -9999 -9999 0.5
C0G620 2002051703 -9999 -9999 -9999 0.0
C0G620 2002051704 -9999 -9999 -9999 1.0
C0G620 2002051705 -9999 -9999 -9999 1.5
C0G620 2002051706 -9999 -9999 -9999 0.0
C0G620 2002051707 -9999 -9999 -9999 0.0
C0G620 2002051708 -9999 -9999 -9999 0.0
C0G620 2002051709 -9999 -9999 -9999 0.0
C0G620 2002051710 -9999 -9999 -9999 1.0
C0G620 2002051711 -9999 -9999 -9999 0.5
C0G620 2002051712 -9999 -9999 -9999 1.5
C0G620 2002051713 -9999 -9999 -9999 14.5
C0G620 2002051714 -9999 -9999 -9999 0.5
C0G620 2002051715 -9999 -9999 -9999 0.0
C0G620 2002051716 -9999 -9999 -9999 0.5
C0G620 2002051717 -9999 -9999 -9999 0.0
C0G620 2002051718 -9999 -9999 -9999 0.0
C0G620 2002051719 -9999 -9999 -9999 0.0
C0G620 2002051720 -9999 -9999 -9999 0.0
C0G620 2002051721 -9999 -9999 -9999 0.0
C0G620 2002051722 -9999 -9999 -9999 0.0
C0G620 2002051723 -9999 -9999 -9999 0.0
C0G620 2002051724 -9999 -9999 -9999 0.0
C0G620 2002051801 -9999 -9999 -9999 0.0
C0G620 2002051802 -9999 -9999 -9999 0.0
C0G620 2002051803 -9999 -9999 -9999 0.0
C0G620 2002051804 -9999 -9999 -9999 0.0
C0G620 2002051805 -9999 -9999 -9999 0.0
C0G620 2002051806 -9999 -9999 -9999 0.0
C0G620 2002051807 -9999 -9999 -9999 0.0
C0G620 2002051808 -9999 -9999 -9999 0.0
C0G620 2002051809 -9999 -9999 -9999 0.0
C0G620 2002051810 -9999 -9999 -9999 0.0
C0G620 2002051811 -9999 -9999 -9999 0.0
C0G620 2002051812 -9999 -9999 -9999 0.0
C0G620 2002051813 -9999 -9999 -9999 0.0
C0G620 2002051814 -9999 -9999 -9999 0.0
C0G620 2002051815 -9999 -9999 -9999 0.0
C0G620 2002051816 -9999 -9999 -9999 0.0
C0G620 2002051817 -9999 -9999 -9999 0.0
C0G620 2002051818 -9999 -9999 -9999 0.0
C0G620 2002051819 -9999 -9999 -9999 0.0
C0G620 2002051820 -9999 -9999 -9999 0.0
C0G620 2002051821 -9999 -9999 -9999 0.0
C0G620 2002051822 -9999 -9999 -9999 0.0
C0G620 2002051823 -9999 -9999 -9999 0.0
C0G620 2002051824 -9999 -9999 -9999 0.0
C0G620 2002051901 -9999 -9999 -9999 0.0
C0G620 2002051902 -9999 -9999 -9999 0.0
C0G620 2002051903 -9999 -9999 -9999 0.0
C0G620 2002051904 -9999 -9999 -9999 0.0
C0G620 2002051905 -9999 -9999 -9999 0.0
C0G620 2002051906 -9999 -9999 -9999 0.0
C0G620 2002051907 -9999 -9999 -9999 0.0
C0G620 2002051908 -9999 -9999 -9999 0.0
C0G620 2002051909 -9999 -9999 -9999 0.0
C0G620 2002051910 -9999 -9999 -9999 0.0
C0G620 2002051911 -9999 -9999 -9999 0.0
C0G620 2002051912 -9999 -9999 -9999 0.0
C0G620 2002051913 -9999 -9999 -9999 0.0
C0G620 2002051914 -9999 -9999 -9999 0.0
C0G620 2002051915 -9999 -9999 -9999 0.0
C0G620 2002051916 -9999 -9999 -9999 0.0
C0G620 2002051917 -9999 -9999 -9999 0.0
C0G620 2002051918 -9999 -9999 -9999 0.0
C0G620 2002051919 -9999 -9999 -9999 0.0
C0G620 2002051920 -9999 -9999 -9999 0.0
C0G620 2002051921 -9999 -9999 -9999 0.0
C0G620 2002051922 -9999 -9999 -9999 0.0
C0G620 2002051923 -9999 -9999 -9999 0.0
C0G620 2002051924 -9999 -9999 -9999 0.0
C0G620 2002052001 -9999 -9999 -9999 0.0
C0G620 2002052002 -9999 -9999 -9999 0.0
C0G620 2002052003 -9999 -9999 -9999 0.0
C0G620 2002052004 -9999 -9999 -9999 0.0
C0G620 2002052005 -9999 -9999 -9999 0.0
C0G620 2002052006 -9999 -9999 -9999 0.0
C0G620 2002052007 -9999 -9999 -9999 0.0
C0G620 2002052008 -9999 -9999 -9999 0.0
C0G620 2002052009 -9999 -9999 -9999 0.0
C0G620 2002052010 -9999 -9999 -9999 0.0
C0G620 2002052011 -9999 -9999 -9999 0.0
C0G620 2002052012 -9999 -9999 -9999 0.0
C0G620 2002052013 -9999 -9999 -9999 0.0
C0G620 2002052014 -9999 -9999 -9999 6.0
C0G620 2002052015 -9999 -9999 -9999 4.5
C0G620 2002052016 -9999 -9999 -9999 1.0
C0G620 2002052017 -9999 -9999 -9999 0.0
C0G620 2002052018 -9999 -9999 -9999 1.5
C0G620 2002052019 -9999 -9999 -9999 2.0
C0G620 2002052020 -9999 -9999 -9999 2.5
C0G620 2002052021 -9999 -9999 -9999 0.5
C0G620 2002052022 -9999 -9999 -9999 0.0
C0G620 2002052023 -9999 -9999 -9999 0.0
C0G620 2002052024 -9999 -9999 -9999 0.0
C0G620 2002052101 -9999 -9999 -9999 0.0
C0G620 2002052102 -9999 -9999 -9999 0.0
C0G620 2002052103 -9999 -9999 -9999 0.0
C0G620 2002052104 -9999 -9999 -9999 0.0
C0G620 2002052105 -9999 -9999 -9999 0.0
C0G620 2002052106 -9999 -9999 -9999 6.0
C0G620 2002052107 -9999 -9999 -9999 0.5
C0G620 2002052108 -9999 -9999 -9999 0.0
C0G620 2002052109 -9999 -9999 -9999 0.0
C0G620 2002052110 -9999 -9999 -9999 0.0
C0G620 2002052111 -9999 -9999 -9999 0.0
C0G620 2002052112 -9999 -9999 -9999 0.0
C0G620 2002052113 -9999 -9999 -9999 0.0
C0G620 2002052114 -9999 -9999 -9999 0.0
C0G620 2002052115 -9999 -9999 -9999 0.0
C0G620 2002052116 -9999 -9999 -9999 0.0
C0G620 2002052117 -9999 -9999 -9999 0.0
C0G620 2002052118 -9999 -9999 -9999 0.0
C0G620 2002052119 -9999 -9999 -9999 0.0
C0G620 2002052120 -9999 -9999 -9999 0.0
C0G620 2002052121 -9999 -9999 -9999 0.0
C0G620 2002052122 -9999 -9999 -9999 0.0
C0G620 2002052123 -9999 -9999 -9999 0.0
C0G620 2002052124 -9999 -9999 -9999 0.0
C0G620 2002052201 -9999 -9999 -9999 0.0
C0G620 2002052202 -9999 -9999 -9999 0.0
C0G620 2002052203 -9999 -9999 -9999 0.0
C0G620 2002052204 -9999 -9999 -9999 0.0
C0G620 2002052205 -9999 -9999 -9999 0.0
C0G620 2002052206 -9999 -9999 -9999 6.0
C0G620 2002052207 -9999 -9999 -9999 2.0
C0G620 2002052208 -9999 -9999 -9999 13.0
C0G620 2002052209 -9999 -9999 -9999 5.5
C0G620 2002052210 -9999 -9999 -9999 4.5
C0G620 2002052211 -9999 -9999 -9999 7.0
C0G620 2002052212 -9999 -9999 -9999 0.5
C0G620 2002052213 -9999 -9999 -9999 1.0
C0G620 2002052214 -9999 -9999 -9999 0.0
C0G620 2002052215 -9999 -9999 -9999 0.0
C0G620 2002052216 -9999 -9999 -9999 0.0
C0G620 2002052217 -9999 -9999 -9999 0.0
C0G620 2002052218 -9999 -9999 -9999 0.0
C0G620 2002052219 -9999 -9999 -9999 0.0
C0G620 2002052220 -9999 -9999 -9999 0.0
C0G620 2002052221 -9999 -9999 -9999 0.0
C0G620 2002052222 -9999 -9999 -9999 0.0
C0G620 2002052223 -9999 -9999 -9999 0.0
C0G620 2002052224 -9999 -9999 -9999 0.0
C0G620 2002052301 -9999 -9999 -9999 0.0
C0G620 2002052302 -9999 -9999 -9999 0.0
C0G620 2002052303 -9999 -9999 -9999 0.0
C0G620 2002052304 -9999 -9999 -9999 0.0
C0G620 2002052305 -9999 -9999 -9999 0.0
C0G620 2002052306 -9999 -9999 -9999 0.0
C0G620 2002052307 -9999 -9999 -9999 1.0
C0G620 2002052308 -9999 -9999 -9999 2.0
C0G620 2002052309 -9999 -9999 -9999 14.5
C0G620 2002052310 -9999 -9999 -9999 9.0
C0G620 2002052311 -9999 -9999 -9999 5.5
C0G620 2002052312 -9999 -9999 -9999 0.5
C0G620 2002052313 -9999 -9999 -9999 0.0
C0G620 2002052314 -9999 -9999 -9999 0.0
C0G620 2002052315 -9999 -9999 -9999 0.0
C0G620 2002052316 -9999 -9999 -9999 0.0
C0G620 2002052317 -9999 -9999 -9999 0.0
C0G620 2002052318 -9999 -9999 -9999 0.0
C0G620 2002052319 -9999 -9999 -9999 0.0
C0G620 2002052320 -9999 -9999 -9999 0.0
C0G620 2002052321 -9999 -9999 -9999 0.0
C0G620 2002052322 -9999 -9999 -9999 0.0
C0G620 2002052323 -9999 -9999 -9999 0.0
C0G620 2002052324 -9999 -9999 -9999 0.0
C0G620 2002052401 -9999 -9999 -9999 0.0
C0G620 2002052402 -9999 -9999 -9999 0.0
C0G620 2002052403 -9999 -9999 -9999 0.0
C0G620 2002052404 -9999 -9999 -9999 0.0
C0G620 2002052405 -9999 -9999 -9999 0.0
C0G620 2002052406 -9999 -9999 -9999 0.0
C0G620 2002052407 -9999 -9999 -9999 0.0
C0G620 2002052408 -9999 -9999 -9999 0.0
C0G620 2002052409 -9999 -9999 -9999 0.0
C0G620 2002052410 -9999 -9999 -9999 0.0
C0G620 2002052411 -9999 -9999 -9999 0.0
C0G620 2002052412 -9999 -9999 -9999 0.0
C0G620 2002052413 -9999 -9999 -9999 0.0
C0G620 2002052414 -9999 -9999 -9999 0.0
C0G620 2002052415 -9999 -9999 -9999 0.0
C0G620 2002052416 -9999 -9999 -9999 0.0
C0G620 2002052417 -9999 -9999 -9999 0.0
C0G620 2002052418 -9999 -9999 -9999 0.0
C0G620 2002052419 -9999 -9999 -9999 0.0
C0G620 2002052420 -9999 -9999 -9999 0.0
C0G620 2002052421 -9999 -9999 -9999 0.0
C0G620 2002052422 -9999 -9999 -9999 0.0
C0G620 2002052423 -9999 -9999 -9999 0.0
C0G620 2002052424 -9999 -9999 -9999 0.0
C0G620 2002052501 -9999 -9999 -9999 0.0
C0G620 2002052502 -9999 -9999 -9999 0.0
C0G620 2002052503 -9999 -9999 -9999 0.0
C0G620 2002052504 -9999 -9999 -9999 0.0
C0G620 2002052505 -9999 -9999 -9999 0.0
C0G620 2002052506 -9999 -9999 -9999 0.0
C0G620 2002052507 -9999 -9999 -9999 0.0
C0G620 2002052508 -9999 -9999 -9999 0.0
C0G620 2002052509 -9999 -9999 -9999 0.0
C0G620 2002052510 -9999 -9999 -9999 0.0
C0G620 2002052511 -9999 -9999 -9999 0.0
C0G620 2002052512 -9999 -9999 -9999 0.0
C0G620 2002052513 -9999 -9999 -9999 0.0
C0G620 2002052514 -9999 -9999 -9999 0.0
C0G620 2002052515 -9999 -9999 -9999 0.0
C0G620 2002052516 -9999 -9999 -9999 0.0
C0G620 2002052517 -9999 -9999 -9999 0.0
C0G620 2002052518 -9999 -9999 -9999 0.0
C0G620 2002052519 -9999 -9999 -9999 0.0
C0G620 2002052520 -9999 -9999 -9999 0.0
C0G620 2002052521 -9999 -9999 -9999 0.0
C0G620 2002052522 -9999 -9999 -9999 0.0
C0G620 2002052523 -9999 -9999 -9999 0.0
C0G620 2002052524 -9999 -9999 -9999 0.0
C0G620 2002052601 -9999 -9999 -9999 0.0
C0G620 2002052602 -9999 -9999 -9999 0.0
C0G620 2002052603 -9999 -9999 -9999 0.0
C0G620 2002052604 -9999 -9999 -9999 0.0
C0G620 2002052605 -9999 -9999 -9999 0.0
C0G620 2002052606 -9999 -9999 -9999 0.0
C0G620 2002052607 -9999 -9999 -9999 0.0
C0G620 2002052608 -9999 -9999 -9999 0.0
C0G620 2002052609 -9999 -9999 -9999 0.0
C0G620 2002052610 -9999 -9999 -9999 0.0
C0G620 2002052611 -9999 -9999 -9999 0.0
C0G620 2002052612 -9999 -9999 -9999 0.0
C0G620 2002052613 -9999 -9999 -9999 0.0
C0G620 2002052614 -9999 -9999 -9999 0.0
C0G620 2002052615 -9999 -9999 -9999 0.0
C0G620 2002052616 -9999 -9999 -9999 0.0
C0G620 2002052617 -9999 -9999 -9999 0.0
C0G620 2002052618 -9999 -9999 -9999 0.0
C0G620 2002052619 -9999 -9999 -9999 0.0
C0G620 2002052620 -9999 -9999 -9999 0.0
C0G620 2002052621 -9999 -9999 -9999 0.0
C0G620 2002052622 -9999 -9999 -9999 0.0
C0G620 2002052623 -9999 -9999 -9999 0.0
C0G620 2002052624 -9999 -9999 -9999 0.0
C0G620 2002052701 -9999 -9999 -9999 0.0
C0G620 2002052702 -9999 -9999 -9999 0.0
C0G620 2002052703 -9999 -9999 -9999 0.0
C0G620 2002052704 -9999 -9999 -9999 0.0
C0G620 2002052705 -9999 -9999 -9999 0.0
C0G620 2002052706 -9999 -9999 -9999 0.0
C0G620 2002052707 -9999 -9999 -9999 0.0
C0G620 2002052708 -9999 -9999 -9999 0.0
C0G620 2002052709 -9999 -9999 -9999 0.0
C0G620 2002052710 -9999 -9999 -9999 0.0
C0G620 2002052711 -9999 -9999 -9999 0.0
C0G620 2002052712 -9999 -9999 -9999 0.0
C0G620 2002052713 -9999 -9999 -9999 0.0
C0G620 2002052714 -9999 -9999 -9999 0.0
C0G620 2002052715 -9999 -9999 -9999 0.0
C0G620 2002052716 -9999 -9999 -9999 0.0
C0G620 2002052717 -9999 -9999 -9999 0.0
C0G620 2002052718 -9999 -9999 -9999 0.0
C0G620 2002052719 -9999 -9999 -9999 0.0
C0G620 2002052720 -9999 -9999 -9999 0.0
C0G620 2002052721 -9999 -9999 -9999 0.0
C0G620 2002052722 -9999 -9999 -9999 0.0
C0G620 2002052723 -9999 -9999 -9999 0.0
C0G620 2002052724 -9999 -9999 -9999 0.0
C0G620 2002052801 -9999 -9999 -9999 0.0
C0G620 2002052802 -9999 -9999 -9999 0.0
C0G620 2002052803 -9999 -9999 -9999 0.0
C0G620 2002052804 -9999 -9999 -9999 0.0
C0G620 2002052805 -9999 -9999 -9999 0.0
C0G620 2002052806 -9999 -9999 -9999 0.0
C0G620 2002052807 -9999 -9999 -9999 0.0
C0G620 2002052808 -9999 -9999 -9999 0.0
C0G620 2002052809 -9999 -9999 -9999 0.0
C0G620 2002052810 -9999 -9999 -9999 0.0
C0G620 2002052811 -9999 -9999 -9999 0.0
C0G620 2002052812 -9999 -9999 -9999 0.0
C0G620 2002052813 -9999 -9999 -9999 0.0
C0G620 2002052814 -9999 -9999 -9999 0.0
C0G620 2002052815 -9999 -9999 -9999 0.0
C0G620 2002052816 -9999 -9999 -9999 0.0
C0G620 2002052817 -9999 -9999 -9999 0.0
C0G620 2002052818 -9999 -9999 -9999 0.0
C0G620 2002052819 -9999 -9999 -9999 0.0
C0G620 2002052820 -9999 -9999 -9999 0.0
C0G620 2002052821 -9999 -9999 -9999 0.0
C0G620 2002052822 -9999 -9999 -9999 0.0
C0G620 2002052823 -9999 -9999 -9999 0.0
C0G620 2002052824 -9999 -9999 -9999 0.0
C0G620 2002052901 -9999 -9999 -9999 0.0
C0G620 2002052902 -9999 -9999 -9999 0.0
C0G620 2002052903 -9999 -9999 -9999 0.0
C0G620 2002052904 -9999 -9999 -9999 0.0
C0G620 2002052905 -9999 -9999 -9999 0.0
C0G620 2002052906 -9999 -9999 -9999 0.0
C0G620 2002052907 -9999 -9999 -9999 0.0
C0G620 2002052908 -9999 -9999 -9999 0.0
C0G620 2002052909 -9999 -9999 -9999 0.0
C0G620 2002052910 -9999 -9999 -9999 0.0
C0G620 2002052911 -9999 -9999 -9999 0.0
C0G620 2002052912 -9999 -9999 -9999 0.0
C0G620 2002052913 -9999 -9999 -9999 0.0
C0G620 2002052914 -9999 -9999 -9999 0.0
C0G620 2002052915 -9999 -9999 -9999 0.0
C0G620 2002052916 -9999 -9999 -9999 0.0
C0G620 2002052917 -9999 -9999 -9999 0.0
C0G620 2002052918 -9999 -9999 -9999 0.0
C0G620 2002052919 -9999 -9999 -9999 0.0
C0G620 2002052920 -9999 -9999 -9999 0.0
C0G620 2002052921 -9999 -9999 -9999 0.0
C0G620 2002052922 -9999 -9999 -9999 0.0
C0G620 2002052923 -9999 -9999 -9999 0.0
C0G620 2002052924 -9999 -9999 -9999 0.0
C0G620 2002053001 -9999 -9999 -9999 0.0
C0G620 2002053002 -9999 -9999 -9999 0.0
C0G620 2002053003 -9999 -9999 -9999 0.0
C0G620 2002053004 -9999 -9999 -9999 0.0
C0G620 2002053005 -9999 -9999 -9999 0.0
C0G620 2002053006 -9999 -9999 -9999 0.0
C0G620 2002053007 -9999 -9999 -9999 0.0
C0G620 2002053008 -9999 -9999 -9999 0.0
C0G620 2002053009 -9999 -9999 -9999 0.0
C0G620 2002053010 -9999 -9999 -9999 0.0
C0G620 2002053011 -9999 -9999 -9999 0.0
C0G620 2002053012 -9999 -9999 -9999 0.0
C0G620 2002053013 -9999 -9999 -9999 0.0
C0G620 2002053014 -9999 -9999 -9999 0.0
C0G620 2002053015 -9999 -9999 -9999 0.0
C0G620 2002053016 -9999 -9999 -9999 0.0
C0G620 2002053017 -9999 -9999 -9999 0.0
C0G620 2002053018 -9999 -9999 -9999 0.0
C0G620 2002053019 -9999 -9999 -9999 0.0
C0G620 2002053020 -9999 -9999 -9999 0.0
C0G620 2002053021 -9999 -9999 -9999 0.0
C0G620 2002053022 -9999 -9999 -9999 0.0
C0G620 2002053023 -9999 -9999 -9999 0.0
C0G620 2002053024 -9999 -9999 -9999 0.0
C0G620 2002053101 -9999 -9999 -9999 0.0
C0G620 2002053102 -9999 -9999 -9999 0.0
C0G620 2002053103 -9999 -9999 -9999 0.0
C0G620 2002053104 -9999 -9999 -9999 0.0
C0G620 2002053105 -9999 -9999 -9999 0.0
C0G620 2002053106 -9999 -9999 -9999 0.0
C0G620 2002053107 -9999 -9999 -9999 0.0
C0G620 2002053108 -9999 -9999 -9999 0.0
C0G620 2002053109 -9999 -9999 -9999 0.0
C0G620 2002053110 -9999 -9999 -9999 2.5
C0G620 2002053111 -9999 -9999 -9999 19.5
C0G620 2002053112 -9999 -9999 -9999 22.5
C0G620 2002053113 -9999 -9999 -9999 13.0
C0G620 2002053114 -9999 -9999 -9999 19.0
C0G620 2002053115 -9999 -9999 -9999 5.5
C0G620 2002053116 -9999 -9999 -9999 5.5
C0G620 2002053117 -9999 -9999 -9999 2.0
C0G620 2002053118 -9999 -9999 -9999 2.5
C0G620 2002053119 -9999 -9999 -9999 0.5
C0G620 2002053120 -9999 -9999 -9999 0.0
C0G620 2002053121 -9999 -9999 -9999 0.0
C0G620 2002053122 -9999 -9999 -9999 0.0
C0G620 2002053123 -9999 -9999 -9999 0.0
C0G620 2002053124 -9999 -9999 -9999 0.0
C0G650 2002050101 23.1 -9997 0.0 0.0
C0G650 2002050102 22.0 -9997 0.0 0.0
C0G650 2002050103 21.7 -9997 0.0 0.0
C0G650 2002050104 21.5 -9997 0.0 0.0
C0G650 2002050105 21.8 -9997 0.0 0.0
C0G650 2002050106 22.0 -9997 0.0 0.0
C0G650 2002050107 23.8 -9997 0.0 0.0
C0G650 2002050108 26.5 -9997 0.7 0.0
C0G650 2002050109 28.7 -9997 0.1 0.0
C0G650 2002050110 29.5 -9997 0.4 0.0
C0G650 2002050111 30.3 -9997 0.6 0.0
C0G650 2002050112 31.3 -9997 0.2 0.0
C0G650 2002050113 31.5 -9997 0.3 0.0
C0G650 2002050114 30.2 -9997 0.8 0.0
C0G650 2002050115 30.9 -9997 0.5 0.0
C0G650 2002050116 29.4 -9997 0.9 0.0
C0G650 2002050117 28.6 -9997 0.4 0.0
C0G650 2002050118 27.9 -9997 0.3 0.0
C0G650 2002050119 27.0 -9997 0.0 0.0
C0G650 2002050120 26.6 -9997 0.0 0.0
C0G650 2002050121 -9997 -9997 0.0 0.0
C0G650 2002050122 24.5 -9997 0.0 0.0
C0G650 2002050123 23.7 -9997 0.0 0.0
C0G650 2002050124 -9997 -9997 0.0 0.0
C0G650 2002050201 22.6 -9997 0.0 0.0
C0G650 2002050202 22.4 -9997 0.0 0.0
C0G650 2002050203 22.0 -9997 -9997 0.0
C0G650 2002050204 22.0 -9997 0.0 0.0
C0G650 2002050205 22.2 -9997 0.0 0.0
C0G650 2002050206 23.1 -9997 0.0 0.0
C0G650 2002050207 24.9 -9997 0.0 0.0
C0G650 2002050208 25.6 -9997 0.0 0.0
C0G650 2002050209 26.8 -9997 0.1 0.0
C0G650 2002050210 27.2 -9997 0.3 0.0
C0G650 2002050211 28.9 -9997 0.4 0.0
C0G650 2002050212 30.8 -9997 1.3 0.0
C0G650 2002050213 31.5 -9997 0.8 0.0
C0G650 2002050214 31.4 -9997 0.8 0.0
C0G650 2002050215 30.8 -9997 0.6 0.0
C0G650 2002050216 30.2 -9997 0.7 0.0
C0G650 2002050217 29.3 -9997 1.0 0.0
C0G650 2002050218 28.3 -9997 0.3 0.0
C0G650 2002050219 27.6 -9997 0.0 0.0
C0G650 2002050220 26.6 -9997 0.0 0.0
C0G650 2002050221 25.8 -9997 0.0 0.0
C0G650 2002050222 25.6 -9997 0.0 0.0
C0G650 2002050223 24.0 -9997 0.0 0.0
C0G650 2002050224 23.4 -9997 0.0 0.0
C0G650 2002050301 22.7 -9997 0.0 0.0
C0G650 2002050302 23.4 -9997 0.0 0.0
C0G650 2002050303 22.3 -9997 0.0 0.0
C0G650 2002050304 21.7 -9997 0.0 0.0
C0G650 2002050305 22.0 -9997 0.0 0.0
C0G650 2002050306 23.0 -9997 0.0 0.0
C0G650 2002050307 24.6 -9997 0.0 0.0
C0G650 2002050308 26.8 -9997 0.1 0.0
C0G650 2002050309 29.3 -9997 0.0 0.0
C0G650 2002050310 30.3 -9997 0.2 0.0
C0G650 2002050311 28.3 -9997 0.4 0.0
C0G650 2002050312 28.7 -9997 0.1 0.0
C0G650 2002050313 30.5 -9997 1.0 0.0
C0G650 2002050314 30.2 -9997 1.2 0.0
C0G650 2002050315 29.8 -9997 0.8 0.0
C0G650 2002050316 29.3 -9997 1.3 0.0
C0G650 2002050317 28.3 -9997 0.3 0.0
C0G650 2002050318 27.3 -9997 -9997 0.0
C0G650 2002050319 26.9 -9997 0.1 0.0
C0G650 2002050320 26.3 -9997 0.1 0.0
C0G650 2002050321 26.1 -9997 0.2 0.0
C0G650 2002050322 25.6 -9997 0.0 0.0
C0G650 2002050323 23.5 -9997 0.0 0.0
C0G650 2002050324 -9997 -9997 -9997 0.0
C0G650 2002050401 -9997 -9997 -9997 0.0
C0G650 2002050402 -9997 -9997 -9997 0.0
C0G650 2002050403 -9997 -9997 -9997 0.0
C0G650 2002050404 -9997 -9997 -9997 0.0
C0G650 2002050405 -9997 -9997 -9997 0.0
C0G650 2002050406 -9997 -9997 -9997 0.0
C0G650 2002050407 -9997 -9997 -9997 0.0
C0G650 2002050408 -9997 -9997 -9997 0.0
C0G650 2002050409 -9997 -9997 -9997 0.0
C0G650 2002050410 -9997 -9997 -9997 0.0
C0G650 2002050411 -9997 -9997 -9997 0.0
C0G650 2002050412 -9997 -9997 -9997 0.0
C0G650 2002050413 -9997 -9997 -9997 0.0
C0G650 2002050414 -9997 -9997 -9997 0.0
C0G650 2002050415 -9997 -9997 -9997 0.0
C0G650 2002050416 -9997 -9997 -9997 0.0
C0G650 2002050417 -9997 -9997 -9997 0.0
C0G650 2002050418 -9997 -9997 -9997 0.0
C0G650 2002050419 -9997 -9997 -9997 0.0
C0G650 2002050420 -9997 -9997 -9997 0.0
C0G650 2002050421 -9997 -9997 -9997 0.0
C0G650 2002050422 -9997 -9997 -9997 0.0
C0G650 2002050423 -9997 -9997 -9997 0.0
C0G650 2002050424 -9997 -9997 -9997 0.0
C0G650 2002050501 -9997 -9997 -9997 0.0
C0G650 2002050502 -9997 -9997 -9997 0.0
C0G650 2002050503 -9997 -9997 -9997 0.0
C0G650 2002050504 -9997 -9997 -9997 0.0
C0G650 2002050505 -9997 -9997 -9997 0.0
C0G650 2002050506 -9997 -9997 -9997 0.0
C0G650 2002050507 -9997 -9997 -9997 0.0
C0G650 2002050508 -9997 -9997 -9997 0.0
C0G650 2002050509 -9997 -9997 -9997 0.0
C0G650 2002050510 -9997 -9997 -9997 0.0
C0G650 2002050511 -9997 -9997 -9997 0.0
C0G650 2002050512 -9997 -9997 -9997 0.0
C0G650 2002050513 -9997 -9997 -9997 0.0
C0G650 2002050514 -9997 -9997 -9997 0.0
C0G650 2002050515 -9997 -9997 -9997 0.0
C0G650 2002050516 -9997 -9997 -9997 0.0
C0G650 2002050517 -9997 -9997 -9997 0.0
C0G650 2002050518 -9997 -9997 -9997 0.0
C0G650 2002050519 -9997 -9997 -9997 0.0
C0G650 2002050520 -9997 -9997 -9997 0.0
C0G650 2002050521 -9997 -9997 -9997 0.0
C0G650 2002050522 -9997 -9997 -9997 0.0
C0G650 2002050523 -9997 -9997 -9997 0.0
C0G650 2002050524 -9997 -9997 -9997 0.0
C0G650 2002050601 -9997 -9997 -9997 0.0
C0G650 2002050602 -9997 -9997 -9997 0.0
C0G650 2002050603 -9997 -9997 -9997 0.0
C0G650 2002050604 -9997 -9997 -9997 0.0
C0G650 2002050605 -9997 -9997 -9997 0.0
C0G650 2002050606 -9997 -9997 -9997 0.0
C0G650 2002050607 -9997 -9997 -9997 0.0
C0G650 2002050608 -9997 -9997 -9997 0.0
C0G650 2002050609 -9997 -9997 -9997 0.0
C0G650 2002050610 -9997 -9997 -9997 0.0
C0G650 2002050611 30.4 -9997 1.8 0.0
C0G650 2002050612 30.5 -9997 1.5 0.0
C0G650 2002050613 30.7 -9997 2.1 0.0
C0G650 2002050614 31.1 -9997 1.5 0.0
C0G650 2002050615 30.2 -9997 1.7 0.0
C0G650 2002050616 29.8 -9997 0.9 0.0
C0G650 2002050617 28.6 -9997 0.4 0.0
C0G650 2002050618 27.9 -9997 0.1 0.0
C0G650 2002050619 26.7 -9997 0.0 0.0
C0G650 2002050620 25.2 -9997 0.0 0.0
C0G650 2002050621 24.4 -9997 0.0 0.0
C0G650 2002050622 24.3 -9997 0.0 0.0
C0G650 2002050623 25.1 -9997 0.0 0.0
C0G650 2002050624 25.0 -9997 0.0 0.0
C0G650 2002050701 24.7 -9997 0.0 0.0
C0G650 2002050702 24.0 -9997 0.0 0.0
C0G650 2002050703 23.3 -9997 0.0 0.0
C0G650 2002050704 23.1 -9997 0.0 0.0
C0G650 2002050705 23.0 -9997 0.0 0.0
C0G650 2002050706 23.7 -9997 0.0 0.0
C0G650 2002050707 25.6 -9997 0.0 0.0
C0G650 2002050708 27.2 -9997 0.0 0.0
C0G650 2002050709 28.5 -9997 0.7 0.0
C0G650 2002050710 29.7 -9997 0.0 0.0
C0G650 2002050711 30.3 -9997 1.0 0.0
C0G650 2002050712 31.4 -9997 0.9 0.0
C0G650 2002050713 31.5 -9997 0.5 0.0
C0G650 2002050714 31.3 -9997 1.7 0.0
C0G650 2002050715 -9997 -9997 -9997 0.0
C0G650 2002050716 30.0 -9997 0.6 0.0
C0G650 2002050717 28.9 -9997 0.3 0.0
C0G650 2002050718 27.8 -9997 0.0 0.0
C0G650 2002050719 26.7 -9997 0.0 0.0
C0G650 2002050720 26.4 -9997 0.0 0.0
C0G650 2002050721 25.9 -9997 0.0 0.0
C0G650 2002050722 25.5 -9997 0.0 0.0
C0G650 2002050723 25.3 -9997 0.0 0.0
C0G650 2002050724 25.3 -9997 0.0 0.0
C0G650 2002050801 25.6 -9997 0.1 0.0
C0G650 2002050802 25.6 -9997 0.2 0.0
C0G650 2002050803 25.6 -9997 0.0 0.0
C0G650 2002050804 25.4 -9997 0.2 0.0
C0G650 2002050805 25.1 -9997 0.0 0.0
C0G650 2002050806 24.8 -9997 0.0 0.0
C0G650 2002050807 26.3 -9997 0.6 0.0
C0G650 2002050808 26.6 -9997 0.0 0.0
C0G650 2002050809 28.3 -9997 0.1 0.0
C0G650 2002050810 29.6 -9997 0.8 0.0
C0G650 2002050811 30.6 -9997 0.4 0.0
C0G650 2002050812 31.8 -9997 0.5 0.0
C0G650 2002050813 31.5 -9997 0.5 0.0
C0G650 2002050814 31.1 -9997 0.8 0.0
C0G650 2002050815 29.6 -9997 0.7 0.0
C0G650 2002050816 29.4 -9997 0.6 0.0
C0G650 2002050817 28.2 -9997 0.6 0.0
C0G650 2002050818 27.3 -9997 0.3 0.0
C0G650 2002050819 26.6 -9997 0.6 0.0
C0G650 2002050820 26.2 -9997 0.3 0.0
C0G650 2002050821 25.8 -9997 0.0 0.0
C0G650 2002050822 25.4 -9997 0.0 0.0
C0G650 2002050823 24.8 -9997 0.0 0.0
C0G650 2002050824 24.3 -9997 0.0 0.0
C0G650 2002050901 24.5 -9997 0.8 0.0
C0G650 2002050902 24.8 -9997 0.4 0.0
C0G650 2002050903 24.9 -9997 0.2 0.0
C0G650 2002050904 24.5 -9997 0.2 0.0
C0G650 2002050905 24.4 -9997 0.0 0.0
C0G650 2002050906 24.7 -9997 0.0 0.0
C0G650 2002050907 25.4 -9997 0.2 0.0
C0G650 2002050908 26.8 -9997 1.9 0.0
C0G650 2002050909 28.4 -9997 1.0 0.0
C0G650 2002050910 30.2 -9997 0.3 0.0
C0G650 2002050911 29.2 -9997 0.5 0.0
C0G650 2002050912 29.6 -9997 0.4 0.0
C0G650 2002050913 30.9 -9997 0.8 0.0
C0G650 2002050914 29.7 -9997 0.4 0.0
C0G650 2002050915 29.2 -9997 0.2 0.0
C0G650 2002050916 28.5 -9997 1.2 0.0
C0G650 2002050917 27.3 -9997 0.1 0.0
C0G650 2002050918 26.5 -9997 0.1 0.0
C0G650 2002050919 25.9 -9997 0.0 0.0
C0G650 2002050920 25.4 -9997 0.0 0.0
C0G650 2002050921 24.9 -9997 0.0 0.0
C0G650 2002050922 24.1 -9997 0.0 0.0
C0G650 2002050923 -9997 -9997 0.0 0.0
C0G650 2002050924 23.4 -9997 0.0 0.0
C0G650 2002051001 23.8 -9997 0.0 0.0
C0G650 2002051002 22.6 -9997 0.0 0.0
C0G650 2002051003 22.6 -9997 0.0 0.0
C0G650 2002051004 22.4 -9997 0.0 0.0
C0G650 2002051005 22.2 -9997 0.0 0.0
C0G650 2002051006 22.9 -9997 0.0 0.0
C0G650 2002051007 24.4 -9997 0.1 0.0
C0G650 2002051008 26.0 -9997 0.0 0.0
C0G650 2002051009 27.7 -9997 0.0 0.0
C0G650 2002051010 29.2 -9997 0.2 0.0
C0G650 2002051011 29.5 -9997 0.0 0.0
C0G650 2002051012 30.7 -9997 0.5 0.0
C0G650 2002051013 32.2 -9997 0.5 0.0
C0G650 2002051014 30.3 -9997 0.6 0.0
C0G650 2002051015 30.1 -9997 1.3 0.0
C0G650 2002051016 28.9 -9997 0.1 0.0
C0G650 2002051017 28.4 -9997 0.0 0.0
C0G650 2002051018 27.9 -9997 0.0 0.0
C0G650 2002051019 26.9 -9997 0.1 0.0
C0G650 2002051020 26.7 -9997 0.0 0.0
C0G650 2002051021 -9997 -9997 0.0 0.0
C0G650 2002051022 25.6 -9997 0.0 0.0
C0G650 2002051023 24.8 -9997 0.0 0.0
C0G650 2002051024 24.1 -9997 -9997 0.0
C0G650 2002051101 23.9 -9997 0.0 0.0
C0G650 2002051102 23.9 -9997 0.0 0.0
C0G650 2002051103 23.7 -9997 0.0 0.0
C0G650 2002051104 23.4 -9997 0.0 0.0
C0G650 2002051105 23.8 -9997 0.0 0.0
C0G650 2002051106 24.4 -9997 0.0 0.0
C0G650 2002051107 25.8 -9997 0.0 0.0
C0G650 2002051108 27.7 -9997 0.1 0.0
C0G650 2002051109 29.6 -9997 0.6 0.0
C0G650 2002051110 30.9 -9997 1.6 0.0
C0G650 2002051111 30.6 -9997 1.2 0.0
C0G650 2002051112 30.9 -9997 1.0 0.0
C0G650 2002051113 30.5 -9997 0.7 0.0
C0G650 2002051114 29.8 -9997 0.5 0.0
C0G650 2002051115 28.4 -9997 0.7 0.0
C0G650 2002051116 28.7 -9997 0.0 0.0
C0G650 2002051117 29.7 -9997 0.1 0.0
C0G650 2002051118 27.4 -9997 0.4 0.0
C0G650 2002051119 25.8 -9997 0.8 0.0
C0G650 2002051120 25.1 -9997 0.2 0.0
C0G650 2002051121 25.2 -9997 0.1 0.0
C0G650 2002051122 24.9 -9997 0.2 0.0
C0G650 2002051123 24.6 -9997 0.0 0.0
C0G650 2002051124 24.6 -9997 0.1 0.0
C0G650 2002051201 24.5 -9997 0.1 0.0
C0G650 2002051202 24.5 -9997 0.0 0.0
C0G650 2002051203 24.4 -9997 0.0 0.0
C0G650 2002051204 24.0 -9997 0.0 0.0
C0G650 2002051205 23.4 -9997 0.0 0.0
C0G650 2002051206 23.7 -9997 0.0 0.0
C0G650 2002051207 25.3 -9997 0.3 0.0
C0G650 2002051208 27.2 -9997 1.0 0.0
C0G650 2002051209 29.1 -9997 0.0 0.0
C0G650 2002051210 30.9 -9997 0.5 0.0
C0G650 2002051211 31.4 -9997 0.9 0.0
C0G650 2002051212 31.9 -9997 0.4 0.0
C0G650 2002051213 31.9 -9997 0.9 0.0
C0G650 2002051214 31.9 -9997 0.6 0.0
C0G650 2002051215 31.2 -9997 1.4 0.0
C0G650 2002051216 30.8 -9997 0.5 0.0
C0G650 2002051217 28.8 -9997 0.2 0.0
C0G650 2002051218 27.3 -9997 0.3 0.0
C0G650 2002051219 26.4 -9997 0.0 0.0
C0G650 2002051220 25.7 -9997 0.0 0.0
C0G650 2002051221 -9997 -9997 -9997 0.0
C0G650 2002051222 25.2 -9997 0.0 0.0
C0G650 2002051223 24.6 -9997 0.5 0.0
C0G650 2002051224 24.3 -9997 0.0 0.0
C0G650 2002051301 23.4 -9997 0.0 0.0
C0G650 2002051302 23.4 -9997 0.0 0.0
C0G650 2002051303 23.1 -9997 0.0 0.0
C0G650 2002051304 23.3 -9997 0.0 0.0
C0G650 2002051305 23.2 -9997 0.0 0.0
C0G650 2002051306 24.1 -9997 0.0 0.0
C0G650 2002051307 24.7 -9997 0.0 0.0
C0G650 2002051308 27.1 -9997 0.0 0.0
C0G650 2002051309 29.3 -9997 0.8 0.0
C0G650 2002051310 28.9 -9997 1.0 0.0
C0G650 2002051311 30.4 -9997 1.8 0.0
C0G650 2002051312 30.4 -9997 0.6 0.0
C0G650 2002051313 31.5 -9997 1.2 0.0
C0G650 2002051314 30.5 -9997 0.8 0.0
C0G650 2002051315 28.7 -9997 1.0 0.0
C0G650 2002051316 28.5 -9997 0.7 0.0
C0G650 2002051317 28.6 -9997 0.0 0.0
C0G650 2002051318 27.8 -9997 0.4 0.0
C0G650 2002051319 26.8 -9997 0.4 0.0
C0G650 2002051320 26.1 -9997 0.0 0.0
C0G650 2002051321 25.8 -9997 0.0 0.0
C0G650 2002051322 25.2 -9997 0.0 0.0
C0G650 2002051323 24.7 -9997 0.0 0.0
C0G650 2002051324 24.5 -9997 0.0 0.0
C0G650 2002051401 24.1 -9997 -9997 0.0
C0G650 2002051402 24.6 -9997 0.0 0.0
C0G650 2002051403 24.6 -9997 0.0 0.0
C0G650 2002051404 24.9 -9997 0.0 0.0
C0G650 2002051405 24.8 -9997 0.0 0.0
C0G650 2002051406 25.1 -9997 0.0 0.0
C0G650 2002051407 26.4 -9997 0.9 0.0
C0G650 2002051408 28.1 -9997 1.6 0.0
C0G650 2002051409 29.8 -9997 2.2 0.0
C0G650 2002051410 30.6 -9997 2.2 0.0
C0G650 2002051411 31.3 -9997 1.2 0.0
C0G650 2002051412 32.3 -9997 1.6 0.0
C0G650 2002051413 33.0 -9997 1.6 0.0
C0G650 2002051414 33.1 -9997 1.7 0.0
C0G650 2002051415 33.1 -9997 1.7 0.0
C0G650 2002051416 32.2 -9997 1.5 0.0
C0G650 2002051417 31.3 -9997 1.5 0.0
C0G650 2002051418 30.0 -9997 0.9 0.0
C0G650 2002051419 -9997 -9997 -9997 0.0
C0G650 2002051420 27.2 -9997 0.8 0.0
C0G650 2002051421 26.3 -9997 0.0 0.0
C0G650 2002051422 25.9 -9997 0.0 0.0
C0G650 2002051423 25.5 -9997 0.2 0.0
C0G650 2002051424 25.2 -9997 0.0 0.0
C0G650 2002051501 25.6 -9997 0.4 0.0
C0G650 2002051502 24.7 -9997 0.0 0.0
C0G650 2002051503 24.5 -9997 0.0 0.0
C0G650 2002051504 24.0 -9997 0.0 0.0
C0G650 2002051505 24.2 -9997 0.0 0.0
C0G650 2002051506 24.3 -9997 0.0 0.0
C0G650 2002051507 26.8 -9997 0.4 0.0
C0G650 2002051508 28.5 -9997 1.5 0.0
C0G650 2002051509 30.6 -9997 3.8 0.0
C0G650 2002051510 31.1 -9997 3.8 0.0
C0G650 2002051511 31.1 -9997 4.0 0.0
C0G650 2002051512 31.8 -9997 3.8 0.0
C0G650 2002051513 33.0 -9997 3.8 0.0
C0G650 2002051514 32.8 -9997 3.3 0.0
C0G650 2002051515 26.1 -9997 1.2 0.5
C0G650 2002051516 27.7 -9997 0.3 0.0
C0G650 2002051517 28.1 -9997 0.0 0.0
C0G650 2002051518 27.9 -9997 1.1 0.0
C0G650 2002051519 26.7 -9997 1.0 0.0
C0G650 2002051520 26.2 -9997 0.0 0.0
C0G650 2002051521 26.3 -9997 0.4 0.0
C0G650 2002051522 26.2 -9997 0.0 0.0
C0G650 2002051523 25.8 -9997 0.0 0.0
C0G650 2002051524 25.2 -9997 0.0 0.5
C0G650 2002051601 25.1 -9997 -9997 0.0
C0G650 2002051602 24.8 -9997 -9997 0.0
C0G650 2002051603 24.7 -9997 0.0 0.0
C0G650 2002051604 25.2 -9997 0.0 0.0
C0G650 2002051605 25.3 -9997 0.0 0.0
C0G650 2002051606 25.4 -9997 0.0 0.0
C0G650 2002051607 26.2 -9997 0.0 0.0
C0G650 2002051608 27.1 -9997 0.0 0.0
C0G650 2002051609 27.9 -9997 0.3 0.0
C0G650 2002051610 28.8 -9997 0.1 0.0
C0G650 2002051611 29.3 -9997 0.2 0.0
C0G650 2002051612 30.6 -9997 0.1 0.0
C0G650 2002051613 30.7 -9997 0.9 0.0
C0G650 2002051614 31.0 -9997 0.2 0.0
C0G650 2002051615 30.4 -9997 0.7 0.0
C0G650 2002051616 29.5 -9997 0.1 0.0
C0G650 2002051617 28.5 -9997 0.1 0.0
C0G650 2002051618 28.2 -9997 0.0 0.0
C0G650 2002051619 27.0 -9997 0.0 0.0
C0G650 2002051620 26.1 -9997 0.0 0.0
C0G650 2002051621 26.1 -9997 0.0 0.0
C0G650 2002051622 25.6 -9997 0.0 0.0
C0G650 2002051623 25.7 -9997 0.0 0.0
C0G650 2002051624 25.4 -9997 0.1 0.0
C0G650 2002051701 23.0 -9997 0.1 8.5
C0G650 2002051702 23.2 -9997 0.5 0.0
C0G650 2002051703 22.6 -9997 0.7 0.0
C0G650 2002051704 21.4 -9997 0.3 1.5
C0G650 2002051705 21.1 -9997 0.0 0.5
C0G650 2002051706 21.7 -9997 1.4 0.0
C0G650 2002051707 22.5 -9997 0.0 0.0
C0G650 2002051708 24.1 -9997 0.0 0.0
C0G650 2002051709 23.9 -9997 0.0 0.0
C0G650 2002051710 23.9 -9997 -9997 0.0
C0G650 2002051711 23.2 -9997 0.2 3.0
C0G650 2002051712 23.2 -9997 0.1 0.5
C0G650 2002051713 -9997 -9997 -9997 11.5
C0G650 2002051714 22.4 -9997 0.0 1.0
C0G650 2002051715 22.6 -9997 0.4 0.0
C0G650 2002051716 22.7 -9997 0.0 0.0
C0G650 2002051717 22.7 -9997 0.0 0.0
C0G650 2002051718 22.6 -9997 0.1 0.5
C0G650 2002051719 22.3 -9997 0.0 0.0
C0G650 2002051720 22.7 -9997 0.0 0.0
C0G650 2002051721 22.0 -9997 0.2 0.0
C0G650 2002051722 22.1 -9997 0.0 0.0
C0G650 2002051723 21.8 -9997 0.0 0.0
C0G650 2002051724 21.3 -9997 0.0 0.0
C0G650 2002051801 21.3 -9997 0.0 0.0
C0G650 2002051802 21.1 -9997 0.0 0.0
C0G650 2002051803 21.0 -9997 0.0 0.0
C0G650 2002051804 -9997 -9997 0.0 0.0
C0G650 2002051805 20.6 -9997 0.0 0.0
C0G650 2002051806 20.9 -9997 0.0 0.0
C0G650 2002051807 22.9 -9997 0.0 0.0
C0G650 2002051808 25.3 -9997 0.8 0.0
C0G650 2002051809 27.0 -9997 0.3 0.0
C0G650 2002051810 28.0 -9997 0.4 0.0
C0G650 2002051811 29.3 -9997 0.2 0.0
C0G650 2002051812 29.5 -9997 0.3 0.0
C0G650 2002051813 29.2 -9997 0.7 0.0
C0G650 2002051814 28.6 -9997 0.5 0.0
C0G650 2002051815 28.3 -9997 0.9 0.0
C0G650 2002051816 28.3 -9997 0.7 0.0
C0G650 2002051817 27.6 -9997 1.0 0.0
C0G650 2002051818 26.3 -9997 0.2 0.0
C0G650 2002051819 25.3 -9997 -9997 0.0
C0G650 2002051820 23.8 -9997 0.0 0.0
C0G650 2002051821 23.2 -9997 0.0 0.0
C0G650 2002051822 22.7 -9997 0.0 0.0
C0G650 2002051823 22.5 -9997 0.0 0.0
C0G650 2002051824 23.0 -9997 0.0 0.0
C0G650 2002051901 21.9 -9997 0.0 0.0
C0G650 2002051902 21.8 -9997 0.0 0.0
C0G650 2002051903 21.8 -9997 0.0 0.0
C0G650 2002051904 21.8 -9997 0.0 0.0
C0G650 2002051905 21.6 -9997 0.0 0.0
C0G650 2002051906 21.7 -9997 0.0 0.0
C0G650 2002051907 23.6 -9997 0.0 0.0
C0G650 2002051908 -9997 -9997 -9997 0.0
C0G650 2002051909 27.9 -9997 0.0 0.0
C0G650 2002051910 -9997 -9997 1.3 0.0
C0G650 2002051911 29.4 -9997 1.3 0.0
C0G650 2002051912 30.1 -9997 0.8 0.0
C0G650 2002051913 29.0 -9997 0.1 0.0
C0G650 2002051914 29.8 -9997 0.3 0.0
C0G650 2002051915 29.3 -9997 0.2 0.0
C0G650 2002051916 28.7 -9997 0.2 0.0
C0G650 2002051917 27.6 -9997 0.8 0.0
C0G650 2002051918 27.3 -9997 0.5 0.0
C0G650 2002051919 26.3 -9997 0.8 0.0
C0G650 2002051920 25.5 -9997 0.2 0.0
C0G650 2002051921 25.5 -9997 0.0 0.0
C0G650 2002051922 25.4 -9997 0.0 0.0
C0G650 2002051923 25.5 -9997 0.0 0.0
C0G650 2002051924 25.0 -9997 0.0 0.0
C0G650 2002052001 24.7 -9997 0.0 0.0
C0G650 2002052002 24.6 -9997 0.0 0.0
C0G650 2002052003 24.4 -9997 -9997 0.0
C0G650 2002052004 24.3 -9997 0.0 0.0
C0G650 2002052005 24.1 -9997 0.0 0.0
C0G650 2002052006 24.4 -9997 0.0 0.0
C0G650 2002052007 25.9 -9997 0.0 0.0
C0G650 2002052008 27.4 -9997 0.0 0.0
C0G650 2002052009 28.6 -9997 0.4 0.0
C0G650 2002052010 29.9 -9997 0.0 0.0
C0G650 2002052011 30.7 -9997 0.7 0.0
C0G650 2002052012 30.3 -9997 0.1 0.0
C0G650 2002052013 29.9 -9997 0.0 0.0
C0G650 2002052014 24.8 -9997 0.2 8.0
C0G650 2002052015 25.2 -9997 0.0 2.5
C0G650 2002052016 26.0 -9997 0.0 0.0
C0G650 2002052017 24.8 -9997 0.6 1.5
C0G650 2002052018 24.5 -9997 0.0 4.5
C0G650 2002052019 24.6 -9997 0.0 2.5
C0G650 2002052020 24.7 -9997 0.0 1.5
C0G650 2002052021 24.8 -9997 0.0 0.0
C0G650 2002052022 24.7 -9997 0.0 0.0
C0G650 2002052023 24.5 -9997 0.0 0.0
C0G650 2002052024 24.4 -9997 0.0 0.0
C0G650 2002052101 24.5 -9997 -9997 0.0
C0G650 2002052102 24.7 -9997 0.0 0.0
C0G650 2002052103 24.5 -9997 0.0 0.0
C0G650 2002052104 24.5 -9997 0.0 0.0
C0G650 2002052105 24.7 -9997 0.0 2.0
C0G650 2002052106 24.6 -9997 0.0 2.0
C0G650 2002052107 24.9 -9997 0.0 0.0
C0G650 2002052108 25.7 -9997 0.0 0.0
C0G650 2002052109 27.7 -9997 0.1 0.0
C0G650 2002052110 28.5 -9997 0.4 0.0
C0G650 2002052111 29.8 -9997 0.5 0.0
C0G650 2002052112 31.6 -9997 1.2 0.0
C0G650 2002052113 32.3 -9997 1.2 0.0
C0G650 2002052114 32.0 -9997 1.0 0.0
C0G650 2002052115 31.1 -9997 1.2 0.0
C0G650 2002052116 30.2 -9997 1.8 0.0
C0G650 2002052117 29.4 -9997 0.6 0.0
C0G650 2002052118 28.8 -9997 0.0 0.0
C0G650 2002052119 28.0 -9997 0.0 0.0
C0G650 2002052120 27.8 -9997 0.0 0.0
C0G650 2002052121 27.6 -9997 0.0 0.0
C0G650 2002052122 27.1 -9997 0.0 0.0
C0G650 2002052123 27.2 -9997 0.5 0.0
C0G650 2002052124 27.2 -9997 0.4 0.0
C0G650 2002052201 26.8 -9997 0.1 0.0
C0G650 2002052202 26.6 -9997 0.0 0.0
C0G650 2002052203 27.0 -9997 1.7 0.0
C0G650 2002052204 26.4 -9997 0.0 0.0
C0G650 2002052205 25.8 -9997 -9997 1.5
C0G650 2002052206 24.9 -9997 1.6 4.5
C0G650 2002052207 24.8 -9997 0.8 3.5
C0G650 2002052208 24.3 -9997 0.0 5.5
C0G650 2002052209 24.3 -9997 0.0 5.0
C0G650 2002052210 24.4 -9997 0.0 4.5
C0G650 2002052211 24.4 -9997 0.4 5.0
C0G650 2002052212 25.4 -9997 0.2 0.5
C0G650 2002052213 27.1 -9997 2.2 0.0
C0G650 2002052214 28.7 -9997 1.2 0.0
C0G650 2002052215 30.8 -9997 2.8 0.0
C0G650 2002052216 29.9 -9997 2.2 0.0
C0G650 2002052217 29.1 -9997 1.2 0.0
C0G650 2002052218 28.7 -9997 0.5 0.0
C0G650 2002052219 27.3 -9997 0.1 0.0
C0G650 2002052220 26.6 -9997 0.0 0.0
C0G650 2002052221 26.1 -9997 0.0 0.0
C0G650 2002052222 26.3 -9997 0.9 0.0
C0G650 2002052223 26.2 -9997 1.5 0.0
C0G650 2002052224 25.9 -9997 0.1 0.0
C0G650 2002052301 26.0 -9997 0.2 0.0
C0G650 2002052302 -9997 -9997 1.0 0.0
C0G650 2002052303 26.2 -9997 0.1 0.0
C0G650 2002052304 26.0 -9997 0.2 0.0
C0G650 2002052305 26.3 -9997 1.2 0.0
C0G650 2002052306 26.2 -9997 0.1 0.0
C0G650 2002052307 26.1 -9997 1.0 0.0
C0G650 2002052308 26.2 -9997 0.0 0.5
C0G650 2002052309 25.2 -9997 0.2 10.5
C0G650 2002052310 25.2 -9997 0.0 0.5
C0G650 2002052311 25.4 -9997 0.0 1.5
C0G650 2002052312 -9997 -9997 -9997 0.0
C0G650 2002052313 26.7 -9997 0.2 0.0
C0G650 2002052314 27.8 -9997 0.8 0.0
C0G650 2002052315 28.3 -9997 0.3 0.0
C0G650 2002052316 26.8 -9997 0.1 0.0
C0G650 2002052317 25.6 -9997 0.1 0.0
C0G650 2002052318 25.2 -9997 0.1 0.0
C0G650 2002052319 24.1 -9997 0.3 0.0
C0G650 2002052320 23.8 -9997 0.3 0.0
C0G650 2002052321 23.6 -9997 0.0 0.0
C0G650 2002052322 23.7 -9997 0.0 0.0
C0G650 2002052323 23.2 -9997 0.0 0.0
C0G650 2002052324 22.6 -9997 0.0 0.0
C0G650 2002052401 22.2 -9997 0.5 0.0
C0G650 2002052402 22.5 -9997 0.1 0.0
C0G650 2002052403 22.7 -9997 0.1 0.0
C0G650 2002052404 22.8 -9997 0.1 0.0
C0G650 2002052405 22.4 -9997 0.0 0.0
C0G650 2002052406 22.5 -9997 0.0 0.0
C0G650 2002052407 23.0 -9997 0.1 0.0
C0G650 2002052408 23.4 -9997 0.7 0.0
C0G650 2002052409 24.2 -9997 0.2 0.0
C0G650 2002052410 26.1 -9997 0.1 0.0
C0G650 2002052411 27.7 -9997 0.3 0.0
C0G650 2002052412 27.6 -9997 0.1 0.0
C0G650 2002052413 28.8 -9997 0.8 0.0
C0G650 2002052414 29.7 -9997 0.8 0.0
C0G650 2002052415 29.3 -9997 0.7 0.0
C0G650 2002052416 28.7 -9997 0.2 0.0
C0G650 2002052417 27.8 -9997 0.1 0.0
C0G650 2002052418 26.5 -9997 0.5 0.0
C0G650 2002052419 25.2 -9997 0.2 0.0
C0G650 2002052420 24.4 -9997 0.0 0.0
C0G650 2002052421 23.4 -9997 0.0 0.0
C0G650 2002052422 23.1 -9997 0.0 0.0
C0G650 2002052423 22.3 -9997 0.0 0.0
C0G650 2002052424 21.4 -9997 0.0 0.0
C0G650 2002052501 21.1 -9997 0.1 0.0
C0G650 2002052502 21.6 -9997 0.0 0.0
C0G650 2002052503 21.3 -9997 0.0 0.0
C0G650 2002052504 21.8 -9997 0.0 0.0
C0G650 2002052505 22.0 -9997 0.0 0.0
C0G650 2002052506 22.0 -9997 0.0 0.0
C0G650 2002052507 24.4 -9997 0.4 0.0
C0G650 2002052508 25.8 -9997 1.5 0.0
C0G650 2002052509 27.4 -9997 1.4 0.0
C0G650 2002052510 28.8 -9997 2.4 0.0
C0G650 2002052511 30.1 -9997 1.5 0.0
C0G650 2002052512 30.6 -9997 1.0 0.0
C0G650 2002052513 31.0 -9997 0.8 0.0
C0G650 2002052514 31.2 -9997 0.8 0.0
C0G650 2002052515 30.2 -9997 0.5 0.0
C0G650 2002052516 30.0 -9997 0.7 0.0
C0G650 2002052517 28.5 -9997 0.1 0.0
C0G650 2002052518 27.8 -9997 0.0 0.0
C0G650 2002052519 26.9 -9997 0.0 0.0
C0G650 2002052520 25.8 -9997 0.0 0.0
C0G650 2002052521 25.2 -9997 0.0 0.0
C0G650 2002052522 25.3 -9997 1.2 0.0
C0G650 2002052523 24.6 -9997 0.1 0.0
C0G650 2002052524 24.3 -9997 0.5 0.0
C0G650 2002052601 24.1 -9997 0.0 0.0
C0G650 2002052602 24.2 -9997 0.0 0.0
C0G650 2002052603 23.6 -9997 0.0 0.0
C0G650 2002052604 23.5 -9997 0.0 0.0
C0G650 2002052605 24.1 -9997 0.0 0.0
C0G650 2002052606 24.0 -9997 0.0 0.0
C0G650 2002052607 25.2 -9997 0.0 0.0
C0G650 2002052608 26.5 -9997 0.0 0.0
C0G650 2002052609 27.2 -9997 0.4 0.0
C0G650 2002052610 -9997 -9997 0.2 0.0
C0G650 2002052611 29.3 -9997 0.1 0.0
C0G650 2002052612 30.2 -9997 0.7 0.0
C0G650 2002052613 31.2 -9997 0.6 0.0
C0G650 2002052614 31.0 -9997 1.0 0.0
C0G650 2002052615 30.7 -9997 0.1 0.0
C0G650 2002052616 29.8 -9997 0.5 0.0
C0G650 2002052617 28.9 -9997 0.1 0.0
C0G650 2002052618 27.6 -9997 0.2 0.0
C0G650 2002052619 26.7 -9997 0.0 0.0
C0G650 2002052620 25.6 -9997 0.2 0.0
C0G650 2002052621 24.5 -9997 0.1 0.0
C0G650 2002052622 24.1 -9997 0.6 0.0
C0G650 2002052623 23.4 -9997 0.0 0.0
C0G650 2002052624 23.1 -9997 0.0 0.0
C0G650 2002052701 22.4 -9997 0.0 0.0
C0G650 2002052702 22.3 -9997 0.0 0.0
C0G650 2002052703 23.0 -9997 0.0 0.0
C0G650 2002052704 21.6 -9997 0.0 0.0
C0G650 2002052705 20.9 -9997 0.0 0.0
C0G650 2002052706 -9997 -9997 0.0 0.0
C0G650 2002052707 25.2 -9997 -9997 0.0
C0G650 2002052708 27.8 -9997 0.6 0.0
C0G650 2002052709 29.2 -9997 0.3 0.0
C0G650 2002052710 30.4 -9997 1.4 0.0
C0G650 2002052711 31.2 -9997 0.5 0.0
C0G650 2002052712 31.5 -9997 0.2 0.0
C0G650 2002052713 29.9 -9997 0.8 0.0
C0G650 2002052714 30.3 -9997 0.3 0.0
C0G650 2002052715 30.1 -9997 0.2 0.0
C0G650 2002052716 29.4 -9997 0.6 0.0
C0G650 2002052717 28.2 -9997 0.3 0.0
C0G650 2002052718 27.8 -9997 0.0 0.0
C0G650 2002052719 26.4 -9997 0.1 0.0
C0G650 2002052720 24.8 -9997 0.0 0.0
C0G650 2002052721 24.7 -9997 0.0 0.0
C0G650 2002052722 24.1 -9997 0.0 0.0
C0G650 2002052723 23.6 -9997 0.0 0.0
C0G650 2002052724 23.2 -9997 0.0 0.0
C0G650 2002052801 22.8 -9997 0.0 0.0
C0G650 2002052802 22.6 -9997 0.0 0.0
C0G650 2002052803 22.3 -9997 0.0 0.0
C0G650 2002052804 -9997 -9997 0.0 0.0
C0G650 2002052805 22.9 -9997 0.0 0.0
C0G650 2002052806 23.2 -9997 0.0 0.0
C0G650 2002052807 25.8 -9997 -9997 0.0
C0G650 2002052808 28.0 -9997 0.0 0.0
C0G650 2002052809 28.4 -9997 0.3 0.0
C0G650 2002052810 30.1 -9997 0.0 0.0
C0G650 2002052811 29.4 -9997 0.0 0.0
C0G650 2002052812 29.8 -9997 0.0 0.0
C0G650 2002052813 31.3 -9997 0.8 0.0
C0G650 2002052814 30.9 -9997 0.2 0.0
C0G650 2002052815 30.5 -9997 0.7 0.0
C0G650 2002052816 29.1 -9997 0.6 0.0
C0G650 2002052817 28.0 -9997 0.5 0.0
C0G650 2002052818 27.6 -9997 0.0 0.0
C0G650 2002052819 26.7 -9997 0.0 0.0
C0G650 2002052820 25.6 -9997 0.0 0.0
C0G650 2002052821 25.3 -9997 0.0 0.0
C0G650 2002052822 25.5 -9997 0.0 0.0
C0G650 2002052823 26.1 -9997 0.1 0.0
C0G650 2002052824 25.0 -9997 0.0 0.0
C0G650 2002052901 24.8 -9997 0.0 0.0
C0G650 2002052902 24.5 -9997 0.0 0.0
C0G650 2002052903 24.7 -9997 0.0 0.0
C0G650 2002052904 24.9 -9997 0.0 0.0
C0G650 2002052905 25.6 -9997 0.0 0.0
C0G650 2002052906 25.7 -9997 0.0 0.0
C0G650 2002052907 27.2 -9997 0.5 0.0
C0G650 2002052908 29.1 -9997 0.2 0.0
C0G650 2002052909 31.2 -9997 0.1 0.0
C0G650 2002052910 31.4 -9997 0.8 0.0
C0G650 2002052911 32.1 -9997 1.1 0.0
C0G650 2002052912 32.8 -9997 1.2 0.0
C0G650 2002052913 32.3 -9997 0.5 0.0
C0G650 2002052914 32.1 -9997 0.3 0.0
C0G650 2002052915 32.0 -9997 0.3 0.0
C0G650 2002052916 30.8 -9997 0.6 0.0
C0G650 2002052917 29.6 -9997 0.0 0.0
C0G650 2002052918 28.1 -9997 1.1 0.0
C0G650 2002052919 27.1 -9997 0.7 0.0
C0G650 2002052920 26.2 -9997 0.2 0.0
C0G650 2002052921 25.4 -9997 0.0 0.0
C0G650 2002052922 25.4 -9997 0.0 0.0
C0G650 2002052923 24.8 -9997 0.0 0.0
C0G650 2002052924 25.3 -9997 0.0 0.0
C0G650 2002053001 24.2 -9997 0.0 0.0
C0G650 2002053002 23.9 -9997 -9997 0.0
C0G650 2002053003 23.9 -9997 0.0 0.0
C0G650 2002053004 23.8 -9997 0.0 0.0
C0G650 2002053005 24.1 -9997 0.1 0.0
C0G650 2002053006 24.7 -9997 0.0 0.0
C0G650 2002053007 26.1 -9997 0.0 0.0
C0G650 2002053008 26.7 -9997 0.4 0.0
C0G650 2002053009 25.6 -9997 0.2 0.0
C0G650 2002053010 26.3 -9997 0.0 0.0
C0G650 2002053011 25.6 -9997 0.0 0.0
C0G650 2002053012 26.1 -9997 0.2 0.5
C0G650 2002053013 26.5 -9997 0.5 0.0
C0G650 2002053014 29.3 -9997 0.1 0.0
C0G650 2002053015 29.8 -9997 1.3 0.0
C0G650 2002053016 29.5 -9997 2.5 0.0
C0G650 2002053017 29.8 -9997 1.7 0.0
C0G650 2002053018 29.0 -9997 0.5 0.0
C0G650 2002053019 27.9 -9997 0.0 0.0
C0G650 2002053020 26.6 -9997 0.0 0.0
C0G650 2002053021 26.2 -9997 0.0 0.0
C0G650 2002053022 25.8 -9997 0.1 0.0
C0G650 2002053023 25.4 -9997 0.1 0.0
C0G650 2002053024 25.4 -9997 0.5 0.0
C0G650 2002053101 25.1 -9997 0.9 0.0
C0G650 2002053102 25.5 -9997 0.9 0.0
C0G650 2002053103 25.0 -9997 1.2 0.0
C0G650 2002053104 25.0 -9997 0.2 0.0
C0G650 2002053105 24.9 -9997 1.6 0.0
C0G650 2002053106 25.6 -9997 2.0 0.0
C0G650 2002053107 25.8 -9997 1.3 0.0
C0G650 2002053108 25.9 -9997 1.3 0.0
C0G650 2002053109 24.5 -9997 1.5 0.0
C0G650 2002053110 22.9 -9997 0.5 1.0
C0G650 2002053111 22.3 -9997 0.2 14.5
C0G650 2002053112 22.7 -9997 0.8 17.0
C0G650 2002053113 22.8 -9997 0.1 20.0
C0G650 2002053114 22.6 -9997 0.0 24.5
C0G650 2002053115 22.7 -9997 1.3 9.5
C0G650 2002053116 23.3 -9997 0.4 1.5
C0G650 2002053117 23.5 -9997 1.1 1.5
C0G650 2002053118 23.1 -9997 0.0 6.0
C0G650 2002053119 23.4 -9997 0.0 1.0
C0G650 2002053120 23.4 -9997 0.3 0.0
C0G650 2002053121 23.7 -9997 0.0 0.0
C0G650 2002053122 23.5 -9997 0.0 0.0
C0G650 2002053123 23.2 -9997 0.0 0.0
C0G650 2002053124 23.4 -9997 0.0 0.0
C0G660 2002050101 -9999 -9999 -9999 0.0
C0G660 2002050102 -9999 -9999 -9999 0.0
C0G660 2002050103 -9999 -9999 -9999 0.0
C0G660 2002050104 -9999 -9999 -9999 0.0
C0G660 2002050105 -9999 -9999 -9999 0.0
C0G660 2002050106 -9999 -9999 -9999 0.0
C0G660 2002050107 -9999 -9999 -9999 0.0
C0G660 2002050108 -9999 -9999 -9999 0.0
C0G660 2002050109 -9999 -9999 -9999 0.0
C0G660 2002050110 -9999 -9999 -9999 0.0
C0G660 2002050111 -9999 -9999 -9999 0.0
C0G660 2002050112 -9999 -9999 -9999 0.0
C0G660 2002050113 -9999 -9999 -9999 0.0
C0G660 2002050114 -9999 -9999 -9999 0.0
C0G660 2002050115 -9999 -9999 -9999 0.0
C0G660 2002050116 -9999 -9999 -9999 0.0
C0G660 2002050117 -9999 -9999 -9999 0.0
C0G660 2002050118 -9999 -9999 -9999 0.0
C0G660 2002050119 -9999 -9999 -9999 0.0
C0G660 2002050120 -9999 -9999 -9999 0.0
C0G660 2002050121 -9999 -9999 -9999 0.0
C0G660 2002050122 -9999 -9999 -9999 0.0
C0G660 2002050123 -9999 -9999 -9999 0.0
C0G660 2002050124 -9999 -9999 -9999 0.0
C0G660 2002050201 -9999 -9999 -9999 0.0
C0G660 2002050202 -9999 -9999 -9999 0.0
C0G660 2002050203 -9999 -9999 -9999 0.0
C0G660 2002050204 -9999 -9999 -9999 0.0
C0G660 2002050205 -9999 -9999 -9999 0.0
C0G660 2002050206 -9999 -9999 -9999 0.0
C0G660 2002050207 -9999 -9999 -9999 0.0
C0G660 2002050208 -9999 -9999 -9999 0.0
C0G660 2002050209 -9999 -9999 -9999 0.0
C0G660 2002050210 -9999 -9999 -9999 0.0
C0G660 2002050211 -9999 -9999 -9999 0.0
C0G660 2002050212 -9999 -9999 -9999 0.0
C0G660 2002050213 -9999 -9999 -9999 0.0
C0G660 2002050214 -9999 -9999 -9999 0.0
C0G660 2002050215 -9999 -9999 -9999 0.0
C0G660 2002050216 -9999 -9999 -9999 0.0
C0G660 2002050217 -9999 -9999 -9999 0.0
C0G660 2002050218 -9999 -9999 -9999 0.0
C0G660 2002050219 -9999 -9999 -9999 0.0
C0G660 2002050220 -9999 -9999 -9999 0.0
C0G660 2002050221 -9999 -9999 -9999 0.0
C0G660 2002050222 -9999 -9999 -9999 0.0
C0G660 2002050223 -9999 -9999 -9999 0.0
C0G660 2002050224 -9999 -9999 -9999 0.0
C0G660 2002050301 -9999 -9999 -9999 0.0
C0G660 2002050302 -9999 -9999 -9999 0.0
C0G660 2002050303 -9999 -9999 -9999 0.0
C0G660 2002050304 -9999 -9999 -9999 0.0
C0G660 2002050305 -9999 -9999 -9999 0.0
C0G660 2002050306 -9999 -9999 -9999 0.0
C0G660 2002050307 -9999 -9999 -9999 0.0
C0G660 2002050308 -9999 -9999 -9999 0.0
C0G660 2002050309 -9999 -9999 -9999 0.0
C0G660 2002050310 -9999 -9999 -9999 0.0
C0G660 2002050311 -9999 -9999 -9999 0.0
C0G660 2002050312 -9999 -9999 -9999 0.0
C0G660 2002050313 -9999 -9999 -9999 0.0
C0G660 2002050314 -9999 -9999 -9999 0.0
C0G660 2002050315 -9999 -9999 -9999 0.0
C0G660 2002050316 -9999 -9999 -9999 0.0
C0G660 2002050317 -9999 -9999 -9999 0.0
C0G660 2002050318 -9999 -9999 -9999 0.0
C0G660 2002050319 -9999 -9999 -9999 0.0
C0G660 2002050320 -9999 -9999 -9999 0.0
C0G660 2002050321 -9999 -9999 -9999 0.0
C0G660 2002050322 -9999 -9999 -9999 0.0
C0G660 2002050323 -9999 -9999 -9999 0.0
C0G660 2002050324 -9999 -9999 -9999 0.0
C0G660 2002050401 -9999 -9999 -9999 0.0
C0G660 2002050402 -9999 -9999 -9999 0.0
C0G660 2002050403 -9999 -9999 -9999 0.0
C0G660 2002050404 -9999 -9999 -9999 0.0
C0G660 2002050405 -9999 -9999 -9999 0.0
C0G660 2002050406 -9999 -9999 -9999 0.0
C0G660 2002050407 -9999 -9999 -9999 0.0
C0G660 2002050408 -9999 -9999 -9999 0.0
C0G660 2002050409 -9999 -9999 -9999 0.0
C0G660 2002050410 -9999 -9999 -9999 0.0
C0G660 2002050411 -9999 -9999 -9999 0.0
C0G660 2002050412 -9999 -9999 -9999 0.0
C0G660 2002050413 -9999 -9999 -9999 0.0
C0G660 2002050414 -9999 -9999 -9999 0.0
C0G660 2002050415 -9999 -9999 -9999 0.0
C0G660 2002050416 -9999 -9999 -9999 0.0
C0G660 2002050417 -9999 -9999 -9999 0.0
C0G660 2002050418 -9999 -9999 -9999 0.0
C0G660 2002050419 -9999 -9999 -9999 0.0
C0G660 2002050420 -9999 -9999 -9999 0.0
C0G660 2002050421 -9999 -9999 -9999 0.0
C0G660 2002050422 -9999 -9999 -9999 0.0
C0G660 2002050423 -9999 -9999 -9999 0.0
C0G660 2002050424 -9999 -9999 -9999 0.0
C0G660 2002050501 -9999 -9999 -9999 0.0
C0G660 2002050502 -9999 -9999 -9999 0.0
C0G660 2002050503 -9999 -9999 -9999 0.0
C0G660 2002050504 -9999 -9999 -9999 0.0
C0G660 2002050505 -9999 -9999 -9999 0.0
C0G660 2002050506 -9999 -9999 -9999 0.0
C0G660 2002050507 -9999 -9999 -9999 0.0
C0G660 2002050508 -9999 -9999 -9999 0.0
C0G660 2002050509 -9999 -9999 -9999 0.0
C0G660 2002050510 -9999 -9999 -9999 0.0
C0G660 2002050511 -9999 -9999 -9999 0.0
C0G660 2002050512 -9999 -9999 -9999 0.0
C0G660 2002050513 -9999 -9999 -9999 0.0
C0G660 2002050514 -9999 -9999 -9999 0.0
C0G660 2002050515 -9999 -9999 -9999 0.0
C0G660 2002050516 -9999 -9999 -9999 0.0
C0G660 2002050517 -9999 -9999 -9999 0.0
C0G660 2002050518 -9999 -9999 -9999 0.0
C0G660 2002050519 -9999 -9999 -9999 0.0
C0G660 2002050520 -9999 -9999 -9999 0.0
C0G660 2002050521 -9999 -9999 -9999 0.0
C0G660 2002050522 -9999 -9999 -9999 0.0
C0G660 2002050523 -9999 -9999 -9999 0.0
C0G660 2002050524 -9999 -9999 -9999 0.0
C0G660 2002050601 -9999 -9999 -9999 0.0
C0G660 2002050602 -9999 -9999 -9999 0.0
C0G660 2002050603 -9999 -9999 -9999 0.0
C0G660 2002050604 -9999 -9999 -9999 0.0
C0G660 2002050605 -9999 -9999 -9999 0.0
C0G660 2002050606 -9999 -9999 -9999 0.0
C0G660 2002050607 -9999 -9999 -9999 0.0
C0G660 2002050608 -9999 -9999 -9999 0.0
C0G660 2002050609 -9999 -9999 -9999 0.0
C0G660 2002050610 -9999 -9999 -9999 0.0
C0G660 2002050611 -9999 -9999 -9999 0.0
C0G660 2002050612 -9999 -9999 -9999 0.0
C0G660 2002050613 -9999 -9999 -9999 0.0
C0G660 2002050614 -9999 -9999 -9999 0.0
C0G660 2002050615 -9999 -9999 -9999 0.0
C0G660 2002050616 -9999 -9999 -9999 0.0
C0G660 2002050617 -9999 -9999 -9999 0.0
C0G660 2002050618 -9999 -9999 -9999 0.0
C0G660 2002050619 -9999 -9999 -9999 0.0
C0G660 2002050620 -9999 -9999 -9999 0.0
C0G660 2002050621 -9999 -9999 -9999 0.0
C0G660 2002050622 -9999 -9999 -9999 0.0
C0G660 2002050623 -9999 -9999 -9999 0.0
C0G660 2002050624 -9999 -9999 -9999 0.0
C0G660 2002050701 -9999 -9999 -9999 0.0
C0G660 2002050702 -9999 -9999 -9999 0.0
C0G660 2002050703 -9999 -9999 -9999 0.0
C0G660 2002050704 -9999 -9999 -9999 0.0
C0G660 2002050705 -9999 -9999 -9999 0.0
C0G660 2002050706 -9999 -9999 -9999 0.0
C0G660 2002050707 -9999 -9999 -9999 0.0
C0G660 2002050708 -9999 -9999 -9999 0.0
C0G660 2002050709 -9999 -9999 -9999 0.0
C0G660 2002050710 -9999 -9999 -9999 0.0
C0G660 2002050711 -9999 -9999 -9999 0.0
C0G660 2002050712 -9999 -9999 -9999 0.0
C0G660 2002050713 -9999 -9999 -9999 0.0
C0G660 2002050714 -9999 -9999 -9999 0.0
C0G660 2002050715 -9999 -9999 -9999 0.0
C0G660 2002050716 -9999 -9999 -9999 0.0
C0G660 2002050717 -9999 -9999 -9999 0.0
C0G660 2002050718 -9999 -9999 -9999 0.0
C0G660 2002050719 -9999 -9999 -9999 0.0
C0G660 2002050720 -9999 -9999 -9999 0.0
C0G660 2002050721 -9999 -9999 -9999 0.0
C0G660 2002050722 -9999 -9999 -9999 0.0
C0G660 2002050723 -9999 -9999 -9999 0.0
C0G660 2002050724 -9999 -9999 -9999 0.0
C0G660 2002050801 -9999 -9999 -9999 0.0
C0G660 2002050802 -9999 -9999 -9999 0.0
C0G660 2002050803 -9999 -9999 -9999 0.0
C0G660 2002050804 -9999 -9999 -9999 0.0
C0G660 2002050805 -9999 -9999 -9999 0.0
C0G660 2002050806 -9999 -9999 -9999 0.0
C0G660 2002050807 -9999 -9999 -9999 0.0
C0G660 2002050808 -9999 -9999 -9999 0.0
C0G660 2002050809 -9999 -9999 -9999 0.0
C0G660 2002050810 -9999 -9999 -9999 0.0
C0G660 2002050811 -9999 -9999 -9999 0.0
C0G660 2002050812 -9999 -9999 -9999 0.0
C0G660 2002050813 -9999 -9999 -9999 0.0
C0G660 2002050814 -9999 -9999 -9999 0.0
C0G660 2002050815 -9999 -9999 -9999 0.0
C0G660 2002050816 -9999 -9999 -9999 0.0
C0G660 2002050817 -9999 -9999 -9999 0.0
C0G660 2002050818 -9999 -9999 -9999 0.0
C0G660 2002050819 -9999 -9999 -9999 0.0
C0G660 2002050820 -9999 -9999 -9999 0.0
C0G660 2002050821 -9999 -9999 -9999 0.0
C0G660 2002050822 -9999 -9999 -9999 0.0
C0G660 2002050823 -9999 -9999 -9999 0.0
C0G660 2002050824 -9999 -9999 -9999 0.0
C0G660 2002050901 -9999 -9999 -9999 0.0
C0G660 2002050902 -9999 -9999 -9999 0.0
C0G660 2002050903 -9999 -9999 -9999 0.0
C0G660 2002050904 -9999 -9999 -9999 0.0
C0G660 2002050905 -9999 -9999 -9999 0.0
C0G660 2002050906 -9999 -9999 -9999 0.0
C0G660 2002050907 -9999 -9999 -9999 0.0
C0G660 2002050908 -9999 -9999 -9999 0.0
C0G660 2002050909 -9999 -9999 -9999 0.0
C0G660 2002050910 -9999 -9999 -9999 0.0
C0G660 2002050911 -9999 -9999 -9999 0.0
C0G660 2002050912 -9999 -9999 -9999 0.0
C0G660 2002050913 -9999 -9999 -9999 0.0
C0G660 2002050914 -9999 -9999 -9999 0.0
C0G660 2002050915 -9999 -9999 -9999 0.0
C0G660 2002050916 -9999 -9999 -9999 0.0
C0G660 2002050917 -9999 -9999 -9999 0.0
C0G660 2002050918 -9999 -9999 -9999 0.0
C0G660 2002050919 -9999 -9999 -9999 0.0
C0G660 2002050920 -9999 -9999 -9999 0.0
C0G660 2002050921 -9999 -9999 -9999 0.0
C0G660 2002050922 -9999 -9999 -9999 0.0
C0G660 2002050923 -9999 -9999 -9999 0.0
C0G660 2002050924 -9999 -9999 -9999 0.0
C0G660 2002051001 -9999 -9999 -9999 0.0
C0G660 2002051002 -9999 -9999 -9999 0.0
C0G660 2002051003 -9999 -9999 -9999 0.0
C0G660 2002051004 -9999 -9999 -9999 0.0
C0G660 2002051005 -9999 -9999 -9999 0.0
C0G660 2002051006 -9999 -9999 -9999 0.0
C0G660 2002051007 -9999 -9999 -9999 0.0
C0G660 2002051008 -9999 -9999 -9999 0.0
C0G660 2002051009 -9999 -9999 -9999 0.0
C0G660 2002051010 -9999 -9999 -9999 0.0
C0G660 2002051011 -9999 -9999 -9999 0.0
C0G660 2002051012 -9999 -9999 -9999 0.0
C0G660 2002051013 -9999 -9999 -9999 0.0
C0G660 2002051014 -9999 -9999 -9999 0.0
C0G660 2002051015 -9999 -9999 -9999 0.0
C0G660 2002051016 -9999 -9999 -9999 0.0
C0G660 2002051017 -9999 -9999 -9999 0.0
C0G660 2002051018 -9999 -9999 -9999 0.0
C0G660 2002051019 -9999 -9999 -9999 0.0
C0G660 2002051020 -9999 -9999 -9999 0.0
C0G660 2002051021 -9999 -9999 -9999 0.0
C0G660 2002051022 -9999 -9999 -9999 0.0
C0G660 2002051023 -9999 -9999 -9999 0.0
C0G660 2002051024 -9999 -9999 -9999 0.0
C0G660 2002051101 -9999 -9999 -9999 0.0
C0G660 2002051102 -9999 -9999 -9999 0.0
C0G660 2002051103 -9999 -9999 -9999 0.0
C0G660 2002051104 -9999 -9999 -9999 0.0
C0G660 2002051105 -9999 -9999 -9999 0.0
C0G660 2002051106 -9999 -9999 -9999 0.0
C0G660 2002051107 -9999 -9999 -9999 0.0
C0G660 2002051108 -9999 -9999 -9999 0.0
C0G660 2002051109 -9999 -9999 -9999 0.0
C0G660 2002051110 -9999 -9999 -9999 0.0
C0G660 2002051111 -9999 -9999 -9999 0.0
C0G660 2002051112 -9999 -9999 -9999 0.0
C0G660 2002051113 -9999 -9999 -9999 0.0
C0G660 2002051114 -9999 -9999 -9999 0.0
C0G660 2002051115 -9999 -9999 -9999 0.0
C0G660 2002051116 -9999 -9999 -9999 0.0
C0G660 2002051117 -9999 -9999 -9999 0.0
C0G660 2002051118 -9999 -9999 -9999 0.0
C0G660 2002051119 -9999 -9999 -9999 0.0
C0G660 2002051120 -9999 -9999 -9999 0.0
C0G660 2002051121 -9999 -9999 -9999 0.0
C0G660 2002051122 -9999 -9999 -9999 0.0
C0G660 2002051123 -9999 -9999 -9999 0.0
C0G660 2002051124 -9999 -9999 -9999 0.0
C0G660 2002051201 -9999 -9999 -9999 0.0
C0G660 2002051202 -9999 -9999 -9999 0.0
C0G660 2002051203 -9999 -9999 -9999 0.0
C0G660 2002051204 -9999 -9999 -9999 0.0
C0G660 2002051205 -9999 -9999 -9999 0.0
C0G660 2002051206 -9999 -9999 -9999 0.0
C0G660 2002051207 -9999 -9999 -9999 0.0
C0G660 2002051208 -9999 -9999 -9999 0.0
C0G660 2002051209 -9999 -9999 -9999 0.0
C0G660 2002051210 -9999 -9999 -9999 0.0
C0G660 2002051211 -9999 -9999 -9999 0.0
C0G660 2002051212 -9999 -9999 -9999 0.0
C0G660 2002051213 -9999 -9999 -9999 0.0
C0G660 2002051214 -9999 -9999 -9999 0.0
C0G660 2002051215 -9999 -9999 -9999 0.0
C0G660 2002051216 -9999 -9999 -9999 0.0
C0G660 2002051217 -9999 -9999 -9999 0.0
C0G660 2002051218 -9999 -9999 -9999 0.0
C0G660 2002051219 -9999 -9999 -9999 0.0
C0G660 2002051220 -9999 -9999 -9999 0.0
C0G660 2002051221 -9999 -9999 -9999 0.0
C0G660 2002051222 -9999 -9999 -9999 0.0
C0G660 2002051223 -9999 -9999 -9999 0.0
C0G660 2002051224 -9999 -9999 -9999 0.0
C0G660 2002051301 -9999 -9999 -9999 0.0
C0G660 2002051302 -9999 -9999 -9999 0.0
C0G660 2002051303 -9999 -9999 -9999 0.0
C0G660 2002051304 -9999 -9999 -9999 0.0
C0G660 2002051305 -9999 -9999 -9999 0.0
C0G660 2002051306 -9999 -9999 -9999 0.0
C0G660 2002051307 -9999 -9999 -9999 0.0
C0G660 2002051308 -9999 -9999 -9999 0.0
C0G660 2002051309 -9999 -9999 -9999 0.0
C0G660 2002051310 -9999 -9999 -9999 0.0
C0G660 2002051311 -9999 -9999 -9999 0.0
C0G660 2002051312 -9999 -9999 -9999 0.0
C0G660 2002051313 -9999 -9999 -9999 0.0
C0G660 2002051314 -9999 -9999 -9999 0.0
C0G660 2002051315 -9999 -9999 -9999 0.0
C0G660 2002051316 -9999 -9999 -9999 0.0
C0G660 2002051317 -9999 -9999 -9999 0.0
C0G660 2002051318 -9999 -9999 -9999 0.0
C0G660 2002051319 -9999 -9999 -9999 0.0
C0G660 2002051320 -9999 -9999 -9999 0.0
C0G660 2002051321 -9999 -9999 -9999 0.0
C0G660 2002051322 -9999 -9999 -9999 0.0
C0G660 2002051323 -9999 -9999 -9999 0.0
C0G660 2002051324 -9999 -9999 -9999 0.0
C0G660 2002051401 -9999 -9999 -9999 0.0
C0G660 2002051402 -9999 -9999 -9999 0.0
C0G660 2002051403 -9999 -9999 -9999 0.0
C0G660 2002051404 -9999 -9999 -9999 0.0
C0G660 2002051405 -9999 -9999 -9999 0.0
C0G660 2002051406 -9999 -9999 -9999 0.0
C0G660 2002051407 -9999 -9999 -9999 0.0
C0G660 2002051408 -9999 -9999 -9999 0.0
C0G660 2002051409 -9999 -9999 -9999 0.0
C0G660 2002051410 -9999 -9999 -9999 0.0
C0G660 2002051411 -9999 -9999 -9999 0.0
C0G660 2002051412 -9999 -9999 -9999 0.0
C0G660 2002051413 -9999 -9999 -9999 0.0
C0G660 2002051414 -9999 -9999 -9999 0.0
C0G660 2002051415 -9999 -9999 -9999 0.0
C0G660 2002051416 -9999 -9999 -9999 0.0
C0G660 2002051417 -9999 -9999 -9999 0.0
C0G660 2002051418 -9999 -9999 -9999 0.0
C0G660 2002051419 -9999 -9999 -9999 0.0
C0G660 2002051420 -9999 -9999 -9999 0.0
C0G660 2002051421 -9999 -9999 -9999 0.0
C0G660 2002051422 -9999 -9999 -9999 0.0
C0G660 2002051423 -9999 -9999 -9999 0.0
C0G660 2002051424 -9999 -9999 -9999 0.0
C0G660 2002051501 -9999 -9999 -9999 0.0
C0G660 2002051502 -9999 -9999 -9999 0.0
C0G660 2002051503 -9999 -9999 -9999 0.0
C0G660 2002051504 -9999 -9999 -9999 0.0
C0G660 2002051505 -9999 -9999 -9999 0.0
C0G660 2002051506 -9999 -9999 -9999 0.0
C0G660 2002051507 -9999 -9999 -9999 0.0
C0G660 2002051508 -9999 -9999 -9999 0.0
C0G660 2002051509 -9999 -9999 -9999 0.0
C0G660 2002051510 -9999 -9999 -9999 0.0
C0G660 2002051511 -9999 -9999 -9999 0.0
C0G660 2002051512 -9999 -9999 -9999 0.0
C0G660 2002051513 -9999 -9999 -9999 0.0
C0G660 2002051514 -9999 -9999 -9999 0.0
C0G660 2002051515 -9999 -9999 -9999 8.5
C0G660 2002051516 -9999 -9999 -9999 0.0
C0G660 2002051517 -9999 -9999 -9999 0.0
C0G660 2002051518 -9999 -9999 -9999 0.0
C0G660 2002051519 -9999 -9999 -9999 0.0
C0G660 2002051520 -9999 -9999 -9999 0.0
C0G660 2002051521 -9999 -9999 -9999 0.0
C0G660 2002051522 -9999 -9999 -9999 0.0
C0G660 2002051523 -9999 -9999 -9999 0.0
C0G660 2002051524 -9999 -9999 -9999 0.0
C0G660 2002051601 -9999 -9999 -9999 0.0
C0G660 2002051602 -9999 -9999 -9999 0.0
C0G660 2002051603 -9999 -9999 -9999 0.0
C0G660 2002051604 -9999 -9999 -9999 0.0
C0G660 2002051605 -9999 -9999 -9999 0.0
C0G660 2002051606 -9999 -9999 -9999 0.0
C0G660 2002051607 -9999 -9999 -9999 0.0
C0G660 2002051608 -9999 -9999 -9999 0.0
C0G660 2002051609 -9999 -9999 -9999 0.0
C0G660 2002051610 -9999 -9999 -9999 0.0
C0G660 2002051611 -9999 -9999 -9999 0.0
C0G660 2002051612 -9999 -9999 -9999 0.0
C0G660 2002051613 -9999 -9999 -9999 0.0
C0G660 2002051614 -9999 -9999 -9999 0.0
C0G660 2002051615 -9999 -9999 -9999 0.0
C0G660 2002051616 -9999 -9999 -9999 0.0
C0G660 2002051617 -9999 -9999 -9999 0.0
C0G660 2002051618 -9999 -9999 -9999 0.0
C0G660 2002051619 -9999 -9999 -9999 0.0
C0G660 2002051620 -9999 -9999 -9999 0.0
C0G660 2002051621 -9999 -9999 -9999 0.0
C0G660 2002051622 -9999 -9999 -9999 0.0
C0G660 2002051623 -9999 -9999 -9999 0.0
C0G660 2002051624 -9999 -9999 -9999 0.0
C0G660 2002051701 -9999 -9999 -9999 1.0
C0G660 2002051702 -9999 -9999 -9999 0.0
C0G660 2002051703 -9999 -9999 -9999 1.5
C0G660 2002051704 -9999 -9999 -9999 0.5
C0G660 2002051705 -9999 -9999 -9999 0.5
C0G660 2002051706 -9999 -9999 -9999 0.0
C0G660 2002051707 -9999 -9999 -9999 -9996
C0G660 2002051708 -9999 -9999 -9999 -9996
C0G660 2002051709 -9999 -9999 -9999 0.5
C0G660 2002051710 -9999 -9999 -9999 0.0
C0G660 2002051711 -9999 -9999 -9999 0.0
C0G660 2002051712 -9999 -9999 -9999 0.0
C0G660 2002051713 -9999 -9999 -9999 0.5
C0G660 2002051714 -9999 -9999 -9999 0.0
C0G660 2002051715 -9999 -9999 -9999 0.0
C0G660 2002051716 -9999 -9999 -9999 0.0
C0G660 2002051717 -9999 -9999 -9999 0.0
C0G660 2002051718 -9999 -9999 -9999 0.5
C0G660 2002051719 -9999 -9999 -9999 0.0
C0G660 2002051720 -9999 -9999 -9999 0.0
C0G660 2002051721 -9999 -9999 -9999 0.0
C0G660 2002051722 -9999 -9999 -9999 0.0
C0G660 2002051723 -9999 -9999 -9999 0.0
C0G660 2002051724 -9999 -9999 -9999 0.0
C0G660 2002051801 -9999 -9999 -9999 0.0
C0G660 2002051802 -9999 -9999 -9999 0.0
C0G660 2002051803 -9999 -9999 -9999 0.0
C0G660 2002051804 -9999 -9999 -9999 0.0
C0G660 2002051805 -9999 -9999 -9999 0.0
C0G660 2002051806 -9999 -9999 -9999 0.0
C0G660 2002051807 -9999 -9999 -9999 0.0
C0G660 2002051808 -9999 -9999 -9999 0.0
C0G660 2002051809 -9999 -9999 -9999 0.0
C0G660 2002051810 -9999 -9999 -9999 0.0
C0G660 2002051811 -9999 -9999 -9999 0.0
C0G660 2002051812 -9999 -9999 -9999 0.0
C0G660 2002051813 -9999 -9999 -9999 0.0
C0G660 2002051814 -9999 -9999 -9999 0.0
C0G660 2002051815 -9999 -9999 -9999 0.0
C0G660 2002051816 -9999 -9999 -9999 0.0
C0G660 2002051817 -9999 -9999 -9999 0.0
C0G660 2002051818 -9999 -9999 -9999 0.0
C0G660 2002051819 -9999 -9999 -9999 0.0
C0G660 2002051820 -9999 -9999 -9999 0.0
C0G660 2002051821 -9999 -9999 -9999 0.0
C0G660 2002051822 -9999 -9999 -9999 0.0
C0G660 2002051823 -9999 -9999 -9999 0.0
C0G660 2002051824 -9999 -9999 -9999 0.0
C0G660 2002051901 -9999 -9999 -9999 0.0
C0G660 2002051902 -9999 -9999 -9999 0.0
C0G660 2002051903 -9999 -9999 -9999 0.0
C0G660 2002051904 -9999 -9999 -9999 0.0
C0G660 2002051905 -9999 -9999 -9999 0.0
C0G660 2002051906 -9999 -9999 -9999 0.0
C0G660 2002051907 -9999 -9999 -9999 0.0
C0G660 2002051908 -9999 -9999 -9999 0.0
C0G660 2002051909 -9999 -9999 -9999 0.0
C0G660 2002051910 -9999 -9999 -9999 0.0
C0G660 2002051911 -9999 -9999 -9999 0.0
C0G660 2002051912 -9999 -9999 -9999 0.0
C0G660 2002051913 -9999 -9999 -9999 0.0
C0G660 2002051914 -9999 -9999 -9999 0.0
C0G660 2002051915 -9999 -9999 -9999 0.0
C0G660 2002051916 -9999 -9999 -9999 0.0
C0G660 2002051917 -9999 -9999 -9999 0.0
C0G660 2002051918 -9999 -9999 -9999 0.0
C0G660 2002051919 -9999 -9999 -9999 0.0
C0G660 2002051920 -9999 -9999 -9999 0.0
C0G660 2002051921 -9999 -9999 -9999 0.0
C0G660 2002051922 -9999 -9999 -9999 0.0
C0G660 2002051923 -9999 -9999 -9999 0.0
C0G660 2002051924 -9999 -9999 -9999 0.0
C0G660 2002052001 -9999 -9999 -9999 0.0
C0G660 2002052002 -9999 -9999 -9999 0.0
C0G660 2002052003 -9999 -9999 -9999 0.0
C0G660 2002052004 -9999 -9999 -9999 0.0
C0G660 2002052005 -9999 -9999 -9999 0.0
C0G660 2002052006 -9999 -9999 -9999 0.0
C0G660 2002052007 -9999 -9999 -9999 0.0
C0G660 2002052008 -9999 -9999 -9999 0.0
C0G660 2002052009 -9999 -9999 -9999 0.0
C0G660 2002052010 -9999 -9999 -9999 0.0
C0G660 2002052011 -9999 -9999 -9999 0.0
C0G660 2002052012 -9999 -9999 -9999 0.0
C0G660 2002052013 -9999 -9999 -9999 0.0
C0G660 2002052014 -9999 -9999 -9999 1.5
C0G660 2002052015 -9999 -9999 -9999 4.0
C0G660 2002052016 -9999 -9999 -9999 0.0
C0G660 2002052017 -9999 -9999 -9999 10.5
C0G660 2002052018 -9999 -9999 -9999 3.0
C0G660 2002052019 -9999 -9999 -9999 15.0
C0G660 2002052020 -9999 -9999 -9999 3.0
C0G660 2002052021 -9999 -9999 -9999 0.0
C0G660 2002052022 -9999 -9999 -9999 0.5
C0G660 2002052023 -9999 -9999 -9999 0.0
C0G660 2002052024 -9999 -9999 -9999 0.0
C0G660 2002052101 -9999 -9999 -9999 0.0
C0G660 2002052102 -9999 -9999 -9999 0.0
C0G660 2002052103 -9999 -9999 -9999 0.0
C0G660 2002052104 -9999 -9999 -9999 0.0
C0G660 2002052105 -9999 -9999 -9999 3.5
C0G660 2002052106 -9999 -9999 -9999 17.0
C0G660 2002052107 -9999 -9999 -9999 1.0
C0G660 2002052108 -9999 -9999 -9999 0.0
C0G660 2002052109 -9999 -9999 -9999 0.0
C0G660 2002052110 -9999 -9999 -9999 0.0
C0G660 2002052111 -9999 -9999 -9999 0.0
C0G660 2002052112 -9999 -9999 -9999 0.0
C0G660 2002052113 -9999 -9999 -9999 0.0
C0G660 2002052114 -9999 -9999 -9999 0.0
C0G660 2002052115 -9999 -9999 -9999 0.0
C0G660 2002052116 -9999 -9999 -9999 0.0
C0G660 2002052117 -9999 -9999 -9999 0.0
C0G660 2002052118 -9999 -9999 -9999 0.0
C0G660 2002052119 -9999 -9999 -9999 0.0
C0G660 2002052120 -9999 -9999 -9999 0.0
C0G660 2002052121 -9999 -9999 -9999 0.0
C0G660 2002052122 -9999 -9999 -9999 0.0
C0G660 2002052123 -9999 -9999 -9999 0.0
C0G660 2002052124 -9999 -9999 -9999 0.0
C0G660 2002052201 -9999 -9999 -9999 0.0
C0G660 2002052202 -9999 -9999 -9999 0.0
C0G660 2002052203 -9999 -9999 -9999 0.0
C0G660 2002052204 -9999 -9999 -9999 0.0
C0G660 2002052205 -9999 -9999 -9999 1.0
C0G660 2002052206 -9999 -9999 -9999 8.0
C0G660 2002052207 -9999 -9999 -9999 4.0
C0G660 2002052208 -9999 -9999 -9999 14.5
C0G660 2002052209 -9999 -9999 -9999 12.5
C0G660 2002052210 -9999 -9999 -9999 6.0
C0G660 2002052211 -9999 -9999 -9999 4.0
C0G660 2002052212 -9999 -9999 -9999 2.0
C0G660 2002052213 -9999 -9999 -9999 0.0
C0G660 2002052214 -9999 -9999 -9999 0.0
C0G660 2002052215 -9999 -9999 -9999 0.0
C0G660 2002052216 -9999 -9999 -9999 0.0
C0G660 2002052217 -9999 -9999 -9999 0.0
C0G660 2002052218 -9999 -9999 -9999 0.0
C0G660 2002052219 -9999 -9999 -9999 0.0
C0G660 2002052220 -9999 -9999 -9999 0.0
C0G660 2002052221 -9999 -9999 -9999 0.0
C0G660 2002052222 -9999 -9999 -9999 0.0
C0G660 2002052223 -9999 -9999 -9999 0.0
C0G660 2002052224 -9999 -9999 -9999 0.0
C0G660 2002052301 -9999 -9999 -9999 0.0
C0G660 2002052302 -9999 -9999 -9999 0.0
C0G660 2002052303 -9999 -9999 -9999 0.0
C0G660 2002052304 -9999 -9999 -9999 0.0
C0G660 2002052305 -9999 -9999 -9999 0.0
C0G660 2002052306 -9999 -9999 -9999 -9996
C0G660 2002052307 -9999 -9999 -9999 0.5
C0G660 2002052308 -9999 -9999 -9999 6.5
C0G660 2002052309 -9999 -9999 -9999 20.5
C0G660 2002052310 -9999 -9999 -9999 1.5
C0G660 2002052311 -9999 -9999 -9999 0.5
C0G660 2002052312 -9999 -9999 -9999 0.5
C0G660 2002052313 -9999 -9999 -9999 0.0
C0G660 2002052314 -9999 -9999 -9999 0.0
C0G660 2002052315 -9999 -9999 -9999 0.0
C0G660 2002052316 -9999 -9999 -9999 0.0
C0G660 2002052317 -9999 -9999 -9999 0.0
C0G660 2002052318 -9999 -9999 -9999 0.0
C0G660 2002052319 -9999 -9999 -9999 0.0
C0G660 2002052320 -9999 -9999 -9999 0.0
C0G660 2002052321 -9999 -9999 -9999 0.0
C0G660 2002052322 -9999 -9999 -9999 0.0
C0G660 2002052323 -9999 -9999 -9999 0.0
C0G660 2002052324 -9999 -9999 -9999 0.0
C0G660 2002052401 -9999 -9999 -9999 0.0
C0G660 2002052402 -9999 -9999 -9999 0.0
C0G660 2002052403 -9999 -9999 -9999 0.0
C0G660 2002052404 -9999 -9999 -9999 0.0
C0G660 2002052405 -9999 -9999 -9999 0.0
C0G660 2002052406 -9999 -9999 -9999 0.0
C0G660 2002052407 -9999 -9999 -9999 0.0
C0G660 2002052408 -9999 -9999 -9999 0.0
C0G660 2002052409 -9999 -9999 -9999 0.0
C0G660 2002052410 -9999 -9999 -9999 0.0
C0G660 2002052411 -9999 -9999 -9999 0.0
C0G660 2002052412 -9999 -9999 -9999 0.0
C0G660 2002052413 -9999 -9999 -9999 0.0
C0G660 2002052414 -9999 -9999 -9999 0.0
C0G660 2002052415 -9999 -9999 -9999 0.0
C0G660 2002052416 -9999 -9999 -9999 0.0
C0G660 2002052417 -9999 -9999 -9999 0.0
C0G660 2002052418 -9999 -9999 -9999 0.0
C0G660 2002052419 -9999 -9999 -9999 0.0
C0G660 2002052420 -9999 -9999 -9999 0.0
C0G660 2002052421 -9999 -9999 -9999 0.0
C0G660 2002052422 -9999 -9999 -9999 0.0
C0G660 2002052423 -9999 -9999 -9999 0.0
C0G660 2002052424 -9999 -9999 -9999 0.0
C0G660 2002052501 -9999 -9999 -9999 0.0
C0G660 2002052502 -9999 -9999 -9999 0.0
C0G660 2002052503 -9999 -9999 -9999 0.0
C0G660 2002052504 -9999 -9999 -9999 0.0
C0G660 2002052505 -9999 -9999 -9999 0.0
C0G660 2002052506 -9999 -9999 -9999 0.0
C0G660 2002052507 -9999 -9999 -9999 0.0
C0G660 2002052508 -9999 -9999 -9999 0.0
C0G660 2002052509 -9999 -9999 -9999 0.0
C0G660 2002052510 -9999 -9999 -9999 0.0
C0G660 2002052511 -9999 -9999 -9999 0.0
C0G660 2002052512 -9999 -9999 -9999 0.0
C0G660 2002052513 -9999 -9999 -9999 0.0
C0G660 2002052514 -9999 -9999 -9999 0.0
C0G660 2002052515 -9999 -9999 -9999 0.0
C0G660 2002052516 -9999 -9999 -9999 0.0
C0G660 2002052517 -9999 -9999 -9999 0.0
C0G660 2002052518 -9999 -9999 -9999 0.0
C0G660 2002052519 -9999 -9999 -9999 0.0
C0G660 2002052520 -9999 -9999 -9999 0.0
C0G660 2002052521 -9999 -9999 -9999 0.0
C0G660 2002052522 -9999 -9999 -9999 0.0
C0G660 2002052523 -9999 -9999 -9999 0.0
C0G660 2002052524 -9999 -9999 -9999 0.0
C0G660 2002052601 -9999 -9999 -9999 0.0
C0G660 2002052602 -9999 -9999 -9999 0.0
C0G660 2002052603 -9999 -9999 -9999 0.0
C0G660 2002052604 -9999 -9999 -9999 0.0
C0G660 2002052605 -9999 -9999 -9999 0.0
C0G660 2002052606 -9999 -9999 -9999 0.0
C0G660 2002052607 -9999 -9999 -9999 0.0
C0G660 2002052608 -9999 -9999 -9999 0.0
C0G660 2002052609 -9999 -9999 -9999 0.0
C0G660 2002052610 -9999 -9999 -9999 0.0
C0G660 2002052611 -9999 -9999 -9999 0.0
C0G660 2002052612 -9999 -9999 -9999 0.0
C0G660 2002052613 -9999 -9999 -9999 0.0
C0G660 2002052614 -9999 -9999 -9999 0.0
C0G660 2002052615 -9999 -9999 -9999 0.0
C0G660 2002052616 -9999 -9999 -9999 0.0
C0G660 2002052617 -9999 -9999 -9999 0.0
C0G660 2002052618 -9999 -9999 -9999 0.0
C0G660 2002052619 -9999 -9999 -9999 0.0
C0G660 2002052620 -9999 -9999 -9999 0.0
C0G660 2002052621 -9999 -9999 -9999 0.0
C0G660 2002052622 -9999 -9999 -9999 0.0
C0G660 2002052623 -9999 -9999 -9999 0.0
C0G660 2002052624 -9999 -9999 -9999 0.0
C0G660 2002052701 -9999 -9999 -9999 0.0
C0G660 2002052702 -9999 -9999 -9999 0.0
C0G660 2002052703 -9999 -9999 -9999 0.0
C0G660 2002052704 -9999 -9999 -9999 0.0
C0G660 2002052705 -9999 -9999 -9999 0.0
C0G660 2002052706 -9999 -9999 -9999 0.0
C0G660 2002052707 -9999 -9999 -9999 0.0
C0G660 2002052708 -9999 -9999 -9999 0.0
C0G660 2002052709 -9999 -9999 -9999 0.0
C0G660 2002052710 -9999 -9999 -9999 0.0
C0G660 2002052711 -9999 -9999 -9999 0.0
C0G660 2002052712 -9999 -9999 -9999 0.0
C0G660 2002052713 -9999 -9999 -9999 0.0
C0G660 2002052714 -9999 -9999 -9999 0.0
C0G660 2002052715 -9999 -9999 -9999 0.0
C0G660 2002052716 -9999 -9999 -9999 0.0
C0G660 2002052717 -9999 -9999 -9999 0.0
C0G660 2002052718 -9999 -9999 -9999 0.0
C0G660 2002052719 -9999 -9999 -9999 0.0
C0G660 2002052720 -9999 -9999 -9999 0.0
C0G660 2002052721 -9999 -9999 -9999 0.0
C0G660 2002052722 -9999 -9999 -9999 0.0
C0G660 2002052723 -9999 -9999 -9999 0.0
C0G660 2002052724 -9999 -9999 -9999 0.0
C0G660 2002052801 -9999 -9999 -9999 0.0
C0G660 2002052802 -9999 -9999 -9999 0.0
C0G660 2002052803 -9999 -9999 -9999 0.0
C0G660 2002052804 -9999 -9999 -9999 0.0
C0G660 2002052805 -9999 -9999 -9999 0.0
C0G660 2002052806 -9999 -9999 -9999 0.0
C0G660 2002052807 -9999 -9999 -9999 0.0
C0G660 2002052808 -9999 -9999 -9999 0.0
C0G660 2002052809 -9999 -9999 -9999 0.0
C0G660 2002052810 -9999 -9999 -9999 0.0
C0G660 2002052811 -9999 -9999 -9999 0.0
C0G660 2002052812 -9999 -9999 -9999 0.0
C0G660 2002052813 -9999 -9999 -9999 0.0
C0G660 2002052814 -9999 -9999 -9999 0.0
C0G660 2002052815 -9999 -9999 -9999 0.0
C0G660 2002052816 -9999 -9999 -9999 0.0
C0G660 2002052817 -9999 -9999 -9999 0.0
C0G660 2002052818 -9999 -9999 -9999 0.0
C0G660 2002052819 -9999 -9999 -9999 0.0
C0G660 2002052820 -9999 -9999 -9999 0.0
C0G660 2002052821 -9999 -9999 -9999 0.0
C0G660 2002052822 -9999 -9999 -9999 0.0
C0G660 2002052823 -9999 -9999 -9999 0.0
C0G660 2002052824 -9999 -9999 -9999 0.0
C0G660 2002052901 -9999 -9999 -9999 0.0
C0G660 2002052902 -9999 -9999 -9999 0.0
C0G660 2002052903 -9999 -9999 -9999 0.0
C0G660 2002052904 -9999 -9999 -9999 0.0
C0G660 2002052905 -9999 -9999 -9999 0.0
C0G660 2002052906 -9999 -9999 -9999 0.0
C0G660 2002052907 -9999 -9999 -9999 0.0
C0G660 2002052908 -9999 -9999 -9999 0.0
C0G660 2002052909 -9999 -9999 -9999 0.0
C0G660 2002052910 -9999 -9999 -9999 0.0
C0G660 2002052911 -9999 -9999 -9999 0.0
C0G660 2002052912 -9999 -9999 -9999 0.0
C0G660 2002052913 -9999 -9999 -9999 0.0
C0G660 2002052914 -9999 -9999 -9999 0.0
C0G660 2002052915 -9999 -9999 -9999 0.0
C0G660 2002052916 -9999 -9999 -9999 0.0
C0G660 2002052917 -9999 -9999 -9999 0.0
C0G660 2002052918 -9999 -9999 -9999 0.0
C0G660 2002052919 -9999 -9999 -9999 0.0
C0G660 2002052920 -9999 -9999 -9999 0.0
C0G660 2002052921 -9999 -9999 -9999 0.0
C0G660 2002052922 -9999 -9999 -9999 0.0
C0G660 2002052923 -9999 -9999 -9999 0.0
C0G660 2002052924 -9999 -9999 -9999 0.0
C0G660 2002053001 -9999 -9999 -9999 0.0
C0G660 2002053002 -9999 -9999 -9999 0.0
C0G660 2002053003 -9999 -9999 -9999 0.0
C0G660 2002053004 -9999 -9999 -9999 0.0
C0G660 2002053005 -9999 -9999 -9999 0.0
C0G660 2002053006 -9999 -9999 -9999 0.0
C0G660 2002053007 -9999 -9999 -9999 0.0
C0G660 2002053008 -9999 -9999 -9999 0.0
C0G660 2002053009 -9999 -9999 -9999 0.0
C0G660 2002053010 -9999 -9999 -9999 0.0
C0G660 2002053011 -9999 -9999 -9999 0.0
C0G660 2002053012 -9999 -9999 -9999 0.0
C0G660 2002053013 -9999 -9999 -9999 0.0
C0G660 2002053014 -9999 -9999 -9999 0.0
C0G660 2002053015 -9999 -9999 -9999 0.0
C0G660 2002053016 -9999 -9999 -9999 0.0
C0G660 2002053017 -9999 -9999 -9999 0.0
C0G660 2002053018 -9999 -9999 -9999 0.0
C0G660 2002053019 -9999 -9999 -9999 0.0
C0G660 2002053020 -9999 -9999 -9999 0.0
C0G660 2002053021 -9999 -9999 -9999 0.0
C0G660 2002053022 -9999 -9999 -9999 0.0
C0G660 2002053023 -9999 -9999 -9999 0.0
C0G660 2002053024 -9999 -9999 -9999 0.0
C0G660 2002053101 -9999 -9999 -9999 0.0
C0G660 2002053102 -9999 -9999 -9999 0.0
C0G660 2002053103 -9999 -9999 -9999 0.0
C0G660 2002053104 -9999 -9999 -9999 0.0
C0G660 2002053105 -9999 -9999 -9999 0.0
C0G660 2002053106 -9999 -9999 -9999 0.0
C0G660 2002053107 -9999 -9999 -9999 0.0
C0G660 2002053108 -9999 -9999 -9999 0.0
C0G660 2002053109 -9999 -9999 -9999 0.0
C0G660 2002053110 -9999 -9999 -9999 2.5
C0G660 2002053111 -9999 -9999 -9999 42.5
C0G660 2002053112 -9999 -9999 -9999 20.5
C0G660 2002053113 -9999 -9999 -9999 33.5
C0G660 2002053114 -9999 -9999 -9999 14.5
C0G660 2002053115 -9999 -9999 -9999 8.0
C0G660 2002053116 -9999 -9999 -9999 2.0
C0G660 2002053117 -9999 -9999 -9999 23.5
C0G660 2002053118 -9999 -9999 -9999 5.5
C0G660 2002053119 -9999 -9999 -9999 1.5
C0G660 2002053120 -9999 -9999 -9999 0.0
C0G660 2002053121 -9999 -9999 -9999 0.0
C0G660 2002053122 -9999 -9999 -9999 0.0
C0G660 2002053123 -9999 -9999 -9999 0.0
C0G660 2002053124 -9999 -9999 -9999 0.0
