C0G620 2002110101 -9999 -9999 -9999 0.0
C0G620 2002110102 -9999 -9999 -9999 0.0
C0G620 2002110103 -9999 -9999 -9999 0.0
C0G620 2002110104 -9999 -9999 -9999 0.0
C0G620 2002110105 -9999 -9999 -9999 0.0
C0G620 2002110106 -9999 -9999 -9999 0.0
C0G620 2002110107 -9999 -9999 -9999 0.0
C0G620 2002110108 -9999 -9999 -9999 0.0
C0G620 2002110109 -9999 -9999 -9999 0.0
C0G620 2002110110 -9999 -9999 -9999 0.0
C0G620 2002110111 -9999 -9999 -9999 0.0
C0G620 2002110112 -9999 -9999 -9999 0.0
C0G620 2002110113 -9999 -9999 -9999 0.0
C0G620 2002110114 -9999 -9999 -9999 0.0
C0G620 2002110115 -9999 -9999 -9999 0.0
C0G620 2002110116 -9999 -9999 -9999 0.0
C0G620 2002110117 -9999 -9999 -9999 0.0
C0G620 2002110118 -9999 -9999 -9999 0.0
C0G620 2002110119 -9999 -9999 -9999 0.0
C0G620 2002110120 -9999 -9999 -9999 0.0
C0G620 2002110121 -9999 -9999 -9999 0.0
C0G620 2002110122 -9999 -9999 -9999 0.0
C0G620 2002110123 -9999 -9999 -9999 0.0
C0G620 2002110124 -9999 -9999 -9999 0.0
C0G620 2002110201 -9999 -9999 -9999 0.0
C0G620 2002110202 -9999 -9999 -9999 0.0
C0G620 2002110203 -9999 -9999 -9999 0.0
C0G620 2002110204 -9999 -9999 -9999 0.0
C0G620 2002110205 -9999 -9999 -9999 0.0
C0G620 2002110206 -9999 -9999 -9999 0.0
C0G620 2002110207 -9999 -9999 -9999 0.0
C0G620 2002110208 -9999 -9999 -9999 0.0
C0G620 2002110209 -9999 -9999 -9999 0.0
C0G620 2002110210 -9999 -9999 -9999 0.0
C0G620 2002110211 -9999 -9999 -9999 0.0
C0G620 2002110212 -9999 -9999 -9999 0.0
C0G620 2002110213 -9999 -9999 -9999 0.0
C0G620 2002110214 -9999 -9999 -9999 0.0
C0G620 2002110215 -9999 -9999 -9999 0.0
C0G620 2002110216 -9999 -9999 -9999 0.0
C0G620 2002110217 -9999 -9999 -9999 0.0
C0G620 2002110218 -9999 -9999 -9999 0.0
C0G620 2002110219 -9999 -9999 -9999 0.0
C0G620 2002110220 -9999 -9999 -9999 0.0
C0G620 2002110221 -9999 -9999 -9999 0.0
C0G620 2002110222 -9999 -9999 -9999 0.0
C0G620 2002110223 -9999 -9999 -9999 0.0
C0G620 2002110224 -9999 -9999 -9999 0.0
C0G620 2002110301 -9999 -9999 -9999 0.0
C0G620 2002110302 -9999 -9999 -9999 0.0
C0G620 2002110303 -9999 -9999 -9999 0.0
C0G620 2002110304 -9999 -9999 -9999 0.0
C0G620 2002110305 -9999 -9999 -9999 0.0
C0G620 2002110306 -9999 -9999 -9999 0.0
C0G620 2002110307 -9999 -9999 -9999 0.0
C0G620 2002110308 -9999 -9999 -9999 0.0
C0G620 2002110309 -9999 -9999 -9999 0.0
C0G620 2002110310 -9999 -9999 -9999 0.0
C0G620 2002110311 -9999 -9999 -9999 0.0
C0G620 2002110312 -9999 -9999 -9999 0.0
C0G620 2002110313 -9999 -9999 -9999 0.0
C0G620 2002110314 -9999 -9999 -9999 0.0
C0G620 2002110315 -9999 -9999 -9999 0.0
C0G620 2002110316 -9999 -9999 -9999 0.0
C0G620 2002110317 -9999 -9999 -9999 0.0
C0G620 2002110318 -9999 -9999 -9999 0.0
C0G620 2002110319 -9999 -9999 -9999 0.0
C0G620 2002110320 -9999 -9999 -9999 0.0
C0G620 2002110321 -9999 -9999 -9999 0.0
C0G620 2002110322 -9999 -9999 -9999 0.0
C0G620 2002110323 -9999 -9999 -9999 0.0
C0G620 2002110324 -9999 -9999 -9999 0.0
C0G620 2002110401 -9999 -9999 -9999 0.0
C0G620 2002110402 -9999 -9999 -9999 0.0
C0G620 2002110403 -9999 -9999 -9999 0.0
C0G620 2002110404 -9999 -9999 -9999 0.0
C0G620 2002110405 -9999 -9999 -9999 0.0
C0G620 2002110406 -9999 -9999 -9999 0.0
C0G620 2002110407 -9999 -9999 -9999 0.0
C0G620 2002110408 -9999 -9999 -9999 0.0
C0G620 2002110409 -9999 -9999 -9999 0.0
C0G620 2002110410 -9999 -9999 -9999 0.0
C0G620 2002110411 -9999 -9999 -9999 0.0
C0G620 2002110412 -9999 -9999 -9999 0.0
C0G620 2002110413 -9999 -9999 -9999 0.0
C0G620 2002110414 -9999 -9999 -9999 0.0
C0G620 2002110415 -9999 -9999 -9999 0.0
C0G620 2002110416 -9999 -9999 -9999 0.0
C0G620 2002110417 -9999 -9999 -9999 0.0
C0G620 2002110418 -9999 -9999 -9999 0.0
C0G620 2002110419 -9999 -9999 -9999 0.0
C0G620 2002110420 -9999 -9999 -9999 0.0
C0G620 2002110421 -9999 -9999 -9999 0.0
C0G620 2002110422 -9999 -9999 -9999 0.0
C0G620 2002110423 -9999 -9999 -9999 0.0
C0G620 2002110424 -9999 -9999 -9999 0.0
C0G620 2002110501 -9999 -9999 -9999 0.0
C0G620 2002110502 -9999 -9999 -9999 0.0
C0G620 2002110503 -9999 -9999 -9999 0.0
C0G620 2002110504 -9999 -9999 -9999 0.0
C0G620 2002110505 -9999 -9999 -9999 0.0
C0G620 2002110506 -9999 -9999 -9999 0.0
C0G620 2002110507 -9999 -9999 -9999 0.0
C0G620 2002110508 -9999 -9999 -9999 0.0
C0G620 2002110509 -9999 -9999 -9999 0.0
C0G620 2002110510 -9999 -9999 -9999 0.0
C0G620 2002110511 -9999 -9999 -9999 0.0
C0G620 2002110512 -9999 -9999 -9999 0.0
C0G620 2002110513 -9999 -9999 -9999 0.0
C0G620 2002110514 -9999 -9999 -9999 0.0
C0G620 2002110515 -9999 -9999 -9999 0.0
C0G620 2002110516 -9999 -9999 -9999 0.0
C0G620 2002110517 -9999 -9999 -9999 0.0
C0G620 2002110518 -9999 -9999 -9999 0.0
C0G620 2002110519 -9999 -9999 -9999 0.0
C0G620 2002110520 -9999 -9999 -9999 0.0
C0G620 2002110521 -9999 -9999 -9999 0.0
C0G620 2002110522 -9999 -9999 -9999 0.0
C0G620 2002110523 -9999 -9999 -9999 0.0
C0G620 2002110524 -9999 -9999 -9999 0.0
C0G620 2002110601 -9999 -9999 -9999 0.0
C0G620 2002110602 -9999 -9999 -9999 0.0
C0G620 2002110603 -9999 -9999 -9999 0.0
C0G620 2002110604 -9999 -9999 -9999 0.0
C0G620 2002110605 -9999 -9999 -9999 0.0
C0G620 2002110606 -9999 -9999 -9999 0.0
C0G620 2002110607 -9999 -9999 -9999 0.0
C0G620 2002110608 -9999 -9999 -9999 0.0
C0G620 2002110609 -9999 -9999 -9999 0.0
C0G620 2002110610 -9999 -9999 -9999 0.0
C0G620 2002110611 -9999 -9999 -9999 0.0
C0G620 2002110612 -9999 -9999 -9999 0.0
C0G620 2002110613 -9999 -9999 -9999 0.0
C0G620 2002110614 -9999 -9999 -9999 0.0
C0G620 2002110615 -9999 -9999 -9999 0.0
C0G620 2002110616 -9999 -9999 -9999 0.0
C0G620 2002110617 -9999 -9999 -9999 0.0
C0G620 2002110618 -9999 -9999 -9999 0.0
C0G620 2002110619 -9999 -9999 -9999 0.0
C0G620 2002110620 -9999 -9999 -9999 0.0
C0G620 2002110621 -9999 -9999 -9999 0.0
C0G620 2002110622 -9999 -9999 -9999 0.0
C0G620 2002110623 -9999 -9999 -9999 0.0
C0G620 2002110624 -9999 -9999 -9999 0.0
C0G620 2002110701 -9999 -9999 -9999 0.0
C0G620 2002110702 -9999 -9999 -9999 0.0
C0G620 2002110703 -9999 -9999 -9999 0.0
C0G620 2002110704 -9999 -9999 -9999 0.0
C0G620 2002110705 -9999 -9999 -9999 0.0
C0G620 2002110706 -9999 -9999 -9999 0.0
C0G620 2002110707 -9999 -9999 -9999 0.0
C0G620 2002110708 -9999 -9999 -9999 0.0
C0G620 2002110709 -9999 -9999 -9999 0.0
C0G620 2002110710 -9999 -9999 -9999 0.0
C0G620 2002110711 -9999 -9999 -9999 0.0
C0G620 2002110712 -9999 -9999 -9999 0.0
C0G620 2002110713 -9999 -9999 -9999 0.0
C0G620 2002110714 -9999 -9999 -9999 0.0
C0G620 2002110715 -9999 -9999 -9999 0.0
C0G620 2002110716 -9999 -9999 -9999 0.0
C0G620 2002110717 -9999 -9999 -9999 0.0
C0G620 2002110718 -9999 -9999 -9999 0.0
C0G620 2002110719 -9999 -9999 -9999 0.0
C0G620 2002110720 -9999 -9999 -9999 0.0
C0G620 2002110721 -9999 -9999 -9999 0.0
C0G620 2002110722 -9999 -9999 -9999 0.0
C0G620 2002110723 -9999 -9999 -9999 0.0
C0G620 2002110724 -9999 -9999 -9999 0.0
C0G620 2002110801 -9999 -9999 -9999 0.0
C0G620 2002110802 -9999 -9999 -9999 0.0
C0G620 2002110803 -9999 -9999 -9999 0.0
C0G620 2002110804 -9999 -9999 -9999 0.0
C0G620 2002110805 -9999 -9999 -9999 0.0
C0G620 2002110806 -9999 -9999 -9999 0.0
C0G620 2002110807 -9999 -9999 -9999 0.0
C0G620 2002110808 -9999 -9999 -9999 0.0
C0G620 2002110809 -9999 -9999 -9999 0.0
C0G620 2002110810 -9999 -9999 -9999 0.0
C0G620 2002110811 -9999 -9999 -9999 0.0
C0G620 2002110812 -9999 -9999 -9999 0.0
C0G620 2002110813 -9999 -9999 -9999 0.0
C0G620 2002110814 -9999 -9999 -9999 0.0
C0G620 2002110815 -9999 -9999 -9999 0.0
C0G620 2002110816 -9999 -9999 -9999 0.0
C0G620 2002110817 -9999 -9999 -9999 0.0
C0G620 2002110818 -9999 -9999 -9999 0.0
C0G620 2002110819 -9999 -9999 -9999 0.0
C0G620 2002110820 -9999 -9999 -9999 0.0
C0G620 2002110821 -9999 -9999 -9999 0.0
C0G620 2002110822 -9999 -9999 -9999 0.0
C0G620 2002110823 -9999 -9999 -9999 0.0
C0G620 2002110824 -9999 -9999 -9999 0.0
C0G620 2002110901 -9999 -9999 -9999 0.0
C0G620 2002110902 -9999 -9999 -9999 0.0
C0G620 2002110903 -9999 -9999 -9999 0.0
C0G620 2002110904 -9999 -9999 -9999 0.0
C0G620 2002110905 -9999 -9999 -9999 0.0
C0G620 2002110906 -9999 -9999 -9999 0.0
C0G620 2002110907 -9999 -9999 -9999 0.0
C0G620 2002110908 -9999 -9999 -9999 0.0
C0G620 2002110909 -9999 -9999 -9999 0.0
C0G620 2002110910 -9999 -9999 -9999 0.0
C0G620 2002110911 -9999 -9999 -9999 0.0
C0G620 2002110912 -9999 -9999 -9999 0.0
C0G620 2002110913 -9999 -9999 -9999 0.0
C0G620 2002110914 -9999 -9999 -9999 0.0
C0G620 2002110915 -9999 -9999 -9999 0.0
C0G620 2002110916 -9999 -9999 -9999 0.0
C0G620 2002110917 -9999 -9999 -9999 0.0
C0G620 2002110918 -9999 -9999 -9999 0.0
C0G620 2002110919 -9999 -9999 -9999 0.0
C0G620 2002110920 -9999 -9999 -9999 0.0
C0G620 2002110921 -9999 -9999 -9999 0.0
C0G620 2002110922 -9999 -9999 -9999 0.0
C0G620 2002110923 -9999 -9999 -9999 0.0
C0G620 2002110924 -9999 -9999 -9999 0.0
C0G620 2002111001 -9999 -9999 -9999 0.0
C0G620 2002111002 -9999 -9999 -9999 0.0
C0G620 2002111003 -9999 -9999 -9999 0.0
C0G620 2002111004 -9999 -9999 -9999 0.0
C0G620 2002111005 -9999 -9999 -9999 0.0
C0G620 2002111006 -9999 -9999 -9999 0.0
C0G620 2002111007 -9999 -9999 -9999 0.0
C0G620 2002111008 -9999 -9999 -9999 0.0
C0G620 2002111009 -9999 -9999 -9999 0.0
C0G620 2002111010 -9999 -9999 -9999 0.0
C0G620 2002111011 -9999 -9999 -9999 0.0
C0G620 2002111012 -9999 -9999 -9999 0.0
C0G620 2002111013 -9999 -9999 -9999 0.0
C0G620 2002111014 -9999 -9999 -9999 0.0
C0G620 2002111015 -9999 -9999 -9999 0.0
C0G620 2002111016 -9999 -9999 -9999 0.0
C0G620 2002111017 -9999 -9999 -9999 0.0
C0G620 2002111018 -9999 -9999 -9999 0.0
C0G620 2002111019 -9999 -9999 -9999 0.0
C0G620 2002111020 -9999 -9999 -9999 0.0
C0G620 2002111021 -9999 -9999 -9999 0.0
C0G620 2002111022 -9999 -9999 -9999 0.0
C0G620 2002111023 -9999 -9999 -9999 0.0
C0G620 2002111024 -9999 -9999 -9999 0.0
C0G620 2002111101 -9999 -9999 -9999 0.0
C0G620 2002111102 -9999 -9999 -9999 0.0
C0G620 2002111103 -9999 -9999 -9999 0.0
C0G620 2002111104 -9999 -9999 -9999 0.0
C0G620 2002111105 -9999 -9999 -9999 0.0
C0G620 2002111106 -9999 -9999 -9999 0.0
C0G620 2002111107 -9999 -9999 -9999 0.0
C0G620 2002111108 -9999 -9999 -9999 0.0
C0G620 2002111109 -9999 -9999 -9999 0.0
C0G620 2002111110 -9999 -9999 -9999 0.0
C0G620 2002111111 -9999 -9999 -9999 0.0
C0G620 2002111112 -9999 -9999 -9999 0.0
C0G620 2002111113 -9999 -9999 -9999 0.0
C0G620 2002111114 -9999 -9999 -9999 0.0
C0G620 2002111115 -9999 -9999 -9999 0.0
C0G620 2002111116 -9999 -9999 -9999 0.0
C0G620 2002111117 -9999 -9999 -9999 0.0
C0G620 2002111118 -9999 -9999 -9999 0.0
C0G620 2002111119 -9999 -9999 -9999 0.0
C0G620 2002111120 -9999 -9999 -9999 0.0
C0G620 2002111121 -9999 -9999 -9999 0.0
C0G620 2002111122 -9999 -9999 -9999 0.0
C0G620 2002111123 -9999 -9999 -9999 0.0
C0G620 2002111124 -9999 -9999 -9999 0.0
C0G620 2002111201 -9999 -9999 -9999 0.0
C0G620 2002111202 -9999 -9999 -9999 0.0
C0G620 2002111203 -9999 -9999 -9999 0.0
C0G620 2002111204 -9999 -9999 -9999 0.0
C0G620 2002111205 -9999 -9999 -9999 0.0
C0G620 2002111206 -9999 -9999 -9999 0.0
C0G620 2002111207 -9999 -9999 -9999 0.0
C0G620 2002111208 -9999 -9999 -9999 0.0
C0G620 2002111209 -9999 -9999 -9999 0.0
C0G620 2002111210 -9999 -9999 -9999 0.0
C0G620 2002111211 -9999 -9999 -9999 0.0
C0G620 2002111212 -9999 -9999 -9999 0.0
C0G620 2002111213 -9999 -9999 -9999 0.0
C0G620 2002111214 -9999 -9999 -9999 0.0
C0G620 2002111215 -9999 -9999 -9999 0.0
C0G620 2002111216 -9999 -9999 -9999 0.0
C0G620 2002111217 -9999 -9999 -9999 0.0
C0G620 2002111218 -9999 -9999 -9999 0.0
C0G620 2002111219 -9999 -9999 -9999 0.0
C0G620 2002111220 -9999 -9999 -9999 0.0
C0G620 2002111221 -9999 -9999 -9999 0.0
C0G620 2002111222 -9999 -9999 -9999 0.0
C0G620 2002111223 -9999 -9999 -9999 0.0
C0G620 2002111224 -9999 -9999 -9999 0.0
C0G620 2002111301 -9999 -9999 -9999 0.0
C0G620 2002111302 -9999 -9999 -9999 0.0
C0G620 2002111303 -9999 -9999 -9999 0.0
C0G620 2002111304 -9999 -9999 -9999 0.0
C0G620 2002111305 -9999 -9999 -9999 0.0
C0G620 2002111306 -9999 -9999 -9999 0.0
C0G620 2002111307 -9999 -9999 -9999 0.0
C0G620 2002111308 -9999 -9999 -9999 0.0
C0G620 2002111309 -9999 -9999 -9999 0.0
C0G620 2002111310 -9999 -9999 -9999 0.0
C0G620 2002111311 -9999 -9999 -9999 0.0
C0G620 2002111312 -9999 -9999 -9999 0.0
C0G620 2002111313 -9999 -9999 -9999 0.0
C0G620 2002111314 -9999 -9999 -9999 0.0
C0G620 2002111315 -9999 -9999 -9999 0.0
C0G620 2002111316 -9999 -9999 -9999 0.0
C0G620 2002111317 -9999 -9999 -9999 0.0
C0G620 2002111318 -9999 -9999 -9999 0.0
C0G620 2002111319 -9999 -9999 -9999 0.0
C0G620 2002111320 -9999 -9999 -9999 0.0
C0G620 2002111321 -9999 -9999 -9999 0.0
C0G620 2002111322 -9999 -9999 -9999 0.0
C0G620 2002111323 -9999 -9999 -9999 0.0
C0G620 2002111324 -9999 -9999 -9999 0.0
C0G620 2002111401 -9999 -9999 -9999 0.0
C0G620 2002111402 -9999 -9999 -9999 0.0
C0G620 2002111403 -9999 -9999 -9999 0.0
C0G620 2002111404 -9999 -9999 -9999 0.0
C0G620 2002111405 -9999 -9999 -9999 0.0
C0G620 2002111406 -9999 -9999 -9999 0.0
C0G620 2002111407 -9999 -9999 -9999 0.0
C0G620 2002111408 -9999 -9999 -9999 0.0
C0G620 2002111409 -9999 -9999 -9999 0.0
C0G620 2002111410 -9999 -9999 -9999 0.0
C0G620 2002111411 -9999 -9999 -9999 0.0
C0G620 2002111412 -9999 -9999 -9999 0.0
C0G620 2002111413 -9999 -9999 -9999 0.0
C0G620 2002111414 -9999 -9999 -9999 0.0
C0G620 2002111415 -9999 -9999 -9999 0.0
C0G620 2002111416 -9999 -9999 -9999 0.0
C0G620 2002111417 -9999 -9999 -9999 0.0
C0G620 2002111418 -9999 -9999 -9999 0.0
C0G620 2002111419 -9999 -9999 -9999 0.0
C0G620 2002111420 -9999 -9999 -9999 0.0
C0G620 2002111421 -9999 -9999 -9999 0.0
C0G620 2002111422 -9999 -9999 -9999 0.0
C0G620 2002111423 -9999 -9999 -9999 0.0
C0G620 2002111424 -9999 -9999 -9999 0.0
C0G620 2002111501 -9999 -9999 -9999 0.0
C0G620 2002111502 -9999 -9999 -9999 0.0
C0G620 2002111503 -9999 -9999 -9999 0.0
C0G620 2002111504 -9999 -9999 -9999 0.0
C0G620 2002111505 -9999 -9999 -9999 0.0
C0G620 2002111506 -9999 -9999 -9999 0.0
C0G620 2002111507 -9999 -9999 -9999 0.0
C0G620 2002111508 -9999 -9999 -9999 0.0
C0G620 2002111509 -9999 -9999 -9999 0.0
C0G620 2002111510 -9999 -9999 -9999 0.0
C0G620 2002111511 -9999 -9999 -9999 0.0
C0G620 2002111512 -9999 -9999 -9999 0.0
C0G620 2002111513 -9999 -9999 -9999 0.0
C0G620 2002111514 -9999 -9999 -9999 0.0
C0G620 2002111515 -9999 -9999 -9999 0.0
C0G620 2002111516 -9999 -9999 -9999 0.0
C0G620 2002111517 -9999 -9999 -9999 0.0
C0G620 2002111518 -9999 -9999 -9999 0.0
C0G620 2002111519 -9999 -9999 -9999 0.0
C0G620 2002111520 -9999 -9999 -9999 0.0
C0G620 2002111521 -9999 -9999 -9999 0.0
C0G620 2002111522 -9999 -9999 -9999 0.0
C0G620 2002111523 -9999 -9999 -9999 0.0
C0G620 2002111524 -9999 -9999 -9999 0.0
C0G620 2002111601 -9999 -9999 -9999 0.0
C0G620 2002111602 -9999 -9999 -9999 0.0
C0G620 2002111603 -9999 -9999 -9999 0.0
C0G620 2002111604 -9999 -9999 -9999 0.0
C0G620 2002111605 -9999 -9999 -9999 0.0
C0G620 2002111606 -9999 -9999 -9999 0.0
C0G620 2002111607 -9999 -9999 -9999 0.0
C0G620 2002111608 -9999 -9999 -9999 0.0
C0G620 2002111609 -9999 -9999 -9999 0.0
C0G620 2002111610 -9999 -9999 -9999 0.0
C0G620 2002111611 -9999 -9999 -9999 0.0
C0G620 2002111612 -9999 -9999 -9999 0.0
C0G620 2002111613 -9999 -9999 -9999 0.0
C0G620 2002111614 -9999 -9999 -9999 0.0
C0G620 2002111615 -9999 -9999 -9999 0.0
C0G620 2002111616 -9999 -9999 -9999 0.0
C0G620 2002111617 -9999 -9999 -9999 0.0
C0G620 2002111618 -9999 -9999 -9999 0.0
C0G620 2002111619 -9999 -9999 -9999 0.0
C0G620 2002111620 -9999 -9999 -9999 0.0
C0G620 2002111621 -9999 -9999 -9999 0.0
C0G620 2002111622 -9999 -9999 -9999 0.0
C0G620 2002111623 -9999 -9999 -9999 0.0
C0G620 2002111624 -9999 -9999 -9999 0.0
C0G620 2002111701 -9999 -9999 -9999 0.0
C0G620 2002111702 -9999 -9999 -9999 0.0
C0G620 2002111703 -9999 -9999 -9999 0.0
C0G620 2002111704 -9999 -9999 -9999 0.0
C0G620 2002111705 -9999 -9999 -9999 0.0
C0G620 2002111706 -9999 -9999 -9999 0.0
C0G620 2002111707 -9999 -9999 -9999 0.0
C0G620 2002111708 -9999 -9999 -9999 0.0
C0G620 2002111709 -9999 -9999 -9999 0.0
C0G620 2002111710 -9999 -9999 -9999 0.0
C0G620 2002111711 -9999 -9999 -9999 0.0
C0G620 2002111712 -9999 -9999 -9999 0.0
C0G620 2002111713 -9999 -9999 -9999 0.0
C0G620 2002111714 -9999 -9999 -9999 0.0
C0G620 2002111715 -9999 -9999 -9999 0.0
C0G620 2002111716 -9999 -9999 -9999 0.0
C0G620 2002111717 -9999 -9999 -9999 0.0
C0G620 2002111718 -9999 -9999 -9999 0.0
C0G620 2002111719 -9999 -9999 -9999 0.0
C0G620 2002111720 -9999 -9999 -9999 0.0
C0G620 2002111721 -9999 -9999 -9999 0.0
C0G620 2002111722 -9999 -9999 -9999 0.0
C0G620 2002111723 -9999 -9999 -9999 0.0
C0G620 2002111724 -9999 -9999 -9999 0.0
C0G620 2002111801 -9999 -9999 -9999 0.0
C0G620 2002111802 -9999 -9999 -9999 0.0
C0G620 2002111803 -9999 -9999 -9999 0.0
C0G620 2002111804 -9999 -9999 -9999 0.0
C0G620 2002111805 -9999 -9999 -9999 0.0
C0G620 2002111806 -9999 -9999 -9999 0.0
C0G620 2002111807 -9999 -9999 -9999 0.0
C0G620 2002111808 -9999 -9999 -9999 0.0
C0G620 2002111809 -9999 -9999 -9999 0.0
C0G620 2002111810 -9999 -9999 -9999 0.0
C0G620 2002111811 -9999 -9999 -9999 0.0
C0G620 2002111812 -9999 -9999 -9999 0.0
C0G620 2002111813 -9999 -9999 -9999 0.0
C0G620 2002111814 -9999 -9999 -9999 0.0
C0G620 2002111815 -9999 -9999 -9999 0.0
C0G620 2002111816 -9999 -9999 -9999 0.0
C0G620 2002111817 -9999 -9999 -9999 0.0
C0G620 2002111818 -9999 -9999 -9999 0.0
C0G620 2002111819 -9999 -9999 -9999 0.0
C0G620 2002111820 -9999 -9999 -9999 0.0
C0G620 2002111821 -9999 -9999 -9999 0.0
C0G620 2002111822 -9999 -9999 -9999 0.0
C0G620 2002111823 -9999 -9999 -9999 0.0
C0G620 2002111824 -9999 -9999 -9999 0.0
C0G620 2002111901 -9999 -9999 -9999 0.0
C0G620 2002111902 -9999 -9999 -9999 0.0
C0G620 2002111903 -9999 -9999 -9999 0.0
C0G620 2002111904 -9999 -9999 -9999 0.0
C0G620 2002111905 -9999 -9999 -9999 0.0
C0G620 2002111906 -9999 -9999 -9999 0.0
C0G620 2002111907 -9999 -9999 -9999 0.0
C0G620 2002111908 -9999 -9999 -9999 0.5
C0G620 2002111909 -9999 -9999 -9999 0.0
C0G620 2002111910 -9999 -9999 -9999 0.5
C0G620 2002111911 -9999 -9999 -9999 0.0
C0G620 2002111912 -9999 -9999 -9999 0.0
C0G620 2002111913 -9999 -9999 -9999 0.0
C0G620 2002111914 -9999 -9999 -9999 0.0
C0G620 2002111915 -9999 -9999 -9999 0.0
C0G620 2002111916 -9999 -9999 -9999 0.0
C0G620 2002111917 -9999 -9999 -9999 0.0
C0G620 2002111918 -9999 -9999 -9999 0.0
C0G620 2002111919 -9999 -9999 -9999 0.0
C0G620 2002111920 -9999 -9999 -9999 0.0
C0G620 2002111921 -9999 -9999 -9999 0.0
C0G620 2002111922 -9999 -9999 -9999 0.0
C0G620 2002111923 -9999 -9999 -9999 0.0
C0G620 2002111924 -9999 -9999 -9999 0.0
C0G620 2002112001 -9999 -9999 -9999 0.0
C0G620 2002112002 -9999 -9999 -9999 0.0
C0G620 2002112003 -9999 -9999 -9999 0.0
C0G620 2002112004 -9999 -9999 -9999 0.0
C0G620 2002112005 -9999 -9999 -9999 0.0
C0G620 2002112006 -9999 -9999 -9999 0.0
C0G620 2002112007 -9999 -9999 -9999 0.0
C0G620 2002112008 -9999 -9999 -9999 0.0
C0G620 2002112009 -9999 -9999 -9999 0.0
C0G620 2002112010 -9999 -9999 -9999 0.0
C0G620 2002112011 -9999 -9999 -9999 0.0
C0G620 2002112012 -9999 -9999 -9999 0.0
C0G620 2002112013 -9999 -9999 -9999 0.0
C0G620 2002112014 -9999 -9999 -9999 0.0
C0G620 2002112015 -9999 -9999 -9999 0.0
C0G620 2002112016 -9999 -9999 -9999 0.0
C0G620 2002112017 -9999 -9999 -9999 0.0
C0G620 2002112018 -9999 -9999 -9999 0.0
C0G620 2002112019 -9999 -9999 -9999 0.0
C0G620 2002112020 -9999 -9999 -9999 0.0
C0G620 2002112021 -9999 -9999 -9999 0.0
C0G620 2002112022 -9999 -9999 -9999 0.0
C0G620 2002112023 -9999 -9999 -9999 0.0
C0G620 2002112024 -9999 -9999 -9999 0.0
C0G620 2002112101 -9999 -9999 -9999 0.0
C0G620 2002112102 -9999 -9999 -9999 0.0
C0G620 2002112103 -9999 -9999 -9999 0.0
C0G620 2002112104 -9999 -9999 -9999 0.0
C0G620 2002112105 -9999 -9999 -9999 0.0
C0G620 2002112106 -9999 -9999 -9999 0.0
C0G620 2002112107 -9999 -9999 -9999 0.0
C0G620 2002112108 -9999 -9999 -9999 0.0
C0G620 2002112109 -9999 -9999 -9999 0.0
C0G620 2002112110 -9999 -9999 -9999 0.0
C0G620 2002112111 -9999 -9999 -9999 0.0
C0G620 2002112112 -9999 -9999 -9999 0.0
C0G620 2002112113 -9999 -9999 -9999 0.0
C0G620 2002112114 -9999 -9999 -9999 0.0
C0G620 2002112115 -9999 -9999 -9999 0.0
C0G620 2002112116 -9999 -9999 -9999 0.0
C0G620 2002112117 -9999 -9999 -9999 0.0
C0G620 2002112118 -9999 -9999 -9999 0.0
C0G620 2002112119 -9999 -9999 -9999 0.0
C0G620 2002112120 -9999 -9999 -9999 0.0
C0G620 2002112121 -9999 -9999 -9999 0.0
C0G620 2002112122 -9999 -9999 -9999 0.0
C0G620 2002112123 -9999 -9999 -9999 0.0
C0G620 2002112124 -9999 -9999 -9999 0.0
C0G620 2002112201 -9999 -9999 -9999 0.0
C0G620 2002112202 -9999 -9999 -9999 0.0
C0G620 2002112203 -9999 -9999 -9999 0.0
C0G620 2002112204 -9999 -9999 -9999 0.0
C0G620 2002112205 -9999 -9999 -9999 0.0
C0G620 2002112206 -9999 -9999 -9999 0.0
C0G620 2002112207 -9999 -9999 -9999 0.0
C0G620 2002112208 -9999 -9999 -9999 0.0
C0G620 2002112209 -9999 -9999 -9999 0.0
C0G620 2002112210 -9999 -9999 -9999 0.0
C0G620 2002112211 -9999 -9999 -9999 0.0
C0G620 2002112212 -9999 -9999 -9999 0.0
C0G620 2002112213 -9999 -9999 -9999 0.0
C0G620 2002112214 -9999 -9999 -9999 0.0
C0G620 2002112215 -9999 -9999 -9999 0.0
C0G620 2002112216 -9999 -9999 -9999 0.0
C0G620 2002112217 -9999 -9999 -9999 0.0
C0G620 2002112218 -9999 -9999 -9999 0.0
C0G620 2002112219 -9999 -9999 -9999 0.0
C0G620 2002112220 -9999 -9999 -9999 0.0
C0G620 2002112221 -9999 -9999 -9999 0.0
C0G620 2002112222 -9999 -9999 -9999 0.0
C0G620 2002112223 -9999 -9999 -9999 0.0
C0G620 2002112224 -9999 -9999 -9999 0.0
C0G620 2002112301 -9999 -9999 -9999 0.0
C0G620 2002112302 -9999 -9999 -9999 0.0
C0G620 2002112303 -9999 -9999 -9999 0.0
C0G620 2002112304 -9999 -9999 -9999 0.0
C0G620 2002112305 -9999 -9999 -9999 0.0
C0G620 2002112306 -9999 -9999 -9999 0.0
C0G620 2002112307 -9999 -9999 -9999 0.0
C0G620 2002112308 -9999 -9999 -9999 0.0
C0G620 2002112309 -9999 -9999 -9999 0.0
C0G620 2002112310 -9999 -9999 -9999 0.0
C0G620 2002112311 -9999 -9999 -9999 0.0
C0G620 2002112312 -9999 -9999 -9999 0.0
C0G620 2002112313 -9999 -9999 -9999 0.0
C0G620 2002112314 -9999 -9999 -9999 0.0
C0G620 2002112315 -9999 -9999 -9999 0.0
C0G620 2002112316 -9999 -9999 -9999 0.0
C0G620 2002112317 -9999 -9999 -9999 0.0
C0G620 2002112318 -9999 -9999 -9999 0.0
C0G620 2002112319 -9999 -9999 -9999 0.0
C0G620 2002112320 -9999 -9999 -9999 0.0
C0G620 2002112321 -9999 -9999 -9999 0.0
C0G620 2002112322 -9999 -9999 -9999 0.0
C0G620 2002112323 -9999 -9999 -9999 0.0
C0G620 2002112324 -9999 -9999 -9999 0.0
C0G620 2002112401 -9999 -9999 -9999 0.0
C0G620 2002112402 -9999 -9999 -9999 0.0
C0G620 2002112403 -9999 -9999 -9999 0.0
C0G620 2002112404 -9999 -9999 -9999 0.0
C0G620 2002112405 -9999 -9999 -9999 0.0
C0G620 2002112406 -9999 -9999 -9999 0.0
C0G620 2002112407 -9999 -9999 -9999 0.0
C0G620 2002112408 -9999 -9999 -9999 0.0
C0G620 2002112409 -9999 -9999 -9999 0.0
C0G620 2002112410 -9999 -9999 -9999 0.0
C0G620 2002112411 -9999 -9999 -9999 0.0
C0G620 2002112412 -9999 -9999 -9999 0.0
C0G620 2002112413 -9999 -9999 -9999 0.0
C0G620 2002112414 -9999 -9999 -9999 0.0
C0G620 2002112415 -9999 -9999 -9999 0.0
C0G620 2002112416 -9999 -9999 -9999 0.0
C0G620 2002112417 -9999 -9999 -9999 0.0
C0G620 2002112418 -9999 -9999 -9999 0.0
C0G620 2002112419 -9999 -9999 -9999 0.0
C0G620 2002112420 -9999 -9999 -9999 0.0
C0G620 2002112421 -9999 -9999 -9999 0.0
C0G620 2002112422 -9999 -9999 -9999 0.0
C0G620 2002112423 -9999 -9999 -9999 0.0
C0G620 2002112424 -9999 -9999 -9999 0.0
C0G620 2002112501 -9999 -9999 -9999 0.0
C0G620 2002112502 -9999 -9999 -9999 0.0
C0G620 2002112503 -9999 -9999 -9999 0.0
C0G620 2002112504 -9999 -9999 -9999 0.0
C0G620 2002112505 -9999 -9999 -9999 0.0
C0G620 2002112506 -9999 -9999 -9999 0.0
C0G620 2002112507 -9999 -9999 -9999 0.0
C0G620 2002112508 -9999 -9999 -9999 0.0
C0G620 2002112509 -9999 -9999 -9999 0.0
C0G620 2002112510 -9999 -9999 -9999 0.0
C0G620 2002112511 -9999 -9999 -9999 0.0
C0G620 2002112512 -9999 -9999 -9999 0.0
C0G620 2002112513 -9999 -9999 -9999 0.0
C0G620 2002112514 -9999 -9999 -9999 0.0
C0G620 2002112515 -9999 -9999 -9999 0.0
C0G620 2002112516 -9999 -9999 -9999 0.0
C0G620 2002112517 -9999 -9999 -9999 0.0
C0G620 2002112518 -9999 -9999 -9999 0.0
C0G620 2002112519 -9999 -9999 -9999 0.0
C0G620 2002112520 -9999 -9999 -9999 0.0
C0G620 2002112521 -9999 -9999 -9999 0.0
C0G620 2002112522 -9999 -9999 -9999 0.0
C0G620 2002112523 -9999 -9999 -9999 0.0
C0G620 2002112524 -9999 -9999 -9999 0.0
C0G620 2002112601 -9999 -9999 -9999 0.0
C0G620 2002112602 -9999 -9999 -9999 0.0
C0G620 2002112603 -9999 -9999 -9999 0.0
C0G620 2002112604 -9999 -9999 -9999 0.0
C0G620 2002112605 -9999 -9999 -9999 0.0
C0G620 2002112606 -9999 -9999 -9999 0.0
C0G620 2002112607 -9999 -9999 -9999 0.0
C0G620 2002112608 -9999 -9999 -9999 0.0
C0G620 2002112609 -9999 -9999 -9999 0.0
C0G620 2002112610 -9999 -9999 -9999 0.0
C0G620 2002112611 -9999 -9999 -9999 0.0
C0G620 2002112612 -9999 -9999 -9999 0.0
C0G620 2002112613 -9999 -9999 -9999 0.0
C0G620 2002112614 -9999 -9999 -9999 0.0
C0G620 2002112615 -9999 -9999 -9999 0.0
C0G620 2002112616 -9999 -9999 -9999 0.0
C0G620 2002112617 -9999 -9999 -9999 0.0
C0G620 2002112618 -9999 -9999 -9999 0.0
C0G620 2002112619 -9999 -9999 -9999 0.0
C0G620 2002112620 -9999 -9999 -9999 0.0
C0G620 2002112621 -9999 -9999 -9999 0.0
C0G620 2002112622 -9999 -9999 -9999 0.0
C0G620 2002112623 -9999 -9999 -9999 0.0
C0G620 2002112624 -9999 -9999 -9999 0.0
C0G620 2002112701 -9999 -9999 -9999 0.0
C0G620 2002112702 -9999 -9999 -9999 0.0
C0G620 2002112703 -9999 -9999 -9999 0.0
C0G620 2002112704 -9999 -9999 -9999 0.0
C0G620 2002112705 -9999 -9999 -9999 0.0
C0G620 2002112706 -9999 -9999 -9999 0.0
C0G620 2002112707 -9999 -9999 -9999 0.0
C0G620 2002112708 -9999 -9999 -9999 0.0
C0G620 2002112709 -9999 -9999 -9999 0.0
C0G620 2002112710 -9999 -9999 -9999 0.0
C0G620 2002112711 -9999 -9999 -9999 0.0
C0G620 2002112712 -9999 -9999 -9999 0.0
C0G620 2002112713 -9999 -9999 -9999 0.0
C0G620 2002112714 -9999 -9999 -9999 0.0
C0G620 2002112715 -9999 -9999 -9999 0.0
C0G620 2002112716 -9999 -9999 -9999 0.0
C0G620 2002112717 -9999 -9999 -9999 0.0
C0G620 2002112718 -9999 -9999 -9999 0.0
C0G620 2002112719 -9999 -9999 -9999 0.0
C0G620 2002112720 -9999 -9999 -9999 0.0
C0G620 2002112721 -9999 -9999 -9999 0.0
C0G620 2002112722 -9999 -9999 -9999 0.0
C0G620 2002112723 -9999 -9999 -9999 0.0
C0G620 2002112724 -9999 -9999 -9999 0.0
C0G620 2002112801 -9999 -9999 -9999 0.0
C0G620 2002112802 -9999 -9999 -9999 0.0
C0G620 2002112803 -9999 -9999 -9999 0.0
C0G620 2002112804 -9999 -9999 -9999 0.0
C0G620 2002112805 -9999 -9999 -9999 0.0
C0G620 2002112806 -9999 -9999 -9999 0.0
C0G620 2002112807 -9999 -9999 -9999 0.0
C0G620 2002112808 -9999 -9999 -9999 0.0
C0G620 2002112809 -9999 -9999 -9999 0.0
C0G620 2002112810 -9999 -9999 -9999 0.0
C0G620 2002112811 -9999 -9999 -9999 0.0
C0G620 2002112812 -9999 -9999 -9999 0.0
C0G620 2002112813 -9999 -9999 -9999 0.0
C0G620 2002112814 -9999 -9999 -9999 0.0
C0G620 2002112815 -9999 -9999 -9999 0.0
C0G620 2002112816 -9999 -9999 -9999 0.0
C0G620 2002112817 -9999 -9999 -9999 0.0
C0G620 2002112818 -9999 -9999 -9999 0.0
C0G620 2002112819 -9999 -9999 -9999 0.0
C0G620 2002112820 -9999 -9999 -9999 0.0
C0G620 2002112821 -9999 -9999 -9999 0.0
C0G620 2002112822 -9999 -9999 -9999 0.0
C0G620 2002112823 -9999 -9999 -9999 0.0
C0G620 2002112824 -9999 -9999 -9999 0.0
C0G620 2002112901 -9999 -9999 -9999 0.0
C0G620 2002112902 -9999 -9999 -9999 0.5
C0G620 2002112903 -9999 -9999 -9999 5.5
C0G620 2002112904 -9999 -9999 -9999 1.5
C0G620 2002112905 -9999 -9999 -9999 0.5
C0G620 2002112906 -9999 -9999 -9999 0.5
C0G620 2002112907 -9999 -9999 -9999 0.0
C0G620 2002112908 -9999 -9999 -9999 0.0
C0G620 2002112909 -9999 -9999 -9999 0.0
C0G620 2002112910 -9999 -9999 -9999 0.0
C0G620 2002112911 -9999 -9999 -9999 0.0
C0G620 2002112912 -9999 -9999 -9999 0.0
C0G620 2002112913 -9999 -9999 -9999 0.0
C0G620 2002112914 -9999 -9999 -9999 0.0
C0G620 2002112915 -9999 -9999 -9999 0.0
C0G620 2002112916 -9999 -9999 -9999 0.0
C0G620 2002112917 -9999 -9999 -9999 0.0
C0G620 2002112918 -9999 -9999 -9999 0.0
C0G620 2002112919 -9999 -9999 -9999 0.0
C0G620 2002112920 -9999 -9999 -9999 0.0
C0G620 2002112921 -9999 -9999 -9999 0.0
C0G620 2002112922 -9999 -9999 -9999 0.0
C0G620 2002112923 -9999 -9999 -9999 0.0
C0G620 2002112924 -9999 -9999 -9999 0.0
C0G620 2002113001 -9999 -9999 -9999 0.0
C0G620 2002113002 -9999 -9999 -9999 0.0
C0G620 2002113003 -9999 -9999 -9999 0.0
C0G620 2002113004 -9999 -9999 -9999 0.0
C0G620 2002113005 -9999 -9999 -9999 0.0
C0G620 2002113006 -9999 -9999 -9999 0.0
C0G620 2002113007 -9999 -9999 -9999 0.0
C0G620 2002113008 -9999 -9999 -9999 0.0
C0G620 2002113009 -9999 -9999 -9999 0.0
C0G620 2002113010 -9999 -9999 -9999 0.0
C0G620 2002113011 -9999 -9999 -9999 0.0
C0G620 2002113012 -9999 -9999 -9999 0.0
C0G620 2002113013 -9999 -9999 -9999 0.0
C0G620 2002113014 -9999 -9999 -9999 0.0
C0G620 2002113015 -9999 -9999 -9999 0.0
C0G620 2002113016 -9999 -9999 -9999 0.0
C0G620 2002113017 -9999 -9999 -9999 0.0
C0G620 2002113018 -9999 -9999 -9999 0.0
C0G620 2002113019 -9999 -9999 -9999 0.0
C0G620 2002113020 -9999 -9999 -9999 0.0
C0G620 2002113021 -9999 -9999 -9999 0.0
C0G620 2002113022 -9999 -9999 -9999 0.0
C0G620 2002113023 -9999 -9999 -9999 0.0
C0G620 2002113024 -9999 -9999 -9999 0.0
C0G650 2002110101 23.4 -9997 0.2 0.0
C0G650 2002110102 22.9 -9997 0.0 0.0
C0G650 2002110103 22.5 -9997 0.0 0.0
C0G650 2002110104 22.6 -9997 0.0 0.0
C0G650 2002110105 22.8 -9997 0.0 0.0
C0G650 2002110106 22.7 -9997 0.4 0.0
C0G650 2002110107 22.9 -9997 1.0 0.0
C0G650 2002110108 23.6 -9997 0.7 0.0
C0G650 2002110109 24.6 -9997 0.8 0.0
C0G650 2002110110 25.4 -9997 0.3 0.0
C0G650 2002110111 26.9 -9997 2.0 0.0
C0G650 2002110112 28.6 -9997 0.7 0.0
C0G650 2002110113 28.8 -9997 0.5 0.0
C0G650 2002110114 28.7 -9997 0.3 0.0
C0G650 2002110115 27.9 -9997 0.8 0.0
C0G650 2002110116 26.4 -9997 0.6 0.0
C0G650 2002110117 24.6 -9997 0.9 0.0
C0G650 2002110118 23.2 -9997 0.9 0.0
C0G650 2002110119 22.5 -9997 0.3 0.0
C0G650 2002110120 22.3 -9997 0.4 0.0
C0G650 2002110121 22.2 -9997 0.0 0.0
C0G650 2002110122 22.0 -9997 0.0 0.0
C0G650 2002110123 21.9 -9997 0.0 0.0
C0G650 2002110124 21.9 -9997 0.4 0.0
C0G650 2002110201 21.8 -9997 0.2 0.0
C0G650 2002110202 21.7 -9997 0.0 0.0
C0G650 2002110203 21.7 -9997 0.0 0.0
C0G650 2002110204 21.2 -9997 0.8 0.0
C0G650 2002110205 20.7 -9997 0.3 0.0
C0G650 2002110206 20.4 -9997 0.2 0.0
C0G650 2002110207 20.4 -9997 0.1 0.0
C0G650 2002110208 21.3 -9997 0.5 0.0
C0G650 2002110209 22.2 -9997 0.6 0.0
C0G650 2002110210 23.4 -9997 1.1 0.0
C0G650 2002110211 25.0 -9997 0.5 0.0
C0G650 2002110212 25.8 -9997 1.3 0.0
C0G650 2002110213 25.2 -9997 1.4 0.0
C0G650 2002110214 24.5 -9997 1.6 0.0
C0G650 2002110215 23.7 -9997 1.3 0.0
C0G650 2002110216 22.4 -9997 1.3 0.0
C0G650 2002110217 21.5 -9997 0.9 0.0
C0G650 2002110218 20.8 -9997 0.1 0.0
C0G650 2002110219 19.7 -9997 0.0 0.0
C0G650 2002110220 19.2 -9997 0.0 0.0
C0G650 2002110221 18.6 -9997 0.0 0.0
C0G650 2002110222 18.1 -9997 0.0 0.0
C0G650 2002110223 17.8 -9997 0.1 0.0
C0G650 2002110224 17.6 -9997 0.0 0.0
C0G650 2002110301 17.2 -9997 0.0 0.0
C0G650 2002110302 17.3 -9997 0.0 0.0
C0G650 2002110303 17.3 -9997 0.0 0.0
C0G650 2002110304 17.4 -9997 0.1 0.0
C0G650 2002110305 17.0 -9997 0.0 0.0
C0G650 2002110306 17.6 -9997 0.2 0.0
C0G650 2002110307 18.2 -9997 0.1 0.0
C0G650 2002110308 19.3 -9997 0.6 0.0
C0G650 2002110309 21.4 -9997 1.4 0.0
C0G650 2002110310 22.4 -9997 1.2 0.0
C0G650 2002110311 23.3 -9997 1.4 0.0
C0G650 2002110312 24.3 -9997 0.9 0.0
C0G650 2002110313 24.9 -9997 1.1 0.0
C0G650 2002110314 24.5 -9997 1.7 0.0
C0G650 2002110315 23.8 -9997 2.2 0.0
C0G650 2002110316 23.1 -9997 1.1 0.0
C0G650 2002110317 21.7 -9997 1.2 0.0
C0G650 2002110318 -9997 -9997 0.9 0.0
C0G650 2002110319 18.9 -9997 0.0 0.0
C0G650 2002110320 18.4 -9997 0.3 0.0
C0G650 2002110321 18.4 -9997 0.1 0.0
C0G650 2002110322 17.5 -9997 0.0 0.0
C0G650 2002110323 -9997 -9997 0.1 0.0
C0G650 2002110324 13.9 -9997 0.0 0.0
C0G650 2002110401 13.9 -9997 0.0 0.0
C0G650 2002110402 13.3 -9997 0.0 0.0
C0G650 2002110403 12.7 -9997 0.0 0.0
C0G650 2002110404 14.7 -9997 0.0 0.0
C0G650 2002110405 14.2 -9997 0.0 0.0
C0G650 2002110406 15.5 -9997 0.3 0.0
C0G650 2002110407 15.8 -9997 0.0 0.0
C0G650 2002110408 17.8 -9997 0.0 0.0
C0G650 2002110409 20.2 -9997 0.4 0.0
C0G650 2002110410 21.6 -9997 1.1 0.0
C0G650 2002110411 23.7 -9997 1.2 0.0
C0G650 2002110412 24.6 -9997 0.8 0.0
C0G650 2002110413 25.9 -9997 0.1 0.0
C0G650 2002110414 25.2 -9997 1.0 0.0
C0G650 2002110415 24.1 -9997 1.1 0.0
C0G650 2002110416 22.8 -9997 0.7 0.0
C0G650 2002110417 21.2 -9997 0.3 0.0
C0G650 2002110418 20.0 -9997 0.4 0.0
C0G650 2002110419 18.5 -9997 0.0 0.0
C0G650 2002110420 17.9 -9997 0.1 0.0
C0G650 2002110421 17.2 -9997 0.1 0.0
C0G650 2002110422 16.4 -9997 0.1 0.0
C0G650 2002110423 15.4 -9997 0.0 0.0
C0G650 2002110424 14.4 -9997 0.0 0.0
C0G650 2002110501 14.0 -9997 0.0 0.0
C0G650 2002110502 13.7 -9997 0.0 0.0
C0G650 2002110503 13.5 -9997 0.0 0.0
C0G650 2002110504 13.9 -9997 0.0 0.0
C0G650 2002110505 13.4 -9997 0.0 0.0
C0G650 2002110506 13.0 -9997 0.0 0.0
C0G650 2002110507 14.2 -9997 0.0 0.0
C0G650 2002110508 19.0 -9997 0.0 0.0
C0G650 2002110509 21.6 -9997 0.0 0.0
C0G650 2002110510 22.9 -9997 0.5 0.0
C0G650 2002110511 25.0 -9997 0.0 0.0
C0G650 2002110512 26.8 -9997 0.5 0.0
C0G650 2002110513 27.3 -9997 0.5 0.0
C0G650 2002110514 26.9 -9997 0.3 0.0
C0G650 2002110515 26.2 -9997 0.1 0.0
C0G650 2002110516 24.7 -9997 0.1 0.0
C0G650 2002110517 23.2 -9997 0.0 0.0
C0G650 2002110518 21.1 -9997 0.0 0.0
C0G650 2002110519 19.1 -9997 0.0 0.0
C0G650 2002110520 18.4 -9997 0.0 0.0
C0G650 2002110521 17.6 -9997 0.0 0.0
C0G650 2002110522 17.7 -9997 0.0 0.0
C0G650 2002110523 17.2 -9997 0.0 0.0
C0G650 2002110524 16.8 -9997 0.0 0.0
C0G650 2002110601 16.7 -9997 0.0 0.0
C0G650 2002110602 16.9 -9997 0.0 0.0
C0G650 2002110603 17.8 -9997 0.0 0.0
C0G650 2002110604 18.1 -9997 0.0 0.0
C0G650 2002110605 16.9 -9997 0.0 0.0
C0G650 2002110606 16.6 -9997 0.0 0.0
C0G650 2002110607 17.4 -9997 0.0 0.0
C0G650 2002110608 23.2 -9997 0.0 0.0
C0G650 2002110609 25.7 -9997 0.0 0.0
C0G650 2002110610 26.5 -9997 0.2 0.0
C0G650 2002110611 27.2 -9997 0.5 0.0
C0G650 2002110612 29.7 -9997 0.2 0.0
C0G650 2002110613 29.8 -9997 0.2 0.0
C0G650 2002110614 29.1 -9997 0.5 0.0
C0G650 2002110615 27.8 -9997 0.6 0.0
C0G650 2002110616 26.6 -9997 0.3 0.0
C0G650 2002110617 24.3 -9997 0.0 0.0
C0G650 2002110618 22.2 -9997 0.0 0.0
C0G650 2002110619 20.5 -9997 0.0 0.0
C0G650 2002110620 19.4 -9997 0.0 0.0
C0G650 2002110621 19.7 -9997 0.0 0.0
C0G650 2002110622 18.7 -9997 0.0 0.0
C0G650 2002110623 19.3 -9997 0.0 0.0
C0G650 2002110624 19.4 -9997 0.0 0.0
C0G650 2002110701 18.5 -9997 0.0 0.0
C0G650 2002110702 18.0 -9997 0.0 0.0
C0G650 2002110703 18.5 -9997 0.0 0.0
C0G650 2002110704 19.2 -9997 0.0 0.0
C0G650 2002110705 19.8 -9997 0.0 0.0
C0G650 2002110706 19.6 -9997 0.0 0.0
C0G650 2002110707 -9997 -9997 0.0 0.0
C0G650 2002110708 23.2 -9997 0.0 0.0
C0G650 2002110709 26.1 -9997 0.0 0.0
C0G650 2002110710 28.0 -9997 0.1 0.0
C0G650 2002110711 27.4 -9997 0.3 0.0
C0G650 2002110712 27.6 -9997 0.1 0.0
C0G650 2002110713 27.4 -9997 0.1 0.0
C0G650 2002110714 28.2 -9997 0.0 0.0
C0G650 2002110715 27.7 -9997 0.3 0.0
C0G650 2002110716 26.8 -9997 0.0 0.0
C0G650 2002110717 25.9 -9997 0.4 0.0
C0G650 2002110718 24.6 -9997 0.1 0.0
C0G650 2002110719 23.6 -9997 0.0 0.0
C0G650 2002110720 22.7 -9997 0.0 0.0
C0G650 2002110721 -9997 -9997 -9997 0.0
C0G650 2002110722 20.1 -9997 0.0 0.0
C0G650 2002110723 19.4 -9997 0.0 0.0
C0G650 2002110724 19.3 -9997 0.0 0.0
C0G650 2002110801 19.1 -9997 0.0 0.0
C0G650 2002110802 18.7 -9997 0.0 0.0
C0G650 2002110803 19.0 -9997 0.0 0.0
C0G650 2002110804 17.8 -9997 0.0 0.0
C0G650 2002110805 19.7 -9997 0.0 0.0
C0G650 2002110806 18.7 -9997 0.0 0.0
C0G650 2002110807 18.6 -9997 0.0 0.0
C0G650 2002110808 22.7 -9997 0.7 0.0
C0G650 2002110809 24.3 -9997 2.1 0.0
C0G650 2002110810 26.9 -9997 1.1 0.0
C0G650 2002110811 28.2 -9997 1.1 0.0
C0G650 2002110812 29.4 -9997 0.6 0.0
C0G650 2002110813 -9997 -9997 0.7 0.0
C0G650 2002110814 28.9 -9997 2.2 0.0
C0G650 2002110815 -9997 -9997 -9997 0.0
C0G650 2002110816 -9997 -9997 1.0 0.0
C0G650 2002110817 25.0 -9997 0.4 0.0
C0G650 2002110818 23.2 -9997 0.8 0.0
C0G650 2002110819 22.2 -9997 0.9 0.0
C0G650 2002110820 21.2 -9997 0.1 0.0
C0G650 2002110821 21.0 -9997 -9997 0.0
C0G650 2002110822 20.1 -9997 0.0 0.0
C0G650 2002110823 18.7 -9997 0.0 0.0
C0G650 2002110824 19.6 -9997 0.0 0.0
C0G650 2002110901 18.6 -9997 0.0 0.0
C0G650 2002110902 18.4 -9997 0.0 0.0
C0G650 2002110903 18.5 -9997 0.0 0.0
C0G650 2002110904 16.6 -9997 0.0 0.0
C0G650 2002110905 17.3 -9997 0.0 0.0
C0G650 2002110906 18.1 -9997 0.0 0.0
C0G650 2002110907 17.4 -9997 0.5 0.0
C0G650 2002110908 19.4 -9997 0.0 0.0
C0G650 2002110909 21.6 -9997 0.2 0.0
C0G650 2002110910 22.2 -9997 0.2 0.0
C0G650 2002110911 24.1 -9997 0.8 0.0
C0G650 2002110912 26.0 -9997 0.1 0.0
C0G650 2002110913 26.3 -9997 0.4 0.0
C0G650 2002110914 28.2 -9997 0.6 0.0
C0G650 2002110915 26.3 -9997 -9997 0.0
C0G650 2002110916 24.8 -9997 0.3 0.0
C0G650 2002110917 23.0 -9997 0.0 0.0
C0G650 2002110918 22.0 -9997 0.0 0.0
C0G650 2002110919 21.0 -9997 0.0 0.0
C0G650 2002110920 19.6 -9997 0.0 0.0
C0G650 2002110921 19.6 -9997 0.0 0.0
C0G650 2002110922 19.6 -9997 0.0 0.0
C0G650 2002110923 19.3 -9997 0.0 0.0
C0G650 2002110924 18.8 -9997 -9997 0.0
C0G650 2002111001 18.0 -9997 0.0 0.0
C0G650 2002111002 17.4 -9997 0.0 0.0
C0G650 2002111003 17.7 -9997 0.0 0.0
C0G650 2002111004 17.7 -9997 0.0 0.0
C0G650 2002111005 17.6 -9997 0.0 0.0
C0G650 2002111006 16.4 -9997 0.0 0.0
C0G650 2002111007 17.4 -9997 0.0 0.0
C0G650 2002111008 20.5 -9997 0.0 0.0
C0G650 2002111009 23.5 -9997 0.0 0.0
C0G650 2002111010 25.5 -9997 0.4 0.0
C0G650 2002111011 26.4 -9997 0.0 0.0
C0G650 2002111012 27.8 -9997 0.7 0.0
C0G650 2002111013 27.8 -9997 1.2 0.0
C0G650 2002111014 27.6 -9997 1.2 0.0
C0G650 2002111015 25.7 -9997 0.5 0.0
C0G650 2002111016 24.2 -9997 0.8 0.0
C0G650 2002111017 23.2 -9997 0.0 0.0
C0G650 2002111018 21.7 -9997 0.0 0.0
C0G650 2002111019 20.8 -9997 0.0 0.0
C0G650 2002111020 20.5 -9997 0.0 0.0
C0G650 2002111021 19.9 -9997 0.0 0.0
C0G650 2002111022 20.4 -9997 0.0 0.0
C0G650 2002111023 20.3 -9997 0.0 0.0
C0G650 2002111024 -9997 -9997 0.0 0.0
C0G650 2002111101 20.7 -9997 0.0 0.0
C0G650 2002111102 -9997 -9997 0.0 0.0
C0G650 2002111103 20.5 -9997 0.0 0.0
C0G650 2002111104 19.6 -9997 0.0 0.0
C0G650 2002111105 -9997 -9997 -9997 0.0
C0G650 2002111106 20.6 -9997 0.0 0.0
C0G650 2002111107 20.6 -9997 0.0 0.0
C0G650 2002111108 22.6 -9997 0.0 0.0
C0G650 2002111109 25.7 -9997 0.0 0.0
C0G650 2002111110 -9997 -9997 -9997 0.0
C0G650 2002111111 26.6 -9997 0.8 0.0
C0G650 2002111112 29.0 -9997 0.3 0.0
C0G650 2002111113 29.3 -9997 0.3 0.0
C0G650 2002111114 30.3 -9997 0.2 0.0
C0G650 2002111115 29.5 -9997 0.6 0.0
C0G650 2002111116 27.9 -9997 0.0 0.0
C0G650 2002111117 25.2 -9997 0.1 0.0
C0G650 2002111118 23.5 -9997 0.0 0.0
C0G650 2002111119 21.9 -9997 0.0 0.0
C0G650 2002111120 20.6 -9997 0.0 0.0
C0G650 2002111121 19.8 -9997 0.0 0.0
C0G650 2002111122 20.4 -9997 0.0 0.0
C0G650 2002111123 20.5 -9997 0.0 0.0
C0G650 2002111124 21.0 -9997 0.0 0.0
C0G650 2002111201 21.2 -9997 0.0 0.0
C0G650 2002111202 22.0 -9997 0.0 0.0
C0G650 2002111203 21.4 -9997 0.0 0.0
C0G650 2002111204 21.3 -9997 0.0 0.0
C0G650 2002111205 20.8 -9997 0.0 0.0
C0G650 2002111206 20.4 -9997 0.0 0.0
C0G650 2002111207 21.7 -9997 0.0 0.0
C0G650 2002111208 25.0 -9997 0.0 0.0
C0G650 2002111209 27.4 -9997 0.0 0.0
C0G650 2002111210 28.9 -9997 0.1 0.0
C0G650 2002111211 -9997 -9997 0.5 0.0
C0G650 2002111212 29.4 -9997 0.1 0.0
C0G650 2002111213 29.4 -9997 0.3 0.0
C0G650 2002111214 28.7 -9997 0.3 0.0
C0G650 2002111215 28.2 -9997 0.2 0.0
C0G650 2002111216 27.6 -9997 0.3 0.0
C0G650 2002111217 26.8 -9997 0.3 0.0
C0G650 2002111218 26.2 -9997 0.0 0.0
C0G650 2002111219 25.0 -9997 0.0 0.0
C0G650 2002111220 -9997 -9997 -9997 0.0
C0G650 2002111221 -9997 -9997 -9997 0.0
C0G650 2002111222 -9997 -9997 -9997 0.0
C0G650 2002111223 -9997 -9997 -9997 0.0
C0G650 2002111224 -9997 -9997 -9997 0.0
C0G650 2002111301 -9997 -9997 -9997 0.0
C0G650 2002111302 -9997 -9997 -9997 0.0
C0G650 2002111303 18.6 -9997 0.0 0.0
C0G650 2002111304 19.4 -9997 0.0 0.0
C0G650 2002111305 18.7 -9997 0.0 0.0
C0G650 2002111306 18.4 -9997 0.0 0.0
C0G650 2002111307 20.5 -9997 0.0 0.0
C0G650 2002111308 22.3 -9997 0.2 0.0
C0G650 2002111309 26.1 -9997 0.0 0.0
C0G650 2002111310 27.8 -9997 0.9 0.0
C0G650 2002111311 28.5 -9997 0.6 0.0
C0G650 2002111312 29.2 -9997 1.1 0.0
C0G650 2002111313 30.2 -9997 1.0 0.0
C0G650 2002111314 30.6 -9997 0.1 0.0
C0G650 2002111315 -9997 -9997 0.7 0.0
C0G650 2002111316 26.6 -9997 0.0 0.0
C0G650 2002111317 25.3 -9997 0.0 0.0
C0G650 2002111318 -9997 -9997 0.0 0.0
C0G650 2002111319 22.9 -9997 -9997 0.0
C0G650 2002111320 21.6 -9997 0.0 0.0
C0G650 2002111321 -9997 -9997 -9997 0.0
C0G650 2002111322 20.8 -9997 0.0 0.0
C0G650 2002111323 20.2 -9997 0.0 0.0
C0G650 2002111324 20.0 -9997 0.0 0.0
C0G650 2002111401 19.8 -9997 0.0 0.0
C0G650 2002111402 19.5 -9997 -9997 0.0
C0G650 2002111403 19.3 -9997 0.0 0.0
C0G650 2002111404 19.8 -9997 0.0 0.0
C0G650 2002111405 18.9 -9997 0.0 0.0
C0G650 2002111406 18.4 -9997 0.0 0.0
C0G650 2002111407 19.3 -9997 0.0 0.0
C0G650 2002111408 22.3 -9997 0.0 0.0
C0G650 2002111409 25.2 -9997 0.0 0.0
C0G650 2002111410 27.5 -9997 0.6 0.0
C0G650 2002111411 28.9 -9997 1.4 0.0
C0G650 2002111412 30.8 -9997 1.0 0.0
C0G650 2002111413 30.8 -9997 1.7 0.0
C0G650 2002111414 32.2 -9997 1.1 0.0
C0G650 2002111415 31.4 -9997 1.4 0.0
C0G650 2002111416 29.1 -9997 0.1 0.0
C0G650 2002111417 27.6 -9997 0.0 0.0
C0G650 2002111418 26.0 -9997 0.2 0.0
C0G650 2002111419 25.4 -9997 0.0 0.0
C0G650 2002111420 25.5 -9997 0.0 0.0
C0G650 2002111421 24.6 -9997 0.0 0.0
C0G650 2002111422 24.2 -9997 0.0 0.0
C0G650 2002111423 23.7 -9997 0.0 0.0
C0G650 2002111424 23.2 -9997 0.0 0.0
C0G650 2002111501 23.0 -9997 0.0 0.0
C0G650 2002111502 -9997 -9997 -9997 0.0
C0G650 2002111503 22.0 -9997 -9997 0.0
C0G650 2002111504 21.5 -9997 0.0 0.0
C0G650 2002111505 21.2 -9997 0.0 0.0
C0G650 2002111506 20.6 -9997 0.0 0.0
C0G650 2002111507 21.2 -9997 0.0 0.0
C0G650 2002111508 25.0 -9997 0.0 0.0
C0G650 2002111509 28.7 -9997 0.1 0.0
C0G650 2002111510 29.7 -9997 0.3 0.0
C0G650 2002111511 28.1 -9997 0.1 0.0
C0G650 2002111512 29.2 -9997 0.8 0.0
C0G650 2002111513 27.5 -9997 0.7 0.0
C0G650 2002111514 27.7 -9997 0.3 0.0
C0G650 2002111515 28.2 -9997 0.5 0.0
C0G650 2002111516 26.7 -9997 0.3 0.0
C0G650 2002111517 25.8 -9997 0.4 0.0
C0G650 2002111518 24.8 -9997 0.1 0.0
C0G650 2002111519 24.3 -9997 0.0 0.0
C0G650 2002111520 23.9 -9997 0.0 0.0
C0G650 2002111521 23.6 -9997 0.4 0.0
C0G650 2002111522 23.4 -9997 0.3 0.0
C0G650 2002111523 23.1 -9997 0.7 0.0
C0G650 2002111524 22.9 -9997 0.3 0.0
C0G650 2002111601 22.5 -9997 0.3 0.0
C0G650 2002111602 22.0 -9997 0.3 0.0
C0G650 2002111603 21.7 -9997 0.3 0.0
C0G650 2002111604 21.2 -9997 0.1 0.0
C0G650 2002111605 20.9 -9997 0.3 0.0
C0G650 2002111606 20.2 -9997 0.8 0.0
C0G650 2002111607 20.4 -9997 0.2 0.0
C0G650 2002111608 21.1 -9997 0.3 0.0
C0G650 2002111609 22.2 -9997 0.2 0.0
C0G650 2002111610 23.0 -9997 0.9 0.0
C0G650 2002111611 25.2 -9997 0.0 0.0
C0G650 2002111612 24.5 -9997 0.5 0.0
C0G650 2002111613 22.8 -9997 0.3 0.0
C0G650 2002111614 22.8 -9997 1.1 0.0
C0G650 2002111615 21.9 -9997 0.4 0.0
C0G650 2002111616 21.8 -9997 0.2 0.0
C0G650 2002111617 21.9 -9997 0.1 0.0
C0G650 2002111618 21.5 -9997 0.3 0.0
C0G650 2002111619 21.3 -9997 0.0 0.0
C0G650 2002111620 20.9 -9997 0.1 0.0
C0G650 2002111621 20.7 -9997 0.1 0.0
C0G650 2002111622 20.6 -9997 -9997 0.0
C0G650 2002111623 20.1 -9997 0.4 0.0
C0G650 2002111624 19.8 -9997 0.1 0.0
C0G650 2002111701 19.6 -9997 0.1 0.0
C0G650 2002111702 19.0 -9997 0.0 0.0
C0G650 2002111703 18.9 -9997 0.0 0.0
C0G650 2002111704 20.0 -9997 0.0 0.0
C0G650 2002111705 20.1 -9997 0.1 0.0
C0G650 2002111706 20.3 -9997 0.0 0.0
C0G650 2002111707 20.5 -9997 0.0 0.0
C0G650 2002111708 21.3 -9997 0.2 0.0
C0G650 2002111709 22.4 -9997 0.1 0.0
C0G650 2002111710 23.2 -9997 0.6 0.0
C0G650 2002111711 24.1 -9997 0.8 0.0
C0G650 2002111712 25.7 -9997 1.2 0.0
C0G650 2002111713 25.9 -9997 0.4 0.0
C0G650 2002111714 25.6 -9997 0.8 0.0
C0G650 2002111715 23.9 -9997 0.9 0.0
C0G650 2002111716 23.5 -9997 0.6 0.0
C0G650 2002111717 22.6 -9997 0.1 0.0
C0G650 2002111718 21.4 -9997 0.2 0.0
C0G650 2002111719 20.8 -9997 0.3 0.0
C0G650 2002111720 20.2 -9997 0.0 0.0
C0G650 2002111721 20.3 -9997 0.4 0.0
C0G650 2002111722 19.8 -9997 0.0 0.0
C0G650 2002111723 20.0 -9997 0.0 0.0
C0G650 2002111724 19.4 -9997 0.0 0.0
C0G650 2002111801 19.6 -9997 0.1 0.0
C0G650 2002111802 18.9 -9997 0.0 0.0
C0G650 2002111803 19.3 -9997 0.0 0.0
C0G650 2002111804 19.0 -9997 0.0 0.0
C0G650 2002111805 19.6 -9997 0.0 0.0
C0G650 2002111806 19.2 -9997 0.0 0.0
C0G650 2002111807 19.6 -9997 0.1 0.0
C0G650 2002111808 20.6 -9997 0.5 0.0
C0G650 2002111809 22.4 -9997 0.7 0.0
C0G650 2002111810 24.8 -9997 0.2 0.0
C0G650 2002111811 24.4 -9997 0.2 0.0
C0G650 2002111812 25.8 -9997 0.1 0.0
C0G650 2002111813 26.5 -9997 0.4 0.0
C0G650 2002111814 26.4 -9997 0.4 0.0
C0G650 2002111815 24.2 -9997 0.5 0.0
C0G650 2002111816 22.9 -9997 0.4 0.0
C0G650 2002111817 22.0 -9997 0.1 0.0
C0G650 2002111818 21.3 -9997 0.5 0.0
C0G650 2002111819 21.4 -9997 0.4 0.0
C0G650 2002111820 21.0 -9997 0.0 0.0
C0G650 2002111821 20.4 -9997 0.7 0.0
C0G650 2002111822 19.7 -9997 0.0 0.0
C0G650 2002111823 19.9 -9997 0.0 0.0
C0G650 2002111824 19.3 -9997 0.0 0.0
C0G650 2002111901 19.0 -9997 0.0 0.0
C0G650 2002111902 19.1 -9997 0.0 0.0
C0G650 2002111903 19.2 -9997 0.0 0.0
C0G650 2002111904 19.4 -9997 0.0 0.0
C0G650 2002111905 18.9 -9997 0.0 0.0
C0G650 2002111906 18.8 -9997 0.0 0.0
C0G650 2002111907 18.8 -9997 0.4 0.0
C0G650 2002111908 20.4 -9997 0.0 0.0
C0G650 2002111909 20.7 -9997 0.0 0.0
C0G650 2002111910 22.5 -9997 0.3 0.5
C0G650 2002111911 25.2 -9997 0.6 0.0
C0G650 2002111912 26.9 -9997 0.0 0.0
C0G650 2002111913 23.7 -9997 0.6 0.0
C0G650 2002111914 23.9 -9997 0.8 0.0
C0G650 2002111915 24.6 -9997 0.2 0.0
C0G650 2002111916 23.8 -9997 0.3 0.0
C0G650 2002111917 23.4 -9997 0.4 0.0
C0G650 2002111918 22.8 -9997 0.0 0.0
C0G650 2002111919 22.2 -9997 0.0 0.0
C0G650 2002111920 21.4 -9997 0.0 0.0
C0G650 2002111921 20.8 -9997 0.0 0.0
C0G650 2002111922 20.2 -9997 0.0 0.0
C0G650 2002111923 20.2 -9997 0.0 0.0
C0G650 2002111924 19.7 -9997 0.0 0.0
C0G650 2002112001 20.2 -9997 0.0 0.0
C0G650 2002112002 20.1 -9997 0.0 0.0
C0G650 2002112003 20.1 -9997 0.0 0.0
C0G650 2002112004 19.6 -9997 0.0 0.0
C0G650 2002112005 19.9 -9997 0.0 0.0
C0G650 2002112006 20.4 -9997 0.0 0.0
C0G650 2002112007 20.9 -9997 0.1 0.0
C0G650 2002112008 21.9 -9997 0.1 0.0
C0G650 2002112009 24.3 -9997 1.5 0.0
C0G650 2002112010 25.3 -9997 1.0 0.0
C0G650 2002112011 26.3 -9997 0.8 0.0
C0G650 2002112012 27.7 -9997 0.1 0.0
C0G650 2002112013 26.8 -9997 0.4 0.0
C0G650 2002112014 26.6 -9997 0.2 0.0
C0G650 2002112015 27.1 -9997 0.1 0.0
C0G650 2002112016 27.0 -9997 0.2 0.0
C0G650 2002112017 -9997 -9997 0.0 0.0
C0G650 2002112018 24.4 -9997 0.1 0.0
C0G650 2002112019 23.4 -9997 0.0 0.0
C0G650 2002112020 23.0 -9997 0.0 0.0
C0G650 2002112021 23.0 -9997 0.1 0.0
C0G650 2002112022 22.4 -9997 0.0 0.0
C0G650 2002112023 22.3 -9997 0.0 0.0
C0G650 2002112024 22.1 -9997 0.1 0.0
C0G650 2002112101 22.4 -9997 0.0 0.0
C0G650 2002112102 21.9 -9997 0.0 0.0
C0G650 2002112103 21.1 -9997 0.0 0.0
C0G650 2002112104 22.0 -9997 0.1 0.0
C0G650 2002112105 21.8 -9997 0.0 0.0
C0G650 2002112106 21.5 -9997 0.0 0.0
C0G650 2002112107 21.5 -9997 0.0 0.0
C0G650 2002112108 22.6 -9997 0.3 0.0
C0G650 2002112109 24.3 -9997 1.0 0.0
C0G650 2002112110 25.5 -9997 0.4 0.0
C0G650 2002112111 25.7 -9997 1.7 0.0
C0G650 2002112112 25.7 -9997 2.0 0.0
C0G650 2002112113 25.9 -9997 1.2 0.0
C0G650 2002112114 26.0 -9997 0.8 0.0
C0G650 2002112115 25.6 -9997 0.5 0.0
C0G650 2002112116 23.8 -9997 1.9 0.0
C0G650 2002112117 22.3 -9997 1.1 0.0
C0G650 2002112118 21.9 -9997 1.5 0.0
C0G650 2002112119 21.5 -9997 0.3 0.0
C0G650 2002112120 21.0 -9997 0.2 0.0
C0G650 2002112121 20.7 -9997 0.2 0.0
C0G650 2002112122 21.1 -9997 0.1 0.0
C0G650 2002112123 21.1 -9997 0.2 0.0
C0G650 2002112124 20.9 -9997 0.1 0.0
C0G650 2002112201 20.6 -9997 0.1 0.0
C0G650 2002112202 20.5 -9997 0.0 0.0
C0G650 2002112203 20.5 -9997 0.2 0.0
C0G650 2002112204 20.8 -9997 0.1 0.0
C0G650 2002112205 20.9 -9997 0.0 0.0
C0G650 2002112206 21.1 -9997 0.0 0.0
C0G650 2002112207 21.0 -9997 0.0 0.0
C0G650 2002112208 21.7 -9997 0.1 0.0
C0G650 2002112209 23.3 -9997 0.1 0.0
C0G650 2002112210 25.3 -9997 0.0 0.0
C0G650 2002112211 25.6 -9997 1.2 0.0
C0G650 2002112212 26.8 -9997 0.2 0.0
C0G650 2002112213 28.2 -9997 0.2 0.0
C0G650 2002112214 26.5 -9997 0.8 0.0
C0G650 2002112215 26.7 -9997 0.2 0.0
C0G650 2002112216 25.4 -9997 1.3 0.0
C0G650 2002112217 23.9 -9997 0.3 0.0
C0G650 2002112218 22.7 -9997 0.4 0.0
C0G650 2002112219 22.2 -9997 0.3 0.0
C0G650 2002112220 21.4 -9997 0.0 0.0
C0G650 2002112221 20.3 -9997 0.0 0.0
C0G650 2002112222 20.2 -9997 0.0 0.0
C0G650 2002112223 19.7 -9997 0.0 0.0
C0G650 2002112224 19.9 -9997 0.0 0.0
C0G650 2002112301 20.3 -9997 0.0 0.0
C0G650 2002112302 19.7 -9997 0.0 0.0
C0G650 2002112303 18.9 -9997 0.0 0.0
C0G650 2002112304 20.3 -9997 0.7 0.0
C0G650 2002112305 20.1 -9997 0.2 0.0
C0G650 2002112306 19.4 -9997 0.0 0.0
C0G650 2002112307 19.6 -9997 0.0 0.0
C0G650 2002112308 20.8 -9997 0.1 0.0
C0G650 2002112309 23.2 -9997 0.1 0.0
C0G650 2002112310 24.9 -9997 0.3 0.0
C0G650 2002112311 26.8 -9997 0.8 0.0
C0G650 2002112312 26.3 -9997 0.4 0.0
C0G650 2002112313 26.9 -9997 1.0 0.0
C0G650 2002112314 27.1 -9997 0.4 0.0
C0G650 2002112315 26.5 -9997 0.3 0.0
C0G650 2002112316 25.2 -9997 0.5 0.0
C0G650 2002112317 23.5 -9997 0.6 0.0
C0G650 2002112318 22.0 -9997 0.3 0.0
C0G650 2002112319 21.2 -9997 0.1 0.0
C0G650 2002112320 20.5 -9997 0.0 0.0
C0G650 2002112321 20.2 -9997 0.1 0.0
C0G650 2002112322 19.9 -9997 0.0 0.0
C0G650 2002112323 19.8 -9997 0.0 0.0
C0G650 2002112324 19.6 -9997 0.0 0.0
C0G650 2002112401 20.0 -9997 0.0 0.0
C0G650 2002112402 20.1 -9997 0.4 0.0
C0G650 2002112403 20.0 -9997 0.0 0.0
C0G650 2002112404 19.8 -9997 0.1 0.0
C0G650 2002112405 19.8 -9997 0.0 0.0
C0G650 2002112406 19.7 -9997 0.0 0.0
C0G650 2002112407 20.1 -9997 0.4 0.0
C0G650 2002112408 20.8 -9997 0.7 0.0
C0G650 2002112409 21.2 -9997 0.9 0.0
C0G650 2002112410 22.3 -9997 0.7 0.0
C0G650 2002112411 23.5 -9997 1.1 0.0
C0G650 2002112412 24.6 -9997 0.4 0.0
C0G650 2002112413 25.0 -9997 1.0 0.0
C0G650 2002112414 24.1 -9997 1.3 0.0
C0G650 2002112415 23.7 -9997 1.0 0.0
C0G650 2002112416 22.0 -9997 1.8 0.0
C0G650 2002112417 20.2 -9997 1.2 0.0
C0G650 2002112418 19.2 -9997 2.7 0.0
C0G650 2002112419 18.7 -9997 0.8 0.0
C0G650 2002112420 18.4 -9997 0.8 0.0
C0G650 2002112421 18.1 -9997 0.9 0.0
C0G650 2002112422 17.5 -9997 0.1 0.0
C0G650 2002112423 17.6 -9997 0.2 0.0
C0G650 2002112424 17.5 -9997 0.2 0.0
C0G650 2002112501 17.5 -9997 0.2 0.0
C0G650 2002112502 17.6 -9997 0.7 0.0
C0G650 2002112503 17.5 -9997 0.9 0.0
C0G650 2002112504 17.2 -9997 0.4 0.0
C0G650 2002112505 17.9 -9997 1.4 0.0
C0G650 2002112506 17.6 -9997 1.2 0.0
C0G650 2002112507 17.7 -9997 0.4 0.0
C0G650 2002112508 18.5 -9997 0.3 0.0
C0G650 2002112509 19.2 -9997 0.8 0.0
C0G650 2002112510 20.6 -9997 0.8 0.0
C0G650 2002112511 21.6 -9997 0.7 0.0
C0G650 2002112512 22.1 -9997 0.7 0.0
C0G650 2002112513 22.1 -9997 1.2 0.0
C0G650 2002112514 22.1 -9997 1.1 0.0
C0G650 2002112515 21.6 -9997 1.2 0.0
C0G650 2002112516 19.9 -9997 1.3 0.0
C0G650 2002112517 18.4 -9997 0.9 0.0
C0G650 2002112518 17.2 -9997 0.9 0.0
C0G650 2002112519 -9997 -9997 -9997 0.0
C0G650 2002112520 16.7 -9997 0.2 0.0
C0G650 2002112521 16.2 -9997 0.4 0.0
C0G650 2002112522 15.9 -9997 0.0 0.0
C0G650 2002112523 15.4 -9997 0.0 0.0
C0G650 2002112524 15.5 -9997 0.0 0.0
C0G650 2002112601 15.2 -9997 0.0 0.0
C0G650 2002112602 15.3 -9997 0.4 0.0
C0G650 2002112603 15.4 -9997 0.1 0.0
C0G650 2002112604 15.4 -9997 0.1 0.0
C0G650 2002112605 15.1 -9997 0.0 0.0
C0G650 2002112606 15.2 -9997 0.4 0.0
C0G650 2002112607 15.4 -9997 0.5 0.0
C0G650 2002112608 16.7 -9997 0.7 0.0
C0G650 2002112609 18.2 -9997 1.6 0.0
C0G650 2002112610 19.6 -9997 2.0 0.0
C0G650 2002112611 21.4 -9997 1.4 0.0
C0G650 2002112612 23.8 -9997 0.1 0.0
C0G650 2002112613 23.4 -9997 1.5 0.0
C0G650 2002112614 22.6 -9997 1.8 0.0
C0G650 2002112615 23.1 -9997 0.4 0.0
C0G650 2002112616 21.7 -9997 1.0 0.0
C0G650 2002112617 20.0 -9997 0.2 0.0
C0G650 2002112618 18.5 -9997 0.0 0.0
C0G650 2002112619 17.4 -9997 0.0 0.0
C0G650 2002112620 16.9 -9997 0.0 0.0
C0G650 2002112621 16.5 -9997 0.0 0.0
C0G650 2002112622 15.9 -9997 0.1 0.0
C0G650 2002112623 15.7 -9997 0.0 0.0
C0G650 2002112624 14.0 -9997 0.0 0.0
C0G650 2002112701 13.2 -9997 0.0 0.0
C0G650 2002112702 12.8 -9997 0.0 0.0
C0G650 2002112703 13.2 -9997 0.0 0.0
C0G650 2002112704 12.8 -9997 0.0 0.0
C0G650 2002112705 13.2 -9997 0.0 0.0
C0G650 2002112706 13.0 -9997 0.0 0.0
C0G650 2002112707 13.0 -9997 0.0 0.0
C0G650 2002112708 16.2 -9997 0.0 0.0
C0G650 2002112709 18.8 -9997 0.0 0.0
C0G650 2002112710 21.6 -9997 0.0 0.0
C0G650 2002112711 20.6 -9997 0.0 0.0
C0G650 2002112712 20.7 -9997 0.0 0.0
C0G650 2002112713 21.5 -9997 0.0 0.0
C0G650 2002112714 22.0 -9997 0.0 0.0
C0G650 2002112715 21.5 -9997 0.0 0.0
C0G650 2002112716 20.7 -9997 0.0 0.0
C0G650 2002112717 20.0 -9997 0.0 0.0
C0G650 2002112718 19.6 -9997 0.0 0.0
C0G650 2002112719 -9997 -9997 -9997 0.0
C0G650 2002112720 18.9 -9997 0.0 0.0
C0G650 2002112721 18.6 -9997 0.0 0.0
C0G650 2002112722 18.3 -9997 0.0 0.0
C0G650 2002112723 18.6 -9997 0.0 0.0
C0G650 2002112724 17.7 -9997 0.0 0.0
C0G650 2002112801 18.0 -9997 0.0 0.0
C0G650 2002112802 17.8 -9997 0.0 0.0
C0G650 2002112803 17.6 -9997 0.0 0.0
C0G650 2002112804 17.9 -9997 0.0 0.0
C0G650 2002112805 17.7 -9997 0.0 0.0
C0G650 2002112806 18.1 -9997 0.0 0.0
C0G650 2002112807 18.8 -9997 0.1 0.0
C0G650 2002112808 19.9 -9997 0.1 0.0
C0G650 2002112809 21.6 -9997 0.0 0.0
C0G650 2002112810 22.4 -9997 2.2 0.0
C0G650 2002112811 23.8 -9997 0.0 0.0
C0G650 2002112812 24.0 -9997 0.2 0.0
C0G650 2002112813 22.7 -9997 0.0 0.0
C0G650 2002112814 22.7 -9997 0.0 0.0
C0G650 2002112815 22.6 -9997 0.2 0.0
C0G650 2002112816 21.9 -9997 0.2 0.0
C0G650 2002112817 21.3 -9997 0.1 0.0
C0G650 2002112818 20.7 -9997 0.1 0.0
C0G650 2002112819 20.3 -9997 0.2 0.0
C0G650 2002112820 -9997 -9997 -9997 0.0
C0G650 2002112821 19.1 -9997 0.0 0.0
C0G650 2002112822 18.2 -9997 0.0 0.0
C0G650 2002112823 18.9 -9997 0.1 0.0
C0G650 2002112824 18.6 -9997 0.0 0.0
C0G650 2002112901 19.1 -9997 0.5 0.0
C0G650 2002112902 18.7 -9997 0.1 0.0
C0G650 2002112903 17.5 -9997 0.0 7.5
C0G650 2002112904 17.9 -9997 0.0 2.0
C0G650 2002112905 18.0 -9997 0.1 1.0
C0G650 2002112906 17.8 -9997 0.0 0.0
C0G650 2002112907 18.0 -9997 0.0 0.0
C0G650 2002112908 18.9 -9997 0.1 0.0
C0G650 2002112909 19.7 -9997 1.0 0.0
C0G650 2002112910 21.2 -9997 0.3 0.0
C0G650 2002112911 22.3 -9997 0.7 0.0
C0G650 2002112912 23.2 -9997 0.7 0.0
C0G650 2002112913 23.7 -9997 0.0 0.0
C0G650 2002112914 21.7 -9997 0.0 0.0
C0G650 2002112915 21.7 -9997 0.0 0.0
C0G650 2002112916 22.2 -9997 0.0 0.0
C0G650 2002112917 21.8 -9997 0.0 0.0
C0G650 2002112918 20.4 -9997 0.0 0.0
C0G650 2002112919 20.3 -9997 0.1 0.0
C0G650 2002112920 20.3 -9997 0.0 0.0
C0G650 2002112921 20.3 -9997 0.0 0.0
C0G650 2002112922 20.2 -9997 0.0 0.0
C0G650 2002112923 20.1 -9997 0.0 0.0
C0G650 2002112924 19.7 -9997 0.0 0.0
C0G650 2002113001 18.9 -9997 0.0 0.0
C0G650 2002113002 18.4 -9997 0.0 0.0
C0G650 2002113003 18.3 -9997 0.0 0.0
C0G650 2002113004 18.6 -9997 0.0 0.0
C0G650 2002113005 18.6 -9997 0.0 0.0
C0G650 2002113006 17.3 -9997 0.0 0.0
C0G650 2002113007 17.8 -9997 1.0 0.0
C0G650 2002113008 20.1 -9997 0.0 0.0
C0G650 2002113009 21.6 -9997 0.0 0.0
C0G650 2002113010 22.6 -9997 0.1 0.0
C0G650 2002113011 24.2 -9997 0.1 0.0
C0G650 2002113012 26.1 -9997 0.1 0.0
C0G650 2002113013 24.6 -9997 0.2 0.0
C0G650 2002113014 24.4 -9997 0.4 0.0
C0G650 2002113015 24.2 -9997 0.3 0.0
C0G650 2002113016 23.2 -9997 0.4 0.0
C0G650 2002113017 22.3 -9997 0.1 0.0
C0G650 2002113018 22.0 -9997 0.1 0.0
C0G650 2002113019 21.4 -9997 0.0 0.0
C0G650 2002113020 21.0 -9997 0.0 0.0
C0G650 2002113021 20.0 -9997 0.0 0.0
C0G650 2002113022 19.8 -9997 0.0 0.0
C0G650 2002113023 19.8 -9997 0.2 0.0
C0G650 2002113024 19.5 -9997 0.0 0.0
C0G660 2002110101 -9999 -9999 -9999 0.0
C0G660 2002110102 -9999 -9999 -9999 0.0
C0G660 2002110103 -9999 -9999 -9999 0.0
C0G660 2002110104 -9999 -9999 -9999 0.0
C0G660 2002110105 -9999 -9999 -9999 0.0
C0G660 2002110106 -9999 -9999 -9999 0.0
C0G660 2002110107 -9999 -9999 -9999 0.0
C0G660 2002110108 -9999 -9999 -9999 0.0
C0G660 2002110109 -9999 -9999 -9999 0.0
C0G660 2002110110 -9999 -9999 -9999 0.0
C0G660 2002110111 -9999 -9999 -9999 0.0
C0G660 2002110112 -9999 -9999 -9999 0.0
C0G660 2002110113 -9999 -9999 -9999 0.0
C0G660 2002110114 -9999 -9999 -9999 0.0
C0G660 2002110115 -9999 -9999 -9999 0.0
C0G660 2002110116 -9999 -9999 -9999 0.0
C0G660 2002110117 -9999 -9999 -9999 0.0
C0G660 2002110118 -9999 -9999 -9999 0.0
C0G660 2002110119 -9999 -9999 -9999 0.0
C0G660 2002110120 -9999 -9999 -9999 0.0
C0G660 2002110121 -9999 -9999 -9999 0.0
C0G660 2002110122 -9999 -9999 -9999 0.0
C0G660 2002110123 -9999 -9999 -9999 0.0
C0G660 2002110124 -9999 -9999 -9999 0.0
C0G660 2002110201 -9999 -9999 -9999 0.0
C0G660 2002110202 -9999 -9999 -9999 0.0
C0G660 2002110203 -9999 -9999 -9999 0.0
C0G660 2002110204 -9999 -9999 -9999 0.0
C0G660 2002110205 -9999 -9999 -9999 0.0
C0G660 2002110206 -9999 -9999 -9999 0.0
C0G660 2002110207 -9999 -9999 -9999 0.0
C0G660 2002110208 -9999 -9999 -9999 0.0
C0G660 2002110209 -9999 -9999 -9999 0.0
C0G660 2002110210 -9999 -9999 -9999 0.0
C0G660 2002110211 -9999 -9999 -9999 0.0
C0G660 2002110212 -9999 -9999 -9999 0.0
C0G660 2002110213 -9999 -9999 -9999 0.0
C0G660 2002110214 -9999 -9999 -9999 0.0
C0G660 2002110215 -9999 -9999 -9999 0.0
C0G660 2002110216 -9999 -9999 -9999 0.0
C0G660 2002110217 -9999 -9999 -9999 0.0
C0G660 2002110218 -9999 -9999 -9999 0.0
C0G660 2002110219 -9999 -9999 -9999 0.0
C0G660 2002110220 -9999 -9999 -9999 0.0
C0G660 2002110221 -9999 -9999 -9999 0.0
C0G660 2002110222 -9999 -9999 -9999 0.0
C0G660 2002110223 -9999 -9999 -9999 0.0
C0G660 2002110224 -9999 -9999 -9999 0.0
C0G660 2002110301 -9999 -9999 -9999 0.0
C0G660 2002110302 -9999 -9999 -9999 0.0
C0G660 2002110303 -9999 -9999 -9999 0.0
C0G660 2002110304 -9999 -9999 -9999 0.0
C0G660 2002110305 -9999 -9999 -9999 0.0
C0G660 2002110306 -9999 -9999 -9999 0.0
C0G660 2002110307 -9999 -9999 -9999 0.0
C0G660 2002110308 -9999 -9999 -9999 0.0
C0G660 2002110309 -9999 -9999 -9999 0.0
C0G660 2002110310 -9999 -9999 -9999 0.0
C0G660 2002110311 -9999 -9999 -9999 0.0
C0G660 2002110312 -9999 -9999 -9999 0.0
C0G660 2002110313 -9999 -9999 -9999 0.0
C0G660 2002110314 -9999 -9999 -9999 0.0
C0G660 2002110315 -9999 -9999 -9999 0.0
C0G660 2002110316 -9999 -9999 -9999 0.0
C0G660 2002110317 -9999 -9999 -9999 0.0
C0G660 2002110318 -9999 -9999 -9999 0.0
C0G660 2002110319 -9999 -9999 -9999 0.0
C0G660 2002110320 -9999 -9999 -9999 0.0
C0G660 2002110321 -9999 -9999 -9999 0.0
C0G660 2002110322 -9999 -9999 -9999 0.0
C0G660 2002110323 -9999 -9999 -9999 0.0
C0G660 2002110324 -9999 -9999 -9999 0.0
C0G660 2002110401 -9999 -9999 -9999 0.0
C0G660 2002110402 -9999 -9999 -9999 0.0
C0G660 2002110403 -9999 -9999 -9999 0.0
C0G660 2002110404 -9999 -9999 -9999 0.0
C0G660 2002110405 -9999 -9999 -9999 0.0
C0G660 2002110406 -9999 -9999 -9999 0.0
C0G660 2002110407 -9999 -9999 -9999 0.0
C0G660 2002110408 -9999 -9999 -9999 0.0
C0G660 2002110409 -9999 -9999 -9999 0.0
C0G660 2002110410 -9999 -9999 -9999 0.0
C0G660 2002110411 -9999 -9999 -9999 0.0
C0G660 2002110412 -9999 -9999 -9999 0.0
C0G660 2002110413 -9999 -9999 -9999 0.0
C0G660 2002110414 -9999 -9999 -9999 0.0
C0G660 2002110415 -9999 -9999 -9999 0.0
C0G660 2002110416 -9999 -9999 -9999 0.0
C0G660 2002110417 -9999 -9999 -9999 0.0
C0G660 2002110418 -9999 -9999 -9999 0.0
C0G660 2002110419 -9999 -9999 -9999 0.0
C0G660 2002110420 -9999 -9999 -9999 0.0
C0G660 2002110421 -9999 -9999 -9999 0.0
C0G660 2002110422 -9999 -9999 -9999 0.0
C0G660 2002110423 -9999 -9999 -9999 0.0
C0G660 2002110424 -9999 -9999 -9999 0.0
C0G660 2002110501 -9999 -9999 -9999 0.0
C0G660 2002110502 -9999 -9999 -9999 0.0
C0G660 2002110503 -9999 -9999 -9999 0.0
C0G660 2002110504 -9999 -9999 -9999 0.0
C0G660 2002110505 -9999 -9999 -9999 0.0
C0G660 2002110506 -9999 -9999 -9999 0.0
C0G660 2002110507 -9999 -9999 -9999 0.0
C0G660 2002110508 -9999 -9999 -9999 0.0
C0G660 2002110509 -9999 -9999 -9999 0.0
C0G660 2002110510 -9999 -9999 -9999 0.0
C0G660 2002110511 -9999 -9999 -9999 0.0
C0G660 2002110512 -9999 -9999 -9999 0.0
C0G660 2002110513 -9999 -9999 -9999 0.0
C0G660 2002110514 -9999 -9999 -9999 0.0
C0G660 2002110515 -9999 -9999 -9999 0.0
C0G660 2002110516 -9999 -9999 -9999 0.0
C0G660 2002110517 -9999 -9999 -9999 0.0
C0G660 2002110518 -9999 -9999 -9999 0.0
C0G660 2002110519 -9999 -9999 -9999 0.0
C0G660 2002110520 -9999 -9999 -9999 0.0
C0G660 2002110521 -9999 -9999 -9999 0.0
C0G660 2002110522 -9999 -9999 -9999 0.0
C0G660 2002110523 -9999 -9999 -9999 0.0
C0G660 2002110524 -9999 -9999 -9999 0.0
C0G660 2002110601 -9999 -9999 -9999 0.0
C0G660 2002110602 -9999 -9999 -9999 0.0
C0G660 2002110603 -9999 -9999 -9999 0.0
C0G660 2002110604 -9999 -9999 -9999 0.0
C0G660 2002110605 -9999 -9999 -9999 0.0
C0G660 2002110606 -9999 -9999 -9999 0.0
C0G660 2002110607 -9999 -9999 -9999 0.0
C0G660 2002110608 -9999 -9999 -9999 0.0
C0G660 2002110609 -9999 -9999 -9999 0.0
C0G660 2002110610 -9999 -9999 -9999 0.0
C0G660 2002110611 -9999 -9999 -9999 0.0
C0G660 2002110612 -9999 -9999 -9999 0.0
C0G660 2002110613 -9999 -9999 -9999 0.0
C0G660 2002110614 -9999 -9999 -9999 0.0
C0G660 2002110615 -9999 -9999 -9999 0.0
C0G660 2002110616 -9999 -9999 -9999 0.0
C0G660 2002110617 -9999 -9999 -9999 0.0
C0G660 2002110618 -9999 -9999 -9999 0.0
C0G660 2002110619 -9999 -9999 -9999 0.0
C0G660 2002110620 -9999 -9999 -9999 0.0
C0G660 2002110621 -9999 -9999 -9999 0.0
C0G660 2002110622 -9999 -9999 -9999 0.0
C0G660 2002110623 -9999 -9999 -9999 0.0
C0G660 2002110624 -9999 -9999 -9999 0.0
C0G660 2002110701 -9999 -9999 -9999 0.0
C0G660 2002110702 -9999 -9999 -9999 0.0
C0G660 2002110703 -9999 -9999 -9999 0.0
C0G660 2002110704 -9999 -9999 -9999 0.0
C0G660 2002110705 -9999 -9999 -9999 0.0
C0G660 2002110706 -9999 -9999 -9999 0.0
C0G660 2002110707 -9999 -9999 -9999 0.0
C0G660 2002110708 -9999 -9999 -9999 0.0
C0G660 2002110709 -9999 -9999 -9999 0.0
C0G660 2002110710 -9999 -9999 -9999 0.0
C0G660 2002110711 -9999 -9999 -9999 0.0
C0G660 2002110712 -9999 -9999 -9999 0.0
C0G660 2002110713 -9999 -9999 -9999 0.0
C0G660 2002110714 -9999 -9999 -9999 0.0
C0G660 2002110715 -9999 -9999 -9999 0.0
C0G660 2002110716 -9999 -9999 -9999 0.0
C0G660 2002110717 -9999 -9999 -9999 0.0
C0G660 2002110718 -9999 -9999 -9999 0.0
C0G660 2002110719 -9999 -9999 -9999 0.0
C0G660 2002110720 -9999 -9999 -9999 0.0
C0G660 2002110721 -9999 -9999 -9999 0.0
C0G660 2002110722 -9999 -9999 -9999 0.0
C0G660 2002110723 -9999 -9999 -9999 0.0
C0G660 2002110724 -9999 -9999 -9999 0.0
C0G660 2002110801 -9999 -9999 -9999 0.0
C0G660 2002110802 -9999 -9999 -9999 0.0
C0G660 2002110803 -9999 -9999 -9999 0.0
C0G660 2002110804 -9999 -9999 -9999 0.0
C0G660 2002110805 -9999 -9999 -9999 0.0
C0G660 2002110806 -9999 -9999 -9999 0.0
C0G660 2002110807 -9999 -9999 -9999 0.0
C0G660 2002110808 -9999 -9999 -9999 0.0
C0G660 2002110809 -9999 -9999 -9999 0.0
C0G660 2002110810 -9999 -9999 -9999 0.0
C0G660 2002110811 -9999 -9999 -9999 0.0
C0G660 2002110812 -9999 -9999 -9999 0.0
C0G660 2002110813 -9999 -9999 -9999 0.0
C0G660 2002110814 -9999 -9999 -9999 0.0
C0G660 2002110815 -9999 -9999 -9999 0.0
C0G660 2002110816 -9999 -9999 -9999 0.0
C0G660 2002110817 -9999 -9999 -9999 0.0
C0G660 2002110818 -9999 -9999 -9999 0.0
C0G660 2002110819 -9999 -9999 -9999 0.0
C0G660 2002110820 -9999 -9999 -9999 0.0
C0G660 2002110821 -9999 -9999 -9999 0.0
C0G660 2002110822 -9999 -9999 -9999 0.0
C0G660 2002110823 -9999 -9999 -9999 0.0
C0G660 2002110824 -9999 -9999 -9999 0.0
C0G660 2002110901 -9999 -9999 -9999 0.0
C0G660 2002110902 -9999 -9999 -9999 0.0
C0G660 2002110903 -9999 -9999 -9999 0.0
C0G660 2002110904 -9999 -9999 -9999 0.0
C0G660 2002110905 -9999 -9999 -9999 0.0
C0G660 2002110906 -9999 -9999 -9999 0.0
C0G660 2002110907 -9999 -9999 -9999 0.0
C0G660 2002110908 -9999 -9999 -9999 0.0
C0G660 2002110909 -9999 -9999 -9999 0.0
C0G660 2002110910 -9999 -9999 -9999 0.0
C0G660 2002110911 -9999 -9999 -9999 0.0
C0G660 2002110912 -9999 -9999 -9999 0.0
C0G660 2002110913 -9999 -9999 -9999 0.0
C0G660 2002110914 -9999 -9999 -9999 0.0
C0G660 2002110915 -9999 -9999 -9999 0.0
C0G660 2002110916 -9999 -9999 -9999 0.0
C0G660 2002110917 -9999 -9999 -9999 0.0
C0G660 2002110918 -9999 -9999 -9999 0.0
C0G660 2002110919 -9999 -9999 -9999 0.0
C0G660 2002110920 -9999 -9999 -9999 0.0
C0G660 2002110921 -9999 -9999 -9999 0.0
C0G660 2002110922 -9999 -9999 -9999 0.0
C0G660 2002110923 -9999 -9999 -9999 0.0
C0G660 2002110924 -9999 -9999 -9999 0.0
C0G660 2002111001 -9999 -9999 -9999 0.0
C0G660 2002111002 -9999 -9999 -9999 0.0
C0G660 2002111003 -9999 -9999 -9999 0.0
C0G660 2002111004 -9999 -9999 -9999 0.0
C0G660 2002111005 -9999 -9999 -9999 0.0
C0G660 2002111006 -9999 -9999 -9999 0.0
C0G660 2002111007 -9999 -9999 -9999 0.0
C0G660 2002111008 -9999 -9999 -9999 0.0
C0G660 2002111009 -9999 -9999 -9999 0.0
C0G660 2002111010 -9999 -9999 -9999 0.0
C0G660 2002111011 -9999 -9999 -9999 0.0
C0G660 2002111012 -9999 -9999 -9999 0.0
C0G660 2002111013 -9999 -9999 -9999 0.0
C0G660 2002111014 -9999 -9999 -9999 0.0
C0G660 2002111015 -9999 -9999 -9999 0.0
C0G660 2002111016 -9999 -9999 -9999 0.0
C0G660 2002111017 -9999 -9999 -9999 0.0
C0G660 2002111018 -9999 -9999 -9999 0.0
C0G660 2002111019 -9999 -9999 -9999 0.0
C0G660 2002111020 -9999 -9999 -9999 0.0
C0G660 2002111021 -9999 -9999 -9999 0.0
C0G660 2002111022 -9999 -9999 -9999 0.0
C0G660 2002111023 -9999 -9999 -9999 0.0
C0G660 2002111024 -9999 -9999 -9999 0.0
C0G660 2002111101 -9999 -9999 -9999 0.0
C0G660 2002111102 -9999 -9999 -9999 0.0
C0G660 2002111103 -9999 -9999 -9999 0.0
C0G660 2002111104 -9999 -9999 -9999 0.0
C0G660 2002111105 -9999 -9999 -9999 0.0
C0G660 2002111106 -9999 -9999 -9999 0.0
C0G660 2002111107 -9999 -9999 -9999 0.0
C0G660 2002111108 -9999 -9999 -9999 0.0
C0G660 2002111109 -9999 -9999 -9999 0.0
C0G660 2002111110 -9999 -9999 -9999 0.0
C0G660 2002111111 -9999 -9999 -9999 0.0
C0G660 2002111112 -9999 -9999 -9999 0.0
C0G660 2002111113 -9999 -9999 -9999 0.0
C0G660 2002111114 -9999 -9999 -9999 0.0
C0G660 2002111115 -9999 -9999 -9999 0.0
C0G660 2002111116 -9999 -9999 -9999 0.0
C0G660 2002111117 -9999 -9999 -9999 0.0
C0G660 2002111118 -9999 -9999 -9999 0.0
C0G660 2002111119 -9999 -9999 -9999 0.0
C0G660 2002111120 -9999 -9999 -9999 0.0
C0G660 2002111121 -9999 -9999 -9999 0.0
C0G660 2002111122 -9999 -9999 -9999 0.0
C0G660 2002111123 -9999 -9999 -9999 0.0
C0G660 2002111124 -9999 -9999 -9999 0.0
C0G660 2002111201 -9999 -9999 -9999 0.0
C0G660 2002111202 -9999 -9999 -9999 0.0
C0G660 2002111203 -9999 -9999 -9999 0.0
C0G660 2002111204 -9999 -9999 -9999 0.0
C0G660 2002111205 -9999 -9999 -9999 0.0
C0G660 2002111206 -9999 -9999 -9999 0.0
C0G660 2002111207 -9999 -9999 -9999 0.0
C0G660 2002111208 -9999 -9999 -9999 0.0
C0G660 2002111209 -9999 -9999 -9999 0.0
C0G660 2002111210 -9999 -9999 -9999 0.0
C0G660 2002111211 -9999 -9999 -9999 0.0
C0G660 2002111212 -9999 -9999 -9999 0.0
C0G660 2002111213 -9999 -9999 -9999 0.0
C0G660 2002111214 -9999 -9999 -9999 0.0
C0G660 2002111215 -9999 -9999 -9999 0.0
C0G660 2002111216 -9999 -9999 -9999 0.0
C0G660 2002111217 -9999 -9999 -9999 0.0
C0G660 2002111218 -9999 -9999 -9999 0.0
C0G660 2002111219 -9999 -9999 -9999 0.0
C0G660 2002111220 -9999 -9999 -9999 0.0
C0G660 2002111221 -9999 -9999 -9999 0.0
C0G660 2002111222 -9999 -9999 -9999 -9996
C0G660 2002111223 -9999 -9999 -9999 -9996
C0G660 2002111224 -9999 -9999 -9999 0.0
C0G660 2002111301 -9999 -9999 -9999 0.0
C0G660 2002111302 -9999 -9999 -9999 0.0
C0G660 2002111303 -9999 -9999 -9999 0.0
C0G660 2002111304 -9999 -9999 -9999 0.0
C0G660 2002111305 -9999 -9999 -9999 0.0
C0G660 2002111306 -9999 -9999 -9999 0.0
C0G660 2002111307 -9999 -9999 -9999 0.0
C0G660 2002111308 -9999 -9999 -9999 0.0
C0G660 2002111309 -9999 -9999 -9999 0.0
C0G660 2002111310 -9999 -9999 -9999 1.0
C0G660 2002111311 -9999 -9999 -9999 0.0
C0G660 2002111312 -9999 -9999 -9999 0.0
C0G660 2002111313 -9999 -9999 -9999 0.0
C0G660 2002111314 -9999 -9999 -9999 0.0
C0G660 2002111315 -9999 -9999 -9999 0.0
C0G660 2002111316 -9999 -9999 -9999 0.0
C0G660 2002111317 -9999 -9999 -9999 0.0
C0G660 2002111318 -9999 -9999 -9999 0.0
C0G660 2002111319 -9999 -9999 -9999 0.0
C0G660 2002111320 -9999 -9999 -9999 0.0
C0G660 2002111321 -9999 -9999 -9999 0.0
C0G660 2002111322 -9999 -9999 -9999 0.0
C0G660 2002111323 -9999 -9999 -9999 0.0
C0G660 2002111324 -9999 -9999 -9999 0.0
C0G660 2002111401 -9999 -9999 -9999 0.0
C0G660 2002111402 -9999 -9999 -9999 0.0
C0G660 2002111403 -9999 -9999 -9999 0.0
C0G660 2002111404 -9999 -9999 -9999 0.0
C0G660 2002111405 -9999 -9999 -9999 0.0
C0G660 2002111406 -9999 -9999 -9999 0.0
C0G660 2002111407 -9999 -9999 -9999 0.0
C0G660 2002111408 -9999 -9999 -9999 0.0
C0G660 2002111409 -9999 -9999 -9999 0.0
C0G660 2002111410 -9999 -9999 -9999 0.0
C0G660 2002111411 -9999 -9999 -9999 0.0
C0G660 2002111412 -9999 -9999 -9999 0.0
C0G660 2002111413 -9999 -9999 -9999 0.0
C0G660 2002111414 -9999 -9999 -9999 0.0
C0G660 2002111415 -9999 -9999 -9999 0.0
C0G660 2002111416 -9999 -9999 -9999 0.0
C0G660 2002111417 -9999 -9999 -9999 0.0
C0G660 2002111418 -9999 -9999 -9999 0.0
C0G660 2002111419 -9999 -9999 -9999 0.0
C0G660 2002111420 -9999 -9999 -9999 0.0
C0G660 2002111421 -9999 -9999 -9999 0.0
C0G660 2002111422 -9999 -9999 -9999 0.0
C0G660 2002111423 -9999 -9999 -9999 0.0
C0G660 2002111424 -9999 -9999 -9999 0.0
C0G660 2002111501 -9999 -9999 -9999 0.0
C0G660 2002111502 -9999 -9999 -9999 0.0
C0G660 2002111503 -9999 -9999 -9999 0.0
C0G660 2002111504 -9999 -9999 -9999 0.0
C0G660 2002111505 -9999 -9999 -9999 0.0
C0G660 2002111506 -9999 -9999 -9999 0.0
C0G660 2002111507 -9999 -9999 -9999 0.0
C0G660 2002111508 -9999 -9999 -9999 0.0
C0G660 2002111509 -9999 -9999 -9999 0.0
C0G660 2002111510 -9999 -9999 -9999 0.0
C0G660 2002111511 -9999 -9999 -9999 0.0
C0G660 2002111512 -9999 -9999 -9999 0.0
C0G660 2002111513 -9999 -9999 -9999 0.0
C0G660 2002111514 -9999 -9999 -9999 0.0
C0G660 2002111515 -9999 -9999 -9999 0.0
C0G660 2002111516 -9999 -9999 -9999 0.0
C0G660 2002111517 -9999 -9999 -9999 0.0
C0G660 2002111518 -9999 -9999 -9999 0.0
C0G660 2002111519 -9999 -9999 -9999 0.0
C0G660 2002111520 -9999 -9999 -9999 0.0
C0G660 2002111521 -9999 -9999 -9999 0.0
C0G660 2002111522 -9999 -9999 -9999 0.0
C0G660 2002111523 -9999 -9999 -9999 0.0
C0G660 2002111524 -9999 -9999 -9999 0.0
C0G660 2002111601 -9999 -9999 -9999 0.0
C0G660 2002111602 -9999 -9999 -9999 0.0
C0G660 2002111603 -9999 -9999 -9999 0.0
C0G660 2002111604 -9999 -9999 -9999 0.0
C0G660 2002111605 -9999 -9999 -9999 0.0
C0G660 2002111606 -9999 -9999 -9999 0.0
C0G660 2002111607 -9999 -9999 -9999 0.0
C0G660 2002111608 -9999 -9999 -9999 0.0
C0G660 2002111609 -9999 -9999 -9999 0.0
C0G660 2002111610 -9999 -9999 -9999 0.0
C0G660 2002111611 -9999 -9999 -9999 0.0
C0G660 2002111612 -9999 -9999 -9999 0.0
C0G660 2002111613 -9999 -9999 -9999 0.0
C0G660 2002111614 -9999 -9999 -9999 0.0
C0G660 2002111615 -9999 -9999 -9999 0.0
C0G660 2002111616 -9999 -9999 -9999 0.0
C0G660 2002111617 -9999 -9999 -9999 0.0
C0G660 2002111618 -9999 -9999 -9999 0.0
C0G660 2002111619 -9999 -9999 -9999 0.0
C0G660 2002111620 -9999 -9999 -9999 0.0
C0G660 2002111621 -9999 -9999 -9999 0.0
C0G660 2002111622 -9999 -9999 -9999 0.0
C0G660 2002111623 -9999 -9999 -9999 0.0
C0G660 2002111624 -9999 -9999 -9999 0.0
C0G660 2002111701 -9999 -9999 -9999 0.0
C0G660 2002111702 -9999 -9999 -9999 0.0
C0G660 2002111703 -9999 -9999 -9999 0.0
C0G660 2002111704 -9999 -9999 -9999 0.0
C0G660 2002111705 -9999 -9999 -9999 0.0
C0G660 2002111706 -9999 -9999 -9999 0.0
C0G660 2002111707 -9999 -9999 -9999 0.0
C0G660 2002111708 -9999 -9999 -9999 0.0
C0G660 2002111709 -9999 -9999 -9999 0.0
C0G660 2002111710 -9999 -9999 -9999 0.0
C0G660 2002111711 -9999 -9999 -9999 0.0
C0G660 2002111712 -9999 -9999 -9999 0.0
C0G660 2002111713 -9999 -9999 -9999 0.0
C0G660 2002111714 -9999 -9999 -9999 0.0
C0G660 2002111715 -9999 -9999 -9999 0.0
C0G660 2002111716 -9999 -9999 -9999 0.0
C0G660 2002111717 -9999 -9999 -9999 0.0
C0G660 2002111718 -9999 -9999 -9999 0.0
C0G660 2002111719 -9999 -9999 -9999 0.0
C0G660 2002111720 -9999 -9999 -9999 0.0
C0G660 2002111721 -9999 -9999 -9999 0.0
C0G660 2002111722 -9999 -9999 -9999 0.0
C0G660 2002111723 -9999 -9999 -9999 0.0
C0G660 2002111724 -9999 -9999 -9999 0.0
C0G660 2002111801 -9999 -9999 -9999 0.0
C0G660 2002111802 -9999 -9999 -9999 0.0
C0G660 2002111803 -9999 -9999 -9999 0.0
C0G660 2002111804 -9999 -9999 -9999 0.0
C0G660 2002111805 -9999 -9999 -9999 0.0
C0G660 2002111806 -9999 -9999 -9999 0.0
C0G660 2002111807 -9999 -9999 -9999 0.0
C0G660 2002111808 -9999 -9999 -9999 0.0
C0G660 2002111809 -9999 -9999 -9999 0.0
C0G660 2002111810 -9999 -9999 -9999 0.0
C0G660 2002111811 -9999 -9999 -9999 0.0
C0G660 2002111812 -9999 -9999 -9999 0.0
C0G660 2002111813 -9999 -9999 -9999 0.0
C0G660 2002111814 -9999 -9999 -9999 0.0
C0G660 2002111815 -9999 -9999 -9999 0.0
C0G660 2002111816 -9999 -9999 -9999 0.0
C0G660 2002111817 -9999 -9999 -9999 0.0
C0G660 2002111818 -9999 -9999 -9999 0.0
C0G660 2002111819 -9999 -9999 -9999 0.0
C0G660 2002111820 -9999 -9999 -9999 0.0
C0G660 2002111821 -9999 -9999 -9999 0.0
C0G660 2002111822 -9999 -9999 -9999 0.0
C0G660 2002111823 -9999 -9999 -9999 0.0
C0G660 2002111824 -9999 -9999 -9999 0.0
C0G660 2002111901 -9999 -9999 -9999 0.0
C0G660 2002111902 -9999 -9999 -9999 0.0
C0G660 2002111903 -9999 -9999 -9999 0.0
C0G660 2002111904 -9999 -9999 -9999 0.0
C0G660 2002111905 -9999 -9999 -9999 0.0
C0G660 2002111906 -9999 -9999 -9999 0.5
C0G660 2002111907 -9999 -9999 -9999 0.0
C0G660 2002111908 -9999 -9999 -9999 0.0
C0G660 2002111909 -9999 -9999 -9999 0.0
C0G660 2002111910 -9999 -9999 -9999 0.0
C0G660 2002111911 -9999 -9999 -9999 0.0
C0G660 2002111912 -9999 -9999 -9999 0.0
C0G660 2002111913 -9999 -9999 -9999 0.0
C0G660 2002111914 -9999 -9999 -9999 0.0
C0G660 2002111915 -9999 -9999 -9999 0.0
C0G660 2002111916 -9999 -9999 -9999 0.0
C0G660 2002111917 -9999 -9999 -9999 0.0
C0G660 2002111918 -9999 -9999 -9999 0.0
C0G660 2002111919 -9999 -9999 -9999 0.0
C0G660 2002111920 -9999 -9999 -9999 0.0
C0G660 2002111921 -9999 -9999 -9999 0.0
C0G660 2002111922 -9999 -9999 -9999 0.0
C0G660 2002111923 -9999 -9999 -9999 0.0
C0G660 2002111924 -9999 -9999 -9999 0.0
C0G660 2002112001 -9999 -9999 -9999 0.0
C0G660 2002112002 -9999 -9999 -9999 0.0
C0G660 2002112003 -9999 -9999 -9999 0.0
C0G660 2002112004 -9999 -9999 -9999 0.0
C0G660 2002112005 -9999 -9999 -9999 0.0
C0G660 2002112006 -9999 -9999 -9999 0.0
C0G660 2002112007 -9999 -9999 -9999 0.0
C0G660 2002112008 -9999 -9999 -9999 0.0
C0G660 2002112009 -9999 -9999 -9999 0.0
C0G660 2002112010 -9999 -9999 -9999 0.0
C0G660 2002112011 -9999 -9999 -9999 0.0
C0G660 2002112012 -9999 -9999 -9999 0.0
C0G660 2002112013 -9999 -9999 -9999 0.0
C0G660 2002112014 -9999 -9999 -9999 0.0
C0G660 2002112015 -9999 -9999 -9999 0.0
C0G660 2002112016 -9999 -9999 -9999 0.0
C0G660 2002112017 -9999 -9999 -9999 0.0
C0G660 2002112018 -9999 -9999 -9999 0.0
C0G660 2002112019 -9999 -9999 -9999 0.0
C0G660 2002112020 -9999 -9999 -9999 0.0
C0G660 2002112021 -9999 -9999 -9999 0.0
C0G660 2002112022 -9999 -9999 -9999 0.0
C0G660 2002112023 -9999 -9999 -9999 0.0
C0G660 2002112024 -9999 -9999 -9999 0.0
C0G660 2002112101 -9999 -9999 -9999 0.0
C0G660 2002112102 -9999 -9999 -9999 0.0
C0G660 2002112103 -9999 -9999 -9999 0.0
C0G660 2002112104 -9999 -9999 -9999 0.0
C0G660 2002112105 -9999 -9999 -9999 0.0
C0G660 2002112106 -9999 -9999 -9999 0.0
C0G660 2002112107 -9999 -9999 -9999 0.0
C0G660 2002112108 -9999 -9999 -9999 0.0
C0G660 2002112109 -9999 -9999 -9999 0.0
C0G660 2002112110 -9999 -9999 -9999 0.0
C0G660 2002112111 -9999 -9999 -9999 0.0
C0G660 2002112112 -9999 -9999 -9999 0.0
C0G660 2002112113 -9999 -9999 -9999 0.0
C0G660 2002112114 -9999 -9999 -9999 0.0
C0G660 2002112115 -9999 -9999 -9999 0.0
C0G660 2002112116 -9999 -9999 -9999 0.0
C0G660 2002112117 -9999 -9999 -9999 0.0
C0G660 2002112118 -9999 -9999 -9999 0.0
C0G660 2002112119 -9999 -9999 -9999 0.0
C0G660 2002112120 -9999 -9999 -9999 0.0
C0G660 2002112121 -9999 -9999 -9999 0.0
C0G660 2002112122 -9999 -9999 -9999 0.0
C0G660 2002112123 -9999 -9999 -9999 0.0
C0G660 2002112124 -9999 -9999 -9999 0.0
C0G660 2002112201 -9999 -9999 -9999 0.0
C0G660 2002112202 -9999 -9999 -9999 0.0
C0G660 2002112203 -9999 -9999 -9999 0.0
C0G660 2002112204 -9999 -9999 -9999 0.0
C0G660 2002112205 -9999 -9999 -9999 0.0
C0G660 2002112206 -9999 -9999 -9999 0.0
C0G660 2002112207 -9999 -9999 -9999 0.0
C0G660 2002112208 -9999 -9999 -9999 0.0
C0G660 2002112209 -9999 -9999 -9999 0.0
C0G660 2002112210 -9999 -9999 -9999 0.0
C0G660 2002112211 -9999 -9999 -9999 0.0
C0G660 2002112212 -9999 -9999 -9999 0.0
C0G660 2002112213 -9999 -9999 -9999 0.0
C0G660 2002112214 -9999 -9999 -9999 0.0
C0G660 2002112215 -9999 -9999 -9999 0.0
C0G660 2002112216 -9999 -9999 -9999 0.0
C0G660 2002112217 -9999 -9999 -9999 0.0
C0G660 2002112218 -9999 -9999 -9999 0.0
C0G660 2002112219 -9999 -9999 -9999 0.0
C0G660 2002112220 -9999 -9999 -9999 0.0
C0G660 2002112221 -9999 -9999 -9999 0.0
C0G660 2002112222 -9999 -9999 -9999 0.0
C0G660 2002112223 -9999 -9999 -9999 0.0
C0G660 2002112224 -9999 -9999 -9999 0.0
C0G660 2002112301 -9999 -9999 -9999 0.0
C0G660 2002112302 -9999 -9999 -9999 0.0
C0G660 2002112303 -9999 -9999 -9999 0.0
C0G660 2002112304 -9999 -9999 -9999 0.0
C0G660 2002112305 -9999 -9999 -9999 0.0
C0G660 2002112306 -9999 -9999 -9999 0.0
C0G660 2002112307 -9999 -9999 -9999 0.0
C0G660 2002112308 -9999 -9999 -9999 0.0
C0G660 2002112309 -9999 -9999 -9999 0.0
C0G660 2002112310 -9999 -9999 -9999 0.0
C0G660 2002112311 -9999 -9999 -9999 0.0
C0G660 2002112312 -9999 -9999 -9999 0.0
C0G660 2002112313 -9999 -9999 -9999 0.0
C0G660 2002112314 -9999 -9999 -9999 0.0
C0G660 2002112315 -9999 -9999 -9999 0.0
C0G660 2002112316 -9999 -9999 -9999 0.0
C0G660 2002112317 -9999 -9999 -9999 0.0
C0G660 2002112318 -9999 -9999 -9999 0.0
C0G660 2002112319 -9999 -9999 -9999 0.0
C0G660 2002112320 -9999 -9999 -9999 0.0
C0G660 2002112321 -9999 -9999 -9999 0.0
C0G660 2002112322 -9999 -9999 -9999 0.0
C0G660 2002112323 -9999 -9999 -9999 0.0
C0G660 2002112324 -9999 -9999 -9999 0.0
C0G660 2002112401 -9999 -9999 -9999 0.0
C0G660 2002112402 -9999 -9999 -9999 0.0
C0G660 2002112403 -9999 -9999 -9999 0.0
C0G660 2002112404 -9999 -9999 -9999 0.0
C0G660 2002112405 -9999 -9999 -9999 0.0
C0G660 2002112406 -9999 -9999 -9999 0.0
C0G660 2002112407 -9999 -9999 -9999 0.0
C0G660 2002112408 -9999 -9999 -9999 0.0
C0G660 2002112409 -9999 -9999 -9999 0.0
C0G660 2002112410 -9999 -9999 -9999 0.0
C0G660 2002112411 -9999 -9999 -9999 0.0
C0G660 2002112412 -9999 -9999 -9999 0.0
C0G660 2002112413 -9999 -9999 -9999 0.0
C0G660 2002112414 -9999 -9999 -9999 0.0
C0G660 2002112415 -9999 -9999 -9999 0.0
C0G660 2002112416 -9999 -9999 -9999 0.0
C0G660 2002112417 -9999 -9999 -9999 0.0
C0G660 2002112418 -9999 -9999 -9999 0.0
C0G660 2002112419 -9999 -9999 -9999 0.0
C0G660 2002112420 -9999 -9999 -9999 0.0
C0G660 2002112421 -9999 -9999 -9999 0.0
C0G660 2002112422 -9999 -9999 -9999 0.0
C0G660 2002112423 -9999 -9999 -9999 0.0
C0G660 2002112424 -9999 -9999 -9999 0.0
C0G660 2002112501 -9999 -9999 -9999 0.0
C0G660 2002112502 -9999 -9999 -9999 0.0
C0G660 2002112503 -9999 -9999 -9999 0.0
C0G660 2002112504 -9999 -9999 -9999 0.0
C0G660 2002112505 -9999 -9999 -9999 0.0
C0G660 2002112506 -9999 -9999 -9999 0.0
C0G660 2002112507 -9999 -9999 -9999 0.0
C0G660 2002112508 -9999 -9999 -9999 0.0
C0G660 2002112509 -9999 -9999 -9999 0.0
C0G660 2002112510 -9999 -9999 -9999 0.0
C0G660 2002112511 -9999 -9999 -9999 0.0
C0G660 2002112512 -9999 -9999 -9999 0.0
C0G660 2002112513 -9999 -9999 -9999 0.0
C0G660 2002112514 -9999 -9999 -9999 0.0
C0G660 2002112515 -9999 -9999 -9999 0.0
C0G660 2002112516 -9999 -9999 -9999 0.0
C0G660 2002112517 -9999 -9999 -9999 0.0
C0G660 2002112518 -9999 -9999 -9999 0.0
C0G660 2002112519 -9999 -9999 -9999 0.0
C0G660 2002112520 -9999 -9999 -9999 0.0
C0G660 2002112521 -9999 -9999 -9999 0.0
C0G660 2002112522 -9999 -9999 -9999 0.0
C0G660 2002112523 -9999 -9999 -9999 0.0
C0G660 2002112524 -9999 -9999 -9999 0.0
C0G660 2002112601 -9999 -9999 -9999 0.0
C0G660 2002112602 -9999 -9999 -9999 0.0
C0G660 2002112603 -9999 -9999 -9999 0.0
C0G660 2002112604 -9999 -9999 -9999 0.0
C0G660 2002112605 -9999 -9999 -9999 0.0
C0G660 2002112606 -9999 -9999 -9999 0.0
C0G660 2002112607 -9999 -9999 -9999 0.0
C0G660 2002112608 -9999 -9999 -9999 0.0
C0G660 2002112609 -9999 -9999 -9999 0.0
C0G660 2002112610 -9999 -9999 -9999 0.0
C0G660 2002112611 -9999 -9999 -9999 0.0
C0G660 2002112612 -9999 -9999 -9999 0.0
C0G660 2002112613 -9999 -9999 -9999 0.0
C0G660 2002112614 -9999 -9999 -9999 0.0
C0G660 2002112615 -9999 -9999 -9999 0.0
C0G660 2002112616 -9999 -9999 -9999 0.0
C0G660 2002112617 -9999 -9999 -9999 0.0
C0G660 2002112618 -9999 -9999 -9999 0.0
C0G660 2002112619 -9999 -9999 -9999 0.0
C0G660 2002112620 -9999 -9999 -9999 0.0
C0G660 2002112621 -9999 -9999 -9999 0.0
C0G660 2002112622 -9999 -9999 -9999 0.0
C0G660 2002112623 -9999 -9999 -9999 0.0
C0G660 2002112624 -9999 -9999 -9999 0.0
C0G660 2002112701 -9999 -9999 -9999 0.0
C0G660 2002112702 -9999 -9999 -9999 0.0
C0G660 2002112703 -9999 -9999 -9999 0.0
C0G660 2002112704 -9999 -9999 -9999 0.0
C0G660 2002112705 -9999 -9999 -9999 0.0
C0G660 2002112706 -9999 -9999 -9999 0.0
C0G660 2002112707 -9999 -9999 -9999 0.0
C0G660 2002112708 -9999 -9999 -9999 0.0
C0G660 2002112709 -9999 -9999 -9999 0.0
C0G660 2002112710 -9999 -9999 -9999 0.0
C0G660 2002112711 -9999 -9999 -9999 0.0
C0G660 2002112712 -9999 -9999 -9999 0.0
C0G660 2002112713 -9999 -9999 -9999 0.0
C0G660 2002112714 -9999 -9999 -9999 0.0
C0G660 2002112715 -9999 -9999 -9999 0.0
C0G660 2002112716 -9999 -9999 -9999 0.0
C0G660 2002112717 -9999 -9999 -9999 0.0
C0G660 2002112718 -9999 -9999 -9999 0.0
C0G660 2002112719 -9999 -9999 -9999 0.0
C0G660 2002112720 -9999 -9999 -9999 0.0
C0G660 2002112721 -9999 -9999 -9999 0.0
C0G660 2002112722 -9999 -9999 -9999 0.0
C0G660 2002112723 -9999 -9999 -9999 0.0
C0G660 2002112724 -9999 -9999 -9999 0.0
C0G660 2002112801 -9999 -9999 -9999 0.0
C0G660 2002112802 -9999 -9999 -9999 0.0
C0G660 2002112803 -9999 -9999 -9999 0.0
C0G660 2002112804 -9999 -9999 -9999 0.0
C0G660 2002112805 -9999 -9999 -9999 0.0
C0G660 2002112806 -9999 -9999 -9999 0.0
C0G660 2002112807 -9999 -9999 -9999 0.0
C0G660 2002112808 -9999 -9999 -9999 0.0
C0G660 2002112809 -9999 -9999 -9999 0.0
C0G660 2002112810 -9999 -9999 -9999 0.0
C0G660 2002112811 -9999 -9999 -9999 0.0
C0G660 2002112812 -9999 -9999 -9999 0.0
C0G660 2002112813 -9999 -9999 -9999 0.0
C0G660 2002112814 -9999 -9999 -9999 0.0
C0G660 2002112815 -9999 -9999 -9999 0.0
C0G660 2002112816 -9999 -9999 -9999 0.0
C0G660 2002112817 -9999 -9999 -9999 0.0
C0G660 2002112818 -9999 -9999 -9999 0.0
C0G660 2002112819 -9999 -9999 -9999 0.0
C0G660 2002112820 -9999 -9999 -9999 0.0
C0G660 2002112821 -9999 -9999 -9999 0.0
C0G660 2002112822 -9999 -9999 -9999 0.0
C0G660 2002112823 -9999 -9999 -9999 0.0
C0G660 2002112824 -9999 -9999 -9999 0.0
C0G660 2002112901 -9999 -9999 -9999 0.0
C0G660 2002112902 -9999 -9999 -9999 1.5
C0G660 2002112903 -9999 -9999 -9999 7.0
C0G660 2002112904 -9999 -9999 -9999 1.5
C0G660 2002112905 -9999 -9999 -9999 0.5
C0G660 2002112906 -9999 -9999 -9999 0.5
C0G660 2002112907 -9999 -9999 -9999 0.0
C0G660 2002112908 -9999 -9999 -9999 0.0
C0G660 2002112909 -9999 -9999 -9999 0.0
C0G660 2002112910 -9999 -9999 -9999 0.0
C0G660 2002112911 -9999 -9999 -9999 0.0
C0G660 2002112912 -9999 -9999 -9999 0.0
C0G660 2002112913 -9999 -9999 -9999 0.0
C0G660 2002112914 -9999 -9999 -9999 0.0
C0G660 2002112915 -9999 -9999 -9999 0.0
C0G660 2002112916 -9999 -9999 -9999 0.0
C0G660 2002112917 -9999 -9999 -9999 0.0
C0G660 2002112918 -9999 -9999 -9999 0.0
C0G660 2002112919 -9999 -9999 -9999 0.0
C0G660 2002112920 -9999 -9999 -9999 0.0
C0G660 2002112921 -9999 -9999 -9999 0.0
C0G660 2002112922 -9999 -9999 -9999 0.0
C0G660 2002112923 -9999 -9999 -9999 0.0
C0G660 2002112924 -9999 -9999 -9999 0.0
C0G660 2002113001 -9999 -9999 -9999 0.0
C0G660 2002113002 -9999 -9999 -9999 0.0
C0G660 2002113003 -9999 -9999 -9999 0.0
C0G660 2002113004 -9999 -9999 -9999 0.0
C0G660 2002113005 -9999 -9999 -9999 0.0
C0G660 2002113006 -9999 -9999 -9999 0.0
C0G660 2002113007 -9999 -9999 -9999 0.0
C0G660 2002113008 -9999 -9999 -9999 0.0
C0G660 2002113009 -9999 -9999 -9999 0.0
C0G660 2002113010 -9999 -9999 -9999 0.0
C0G660 2002113011 -9999 -9999 -9999 0.0
C0G660 2002113012 -9999 -9999 -9999 0.0
C0G660 2002113013 -9999 -9999 -9999 0.0
C0G660 2002113014 -9999 -9999 -9999 0.0
C0G660 2002113015 -9999 -9999 -9999 0.0
C0G660 2002113016 -9999 -9999 -9999 0.0
C0G660 2002113017 -9999 -9999 -9999 0.0
C0G660 2002113018 -9999 -9999 -9999 0.0
C0G660 2002113019 -9999 -9999 -9999 0.0
C0G660 2002113020 -9999 -9999 -9999 0.0
C0G660 2002113021 -9999 -9999 -9999 0.0
C0G660 2002113022 -9999 -9999 -9999 0.0
C0G660 2002113023 -9999 -9999 -9999 0.0
C0G660 2002113024 -9999 -9999 -9999 0.0
