C0G650 2003060101 23.2 -9997 0.0 0.0
C0G650 2003060102 23.3 -9997 0.0 0.0
C0G650 2003060103 22.8 -9997 0.0 0.0
C0G650 2003060104 23.3 -9997 0.0 0.0
C0G650 2003060105 23.2 -9997 0.0 0.0
C0G650 2003060106 -9997 -9997 0.0 0.0
C0G650 2003060107 25.2 -9997 0.0 0.0
C0G650 2003060108 26.5 -9997 0.5 0.0
C0G650 2003060109 28.0 -9997 0.2 0.0
C0G650 2003060110 28.7 -9997 1.1 0.0
C0G650 2003060111 30.4 -9997 0.3 0.0
C0G650 2003060112 30.8 -9997 0.1 0.0
C0G650 2003060113 31.6 -9997 0.1 0.0
C0G650 2003060114 31.4 -9997 0.2 0.0
C0G650 2003060115 30.5 -9997 0.3 0.0
C0G650 2003060116 30.2 -9997 0.6 0.0
C0G650 2003060117 29.6 -9997 0.1 0.0
C0G650 2003060118 27.8 -9997 0.2 0.0
C0G650 2003060119 26.3 -9997 0.0 0.0
C0G650 2003060120 24.7 -9997 0.0 0.0
C0G650 2003060121 23.8 -9997 0.0 0.0
C0G650 2003060122 23.4 -9997 0.0 0.0
C0G650 2003060123 23.0 -9997 0.0 0.0
C0G650 2003060124 22.5 -9997 0.0 0.0
C0G650 2003060201 22.3 -9997 0.0 0.0
C0G650 2003060202 22.1 -9997 0.0 0.0
C0G650 2003060203 21.9 -9997 0.0 0.0
C0G650 2003060204 21.6 -9997 0.0 0.0
C0G650 2003060205 21.6 -9997 0.0 0.0
C0G650 2003060206 23.0 -9997 0.0 0.0
C0G650 2003060207 24.7 -9997 0.0 0.0
C0G650 2003060208 28.1 -9997 0.0 0.0
C0G650 2003060209 29.4 -9997 0.1 0.0
C0G650 2003060210 30.1 -9997 0.2 0.0
C0G650 2003060211 30.6 -9997 0.4 0.0
C0G650 2003060212 -9997 -9997 -9997 0.0
C0G650 2003060213 30.4 -9997 0.8 0.0
C0G650 2003060214 30.2 -9997 0.5 0.0
C0G650 2003060215 29.2 -9997 0.3 0.0
C0G650 2003060216 28.8 -9997 0.7 0.0
C0G650 2003060217 27.7 -9997 0.1 0.0
C0G650 2003060218 26.8 -9997 0.0 0.0
C0G650 2003060219 25.7 -9997 0.0 0.0
C0G650 2003060220 25.1 -9997 0.0 0.0
C0G650 2003060221 24.7 -9997 0.0 0.0
C0G650 2003060222 24.6 -9997 0.0 0.0
C0G650 2003060223 24.3 -9997 0.0 0.0
C0G650 2003060224 24.2 -9997 0.0 0.0
C0G650 2003060301 24.1 -9997 0.4 0.0
C0G650 2003060302 24.0 -9997 0.9 0.0
C0G650 2003060303 23.6 -9997 0.7 0.0
C0G650 2003060304 23.1 -9997 0.4 0.0
C0G650 2003060305 22.7 -9997 0.0 0.0
C0G650 2003060306 23.3 -9997 0.0 0.0
C0G650 2003060307 24.8 -9997 0.0 0.0
C0G650 2003060308 26.0 -9997 0.4 0.0
C0G650 2003060309 27.1 -9997 0.2 0.0
C0G650 2003060310 28.9 -9997 0.0 0.0
C0G650 2003060311 30.5 -9997 0.9 0.0
C0G650 2003060312 31.3 -9997 1.0 0.0
C0G650 2003060313 31.2 -9997 0.6 0.0
C0G650 2003060314 30.3 -9997 0.9 0.0
C0G650 2003060315 29.3 -9997 0.5 0.0
C0G650 2003060316 28.7 -9997 0.5 0.0
C0G650 2003060317 27.8 -9997 0.2 0.0
C0G650 2003060318 27.1 -9997 0.0 0.0
C0G650 2003060319 26.5 -9997 0.0 0.0
C0G650 2003060320 25.0 -9997 0.0 0.0
C0G650 2003060321 24.7 -9997 0.0 0.0
C0G650 2003060322 24.3 -9997 0.0 0.0
C0G650 2003060323 24.1 -9997 0.0 0.0
C0G650 2003060324 23.8 -9997 0.0 0.0
C0G650 2003060401 23.1 -9997 0.0 0.0
C0G650 2003060402 23.6 -9997 0.0 0.0
C0G650 2003060403 23.4 -9997 -9997 0.0
C0G650 2003060404 23.1 -9997 0.0 0.0
C0G650 2003060405 22.7 -9997 0.0 0.0
C0G650 2003060406 23.0 -9997 0.0 0.0
C0G650 2003060407 24.3 -9997 0.0 0.0
C0G650 2003060408 26.0 -9997 0.3 0.0
C0G650 2003060409 27.8 -9997 0.1 0.0
C0G650 2003060410 29.6 -9997 0.6 0.0
C0G650 2003060411 29.3 -9997 0.2 0.0
C0G650 2003060412 30.9 -9997 0.3 0.0
C0G650 2003060413 30.5 -9997 0.3 0.0
C0G650 2003060414 30.9 -9997 0.8 0.0
C0G650 2003060415 30.7 -9997 0.8 0.0
C0G650 2003060416 30.1 -9997 0.4 0.0
C0G650 2003060417 29.0 -9997 0.2 0.0
C0G650 2003060418 27.8 -9997 0.0 0.0
C0G650 2003060419 -9997 -9997 -9997 0.0
C0G650 2003060420 25.0 -9997 0.0 0.0
C0G650 2003060421 24.2 -9997 0.0 0.0
C0G650 2003060422 23.4 -9997 0.0 0.0
C0G650 2003060423 23.3 -9997 0.0 0.0
C0G650 2003060424 23.1 -9997 0.0 0.0
C0G650 2003060501 23.0 -9997 0.2 0.0
C0G650 2003060502 22.7 -9997 0.0 0.0
C0G650 2003060503 22.6 -9997 0.0 0.0
C0G650 2003060504 22.3 -9997 -9997 0.0
C0G650 2003060505 22.1 -9997 0.0 0.0
C0G650 2003060506 22.6 -9997 0.0 0.0
C0G650 2003060507 24.7 -9997 0.0 0.0
C0G650 2003060508 26.5 -9997 0.1 0.0
C0G650 2003060509 28.2 -9997 1.1 0.0
C0G650 2003060510 29.6 -9997 1.0 0.0
C0G650 2003060511 31.1 -9997 0.4 0.0
C0G650 2003060512 31.7 -9997 0.0 0.0
C0G650 2003060513 31.1 -9997 1.0 0.0
C0G650 2003060514 31.6 -9997 0.9 0.0
C0G650 2003060515 31.1 -9997 0.2 0.0
C0G650 2003060516 29.9 -9997 0.1 0.0
C0G650 2003060517 29.2 -9997 0.1 0.0
C0G650 2003060518 28.0 -9997 0.0 0.0
C0G650 2003060519 27.4 -9997 0.0 0.0
C0G650 2003060520 26.2 -9997 0.0 0.0
C0G650 2003060521 25.4 -9997 0.0 0.0
C0G650 2003060522 25.5 -9997 0.0 0.0
C0G650 2003060523 24.9 -9997 0.1 0.0
C0G650 2003060524 24.9 -9997 -9997 0.0
C0G650 2003060601 24.8 -9997 0.0 0.0
C0G650 2003060602 24.8 -9997 0.0 0.0
C0G650 2003060603 24.6 -9997 0.2 0.0
C0G650 2003060604 25.0 -9997 0.0 0.0
C0G650 2003060605 24.6 -9997 0.0 0.0
C0G650 2003060606 24.7 -9997 0.0 0.0
C0G650 2003060607 25.5 -9997 0.0 0.0
C0G650 2003060608 27.1 -9997 0.0 0.0
C0G650 2003060609 28.7 -9997 1.6 0.0
C0G650 2003060610 30.0 -9997 1.0 0.0
C0G650 2003060611 30.3 -9997 0.7 0.0
C0G650 2003060612 29.3 -9997 1.0 0.0
C0G650 2003060613 29.3 -9997 0.1 0.0
C0G650 2003060614 28.8 -9997 0.5 0.0
C0G650 2003060615 28.1 -9997 0.4 0.0
C0G650 2003060616 27.5 -9997 0.0 0.0
C0G650 2003060617 27.0 -9997 0.4 0.0
C0G650 2003060618 26.9 -9997 0.4 0.0
C0G650 2003060619 26.6 -9997 0.0 0.0
C0G650 2003060620 26.2 -9997 0.0 0.0
C0G650 2003060621 26.0 -9997 0.0 0.0
C0G650 2003060622 25.7 -9997 0.0 0.0
C0G650 2003060623 25.4 -9997 0.0 0.0
C0G650 2003060624 25.1 -9997 0.2 0.0
C0G650 2003060701 24.4 -9997 0.0 1.0
C0G650 2003060702 24.3 -9997 0.0 0.5
C0G650 2003060703 24.3 -9997 0.5 0.5
C0G650 2003060704 24.3 -9997 0.0 -9996
C0G650 2003060705 24.0 -9997 0.0 3.0
C0G650 2003060706 23.8 -9997 1.4 10.0
C0G650 2003060707 24.1 -9997 1.8 3.0
C0G650 2003060708 24.5 -9997 2.2 0.0
C0G650 2003060709 25.0 -9997 1.8 0.5
C0G650 2003060710 24.8 -9997 2.0 5.0
C0G650 2003060711 25.0 -9997 2.7 1.5
C0G650 2003060712 24.7 -9997 2.6 6.0
C0G650 2003060713 25.1 -9997 1.7 6.5
C0G650 2003060714 25.2 -9997 2.5 1.5
C0G650 2003060715 24.9 -9997 2.0 3.0
C0G650 2003060716 24.3 -9997 0.3 18.5
C0G650 2003060717 23.9 -9997 0.4 53.0
C0G650 2003060718 24.0 -9997 0.6 44.0
C0G650 2003060719 24.1 -9997 0.2 1.0
C0G650 2003060720 24.1 -9997 0.0 0.5
C0G650 2003060721 24.0 -9997 0.0 0.0
C0G650 2003060722 23.9 -9997 0.0 0.0
C0G650 2003060723 23.9 -9997 0.0 0.0
C0G650 2003060724 23.7 -9997 0.0 0.0
C0G650 2003060801 23.9 -9997 0.0 0.0
C0G650 2003060802 24.0 -9997 0.0 0.0
C0G650 2003060803 23.9 -9997 0.0 0.0
C0G650 2003060804 23.6 -9997 0.0 0.0
C0G650 2003060805 23.7 -9997 0.0 0.0
C0G650 2003060806 23.7 -9997 0.0 0.0
C0G650 2003060807 24.2 -9997 0.0 0.0
C0G650 2003060808 25.1 -9997 0.0 0.0
C0G650 2003060809 26.5 -9997 0.0 0.0
C0G650 2003060810 26.0 -9997 0.0 0.5
C0G650 2003060811 26.7 -9997 0.8 0.0
C0G650 2003060812 26.7 -9997 0.0 0.0
C0G650 2003060813 27.8 -9997 0.2 0.0
C0G650 2003060814 26.5 -9997 0.3 0.0
C0G650 2003060815 26.1 -9997 0.5 -9996
C0G650 2003060816 25.4 -9997 0.0 0.5
C0G650 2003060817 25.9 -9997 0.0 0.0
C0G650 2003060818 25.9 -9997 0.1 0.0
C0G650 2003060819 25.4 -9997 0.0 0.0
C0G650 2003060820 25.1 -9997 0.0 0.0
C0G650 2003060821 24.9 -9997 0.0 0.0
C0G650 2003060822 24.4 -9997 0.0 0.0
C0G650 2003060823 24.8 -9997 1.0 0.0
C0G650 2003060824 24.8 -9997 0.1 0.0
C0G650 2003060901 24.6 -9997 0.0 0.0
C0G650 2003060902 24.6 -9997 0.0 0.0
C0G650 2003060903 24.4 -9997 0.0 0.0
C0G650 2003060904 24.5 -9997 0.0 0.0
C0G650 2003060905 24.5 -9997 0.0 0.0
C0G650 2003060906 24.7 -9997 0.0 0.0
C0G650 2003060907 25.7 -9997 0.0 0.0
C0G650 2003060908 26.8 -9997 0.1 0.0
C0G650 2003060909 27.4 -9997 0.1 0.0
C0G650 2003060910 28.3 -9997 0.2 0.0
C0G650 2003060911 29.5 -9997 0.1 0.0
C0G650 2003060912 30.0 -9997 0.6 0.0
C0G650 2003060913 30.3 -9997 0.5 0.0
C0G650 2003060914 -9997 -9997 0.1 0.0
C0G650 2003060915 31.1 -9997 1.3 0.0
C0G650 2003060916 29.9 -9997 0.6 0.0
C0G650 2003060917 29.0 -9997 0.9 0.0
C0G650 2003060918 28.2 -9997 0.4 0.0
C0G650 2003060919 -9997 -9997 -9997 0.0
C0G650 2003060920 26.6 -9997 0.1 0.0
C0G650 2003060921 25.7 -9997 0.2 0.0
C0G650 2003060922 25.0 -9997 0.0 0.0
C0G650 2003060923 25.3 -9997 0.0 0.0
C0G650 2003060924 25.2 -9997 0.0 0.0
C0G650 2003061001 24.7 -9997 0.0 0.0
C0G650 2003061002 24.8 -9997 0.0 0.0
C0G650 2003061003 24.9 -9997 0.0 0.0
C0G650 2003061004 24.7 -9997 0.0 0.0
C0G650 2003061005 24.9 -9997 0.0 0.0
C0G650 2003061006 24.9 -9997 0.0 0.0
C0G650 2003061007 25.2 -9997 0.0 0.0
C0G650 2003061008 25.6 -9997 0.0 0.0
C0G650 2003061009 26.3 -9997 0.0 0.0
C0G650 2003061010 27.3 -9997 0.0 0.0
C0G650 2003061011 28.3 -9997 1.5 0.0
C0G650 2003061012 30.0 -9997 1.0 0.0
C0G650 2003061013 30.2 -9997 1.2 0.0
C0G650 2003061014 30.4 -9997 0.6 0.0
C0G650 2003061015 30.5 -9997 1.4 0.0
C0G650 2003061016 25.3 -9997 1.0 5.5
C0G650 2003061017 25.3 -9997 0.1 0.0
C0G650 2003061018 25.4 -9997 0.0 0.0
C0G650 2003061019 25.3 -9997 0.0 0.0
C0G650 2003061020 24.9 -9997 0.0 1.5
C0G650 2003061021 24.6 -9997 0.0 0.5
C0G650 2003061022 24.7 -9997 0.0 0.0
C0G650 2003061023 24.6 -9997 0.0 0.0
C0G650 2003061024 24.6 -9997 0.0 0.0
C0G650 2003061101 24.4 -9997 0.0 0.0
C0G650 2003061102 24.4 -9997 0.0 0.0
C0G650 2003061103 24.4 -9997 0.6 0.0
C0G650 2003061104 24.3 -9997 0.3 0.0
C0G650 2003061105 24.2 -9997 -9997 0.0
C0G650 2003061106 -9997 -9997 0.0 0.0
C0G650 2003061107 25.3 -9997 0.1 0.0
C0G650 2003061108 27.2 -9997 2.1 0.0
C0G650 2003061109 30.1 -9997 2.0 0.0
C0G650 2003061110 30.1 -9997 2.3 0.0
C0G650 2003061111 30.0 -9997 3.0 0.0
C0G650 2003061112 30.5 -9997 2.6 0.0
C0G650 2003061113 27.3 -9997 2.9 0.5
C0G650 2003061114 26.4 -9997 2.0 0.5
C0G650 2003061115 28.4 -9997 2.7 0.5
C0G650 2003061116 -9997 -9997 -9997 0.0
C0G650 2003061117 -9997 -9997 -9997 0.0
C0G650 2003061118 28.3 -9997 2.1 0.0
C0G650 2003061119 27.2 -9997 1.4 0.5
C0G650 2003061120 25.8 -9997 2.6 4.5
C0G650 2003061121 24.9 -9997 0.0 10.5
C0G650 2003061122 25.0 -9997 1.3 1.5
C0G650 2003061123 25.1 -9997 1.6 0.0
C0G650 2003061124 25.5 -9997 0.2 0.0
C0G650 2003061201 25.8 -9997 0.7 0.5
C0G650 2003061202 26.2 -9997 0.8 0.0
C0G650 2003061203 26.1 -9997 0.9 0.5
C0G650 2003061204 26.3 -9997 1.4 0.0
C0G650 2003061205 24.7 -9997 2.7 11.5
C0G650 2003061206 -9997 -9997 0.5 11.5
C0G650 2003061207 24.5 -9997 1.0 0.5
C0G650 2003061208 25.1 -9997 1.5 1.5
C0G650 2003061209 25.2 -9997 1.5 3.5
C0G650 2003061210 26.2 -9997 2.6 1.5
C0G650 2003061211 25.6 -9997 1.8 4.0
C0G650 2003061212 27.5 -9997 2.7 7.5
C0G650 2003061213 28.3 -9997 2.8 0.5
C0G650 2003061214 26.9 -9997 2.5 4.0
C0G650 2003061215 27.0 -9997 2.9 0.0
C0G650 2003061216 25.2 -9997 0.1 19.0
C0G650 2003061217 24.6 -9997 1.8 5.5
C0G650 2003061218 24.5 -9997 0.0 0.5
C0G650 2003061219 24.6 -9997 0.0 0.0
C0G650 2003061220 24.8 -9997 0.0 0.0
C0G650 2003061221 24.5 -9997 0.0 0.5
C0G650 2003061222 25.2 -9997 2.1 0.0
C0G650 2003061223 24.6 -9997 -9997 0.0
C0G650 2003061224 24.5 -9997 0.0 0.0
C0G650 2003061301 24.2 -9997 0.0 0.0
C0G650 2003061302 24.0 -9997 0.0 0.0
C0G650 2003061303 23.9 -9997 0.0 0.0
C0G650 2003061304 24.1 -9997 0.0 0.0
C0G650 2003061305 24.1 -9997 0.0 0.0
C0G650 2003061306 24.9 -9997 0.0 0.0
C0G650 2003061307 23.8 -9997 1.0 3.5
C0G650 2003061308 24.5 -9997 0.2 0.5
C0G650 2003061309 25.2 -9997 0.0 6.5
C0G650 2003061310 28.7 -9997 1.3 0.0
C0G650 2003061311 31.1 -9997 2.7 0.0
C0G650 2003061312 30.8 -9997 3.0 0.0
C0G650 2003061313 31.3 -9997 2.6 0.0
C0G650 2003061314 31.9 -9997 2.9 0.0
C0G650 2003061315 27.1 -9997 0.5 10.5
C0G650 2003061316 27.5 -9997 2.2 0.0
C0G650 2003061317 28.0 -9997 1.5 0.0
C0G650 2003061318 25.0 -9997 2.2 4.0
C0G650 2003061319 24.7 -9997 0.0 0.0
C0G650 2003061320 24.9 -9997 0.0 0.0
C0G650 2003061321 25.2 -9997 3.1 1.5
C0G650 2003061322 24.5 -9997 1.0 2.0
C0G650 2003061323 24.6 -9997 0.2 0.0
C0G650 2003061324 24.3 -9997 0.0 0.0
C0G650 2003061401 24.2 -9997 0.0 0.0
C0G650 2003061402 24.0 -9997 0.0 0.0
C0G650 2003061403 24.2 -9997 -9997 0.0
C0G650 2003061404 24.3 -9997 0.0 0.0
C0G650 2003061405 24.1 -9997 0.0 0.0
C0G650 2003061406 24.6 -9997 0.0 0.0
C0G650 2003061407 27.5 -9997 0.0 0.0
C0G650 2003061408 28.4 -9997 0.5 0.0
C0G650 2003061409 30.2 -9997 0.6 0.0
C0G650 2003061410 31.2 -9997 0.7 0.0
C0G650 2003061411 31.5 -9997 2.3 0.0
C0G650 2003061412 32.5 -9997 1.3 0.0
C0G650 2003061413 32.5 -9997 2.4 0.0
C0G650 2003061414 31.7 -9997 1.8 0.0
C0G650 2003061415 32.4 -9997 2.6 0.0
C0G650 2003061416 30.6 -9997 2.4 0.0
C0G650 2003061417 29.5 -9997 1.2 0.0
C0G650 2003061418 27.8 -9997 0.0 0.0
C0G650 2003061419 26.9 -9997 0.4 0.0
C0G650 2003061420 27.2 -9997 0.6 0.0
C0G650 2003061421 26.7 -9997 0.0 0.0
C0G650 2003061422 26.3 -9997 0.0 0.0
C0G650 2003061423 25.8 -9997 0.0 0.0
C0G650 2003061424 25.7 -9997 0.4 0.0
C0G650 2003061501 25.9 -9997 0.0 0.0
C0G650 2003061502 25.7 -9997 0.0 0.0
C0G650 2003061503 25.1 -9997 0.0 0.0
C0G650 2003061504 25.2 -9997 0.0 0.0
C0G650 2003061505 25.0 -9997 0.0 0.0
C0G650 2003061506 25.6 -9997 0.0 0.0
C0G650 2003061507 27.3 -9997 0.0 0.0
C0G650 2003061508 29.4 -9997 0.4 0.0
C0G650 2003061509 29.9 -9997 0.6 0.0
C0G650 2003061510 30.0 -9997 0.0 0.0
C0G650 2003061511 31.0 -9997 0.1 0.0
C0G650 2003061512 31.2 -9997 0.2 0.0
C0G650 2003061513 31.8 -9997 0.1 0.0
C0G650 2003061514 30.9 -9997 1.2 0.0
C0G650 2003061515 31.1 -9997 0.5 0.0
C0G650 2003061516 30.4 -9997 0.5 0.0
C0G650 2003061517 30.3 -9997 0.4 0.0
C0G650 2003061518 29.3 -9997 0.0 0.0
C0G650 2003061519 27.4 -9997 0.1 0.0
C0G650 2003061520 25.9 -9997 0.1 0.0
C0G650 2003061521 25.7 -9997 0.0 0.0
C0G650 2003061522 25.3 -9997 0.0 0.0
C0G650 2003061523 24.9 -9997 0.0 0.0
C0G650 2003061524 24.4 -9997 0.0 0.0
C0G650 2003061601 24.6 -9997 0.0 0.0
C0G650 2003061602 24.8 -9997 0.0 0.0
C0G650 2003061603 24.7 -9997 0.0 0.0
C0G650 2003061604 24.2 -9997 0.0 0.0
C0G650 2003061605 24.6 -9997 0.0 0.0
C0G650 2003061606 24.7 -9997 0.0 0.0
C0G650 2003061607 25.7 -9997 0.0 0.0
C0G650 2003061608 26.4 -9997 0.1 0.0
C0G650 2003061609 29.3 -9997 0.2 0.0
C0G650 2003061610 29.9 -9997 0.8 0.0
C0G650 2003061611 31.0 -9997 0.4 0.0
C0G650 2003061612 31.6 -9997 1.3 0.0
C0G650 2003061613 32.1 -9997 0.5 0.0
C0G650 2003061614 32.0 -9997 0.3 0.0
C0G650 2003061615 32.2 -9997 0.7 0.0
C0G650 2003061616 31.6 -9997 0.8 0.0
C0G650 2003061617 30.8 -9997 0.4 0.0
C0G650 2003061618 30.0 -9997 0.0 0.0
C0G650 2003061619 27.9 -9997 0.1 0.0
C0G650 2003061620 27.8 -9997 0.1 0.0
C0G650 2003061621 27.0 -9997 0.0 0.0
C0G650 2003061622 26.2 -9997 0.0 0.0
C0G650 2003061623 26.0 -9997 0.0 0.0
C0G650 2003061624 26.1 -9997 0.0 0.0
C0G650 2003061701 26.3 -9997 0.0 0.0
C0G650 2003061702 26.1 -9997 0.0 0.0
C0G650 2003061703 26.2 -9997 0.0 0.0
C0G650 2003061704 26.1 -9997 0.0 0.0
C0G650 2003061705 26.0 -9997 0.0 0.0
C0G650 2003061706 25.9 -9997 0.0 0.0
C0G650 2003061707 26.9 -9997 0.0 0.0
C0G650 2003061708 27.9 -9997 0.0 0.0
C0G650 2003061709 29.3 -9997 0.0 0.0
C0G650 2003061710 29.7 -9997 0.1 0.0
C0G650 2003061711 31.3 -9997 0.2 0.0
C0G650 2003061712 31.0 -9997 0.3 0.0
C0G650 2003061713 29.7 -9997 0.7 0.0
C0G650 2003061714 30.7 -9997 0.7 0.0
C0G650 2003061715 30.0 -9997 1.2 0.0
C0G650 2003061716 29.9 -9997 0.8 0.0
C0G650 2003061717 28.5 -9997 0.7 0.0
C0G650 2003061718 27.6 -9997 0.9 0.0
C0G650 2003061719 27.3 -9997 0.7 0.0
C0G650 2003061720 26.9 -9997 0.8 0.0
C0G650 2003061721 26.9 -9997 0.3 0.0
C0G650 2003061722 26.8 -9997 0.4 0.0
C0G650 2003061723 26.5 -9997 0.3 0.0
C0G650 2003061724 26.3 -9997 0.2 0.0
C0G650 2003061801 26.0 -9997 0.3 0.0
C0G650 2003061802 25.0 -9997 0.6 0.0
C0G650 2003061803 25.0 -9997 0.3 0.5
C0G650 2003061804 25.0 -9997 0.9 0.0
C0G650 2003061805 24.4 -9997 0.7 0.0
C0G650 2003061806 24.3 -9997 1.0 1.0
C0G650 2003061807 24.6 -9997 0.5 0.0
C0G650 2003061808 24.2 -9997 0.3 0.0
C0G650 2003061809 24.2 -9997 0.2 3.5
C0G650 2003061810 23.3 -9997 1.0 2.5
C0G650 2003061811 23.0 -9997 1.1 0.0
C0G650 2003061812 22.8 -9997 1.1 1.5
C0G650 2003061813 23.8 -9997 0.0 0.0
C0G650 2003061814 24.7 -9997 0.0 0.0
C0G650 2003061815 26.3 -9997 0.1 0.0
C0G650 2003061816 27.5 -9997 0.0 0.0
C0G650 2003061817 28.2 -9997 0.7 0.5
C0G650 2003061818 27.4 -9997 0.0 0.0
C0G650 2003061819 25.7 -9997 0.0 0.0
C0G650 2003061820 24.5 -9997 0.0 0.0
C0G650 2003061821 23.9 -9997 0.0 0.0
C0G650 2003061822 23.9 -9997 0.1 0.0
C0G650 2003061823 23.9 -9997 0.0 0.0
C0G650 2003061824 24.0 -9997 0.0 0.0
C0G650 2003061901 23.6 -9997 0.0 0.0
C0G650 2003061902 23.3 -9997 0.0 0.0
C0G650 2003061903 23.0 -9997 0.0 0.0
C0G650 2003061904 22.8 -9997 0.0 0.0
C0G650 2003061905 22.8 -9997 0.0 0.0
C0G650 2003061906 23.4 -9997 0.0 0.0
C0G650 2003061907 26.1 -9997 0.0 0.0
C0G650 2003061908 28.6 -9997 1.3 0.0
C0G650 2003061909 30.1 -9997 0.7 0.0
C0G650 2003061910 31.0 -9997 1.7 0.0
C0G650 2003061911 32.4 -9997 1.8 0.0
C0G650 2003061912 32.5 -9997 1.6 0.0
C0G650 2003061913 33.0 -9997 2.2 0.0
C0G650 2003061914 -9997 -9997 -9997 0.0
C0G650 2003061915 33.2 -9997 1.5 0.0
C0G650 2003061916 31.9 -9997 1.7 0.0
C0G650 2003061917 31.5 -9997 1.6 0.0
C0G650 2003061918 30.4 -9997 0.4 0.0
C0G650 2003061919 29.5 -9997 1.2 0.0
C0G650 2003061920 28.1 -9997 0.8 0.0
C0G650 2003061921 27.7 -9997 0.9 0.0
C0G650 2003061922 27.4 -9997 0.7 0.0
C0G650 2003061923 27.2 -9997 0.2 0.0
C0G650 2003061924 26.3 -9997 0.5 0.0
C0G650 2003062001 25.7 -9997 0.1 0.0
C0G650 2003062002 25.1 -9997 0.0 0.0
C0G650 2003062003 24.7 -9997 0.0 0.0
C0G650 2003062004 25.2 -9997 0.0 0.0
C0G650 2003062005 25.5 -9997 0.0 0.0
C0G650 2003062006 25.6 -9997 0.8 0.0
C0G650 2003062007 25.3 -9997 0.0 0.0
C0G650 2003062008 26.2 -9997 0.0 0.0
C0G650 2003062009 27.2 -9997 2.7 0.0
C0G650 2003062010 28.0 -9997 1.3 0.0
C0G650 2003062011 27.9 -9997 1.6 0.0
C0G650 2003062012 29.0 -9997 2.3 0.0
C0G650 2003062013 30.6 -9997 2.1 0.0
C0G650 2003062014 30.8 -9997 1.8 0.0
C0G650 2003062015 31.5 -9997 1.5 0.0
C0G650 2003062016 29.5 -9997 2.5 0.0
C0G650 2003062017 29.9 -9997 2.4 0.0
C0G650 2003062018 28.4 -9997 1.6 0.0
C0G650 2003062019 28.0 -9997 1.7 0.0
C0G650 2003062020 27.4 -9997 0.5 0.0
C0G650 2003062021 26.5 -9997 0.2 0.0
C0G650 2003062022 26.1 -9997 0.0 0.0
C0G650 2003062023 25.4 -9997 0.0 0.0
C0G650 2003062024 25.3 -9997 0.0 0.0
C0G650 2003062101 25.6 -9997 0.1 0.0
C0G650 2003062102 25.1 -9997 0.0 0.0
C0G650 2003062103 24.9 -9997 0.0 0.0
C0G650 2003062104 25.2 -9997 0.0 0.0
C0G650 2003062105 25.2 -9997 0.0 0.0
C0G650 2003062106 25.7 -9997 0.0 0.0
C0G650 2003062107 27.4 -9997 0.7 0.0
C0G650 2003062108 30.5 -9997 0.4 0.5
C0G650 2003062109 31.3 -9997 1.5 0.0
C0G650 2003062110 33.5 -9997 1.6 0.0
C0G650 2003062111 34.0 -9997 2.4 0.0
C0G650 2003062112 33.9 -9997 1.5 0.0
C0G650 2003062113 34.5 -9997 2.1 0.0
C0G650 2003062114 33.5 -9997 2.2 0.0
C0G650 2003062115 33.1 -9997 2.0 0.0
C0G650 2003062116 32.9 -9997 1.3 0.0
C0G650 2003062117 32.0 -9997 1.2 0.0
C0G650 2003062118 30.5 -9997 0.8 0.0
C0G650 2003062119 29.1 -9997 0.0 0.0
C0G650 2003062120 28.2 -9997 0.0 0.0
C0G650 2003062121 27.4 -9997 0.1 0.0
C0G650 2003062122 27.1 -9997 0.0 0.0
C0G650 2003062123 26.7 -9997 0.0 0.0
C0G650 2003062124 26.0 -9997 0.0 0.0
C0G650 2003062201 25.6 -9997 0.0 0.0
C0G650 2003062202 25.6 -9997 0.0 0.0
C0G650 2003062203 25.1 -9997 0.0 0.0
C0G650 2003062204 24.8 -9997 0.0 0.0
C0G650 2003062205 24.9 -9997 0.0 0.0
C0G650 2003062206 26.9 -9997 0.0 0.0
C0G650 2003062207 27.5 -9997 0.0 0.0
C0G650 2003062208 30.0 -9997 0.3 0.0
C0G650 2003062209 31.8 -9997 0.2 0.0
C0G650 2003062210 33.0 -9997 0.4 0.0
C0G650 2003062211 33.7 -9997 0.2 0.0
C0G650 2003062212 33.1 -9997 1.1 0.0
C0G650 2003062213 32.6 -9997 1.1 0.0
C0G650 2003062214 31.3 -9997 0.2 0.0
C0G650 2003062215 31.1 -9997 0.4 0.0
C0G650 2003062216 32.0 -9997 1.3 0.0
C0G650 2003062217 29.5 -9997 2.0 0.0
C0G650 2003062218 29.2 -9997 1.9 0.0
C0G650 2003062219 28.4 -9997 0.9 0.0
C0G650 2003062220 27.7 -9997 0.6 0.0
C0G650 2003062221 27.3 -9997 0.0 0.0
C0G650 2003062222 26.9 -9997 0.0 0.0
C0G650 2003062223 26.2 -9997 0.0 0.0
C0G650 2003062224 26.1 -9997 0.0 0.0
C0G650 2003062301 25.4 -9997 0.0 0.0
C0G650 2003062302 -9997 -9997 0.0 0.0
C0G650 2003062303 24.7 -9997 0.0 0.0
C0G650 2003062304 24.4 -9997 0.0 0.0
C0G650 2003062305 24.1 -9997 0.0 0.0
C0G650 2003062306 25.7 -9997 0.0 0.0
C0G650 2003062307 27.2 -9997 0.4 0.0
C0G650 2003062308 29.1 -9997 1.7 0.0
C0G650 2003062309 30.5 -9997 2.3 0.0
C0G650 2003062310 31.7 -9997 1.4 0.0
C0G650 2003062311 31.9 -9997 1.8 0.0
C0G650 2003062312 32.9 -9997 1.5 0.0
C0G650 2003062313 33.6 -9997 2.0 0.0
C0G650 2003062314 33.2 -9997 2.6 0.0
C0G650 2003062315 33.2 -9997 1.7 0.0
C0G650 2003062316 31.9 -9997 2.3 0.0
C0G650 2003062317 32.0 -9997 1.2 0.0
C0G650 2003062318 31.1 -9997 1.8 0.0
C0G650 2003062319 30.0 -9997 1.4 0.0
C0G650 2003062320 28.7 -9997 0.0 0.0
C0G650 2003062321 27.9 -9997 0.3 0.0
C0G650 2003062322 27.3 -9997 0.0 0.0
C0G650 2003062323 26.6 -9997 0.2 0.0
C0G650 2003062324 26.4 -9997 0.0 0.0
C0G650 2003062401 26.0 -9997 0.0 0.0
C0G650 2003062402 25.6 -9997 0.0 0.0
C0G650 2003062403 25.8 -9997 0.0 0.0
C0G650 2003062404 25.9 -9997 0.1 0.0
C0G650 2003062405 25.7 -9997 0.2 0.0
C0G650 2003062406 26.2 -9997 0.5 0.0
C0G650 2003062407 27.9 -9997 1.8 0.0
C0G650 2003062408 28.5 -9997 1.8 0.0
C0G650 2003062409 29.9 -9997 1.7 0.0
C0G650 2003062410 31.7 -9997 1.6 0.0
C0G650 2003062411 33.2 -9997 1.7 0.0
C0G650 2003062412 33.9 -9997 1.3 0.0
C0G650 2003062413 33.3 -9997 1.9 0.0
C0G650 2003062414 33.5 -9997 1.5 0.0
C0G650 2003062415 32.4 -9997 1.9 0.0
C0G650 2003062416 31.9 -9997 1.6 0.0
C0G650 2003062417 31.3 -9997 1.5 0.0
C0G650 2003062418 30.1 -9997 0.5 0.0
C0G650 2003062419 28.9 -9997 1.1 0.0
C0G650 2003062420 28.2 -9997 1.3 0.0
C0G650 2003062421 27.0 -9997 0.0 0.0
C0G650 2003062422 26.6 -9997 0.8 0.0
C0G650 2003062423 26.7 -9997 0.0 0.0
C0G650 2003062424 26.2 -9997 0.6 0.0
C0G650 2003062501 25.8 -9997 0.4 0.0
C0G650 2003062502 25.6 -9997 0.1 0.0
C0G650 2003062503 25.5 -9997 0.3 0.0
C0G650 2003062504 25.3 -9997 0.0 0.0
C0G650 2003062505 24.9 -9997 0.0 0.0
C0G650 2003062506 25.9 -9997 0.3 0.0
C0G650 2003062507 27.8 -9997 1.1 0.0
C0G650 2003062508 28.9 -9997 1.2 0.0
C0G650 2003062509 30.4 -9997 1.0 0.0
C0G650 2003062510 32.2 -9997 2.5 0.0
C0G650 2003062511 32.9 -9997 1.8 0.0
C0G650 2003062512 32.8 -9997 1.2 0.0
C0G650 2003062513 32.8 -9997 2.2 0.0
C0G650 2003062514 33.3 -9997 2.4 0.0
C0G650 2003062515 32.7 -9997 1.7 0.0
C0G650 2003062516 32.0 -9997 2.1 0.0
C0G650 2003062517 31.3 -9997 1.7 0.0
C0G650 2003062518 30.3 -9997 1.4 0.0
C0G650 2003062519 29.4 -9997 0.2 0.0
C0G650 2003062520 28.9 -9997 0.2 0.0
C0G650 2003062521 27.9 -9997 0.1 0.0
C0G650 2003062522 27.7 -9997 0.1 0.0
C0G650 2003062523 27.2 -9997 0.0 0.0
C0G650 2003062524 26.6 -9997 0.0 0.0
C0G650 2003062601 26.8 -9997 0.0 0.0
C0G650 2003062602 26.6 -9997 0.0 0.0
C0G650 2003062603 26.5 -9997 0.0 0.0
C0G650 2003062604 26.7 -9997 0.0 0.0
C0G650 2003062605 27.1 -9997 1.4 0.0
C0G650 2003062606 27.2 -9997 0.5 0.0
C0G650 2003062607 28.1 -9997 2.1 0.0
C0G650 2003062608 30.1 -9997 4.0 0.0
C0G650 2003062609 26.3 -9997 3.2 0.0
C0G650 2003062610 27.2 -9997 3.6 1.5
C0G650 2003062611 26.4 -9997 2.4 2.0
C0G650 2003062612 28.6 -9997 2.5 0.0
C0G650 2003062613 29.3 -9997 2.1 0.0
C0G650 2003062614 26.2 -9997 2.1 0.0
C0G650 2003062615 25.0 -9997 2.7 1.0
C0G650 2003062616 25.2 -9997 2.5 0.5
C0G650 2003062617 25.8 -9997 0.3 0.5
C0G650 2003062618 26.2 -9997 0.0 0.0
C0G650 2003062619 26.1 -9997 0.0 0.0
C0G650 2003062620 25.8 -9997 0.0 0.0
C0G650 2003062621 25.5 -9997 0.0 0.0
C0G650 2003062622 25.1 -9997 0.0 0.0
C0G650 2003062623 26.3 -9997 1.2 0.0
C0G650 2003062624 25.9 -9997 0.2 0.0
C0G650 2003062701 25.1 -9997 0.0 0.0
C0G650 2003062702 24.0 -9997 0.0 0.0
C0G650 2003062703 24.5 -9997 0.0 0.0
C0G650 2003062704 25.3 -9997 1.1 0.0
C0G650 2003062705 24.9 -9997 1.0 0.0
C0G650 2003062706 26.1 -9997 1.1 0.0
C0G650 2003062707 27.6 -9997 1.0 0.0
C0G650 2003062708 29.7 -9997 1.9 0.0
C0G650 2003062709 31.7 -9997 1.5 0.0
C0G650 2003062710 33.3 -9997 3.2 0.0
C0G650 2003062711 34.1 -9997 3.1 0.0
C0G650 2003062712 34.6 -9997 3.3 0.0
C0G650 2003062713 34.9 -9997 3.5 0.0
C0G650 2003062714 34.7 -9997 3.9 0.0
C0G650 2003062715 35.0 -9997 2.2 0.0
C0G650 2003062716 34.7 -9997 1.7 0.0
C0G650 2003062717 33.3 -9997 2.3 0.0
C0G650 2003062718 31.8 -9997 2.4 0.0
C0G650 2003062719 29.7 -9997 0.9 0.0
C0G650 2003062720 28.7 -9997 0.5 0.0
C0G650 2003062721 27.4 -9997 0.2 0.0
C0G650 2003062722 27.1 -9997 0.0 0.0
C0G650 2003062723 26.4 -9997 0.0 0.0
C0G650 2003062724 26.0 -9997 0.0 0.0
C0G650 2003062801 25.4 -9997 0.0 0.0
C0G650 2003062802 25.0 -9997 0.0 0.0
C0G650 2003062803 24.7 -9997 0.0 0.0
C0G650 2003062804 24.4 -9997 0.0 0.0
C0G650 2003062805 24.9 -9997 0.0 0.0
C0G650 2003062806 25.7 -9997 0.0 0.0
C0G650 2003062807 27.6 -9997 0.7 0.0
C0G650 2003062808 30.0 -9997 2.3 0.0
C0G650 2003062809 31.9 -9997 1.8 0.0
C0G650 2003062810 33.2 -9997 2.2 0.0
C0G650 2003062811 -9997 -9997 2.7 0.0
C0G650 2003062812 34.7 -9997 2.1 0.0
C0G650 2003062813 36.0 -9997 2.3 0.0
C0G650 2003062814 34.7 -9997 2.4 0.0
C0G650 2003062815 34.1 -9997 2.1 0.0
C0G650 2003062816 32.6 -9997 1.6 0.0
C0G650 2003062817 31.8 -9997 1.6 0.0
C0G650 2003062818 30.8 -9997 1.2 0.0
C0G650 2003062819 29.7 -9997 1.2 0.0
C0G650 2003062820 28.8 -9997 0.0 0.0
C0G650 2003062821 28.3 -9997 0.1 0.0
C0G650 2003062822 27.1 -9997 0.0 0.0
C0G650 2003062823 26.6 -9997 0.0 0.0
C0G650 2003062824 26.0 -9997 0.0 0.0
C0G650 2003062901 25.7 -9997 0.0 0.0
C0G650 2003062902 25.5 -9997 0.0 0.0
C0G650 2003062903 25.0 -9997 0.0 0.0
C0G650 2003062904 24.8 -9997 0.0 0.0
C0G650 2003062905 24.3 -9997 0.0 0.0
C0G650 2003062906 25.7 -9997 0.0 0.0
C0G650 2003062907 27.1 -9997 0.1 0.0
C0G650 2003062908 31.3 -9997 1.1 0.0
C0G650 2003062909 32.6 -9997 0.6 0.0
C0G650 2003062910 33.8 -9997 0.7 0.0
C0G650 2003062911 34.5 -9997 1.4 0.0
C0G650 2003062912 34.0 -9997 0.6 0.0
C0G650 2003062913 33.6 -9997 0.7 0.0
C0G650 2003062914 34.6 -9997 1.1 0.0
C0G650 2003062915 34.5 -9997 1.3 0.0
C0G650 2003062916 32.7 -9997 2.2 0.0
C0G650 2003062917 31.6 -9997 0.6 0.0
C0G650 2003062918 30.7 -9997 0.9 0.0
C0G650 2003062919 29.5 -9997 1.8 0.0
C0G650 2003062920 28.9 -9997 0.2 0.0
C0G650 2003062921 28.2 -9997 0.0 0.0
C0G650 2003062922 27.3 -9997 0.2 0.0
C0G650 2003062923 26.6 -9997 0.0 0.0
C0G650 2003062924 26.5 -9997 0.0 0.0
C0G650 2003063001 26.7 -9997 0.0 0.0
C0G650 2003063002 27.0 -9997 0.0 0.0
C0G650 2003063003 26.5 -9997 0.0 0.0
C0G650 2003063004 25.8 -9997 0.0 0.0
C0G650 2003063005 25.3 -9997 0.0 0.0
C0G650 2003063006 26.2 -9997 0.0 0.0
C0G650 2003063007 27.8 -9997 0.0 0.0
C0G650 2003063008 30.8 -9997 0.0 0.0
C0G650 2003063009 31.9 -9997 1.1 0.0
C0G650 2003063010 33.2 -9997 0.9 0.0
C0G650 2003063011 32.7 -9997 1.2 0.0
C0G650 2003063012 32.6 -9997 0.5 0.0
C0G650 2003063013 33.6 -9997 1.4 0.0
C0G650 2003063014 34.0 -9997 0.0 0.0
C0G650 2003063015 34.3 -9997 0.5 0.0
C0G650 2003063016 33.5 -9997 1.3 0.0
C0G650 2003063017 32.4 -9997 0.8 0.0
C0G650 2003063018 31.5 -9997 0.8 0.0
C0G650 2003063019 29.9 -9997 0.9 0.0
C0G650 2003063020 29.4 -9997 0.2 0.0
C0G650 2003063021 28.7 -9997 0.1 0.0
C0G650 2003063022 28.5 -9997 0.3 0.0
C0G650 2003063023 28.2 -9997 0.2 0.0
C0G650 2003063024 27.7 -9997 0.7 0.0
C0G660 2003060101 -9999 -9999 -9999 0.0
C0G660 2003060102 -9999 -9999 -9999 0.0
C0G660 2003060103 -9999 -9999 -9999 0.0
C0G660 2003060104 -9999 -9999 -9999 0.0
C0G660 2003060105 -9999 -9999 -9999 0.0
C0G660 2003060106 -9999 -9999 -9999 0.0
C0G660 2003060107 -9999 -9999 -9999 0.0
C0G660 2003060108 -9999 -9999 -9999 0.0
C0G660 2003060109 -9999 -9999 -9999 0.0
C0G660 2003060110 -9999 -9999 -9999 0.0
C0G660 2003060111 -9999 -9999 -9999 0.0
C0G660 2003060112 -9999 -9999 -9999 0.0
C0G660 2003060113 -9999 -9999 -9999 0.0
C0G660 2003060114 -9999 -9999 -9999 0.0
C0G660 2003060115 -9999 -9999 -9999 0.0
C0G660 2003060116 -9999 -9999 -9999 0.0
C0G660 2003060117 -9999 -9999 -9999 0.0
C0G660 2003060118 -9999 -9999 -9999 0.0
C0G660 2003060119 -9999 -9999 -9999 0.0
C0G660 2003060120 -9999 -9999 -9999 0.0
C0G660 2003060121 -9999 -9999 -9999 0.0
C0G660 2003060122 -9999 -9999 -9999 0.0
C0G660 2003060123 -9999 -9999 -9999 0.0
C0G660 2003060124 -9999 -9999 -9999 0.0
C0G660 2003060201 -9999 -9999 -9999 0.0
C0G660 2003060202 -9999 -9999 -9999 0.0
C0G660 2003060203 -9999 -9999 -9999 0.0
C0G660 2003060204 -9999 -9999 -9999 0.0
C0G660 2003060205 -9999 -9999 -9999 0.0
C0G660 2003060206 -9999 -9999 -9999 0.0
C0G660 2003060207 -9999 -9999 -9999 0.0
C0G660 2003060208 -9999 -9999 -9999 0.0
C0G660 2003060209 -9999 -9999 -9999 0.0
C0G660 2003060210 -9999 -9999 -9999 0.0
C0G660 2003060211 -9999 -9999 -9999 0.0
C0G660 2003060212 -9999 -9999 -9999 0.0
C0G660 2003060213 -9999 -9999 -9999 0.0
C0G660 2003060214 -9999 -9999 -9999 0.0
C0G660 2003060215 -9999 -9999 -9999 0.0
C0G660 2003060216 -9999 -9999 -9999 0.0
C0G660 2003060217 -9999 -9999 -9999 0.0
C0G660 2003060218 -9999 -9999 -9999 0.0
C0G660 2003060219 -9999 -9999 -9999 0.0
C0G660 2003060220 -9999 -9999 -9999 0.0
C0G660 2003060221 -9999 -9999 -9999 0.0
C0G660 2003060222 -9999 -9999 -9999 0.0
C0G660 2003060223 -9999 -9999 -9999 0.0
C0G660 2003060224 -9999 -9999 -9999 0.0
C0G660 2003060301 -9999 -9999 -9999 0.0
C0G660 2003060302 -9999 -9999 -9999 0.0
C0G660 2003060303 -9999 -9999 -9999 0.0
C0G660 2003060304 -9999 -9999 -9999 0.0
C0G660 2003060305 -9999 -9999 -9999 0.0
C0G660 2003060306 -9999 -9999 -9999 0.0
C0G660 2003060307 -9999 -9999 -9999 0.0
C0G660 2003060308 -9999 -9999 -9999 0.0
C0G660 2003060309 -9999 -9999 -9999 0.0
C0G660 2003060310 -9999 -9999 -9999 0.0
C0G660 2003060311 -9999 -9999 -9999 0.0
C0G660 2003060312 -9999 -9999 -9999 0.0
C0G660 2003060313 -9999 -9999 -9999 0.0
C0G660 2003060314 -9999 -9999 -9999 0.0
C0G660 2003060315 -9999 -9999 -9999 0.0
C0G660 2003060316 -9999 -9999 -9999 0.0
C0G660 2003060317 -9999 -9999 -9999 0.0
C0G660 2003060318 -9999 -9999 -9999 0.0
C0G660 2003060319 -9999 -9999 -9999 0.0
C0G660 2003060320 -9999 -9999 -9999 0.0
C0G660 2003060321 -9999 -9999 -9999 0.0
C0G660 2003060322 -9999 -9999 -9999 0.0
C0G660 2003060323 -9999 -9999 -9999 0.0
C0G660 2003060324 -9999 -9999 -9999 0.0
C0G660 2003060401 -9999 -9999 -9999 0.0
C0G660 2003060402 -9999 -9999 -9999 0.0
C0G660 2003060403 -9999 -9999 -9999 0.0
C0G660 2003060404 -9999 -9999 -9999 0.0
C0G660 2003060405 -9999 -9999 -9999 0.0
C0G660 2003060406 -9999 -9999 -9999 0.0
C0G660 2003060407 -9999 -9999 -9999 0.0
C0G660 2003060408 -9999 -9999 -9999 0.0
C0G660 2003060409 -9999 -9999 -9999 0.0
C0G660 2003060410 -9999 -9999 -9999 0.0
C0G660 2003060411 -9999 -9999 -9999 0.0
C0G660 2003060412 -9999 -9999 -9999 0.0
C0G660 2003060413 -9999 -9999 -9999 0.0
C0G660 2003060414 -9999 -9999 -9999 0.0
C0G660 2003060415 -9999 -9999 -9999 0.0
C0G660 2003060416 -9999 -9999 -9999 0.0
C0G660 2003060417 -9999 -9999 -9999 0.0
C0G660 2003060418 -9999 -9999 -9999 0.0
C0G660 2003060419 -9999 -9999 -9999 0.0
C0G660 2003060420 -9999 -9999 -9999 0.0
C0G660 2003060421 -9999 -9999 -9999 0.0
C0G660 2003060422 -9999 -9999 -9999 0.0
C0G660 2003060423 -9999 -9999 -9999 0.0
C0G660 2003060424 -9999 -9999 -9999 0.0
C0G660 2003060501 -9999 -9999 -9999 0.0
C0G660 2003060502 -9999 -9999 -9999 0.0
C0G660 2003060503 -9999 -9999 -9999 0.0
C0G660 2003060504 -9999 -9999 -9999 0.0
C0G660 2003060505 -9999 -9999 -9999 0.0
C0G660 2003060506 -9999 -9999 -9999 0.0
C0G660 2003060507 -9999 -9999 -9999 0.0
C0G660 2003060508 -9999 -9999 -9999 0.0
C0G660 2003060509 -9999 -9999 -9999 0.0
C0G660 2003060510 -9999 -9999 -9999 0.0
C0G660 2003060511 -9999 -9999 -9999 0.0
C0G660 2003060512 -9999 -9999 -9999 0.0
C0G660 2003060513 -9999 -9999 -9999 0.0
C0G660 2003060514 -9999 -9999 -9999 0.0
C0G660 2003060515 -9999 -9999 -9999 0.0
C0G660 2003060516 -9999 -9999 -9999 0.0
C0G660 2003060517 -9999 -9999 -9999 0.0
C0G660 2003060518 -9999 -9999 -9999 0.0
C0G660 2003060519 -9999 -9999 -9999 0.0
C0G660 2003060520 -9999 -9999 -9999 0.0
C0G660 2003060521 -9999 -9999 -9999 0.0
C0G660 2003060522 -9999 -9999 -9999 0.0
C0G660 2003060523 -9999 -9999 -9999 0.0
C0G660 2003060524 -9999 -9999 -9999 0.0
C0G660 2003060601 -9999 -9999 -9999 0.0
C0G660 2003060602 -9999 -9999 -9999 0.0
C0G660 2003060603 -9999 -9999 -9999 0.0
C0G660 2003060604 -9999 -9999 -9999 0.0
C0G660 2003060605 -9999 -9999 -9999 0.0
C0G660 2003060606 -9999 -9999 -9999 0.0
C0G660 2003060607 -9999 -9999 -9999 0.0
C0G660 2003060608 -9999 -9999 -9999 0.0
C0G660 2003060609 -9999 -9999 -9999 0.0
C0G660 2003060610 -9999 -9999 -9999 0.0
C0G660 2003060611 -9999 -9999 -9999 0.0
C0G660 2003060612 -9999 -9999 -9999 0.0
C0G660 2003060613 -9999 -9999 -9999 0.0
C0G660 2003060614 -9999 -9999 -9999 0.0
C0G660 2003060615 -9999 -9999 -9999 0.0
C0G660 2003060616 -9999 -9999 -9999 0.0
C0G660 2003060617 -9999 -9999 -9999 0.0
C0G660 2003060618 -9999 -9999 -9999 0.0
C0G660 2003060619 -9999 -9999 -9999 0.0
C0G660 2003060620 -9999 -9999 -9999 0.0
C0G660 2003060621 -9999 -9999 -9999 0.0
C0G660 2003060622 -9999 -9999 -9999 0.0
C0G660 2003060623 -9999 -9999 -9999 0.0
C0G660 2003060624 -9999 -9999 -9999 0.5
C0G660 2003060701 -9999 -9999 -9999 1.0
C0G660 2003060702 -9999 -9999 -9999 0.5
C0G660 2003060703 -9999 -9999 -9999 0.5
C0G660 2003060704 -9999 -9999 -9999 0.0
C0G660 2003060705 -9999 -9999 -9999 5.5
C0G660 2003060706 -9999 -9999 -9999 9.5
C0G660 2003060707 -9999 -9999 -9999 1.5
C0G660 2003060708 -9999 -9999 -9999 0.0
C0G660 2003060709 -9999 -9999 -9999 0.5
C0G660 2003060710 -9999 -9999 -9999 6.5
C0G660 2003060711 -9999 -9999 -9999 4.5
C0G660 2003060712 -9999 -9999 -9999 1.0
C0G660 2003060713 -9999 -9999 -9999 8.0
C0G660 2003060714 -9999 -9999 -9999 0.5
C0G660 2003060715 -9999 -9999 -9999 12.0
C0G660 2003060716 -9999 -9999 -9999 60.5
C0G660 2003060717 -9999 -9999 -9999 67.0
C0G660 2003060718 -9999 -9999 -9999 16.5
C0G660 2003060719 -9999 -9999 -9999 0.5
C0G660 2003060720 -9999 -9999 -9999 0.5
C0G660 2003060721 -9999 -9999 -9999 0.0
C0G660 2003060722 -9999 -9999 -9999 0.0
C0G660 2003060723 -9999 -9999 -9999 0.0
C0G660 2003060724 -9999 -9999 -9999 0.0
C0G660 2003060801 -9999 -9999 -9999 0.0
C0G660 2003060802 -9999 -9999 -9999 0.0
C0G660 2003060803 -9999 -9999 -9999 0.0
C0G660 2003060804 -9999 -9999 -9999 0.0
C0G660 2003060805 -9999 -9999 -9999 0.0
C0G660 2003060806 -9999 -9999 -9999 0.0
C0G660 2003060807 -9999 -9999 -9999 0.0
C0G660 2003060808 -9999 -9999 -9999 0.0
C0G660 2003060809 -9999 -9999 -9999 0.0
C0G660 2003060810 -9999 -9999 -9999 0.0
C0G660 2003060811 -9999 -9999 -9999 0.0
C0G660 2003060812 -9999 -9999 -9999 0.0
C0G660 2003060813 -9999 -9999 -9999 0.0
C0G660 2003060814 -9999 -9999 -9999 1.0
C0G660 2003060815 -9999 -9999 -9999 1.5
C0G660 2003060816 -9999 -9999 -9999 0.0
C0G660 2003060817 -9999 -9999 -9999 0.0
C0G660 2003060818 -9999 -9999 -9999 0.0
C0G660 2003060819 -9999 -9999 -9999 0.0
C0G660 2003060820 -9999 -9999 -9999 0.0
C0G660 2003060821 -9999 -9999 -9999 0.0
C0G660 2003060822 -9999 -9999 -9999 0.0
C0G660 2003060823 -9999 -9999 -9999 0.0
C0G660 2003060824 -9999 -9999 -9999 0.0
C0G660 2003060901 -9999 -9999 -9999 0.0
C0G660 2003060902 -9999 -9999 -9999 0.0
C0G660 2003060903 -9999 -9999 -9999 0.0
C0G660 2003060904 -9999 -9999 -9999 0.0
C0G660 2003060905 -9999 -9999 -9999 0.0
C0G660 2003060906 -9999 -9999 -9999 0.5
C0G660 2003060907 -9999 -9999 -9999 0.0
C0G660 2003060908 -9999 -9999 -9999 0.0
C0G660 2003060909 -9999 -9999 -9999 0.0
C0G660 2003060910 -9999 -9999 -9999 0.0
C0G660 2003060911 -9999 -9999 -9999 0.0
C0G660 2003060912 -9999 -9999 -9999 0.0
C0G660 2003060913 -9999 -9999 -9999 0.0
C0G660 2003060914 -9999 -9999 -9999 0.0
C0G660 2003060915 -9999 -9999 -9999 0.0
C0G660 2003060916 -9999 -9999 -9999 0.0
C0G660 2003060917 -9999 -9999 -9999 0.0
C0G660 2003060918 -9999 -9999 -9999 0.0
C0G660 2003060919 -9999 -9999 -9999 0.0
C0G660 2003060920 -9999 -9999 -9999 0.0
C0G660 2003060921 -9999 -9999 -9999 0.0
C0G660 2003060922 -9999 -9999 -9999 0.0
C0G660 2003060923 -9999 -9999 -9999 0.0
C0G660 2003060924 -9999 -9999 -9999 0.0
C0G660 2003061001 -9999 -9999 -9999 0.0
C0G660 2003061002 -9999 -9999 -9999 0.0
C0G660 2003061003 -9999 -9999 -9999 0.0
C0G660 2003061004 -9999 -9999 -9999 0.0
C0G660 2003061005 -9999 -9999 -9999 0.0
C0G660 2003061006 -9999 -9999 -9999 0.0
C0G660 2003061007 -9999 -9999 -9999 0.0
C0G660 2003061008 -9999 -9999 -9999 0.0
C0G660 2003061009 -9999 -9999 -9999 0.0
C0G660 2003061010 -9999 -9999 -9999 0.0
C0G660 2003061011 -9999 -9999 -9999 0.0
C0G660 2003061012 -9999 -9999 -9999 0.0
C0G660 2003061013 -9999 -9999 -9999 0.0
C0G660 2003061014 -9999 -9999 -9999 0.0
C0G660 2003061015 -9999 -9999 -9999 0.0
C0G660 2003061016 -9999 -9999 -9999 0.0
C0G660 2003061017 -9999 -9999 -9999 0.0
C0G660 2003061018 -9999 -9999 -9999 0.0
C0G660 2003061019 -9999 -9999 -9999 0.0
C0G660 2003061020 -9999 -9999 -9999 0.5
C0G660 2003061021 -9999 -9999 -9999 0.0
C0G660 2003061022 -9999 -9999 -9999 0.0
C0G660 2003061023 -9999 -9999 -9999 0.0
C0G660 2003061024 -9999 -9999 -9999 0.0
C0G660 2003061101 -9999 -9999 -9999 0.0
C0G660 2003061102 -9999 -9999 -9999 0.0
C0G660 2003061103 -9999 -9999 -9999 0.5
C0G660 2003061104 -9999 -9999 -9999 0.0
C0G660 2003061105 -9999 -9999 -9999 0.0
C0G660 2003061106 -9999 -9999 -9999 0.0
C0G660 2003061107 -9999 -9999 -9999 0.0
C0G660 2003061108 -9999 -9999 -9999 0.0
C0G660 2003061109 -9999 -9999 -9999 0.0
C0G660 2003061110 -9999 -9999 -9999 0.0
C0G660 2003061111 -9999 -9999 -9999 0.0
C0G660 2003061112 -9999 -9999 -9999 -9996
C0G660 2003061113 -9999 -9999 -9999 1.5
C0G660 2003061114 -9999 -9999 -9999 2.0
C0G660 2003061115 -9999 -9999 -9999 0.0
C0G660 2003061116 -9999 -9999 -9999 0.0
C0G660 2003061117 -9999 -9999 -9999 0.0
C0G660 2003061118 -9999 -9999 -9999 0.0
C0G660 2003061119 -9999 -9999 -9999 5.5
C0G660 2003061120 -9999 -9999 -9999 2.0
C0G660 2003061121 -9999 -9999 -9999 -9996
C0G660 2003061122 -9999 -9999 -9999 1.0
C0G660 2003061123 -9999 -9999 -9999 0.0
C0G660 2003061124 -9999 -9999 -9999 0.0
C0G660 2003061201 -9999 -9999 -9999 -9996
C0G660 2003061202 -9999 -9999 -9999 0.0
C0G660 2003061203 -9999 -9999 -9999 0.5
C0G660 2003061204 -9999 -9999 -9999 0.5
C0G660 2003061205 -9999 -9999 -9999 31.5
C0G660 2003061206 -9999 -9999 -9999 2.0
C0G660 2003061207 -9999 -9999 -9999 0.0
C0G660 2003061208 -9999 -9999 -9999 0.5
C0G660 2003061209 -9999 -9999 -9999 2.0
C0G660 2003061210 -9999 -9999 -9999 0.0
C0G660 2003061211 -9999 -9999 -9999 0.0
C0G660 2003061212 -9999 -9999 -9999 0.0
C0G660 2003061213 -9999 -9999 -9999 1.0
C0G660 2003061214 -9999 -9999 -9999 0.0
C0G660 2003061215 -9999 -9999 -9999 2.0
C0G660 2003061216 -9999 -9999 -9999 17.0
C0G660 2003061217 -9999 -9999 -9999 0.5
C0G660 2003061218 -9999 -9999 -9999 0.0
C0G660 2003061219 -9999 -9999 -9999 0.0
C0G660 2003061220 -9999 -9999 -9999 0.0
C0G660 2003061221 -9999 -9999 -9999 0.0
C0G660 2003061222 -9999 -9999 -9999 0.0
C0G660 2003061223 -9999 -9999 -9999 0.0
C0G660 2003061224 -9999 -9999 -9999 0.0
C0G660 2003061301 -9999 -9999 -9999 -9996
C0G660 2003061302 -9999 -9999 -9999 0.0
C0G660 2003061303 -9999 -9999 -9999 0.0
C0G660 2003061304 -9999 -9999 -9999 0.0
C0G660 2003061305 -9999 -9999 -9999 0.0
C0G660 2003061306 -9999 -9999 -9999 0.0
C0G660 2003061307 -9999 -9999 -9999 0.0
C0G660 2003061308 -9999 -9999 -9999 1.5
C0G660 2003061309 -9999 -9999 -9999 -9996
C0G660 2003061310 -9999 -9999 -9999 0.5
C0G660 2003061311 -9999 -9999 -9999 0.0
C0G660 2003061312 -9999 -9999 -9999 0.0
C0G660 2003061313 -9999 -9999 -9999 0.0
C0G660 2003061314 -9999 -9999 -9999 0.5
C0G660 2003061315 -9999 -9999 -9999 0.0
C0G660 2003061316 -9999 -9999 -9999 2.0
C0G660 2003061317 -9999 -9999 -9999 0.0
C0G660 2003061318 -9999 -9999 -9999 0.0
C0G660 2003061319 -9999 -9999 -9999 0.0
C0G660 2003061320 -9999 -9999 -9999 0.0
C0G660 2003061321 -9999 -9999 -9999 1.0
C0G660 2003061322 -9999 -9999 -9999 0.5
C0G660 2003061323 -9999 -9999 -9999 0.0
C0G660 2003061324 -9999 -9999 -9999 0.0
C0G660 2003061401 -9999 -9999 -9999 0.0
C0G660 2003061402 -9999 -9999 -9999 0.0
C0G660 2003061403 -9999 -9999 -9999 0.0
C0G660 2003061404 -9999 -9999 -9999 0.0
C0G660 2003061405 -9999 -9999 -9999 0.0
C0G660 2003061406 -9999 -9999 -9999 0.0
C0G660 2003061407 -9999 -9999 -9999 0.0
C0G660 2003061408 -9999 -9999 -9999 0.0
C0G660 2003061409 -9999 -9999 -9999 0.0
C0G660 2003061410 -9999 -9999 -9999 0.0
C0G660 2003061411 -9999 -9999 -9999 0.0
C0G660 2003061412 -9999 -9999 -9999 0.0
C0G660 2003061413 -9999 -9999 -9999 0.0
C0G660 2003061414 -9999 -9999 -9999 0.0
C0G660 2003061415 -9999 -9999 -9999 0.0
C0G660 2003061416 -9999 -9999 -9999 0.0
C0G660 2003061417 -9999 -9999 -9999 0.0
C0G660 2003061418 -9999 -9999 -9999 0.0
C0G660 2003061419 -9999 -9999 -9999 0.0
C0G660 2003061420 -9999 -9999 -9999 0.0
C0G660 2003061421 -9999 -9999 -9999 0.0
C0G660 2003061422 -9999 -9999 -9999 0.0
C0G660 2003061423 -9999 -9999 -9999 0.0
C0G660 2003061424 -9999 -9999 -9999 0.0
C0G660 2003061501 -9999 -9999 -9999 0.0
C0G660 2003061502 -9999 -9999 -9999 0.0
C0G660 2003061503 -9999 -9999 -9999 0.0
C0G660 2003061504 -9999 -9999 -9999 0.0
C0G660 2003061505 -9999 -9999 -9999 0.0
C0G660 2003061506 -9999 -9999 -9999 0.0
C0G660 2003061507 -9999 -9999 -9999 0.0
C0G660 2003061508 -9999 -9999 -9999 0.0
C0G660 2003061509 -9999 -9999 -9999 0.0
C0G660 2003061510 -9999 -9999 -9999 0.0
C0G660 2003061511 -9999 -9999 -9999 0.0
C0G660 2003061512 -9999 -9999 -9999 0.0
C0G660 2003061513 -9999 -9999 -9999 0.0
C0G660 2003061514 -9999 -9999 -9999 0.0
C0G660 2003061515 -9999 -9999 -9999 0.0
C0G660 2003061516 -9999 -9999 -9999 0.0
C0G660 2003061517 -9999 -9999 -9999 0.0
C0G660 2003061518 -9999 -9999 -9999 0.0
C0G660 2003061519 -9999 -9999 -9999 0.0
C0G660 2003061520 -9999 -9999 -9999 0.0
C0G660 2003061521 -9999 -9999 -9999 0.0
C0G660 2003061522 -9999 -9999 -9999 0.0
C0G660 2003061523 -9999 -9999 -9999 0.0
C0G660 2003061524 -9999 -9999 -9999 0.0
C0G660 2003061601 -9999 -9999 -9999 -9996
C0G660 2003061602 -9999 -9999 -9999 0.0
C0G660 2003061603 -9999 -9999 -9999 0.0
C0G660 2003061604 -9999 -9999 -9999 0.0
C0G660 2003061605 -9999 -9999 -9999 0.0
C0G660 2003061606 -9999 -9999 -9999 0.0
C0G660 2003061607 -9999 -9999 -9999 0.0
C0G660 2003061608 -9999 -9999 -9999 0.0
C0G660 2003061609 -9999 -9999 -9999 0.0
C0G660 2003061610 -9999 -9999 -9999 0.0
C0G660 2003061611 -9999 -9999 -9999 0.0
C0G660 2003061612 -9999 -9999 -9999 0.0
C0G660 2003061613 -9999 -9999 -9999 0.0
C0G660 2003061614 -9999 -9999 -9999 0.0
C0G660 2003061615 -9999 -9999 -9999 0.0
C0G660 2003061616 -9999 -9999 -9999 0.0
C0G660 2003061617 -9999 -9999 -9999 0.0
C0G660 2003061618 -9999 -9999 -9999 0.0
C0G660 2003061619 -9999 -9999 -9999 0.0
C0G660 2003061620 -9999 -9999 -9999 0.0
C0G660 2003061621 -9999 -9999 -9999 0.0
C0G660 2003061622 -9999 -9999 -9999 0.0
C0G660 2003061623 -9999 -9999 -9999 0.0
C0G660 2003061624 -9999 -9999 -9999 0.0
C0G660 2003061701 -9999 -9999 -9999 0.0
C0G660 2003061702 -9999 -9999 -9999 0.0
C0G660 2003061703 -9999 -9999 -9999 0.0
C0G660 2003061704 -9999 -9999 -9999 0.0
C0G660 2003061705 -9999 -9999 -9999 0.0
C0G660 2003061706 -9999 -9999 -9999 0.0
C0G660 2003061707 -9999 -9999 -9999 0.0
C0G660 2003061708 -9999 -9999 -9999 0.0
C0G660 2003061709 -9999 -9999 -9999 0.0
C0G660 2003061710 -9999 -9999 -9999 0.0
C0G660 2003061711 -9999 -9999 -9999 0.0
C0G660 2003061712 -9999 -9999 -9999 0.0
C0G660 2003061713 -9999 -9999 -9999 0.0
C0G660 2003061714 -9999 -9999 -9999 0.0
C0G660 2003061715 -9999 -9999 -9999 0.0
C0G660 2003061716 -9999 -9999 -9999 0.0
C0G660 2003061717 -9999 -9999 -9999 0.0
C0G660 2003061718 -9999 -9999 -9999 0.0
C0G660 2003061719 -9999 -9999 -9999 0.0
C0G660 2003061720 -9999 -9999 -9999 0.0
C0G660 2003061721 -9999 -9999 -9999 0.0
C0G660 2003061722 -9999 -9999 -9999 0.0
C0G660 2003061723 -9999 -9999 -9999 0.0
C0G660 2003061724 -9999 -9999 -9999 0.0
C0G660 2003061801 -9999 -9999 -9999 0.0
C0G660 2003061802 -9999 -9999 -9999 0.0
C0G660 2003061803 -9999 -9999 -9999 -9996
C0G660 2003061804 -9999 -9999 -9999 0.5
C0G660 2003061805 -9999 -9999 -9999 0.5
C0G660 2003061806 -9999 -9999 -9999 0.5
C0G660 2003061807 -9999 -9999 -9999 0.0
C0G660 2003061808 -9999 -9999 -9999 3.0
C0G660 2003061809 -9999 -9999 -9999 0.5
C0G660 2003061810 -9999 -9999 -9999 1.0
C0G660 2003061811 -9999 -9999 -9999 1.0
C0G660 2003061812 -9999 -9999 -9999 0.5
C0G660 2003061813 -9999 -9999 -9999 0.0
C0G660 2003061814 -9999 -9999 -9999 0.0
C0G660 2003061815 -9999 -9999 -9999 0.0
C0G660 2003061816 -9999 -9999 -9999 0.0
C0G660 2003061817 -9999 -9999 -9999 0.0
C0G660 2003061818 -9999 -9999 -9999 0.0
C0G660 2003061819 -9999 -9999 -9999 0.0
C0G660 2003061820 -9999 -9999 -9999 0.0
C0G660 2003061821 -9999 -9999 -9999 0.0
C0G660 2003061822 -9999 -9999 -9999 0.0
C0G660 2003061823 -9999 -9999 -9999 0.0
C0G660 2003061824 -9999 -9999 -9999 0.0
C0G660 2003061901 -9999 -9999 -9999 0.0
C0G660 2003061902 -9999 -9999 -9999 0.0
C0G660 2003061903 -9999 -9999 -9999 0.0
C0G660 2003061904 -9999 -9999 -9999 0.0
C0G660 2003061905 -9999 -9999 -9999 0.0
C0G660 2003061906 -9999 -9999 -9999 0.0
C0G660 2003061907 -9999 -9999 -9999 0.0
C0G660 2003061908 -9999 -9999 -9999 0.0
C0G660 2003061909 -9999 -9999 -9999 0.0
C0G660 2003061910 -9999 -9999 -9999 0.0
C0G660 2003061911 -9999 -9999 -9999 0.0
C0G660 2003061912 -9999 -9999 -9999 0.0
C0G660 2003061913 -9999 -9999 -9999 0.0
C0G660 2003061914 -9999 -9999 -9999 0.0
C0G660 2003061915 -9999 -9999 -9999 0.0
C0G660 2003061916 -9999 -9999 -9999 0.0
C0G660 2003061917 -9999 -9999 -9999 0.0
C0G660 2003061918 -9999 -9999 -9999 0.0
C0G660 2003061919 -9999 -9999 -9999 0.0
C0G660 2003061920 -9999 -9999 -9999 0.0
C0G660 2003061921 -9999 -9999 -9999 0.0
C0G660 2003061922 -9999 -9999 -9999 0.0
C0G660 2003061923 -9999 -9999 -9999 0.0
C0G660 2003061924 -9999 -9999 -9999 0.0
C0G660 2003062001 -9999 -9999 -9999 0.0
C0G660 2003062002 -9999 -9999 -9999 0.0
C0G660 2003062003 -9999 -9999 -9999 0.0
C0G660 2003062004 -9999 -9999 -9999 0.0
C0G660 2003062005 -9999 -9999 -9999 0.0
C0G660 2003062006 -9999 -9999 -9999 5.5
C0G660 2003062007 -9999 -9999 -9999 0.5
C0G660 2003062008 -9999 -9999 -9999 0.0
C0G660 2003062009 -9999 -9999 -9999 0.0
C0G660 2003062010 -9999 -9999 -9999 0.5
C0G660 2003062011 -9999 -9999 -9999 0.0
C0G660 2003062012 -9999 -9999 -9999 0.0
C0G660 2003062013 -9999 -9999 -9999 0.0
C0G660 2003062014 -9999 -9999 -9999 0.0
C0G660 2003062015 -9999 -9999 -9999 0.0
C0G660 2003062016 -9999 -9999 -9999 0.0
C0G660 2003062017 -9999 -9999 -9999 1.0
C0G660 2003062018 -9999 -9999 -9999 0.5
C0G660 2003062019 -9999 -9999 -9999 0.0
C0G660 2003062020 -9999 -9999 -9999 0.0
C0G660 2003062021 -9999 -9999 -9999 0.0
C0G660 2003062022 -9999 -9999 -9999 0.0
C0G660 2003062023 -9999 -9999 -9999 0.0
C0G660 2003062024 -9999 -9999 -9999 0.0
C0G660 2003062101 -9999 -9999 -9999 0.0
C0G660 2003062102 -9999 -9999 -9999 0.0
C0G660 2003062103 -9999 -9999 -9999 0.0
C0G660 2003062104 -9999 -9999 -9999 0.0
C0G660 2003062105 -9999 -9999 -9999 0.0
C0G660 2003062106 -9999 -9999 -9999 0.0
C0G660 2003062107 -9999 -9999 -9999 0.0
C0G660 2003062108 -9999 -9999 -9999 0.0
C0G660 2003062109 -9999 -9999 -9999 0.0
C0G660 2003062110 -9999 -9999 -9999 0.0
C0G660 2003062111 -9999 -9999 -9999 0.0
C0G660 2003062112 -9999 -9999 -9999 0.0
C0G660 2003062113 -9999 -9999 -9999 0.0
C0G660 2003062114 -9999 -9999 -9999 0.0
C0G660 2003062115 -9999 -9999 -9999 0.0
C0G660 2003062116 -9999 -9999 -9999 0.0
C0G660 2003062117 -9999 -9999 -9999 0.0
C0G660 2003062118 -9999 -9999 -9999 0.0
C0G660 2003062119 -9999 -9999 -9999 0.0
C0G660 2003062120 -9999 -9999 -9999 0.0
C0G660 2003062121 -9999 -9999 -9999 0.0
C0G660 2003062122 -9999 -9999 -9999 0.0
C0G660 2003062123 -9999 -9999 -9999 0.0
C0G660 2003062124 -9999 -9999 -9999 0.0
C0G660 2003062201 -9999 -9999 -9999 0.0
C0G660 2003062202 -9999 -9999 -9999 0.0
C0G660 2003062203 -9999 -9999 -9999 0.0
C0G660 2003062204 -9999 -9999 -9999 0.0
C0G660 2003062205 -9999 -9999 -9999 0.0
C0G660 2003062206 -9999 -9999 -9999 0.0
C0G660 2003062207 -9999 -9999 -9999 0.0
C0G660 2003062208 -9999 -9999 -9999 0.0
C0G660 2003062209 -9999 -9999 -9999 0.0
C0G660 2003062210 -9999 -9999 -9999 0.0
C0G660 2003062211 -9999 -9999 -9999 0.0
C0G660 2003062212 -9999 -9999 -9999 0.0
C0G660 2003062213 -9999 -9999 -9999 0.0
C0G660 2003062214 -9999 -9999 -9999 0.0
C0G660 2003062215 -9999 -9999 -9999 0.0
C0G660 2003062216 -9999 -9999 -9999 0.0
C0G660 2003062217 -9999 -9999 -9999 0.0
C0G660 2003062218 -9999 -9999 -9999 0.0
C0G660 2003062219 -9999 -9999 -9999 0.0
C0G660 2003062220 -9999 -9999 -9999 0.0
C0G660 2003062221 -9999 -9999 -9999 0.0
C0G660 2003062222 -9999 -9999 -9999 0.0
C0G660 2003062223 -9999 -9999 -9999 0.0
C0G660 2003062224 -9999 -9999 -9999 0.0
C0G660 2003062301 -9999 -9999 -9999 0.0
C0G660 2003062302 -9999 -9999 -9999 0.0
C0G660 2003062303 -9999 -9999 -9999 0.0
C0G660 2003062304 -9999 -9999 -9999 0.0
C0G660 2003062305 -9999 -9999 -9999 0.0
C0G660 2003062306 -9999 -9999 -9999 0.0
C0G660 2003062307 -9999 -9999 -9999 0.0
C0G660 2003062308 -9999 -9999 -9999 0.0
C0G660 2003062309 -9999 -9999 -9999 0.0
C0G660 2003062310 -9999 -9999 -9999 0.0
C0G660 2003062311 -9999 -9999 -9999 0.0
C0G660 2003062312 -9999 -9999 -9999 0.0
C0G660 2003062313 -9999 -9999 -9999 0.0
C0G660 2003062314 -9999 -9999 -9999 0.0
C0G660 2003062315 -9999 -9999 -9999 0.0
C0G660 2003062316 -9999 -9999 -9999 0.0
C0G660 2003062317 -9999 -9999 -9999 0.0
C0G660 2003062318 -9999 -9999 -9999 0.0
C0G660 2003062319 -9999 -9999 -9999 0.0
C0G660 2003062320 -9999 -9999 -9999 0.0
C0G660 2003062321 -9999 -9999 -9999 0.0
C0G660 2003062322 -9999 -9999 -9999 0.0
C0G660 2003062323 -9999 -9999 -9999 0.0
C0G660 2003062324 -9999 -9999 -9999 0.0
C0G660 2003062401 -9999 -9999 -9999 0.0
C0G660 2003062402 -9999 -9999 -9999 0.0
C0G660 2003062403 -9999 -9999 -9999 0.0
C0G660 2003062404 -9999 -9999 -9999 0.0
C0G660 2003062405 -9999 -9999 -9999 0.0
C0G660 2003062406 -9999 -9999 -9999 0.0
C0G660 2003062407 -9999 -9999 -9999 0.0
C0G660 2003062408 -9999 -9999 -9999 0.0
C0G660 2003062409 -9999 -9999 -9999 0.0
C0G660 2003062410 -9999 -9999 -9999 0.0
C0G660 2003062411 -9999 -9999 -9999 0.0
C0G660 2003062412 -9999 -9999 -9999 0.0
C0G660 2003062413 -9999 -9999 -9999 0.0
C0G660 2003062414 -9999 -9999 -9999 0.0
C0G660 2003062415 -9999 -9999 -9999 0.0
C0G660 2003062416 -9999 -9999 -9999 0.0
C0G660 2003062417 -9999 -9999 -9999 0.0
C0G660 2003062418 -9999 -9999 -9999 0.0
C0G660 2003062419 -9999 -9999 -9999 0.0
C0G660 2003062420 -9999 -9999 -9999 0.0
C0G660 2003062421 -9999 -9999 -9999 0.0
C0G660 2003062422 -9999 -9999 -9999 0.0
C0G660 2003062423 -9999 -9999 -9999 0.0
C0G660 2003062424 -9999 -9999 -9999 0.0
C0G660 2003062501 -9999 -9999 -9999 0.0
C0G660 2003062502 -9999 -9999 -9999 0.0
C0G660 2003062503 -9999 -9999 -9999 0.0
C0G660 2003062504 -9999 -9999 -9999 0.0
C0G660 2003062505 -9999 -9999 -9999 0.0
C0G660 2003062506 -9999 -9999 -9999 0.0
C0G660 2003062507 -9999 -9999 -9999 0.0
C0G660 2003062508 -9999 -9999 -9999 0.0
C0G660 2003062509 -9999 -9999 -9999 0.0
C0G660 2003062510 -9999 -9999 -9999 0.0
C0G660 2003062511 -9999 -9999 -9999 0.0
C0G660 2003062512 -9999 -9999 -9999 0.0
C0G660 2003062513 -9999 -9999 -9999 0.0
C0G660 2003062514 -9999 -9999 -9999 0.0
C0G660 2003062515 -9999 -9999 -9999 0.0
C0G660 2003062516 -9999 -9999 -9999 0.0
C0G660 2003062517 -9999 -9999 -9999 0.0
C0G660 2003062518 -9999 -9999 -9999 0.0
C0G660 2003062519 -9999 -9999 -9999 0.0
C0G660 2003062520 -9999 -9999 -9999 0.0
C0G660 2003062521 -9999 -9999 -9999 0.0
C0G660 2003062522 -9999 -9999 -9999 0.0
C0G660 2003062523 -9999 -9999 -9999 0.0
C0G660 2003062524 -9999 -9999 -9999 0.0
C0G660 2003062601 -9999 -9999 -9999 0.0
C0G660 2003062602 -9999 -9999 -9999 0.0
C0G660 2003062603 -9999 -9999 -9999 0.0
C0G660 2003062604 -9999 -9999 -9999 0.0
C0G660 2003062605 -9999 -9999 -9999 0.0
C0G660 2003062606 -9999 -9999 -9999 0.0
C0G660 2003062607 -9999 -9999 -9999 0.0
C0G660 2003062608 -9999 -9999 -9999 0.0
C0G660 2003062609 -9999 -9999 -9999 0.0
C0G660 2003062610 -9999 -9999 -9999 0.0
C0G660 2003062611 -9999 -9999 -9999 0.0
C0G660 2003062612 -9999 -9999 -9999 0.0
C0G660 2003062613 -9999 -9999 -9999 3.5
C0G660 2003062614 -9999 -9999 -9999 10.5
C0G660 2003062615 -9999 -9999 -9999 6.5
C0G660 2003062616 -9999 -9999 -9999 1.0
C0G660 2003062617 -9999 -9999 -9999 0.0
C0G660 2003062618 -9999 -9999 -9999 0.0
C0G660 2003062619 -9999 -9999 -9999 0.0
C0G660 2003062620 -9999 -9999 -9999 0.0
C0G660 2003062621 -9999 -9999 -9999 0.0
C0G660 2003062622 -9999 -9999 -9999 0.0
C0G660 2003062623 -9999 -9999 -9999 0.0
C0G660 2003062624 -9999 -9999 -9999 0.0
C0G660 2003062701 -9999 -9999 -9999 0.0
C0G660 2003062702 -9999 -9999 -9999 0.0
C0G660 2003062703 -9999 -9999 -9999 0.0
C0G660 2003062704 -9999 -9999 -9999 0.0
C0G660 2003062705 -9999 -9999 -9999 0.0
C0G660 2003062706 -9999 -9999 -9999 0.0
C0G660 2003062707 -9999 -9999 -9999 0.0
C0G660 2003062708 -9999 -9999 -9999 0.0
C0G660 2003062709 -9999 -9999 -9999 0.0
C0G660 2003062710 -9999 -9999 -9999 0.0
C0G660 2003062711 -9999 -9999 -9999 0.0
C0G660 2003062712 -9999 -9999 -9999 0.0
C0G660 2003062713 -9999 -9999 -9999 0.0
C0G660 2003062714 -9999 -9999 -9999 0.0
C0G660 2003062715 -9999 -9999 -9999 0.0
C0G660 2003062716 -9999 -9999 -9999 0.0
C0G660 2003062717 -9999 -9999 -9999 0.0
C0G660 2003062718 -9999 -9999 -9999 0.0
C0G660 2003062719 -9999 -9999 -9999 0.0
C0G660 2003062720 -9999 -9999 -9999 0.0
C0G660 2003062721 -9999 -9999 -9999 0.0
C0G660 2003062722 -9999 -9999 -9999 0.0
C0G660 2003062723 -9999 -9999 -9999 0.0
C0G660 2003062724 -9999 -9999 -9999 0.0
C0G660 2003062801 -9999 -9999 -9999 0.0
C0G660 2003062802 -9999 -9999 -9999 0.0
C0G660 2003062803 -9999 -9999 -9999 0.0
C0G660 2003062804 -9999 -9999 -9999 0.0
C0G660 2003062805 -9999 -9999 -9999 0.0
C0G660 2003062806 -9999 -9999 -9999 0.0
C0G660 2003062807 -9999 -9999 -9999 0.0
C0G660 2003062808 -9999 -9999 -9999 0.0
C0G660 2003062809 -9999 -9999 -9999 0.0
C0G660 2003062810 -9999 -9999 -9999 0.0
C0G660 2003062811 -9999 -9999 -9999 0.0
C0G660 2003062812 -9999 -9999 -9999 0.0
C0G660 2003062813 -9999 -9999 -9999 0.0
C0G660 2003062814 -9999 -9999 -9999 0.0
C0G660 2003062815 -9999 -9999 -9999 0.0
C0G660 2003062816 -9999 -9999 -9999 0.0
C0G660 2003062817 -9999 -9999 -9999 0.0
C0G660 2003062818 -9999 -9999 -9999 0.0
C0G660 2003062819 -9999 -9999 -9999 0.0
C0G660 2003062820 -9999 -9999 -9999 0.0
C0G660 2003062821 -9999 -9999 -9999 0.0
C0G660 2003062822 -9999 -9999 -9999 0.0
C0G660 2003062823 -9999 -9999 -9999 0.0
C0G660 2003062824 -9999 -9999 -9999 0.0
C0G660 2003062901 -9999 -9999 -9999 0.0
C0G660 2003062902 -9999 -9999 -9999 0.0
C0G660 2003062903 -9999 -9999 -9999 0.0
C0G660 2003062904 -9999 -9999 -9999 0.0
C0G660 2003062905 -9999 -9999 -9999 0.0
C0G660 2003062906 -9999 -9999 -9999 0.0
C0G660 2003062907 -9999 -9999 -9999 0.0
C0G660 2003062908 -9999 -9999 -9999 0.0
C0G660 2003062909 -9999 -9999 -9999 0.0
C0G660 2003062910 -9999 -9999 -9999 0.0
C0G660 2003062911 -9999 -9999 -9999 0.0
C0G660 2003062912 -9999 -9999 -9999 0.0
C0G660 2003062913 -9999 -9999 -9999 0.0
C0G660 2003062914 -9999 -9999 -9999 0.0
C0G660 2003062915 -9999 -9999 -9999 0.0
C0G660 2003062916 -9999 -9999 -9999 0.0
C0G660 2003062917 -9999 -9999 -9999 0.0
C0G660 2003062918 -9999 -9999 -9999 0.0
C0G660 2003062919 -9999 -9999 -9999 0.0
C0G660 2003062920 -9999 -9999 -9999 0.0
C0G660 2003062921 -9999 -9999 -9999 0.0
C0G660 2003062922 -9999 -9999 -9999 0.0
C0G660 2003062923 -9999 -9999 -9999 0.0
C0G660 2003062924 -9999 -9999 -9999 0.0
C0G660 2003063001 -9999 -9999 -9999 0.0
C0G660 2003063002 -9999 -9999 -9999 0.0
C0G660 2003063003 -9999 -9999 -9999 0.0
C0G660 2003063004 -9999 -9999 -9999 0.0
C0G660 2003063005 -9999 -9999 -9999 0.0
C0G660 2003063006 -9999 -9999 -9999 0.0
C0G660 2003063007 -9999 -9999 -9999 0.0
C0G660 2003063008 -9999 -9999 -9999 0.0
C0G660 2003063009 -9999 -9999 -9999 0.0
C0G660 2003063010 -9999 -9999 -9999 0.0
C0G660 2003063011 -9999 -9999 -9999 0.0
C0G660 2003063012 -9999 -9999 -9999 0.0
C0G660 2003063013 -9999 -9999 -9999 0.0
C0G660 2003063014 -9999 -9999 -9999 0.0
C0G660 2003063015 -9999 -9999 -9999 0.0
C0G660 2003063016 -9999 -9999 -9999 0.0
C0G660 2003063017 -9999 -9999 -9999 0.0
C0G660 2003063018 -9999 -9999 -9999 0.0
C0G660 2003063019 -9999 -9999 -9999 0.0
C0G660 2003063020 -9999 -9999 -9999 0.0
C0G660 2003063021 -9999 -9999 -9999 0.0
C0G660 2003063022 -9999 -9999 -9999 0.0
C0G660 2003063023 -9999 -9999 -9999 0.0
C0G660 2003063024 -9999 -9999 -9999 0.0
