C0G650 2003070101 27.3 -9997 0.1 0.0
C0G650 2003070102 27.1 -9997 0.1 0.0
C0G650 2003070103 26.9 -9997 0.1 0.0
C0G650 2003070104 26.4 -9997 0.0 0.0
C0G650 2003070105 26.0 -9997 0.0 0.0
C0G650 2003070106 26.3 -9997 0.0 0.0
C0G650 2003070107 28.2 -9997 0.3 0.0
C0G650 2003070108 29.9 -9997 1.3 0.0
C0G650 2003070109 31.1 -9997 1.2 0.0
C0G650 2003070110 33.5 -9997 0.7 0.0
C0G650 2003070111 32.1 -9997 1.5 0.0
C0G650 2003070112 30.9 -9997 0.5 0.0
C0G650 2003070113 31.9 -9997 1.2 0.0
C0G650 2003070114 31.0 -9997 0.6 0.0
C0G650 2003070115 28.5 -9997 0.2 0.5
C0G650 2003070116 29.7 -9997 0.0 0.0
C0G650 2003070117 30.8 -9997 0.2 0.0
C0G650 2003070118 30.4 -9997 0.5 0.0
C0G650 2003070119 29.1 -9997 0.0 0.0
C0G650 2003070120 27.9 -9997 0.0 0.0
C0G650 2003070121 27.4 -9997 0.0 0.0
C0G650 2003070122 26.8 -9997 0.0 0.0
C0G650 2003070123 26.5 -9997 0.0 0.0
C0G650 2003070124 26.5 -9997 0.0 0.0
C0G650 2003070201 26.4 -9997 0.0 0.0
C0G650 2003070202 26.2 -9997 0.0 0.0
C0G650 2003070203 26.0 -9997 0.0 0.0
C0G650 2003070204 25.6 -9997 0.0 0.0
C0G650 2003070205 25.6 -9997 0.0 0.0
C0G650 2003070206 26.0 -9997 0.0 0.0
C0G650 2003070207 28.0 -9997 0.5 0.0
C0G650 2003070208 29.5 -9997 0.5 0.0
C0G650 2003070209 31.8 -9997 0.0 0.0
C0G650 2003070210 31.3 -9997 0.2 0.0
C0G650 2003070211 32.2 -9997 1.7 0.0
C0G650 2003070212 32.2 -9997 0.7 0.0
C0G650 2003070213 33.1 -9997 0.6 0.0
C0G650 2003070214 33.1 -9997 1.3 0.0
C0G650 2003070215 31.5 -9997 1.5 0.0
C0G650 2003070216 31.1 -9997 1.0 0.0
C0G650 2003070217 30.8 -9997 0.7 0.0
C0G650 2003070218 28.4 -9997 0.0 0.0
C0G650 2003070219 28.4 -9997 0.2 0.0
C0G650 2003070220 27.4 -9997 0.0 0.0
C0G650 2003070221 26.8 -9997 0.2 0.0
C0G650 2003070222 27.1 -9997 0.0 0.0
C0G650 2003070223 26.6 -9997 0.1 0.0
C0G650 2003070224 -9997 -9997 0.0 0.0
C0G650 2003070301 26.0 -9997 0.0 0.0
C0G650 2003070302 25.9 -9997 0.0 0.0
C0G650 2003070303 25.8 -9997 0.0 0.0
C0G650 2003070304 25.5 -9997 0.0 0.0
C0G650 2003070305 24.8 -9997 0.0 0.0
C0G650 2003070306 25.8 -9997 0.0 0.0
C0G650 2003070307 27.6 -9997 0.0 0.0
C0G650 2003070308 30.1 -9997 1.1 0.0
C0G650 2003070309 31.1 -9997 1.3 0.0
C0G650 2003070310 32.2 -9997 0.9 0.0
C0G650 2003070311 33.2 -9997 0.5 0.0
C0G650 2003070312 32.7 -9997 2.1 0.0
C0G650 2003070313 33.2 -9997 1.7 0.0
C0G650 2003070314 33.4 -9997 1.3 0.0
C0G650 2003070315 32.5 -9997 2.0 0.0
C0G650 2003070316 31.9 -9997 1.3 0.0
C0G650 2003070317 31.5 -9997 1.5 0.0
C0G650 2003070318 30.6 -9997 0.7 0.0
C0G650 2003070319 -9997 -9997 0.0 0.0
C0G650 2003070320 29.0 -9997 0.0 0.0
C0G650 2003070321 27.7 -9997 0.0 0.0
C0G650 2003070322 27.0 -9997 0.0 0.0
C0G650 2003070323 27.0 -9997 0.0 0.0
C0G650 2003070324 26.8 -9997 0.0 0.0
C0G650 2003070401 26.6 -9997 0.0 0.0
C0G650 2003070402 26.6 -9997 0.0 0.0
C0G650 2003070403 26.0 -9997 0.0 0.0
C0G650 2003070404 25.4 -9997 0.0 0.0
C0G650 2003070405 24.8 -9997 0.0 0.0
C0G650 2003070406 25.2 -9997 0.0 0.0
C0G650 2003070407 27.2 -9997 0.7 0.0
C0G650 2003070408 30.3 -9997 0.4 0.0
C0G650 2003070409 33.4 -9997 0.6 0.0
C0G650 2003070410 33.4 -9997 0.8 0.0
C0G650 2003070411 33.0 -9997 0.8 0.0
C0G650 2003070412 33.2 -9997 1.6 0.0
C0G650 2003070413 32.8 -9997 0.5 0.0
C0G650 2003070414 32.7 -9997 0.3 0.0
C0G650 2003070415 33.1 -9997 0.8 0.0
C0G650 2003070416 31.7 -9997 1.3 0.0
C0G650 2003070417 31.3 -9997 1.0 0.0
C0G650 2003070418 30.3 -9997 0.4 0.0
C0G650 2003070419 29.3 -9997 0.2 0.0
C0G650 2003070420 28.8 -9997 0.0 0.0
C0G650 2003070421 -9997 -9997 0.0 0.0
C0G650 2003070422 28.6 -9997 0.0 0.0
C0G650 2003070423 28.2 -9997 0.5 0.0
C0G650 2003070424 27.7 -9997 0.3 0.0
C0G650 2003070501 27.7 -9997 0.1 0.0
C0G650 2003070502 27.9 -9997 0.8 0.0
C0G650 2003070503 27.4 -9997 0.4 0.0
C0G650 2003070504 27.0 -9997 0.0 0.0
C0G650 2003070505 26.4 -9997 0.1 0.0
C0G650 2003070506 26.6 -9997 0.2 0.0
C0G650 2003070507 28.4 -9997 1.3 0.0
C0G650 2003070508 29.9 -9997 1.7 0.0
C0G650 2003070509 31.9 -9997 1.8 0.0
C0G650 2003070510 33.0 -9997 1.4 0.0
C0G650 2003070511 34.3 -9997 1.0 0.0
C0G650 2003070512 35.3 -9997 2.0 0.0
C0G650 2003070513 34.2 -9997 1.9 0.0
C0G650 2003070514 34.7 -9997 2.2 0.0
C0G650 2003070515 34.7 -9997 1.3 0.0
C0G650 2003070516 32.7 -9997 1.1 0.0
C0G650 2003070517 31.3 -9997 0.9 0.0
C0G650 2003070518 30.7 -9997 0.3 0.0
C0G650 2003070519 30.3 -9997 0.1 0.0
C0G650 2003070520 29.9 -9997 0.7 0.0
C0G650 2003070521 29.5 -9997 0.2 0.0
C0G650 2003070522 28.9 -9997 0.4 0.0
C0G650 2003070523 28.3 -9997 0.0 0.0
C0G650 2003070524 27.5 -9997 0.0 0.0
C0G650 2003070601 28.1 -9997 1.0 -9996
C0G650 2003070602 27.9 -9997 0.8 0.0
C0G650 2003070603 26.9 -9997 0.0 0.0
C0G650 2003070604 26.4 -9997 0.0 0.0
C0G650 2003070605 25.8 -9997 0.0 0.0
C0G650 2003070606 26.9 -9997 0.0 0.0
C0G650 2003070607 27.9 -9997 0.0 0.0
C0G650 2003070608 31.0 -9997 1.8 0.0
C0G650 2003070609 32.3 -9997 2.0 0.0
C0G650 2003070610 33.4 -9997 2.4 0.0
C0G650 2003070611 33.7 -9997 3.1 0.0
C0G650 2003070612 35.1 -9997 1.8 0.0
C0G650 2003070613 35.3 -9997 2.1 0.0
C0G650 2003070614 34.2 -9997 2.5 0.0
C0G650 2003070615 34.3 -9997 2.5 0.0
C0G650 2003070616 33.5 -9997 1.4 0.0
C0G650 2003070617 32.3 -9997 1.8 0.0
C0G650 2003070618 30.4 -9997 1.4 0.0
C0G650 2003070619 28.5 -9997 0.8 0.0
C0G650 2003070620 28.1 -9997 1.1 0.0
C0G650 2003070621 27.6 -9997 0.2 0.0
C0G650 2003070622 27.0 -9997 0.0 0.0
C0G650 2003070623 26.9 -9997 0.0 0.0
C0G650 2003070624 26.6 -9997 0.0 0.0
C0G650 2003070701 26.3 -9997 0.0 -9996
C0G650 2003070702 -9997 -9997 0.0 0.0
C0G650 2003070703 25.0 -9997 0.0 0.0
C0G650 2003070704 24.5 -9997 0.0 0.0
C0G650 2003070705 -9997 -9997 0.0 0.0
C0G650 2003070706 25.9 -9997 0.2 0.0
C0G650 2003070707 27.7 -9997 0.3 0.0
C0G650 2003070708 30.8 -9997 1.4 0.0
C0G650 2003070709 31.7 -9997 1.2 0.0
C0G650 2003070710 32.4 -9997 0.3 0.0
C0G650 2003070711 33.5 -9997 0.6 0.0
C0G650 2003070712 -9997 -9997 2.4 0.0
C0G650 2003070713 34.9 -9997 0.9 0.0
C0G650 2003070714 34.7 -9997 1.1 0.0
C0G650 2003070715 34.5 -9997 2.1 0.0
C0G650 2003070716 34.0 -9997 1.3 0.0
C0G650 2003070717 33.1 -9997 2.0 0.0
C0G650 2003070718 32.2 -9997 0.8 0.0
C0G650 2003070719 31.2 -9997 -9997 0.0
C0G650 2003070720 30.1 -9997 0.3 0.0
C0G650 2003070721 29.4 -9997 0.0 0.0
C0G650 2003070722 28.3 -9997 0.0 0.0
C0G650 2003070723 27.7 -9997 0.0 0.0
C0G650 2003070724 27.2 -9997 0.0 0.0
C0G650 2003070801 27.0 -9997 0.0 0.0
C0G650 2003070802 -9997 -9997 0.0 0.0
C0G650 2003070803 26.5 -9997 0.0 0.0
C0G650 2003070804 26.8 -9997 0.0 0.0
C0G650 2003070805 26.4 -9997 0.0 0.0
C0G650 2003070806 26.9 -9997 0.2 0.0
C0G650 2003070807 28.1 -9997 0.4 0.0
C0G650 2003070808 29.3 -9997 0.2 0.0
C0G650 2003070809 30.3 -9997 0.7 0.0
C0G650 2003070810 33.8 -9997 0.2 0.0
C0G650 2003070811 33.6 -9997 1.4 0.0
C0G650 2003070812 32.9 -9997 2.3 0.0
C0G650 2003070813 32.6 -9997 2.0 0.0
C0G650 2003070814 31.7 -9997 1.0 0.0
C0G650 2003070815 29.3 -9997 1.3 0.0
C0G650 2003070816 29.5 -9997 0.0 0.0
C0G650 2003070817 28.8 -9997 1.7 0.0
C0G650 2003070818 28.4 -9997 0.7 0.0
C0G650 2003070819 27.9 -9997 0.0 0.0
C0G650 2003070820 27.5 -9997 1.0 0.0
C0G650 2003070821 27.4 -9997 0.0 0.0
C0G650 2003070822 27.0 -9997 0.1 0.0
C0G650 2003070823 26.6 -9997 0.0 0.0
C0G650 2003070824 26.2 -9997 0.0 0.0
C0G650 2003070901 25.9 -9997 0.0 0.0
C0G650 2003070902 26.2 -9997 0.0 0.0
C0G650 2003070903 25.1 -9997 0.0 0.0
C0G650 2003070904 25.1 -9997 0.0 0.0
C0G650 2003070905 24.8 -9997 0.0 0.0
C0G650 2003070906 26.4 -9997 0.0 0.0
C0G650 2003070907 28.0 -9997 0.1 0.0
C0G650 2003070908 32.4 -9997 0.1 0.0
C0G650 2003070909 32.4 -9997 0.6 0.0
C0G650 2003070910 34.1 -9997 0.4 0.0
C0G650 2003070911 33.4 -9997 0.1 0.0
C0G650 2003070912 31.9 -9997 0.1 0.0
C0G650 2003070913 33.6 -9997 0.4 0.0
C0G650 2003070914 30.2 -9997 0.4 0.5
C0G650 2003070915 30.2 -9997 0.6 2.0
C0G650 2003070916 26.5 -9997 2.9 0.0
C0G650 2003070917 22.7 -9997 0.0 9.5
C0G650 2003070918 24.5 -9997 2.9 0.5
C0G650 2003070919 25.7 -9997 0.6 0.0
C0G650 2003070920 25.9 -9997 0.0 0.0
C0G650 2003070921 25.0 -9997 0.0 0.0
C0G650 2003070922 24.9 -9997 0.0 0.0
C0G650 2003070923 25.0 -9997 0.0 0.0
C0G650 2003070924 25.3 -9997 0.0 0.0
C0G650 2003071001 25.1 -9997 0.0 0.0
C0G650 2003071002 24.7 -9997 0.0 0.0
C0G650 2003071003 24.9 -9997 0.0 0.0
C0G650 2003071004 24.3 -9997 0.0 0.0
C0G650 2003071005 24.5 -9997 0.0 0.0
C0G650 2003071006 25.5 -9997 0.0 0.0
C0G650 2003071007 26.8 -9997 0.0 0.0
C0G650 2003071008 31.2 -9997 0.0 0.0
C0G650 2003071009 31.9 -9997 0.2 0.0
C0G650 2003071010 33.2 -9997 0.5 0.0
C0G650 2003071011 34.9 -9997 0.3 0.0
C0G650 2003071012 34.9 -9997 0.6 0.0
C0G650 2003071013 35.1 -9997 0.7 0.0
C0G650 2003071014 34.3 -9997 0.5 0.0
C0G650 2003071015 33.7 -9997 0.6 0.0
C0G650 2003071016 33.6 -9997 1.7 0.0
C0G650 2003071017 28.4 -9997 1.4 0.5
C0G650 2003071018 27.3 -9997 0.0 0.0
C0G650 2003071019 27.5 -9997 0.0 0.0
C0G650 2003071020 -9997 -9997 -9997 0.0
C0G650 2003071021 26.4 -9997 0.0 0.5
C0G650 2003071022 26.5 -9997 0.0 0.0
C0G650 2003071023 26.3 -9997 0.0 0.0
C0G650 2003071024 26.2 -9997 0.0 0.0
C0G650 2003071101 26.3 -9997 0.0 0.0
C0G650 2003071102 26.6 -9997 0.0 0.0
C0G650 2003071103 26.4 -9997 0.0 0.0
C0G650 2003071104 26.2 -9997 0.0 0.0
C0G650 2003071105 26.1 -9997 0.0 0.0
C0G650 2003071106 26.8 -9997 0.0 0.0
C0G650 2003071107 -9997 -9997 0.0 0.0
C0G650 2003071108 30.4 -9997 0.5 0.0
C0G650 2003071109 30.6 -9997 0.8 0.0
C0G650 2003071110 31.1 -9997 0.5 0.0
C0G650 2003071111 31.9 -9997 1.0 0.0
C0G650 2003071112 31.9 -9997 0.3 0.0
C0G650 2003071113 32.7 -9997 0.3 0.0
C0G650 2003071114 32.3 -9997 1.5 0.0
C0G650 2003071115 30.6 -9997 1.0 0.0
C0G650 2003071116 29.7 -9997 1.1 0.0
C0G650 2003071117 29.3 -9997 0.0 0.0
C0G650 2003071118 28.4 -9997 0.0 0.0
C0G650 2003071119 27.8 -9997 0.0 0.0
C0G650 2003071120 27.6 -9997 0.0 0.0
C0G650 2003071121 27.2 -9997 0.0 0.0
C0G650 2003071122 27.5 -9997 0.0 0.0
C0G650 2003071123 27.1 -9997 0.1 0.0
C0G650 2003071124 27.0 -9997 0.0 0.0
C0G650 2003071201 26.3 -9997 0.0 0.0
C0G650 2003071202 26.0 -9997 0.0 0.0
C0G650 2003071203 25.8 -9997 0.0 0.0
C0G650 2003071204 25.5 -9997 0.0 0.0
C0G650 2003071205 25.4 -9997 -9997 0.0
C0G650 2003071206 26.2 -9997 0.0 0.0
C0G650 2003071207 28.0 -9997 0.0 0.0
C0G650 2003071208 30.1 -9997 1.4 0.0
C0G650 2003071209 31.4 -9997 0.7 0.0
C0G650 2003071210 33.0 -9997 0.6 0.0
C0G650 2003071211 33.3 -9997 1.2 0.0
C0G650 2003071212 32.2 -9997 0.3 0.0
C0G650 2003071213 32.8 -9997 0.9 0.0
C0G650 2003071214 32.8 -9997 1.3 0.0
C0G650 2003071215 32.4 -9997 1.3 0.0
C0G650 2003071216 32.3 -9997 0.4 0.0
C0G650 2003071217 31.7 -9997 0.9 0.0
C0G650 2003071218 31.2 -9997 0.1 0.0
C0G650 2003071219 29.9 -9997 0.0 0.0
C0G650 2003071220 29.5 -9997 0.0 0.0
C0G650 2003071221 28.0 -9997 0.0 0.0
C0G650 2003071222 27.4 -9997 0.0 0.0
C0G650 2003071223 26.9 -9997 0.0 0.0
C0G650 2003071224 26.7 -9997 0.0 0.0
C0G650 2003071301 26.6 -9997 0.0 0.0
C0G650 2003071302 26.6 -9997 0.0 0.0
C0G650 2003071303 25.8 -9997 0.0 0.0
C0G650 2003071304 25.7 -9997 0.0 0.0
C0G650 2003071305 25.8 -9997 0.0 0.0
C0G650 2003071306 26.2 -9997 0.0 0.0
C0G650 2003071307 27.9 -9997 0.0 0.0
C0G650 2003071308 28.8 -9997 0.4 0.0
C0G650 2003071309 -9997 -9997 -9997 0.0
C0G650 2003071310 31.5 -9997 0.5 0.0
C0G650 2003071311 32.8 -9997 1.3 0.0
C0G650 2003071312 30.5 -9997 0.2 0.0
C0G650 2003071313 32.4 -9997 0.9 0.0
C0G650 2003071314 32.4 -9997 0.9 0.0
C0G650 2003071315 32.5 -9997 0.9 0.0
C0G650 2003071316 32.4 -9997 0.7 0.0
C0G650 2003071317 32.3 -9997 0.5 0.0
C0G650 2003071318 31.4 -9997 1.1 0.0
C0G650 2003071319 30.4 -9997 0.2 0.0
C0G650 2003071320 29.0 -9997 0.4 0.0
C0G650 2003071321 27.9 -9997 0.1 0.0
C0G650 2003071322 27.4 -9997 0.0 0.0
C0G650 2003071323 27.0 -9997 0.0 0.0
C0G650 2003071324 26.6 -9997 0.0 0.0
C0G650 2003071401 26.5 -9997 0.0 0.0
C0G650 2003071402 26.0 -9997 0.0 0.0
C0G650 2003071403 25.6 -9997 0.0 0.0
C0G650 2003071404 25.3 -9997 0.0 0.0
C0G650 2003071405 25.3 -9997 0.0 0.0
C0G650 2003071406 25.9 -9997 0.0 0.0
C0G650 2003071407 27.7 -9997 1.2 0.0
C0G650 2003071408 30.4 -9997 1.6 0.0
C0G650 2003071409 31.6 -9997 0.0 0.0
C0G650 2003071410 32.1 -9997 1.6 0.0
C0G650 2003071411 32.7 -9997 1.3 0.0
C0G650 2003071412 34.0 -9997 1.3 0.0
C0G650 2003071413 34.5 -9997 1.3 0.0
C0G650 2003071414 35.4 -9997 1.5 0.0
C0G650 2003071415 34.3 -9997 1.7 0.0
C0G650 2003071416 34.0 -9997 1.3 -9996
C0G650 2003071417 33.4 -9997 0.8 0.0
C0G650 2003071418 32.5 -9997 1.2 0.0
C0G650 2003071419 31.5 -9997 0.0 0.0
C0G650 2003071420 29.8 -9997 0.0 0.0
C0G650 2003071421 28.8 -9997 0.0 0.0
C0G650 2003071422 28.0 -9997 0.0 0.0
C0G650 2003071423 27.7 -9997 0.0 0.0
C0G650 2003071424 27.6 -9997 0.0 0.0
C0G650 2003071501 27.5 -9997 0.0 0.0
C0G650 2003071502 27.8 -9997 0.0 0.0
C0G650 2003071503 -9997 -9997 0.9 0.0
C0G650 2003071504 28.0 -9997 0.9 0.0
C0G650 2003071505 28.1 -9997 1.2 0.0
C0G650 2003071506 28.3 -9997 -9997 0.0
C0G650 2003071507 28.9 -9997 1.1 0.0
C0G650 2003071508 30.1 -9997 1.6 0.0
C0G650 2003071509 31.1 -9997 1.2 0.0
C0G650 2003071510 32.4 -9997 1.0 0.0
C0G650 2003071511 31.3 -9997 0.9 0.0
C0G650 2003071512 32.9 -9997 1.5 0.0
C0G650 2003071513 33.6 -9997 1.3 0.0
C0G650 2003071514 34.0 -9997 0.4 0.0
C0G650 2003071515 35.0 -9997 1.1 0.0
C0G650 2003071516 34.8 -9997 0.6 0.0
C0G650 2003071517 33.8 -9997 1.1 0.0
C0G650 2003071518 33.0 -9997 0.8 0.0
C0G650 2003071519 31.3 -9997 0.6 0.0
C0G650 2003071520 30.3 -9997 0.7 0.0
C0G650 2003071521 29.8 -9997 0.6 0.0
C0G650 2003071522 29.3 -9997 0.2 0.0
C0G650 2003071523 28.4 -9997 0.0 0.0
C0G650 2003071524 27.9 -9997 0.0 0.0
C0G650 2003071601 28.0 -9997 0.0 0.0
C0G650 2003071602 28.1 -9997 0.0 0.0
C0G650 2003071603 28.5 -9997 0.0 0.0
C0G650 2003071604 28.5 -9997 0.8 0.0
C0G650 2003071605 28.4 -9997 0.9 0.0
C0G650 2003071606 28.7 -9997 0.5 0.0
C0G650 2003071607 29.3 -9997 0.6 0.0
C0G650 2003071608 30.1 -9997 0.8 0.0
C0G650 2003071609 31.2 -9997 0.4 0.0
C0G650 2003071610 32.4 -9997 0.5 0.0
C0G650 2003071611 33.6 -9997 0.9 0.0
C0G650 2003071612 34.4 -9997 0.7 0.0
C0G650 2003071613 34.1 -9997 1.2 0.0
C0G650 2003071614 34.4 -9997 1.4 0.0
C0G650 2003071615 -9997 -9997 -9997 0.0
C0G650 2003071616 33.7 -9997 0.9 0.0
C0G650 2003071617 32.7 -9997 0.7 0.0
C0G650 2003071618 31.7 -9997 1.0 0.0
C0G650 2003071619 30.8 -9997 0.2 0.0
C0G650 2003071620 29.9 -9997 0.2 0.0
C0G650 2003071621 29.8 -9997 0.0 0.0
C0G650 2003071622 29.4 -9997 0.2 0.0
C0G650 2003071623 29.1 -9997 0.0 0.0
C0G650 2003071624 28.6 -9997 0.2 0.0
C0G650 2003071701 29.0 -9997 0.3 0.0
C0G650 2003071702 28.3 -9997 0.0 0.0
C0G650 2003071703 27.9 -9997 0.0 0.0
C0G650 2003071704 27.9 -9997 0.0 0.0
C0G650 2003071705 28.2 -9997 0.0 0.0
C0G650 2003071706 28.4 -9997 0.0 0.0
C0G650 2003071707 29.4 -9997 1.7 0.0
C0G650 2003071708 30.2 -9997 2.3 0.0
C0G650 2003071709 31.6 -9997 1.8 0.0
C0G650 2003071710 32.3 -9997 2.4 0.0
C0G650 2003071711 32.1 -9997 2.3 0.0
C0G650 2003071712 33.1 -9997 0.8 0.0
C0G650 2003071713 34.3 -9997 1.5 0.0
C0G650 2003071714 33.7 -9997 2.0 0.0
C0G650 2003071715 33.5 -9997 1.7 0.0
C0G650 2003071716 32.4 -9997 2.1 0.0
C0G650 2003071717 -9997 -9997 -9997 0.0
C0G650 2003071718 30.6 -9997 1.0 0.0
C0G650 2003071719 30.1 -9997 1.1 0.0
C0G650 2003071720 29.6 -9997 0.6 0.0
C0G650 2003071721 29.1 -9997 0.9 0.0
C0G650 2003071722 28.6 -9997 0.6 0.0
C0G650 2003071723 27.9 -9997 0.0 0.0
C0G650 2003071724 27.2 -9997 0.1 0.0
C0G650 2003071801 27.0 -9997 0.0 0.0
C0G650 2003071802 26.8 -9997 0.0 0.0
C0G650 2003071803 26.5 -9997 0.0 0.0
C0G650 2003071804 26.1 -9997 0.0 0.0
C0G650 2003071805 25.5 -9997 0.0 0.0
C0G650 2003071806 25.8 -9997 0.0 0.0
C0G650 2003071807 27.2 -9997 0.1 0.0
C0G650 2003071808 30.1 -9997 0.8 0.0
C0G650 2003071809 32.4 -9997 2.3 0.0
C0G650 2003071810 -9997 -9997 -9997 0.0
C0G650 2003071811 33.7 -9997 2.1 0.0
C0G650 2003071812 34.3 -9997 1.4 0.0
C0G650 2003071813 34.3 -9997 1.5 0.0
C0G650 2003071814 34.9 -9997 1.2 0.0
C0G650 2003071815 33.6 -9997 1.4 0.0
C0G650 2003071816 32.9 -9997 1.4 0.0
C0G650 2003071817 32.1 -9997 0.7 0.0
C0G650 2003071818 -9997 -9997 -9997 0.0
C0G650 2003071819 30.5 -9997 0.6 0.0
C0G650 2003071820 29.8 -9997 0.0 0.0
C0G650 2003071821 29.5 -9997 0.0 0.0
C0G650 2003071822 29.4 -9997 0.0 0.0
C0G650 2003071823 29.4 -9997 0.0 0.0
C0G650 2003071824 29.2 -9997 0.0 0.0
C0G650 2003071901 28.5 -9997 0.0 0.0
C0G650 2003071902 28.2 -9997 0.0 0.0
C0G650 2003071903 27.6 -9997 0.0 0.0
C0G650 2003071904 27.0 -9997 0.0 0.0
C0G650 2003071905 27.3 -9997 -9997 0.0
C0G650 2003071906 27.5 -9997 0.0 0.0
C0G650 2003071907 29.0 -9997 0.0 0.0
C0G650 2003071908 32.6 -9997 0.0 0.0
C0G650 2003071909 32.4 -9997 0.0 0.0
C0G650 2003071910 33.1 -9997 1.0 0.0
C0G650 2003071911 33.8 -9997 0.3 0.0
C0G650 2003071912 33.5 -9997 0.2 0.0
C0G650 2003071913 33.4 -9997 0.2 0.0
C0G650 2003071914 33.7 -9997 1.0 0.0
C0G650 2003071915 33.4 -9997 0.4 0.0
C0G650 2003071916 31.7 -9997 0.1 0.0
C0G650 2003071917 31.2 -9997 0.0 0.0
C0G650 2003071918 30.2 -9997 0.0 0.0
C0G650 2003071919 28.3 -9997 0.1 0.0
C0G650 2003071920 28.2 -9997 0.0 0.0
C0G650 2003071921 27.8 -9997 0.1 0.0
C0G650 2003071922 27.9 -9997 0.1 0.0
C0G650 2003071923 27.7 -9997 0.0 0.0
C0G650 2003071924 27.8 -9997 0.0 0.0
C0G650 2003072001 27.8 -9997 0.1 0.0
C0G650 2003072002 27.0 -9997 0.2 0.0
C0G650 2003072003 26.9 -9997 0.0 0.0
C0G650 2003072004 26.7 -9997 0.0 0.0
C0G650 2003072005 27.2 -9997 0.4 0.0
C0G650 2003072006 27.5 -9997 0.2 0.0
C0G650 2003072007 28.8 -9997 0.3 0.0
C0G650 2003072008 30.7 -9997 0.1 0.0
C0G650 2003072009 31.4 -9997 0.8 0.0
C0G650 2003072010 32.7 -9997 0.4 0.0
C0G650 2003072011 33.8 -9997 0.8 0.0
C0G650 2003072012 34.3 -9997 1.5 0.0
C0G650 2003072013 34.4 -9997 0.3 0.0
C0G650 2003072014 33.9 -9997 0.5 0.0
C0G650 2003072015 33.3 -9997 0.4 0.0
C0G650 2003072016 32.7 -9997 0.7 0.0
C0G650 2003072017 31.5 -9997 0.1 0.0
C0G650 2003072018 30.7 -9997 0.0 0.0
C0G650 2003072019 28.7 -9997 0.0 0.0
C0G650 2003072020 28.7 -9997 0.2 0.0
C0G650 2003072021 28.6 -9997 -9997 0.0
C0G650 2003072022 28.6 -9997 0.3 0.0
C0G650 2003072023 27.8 -9997 0.0 0.0
C0G650 2003072024 27.2 -9997 0.0 0.0
C0G650 2003072101 27.1 -9997 0.0 0.0
C0G650 2003072102 27.0 -9997 0.0 0.0
C0G650 2003072103 26.9 -9997 0.0 0.0
C0G650 2003072104 26.8 -9997 0.2 0.0
C0G650 2003072105 26.0 -9997 0.0 0.0
C0G650 2003072106 26.0 -9997 0.0 0.0
C0G650 2003072107 27.6 -9997 0.0 0.0
C0G650 2003072108 30.1 -9997 0.9 0.0
C0G650 2003072109 31.2 -9997 0.4 0.0
C0G650 2003072110 32.3 -9997 0.3 0.0
C0G650 2003072111 34.0 -9997 0.7 0.0
C0G650 2003072112 33.4 -9997 0.1 0.0
C0G650 2003072113 33.9 -9997 0.4 0.0
C0G650 2003072114 34.3 -9997 0.2 0.0
C0G650 2003072115 34.0 -9997 0.4 0.0
C0G650 2003072116 33.1 -9997 0.6 0.0
C0G650 2003072117 32.3 -9997 0.5 0.0
C0G650 2003072118 31.8 -9997 0.0 0.0
C0G650 2003072119 31.0 -9997 0.1 0.0
C0G650 2003072120 30.4 -9997 0.2 0.0
C0G650 2003072121 29.2 -9997 0.0 0.0
C0G650 2003072122 28.3 -9997 0.0 0.0
C0G650 2003072123 27.7 -9997 0.0 0.0
C0G650 2003072124 -9997 -9997 0.0 0.0
C0G650 2003072201 27.3 -9997 0.0 0.0
C0G650 2003072202 27.4 -9997 0.0 0.0
C0G650 2003072203 27.7 -9997 0.0 0.0
C0G650 2003072204 27.2 -9997 0.0 0.0
C0G650 2003072205 27.4 -9997 0.1 0.0
C0G650 2003072206 27.3 -9997 0.0 0.0
C0G650 2003072207 28.6 -9997 0.2 0.0
C0G650 2003072208 30.7 -9997 0.3 0.0
C0G650 2003072209 32.7 -9997 0.5 0.0
C0G650 2003072210 33.7 -9997 1.2 0.0
C0G650 2003072211 36.4 -9997 1.2 0.0
C0G650 2003072212 35.9 -9997 0.1 0.0
C0G650 2003072213 34.7 -9997 0.7 0.0
C0G650 2003072214 34.5 -9997 0.5 0.0
C0G650 2003072215 34.8 -9997 0.3 0.0
C0G650 2003072216 34.4 -9997 0.8 0.0
C0G650 2003072217 33.6 -9997 0.1 0.0
C0G650 2003072218 32.5 -9997 0.2 0.0
C0G650 2003072219 31.8 -9997 0.3 0.0
C0G650 2003072220 31.0 -9997 0.0 0.0
C0G650 2003072221 30.2 -9997 0.0 0.0
C0G650 2003072222 29.3 -9997 0.0 0.0
C0G650 2003072223 28.6 -9997 0.4 0.0
C0G650 2003072224 28.2 -9997 0.0 0.0
C0G650 2003072301 27.9 -9997 0.0 0.0
C0G650 2003072302 28.0 -9997 0.0 0.0
C0G650 2003072303 28.1 -9997 0.0 0.0
C0G650 2003072304 28.1 -9997 0.0 0.0
C0G650 2003072305 28.2 -9997 1.1 0.0
C0G650 2003072306 27.9 -9997 0.0 0.0
C0G650 2003072307 28.3 -9997 0.0 0.0
C0G650 2003072308 28.8 -9997 0.5 0.0
C0G650 2003072309 29.8 -9997 1.0 0.0
C0G650 2003072310 30.8 -9997 0.5 0.0
C0G650 2003072311 30.8 -9997 0.3 0.0
C0G650 2003072312 31.7 -9997 0.8 0.0
C0G650 2003072313 32.2 -9997 0.1 0.0
C0G650 2003072314 33.5 -9997 0.0 0.0
C0G650 2003072315 33.6 -9997 0.1 0.0
C0G650 2003072316 34.2 -9997 1.0 0.0
C0G650 2003072317 33.5 -9997 0.9 0.0
C0G650 2003072318 31.8 -9997 0.2 0.0
C0G650 2003072319 31.2 -9997 0.0 0.0
C0G650 2003072320 30.6 -9997 0.0 0.0
C0G650 2003072321 29.5 -9997 0.0 0.0
C0G650 2003072322 29.3 -9997 0.0 0.0
C0G650 2003072323 28.7 -9997 0.0 0.0
C0G650 2003072324 28.2 -9997 0.0 0.0
C0G650 2003072401 27.7 -9997 0.0 0.0
C0G650 2003072402 27.6 -9997 0.0 0.0
C0G650 2003072403 27.6 -9997 0.0 0.0
C0G650 2003072404 27.5 -9997 0.0 0.0
C0G650 2003072405 27.5 -9997 0.0 0.0
C0G650 2003072406 27.8 -9997 0.0 0.0
C0G650 2003072407 29.1 -9997 0.0 0.0
C0G650 2003072408 31.1 -9997 0.1 0.0
C0G650 2003072409 32.9 -9997 0.1 0.0
C0G650 2003072410 34.8 -9997 0.0 0.0
C0G650 2003072411 34.4 -9997 0.4 0.0
C0G650 2003072412 32.6 -9997 0.5 0.0
C0G650 2003072413 32.7 -9997 0.2 0.0
C0G650 2003072414 28.8 -9997 0.8 6.5
C0G650 2003072415 26.0 -9997 0.1 3.5
C0G650 2003072416 27.0 -9997 2.3 6.0
C0G650 2003072417 27.0 -9997 0.4 1.0
C0G650 2003072418 26.8 -9997 0.1 0.0
C0G650 2003072419 27.1 -9997 0.0 0.0
C0G650 2003072420 27.1 -9997 0.0 0.0
C0G650 2003072421 27.1 -9997 0.0 0.0
C0G650 2003072422 26.9 -9997 0.0 0.0
C0G650 2003072423 -9997 -9997 0.0 0.0
C0G650 2003072424 26.3 -9997 0.0 0.0
C0G650 2003072501 25.7 -9997 0.0 0.0
C0G650 2003072502 26.1 -9997 0.0 0.0
C0G650 2003072503 25.8 -9997 0.0 0.0
C0G650 2003072504 25.2 -9997 0.0 0.0
C0G650 2003072505 24.9 -9997 0.0 0.0
C0G650 2003072506 25.5 -9997 0.0 0.0
C0G650 2003072507 27.2 -9997 0.0 0.0
C0G650 2003072508 30.3 -9997 0.0 0.0
C0G650 2003072509 32.7 -9997 0.1 0.0
C0G650 2003072510 33.8 -9997 0.1 0.0
C0G650 2003072511 34.3 -9997 0.5 0.0
C0G650 2003072512 35.2 -9997 0.0 0.0
C0G650 2003072513 35.2 -9997 0.5 0.0
C0G650 2003072514 33.5 -9997 1.0 0.0
C0G650 2003072515 34.1 -9997 0.8 0.0
C0G650 2003072516 32.6 -9997 0.4 0.0
C0G650 2003072517 31.6 -9997 0.2 0.0
C0G650 2003072518 -9997 -9997 -9997 0.0
C0G650 2003072519 29.3 -9997 1.6 0.0
C0G650 2003072520 29.1 -9997 0.0 0.0
C0G650 2003072521 28.5 -9997 0.0 0.0
C0G650 2003072522 28.1 -9997 0.0 0.0
C0G650 2003072523 27.8 -9997 0.0 0.0
C0G650 2003072524 27.3 -9997 0.0 0.0
C0G650 2003072601 26.9 -9997 0.0 0.0
C0G650 2003072602 26.4 -9997 0.0 0.0
C0G650 2003072603 26.2 -9997 0.0 0.0
C0G650 2003072604 25.7 -9997 0.0 0.0
C0G650 2003072605 25.5 -9997 0.0 0.0
C0G650 2003072606 26.2 -9997 0.0 0.0
C0G650 2003072607 27.8 -9997 0.0 0.0
C0G650 2003072608 28.9 -9997 1.0 0.0
C0G650 2003072609 30.8 -9997 0.9 0.0
C0G650 2003072610 32.7 -9997 1.2 0.0
C0G650 2003072611 33.4 -9997 0.0 0.0
C0G650 2003072612 32.7 -9997 1.1 0.0
C0G650 2003072613 33.1 -9997 0.3 0.0
C0G650 2003072614 34.2 -9997 0.6 0.0
C0G650 2003072615 33.6 -9997 0.4 0.0
C0G650 2003072616 34.7 -9997 0.7 0.0
C0G650 2003072617 33.6 -9997 0.4 0.0
C0G650 2003072618 32.4 -9997 0.3 0.0
C0G650 2003072619 31.1 -9997 0.0 0.0
C0G650 2003072620 30.1 -9997 0.0 0.0
C0G650 2003072621 29.0 -9997 0.0 0.0
C0G650 2003072622 29.9 -9997 0.0 0.0
C0G650 2003072623 29.8 -9997 0.3 0.0
C0G650 2003072624 29.2 -9997 0.2 0.0
C0G650 2003072701 28.9 -9997 0.0 0.0
C0G650 2003072702 27.7 -9997 0.5 0.0
C0G650 2003072703 26.9 -9997 0.0 0.0
C0G650 2003072704 27.3 -9997 0.0 0.0
C0G650 2003072705 27.1 -9997 0.0 0.0
C0G650 2003072706 26.8 -9997 0.0 0.0
C0G650 2003072707 28.6 -9997 0.0 0.0
C0G650 2003072708 29.7 -9997 0.1 0.0
C0G650 2003072709 30.7 -9997 0.5 0.0
C0G650 2003072710 32.6 -9997 0.1 0.0
C0G650 2003072711 33.0 -9997 0.4 0.0
C0G650 2003072712 34.7 -9997 0.7 0.0
C0G650 2003072713 33.6 -9997 0.2 0.0
C0G650 2003072714 35.5 -9997 1.1 0.0
C0G650 2003072715 35.3 -9997 0.3 0.0
C0G650 2003072716 34.6 -9997 0.1 0.0
C0G650 2003072717 26.5 -9997 0.8 10.0
C0G650 2003072718 24.4 -9997 0.2 18.5
C0G650 2003072719 25.6 -9997 0.2 0.5
C0G650 2003072720 25.1 -9997 0.0 0.0
C0G650 2003072721 25.4 -9997 0.0 0.0
C0G650 2003072722 25.9 -9997 0.0 0.0
C0G650 2003072723 25.7 -9997 0.0 0.0
C0G650 2003072724 25.8 -9997 0.0 0.0
C0G650 2003072801 25.5 -9997 0.0 0.0
C0G650 2003072802 25.4 -9997 0.0 0.0
C0G650 2003072803 25.8 -9997 0.0 0.0
C0G650 2003072804 26.0 -9997 0.0 0.0
C0G650 2003072805 26.1 -9997 0.0 0.0
C0G650 2003072806 25.7 -9997 0.0 0.0
C0G650 2003072807 27.5 -9997 0.0 0.0
C0G650 2003072808 29.8 -9997 0.7 0.0
C0G650 2003072809 32.1 -9997 0.0 0.0
C0G650 2003072810 33.3 -9997 0.2 0.0
C0G650 2003072811 33.9 -9997 0.5 0.0
C0G650 2003072812 33.7 -9997 0.4 0.0
C0G650 2003072813 34.8 -9997 0.9 0.0
C0G650 2003072814 34.1 -9997 2.2 0.0
C0G650 2003072815 34.3 -9997 0.5 0.0
C0G650 2003072816 33.7 -9997 1.0 0.0
C0G650 2003072817 32.2 -9997 1.4 0.0
C0G650 2003072818 31.3 -9997 1.1 0.0
C0G650 2003072819 30.7 -9997 0.2 0.0
C0G650 2003072820 29.8 -9997 0.1 0.0
C0G650 2003072821 28.4 -9997 0.0 0.0
C0G650 2003072822 28.0 -9997 0.0 0.0
C0G650 2003072823 27.4 -9997 0.0 0.0
C0G650 2003072824 26.9 -9997 0.0 0.0
C0G650 2003072901 26.6 -9997 0.0 0.0
C0G650 2003072902 26.5 -9997 0.0 0.0
C0G650 2003072903 26.8 -9997 0.1 0.0
C0G650 2003072904 27.1 -9997 0.0 0.0
C0G650 2003072905 27.2 -9997 0.0 0.0
C0G650 2003072906 27.2 -9997 0.0 0.0
C0G650 2003072907 28.7 -9997 0.0 0.0
C0G650 2003072908 29.4 -9997 0.6 0.0
C0G650 2003072909 32.3 -9997 1.2 0.0
C0G650 2003072910 33.4 -9997 1.0 0.0
C0G650 2003072911 33.3 -9997 1.2 0.0
C0G650 2003072912 33.7 -9997 1.6 0.0
C0G650 2003072913 33.9 -9997 0.5 0.0
C0G650 2003072914 33.5 -9997 1.5 0.0
C0G650 2003072915 33.1 -9997 1.0 0.0
C0G650 2003072916 32.5 -9997 1.0 0.0
C0G650 2003072917 31.4 -9997 0.9 0.0
C0G650 2003072918 30.8 -9997 0.7 0.0
C0G650 2003072919 30.2 -9997 0.4 0.0
C0G650 2003072920 29.7 -9997 0.1 0.0
C0G650 2003072921 29.1 -9997 0.1 0.0
C0G650 2003072922 28.6 -9997 0.1 0.0
C0G650 2003072923 28.2 -9997 0.1 0.0
C0G650 2003072924 27.7 -9997 0.0 0.0
C0G650 2003073001 27.3 -9997 0.2 0.0
C0G650 2003073002 27.5 -9997 0.0 0.0
C0G650 2003073003 27.6 -9997 0.1 0.0
C0G650 2003073004 27.1 -9997 0.1 0.0
C0G650 2003073005 27.0 -9997 0.0 0.0
C0G650 2003073006 27.2 -9997 0.0 0.0
C0G650 2003073007 28.3 -9997 0.3 0.0
C0G650 2003073008 29.2 -9997 1.1 0.0
C0G650 2003073009 30.7 -9997 1.0 0.0
C0G650 2003073010 31.8 -9997 1.8 0.0
C0G650 2003073011 32.4 -9997 0.5 0.0
C0G650 2003073012 32.7 -9997 1.3 0.0
C0G650 2003073013 33.8 -9997 0.2 0.0
C0G650 2003073014 34.3 -9997 0.6 0.0
C0G650 2003073015 33.4 -9997 1.5 0.0
C0G650 2003073016 33.3 -9997 1.2 0.0
C0G650 2003073017 32.6 -9997 1.0 0.0
C0G650 2003073018 31.5 -9997 0.6 0.0
C0G650 2003073019 30.7 -9997 0.8 0.0
C0G650 2003073020 29.8 -9997 0.1 0.0
C0G650 2003073021 29.3 -9997 0.0 0.0
C0G650 2003073022 28.9 -9997 0.2 0.0
C0G650 2003073023 29.0 -9997 0.3 0.0
C0G650 2003073024 -9997 -9997 0.6 0.0
C0G650 2003073101 28.6 -9997 0.5 0.0
C0G650 2003073102 28.4 -9997 0.4 0.0
C0G650 2003073103 28.0 -9997 0.4 0.0
C0G650 2003073104 27.6 -9997 0.0 0.0
C0G650 2003073105 27.7 -9997 0.0 0.0
C0G650 2003073106 27.9 -9997 0.0 0.0
C0G650 2003073107 28.8 -9997 0.1 0.0
C0G650 2003073108 29.9 -9997 1.1 0.0
C0G650 2003073109 30.7 -9997 0.7 0.0
C0G650 2003073110 32.6 -9997 1.0 0.0
C0G650 2003073111 32.9 -9997 0.1 0.0
C0G650 2003073112 34.8 -9997 0.8 0.0
C0G650 2003073113 33.2 -9997 1.9 0.0
C0G650 2003073114 33.2 -9997 0.4 0.0
C0G650 2003073115 33.8 -9997 1.3 0.0
C0G650 2003073116 32.5 -9997 1.7 0.0
C0G650 2003073117 32.2 -9997 1.1 0.0
C0G650 2003073118 30.9 -9997 0.2 0.0
C0G650 2003073119 30.0 -9997 0.3 0.0
C0G650 2003073120 29.8 -9997 0.0 0.0
C0G650 2003073121 29.2 -9997 -9997 0.0
C0G650 2003073122 27.9 -9997 0.0 0.0
C0G650 2003073123 27.5 -9997 0.0 0.0
C0G650 2003073124 27.3 -9997 0.0 0.0
C0G660 2003070101 -9999 -9999 -9999 0.0
C0G660 2003070102 -9999 -9999 -9999 0.0
C0G660 2003070103 -9999 -9999 -9999 0.0
C0G660 2003070104 -9999 -9999 -9999 0.0
C0G660 2003070105 -9999 -9999 -9999 0.0
C0G660 2003070106 -9999 -9999 -9999 0.0
C0G660 2003070107 -9999 -9999 -9999 0.0
C0G660 2003070108 -9999 -9999 -9999 0.0
C0G660 2003070109 -9999 -9999 -9999 0.0
C0G660 2003070110 -9999 -9999 -9999 0.0
C0G660 2003070111 -9999 -9999 -9999 0.0
C0G660 2003070112 -9999 -9999 -9999 0.0
C0G660 2003070113 -9999 -9999 -9999 0.0
C0G660 2003070114 -9999 -9999 -9999 0.0
C0G660 2003070115 -9999 -9999 -9999 0.0
C0G660 2003070116 -9999 -9999 -9999 0.0
C0G660 2003070117 -9999 -9999 -9999 0.0
C0G660 2003070118 -9999 -9999 -9999 0.0
C0G660 2003070119 -9999 -9999 -9999 0.0
C0G660 2003070120 -9999 -9999 -9999 0.0
C0G660 2003070121 -9999 -9999 -9999 0.0
C0G660 2003070122 -9999 -9999 -9999 0.0
C0G660 2003070123 -9999 -9999 -9999 0.0
C0G660 2003070124 -9999 -9999 -9999 0.0
C0G660 2003070201 -9999 -9999 -9999 0.0
C0G660 2003070202 -9999 -9999 -9999 0.0
C0G660 2003070203 -9999 -9999 -9999 0.0
C0G660 2003070204 -9999 -9999 -9999 0.0
C0G660 2003070205 -9999 -9999 -9999 0.0
C0G660 2003070206 -9999 -9999 -9999 0.0
C0G660 2003070207 -9999 -9999 -9999 0.0
C0G660 2003070208 -9999 -9999 -9999 0.0
C0G660 2003070209 -9999 -9999 -9999 0.0
C0G660 2003070210 -9999 -9999 -9999 0.0
C0G660 2003070211 -9999 -9999 -9999 0.0
C0G660 2003070212 -9999 -9999 -9999 0.0
C0G660 2003070213 -9999 -9999 -9999 0.0
C0G660 2003070214 -9999 -9999 -9999 0.0
C0G660 2003070215 -9999 -9999 -9999 0.0
C0G660 2003070216 -9999 -9999 -9999 0.0
C0G660 2003070217 -9999 -9999 -9999 0.0
C0G660 2003070218 -9999 -9999 -9999 0.0
C0G660 2003070219 -9999 -9999 -9999 0.0
C0G660 2003070220 -9999 -9999 -9999 0.0
C0G660 2003070221 -9999 -9999 -9999 0.0
C0G660 2003070222 -9999 -9999 -9999 0.0
C0G660 2003070223 -9999 -9999 -9999 0.0
C0G660 2003070224 -9999 -9999 -9999 0.0
C0G660 2003070301 -9999 -9999 -9999 0.0
C0G660 2003070302 -9999 -9999 -9999 0.0
C0G660 2003070303 -9999 -9999 -9999 0.0
C0G660 2003070304 -9999 -9999 -9999 0.0
C0G660 2003070305 -9999 -9999 -9999 0.0
C0G660 2003070306 -9999 -9999 -9999 0.0
C0G660 2003070307 -9999 -9999 -9999 0.0
C0G660 2003070308 -9999 -9999 -9999 0.0
C0G660 2003070309 -9999 -9999 -9999 0.0
C0G660 2003070310 -9999 -9999 -9999 0.0
C0G660 2003070311 -9999 -9999 -9999 0.0
C0G660 2003070312 -9999 -9999 -9999 0.0
C0G660 2003070313 -9999 -9999 -9999 0.0
C0G660 2003070314 -9999 -9999 -9999 0.0
C0G660 2003070315 -9999 -9999 -9999 0.0
C0G660 2003070316 -9999 -9999 -9999 0.0
C0G660 2003070317 -9999 -9999 -9999 0.0
C0G660 2003070318 -9999 -9999 -9999 0.0
C0G660 2003070319 -9999 -9999 -9999 0.0
C0G660 2003070320 -9999 -9999 -9999 0.0
C0G660 2003070321 -9999 -9999 -9999 0.0
C0G660 2003070322 -9999 -9999 -9999 0.0
C0G660 2003070323 -9999 -9999 -9999 0.0
C0G660 2003070324 -9999 -9999 -9999 0.0
C0G660 2003070401 -9999 -9999 -9999 0.0
C0G660 2003070402 -9999 -9999 -9999 0.0
C0G660 2003070403 -9999 -9999 -9999 0.0
C0G660 2003070404 -9999 -9999 -9999 0.0
C0G660 2003070405 -9999 -9999 -9999 0.0
C0G660 2003070406 -9999 -9999 -9999 0.0
C0G660 2003070407 -9999 -9999 -9999 0.0
C0G660 2003070408 -9999 -9999 -9999 0.0
C0G660 2003070409 -9999 -9999 -9999 0.0
C0G660 2003070410 -9999 -9999 -9999 0.0
C0G660 2003070411 -9999 -9999 -9999 0.0
C0G660 2003070412 -9999 -9999 -9999 0.0
C0G660 2003070413 -9999 -9999 -9999 0.0
C0G660 2003070414 -9999 -9999 -9999 0.0
C0G660 2003070415 -9999 -9999 -9999 0.0
C0G660 2003070416 -9999 -9999 -9999 0.0
C0G660 2003070417 -9999 -9999 -9999 0.0
C0G660 2003070418 -9999 -9999 -9999 0.0
C0G660 2003070419 -9999 -9999 -9999 0.0
C0G660 2003070420 -9999 -9999 -9999 0.0
C0G660 2003070421 -9999 -9999 -9999 0.0
C0G660 2003070422 -9999 -9999 -9999 0.0
C0G660 2003070423 -9999 -9999 -9999 0.0
C0G660 2003070424 -9999 -9999 -9999 0.0
C0G660 2003070501 -9999 -9999 -9999 0.0
C0G660 2003070502 -9999 -9999 -9999 0.0
C0G660 2003070503 -9999 -9999 -9999 0.0
C0G660 2003070504 -9999 -9999 -9999 0.0
C0G660 2003070505 -9999 -9999 -9999 0.0
C0G660 2003070506 -9999 -9999 -9999 0.0
C0G660 2003070507 -9999 -9999 -9999 0.0
C0G660 2003070508 -9999 -9999 -9999 0.0
C0G660 2003070509 -9999 -9999 -9999 0.0
C0G660 2003070510 -9999 -9999 -9999 0.0
C0G660 2003070511 -9999 -9999 -9999 0.0
C0G660 2003070512 -9999 -9999 -9999 0.0
C0G660 2003070513 -9999 -9999 -9999 0.0
C0G660 2003070514 -9999 -9999 -9999 0.0
C0G660 2003070515 -9999 -9999 -9999 0.0
C0G660 2003070516 -9999 -9999 -9999 0.0
C0G660 2003070517 -9999 -9999 -9999 0.0
C0G660 2003070518 -9999 -9999 -9999 0.0
C0G660 2003070519 -9999 -9999 -9999 0.0
C0G660 2003070520 -9999 -9999 -9999 0.0
C0G660 2003070521 -9999 -9999 -9999 0.0
C0G660 2003070522 -9999 -9999 -9999 0.0
C0G660 2003070523 -9999 -9999 -9999 0.0
C0G660 2003070524 -9999 -9999 -9999 0.0
C0G660 2003070601 -9999 -9999 -9999 0.0
C0G660 2003070602 -9999 -9999 -9999 0.0
C0G660 2003070603 -9999 -9999 -9999 0.0
C0G660 2003070604 -9999 -9999 -9999 0.0
C0G660 2003070605 -9999 -9999 -9999 0.0
C0G660 2003070606 -9999 -9999 -9999 0.0
C0G660 2003070607 -9999 -9999 -9999 0.0
C0G660 2003070608 -9999 -9999 -9999 0.0
C0G660 2003070609 -9999 -9999 -9999 0.0
C0G660 2003070610 -9999 -9999 -9999 0.0
C0G660 2003070611 -9999 -9999 -9999 0.0
C0G660 2003070612 -9999 -9999 -9999 0.0
C0G660 2003070613 -9999 -9999 -9999 0.0
C0G660 2003070614 -9999 -9999 -9999 0.0
C0G660 2003070615 -9999 -9999 -9999 0.0
C0G660 2003070616 -9999 -9999 -9999 0.0
C0G660 2003070617 -9999 -9999 -9999 0.0
C0G660 2003070618 -9999 -9999 -9999 0.0
C0G660 2003070619 -9999 -9999 -9999 0.0
C0G660 2003070620 -9999 -9999 -9999 0.0
C0G660 2003070621 -9999 -9999 -9999 0.0
C0G660 2003070622 -9999 -9999 -9999 0.0
C0G660 2003070623 -9999 -9999 -9999 0.0
C0G660 2003070624 -9999 -9999 -9999 0.0
C0G660 2003070701 -9999 -9999 -9999 0.0
C0G660 2003070702 -9999 -9999 -9999 0.0
C0G660 2003070703 -9999 -9999 -9999 0.0
C0G660 2003070704 -9999 -9999 -9999 0.0
C0G660 2003070705 -9999 -9999 -9999 0.0
C0G660 2003070706 -9999 -9999 -9999 0.0
C0G660 2003070707 -9999 -9999 -9999 0.0
C0G660 2003070708 -9999 -9999 -9999 0.0
C0G660 2003070709 -9999 -9999 -9999 0.0
C0G660 2003070710 -9999 -9999 -9999 0.0
C0G660 2003070711 -9999 -9999 -9999 0.0
C0G660 2003070712 -9999 -9999 -9999 0.0
C0G660 2003070713 -9999 -9999 -9999 0.0
C0G660 2003070714 -9999 -9999 -9999 0.0
C0G660 2003070715 -9999 -9999 -9999 0.0
C0G660 2003070716 -9999 -9999 -9999 0.0
C0G660 2003070717 -9999 -9999 -9999 0.0
C0G660 2003070718 -9999 -9999 -9999 0.0
C0G660 2003070719 -9999 -9999 -9999 0.0
C0G660 2003070720 -9999 -9999 -9999 0.0
C0G660 2003070721 -9999 -9999 -9999 0.0
C0G660 2003070722 -9999 -9999 -9999 0.0
C0G660 2003070723 -9999 -9999 -9999 0.0
C0G660 2003070724 -9999 -9999 -9999 0.0
C0G660 2003070801 -9999 -9999 -9999 0.0
C0G660 2003070802 -9999 -9999 -9999 0.0
C0G660 2003070803 -9999 -9999 -9999 0.0
C0G660 2003070804 -9999 -9999 -9999 0.0
C0G660 2003070805 -9999 -9999 -9999 0.0
C0G660 2003070806 -9999 -9999 -9999 0.0
C0G660 2003070807 -9999 -9999 -9999 0.0
C0G660 2003070808 -9999 -9999 -9999 0.0
C0G660 2003070809 -9999 -9999 -9999 0.0
C0G660 2003070810 -9999 -9999 -9999 0.0
C0G660 2003070811 -9999 -9999 -9999 0.0
C0G660 2003070812 -9999 -9999 -9999 0.0
C0G660 2003070813 -9999 -9999 -9999 0.0
C0G660 2003070814 -9999 -9999 -9999 0.0
C0G660 2003070815 -9999 -9999 -9999 0.0
C0G660 2003070816 -9999 -9999 -9999 0.0
C0G660 2003070817 -9999 -9999 -9999 0.0
C0G660 2003070818 -9999 -9999 -9999 0.0
C0G660 2003070819 -9999 -9999 -9999 0.0
C0G660 2003070820 -9999 -9999 -9999 0.0
C0G660 2003070821 -9999 -9999 -9999 0.0
C0G660 2003070822 -9999 -9999 -9999 0.0
C0G660 2003070823 -9999 -9999 -9999 0.0
C0G660 2003070824 -9999 -9999 -9999 0.0
C0G660 2003070901 -9999 -9999 -9999 0.0
C0G660 2003070902 -9999 -9999 -9999 0.0
C0G660 2003070903 -9999 -9999 -9999 0.0
C0G660 2003070904 -9999 -9999 -9999 0.0
C0G660 2003070905 -9999 -9999 -9999 0.0
C0G660 2003070906 -9999 -9999 -9999 0.0
C0G660 2003070907 -9999 -9999 -9999 0.0
C0G660 2003070908 -9999 -9999 -9999 0.0
C0G660 2003070909 -9999 -9999 -9999 0.0
C0G660 2003070910 -9999 -9999 -9999 0.0
C0G660 2003070911 -9999 -9999 -9999 0.0
C0G660 2003070912 -9999 -9999 -9999 0.0
C0G660 2003070913 -9999 -9999 -9999 0.0
C0G660 2003070914 -9999 -9999 -9999 0.0
C0G660 2003070915 -9999 -9999 -9999 0.0
C0G660 2003070916 -9999 -9999 -9999 -9996
C0G660 2003070917 -9999 -9999 -9999 7.5
C0G660 2003070918 -9999 -9999 -9999 0.5
C0G660 2003070919 -9999 -9999 -9999 0.0
C0G660 2003070920 -9999 -9999 -9999 0.0
C0G660 2003070921 -9999 -9999 -9999 0.0
C0G660 2003070922 -9999 -9999 -9999 0.0
C0G660 2003070923 -9999 -9999 -9999 0.0
C0G660 2003070924 -9999 -9999 -9999 0.0
C0G660 2003071001 -9999 -9999 -9999 0.0
C0G660 2003071002 -9999 -9999 -9999 0.0
C0G660 2003071003 -9999 -9999 -9999 0.0
C0G660 2003071004 -9999 -9999 -9999 0.0
C0G660 2003071005 -9999 -9999 -9999 0.0
C0G660 2003071006 -9999 -9999 -9999 0.0
C0G660 2003071007 -9999 -9999 -9999 0.0
C0G660 2003071008 -9999 -9999 -9999 0.0
C0G660 2003071009 -9999 -9999 -9999 0.0
C0G660 2003071010 -9999 -9999 -9999 0.0
C0G660 2003071011 -9999 -9999 -9999 0.0
C0G660 2003071012 -9999 -9999 -9999 0.0
C0G660 2003071013 -9999 -9999 -9999 0.0
C0G660 2003071014 -9999 -9999 -9999 0.0
C0G660 2003071015 -9999 -9999 -9999 0.0
C0G660 2003071016 -9999 -9999 -9999 0.0
C0G660 2003071017 -9999 -9999 -9999 0.0
C0G660 2003071018 -9999 -9999 -9999 0.0
C0G660 2003071019 -9999 -9999 -9999 0.0
C0G660 2003071020 -9999 -9999 -9999 0.0
C0G660 2003071021 -9999 -9999 -9999 0.0
C0G660 2003071022 -9999 -9999 -9999 0.0
C0G660 2003071023 -9999 -9999 -9999 0.0
C0G660 2003071024 -9999 -9999 -9999 0.0
C0G660 2003071101 -9999 -9999 -9999 0.0
C0G660 2003071102 -9999 -9999 -9999 0.0
C0G660 2003071103 -9999 -9999 -9999 0.0
C0G660 2003071104 -9999 -9999 -9999 0.0
C0G660 2003071105 -9999 -9999 -9999 0.0
C0G660 2003071106 -9999 -9999 -9999 0.0
C0G660 2003071107 -9999 -9999 -9999 0.0
C0G660 2003071108 -9999 -9999 -9999 0.0
C0G660 2003071109 -9999 -9999 -9999 0.0
C0G660 2003071110 -9999 -9999 -9999 0.0
C0G660 2003071111 -9999 -9999 -9999 0.0
C0G660 2003071112 -9999 -9999 -9999 0.0
C0G660 2003071113 -9999 -9999 -9999 0.0
C0G660 2003071114 -9999 -9999 -9999 0.0
C0G660 2003071115 -9999 -9999 -9999 0.0
C0G660 2003071116 -9999 -9999 -9999 0.0
C0G660 2003071117 -9999 -9999 -9999 0.0
C0G660 2003071118 -9999 -9999 -9999 0.0
C0G660 2003071119 -9999 -9999 -9999 0.0
C0G660 2003071120 -9999 -9999 -9999 0.0
C0G660 2003071121 -9999 -9999 -9999 0.0
C0G660 2003071122 -9999 -9999 -9999 0.0
C0G660 2003071123 -9999 -9999 -9999 0.0
C0G660 2003071124 -9999 -9999 -9999 0.0
C0G660 2003071201 -9999 -9999 -9999 -9996
C0G660 2003071202 -9999 -9999 -9999 0.0
C0G660 2003071203 -9999 -9999 -9999 0.0
C0G660 2003071204 -9999 -9999 -9999 0.0
C0G660 2003071205 -9999 -9999 -9999 0.0
C0G660 2003071206 -9999 -9999 -9999 0.0
C0G660 2003071207 -9999 -9999 -9999 0.0
C0G660 2003071208 -9999 -9999 -9999 0.0
C0G660 2003071209 -9999 -9999 -9999 0.0
C0G660 2003071210 -9999 -9999 -9999 0.0
C0G660 2003071211 -9999 -9999 -9999 0.0
C0G660 2003071212 -9999 -9999 -9999 0.0
C0G660 2003071213 -9999 -9999 -9999 0.0
C0G660 2003071214 -9999 -9999 -9999 0.0
C0G660 2003071215 -9999 -9999 -9999 0.0
C0G660 2003071216 -9999 -9999 -9999 0.0
C0G660 2003071217 -9999 -9999 -9999 0.0
C0G660 2003071218 -9999 -9999 -9999 0.0
C0G660 2003071219 -9999 -9999 -9999 0.0
C0G660 2003071220 -9999 -9999 -9999 0.0
C0G660 2003071221 -9999 -9999 -9999 0.0
C0G660 2003071222 -9999 -9999 -9999 0.0
C0G660 2003071223 -9999 -9999 -9999 0.0
C0G660 2003071224 -9999 -9999 -9999 0.0
C0G660 2003071301 -9999 -9999 -9999 -9996
C0G660 2003071302 -9999 -9999 -9999 -9996
C0G660 2003071303 -9999 -9999 -9999 0.0
C0G660 2003071304 -9999 -9999 -9999 0.0
C0G660 2003071305 -9999 -9999 -9999 0.0
C0G660 2003071306 -9999 -9999 -9999 0.0
C0G660 2003071307 -9999 -9999 -9999 0.0
C0G660 2003071308 -9999 -9999 -9999 0.0
C0G660 2003071309 -9999 -9999 -9999 0.0
C0G660 2003071310 -9999 -9999 -9999 0.0
C0G660 2003071311 -9999 -9999 -9999 0.0
C0G660 2003071312 -9999 -9999 -9999 0.0
C0G660 2003071313 -9999 -9999 -9999 0.0
C0G660 2003071314 -9999 -9999 -9999 0.0
C0G660 2003071315 -9999 -9999 -9999 0.0
C0G660 2003071316 -9999 -9999 -9999 0.0
C0G660 2003071317 -9999 -9999 -9999 0.0
C0G660 2003071318 -9999 -9999 -9999 0.0
C0G660 2003071319 -9999 -9999 -9999 0.0
C0G660 2003071320 -9999 -9999 -9999 0.0
C0G660 2003071321 -9999 -9999 -9999 0.0
C0G660 2003071322 -9999 -9999 -9999 0.0
C0G660 2003071323 -9999 -9999 -9999 0.0
C0G660 2003071324 -9999 -9999 -9999 0.0
C0G660 2003071401 -9999 -9999 -9999 0.0
C0G660 2003071402 -9999 -9999 -9999 0.0
C0G660 2003071403 -9999 -9999 -9999 0.0
C0G660 2003071404 -9999 -9999 -9999 0.0
C0G660 2003071405 -9999 -9999 -9999 0.0
C0G660 2003071406 -9999 -9999 -9999 0.0
C0G660 2003071407 -9999 -9999 -9999 0.0
C0G660 2003071408 -9999 -9999 -9999 0.0
C0G660 2003071409 -9999 -9999 -9999 0.0
C0G660 2003071410 -9999 -9999 -9999 0.0
C0G660 2003071411 -9999 -9999 -9999 0.0
C0G660 2003071412 -9999 -9999 -9999 0.0
C0G660 2003071413 -9999 -9999 -9999 0.0
C0G660 2003071414 -9999 -9999 -9999 0.0
C0G660 2003071415 -9999 -9999 -9999 0.0
C0G660 2003071416 -9999 -9999 -9999 -9996
C0G660 2003071417 -9999 -9999 -9999 0.0
C0G660 2003071418 -9999 -9999 -9999 0.0
C0G660 2003071419 -9999 -9999 -9999 0.0
C0G660 2003071420 -9999 -9999 -9999 0.0
C0G660 2003071421 -9999 -9999 -9999 0.0
C0G660 2003071422 -9999 -9999 -9999 0.0
C0G660 2003071423 -9999 -9999 -9999 0.0
C0G660 2003071424 -9999 -9999 -9999 0.0
C0G660 2003071501 -9999 -9999 -9999 -9996
C0G660 2003071502 -9999 -9999 -9999 0.0
C0G660 2003071503 -9999 -9999 -9999 0.0
C0G660 2003071504 -9999 -9999 -9999 0.0
C0G660 2003071505 -9999 -9999 -9999 0.0
C0G660 2003071506 -9999 -9999 -9999 0.0
C0G660 2003071507 -9999 -9999 -9999 0.0
C0G660 2003071508 -9999 -9999 -9999 0.0
C0G660 2003071509 -9999 -9999 -9999 0.0
C0G660 2003071510 -9999 -9999 -9999 0.0
C0G660 2003071511 -9999 -9999 -9999 0.0
C0G660 2003071512 -9999 -9999 -9999 0.0
C0G660 2003071513 -9999 -9999 -9999 0.0
C0G660 2003071514 -9999 -9999 -9999 0.0
C0G660 2003071515 -9999 -9999 -9999 0.0
C0G660 2003071516 -9999 -9999 -9999 0.0
C0G660 2003071517 -9999 -9999 -9999 0.0
C0G660 2003071518 -9999 -9999 -9999 0.0
C0G660 2003071519 -9999 -9999 -9999 0.0
C0G660 2003071520 -9999 -9999 -9999 0.0
C0G660 2003071521 -9999 -9999 -9999 0.0
C0G660 2003071522 -9999 -9999 -9999 0.0
C0G660 2003071523 -9999 -9999 -9999 0.0
C0G660 2003071524 -9999 -9999 -9999 0.0
C0G660 2003071601 -9999 -9999 -9999 0.0
C0G660 2003071602 -9999 -9999 -9999 0.0
C0G660 2003071603 -9999 -9999 -9999 0.0
C0G660 2003071604 -9999 -9999 -9999 0.0
C0G660 2003071605 -9999 -9999 -9999 0.0
C0G660 2003071606 -9999 -9999 -9999 0.0
C0G660 2003071607 -9999 -9999 -9999 0.0
C0G660 2003071608 -9999 -9999 -9999 0.0
C0G660 2003071609 -9999 -9999 -9999 0.0
C0G660 2003071610 -9999 -9999 -9999 0.0
C0G660 2003071611 -9999 -9999 -9999 0.0
C0G660 2003071612 -9999 -9999 -9999 0.0
C0G660 2003071613 -9999 -9999 -9999 0.0
C0G660 2003071614 -9999 -9999 -9999 0.0
C0G660 2003071615 -9999 -9999 -9999 0.0
C0G660 2003071616 -9999 -9999 -9999 0.0
C0G660 2003071617 -9999 -9999 -9999 0.0
C0G660 2003071618 -9999 -9999 -9999 0.0
C0G660 2003071619 -9999 -9999 -9999 0.0
C0G660 2003071620 -9999 -9999 -9999 0.0
C0G660 2003071621 -9999 -9999 -9999 0.0
C0G660 2003071622 -9999 -9999 -9999 0.0
C0G660 2003071623 -9999 -9999 -9999 0.0
C0G660 2003071624 -9999 -9999 -9999 0.0
C0G660 2003071701 -9999 -9999 -9999 0.0
C0G660 2003071702 -9999 -9999 -9999 0.0
C0G660 2003071703 -9999 -9999 -9999 0.0
C0G660 2003071704 -9999 -9999 -9999 0.0
C0G660 2003071705 -9999 -9999 -9999 0.0
C0G660 2003071706 -9999 -9999 -9999 0.0
C0G660 2003071707 -9999 -9999 -9999 0.0
C0G660 2003071708 -9999 -9999 -9999 0.0
C0G660 2003071709 -9999 -9999 -9999 0.0
C0G660 2003071710 -9999 -9999 -9999 0.0
C0G660 2003071711 -9999 -9999 -9999 0.0
C0G660 2003071712 -9999 -9999 -9999 0.0
C0G660 2003071713 -9999 -9999 -9999 0.0
C0G660 2003071714 -9999 -9999 -9999 0.0
C0G660 2003071715 -9999 -9999 -9999 0.0
C0G660 2003071716 -9999 -9999 -9999 0.0
C0G660 2003071717 -9999 -9999 -9999 0.0
C0G660 2003071718 -9999 -9999 -9999 0.0
C0G660 2003071719 -9999 -9999 -9999 0.0
C0G660 2003071720 -9999 -9999 -9999 0.0
C0G660 2003071721 -9999 -9999 -9999 0.0
C0G660 2003071722 -9999 -9999 -9999 0.0
C0G660 2003071723 -9999 -9999 -9999 0.0
C0G660 2003071724 -9999 -9999 -9999 0.0
C0G660 2003071801 -9999 -9999 -9999 0.0
C0G660 2003071802 -9999 -9999 -9999 0.0
C0G660 2003071803 -9999 -9999 -9999 0.0
C0G660 2003071804 -9999 -9999 -9999 0.0
C0G660 2003071805 -9999 -9999 -9999 0.0
C0G660 2003071806 -9999 -9999 -9999 0.0
C0G660 2003071807 -9999 -9999 -9999 0.0
C0G660 2003071808 -9999 -9999 -9999 0.0
C0G660 2003071809 -9999 -9999 -9999 0.0
C0G660 2003071810 -9999 -9999 -9999 0.0
C0G660 2003071811 -9999 -9999 -9999 0.0
C0G660 2003071812 -9999 -9999 -9999 0.0
C0G660 2003071813 -9999 -9999 -9999 0.0
C0G660 2003071814 -9999 -9999 -9999 0.0
C0G660 2003071815 -9999 -9999 -9999 0.0
C0G660 2003071816 -9999 -9999 -9999 0.0
C0G660 2003071817 -9999 -9999 -9999 0.0
C0G660 2003071818 -9999 -9999 -9999 0.0
C0G660 2003071819 -9999 -9999 -9999 0.0
C0G660 2003071820 -9999 -9999 -9999 0.0
C0G660 2003071821 -9999 -9999 -9999 0.0
C0G660 2003071822 -9999 -9999 -9999 0.0
C0G660 2003071823 -9999 -9999 -9999 0.0
C0G660 2003071824 -9999 -9999 -9999 0.0
C0G660 2003071901 -9999 -9999 -9999 0.0
C0G660 2003071902 -9999 -9999 -9999 0.0
C0G660 2003071903 -9999 -9999 -9999 0.0
C0G660 2003071904 -9999 -9999 -9999 0.0
C0G660 2003071905 -9999 -9999 -9999 0.0
C0G660 2003071906 -9999 -9999 -9999 0.0
C0G660 2003071907 -9999 -9999 -9999 0.0
C0G660 2003071908 -9999 -9999 -9999 0.0
C0G660 2003071909 -9999 -9999 -9999 0.0
C0G660 2003071910 -9999 -9999 -9999 0.0
C0G660 2003071911 -9999 -9999 -9999 0.0
C0G660 2003071912 -9999 -9999 -9999 0.0
C0G660 2003071913 -9999 -9999 -9999 0.0
C0G660 2003071914 -9999 -9999 -9999 0.0
C0G660 2003071915 -9999 -9999 -9999 0.0
C0G660 2003071916 -9999 -9999 -9999 0.0
C0G660 2003071917 -9999 -9999 -9999 0.0
C0G660 2003071918 -9999 -9999 -9999 0.0
C0G660 2003071919 -9999 -9999 -9999 0.0
C0G660 2003071920 -9999 -9999 -9999 0.0
C0G660 2003071921 -9999 -9999 -9999 0.0
C0G660 2003071922 -9999 -9999 -9999 0.0
C0G660 2003071923 -9999 -9999 -9999 0.0
C0G660 2003071924 -9999 -9999 -9999 0.0
C0G660 2003072001 -9999 -9999 -9999 0.0
C0G660 2003072002 -9999 -9999 -9999 0.0
C0G660 2003072003 -9999 -9999 -9999 0.0
C0G660 2003072004 -9999 -9999 -9999 0.0
C0G660 2003072005 -9999 -9999 -9999 0.0
C0G660 2003072006 -9999 -9999 -9999 0.0
C0G660 2003072007 -9999 -9999 -9999 0.0
C0G660 2003072008 -9999 -9999 -9999 0.0
C0G660 2003072009 -9999 -9999 -9999 0.0
C0G660 2003072010 -9999 -9999 -9999 0.0
C0G660 2003072011 -9999 -9999 -9999 0.0
C0G660 2003072012 -9999 -9999 -9999 0.0
C0G660 2003072013 -9999 -9999 -9999 0.0
C0G660 2003072014 -9999 -9999 -9999 0.0
C0G660 2003072015 -9999 -9999 -9999 0.0
C0G660 2003072016 -9999 -9999 -9999 0.0
C0G660 2003072017 -9999 -9999 -9999 0.0
C0G660 2003072018 -9999 -9999 -9999 0.0
C0G660 2003072019 -9999 -9999 -9999 0.0
C0G660 2003072020 -9999 -9999 -9999 0.0
C0G660 2003072021 -9999 -9999 -9999 0.0
C0G660 2003072022 -9999 -9999 -9999 0.0
C0G660 2003072023 -9999 -9999 -9999 0.0
C0G660 2003072024 -9999 -9999 -9999 0.0
C0G660 2003072101 -9999 -9999 -9999 0.0
C0G660 2003072102 -9999 -9999 -9999 0.0
C0G660 2003072103 -9999 -9999 -9999 0.0
C0G660 2003072104 -9999 -9999 -9999 0.0
C0G660 2003072105 -9999 -9999 -9999 0.0
C0G660 2003072106 -9999 -9999 -9999 0.0
C0G660 2003072107 -9999 -9999 -9999 0.0
C0G660 2003072108 -9999 -9999 -9999 0.0
C0G660 2003072109 -9999 -9999 -9999 0.0
C0G660 2003072110 -9999 -9999 -9999 0.0
C0G660 2003072111 -9999 -9999 -9999 0.0
C0G660 2003072112 -9999 -9999 -9999 0.0
C0G660 2003072113 -9999 -9999 -9999 0.0
C0G660 2003072114 -9999 -9999 -9999 0.0
C0G660 2003072115 -9999 -9999 -9999 0.0
C0G660 2003072116 -9999 -9999 -9999 0.0
C0G660 2003072117 -9999 -9999 -9999 0.0
C0G660 2003072118 -9999 -9999 -9999 0.0
C0G660 2003072119 -9999 -9999 -9999 0.0
C0G660 2003072120 -9999 -9999 -9999 0.0
C0G660 2003072121 -9999 -9999 -9999 0.0
C0G660 2003072122 -9999 -9999 -9999 0.0
C0G660 2003072123 -9999 -9999 -9999 0.0
C0G660 2003072124 -9999 -9999 -9999 0.0
C0G660 2003072201 -9999 -9999 -9999 0.0
C0G660 2003072202 -9999 -9999 -9999 0.0
C0G660 2003072203 -9999 -9999 -9999 0.0
C0G660 2003072204 -9999 -9999 -9999 0.0
C0G660 2003072205 -9999 -9999 -9999 0.0
C0G660 2003072206 -9999 -9999 -9999 0.0
C0G660 2003072207 -9999 -9999 -9999 0.0
C0G660 2003072208 -9999 -9999 -9999 0.0
C0G660 2003072209 -9999 -9999 -9999 0.0
C0G660 2003072210 -9999 -9999 -9999 0.0
C0G660 2003072211 -9999 -9999 -9999 0.0
C0G660 2003072212 -9999 -9999 -9999 0.0
C0G660 2003072213 -9999 -9999 -9999 0.0
C0G660 2003072214 -9999 -9999 -9999 0.0
C0G660 2003072215 -9999 -9999 -9999 0.0
C0G660 2003072216 -9999 -9999 -9999 0.0
C0G660 2003072217 -9999 -9999 -9999 0.0
C0G660 2003072218 -9999 -9999 -9999 0.0
C0G660 2003072219 -9999 -9999 -9999 0.0
C0G660 2003072220 -9999 -9999 -9999 0.0
C0G660 2003072221 -9999 -9999 -9999 0.0
C0G660 2003072222 -9999 -9999 -9999 0.0
C0G660 2003072223 -9999 -9999 -9999 0.0
C0G660 2003072224 -9999 -9999 -9999 0.0
C0G660 2003072301 -9999 -9999 -9999 0.0
C0G660 2003072302 -9999 -9999 -9999 0.0
C0G660 2003072303 -9999 -9999 -9999 0.0
C0G660 2003072304 -9999 -9999 -9999 0.0
C0G660 2003072305 -9999 -9999 -9999 0.0
C0G660 2003072306 -9999 -9999 -9999 0.0
C0G660 2003072307 -9999 -9999 -9999 0.0
C0G660 2003072308 -9999 -9999 -9999 0.0
C0G660 2003072309 -9999 -9999 -9999 0.0
C0G660 2003072310 -9999 -9999 -9999 0.0
C0G660 2003072311 -9999 -9999 -9999 0.0
C0G660 2003072312 -9999 -9999 -9999 0.0
C0G660 2003072313 -9999 -9999 -9999 0.0
C0G660 2003072314 -9999 -9999 -9999 0.0
C0G660 2003072315 -9999 -9999 -9999 0.0
C0G660 2003072316 -9999 -9999 -9999 0.0
C0G660 2003072317 -9999 -9999 -9999 0.0
C0G660 2003072318 -9999 -9999 -9999 0.0
C0G660 2003072319 -9999 -9999 -9999 0.0
C0G660 2003072320 -9999 -9999 -9999 0.0
C0G660 2003072321 -9999 -9999 -9999 0.0
C0G660 2003072322 -9999 -9999 -9999 0.0
C0G660 2003072323 -9999 -9999 -9999 0.0
C0G660 2003072324 -9999 -9999 -9999 0.0
C0G660 2003072401 -9999 -9999 -9999 0.0
C0G660 2003072402 -9999 -9999 -9999 0.0
C0G660 2003072403 -9999 -9999 -9999 0.0
C0G660 2003072404 -9999 -9999 -9999 0.0
C0G660 2003072405 -9999 -9999 -9999 0.0
C0G660 2003072406 -9999 -9999 -9999 0.0
C0G660 2003072407 -9999 -9999 -9999 0.0
C0G660 2003072408 -9999 -9999 -9999 0.0
C0G660 2003072409 -9999 -9999 -9999 0.0
C0G660 2003072410 -9999 -9999 -9999 0.0
C0G660 2003072411 -9999 -9999 -9999 0.0
C0G660 2003072412 -9999 -9999 -9999 0.0
C0G660 2003072413 -9999 -9999 -9999 0.0
C0G660 2003072414 -9999 -9999 -9999 0.0
C0G660 2003072415 -9999 -9999 -9999 0.0
C0G660 2003072416 -9999 -9999 -9999 0.5
C0G660 2003072417 -9999 -9999 -9999 0.5
C0G660 2003072418 -9999 -9999 -9999 0.0
C0G660 2003072419 -9999 -9999 -9999 0.0
C0G660 2003072420 -9999 -9999 -9999 0.0
C0G660 2003072421 -9999 -9999 -9999 0.0
C0G660 2003072422 -9999 -9999 -9999 0.0
C0G660 2003072423 -9999 -9999 -9999 0.0
C0G660 2003072424 -9999 -9999 -9999 0.0
C0G660 2003072501 -9999 -9999 -9999 0.0
C0G660 2003072502 -9999 -9999 -9999 0.0
C0G660 2003072503 -9999 -9999 -9999 0.0
C0G660 2003072504 -9999 -9999 -9999 0.0
C0G660 2003072505 -9999 -9999 -9999 0.0
C0G660 2003072506 -9999 -9999 -9999 0.0
C0G660 2003072507 -9999 -9999 -9999 0.0
C0G660 2003072508 -9999 -9999 -9999 0.0
C0G660 2003072509 -9999 -9999 -9999 0.0
C0G660 2003072510 -9999 -9999 -9999 0.0
C0G660 2003072511 -9999 -9999 -9999 0.0
C0G660 2003072512 -9999 -9999 -9999 0.0
C0G660 2003072513 -9999 -9999 -9999 0.0
C0G660 2003072514 -9999 -9999 -9999 0.0
C0G660 2003072515 -9999 -9999 -9999 0.0
C0G660 2003072516 -9999 -9999 -9999 0.0
C0G660 2003072517 -9999 -9999 -9999 0.0
C0G660 2003072518 -9999 -9999 -9999 0.0
C0G660 2003072519 -9999 -9999 -9999 0.0
C0G660 2003072520 -9999 -9999 -9999 0.0
C0G660 2003072521 -9999 -9999 -9999 0.0
C0G660 2003072522 -9999 -9999 -9999 0.0
C0G660 2003072523 -9999 -9999 -9999 0.0
C0G660 2003072524 -9999 -9999 -9999 0.0
C0G660 2003072601 -9999 -9999 -9999 0.0
C0G660 2003072602 -9999 -9999 -9999 0.0
C0G660 2003072603 -9999 -9999 -9999 0.0
C0G660 2003072604 -9999 -9999 -9999 0.0
C0G660 2003072605 -9999 -9999 -9999 0.0
C0G660 2003072606 -9999 -9999 -9999 0.0
C0G660 2003072607 -9999 -9999 -9999 0.0
C0G660 2003072608 -9999 -9999 -9999 0.0
C0G660 2003072609 -9999 -9999 -9999 0.0
C0G660 2003072610 -9999 -9999 -9999 0.0
C0G660 2003072611 -9999 -9999 -9999 0.0
C0G660 2003072612 -9999 -9999 -9999 0.0
C0G660 2003072613 -9999 -9999 -9999 0.0
C0G660 2003072614 -9999 -9999 -9999 0.0
C0G660 2003072615 -9999 -9999 -9999 0.0
C0G660 2003072616 -9999 -9999 -9999 0.0
C0G660 2003072617 -9999 -9999 -9999 0.0
C0G660 2003072618 -9999 -9999 -9999 0.0
C0G660 2003072619 -9999 -9999 -9999 0.0
C0G660 2003072620 -9999 -9999 -9999 0.0
C0G660 2003072621 -9999 -9999 -9999 0.0
C0G660 2003072622 -9999 -9999 -9999 0.0
C0G660 2003072623 -9999 -9999 -9999 0.0
C0G660 2003072624 -9999 -9999 -9999 0.0
C0G660 2003072701 -9999 -9999 -9999 0.0
C0G660 2003072702 -9999 -9999 -9999 0.0
C0G660 2003072703 -9999 -9999 -9999 0.0
C0G660 2003072704 -9999 -9999 -9999 0.0
C0G660 2003072705 -9999 -9999 -9999 0.0
C0G660 2003072706 -9999 -9999 -9999 0.0
C0G660 2003072707 -9999 -9999 -9999 0.0
C0G660 2003072708 -9999 -9999 -9999 0.0
C0G660 2003072709 -9999 -9999 -9999 0.0
C0G660 2003072710 -9999 -9999 -9999 0.0
C0G660 2003072711 -9999 -9999 -9999 0.0
C0G660 2003072712 -9999 -9999 -9999 0.0
C0G660 2003072713 -9999 -9999 -9999 0.0
C0G660 2003072714 -9999 -9999 -9999 0.0
C0G660 2003072715 -9999 -9999 -9999 0.0
C0G660 2003072716 -9999 -9999 -9999 0.0
C0G660 2003072717 -9999 -9999 -9999 0.0
C0G660 2003072718 -9999 -9999 -9999 0.0
C0G660 2003072719 -9999 -9999 -9999 0.0
C0G660 2003072720 -9999 -9999 -9999 0.0
C0G660 2003072721 -9999 -9999 -9999 0.0
C0G660 2003072722 -9999 -9999 -9999 0.0
C0G660 2003072723 -9999 -9999 -9999 0.0
C0G660 2003072724 -9999 -9999 -9999 0.0
C0G660 2003072801 -9999 -9999 -9999 0.0
C0G660 2003072802 -9999 -9999 -9999 0.0
C0G660 2003072803 -9999 -9999 -9999 0.0
C0G660 2003072804 -9999 -9999 -9999 0.0
C0G660 2003072805 -9999 -9999 -9999 0.0
C0G660 2003072806 -9999 -9999 -9999 0.0
C0G660 2003072807 -9999 -9999 -9999 0.0
C0G660 2003072808 -9999 -9999 -9999 0.0
C0G660 2003072809 -9999 -9999 -9999 0.0
C0G660 2003072810 -9999 -9999 -9999 0.0
C0G660 2003072811 -9999 -9999 -9999 0.0
C0G660 2003072812 -9999 -9999 -9999 0.0
C0G660 2003072813 -9999 -9999 -9999 0.0
C0G660 2003072814 -9999 -9999 -9999 0.0
C0G660 2003072815 -9999 -9999 -9999 0.0
C0G660 2003072816 -9999 -9999 -9999 0.0
C0G660 2003072817 -9999 -9999 -9999 0.0
C0G660 2003072818 -9999 -9999 -9999 0.0
C0G660 2003072819 -9999 -9999 -9999 0.0
C0G660 2003072820 -9999 -9999 -9999 0.0
C0G660 2003072821 -9999 -9999 -9999 0.0
C0G660 2003072822 -9999 -9999 -9999 0.0
C0G660 2003072823 -9999 -9999 -9999 0.0
C0G660 2003072824 -9999 -9999 -9999 0.0
C0G660 2003072901 -9999 -9999 -9999 0.0
C0G660 2003072902 -9999 -9999 -9999 0.0
C0G660 2003072903 -9999 -9999 -9999 0.0
C0G660 2003072904 -9999 -9999 -9999 0.0
C0G660 2003072905 -9999 -9999 -9999 0.0
C0G660 2003072906 -9999 -9999 -9999 0.0
C0G660 2003072907 -9999 -9999 -9999 0.0
C0G660 2003072908 -9999 -9999 -9999 0.0
C0G660 2003072909 -9999 -9999 -9999 0.0
C0G660 2003072910 -9999 -9999 -9999 0.0
C0G660 2003072911 -9999 -9999 -9999 0.0
C0G660 2003072912 -9999 -9999 -9999 0.0
C0G660 2003072913 -9999 -9999 -9999 0.0
C0G660 2003072914 -9999 -9999 -9999 0.0
C0G660 2003072915 -9999 -9999 -9999 0.0
C0G660 2003072916 -9999 -9999 -9999 0.0
C0G660 2003072917 -9999 -9999 -9999 0.0
C0G660 2003072918 -9999 -9999 -9999 0.0
C0G660 2003072919 -9999 -9999 -9999 0.0
C0G660 2003072920 -9999 -9999 -9999 0.0
C0G660 2003072921 -9999 -9999 -9999 0.0
C0G660 2003072922 -9999 -9999 -9999 0.0
C0G660 2003072923 -9999 -9999 -9999 0.0
C0G660 2003072924 -9999 -9999 -9999 0.0
C0G660 2003073001 -9999 -9999 -9999 0.0
C0G660 2003073002 -9999 -9999 -9999 0.0
C0G660 2003073003 -9999 -9999 -9999 0.0
C0G660 2003073004 -9999 -9999 -9999 0.0
C0G660 2003073005 -9999 -9999 -9999 0.0
C0G660 2003073006 -9999 -9999 -9999 0.0
C0G660 2003073007 -9999 -9999 -9999 0.0
C0G660 2003073008 -9999 -9999 -9999 0.0
C0G660 2003073009 -9999 -9999 -9999 0.0
C0G660 2003073010 -9999 -9999 -9999 0.0
C0G660 2003073011 -9999 -9999 -9999 0.0
C0G660 2003073012 -9999 -9999 -9999 0.0
C0G660 2003073013 -9999 -9999 -9999 0.0
C0G660 2003073014 -9999 -9999 -9999 0.0
C0G660 2003073015 -9999 -9999 -9999 0.0
C0G660 2003073016 -9999 -9999 -9999 0.0
C0G660 2003073017 -9999 -9999 -9999 0.0
C0G660 2003073018 -9999 -9999 -9999 0.0
C0G660 2003073019 -9999 -9999 -9999 0.0
C0G660 2003073020 -9999 -9999 -9999 0.0
C0G660 2003073021 -9999 -9999 -9999 0.0
C0G660 2003073022 -9999 -9999 -9999 0.0
C0G660 2003073023 -9999 -9999 -9999 0.0
C0G660 2003073024 -9999 -9999 -9999 0.0
C0G660 2003073101 -9999 -9999 -9999 0.0
C0G660 2003073102 -9999 -9999 -9999 0.0
C0G660 2003073103 -9999 -9999 -9999 0.0
C0G660 2003073104 -9999 -9999 -9999 0.0
C0G660 2003073105 -9999 -9999 -9999 0.0
C0G660 2003073106 -9999 -9999 -9999 0.0
C0G660 2003073107 -9999 -9999 -9999 0.0
C0G660 2003073108 -9999 -9999 -9999 0.0
C0G660 2003073109 -9999 -9999 -9999 0.0
C0G660 2003073110 -9999 -9999 -9999 0.0
C0G660 2003073111 -9999 -9999 -9999 0.0
C0G660 2003073112 -9999 -9999 -9999 0.0
C0G660 2003073113 -9999 -9999 -9999 0.0
C0G660 2003073114 -9999 -9999 -9999 0.0
C0G660 2003073115 -9999 -9999 -9999 0.0
C0G660 2003073116 -9999 -9999 -9999 0.0
C0G660 2003073117 -9999 -9999 -9999 0.0
C0G660 2003073118 -9999 -9999 -9999 0.0
C0G660 2003073119 -9999 -9999 -9999 0.0
C0G660 2003073120 -9999 -9999 -9999 0.0
C0G660 2003073121 -9999 -9999 -9999 0.0
C0G660 2003073122 -9999 -9999 -9999 0.0
C0G660 2003073123 -9999 -9999 -9999 0.0
C0G660 2003073124 -9999 -9999 -9999 0.0
