C0G650 2003110101  -9997   20.2  -9997    0.0    0.0    0.0    0.0
C0G650 2003110102  -9997   20.6  -9997    0.0    0.0    0.0    0.0
C0G650 2003110103  -9997   20.8  -9997    0.0    0.0    0.0    0.0
C0G650 2003110104  -9997   20.9  -9997    0.0    0.0    0.0    0.0
C0G650 2003110105  -9997   21.3  -9997    0.0    0.0    0.0    0.0
C0G650 2003110106  -9997   20.7  -9997    0.0    0.0    0.0    0.0
C0G650 2003110107  -9997   20.7  -9997    0.0    0.0    0.0    0.0
C0G650 2003110108  -9997   24.4  -9997    0.0    0.0    0.0    0.2
C0G650 2003110109  -9997   25.7  -9997    0.0    0.0    0.0    1.0
C0G650 2003110110  -9997   27.7  -9997    0.0  -9997    0.0    1.0
C0G650 2003110111  -9997   29.5  -9997    0.1    0.0    0.0    1.0
C0G650 2003110112  -9997   30.7  -9997    0.0    0.0    0.0    1.0
C0G650 2003110113  -9997   29.3  -9997    0.4   30.0    0.0    0.7
C0G650 2003110114  -9997   28.7  -9997    0.2    0.0    0.0    0.5
C0G650 2003110115  -9997   29.0  -9997    0.6  340.0    0.0    1.0
C0G650 2003110116  -9997   27.3  -9997    0.2    0.0    0.0    0.8
C0G650 2003110117  -9997   26.6  -9997    0.2    0.0    0.0    0.0
C0G650 2003110118  -9997   25.8  -9997    0.0    0.0    0.0    0.0
C0G650 2003110119  -9997   25.3  -9997    0.0    0.0    0.0    0.0
C0G650 2003110120  -9997   24.9  -9997    0.0    0.0    0.0    0.0
C0G650 2003110121  -9997   24.3  -9997    0.0    0.0    0.0    0.0
C0G650 2003110122  -9997   24.4  -9997    0.0    0.0    0.0    0.0
C0G650 2003110123  -9997   24.0  -9997    0.0    0.0    0.0    0.0
C0G650 2003110124  -9997   23.5  -9997    0.0    0.0    0.0    0.0
C0G650 2003110201  -9997   23.0  -9997    0.0    0.0    0.0    0.0
C0G650 2003110202  -9997   22.5  -9997    0.0    0.0    0.0    0.0
C0G650 2003110203  -9997   22.6  -9997    0.0    0.0    0.0    0.0
C0G650 2003110204  -9997   22.7  -9997    0.0    0.0    0.0    0.0
C0G650 2003110205  -9997   22.4  -9997    0.0    0.0    0.0    0.0
C0G650 2003110206  -9997   22.3  -9997    0.0    0.0    0.0    0.0
C0G650 2003110207  -9997   22.6  -9997    1.3  200.0    0.0    0.0
C0G650 2003110208  -9997   23.5  -9997    0.0    0.0    0.0    0.0
C0G650 2003110209  -9997   24.9  -9997    0.0    0.0    0.0    0.0
C0G650 2003110210  -9997   25.9  -9997    0.0    0.0    0.0    0.0
C0G650 2003110211  -9997   27.2  -9997    0.1    0.0    0.0    0.1
C0G650 2003110212  -9997   27.6  -9997    0.9   50.0    0.0    0.1
C0G650 2003110213  -9997   28.0  -9997    0.4  350.0    0.0    0.0
C0G650 2003110214  -9997   27.3  -9997    0.1    0.0    0.0    0.0
C0G650 2003110215  -9997   26.9  -9997    0.1    0.0    0.0    0.0
C0G650 2003110216  -9997   26.5  -9997    0.3   20.0    0.0  -9997
C0G650 2003110217  -9997   25.9  -9997    0.0    0.0    0.0    0.0
C0G650 2003110218  -9997   25.5  -9997    0.0    0.0    0.0    0.0
C0G650 2003110219  -9997   25.3  -9997    0.0    0.0    0.0    0.0
C0G650 2003110220  -9997   25.2  -9997    0.0    0.0    0.0    0.0
C0G650 2003110221  -9997   25.2  -9997    0.0    0.0    0.0    0.0
C0G650 2003110222  -9997   24.4  -9997    0.0    0.0    0.0    0.0
C0G650 2003110223  -9997   24.5  -9997    0.0    0.0    0.0    0.0
C0G650 2003110224  -9997   25.2  -9997    0.1    0.0    0.0    0.0
C0G650 2003110301  -9997   25.3  -9997    0.2    0.0    0.0    0.0
C0G650 2003110302  -9997   25.1  -9997    0.2    0.0    0.0    0.0
C0G650 2003110303  -9997   24.9  -9997    0.8   40.0    0.0    0.0
C0G650 2003110304  -9997   24.7  -9997    0.4   40.0    0.0    0.0
C0G650 2003110305  -9997   24.6  -9997    0.5   30.0    0.0    0.0
C0G650 2003110306  -9997   24.6  -9997    0.4   40.0    0.0    0.0
C0G650 2003110307  -9997   24.8  -9997    0.6   10.0    0.0    0.0
C0G650 2003110308  -9997   25.1  -9997    0.6   30.0    0.0    0.0
C0G650 2003110309  -9997   25.5  -9997    0.5   20.0    0.0  -9997
C0G650 2003110310  -9997   24.6  -9997    2.0   40.0    0.0    0.0
C0G650 2003110311  -9997   24.6  -9997    1.3   40.0    0.0    0.0
C0G650 2003110312  -9997   25.2  -9997    0.6   30.0    0.0    0.2
C0G650 2003110313  -9997   25.9  -9997    1.1   30.0    0.0    1.0
C0G650 2003110314  -9997   26.3  -9997    0.4   30.0    0.0    0.8
C0G650 2003110315  -9997   25.6  -9997    1.0   40.0    0.0    0.6
C0G650 2003110316  -9997   25.0  -9997    0.3   30.0    0.0    0.0
C0G650 2003110317  -9997   24.5  -9997    0.0  -9997    0.0    0.0
C0G650 2003110318  -9997   24.3  -9997    0.1    0.0    0.0    0.0
C0G650 2003110319  -9997   23.3  -9997    0.0    0.0    0.0    0.0
C0G650 2003110320  -9997   22.7  -9997    0.0    0.0    0.0    0.0
C0G650 2003110321  -9997   22.3  -9997    0.0    0.0    0.0    0.0
C0G650 2003110322  -9997   21.5  -9997    0.0    0.0    0.0    0.0
C0G650 2003110323  -9997   22.0  -9997    0.0    0.0    0.0    0.0
C0G650 2003110324  -9997   21.9  -9997    0.0    0.0    0.0    0.0
C0G650 2003110401  -9997   22.4  -9997  -9997    0.0    0.0    0.0
C0G650 2003110402  -9997   22.8  -9997    0.0    0.0    0.0    0.0
C0G650 2003110403  -9997   22.9  -9997    0.0    0.0    0.0    0.0
C0G650 2003110404  -9997   23.0  -9997    0.0    0.0    0.0    0.0
C0G650 2003110405  -9997   23.2  -9997    0.0    0.0    0.0    0.0
C0G650 2003110406  -9997   22.6  -9997    0.0    0.0    0.0    0.0
C0G650 2003110407  -9997   22.4  -9997    0.0    0.0    0.0    0.0
C0G650 2003110408  -9997   24.1  -9997    0.2    0.0    0.0    0.4
C0G650 2003110409  -9997   25.8  -9997    0.3   40.0    0.0    0.8
C0G650 2003110410  -9997   29.1  -9997    0.0    0.0    0.0    0.3
C0G650 2003110411  -9997   29.2  -9997    1.2  270.0    0.0    1.0
C0G650 2003110412  -9997   30.4  -9997    0.5  200.0    0.0  -9997
C0G650 2003110413  -9997   31.4  -9997    0.2    0.0    0.0  -9997
C0G650 2003110414  -9997   30.9  -9997    0.3  350.0    0.0    2.5
C0G650 2003110415  -9997   29.5  -9997    0.1    0.0    0.0    1.0
C0G650 2003110416  -9997   27.5  -9997    0.0    0.0    0.0    0.2
C0G650 2003110417  -9997   27.0  -9997    0.0    0.0    0.0    0.0
C0G650 2003110418  -9997   25.6  -9997    0.0    0.0    0.0    0.0
C0G650 2003110419  -9997   24.6  -9997    0.0    0.0    0.0    0.0
C0G650 2003110420  -9997   23.3  -9997    0.0    0.0    0.0    0.0
C0G650 2003110421  -9997   22.7  -9997    0.0    0.0    0.0    0.0
C0G650 2003110422  -9997   21.9  -9997    0.0    0.0    0.0    0.0
C0G650 2003110423  -9997   22.5  -9997    0.0    0.0    0.0    0.0
C0G650 2003110424  -9997   22.6  -9997    0.0    0.0    0.0    0.0
C0G650 2003110501  -9997   22.6  -9997    0.0    0.0    0.0    0.0
C0G650 2003110502  -9997   21.5  -9997    0.0    0.0    0.0    0.0
C0G650 2003110503  -9997   20.8  -9997    0.0    0.0    0.0    0.0
C0G650 2003110504  -9997   20.5  -9997    0.0    0.0    0.0    0.0
C0G650 2003110505  -9997   20.1  -9997    0.0    0.0    0.0    0.0
C0G650 2003110506  -9997   20.0  -9997    0.0    0.0    0.0    0.0
C0G650 2003110507  -9997   21.0  -9997    0.0    0.0    0.0    0.0
C0G650 2003110508  -9997   24.2  -9997    0.0    0.0    0.0    0.5
C0G650 2003110509  -9997   25.5  -9997    0.0    0.0    0.0    0.7
C0G650 2003110510  -9997   27.2  -9997    0.0    0.0    0.0    1.0
C0G650 2003110511  -9997   30.1  -9997    0.0    0.0    0.0    1.0
C0G650 2003110512  -9997   30.7  -9997    0.2    0.0    0.0    1.0
C0G650 2003110513  -9997   29.8  -9997    0.3   30.0    0.0    0.9
C0G650 2003110514  -9997   30.4  -9997    0.6  340.0    0.0    0.4
C0G650 2003110515  -9997   27.9  -9997    0.3   30.0    0.0    1.0
C0G650 2003110516  -9997   26.8  -9997    0.1    0.0    0.0    1.0
C0G650 2003110517  -9997   25.3  -9997    0.0    0.0    0.0    0.1
C0G650 2003110518  -9997   24.5  -9997    0.0    0.0    0.0    0.0
C0G650 2003110519  -9997   24.2  -9997    0.0    0.0    0.0    0.0
C0G650 2003110520  -9997   23.6  -9997    0.0    0.0    0.0    0.0
C0G650 2003110521  -9997   22.7  -9997    0.0    0.0    0.0    0.0
C0G650 2003110522  -9997   21.9  -9997    0.0    0.0    0.0    0.0
C0G650 2003110523  -9997   21.4  -9997    0.0  -9997    0.0    0.0
C0G650 2003110524  -9997   21.0  -9997    0.0    0.0    0.0    0.0
C0G650 2003110601  -9997   20.8  -9997    0.0    0.0    0.0    0.0
C0G650 2003110602  -9997   20.7  -9997    0.0    0.0    0.0    0.0
C0G650 2003110603  -9997   20.7  -9997    0.0    0.0    0.0    0.0
C0G650 2003110604  -9997   20.3  -9997    0.0    0.0    0.0    0.0
C0G650 2003110605  -9997   20.0  -9997    0.0    0.0    0.0    0.0
C0G650 2003110606  -9997   20.4  -9997    0.0    0.0    0.0    0.0
C0G650 2003110607  -9997   22.3  -9997    0.2    0.0    0.0    0.0
C0G650 2003110608  -9997   25.5  -9997    0.0    0.0    0.0    1.0
C0G650 2003110609  -9997   25.9  -9997    0.0    0.0    0.0    1.0
C0G650 2003110610  -9997   27.7  -9997    0.2    0.0    0.0    1.0
C0G650 2003110611  -9997   29.7  -9997    1.1   50.0    0.0    1.0
C0G650 2003110612  -9997   30.9  -9997    0.6   60.0    0.0    1.0
C0G650 2003110613  -9997   30.9  -9997    0.4   40.0    0.0    0.9
C0G650 2003110614  -9997   30.6  -9997    0.2    0.0    0.0    0.4
C0G650 2003110615  -9997   30.9  -9997    0.3   40.0    0.0    0.9
C0G650 2003110616  -9997   30.1  -9997    0.3   30.0    0.0    1.0
C0G650 2003110617  -9997   28.4  -9997    0.0    0.0    0.0    0.7
C0G650 2003110618  -9997   26.5  -9997    0.0    0.0    0.0    0.0
C0G650 2003110619  -9997   25.2  -9997    0.0    0.0    0.0    0.0
C0G650 2003110620  -9997   24.6  -9997    0.0    0.0    0.0    0.0
C0G650 2003110621  -9997   23.2  -9997    0.0    0.0    0.0    0.0
C0G650 2003110622  -9997   23.0  -9997    0.0    0.0    0.0    0.0
C0G650 2003110623  -9997   22.4  -9997    0.0    0.0    0.0    0.0
C0G650 2003110624  -9997   22.2  -9997    0.0    0.0    0.0    0.0
C0G650 2003110701  -9997   21.7  -9997    0.0    0.0  -9996    0.0
C0G650 2003110702  -9997   21.4  -9997    0.0    0.0  -9996    0.0
C0G650 2003110703  -9997  -9997  -9997    0.0    0.0    0.0    0.0
C0G650 2003110704  -9997   20.8  -9997    0.0    0.0    0.0    0.0
C0G650 2003110705  -9997   20.3  -9997    0.0    0.0    0.0    0.0
C0G650 2003110706  -9997   20.1  -9997    0.0    0.0    0.0    0.0
C0G650 2003110707  -9997   20.4  -9997    0.0    0.0    0.0    0.0
C0G650 2003110708  -9997   22.9  -9997    0.0    0.0    0.0    0.2
C0G650 2003110709  -9997   28.3  -9997    0.0    0.0    0.0    0.6
C0G650 2003110710  -9997   28.8  -9997    0.0    0.0    0.0    1.0
C0G650 2003110711  -9997   30.6  -9997    0.8  270.0    0.0    1.0
C0G650 2003110712  -9997   31.9  -9997    0.5  300.0    0.0    1.0
C0G650 2003110713  -9997   31.5  -9997    0.4  320.0    0.0    1.0
C0G650 2003110714  -9997   30.7  -9997    0.4  270.0    0.0    0.6
C0G650 2003110715  -9997   28.1  -9997    0.2    0.0    0.0    0.5
C0G650 2003110716  -9997   27.3  -9997    0.3   10.0    0.0  -9997
C0G650 2003110717  -9997   26.2  -9997    0.0    0.0    0.0    0.1
C0G650 2003110718  -9997   25.6  -9997    0.0    0.0    0.0    0.0
C0G650 2003110719  -9997   25.3  -9997    0.0    0.0    0.0    0.0
C0G650 2003110720  -9997   24.5  -9997    0.0    0.0    0.0    0.0
C0G650 2003110721  -9997   23.7  -9997    0.0    0.0    0.0    0.0
C0G650 2003110722  -9997   23.4  -9997    0.0    0.0    0.0    0.0
C0G650 2003110723  -9997   23.1  -9997    0.0    0.0    0.0    0.0
C0G650 2003110724  -9997   22.7  -9997    0.0    0.0    0.0    0.0
C0G650 2003110801  -9997   22.6  -9997    0.0    0.0    0.0    0.0
C0G650 2003110802  -9997   22.3  -9997    0.0    0.0    0.0    0.0
C0G650 2003110803  -9997   22.6  -9997  -9997    0.0    0.0    0.0
C0G650 2003110804  -9997   22.8  -9997    0.0    0.0    0.0    0.0
C0G650 2003110805  -9997   22.4  -9997    0.0    0.0    0.0    0.0
C0G650 2003110806  -9997   22.1  -9997    0.0    0.0    0.0    0.0
C0G650 2003110807  -9997   22.6  -9997    0.0    0.0    0.0    0.0
C0G650 2003110808  -9997   23.1  -9997    0.0    0.0    0.0  -9997
C0G650 2003110809  -9997   26.1  -9997    0.1    0.0    0.0    0.1
C0G650 2003110810  -9997   28.6  -9997    0.0    0.0    0.0    1.0
C0G650 2003110811  -9997   28.5  -9997    0.0    0.0    0.0    0.5
C0G650 2003110812  -9997   29.6  -9997    0.2    0.0    0.0    0.7
C0G650 2003110813  -9997   30.8  -9997    0.1    0.0    0.0    1.0
C0G650 2003110814  -9997   31.4  -9997    0.3  270.0    0.0    0.9
C0G650 2003110815  -9997   30.2  -9997    0.3  340.0    0.0    1.0
C0G650 2003110816  -9997   28.3  -9997    0.0    0.0    0.0    0.7
C0G650 2003110817  -9997   26.6  -9997    0.0    0.0    0.0    0.0
C0G650 2003110818  -9997   25.6  -9997    0.0    0.0    0.0    0.0
C0G650 2003110819  -9997   25.2  -9997    0.0    0.0    0.0    0.0
C0G650 2003110820  -9997   24.7  -9997    0.0    0.0    0.0    0.0
C0G650 2003110821  -9997   24.2  -9997    0.0    0.0    0.0    0.0
C0G650 2003110822  -9997   23.7  -9997    0.0    0.0    0.0    0.0
C0G650 2003110823  -9997   23.3  -9997    0.0    0.0    0.0    0.0
C0G650 2003110824  -9997   23.0  -9997    0.0    0.0    0.0    0.0
C0G650 2003110901  -9997   22.8  -9997    0.0    0.0    0.0    0.0
C0G650 2003110902  -9997   22.4  -9997    0.0    0.0    0.0    0.0
C0G650 2003110903  -9997   22.3  -9997    0.0    0.0    0.0    0.0
C0G650 2003110904  -9997   22.1  -9997    0.0    0.0    0.0    0.0
C0G650 2003110905  -9997   22.6  -9997    0.0    0.0    0.0    0.0
C0G650 2003110906  -9997   22.9  -9997    0.0    0.0    0.0    0.0
C0G650 2003110907  -9997   23.6  -9997    0.0    0.0    0.0    0.0
C0G650 2003110908  -9997   24.7  -9997    0.2    0.0    0.0    0.0
C0G650 2003110909  -9997   25.6  -9997    0.8   50.0    0.0    0.3
C0G650 2003110910  -9997   27.2  -9997    0.3   50.0    0.0    1.0
C0G650 2003110911  -9997   29.5  -9997    0.0    0.0    0.0    1.0
C0G650 2003110912  -9997   29.6  -9997    0.1    0.0    0.0    0.9
C0G650 2003110913  -9997   29.0  -9997    0.1    0.0    0.0    0.5
C0G650 2003110914  -9997   29.3  -9997    0.3  330.0    0.0    0.9
C0G650 2003110915  -9997   28.6  -9997    0.8  340.0    0.0    1.0
C0G650 2003110916  -9997   27.9  -9997    0.1    0.0    0.0    0.9
C0G650 2003110917  -9997   26.5  -9997    0.1    0.0    0.0    0.0
C0G650 2003110918  -9997   25.4  -9997    0.1    0.0    0.0    0.0
C0G650 2003110919  -9997   24.4  -9997    0.0    0.0    0.0    0.0
C0G650 2003110920  -9997   24.0  -9997    0.0    0.0    0.0    0.0
C0G650 2003110921  -9997   23.8  -9997    0.0    0.0    0.0    0.0
C0G650 2003110922  -9997   23.2  -9997    0.0    0.0    0.0    0.0
C0G650 2003110923  -9997   22.6  -9997    0.1    0.0    0.0    0.0
C0G650 2003110924  -9997   22.6  -9997    0.0    0.0    0.0  -9997
C0G650 2003111001  -9997   22.6  -9997    0.0    0.0    0.0    0.0
C0G650 2003111002  -9997   22.9  -9997    0.0    0.0    0.0    0.0
C0G650 2003111003  -9997   22.9  -9997    0.0    0.0    0.0    0.0
C0G650 2003111004  -9997   22.7  -9997    0.0    0.0    0.0    0.0
C0G650 2003111005  -9997   22.2  -9997    0.0    0.0    0.0    0.0
C0G650 2003111006  -9997   22.2  -9997    0.0    0.0    0.0    0.0
C0G650 2003111007  -9997   22.6  -9997    0.0    0.0    0.0    0.0
C0G650 2003111008  -9997   23.7  -9997    0.0    0.0    0.0    0.4
C0G650 2003111009  -9997   25.8  -9997    0.3   60.0    0.0    1.0
C0G650 2003111010  -9997   27.4  -9997    0.0    0.0    0.0    1.0
C0G650 2003111011  -9997   29.5  -9997    0.2    0.0    0.0    1.0
C0G650 2003111012  -9997   29.0  -9997    0.3   30.0    0.0    1.0
C0G650 2003111013  -9997   28.5  -9997    0.3   30.0    0.0    1.0
C0G650 2003111014  -9997   28.5  -9997    0.4   30.0    0.0    0.6
C0G650 2003111015  -9997   28.1  -9997    0.4   40.0    0.0    1.0
C0G650 2003111016  -9997   26.7  -9997    0.2    0.0    0.0    1.0
C0G650 2003111017  -9997   24.8  -9997    0.2    0.0    0.0    0.3
C0G650 2003111018  -9997   23.6  -9997    0.0    0.0    0.0    0.0
C0G650 2003111019  -9997   23.0  -9997    0.1    0.0    0.0    0.0
C0G650 2003111020  -9997   22.7  -9997    0.2    0.0    0.0    0.0
C0G650 2003111021  -9997   22.7  -9997    0.3   40.0    0.0    0.0
C0G650 2003111022  -9997   22.7  -9997    0.1    0.0    0.0    0.0
C0G650 2003111023  -9997   22.2  -9997    0.0    0.0    0.0  -9997
C0G650 2003111024  -9997   21.7  -9997    0.0    0.0    0.0    0.0
C0G650 2003111101  -9997   21.4  -9997    0.0    0.0    0.0    0.0
C0G650 2003111102  -9997   21.3  -9997    0.0    0.0    0.0    0.0
C0G650 2003111103  -9997   21.0  -9997    0.0    0.0    0.0    0.0
C0G650 2003111104  -9997   21.0  -9997    0.2    0.0    0.0    0.0
C0G650 2003111105  -9997   21.3  -9997    0.0    0.0    0.0    0.0
C0G650 2003111106  -9997   21.2  -9997    0.1    0.0    0.0    0.0
C0G650 2003111107  -9997   21.2  -9997    0.1    0.0    0.0    0.0
C0G650 2003111108  -9997   21.8  -9997    0.3   40.0    0.0    0.0
C0G650 2003111109  -9997   23.1  -9997    0.3   30.0    0.0    0.6
C0G650 2003111110  -9997   24.2  -9997    0.2    0.0    0.0    1.0
C0G650 2003111111  -9997   26.4  -9997    0.0    0.0    0.0    1.0
C0G650 2003111112  -9997   27.0  -9997    0.2    0.0    0.0    1.0
C0G650 2003111113  -9997   27.8  -9997    0.1    0.0    0.0    1.0
C0G650 2003111114  -9997   27.3  -9997    0.4   10.0    0.0    1.0
C0G650 2003111115  -9997   25.9  -9997    1.1   40.0    0.0    1.0
C0G650 2003111116  -9997   24.0  -9997    0.2    0.0    0.0    1.0
C0G650 2003111117  -9997   22.3  -9997    0.5   40.0    0.0    0.0
C0G650 2003111118  -9997   21.1  -9997    0.1    0.0    0.0    0.0
C0G650 2003111119  -9997   20.5  -9997    0.2    0.0    0.0    0.0
C0G650 2003111120  -9997   20.6  -9997    0.0    0.0    0.0    0.0
C0G650 2003111121  -9997   20.3  -9997    0.4   40.0    0.0    0.0
C0G650 2003111122  -9997   20.0  -9997    0.1    0.0    0.0    0.0
C0G650 2003111123  -9997   20.0  -9997    0.2    0.0    0.0    0.0
C0G650 2003111124  -9997   19.8  -9997    0.1    0.0    0.0    0.0
C0G650 2003111201  -9997   19.7  -9997    0.1    0.0    0.0    0.0
C0G650 2003111202  -9997   19.5  -9997    0.0    0.0    0.0    0.0
C0G650 2003111203  -9997   19.5  -9997    0.2    0.0    0.0    0.0
C0G650 2003111204  -9997   19.4  -9997    0.1    0.0    0.0    0.0
C0G650 2003111205  -9997   19.3  -9997    0.1    0.0    0.0    0.0
C0G650 2003111206  -9997   19.4  -9997    0.0    0.0    0.0    0.0
C0G650 2003111207  -9997   19.6  -9997    0.2    0.0    0.0    0.0
C0G650 2003111208  -9997   20.3  -9997    0.1    0.0    0.0    0.0
C0G650 2003111209  -9997   20.7  -9997    0.2    0.0    0.0    0.0
C0G650 2003111210  -9997   21.5  -9997    0.4   20.0    0.0    0.0
C0G650 2003111211  -9997   22.0  -9997    0.4   30.0    0.0    0.0
C0G650 2003111212  -9997   23.4  -9997    0.2    0.0    0.0    0.5
C0G650 2003111213  -9997   23.8  -9997    0.3   30.0    0.0    1.0
C0G650 2003111214  -9997   22.5  -9997    0.2    0.0    0.0    0.2
C0G650 2003111215  -9997   22.0  -9997    0.3   30.0    0.0    0.0
C0G650 2003111216  -9997   21.6  -9997    0.2    0.0    0.0    0.0
C0G650 2003111217  -9997   20.7  -9997    0.3   40.0    0.0    0.0
C0G650 2003111218  -9997   20.0  -9997    0.2    0.0    0.0    0.0
C0G650 2003111219  -9997   19.8  -9997    0.1    0.0    0.0    0.0
C0G650 2003111220  -9997   19.8  -9997    0.0    0.0    0.0    0.0
C0G650 2003111221  -9997   19.7  -9997    0.1    0.0    0.0    0.0
C0G650 2003111222  -9997   19.9  -9997    0.0    0.0    0.0    0.0
C0G650 2003111223  -9997   20.1  -9997    0.1    0.0    0.0    0.0
C0G650 2003111224  -9997   19.9  -9997    0.1    0.0    0.0    0.0
C0G650 2003111301  -9997   19.1  -9997    0.1    0.0    0.0    0.0
C0G650 2003111302  -9997   18.8  -9997    0.0    0.0    0.0    0.0
C0G650 2003111303  -9997   18.4  -9997    0.0    0.0    0.0    0.0
C0G650 2003111304  -9997   18.1  -9997    0.0    0.0    0.0    0.0
C0G650 2003111305  -9997   17.8  -9997    0.0    0.0    0.0    0.0
C0G650 2003111306  -9997   17.9  -9997    0.0    0.0    0.0    0.0
C0G650 2003111307  -9997   18.3  -9997    0.0    0.0    0.0    0.0
C0G650 2003111308  -9997   20.0  -9997    0.2    0.0    0.0    0.8
C0G650 2003111309  -9997   21.2  -9997    0.4   40.0    0.0    1.0
C0G650 2003111310  -9997   23.6  -9997  -9997   50.0    0.0    1.0
C0G650 2003111311  -9997   25.7  -9997    0.0    0.0    0.0    1.0
C0G650 2003111312  -9997   27.7  -9997    0.7  240.0    0.0    1.0
C0G650 2003111313  -9997   28.1  -9997    0.1    0.0    0.0    1.0
C0G650 2003111314  -9997   27.6  -9997    0.4  290.0    0.0    0.6
C0G650 2003111315  -9997   26.4  -9997    0.6  360.0    0.0    0.9
C0G650 2003111316  -9997   25.4  -9997    0.3  320.0    0.0    1.0
C0G650 2003111317  -9997   23.2  -9997    0.0    0.0    0.0    0.0
C0G650 2003111318  -9997   22.2  -9997    0.0    0.0    0.0    0.0
C0G650 2003111319  -9997   20.9  -9997    0.0    0.0    0.0    0.0
C0G650 2003111320  -9997   19.7  -9997    0.0    0.0    0.0    0.0
C0G650 2003111321  -9997   19.0  -9997    0.0    0.0    0.0    0.0
C0G650 2003111322  -9997   18.4  -9997    0.0    0.0    0.0    0.0
C0G650 2003111323  -9997   18.1  -9997    0.0    0.0    0.0    0.0
C0G650 2003111324  -9997   18.0  -9997    0.0    0.0    0.0    0.0
C0G650 2003111401  -9997   17.8  -9997    0.0    0.0    0.0    0.0
C0G650 2003111402  -9997   17.5  -9997    0.0    0.0    0.0    0.0
C0G650 2003111403  -9997   17.7  -9997    0.0    0.0    0.0    0.0
C0G650 2003111404  -9997   17.2  -9997    0.0    0.0    0.0    0.0
C0G650 2003111405  -9997   16.6  -9997  -9997    0.0    0.0    0.0
C0G650 2003111406  -9997   16.4  -9997    0.0    0.0    0.0    0.0
C0G650 2003111407  -9997   16.6  -9997    0.0    0.0    0.0    0.0
C0G650 2003111408  -9997   19.6  -9997    0.0    0.0    0.0    0.3
C0G650 2003111409  -9997   24.2  -9997    0.0    0.0    0.0    1.0
C0G650 2003111410  -9997   25.5  -9997    0.0    0.0    0.0    1.0
C0G650 2003111411  -9997   27.0  -9997    0.1    0.0    0.0    1.0
C0G650 2003111412  -9997   28.6  -9997    1.0  260.0    0.0    1.0
C0G650 2003111413  -9997   27.0  -9997    0.1    0.0    0.0    1.0
C0G650 2003111414  -9997   27.1  -9997    0.2    0.0    0.0    1.0
C0G650 2003111415  -9997   27.4  -9997    0.7  290.0    0.0    1.0
C0G650 2003111416  -9997   25.6  -9997    0.0    0.0    0.0    0.9
C0G650 2003111417  -9997   24.2  -9997    0.0    0.0    0.0    0.1
C0G650 2003111418  -9997   22.6  -9997    0.0    0.0    0.0    0.0
C0G650 2003111419  -9997   21.1  -9997    0.0    0.0    0.0    0.0
C0G650 2003111420  -9997   20.2  -9997    0.0    0.0    0.0    0.0
C0G650 2003111421  -9997   19.8  -9997    0.0    0.0    0.0    0.0
C0G650 2003111422  -9997   19.5  -9997    0.0    0.0    0.0    0.0
C0G650 2003111423  -9997   19.3  -9997    0.0    0.0    0.0    0.0
C0G650 2003111424  -9997   19.1  -9997    0.0    0.0    0.0    0.0
C0G650 2003111501  -9997   19.0  -9997    0.0    0.0    0.0    0.0
C0G650 2003111502  -9997   18.5  -9997    0.0    0.0    0.0    0.0
C0G650 2003111503  -9997   17.2  -9997    0.0    0.0    0.0    0.0
C0G650 2003111504  -9997   18.0  -9997    0.0    0.0    0.0    0.0
C0G650 2003111505  -9997   18.1  -9997    0.0    0.0    0.0    0.0
C0G650 2003111506  -9997   17.7  -9997    0.0    0.0    0.0    0.0
C0G650 2003111507  -9997   17.9  -9997    0.0    0.0    0.0    0.0
C0G650 2003111508  -9997   21.3  -9997    0.0    0.0    0.0  -9997
C0G650 2003111509  -9997  -9997  -9997    0.0    0.0    0.0    1.0
C0G650 2003111510  -9997   25.6  -9997    0.1    0.0    0.0    1.0
C0G650 2003111511  -9997   26.9  -9997    0.0    0.0    0.0    1.0
C0G650 2003111512  -9997   28.2  -9997    0.5  300.0    0.0    1.0
C0G650 2003111513  -9997   27.5  -9997    0.1    0.0    0.0    1.0
C0G650 2003111514  -9997   27.7  -9997    0.0    0.0    0.0    0.6
C0G650 2003111515  -9997   26.5  -9997    0.1    0.0    0.0    0.3
C0G650 2003111516  -9997   26.0  -9997    0.1    0.0    0.0    0.0
C0G650 2003111517  -9997   24.9  -9997    0.0    0.0    0.0    0.0
C0G650 2003111518  -9997   24.0  -9997    0.0    0.0    0.0    0.0
C0G650 2003111519  -9997   23.5  -9997    0.0    0.0    0.0    0.0
C0G650 2003111520  -9997   22.4  -9997    0.0    0.0    0.0    0.0
C0G650 2003111521  -9997   21.7  -9997    0.0    0.0    0.0    0.0
C0G650 2003111522  -9997   21.8  -9997    0.0    0.0    0.0    0.0
C0G650 2003111523  -9997   21.6  -9997    0.0    0.0    0.0    0.0
C0G650 2003111524  -9997   21.5  -9997    0.0    0.0    0.0    0.0
C0G650 2003111601  -9997   21.7  -9997    0.0    0.0    0.0    0.0
C0G650 2003111602  -9997   21.5  -9997    0.0    0.0    0.0    0.0
C0G650 2003111603  -9997   21.7  -9997    0.0    0.0    0.0    0.0
C0G650 2003111604  -9997   21.6  -9997    0.0    0.0    0.0    0.0
C0G650 2003111605  -9997   21.7  -9997    0.0    0.0    0.0    0.0
C0G650 2003111606  -9997   21.6  -9997    0.0    0.0    0.0    0.0
C0G650 2003111607  -9997   21.8  -9997    0.0    0.0    0.0  -9997
C0G650 2003111608  -9997   23.1  -9997    0.0    0.0    0.0    0.0
C0G650 2003111609  -9997   26.4  -9997    0.0    0.0    0.0    0.6
C0G650 2003111610  -9997   27.1  -9997    0.0    0.0    0.0    0.8
C0G650 2003111611  -9997   27.6  -9997    0.0    0.0    0.0    0.5
C0G650 2003111612  -9997   28.6  -9997    0.0    0.0    0.0    0.0
C0G650 2003111613  -9997   28.1  -9997    0.0    0.0    0.0    0.0
C0G650 2003111614  -9997   28.3  -9997    0.2    0.0    0.0    0.0
C0G650 2003111615  -9997   27.8  -9997    0.1    0.0    0.0    0.0
C0G650 2003111616  -9997   27.3  -9997    0.1    0.0    0.0    0.0
C0G650 2003111617  -9997   26.0  -9997    0.0    0.0    0.0    0.0
C0G650 2003111618  -9997   24.7  -9997    0.0    0.0    0.0    0.0
C0G650 2003111619  -9997   24.2  -9997    0.0    0.0    0.0    0.0
C0G650 2003111620  -9997   23.7  -9997    0.0    0.0    0.0    0.0
C0G650 2003111621  -9997   23.2  -9997    0.0    0.0    0.0    0.0
C0G650 2003111622  -9997   22.6  -9997    0.0    0.0    0.0  -9997
C0G650 2003111623  -9997   22.6  -9997    0.0    0.0    0.0    0.0
C0G650 2003111624  -9997   22.1  -9997    0.0    0.0    0.0    0.0
C0G650 2003111701  -9997   21.9  -9997    0.0    0.0    0.0    0.0
C0G650 2003111702  -9997   21.4  -9997    0.0    0.0    0.0    0.0
C0G650 2003111703  -9997   21.6  -9997    0.0    0.0    0.0    0.0
C0G650 2003111704  -9997   22.0  -9997    0.0    0.0    0.0    0.0
C0G650 2003111705  -9997   21.9  -9997    0.0    0.0    0.0    0.0
C0G650 2003111706  -9997   21.6  -9997    0.0    0.0    0.0    0.0
C0G650 2003111707  -9997   22.1  -9997    0.0    0.0    0.0    0.0
C0G650 2003111708  -9997   22.8  -9997    0.0    0.0    0.0    0.0
C0G650 2003111709  -9997   23.7  -9997    0.0    0.0    0.0    0.0
C0G650 2003111710  -9997   25.2  -9997    0.4   50.0    0.0    0.0
C0G650 2003111711  -9997   26.4  -9997    0.2    0.0    0.0    0.0
C0G650 2003111712  -9997   27.4  -9997    0.2    0.0    0.0  -9997
C0G650 2003111713  -9997   28.1  -9997    0.5  350.0    0.0    0.3
C0G650 2003111714  -9997   27.7  -9997    0.3   20.0    0.0    0.2
C0G650 2003111715  -9997   25.7  -9997    0.6   30.0    0.0    0.6
C0G650 2003111716  -9997   25.8  -9997    0.3  340.0    0.0    0.3
C0G650 2003111717  -9997   24.6  -9997    0.0    0.0    0.0    0.0
C0G650 2003111718  -9997   24.1  -9997    0.0    0.0    0.0  -9997
C0G650 2003111719  -9997   23.6  -9997    0.0    0.0    0.0    0.0
C0G650 2003111720  -9997   23.2  -9997    0.0    0.0    0.0    0.0
C0G650 2003111721  -9997   23.1  -9997    0.0    0.0    0.0    0.0
C0G650 2003111722  -9997   22.6  -9997    0.0    0.0    0.0    0.0
C0G650 2003111723  -9997   21.7  -9997    0.0    0.0    0.0    0.0
C0G650 2003111724  -9997   21.2  -9997    0.0    0.0    0.0    0.0
C0G650 2003111801  -9997   20.8  -9997    0.0    0.0    0.0    0.0
C0G650 2003111802  -9997   20.6  -9997    0.0    0.0    0.0    0.0
C0G650 2003111803  -9997   20.5  -9997    0.0    0.0    0.0    0.0
C0G650 2003111804  -9997   20.4  -9997    0.0    0.0    0.0    0.0
C0G650 2003111805  -9997   20.2  -9997    0.0    0.0    0.0    0.0
C0G650 2003111806  -9997   20.2  -9997    0.0    0.0    0.0    0.0
C0G650 2003111807  -9997   20.4  -9997    0.0    0.0    0.0    0.0
C0G650 2003111808  -9997   22.5  -9997    0.0    0.0    0.0    0.0
C0G650 2003111809  -9997   25.8  -9997    0.0    0.0    0.0    0.9
C0G650 2003111810  -9997   28.1  -9997    0.1    0.0    0.0    1.0
C0G650 2003111811  -9997   28.5  -9997    0.0    0.0    0.0    0.8
C0G650 2003111812  -9997   28.9  -9997    0.2    0.0    0.0    0.1
C0G650 2003111813  -9997   29.3  -9997    0.1    0.0    0.0    0.7
C0G650 2003111814  -9997   28.7  -9997    0.9  -9997    0.0    0.0
C0G650 2003111815  -9997   28.3  -9997    0.4  340.0    0.0    0.3
C0G650 2003111816  -9997   26.7  -9997    0.1    0.0    0.0    0.0
C0G650 2003111817  -9997   25.7  -9997    0.0    0.0    0.0    0.0
C0G650 2003111818  -9997   24.8  -9997    0.0    0.0    0.0    0.0
C0G650 2003111819  -9997   24.2  -9997    0.0    0.0    0.0    0.0
C0G650 2003111820  -9997   24.3  -9997    0.0    0.0    0.0    0.0
C0G650 2003111821  -9997   24.2  -9997    0.0    0.0    0.0    0.0
C0G650 2003111822  -9997   24.1  -9997    0.0    0.0    0.0    0.0
C0G650 2003111823  -9997   24.0  -9997    0.0    0.0    0.0    0.0
C0G650 2003111824  -9997   23.8  -9997    0.0    0.0    0.0    0.0
C0G650 2003111901  -9997   23.4  -9997    0.0    0.0    0.0    0.0
C0G650 2003111902  -9997   22.6  -9997    0.0    0.0    0.0    0.0
C0G650 2003111903  -9997   22.7  -9997    0.0    0.0    0.0    0.0
C0G650 2003111904  -9997   23.0  -9997    0.0    0.0    0.0    0.0
C0G650 2003111905  -9997   23.0  -9997    0.0    0.0    0.0    0.0
C0G650 2003111906  -9997   23.2  -9997    0.0    0.0    0.0    0.0
C0G650 2003111907  -9997   23.3  -9997    0.0    0.0    0.0    0.0
C0G650 2003111908  -9997   24.6  -9997    0.0    0.0    0.0    0.0
C0G650 2003111909  -9997   26.2  -9997    0.0    0.0    0.0    0.1
C0G650 2003111910  -9997   27.4  -9997    0.4   50.0    0.0    0.9
C0G650 2003111911  -9997   29.0  -9997    0.0    0.0    0.0    1.0
C0G650 2003111912  -9997   30.4  -9997    0.2    0.0    0.0    0.9
C0G650 2003111913  -9997   30.4  -9997    0.5  300.0    0.0    0.6
C0G650 2003111914  -9997   30.1  -9997    0.4  310.0    0.0    0.6
C0G650 2003111915  -9997   28.3  -9997    0.3   40.0    0.0    0.7
C0G650 2003111916  -9997   27.2  -9997    0.0    0.0    0.0    0.0
C0G650 2003111917  -9997   26.5  -9997    0.0    0.0    0.0    0.0
C0G650 2003111918  -9997   25.7  -9997    0.0    0.0    0.0    0.0
C0G650 2003111919  -9997  -9997  -9997    0.0    0.0    0.0    0.0
C0G650 2003111920  -9997   24.7  -9997    0.0    0.0    0.0    0.0
C0G650 2003111921  -9997  -9997  -9997    0.0    0.0    0.0    0.0
C0G650 2003111922  -9997   23.4  -9997    0.0    0.0    0.0    0.0
C0G650 2003111923  -9997   23.0  -9997    0.0    0.0    0.0    0.0
C0G650 2003111924  -9997   22.6  -9997    0.0    0.0    0.0    0.0
C0G650 2003112001  -9997   22.3  -9997    0.0    0.0    0.0    0.0
C0G650 2003112002  -9997   22.2  -9997    0.0    0.0    0.0    0.0
C0G650 2003112003  -9997   22.0  -9997    0.0    0.0    0.0    0.0
C0G650 2003112004  -9997   21.6  -9997    0.0    0.0    0.0    0.0
C0G650 2003112005  -9997   21.9  -9997    0.0    0.0    0.0    0.0
C0G650 2003112006  -9997   22.7  -9997    0.0    0.0    0.0    0.0
C0G650 2003112007  -9997   23.0  -9997    0.0    0.0    0.0    0.0
C0G650 2003112008  -9997   23.6  -9997    0.0    0.0    0.0    0.0
C0G650 2003112009  -9997   23.9  -9997    0.0    0.0    0.0    0.0
C0G650 2003112010  -9997   25.3  -9997    0.3   50.0    0.0    0.0
C0G650 2003112011  -9997  -9997  -9997    0.3  210.0    0.0    0.6
C0G650 2003112012  -9997   28.8  -9997    0.4  190.0    0.0    0.2
C0G650 2003112013  -9997   28.5  -9997    0.0    0.0    0.0    0.0
C0G650 2003112014  -9997   28.6  -9997    0.0    0.0    0.0    0.0
C0G650 2003112015  -9997   28.5  -9997    0.2    0.0    0.0    0.3
C0G650 2003112016  -9997   27.8  -9997    0.0    0.0    0.0    0.0
C0G650 2003112017  -9997   27.1  -9997    0.0    0.0    0.0    0.0
C0G650 2003112018  -9997   26.0  -9997    0.0    0.0    0.0    0.0
C0G650 2003112019  -9997   25.5  -9997    0.0    0.0    0.0    0.0
C0G650 2003112020  -9997   25.3  -9997    0.0    0.0    0.0    0.0
C0G650 2003112021  -9997   24.6  -9997    0.0    0.0    0.0    0.0
C0G650 2003112022  -9997   23.6  -9997    0.0    0.0    0.0    0.0
C0G650 2003112023  -9997  -9997  -9997    0.0    0.0    0.0    0.0
C0G650 2003112024  -9997   22.4  -9997    0.0    0.0    0.0    0.0
C0G650 2003112101  -9997   23.1  -9997    0.0    0.0    0.0    0.0
C0G650 2003112102  -9997   24.4  -9997    0.0    0.0    0.0    0.0
C0G650 2003112103  -9997   23.3  -9997    0.0    0.0    0.0    0.0
C0G650 2003112104  -9997   23.0  -9997    0.0    0.0    0.0    0.0
C0G650 2003112105  -9997   23.3  -9997    0.1    0.0    0.0    0.0
C0G650 2003112106  -9997   23.5  -9997    0.0    0.0    0.0    0.0
C0G650 2003112107  -9997   24.1  -9997    0.0    0.0    0.0    0.0
C0G650 2003112108  -9997   26.0  -9997    0.3   30.0    0.0    0.2
C0G650 2003112109  -9997   27.5  -9997    0.2    0.0    0.0    1.0
C0G650 2003112110  -9997   29.0  -9997    1.2   50.0    0.0    1.0
C0G650 2003112111  -9997   29.5  -9997    0.4  330.0    0.0  -9997
C0G650 2003112112  -9997   29.1  -9997    0.3   10.0    0.0    1.7
C0G650 2003112113  -9997   28.8  -9997    0.2    0.0    0.0    1.0
C0G650 2003112114  -9997   29.3  -9997    0.1    0.0    0.0    1.0
C0G650 2003112115  -9997   27.7  -9997    0.4   40.0    0.0    0.3
C0G650 2003112116  -9997   26.5  -9997    0.0    0.0    0.0  -9997
C0G650 2003112117  -9997   24.6  -9997    0.4   40.0    0.0    0.0
C0G650 2003112118  -9997   23.0  -9997    0.1    0.0    0.0  -9997
C0G650 2003112119  -9997   22.2  -9997    0.4   30.0    0.0    0.0
C0G650 2003112120  -9997   21.5  -9997    0.2  -9997    0.0  -9997
C0G650 2003112121  -9997   21.0  -9997    0.7   30.0    0.0  -9997
C0G650 2003112122  -9997  -9997  -9997  -9997   20.0    0.0  -9997
C0G650 2003112123  -9997   19.9  -9997    0.7   30.0    0.0    0.0
C0G650 2003112124  -9997   19.7  -9997    0.1    0.0    0.0    0.0
C0G650 2003112201  -9997   19.3  -9997    0.2    0.0  -9996    0.0
C0G650 2003112202  -9997   19.5  -9997    0.2    0.0    0.0    0.0
C0G650 2003112203  -9997   19.1  -9997    0.1    0.0    0.0    0.0
C0G650 2003112204  -9997   18.7  -9997    0.2    0.0    0.0    0.0
C0G650 2003112205  -9997   18.9  -9997    0.2    0.0    0.0    0.0
C0G650 2003112206  -9997   18.8  -9997    0.0    0.0    0.0    0.0
C0G650 2003112207  -9997   18.8  -9997    0.2    0.0    0.0    0.0
C0G650 2003112208  -9997   19.2  -9997    0.3   40.0    0.0    0.0
C0G650 2003112209  -9997   20.0  -9997    0.1  -9997    0.0    0.0
C0G650 2003112210  -9997   20.3  -9997    0.2    0.0    0.0    0.0
C0G650 2003112211  -9997   21.0  -9997    0.0    0.0    0.0    0.0
C0G650 2003112212  -9997   21.5  -9997    0.1    0.0    0.0    0.0
C0G650 2003112213  -9997  -9997  -9997  -9997  -9997    0.0  -9997
C0G650 2003112214  -9997  -9997  -9997  -9997  -9997  -9996  -9997
C0G650 2003112215  -9997  -9997  -9997  -9997  -9997  -9996  -9997
C0G650 2003112216  -9997  -9997  -9997  -9997  -9997  -9996  -9997
C0G650 2003112217  -9997  -9997  -9997  -9997  -9997    0.0  -9997
C0G650 2003112218  -9997  -9997  -9997  -9997  -9997  -9996  -9997
C0G650 2003112219  -9997  -9997  -9997  -9997  -9997    0.0  -9997
C0G650 2003112220  -9997  -9997  -9997  -9997  -9997    0.0  -9997
C0G650 2003112221  -9997   19.8  -9997    0.0    0.0  -9996    0.0
C0G650 2003112222  -9997   19.6  -9997    0.0    0.0    0.0    0.0
C0G650 2003112223  -9997   18.5  -9997    0.0    0.0    0.5    0.0
C0G650 2003112224  -9997   18.5  -9997    0.0    0.0    0.0    0.0
C0G650 2003112301  -9997   18.2  -9997    0.0    0.0    0.0    0.0
C0G650 2003112302  -9997   18.4  -9997    0.0    0.0    0.0    0.0
C0G650 2003112303  -9997   18.5  -9997    0.0    0.0    0.0    0.0
C0G650 2003112304  -9997   18.8  -9997    0.1    0.0    0.0    0.0
C0G650 2003112305  -9997   18.3  -9997    0.2    0.0    0.0    0.0
C0G650 2003112306  -9997   18.7  -9997    0.2    0.0    0.0    0.0
C0G650 2003112307  -9997   18.5  -9997    0.0    0.0    0.0    0.0
C0G650 2003112308  -9997   20.0  -9997    0.3   40.0    0.0    0.3
C0G650 2003112309  -9997   21.8  -9997    0.0    0.0    0.0    0.7
C0G650 2003112310  -9997   23.2  -9997    0.5  200.0    0.0    0.0
C0G650 2003112311  -9997   25.5  -9997    1.3  200.0    0.0    0.9
C0G650 2003112312  -9997   26.4  -9997    0.1    0.0    0.0    1.0
C0G650 2003112313  -9997   27.8  -9997    0.4  250.0    0.0    1.0
C0G650 2003112314  -9997   28.3  -9997    0.7  210.0    0.0    0.9
C0G650 2003112315  -9997   27.4  -9997    0.8  270.0    0.0    0.2
C0G650 2003112316  -9997   25.3  -9997    0.1    0.0    0.0    0.0
C0G650 2003112317  -9997   24.5  -9997    0.0    0.0    0.0    0.0
C0G650 2003112318  -9997   23.0  -9997    0.0    0.0    0.0    0.0
C0G650 2003112319  -9997   22.4  -9997    0.0    0.0    0.0    0.0
C0G650 2003112320  -9997   21.6  -9997    0.0    0.0    0.0    0.0
C0G650 2003112321  -9997   21.2  -9997    0.0    0.0    0.0    0.0
C0G650 2003112322  -9997   21.2  -9997    0.0    0.0    0.0    0.0
C0G650 2003112323  -9997   20.4  -9997    0.0    0.0    0.0    0.0
C0G650 2003112324  -9997   20.2  -9997    0.0    0.0    0.0    0.0
C0G650 2003112401  -9997   20.6  -9997    0.0    0.0    0.0    0.0
C0G650 2003112402  -9997   20.8  -9997    0.0    0.0    0.0    0.0
C0G650 2003112403  -9997   20.5  -9997    0.0    0.0    0.0    0.0
C0G650 2003112404  -9997   19.9  -9997    0.0    0.0    0.0    0.0
C0G650 2003112405  -9997   19.9  -9997    0.0    0.0    0.0    0.0
C0G650 2003112406  -9997   20.0  -9997    0.0    0.0    0.0    0.0
C0G650 2003112407  -9997   20.2  -9997    0.0    0.0    0.0    0.0
C0G650 2003112408  -9997   21.7  -9997    0.0    0.0    0.0    0.0
C0G650 2003112409  -9997   22.2  -9997    0.0    0.0    0.0    0.0
C0G650 2003112410  -9997   24.1  -9997    0.0    0.0    0.0    0.5
C0G650 2003112411  -9997   24.5  -9997    0.1    0.0    0.0    0.0
C0G650 2003112412  -9997   23.5  -9997    0.1    0.0    0.0    0.0
C0G650 2003112413  -9997   25.7  -9997    0.4  300.0    0.0    0.0
C0G650 2003112414  -9997   26.5  -9997    0.0    0.0    0.0    0.5
C0G650 2003112415  -9997   29.0  -9997    0.3  300.0    0.0    0.7
C0G650 2003112416  -9997   25.7  -9997    0.2    0.0    0.0    1.0
C0G650 2003112417  -9997   24.0  -9997    0.2    0.0    0.0    0.4
C0G650 2003112418  -9997   23.3  -9997    0.3   20.0    0.0    0.0
C0G650 2003112419  -9997   22.5  -9997    0.0    0.0    0.0    0.0
C0G650 2003112420  -9997   22.4  -9997    0.2    0.0    0.0    0.0
C0G650 2003112421  -9997   22.2  -9997    0.0    0.0    0.0    0.0
C0G650 2003112422  -9997   22.2  -9997    0.3   20.0    0.0    0.0
C0G650 2003112423  -9997   22.0  -9997    0.3   40.0    0.0    0.0
C0G650 2003112424  -9997   22.0  -9997    0.1    0.0    0.0    0.0
C0G650 2003112501  -9997   21.5  -9997    0.0    0.0    0.0    0.0
C0G650 2003112502  -9997   21.7  -9997    0.5   30.0    0.0    0.0
C0G650 2003112503  -9997   22.1  -9997    0.1    0.0    0.0    0.0
C0G650 2003112504  -9997   21.3  -9997    0.1    0.0    0.0    0.0
C0G650 2003112505  -9997   20.6  -9997    0.0    0.0    0.0    0.0
C0G650 2003112506  -9997   19.0  -9997    0.0    0.0    0.0    0.0
C0G650 2003112507  -9997   20.8  -9997    0.2    0.0    0.0    0.0
C0G650 2003112508  -9997   22.6  -9997    0.4   60.0    0.0    0.6
C0G650 2003112509  -9997   24.2  -9997    0.6   60.0    0.0    1.0
C0G650 2003112510  -9997   26.6  -9997    0.0    0.0    0.0    1.0
C0G650 2003112511  -9997  -9997  -9997  -9997  -9997    0.0  -9997
C0G650 2003112512  -9997   27.9  -9997    0.0    0.0    0.0    2.0
C0G650 2003112513  -9997   28.8  -9997    0.8  320.0    0.0    1.0
C0G650 2003112514  -9997   28.0  -9997    0.1    0.0    0.0    0.8
C0G650 2003112515  -9997   26.8  -9997    0.4   10.0    0.0    0.7
C0G650 2003112516  -9997   25.8  -9997    0.4  -9997    0.0    1.0
C0G650 2003112517  -9997   24.3  -9997    0.0  -9997    0.0    0.4
C0G650 2003112518  -9997   23.1  -9997    0.0    0.0    0.0    0.0
C0G650 2003112519  -9997   21.5  -9997    0.0  -9997    0.0    0.0
C0G650 2003112520  -9997   21.1  -9997    0.0  -9997    0.0    0.0
C0G650 2003112521  -9997   20.6  -9997    0.0    0.0    0.0    0.0
C0G650 2003112522  -9997   20.5  -9997    0.0    0.0    0.0    0.0
C0G650 2003112523  -9997   20.1  -9997    0.0    0.0    0.0    0.0
C0G650 2003112524  -9997   20.7  -9997    0.0    0.0    0.0    0.0
C0G650 2003112601  -9997   20.5  -9997    0.0    0.0    0.0    0.0
C0G650 2003112602  -9997   20.1  -9997    0.0    0.0    0.0    0.0
C0G650 2003112603  -9997   20.0  -9997    0.0    0.0    0.0    0.0
C0G650 2003112604  -9997   20.3  -9997    0.0    0.0    0.0    0.0
C0G650 2003112605  -9997   21.0  -9997    0.0    0.0    0.0    0.0
C0G650 2003112606  -9997   21.7  -9997    0.1    0.0    0.0    0.0
C0G650 2003112607  -9997   21.4  -9997    0.0    0.0    0.0    0.0
C0G650 2003112608  -9997   22.0  -9997    0.0    0.0    0.0    0.0
C0G650 2003112609  -9997   22.7  -9997    0.0    0.0    0.0    0.0
C0G650 2003112610  -9997   23.7  -9997    0.0    0.0    0.0    0.0
C0G650 2003112611  -9997   24.9  -9997    0.5   50.0    0.0    0.0
C0G650 2003112612  -9997   26.0  -9997    0.1    0.0    0.0    0.6
C0G650 2003112613  -9997   27.8  -9997    0.4   40.0    0.0    1.0
C0G650 2003112614  -9997   28.3  -9997    0.3  340.0    0.0    0.7
C0G650 2003112615  -9997   27.1  -9997    0.0    0.0    0.0    0.7
C0G650 2003112616  -9997   26.0  -9997    1.3   50.0    0.0    0.2
C0G650 2003112617  -9997   24.7  -9997    0.1    0.0    0.0    0.1
C0G650 2003112618  -9997   23.3  -9997    0.1    0.0    0.0  -9997
C0G650 2003112619  -9997   22.6  -9997    0.0    0.0    0.0    0.0
C0G650 2003112620  -9997   22.4  -9997    0.1    0.0    0.0    0.0
C0G650 2003112621  -9997   22.0  -9997    0.0    0.0    0.0    0.0
C0G650 2003112622  -9997   21.8  -9997    0.0    0.0    0.0    0.0
C0G650 2003112623  -9997   21.9  -9997    0.0    0.0    0.0    0.0
C0G650 2003112624  -9997   21.6  -9997    0.0    0.0    0.0    0.0
C0G650 2003112701  -9997   21.3  -9997    0.1    0.0    0.0    0.0
C0G650 2003112702  -9997   21.2  -9997    0.0    0.0    0.0    0.0
C0G650 2003112703  -9997   20.8  -9997    0.0    0.0    0.0    0.0
C0G650 2003112704  -9997   20.6  -9997    0.0    0.0    0.0    0.0
C0G650 2003112705  -9997   20.0  -9997    0.1    0.0    0.0    0.0
C0G650 2003112706  -9997   19.5  -9997    0.0    0.0    0.0    0.0
C0G650 2003112707  -9997   19.5  -9997    0.2    0.0    0.0    0.0
C0G650 2003112708  -9997   21.4  -9997    0.2    0.0    0.0    0.6
C0G650 2003112709  -9997   23.0  -9997    0.5   40.0    0.0    1.0
C0G650 2003112710  -9997   24.3  -9997    0.0    0.0    0.0    1.0
C0G650 2003112711  -9997   26.0  -9997    0.1    0.0    0.0    1.0
C0G650 2003112712  -9997   26.9  -9997    0.8   60.0    0.0    1.0
C0G650 2003112713  -9997   27.4  -9997    0.3   20.0    0.0    1.0
C0G650 2003112714  -9997   27.5  -9997    0.2    0.0    0.0    0.8
C0G650 2003112715  -9997   26.4  -9997    0.4   30.0    0.0    0.7
C0G650 2003112716  -9997   24.9  -9997    0.3   40.0    0.0    1.0
C0G650 2003112717  -9997   22.9  -9997    0.3   20.0    0.0    0.3
C0G650 2003112718  -9997   21.6  -9997    0.1    0.0    0.0    0.0
C0G650 2003112719  -9997   21.0  -9997    0.0    0.0    0.0    0.0
C0G650 2003112720  -9997   20.8  -9997    0.0    0.0    0.0    0.0
C0G650 2003112721  -9997   20.5  -9997    0.0    0.0    0.0  -9997
C0G650 2003112722  -9997   20.5  -9997    0.0    0.0    0.0    0.0
C0G650 2003112723  -9997   20.0  -9997    0.0    0.0    0.0    0.0
C0G650 2003112724  -9997   19.5  -9997    0.0    0.0    0.0    0.0
C0G650 2003112801  -9997   20.0  -9997    0.0    0.0    0.0    0.0
C0G650 2003112802  -9997   20.1  -9997    0.0    0.0    0.0    0.0
C0G650 2003112803  -9997   19.9  -9997    0.0    0.0    0.0    0.0
C0G650 2003112804  -9997   19.7  -9997    0.0    0.0    0.0    0.0
C0G650 2003112805  -9997   19.3  -9997    0.0    0.0    0.0    0.0
C0G650 2003112806  -9997   19.3  -9997    0.0    0.0    0.0    0.0
C0G650 2003112807  -9997   19.4  -9997    0.0    0.0    0.0    0.0
C0G650 2003112808  -9997   20.8  -9997    0.3   40.0    0.0    0.2
C0G650 2003112809  -9997   22.0  -9997    0.3   20.0    0.0    1.0
C0G650 2003112810  -9997   23.3  -9997    0.2    0.0    0.0    1.0
C0G650 2003112811  -9997   24.4  -9997    0.2    0.0    0.0    1.0
C0G650 2003112812  -9997   25.3  -9997    0.0    0.0    0.0    1.0
C0G650 2003112813  -9997   24.6  -9997    1.2   40.0    0.0    1.0
C0G650 2003112814  -9997   25.4  -9997    0.4   40.0    0.0    1.0
C0G650 2003112815  -9997   24.1  -9997    0.4   20.0    0.0    1.0
C0G650 2003112816  -9997   22.5  -9997    1.3   30.0    0.0    1.0
C0G650 2003112817  -9997   21.3  -9997    0.5   30.0    0.0    0.0
C0G650 2003112818  -9997   20.3  -9997    0.0    0.0    0.0    0.0
C0G650 2003112819  -9997  -9997  -9997  -9997  -9997    0.0  -9997
C0G650 2003112820  -9997   20.1  -9997    0.3   20.0    0.0    0.0
C0G650 2003112821  -9997   20.1  -9997    0.1    0.0    0.0    0.0
C0G650 2003112822  -9997   20.1  -9997    0.6   30.0    0.0    0.0
C0G650 2003112823  -9997   19.9  -9997    0.4   40.0    0.0    0.0
C0G650 2003112824  -9997   19.7  -9997    0.2    0.0    0.0    0.0
C0G650 2003112901  -9997   19.6  -9997    0.3   30.0    0.0    0.0
C0G650 2003112902  -9997   18.9  -9997    0.0    0.0    0.0    0.0
C0G650 2003112903  -9997   18.6  -9997    0.0    0.0    0.0    0.0
C0G650 2003112904  -9997   18.9  -9997    0.3   30.0    0.0    0.0
C0G650 2003112905  -9997   18.7  -9997    0.3   30.0    0.0    0.0
C0G650 2003112906  -9997   18.4  -9997    0.6   30.0    0.0    0.0
C0G650 2003112907  -9997   17.8  -9997    0.5   30.0    0.0    0.0
C0G650 2003112908  -9997   18.0  -9997    0.6   30.0    0.0    0.0
C0G650 2003112909  -9997   19.7  -9997    0.4   30.0    0.0    0.6
C0G650 2003112910  -9997   20.7  -9997    0.4   40.0    0.0    1.0
C0G650 2003112911  -9997   21.3  -9997    0.4   30.0    0.0    1.0
C0G650 2003112912  -9997   22.2  -9997    0.4   40.0    0.0    1.0
C0G650 2003112913  -9997   22.5  -9997    0.5   20.0    0.0    1.0
C0G650 2003112914  -9997   21.7  -9997    0.5   30.0    0.0    0.9
C0G650 2003112915  -9997   20.5  -9997    0.4   20.0    0.0  -9997
C0G650 2003112916  -9997   18.8  -9997    0.7   30.0    0.0    1.6
C0G650 2003112917  -9997   17.1  -9997    0.6   30.0    0.0    0.0
C0G650 2003112918  -9997   16.3  -9997    0.4   20.0    0.0    0.0
C0G650 2003112919  -9997   16.0  -9997    0.6   20.0    0.0    0.0
C0G650 2003112920  -9997   16.2  -9997    0.4   30.0    0.0    0.0
C0G650 2003112921  -9997   15.6  -9997    0.2    0.0    0.0    0.0
C0G650 2003112922  -9997   15.5  -9997    0.5   40.0    0.0    0.0
C0G650 2003112923  -9997   15.5  -9997    0.9   30.0    0.0    0.0
C0G650 2003112924  -9997   15.5  -9997    0.1    0.0    0.0    0.0
C0G650 2003113001  -9997   15.4  -9997    0.2    0.0    0.0  -9997
C0G650 2003113002  -9997   15.4  -9997    0.3   20.0    0.0    0.0
C0G650 2003113003  -9997   15.4  -9997    0.2    0.0    0.0    0.0
C0G650 2003113004  -9997   15.3  -9997    0.5   50.0    0.0    0.0
C0G650 2003113005  -9997   14.8  -9997    0.1    0.0    0.0    0.0
C0G650 2003113006  -9997   14.4  -9997    0.7   40.0    0.0    0.0
C0G650 2003113007  -9997   14.3  -9997    0.1    0.0    0.0    0.0
C0G650 2003113008  -9997   14.8  -9997    0.2    0.0    0.0  -9997
C0G650 2003113009  -9997   16.2  -9997    1.2   40.0    0.0    0.3
C0G650 2003113010  -9997   18.0  -9997    0.1    0.0    0.0    1.0
C0G650 2003113011  -9997   18.7  -9997    1.3   50.0    0.0    0.6
C0G650 2003113012  -9997   19.9  -9997    0.2    0.0    0.0  -9997
C0G650 2003113013  -9997   20.8  -9997    0.1    0.0    0.0    0.3
C0G650 2003113014  -9997   21.0  -9997    0.7   40.0    0.0    0.4
C0G650 2003113015  -9997   21.4  -9997    0.6   40.0    0.0    0.1
C0G650 2003113016  -9997   20.0  -9997    0.4   30.0    0.0    0.7
C0G650 2003113017  -9997   18.5  -9997    0.3   30.0    0.0    0.0
C0G650 2003113018  -9997   17.2  -9997    0.2    0.0    0.0    0.0
C0G650 2003113019  -9997   16.2  -9997    0.1    0.0    0.0    0.0
C0G650 2003113020  -9997   15.9  -9997    0.1    0.0    0.0    0.0
C0G650 2003113021  -9997   15.1  -9997    0.0    0.0    0.0    0.0
C0G650 2003113022  -9997   14.5  -9997    0.0    0.0    0.0    0.0
C0G650 2003113023  -9997   14.8  -9997    0.0    0.0    0.0    0.0
C0G650 2003113024  -9997   15.0  -9997    0.0    0.0    0.0    0.0
C0G660 2003110101  -9999  -9999  -9999  -9999  -9999    0.0  -9999
C0G660 2003110102  -9999  -9999  -9999  -9999  -9999    0.0  -9999
C0G660 2003110103  -9999  -9999  -9999  -9999  -9999    0.0  -9999
C0G660 2003110104  -9999  -9999  -9999  -9999  -9999    0.0  -9999
C0G660 2003110105  -9999  -9999  -9999  -9999  -9999    0.0  -9999
C0G660 2003110106  -9999  -9999  -9999  -9999  -9999    0.0  -9999
C0G660 2003110107  -9999  -9999  -9999  -9999  -9999    0.0  -9999
C0G660 2003110108  -9999  -9999  -9999  -9999  -9999    0.0  -9999
C0G660 2003110109  -9999  -9999  -9999  -9999  -9999    0.0  -9999
C0G660 2003110110  -9999  -9999  -9999  -9999  -9999    0.0  -9999
C0G660 2003110111  -9999  -9999  -9999  -9999  -9999    0.0  -9999
C0G660 2003110112  -9999  -9999  -9999  -9999  -9999    0.0  -9999
C0G660 2003110113  -9999  -9999  -9999  -9999  -9999    0.0  -9999
C0G660 2003110114  -9999  -9999  -9999  -9999  -9999    0.0  -9999
C0G660 2003110115  -9999  -9999  -9999  -9999  -9999    0.0  -9999
C0G660 2003110116  -9999  -9999  -9999  -9999  -9999    0.0  -9999
C0G660 2003110117  -9999  -9999  -9999  -9999  -9999    0.0  -9999
C0G660 2003110118  -9999  -9999  -9999  -9999  -9999    0.0  -9999
C0G660 2003110119  -9999  -9999  -9999  -9999  -9999    0.0  -9999
C0G660 2003110120  -9999  -9999  -9999  -9999  -9999    0.0  -9999
C0G660 2003110121  -9999  -9999  -9999  -9999  -9999    0.0  -9999
C0G660 2003110122  -9999  -9999  -9999  -9999  -9999    0.0  -9999
C0G660 2003110123  -9999  -9999  -9999  -9999  -9999    0.0  -9999
C0G660 2003110124  -9999  -9999  -9999  -9999  -9999    0.0  -9999
C0G660 2003110201  -9999  -9999  -9999  -9999  -9999  -9996  -9999
C0G660 2003110202  -9999  -9999  -9999  -9999  -9999    0.0  -9999
C0G660 2003110203  -9999  -9999  -9999  -9999  -9999    0.0  -9999
C0G660 2003110204  -9999  -9999  -9999  -9999  -9999    0.0  -9999
C0G660 2003110205  -9999  -9999  -9999  -9999  -9999    0.0  -9999
C0G660 2003110206  -9999  -9999  -9999  -9999  -9999    0.0  -9999
C0G660 2003110207  -9999  -9999  -9999  -9999  -9999    0.0  -9999
C0G660 2003110208  -9999  -9999  -9999  -9999  -9999    0.0  -9999
C0G660 2003110209  -9999  -9999  -9999  -9999  -9999    0.0  -9999
C0G660 2003110210  -9999  -9999  -9999  -9999  -9999    0.0  -9999
C0G660 2003110211  -9999  -9999  -9999  -9999  -9999    0.0  -9999
C0G660 2003110212  -9999  -9999  -9999  -9999  -9999    0.0  -9999
C0G660 2003110213  -9999  -9999  -9999  -9999  -9999    0.0  -9999
C0G660 2003110214  -9999  -9999  -9999  -9999  -9999    0.0  -9999
C0G660 2003110215  -9999  -9999  -9999  -9999  -9999    0.0  -9999
C0G660 2003110216  -9999  -9999  -9999  -9999  -9999    0.0  -9999
C0G660 2003110217  -9999  -9999  -9999  -9999  -9999    0.0  -9999
C0G660 2003110218  -9999  -9999  -9999  -9999  -9999    0.0  -9999
C0G660 2003110219  -9999  -9999  -9999  -9999  -9999    0.0  -9999
C0G660 2003110220  -9999  -9999  -9999  -9999  -9999    0.0  -9999
C0G660 2003110221  -9999  -9999  -9999  -9999  -9999    0.0  -9999
C0G660 2003110222  -9999  -9999  -9999  -9999  -9999    0.0  -9999
C0G660 2003110223  -9999  -9999  -9999  -9999  -9999    0.0  -9999
C0G660 2003110224  -9999  -9999  -9999  -9999  -9999    0.0  -9999
C0G660 2003110301  -9999  -9999  -9999  -9999  -9999    0.0  -9999
C0G660 2003110302  -9999  -9999  -9999  -9999  -9999    0.0  -9999
C0G660 2003110303  -9999  -9999  -9999  -9999  -9999    0.0  -9999
C0G660 2003110304  -9999  -9999  -9999  -9999  -9999    0.0  -9999
C0G660 2003110305  -9999  -9999  -9999  -9999  -9999    0.0  -9999
C0G660 2003110306  -9999  -9999  -9999  -9999  -9999    0.0  -9999
C0G660 2003110307  -9999  -9999  -9999  -9999  -9999    0.0  -9999
C0G660 2003110308  -9999  -9999  -9999  -9999  -9999    0.0  -9999
C0G660 2003110309  -9999  -9999  -9999  -9999  -9999    0.0  -9999
C0G660 2003110310  -9999  -9999  -9999  -9999  -9999    0.0  -9999
C0G660 2003110311  -9999  -9999  -9999  -9999  -9999    0.0  -9999
C0G660 2003110312  -9999  -9999  -9999  -9999  -9999    0.0  -9999
C0G660 2003110313  -9999  -9999  -9999  -9999  -9999    0.0  -9999
C0G660 2003110314  -9999  -9999  -9999  -9999  -9999    0.0  -9999
C0G660 2003110315  -9999  -9999  -9999  -9999  -9999    0.0  -9999
C0G660 2003110316  -9999  -9999  -9999  -9999  -9999    0.0  -9999
C0G660 2003110317  -9999  -9999  -9999  -9999  -9999    0.0  -9999
C0G660 2003110318  -9999  -9999  -9999  -9999  -9999    0.0  -9999
C0G660 2003110319  -9999  -9999  -9999  -9999  -9999    0.0  -9999
C0G660 2003110320  -9999  -9999  -9999  -9999  -9999    0.0  -9999
C0G660 2003110321  -9999  -9999  -9999  -9999  -9999    0.0  -9999
C0G660 2003110322  -9999  -9999  -9999  -9999  -9999    0.0  -9999
C0G660 2003110323  -9999  -9999  -9999  -9999  -9999    0.0  -9999
C0G660 2003110324  -9999  -9999  -9999  -9999  -9999    0.0  -9999
C0G660 2003110401  -9999  -9999  -9999  -9999  -9999  -9996  -9999
C0G660 2003110402  -9999  -9999  -9999  -9999  -9999    0.0  -9999
C0G660 2003110403  -9999  -9999  -9999  -9999  -9999    0.0  -9999
C0G660 2003110404  -9999  -9999  -9999  -9999  -9999    0.0  -9999
C0G660 2003110405  -9999  -9999  -9999  -9999  -9999    0.0  -9999
C0G660 2003110406  -9999  -9999  -9999  -9999  -9999    0.0  -9999
C0G660 2003110407  -9999  -9999  -9999  -9999  -9999    0.0  -9999
C0G660 2003110408  -9999  -9999  -9999  -9999  -9999    0.0  -9999
C0G660 2003110409  -9999  -9999  -9999  -9999  -9999    0.0  -9999
C0G660 2003110410  -9999  -9999  -9999  -9999  -9999    0.0  -9999
C0G660 2003110411  -9999  -9999  -9999  -9999  -9999    0.0  -9999
C0G660 2003110412  -9999  -9999  -9999  -9999  -9999    0.0  -9999
C0G660 2003110413  -9999  -9999  -9999  -9999  -9999    0.0  -9999
C0G660 2003110414  -9999  -9999  -9999  -9999  -9999    0.0  -9999
C0G660 2003110415  -9999  -9999  -9999  -9999  -9999    0.0  -9999
C0G660 2003110416  -9999  -9999  -9999  -9999  -9999    0.0  -9999
C0G660 2003110417  -9999  -9999  -9999  -9999  -9999    0.0  -9999
C0G660 2003110418  -9999  -9999  -9999  -9999  -9999    0.0  -9999
C0G660 2003110419  -9999  -9999  -9999  -9999  -9999    0.0  -9999
C0G660 2003110420  -9999  -9999  -9999  -9999  -9999    0.0  -9999
C0G660 2003110421  -9999  -9999  -9999  -9999  -9999    0.0  -9999
C0G660 2003110422  -9999  -9999  -9999  -9999  -9999    0.0  -9999
C0G660 2003110423  -9999  -9999  -9999  -9999  -9999    0.0  -9999
C0G660 2003110424  -9999  -9999  -9999  -9999  -9999    0.0  -9999
C0G660 2003110501  -9999  -9999  -9999  -9999  -9999    0.0  -9999
C0G660 2003110502  -9999  -9999  -9999  -9999  -9999    0.0  -9999
C0G660 2003110503  -9999  -9999  -9999  -9999  -9999    0.0  -9999
C0G660 2003110504  -9999  -9999  -9999  -9999  -9999    0.0  -9999
C0G660 2003110505  -9999  -9999  -9999  -9999  -9999    0.0  -9999
C0G660 2003110506  -9999  -9999  -9999  -9999  -9999    0.0  -9999
C0G660 2003110507  -9999  -9999  -9999  -9999  -9999    0.0  -9999
C0G660 2003110508  -9999  -9999  -9999  -9999  -9999    0.0  -9999
C0G660 2003110509  -9999  -9999  -9999  -9999  -9999    0.0  -9999
C0G660 2003110510  -9999  -9999  -9999  -9999  -9999    0.0  -9999
C0G660 2003110511  -9999  -9999  -9999  -9999  -9999    0.0  -9999
C0G660 2003110512  -9999  -9999  -9999  -9999  -9999    0.0  -9999
C0G660 2003110513  -9999  -9999  -9999  -9999  -9999    0.0  -9999
C0G660 2003110514  -9999  -9999  -9999  -9999  -9999    0.0  -9999
C0G660 2003110515  -9999  -9999  -9999  -9999  -9999    0.0  -9999
C0G660 2003110516  -9999  -9999  -9999  -9999  -9999    0.0  -9999
C0G660 2003110517  -9999  -9999  -9999  -9999  -9999    0.0  -9999
C0G660 2003110518  -9999  -9999  -9999  -9999  -9999    0.0  -9999
C0G660 2003110519  -9999  -9999  -9999  -9999  -9999    0.0  -9999
C0G660 2003110520  -9999  -9999  -9999  -9999  -9999    0.0  -9999
C0G660 2003110521  -9999  -9999  -9999  -9999  -9999    0.0  -9999
C0G660 2003110522  -9999  -9999  -9999  -9999  -9999    0.0  -9999
C0G660 2003110523  -9999  -9999  -9999  -9999  -9999    0.0  -9999
C0G660 2003110524  -9999  -9999  -9999  -9999  -9999    0.0  -9999
C0G660 2003110601  -9999  -9999  -9999  -9999  -9999    0.0  -9999
C0G660 2003110602  -9999  -9999  -9999  -9999  -9999    0.0  -9999
C0G660 2003110603  -9999  -9999  -9999  -9999  -9999    0.0  -9999
C0G660 2003110604  -9999  -9999  -9999  -9999  -9999    0.0  -9999
C0G660 2003110605  -9999  -9999  -9999  -9999  -9999    0.0  -9999
C0G660 2003110606  -9999  -9999  -9999  -9999  -9999    0.0  -9999
C0G660 2003110607  -9999  -9999  -9999  -9999  -9999    0.0  -9999
C0G660 2003110608  -9999  -9999  -9999  -9999  -9999    0.0  -9999
C0G660 2003110609  -9999  -9999  -9999  -9999  -9999    0.0  -9999
C0G660 2003110610  -9999  -9999  -9999  -9999  -9999    0.0  -9999
C0G660 2003110611  -9999  -9999  -9999  -9999  -9999    0.0  -9999
C0G660 2003110612  -9999  -9999  -9999  -9999  -9999    0.0  -9999
C0G660 2003110613  -9999  -9999  -9999  -9999  -9999    0.0  -9999
C0G660 2003110614  -9999  -9999  -9999  -9999  -9999    0.0  -9999
C0G660 2003110615  -9999  -9999  -9999  -9999  -9999    0.0  -9999
C0G660 2003110616  -9999  -9999  -9999  -9999  -9999    0.0  -9999
C0G660 2003110617  -9999  -9999  -9999  -9999  -9999    0.0  -9999
C0G660 2003110618  -9999  -9999  -9999  -9999  -9999    0.0  -9999
C0G660 2003110619  -9999  -9999  -9999  -9999  -9999    0.0  -9999
C0G660 2003110620  -9999  -9999  -9999  -9999  -9999    0.0  -9999
C0G660 2003110621  -9999  -9999  -9999  -9999  -9999    0.0  -9999
C0G660 2003110622  -9999  -9999  -9999  -9999  -9999    0.0  -9999
C0G660 2003110623  -9999  -9999  -9999  -9999  -9999    0.0  -9999
C0G660 2003110624  -9999  -9999  -9999  -9999  -9999    0.0  -9999
C0G660 2003110701  -9999  -9999  -9999  -9999  -9999    0.0  -9999
C0G660 2003110702  -9999  -9999  -9999  -9999  -9999    0.0  -9999
C0G660 2003110703  -9999  -9999  -9999  -9999  -9999    0.0  -9999
C0G660 2003110704  -9999  -9999  -9999  -9999  -9999    0.0  -9999
C0G660 2003110705  -9999  -9999  -9999  -9999  -9999    0.0  -9999
C0G660 2003110706  -9999  -9999  -9999  -9999  -9999    0.0  -9999
C0G660 2003110707  -9999  -9999  -9999  -9999  -9999    0.0  -9999
C0G660 2003110708  -9999  -9999  -9999  -9999  -9999    0.0  -9999
C0G660 2003110709  -9999  -9999  -9999  -9999  -9999    0.0  -9999
C0G660 2003110710  -9999  -9999  -9999  -9999  -9999    0.0  -9999
C0G660 2003110711  -9999  -9999  -9999  -9999  -9999    0.0  -9999
C0G660 2003110712  -9999  -9999  -9999  -9999  -9999    0.0  -9999
C0G660 2003110713  -9999  -9999  -9999  -9999  -9999    0.0  -9999
C0G660 2003110714  -9999  -9999  -9999  -9999  -9999    0.0  -9999
C0G660 2003110715  -9999  -9999  -9999  -9999  -9999    0.0  -9999
C0G660 2003110716  -9999  -9999  -9999  -9999  -9999    0.0  -9999
C0G660 2003110717  -9999  -9999  -9999  -9999  -9999    0.0  -9999
C0G660 2003110718  -9999  -9999  -9999  -9999  -9999    0.0  -9999
C0G660 2003110719  -9999  -9999  -9999  -9999  -9999    0.0  -9999
C0G660 2003110720  -9999  -9999  -9999  -9999  -9999    0.0  -9999
C0G660 2003110721  -9999  -9999  -9999  -9999  -9999    0.0  -9999
C0G660 2003110722  -9999  -9999  -9999  -9999  -9999    0.0  -9999
C0G660 2003110723  -9999  -9999  -9999  -9999  -9999    0.0  -9999
C0G660 2003110724  -9999  -9999  -9999  -9999  -9999    0.0  -9999
C0G660 2003110801  -9999  -9999  -9999  -9999  -9999    0.0  -9999
C0G660 2003110802  -9999  -9999  -9999  -9999  -9999    0.0  -9999
C0G660 2003110803  -9999  -9999  -9999  -9999  -9999    0.0  -9999
C0G660 2003110804  -9999  -9999  -9999  -9999  -9999    0.0  -9999
C0G660 2003110805  -9999  -9999  -9999  -9999  -9999    0.0  -9999
C0G660 2003110806  -9999  -9999  -9999  -9999  -9999    0.0  -9999
C0G660 2003110807  -9999  -9999  -9999  -9999  -9999    0.0  -9999
C0G660 2003110808  -9999  -9999  -9999  -9999  -9999    0.0  -9999
C0G660 2003110809  -9999  -9999  -9999  -9999  -9999    0.0  -9999
C0G660 2003110810  -9999  -9999  -9999  -9999  -9999    0.0  -9999
C0G660 2003110811  -9999  -9999  -9999  -9999  -9999    0.0  -9999
C0G660 2003110812  -9999  -9999  -9999  -9999  -9999    0.0  -9999
C0G660 2003110813  -9999  -9999  -9999  -9999  -9999    0.0  -9999
C0G660 2003110814  -9999  -9999  -9999  -9999  -9999    0.0  -9999
C0G660 2003110815  -9999  -9999  -9999  -9999  -9999    0.0  -9999
C0G660 2003110816  -9999  -9999  -9999  -9999  -9999    0.0  -9999
C0G660 2003110817  -9999  -9999  -9999  -9999  -9999    0.0  -9999
C0G660 2003110818  -9999  -9999  -9999  -9999  -9999    0.0  -9999
C0G660 2003110819  -9999  -9999  -9999  -9999  -9999    0.0  -9999
C0G660 2003110820  -9999  -9999  -9999  -9999  -9999    0.0  -9999
C0G660 2003110821  -9999  -9999  -9999  -9999  -9999    0.0  -9999
C0G660 2003110822  -9999  -9999  -9999  -9999  -9999    0.0  -9999
C0G660 2003110823  -9999  -9999  -9999  -9999  -9999    0.0  -9999
C0G660 2003110824  -9999  -9999  -9999  -9999  -9999    0.0  -9999
C0G660 2003110901  -9999  -9999  -9999  -9999  -9999    0.0  -9999
C0G660 2003110902  -9999  -9999  -9999  -9999  -9999    0.0  -9999
C0G660 2003110903  -9999  -9999  -9999  -9999  -9999    0.0  -9999
C0G660 2003110904  -9999  -9999  -9999  -9999  -9999    0.0  -9999
C0G660 2003110905  -9999  -9999  -9999  -9999  -9999    0.0  -9999
C0G660 2003110906  -9999  -9999  -9999  -9999  -9999    0.0  -9999
C0G660 2003110907  -9999  -9999  -9999  -9999  -9999    0.0  -9999
C0G660 2003110908  -9999  -9999  -9999  -9999  -9999    0.0  -9999
C0G660 2003110909  -9999  -9999  -9999  -9999  -9999    0.0  -9999
C0G660 2003110910  -9999  -9999  -9999  -9999  -9999    0.0  -9999
C0G660 2003110911  -9999  -9999  -9999  -9999  -9999    0.0  -9999
C0G660 2003110912  -9999  -9999  -9999  -9999  -9999    0.0  -9999
C0G660 2003110913  -9999  -9999  -9999  -9999  -9999    0.0  -9999
C0G660 2003110914  -9999  -9999  -9999  -9999  -9999    0.0  -9999
C0G660 2003110915  -9999  -9999  -9999  -9999  -9999    0.0  -9999
C0G660 2003110916  -9999  -9999  -9999  -9999  -9999    0.0  -9999
C0G660 2003110917  -9999  -9999  -9999  -9999  -9999    0.0  -9999
C0G660 2003110918  -9999  -9999  -9999  -9999  -9999    0.0  -9999
C0G660 2003110919  -9999  -9999  -9999  -9999  -9999    0.0  -9999
C0G660 2003110920  -9999  -9999  -9999  -9999  -9999    0.0  -9999
C0G660 2003110921  -9999  -9999  -9999  -9999  -9999    0.0  -9999
C0G660 2003110922  -9999  -9999  -9999  -9999  -9999    0.0  -9999
C0G660 2003110923  -9999  -9999  -9999  -9999  -9999    0.0  -9999
C0G660 2003110924  -9999  -9999  -9999  -9999  -9999    0.0  -9999
C0G660 2003111001  -9999  -9999  -9999  -9999  -9999    0.0  -9999
C0G660 2003111002  -9999  -9999  -9999  -9999  -9999    0.0  -9999
C0G660 2003111003  -9999  -9999  -9999  -9999  -9999    0.0  -9999
C0G660 2003111004  -9999  -9999  -9999  -9999  -9999    0.0  -9999
C0G660 2003111005  -9999  -9999  -9999  -9999  -9999    0.0  -9999
C0G660 2003111006  -9999  -9999  -9999  -9999  -9999    0.0  -9999
C0G660 2003111007  -9999  -9999  -9999  -9999  -9999    0.0  -9999
C0G660 2003111008  -9999  -9999  -9999  -9999  -9999    0.0  -9999
C0G660 2003111009  -9999  -9999  -9999  -9999  -9999    0.0  -9999
C0G660 2003111010  -9999  -9999  -9999  -9999  -9999    0.0  -9999
C0G660 2003111011  -9999  -9999  -9999  -9999  -9999    0.0  -9999
C0G660 2003111012  -9999  -9999  -9999  -9999  -9999    0.0  -9999
C0G660 2003111013  -9999  -9999  -9999  -9999  -9999    0.0  -9999
C0G660 2003111014  -9999  -9999  -9999  -9999  -9999    0.0  -9999
C0G660 2003111015  -9999  -9999  -9999  -9999  -9999    0.0  -9999
C0G660 2003111016  -9999  -9999  -9999  -9999  -9999    0.0  -9999
C0G660 2003111017  -9999  -9999  -9999  -9999  -9999    0.0  -9999
C0G660 2003111018  -9999  -9999  -9999  -9999  -9999    0.0  -9999
C0G660 2003111019  -9999  -9999  -9999  -9999  -9999    0.0  -9999
C0G660 2003111020  -9999  -9999  -9999  -9999  -9999    0.0  -9999
C0G660 2003111021  -9999  -9999  -9999  -9999  -9999    0.0  -9999
C0G660 2003111022  -9999  -9999  -9999  -9999  -9999    0.0  -9999
C0G660 2003111023  -9999  -9999  -9999  -9999  -9999    0.0  -9999
C0G660 2003111024  -9999  -9999  -9999  -9999  -9999    0.0  -9999
C0G660 2003111101  -9999  -9999  -9999  -9999  -9999    0.0  -9999
C0G660 2003111102  -9999  -9999  -9999  -9999  -9999    0.0  -9999
C0G660 2003111103  -9999  -9999  -9999  -9999  -9999    0.0  -9999
C0G660 2003111104  -9999  -9999  -9999  -9999  -9999    0.0  -9999
C0G660 2003111105  -9999  -9999  -9999  -9999  -9999    0.0  -9999
C0G660 2003111106  -9999  -9999  -9999  -9999  -9999    0.0  -9999
C0G660 2003111107  -9999  -9999  -9999  -9999  -9999    0.0  -9999
C0G660 2003111108  -9999  -9999  -9999  -9999  -9999    0.0  -9999
C0G660 2003111109  -9999  -9999  -9999  -9999  -9999    0.0  -9999
C0G660 2003111110  -9999  -9999  -9999  -9999  -9999    0.0  -9999
C0G660 2003111111  -9999  -9999  -9999  -9999  -9999  -9997  -9999
C0G660 2003111112  -9999  -9999  -9999  -9999  -9999    0.0  -9999
C0G660 2003111113  -9999  -9999  -9999  -9999  -9999    0.0  -9999
C0G660 2003111114  -9999  -9999  -9999  -9999  -9999    0.0  -9999
C0G660 2003111115  -9999  -9999  -9999  -9999  -9999    0.0  -9999
C0G660 2003111116  -9999  -9999  -9999  -9999  -9999    0.0  -9999
C0G660 2003111117  -9999  -9999  -9999  -9999  -9999    0.0  -9999
C0G660 2003111118  -9999  -9999  -9999  -9999  -9999    0.0  -9999
C0G660 2003111119  -9999  -9999  -9999  -9999  -9999    0.0  -9999
C0G660 2003111120  -9999  -9999  -9999  -9999  -9999    0.0  -9999
C0G660 2003111121  -9999  -9999  -9999  -9999  -9999    0.0  -9999
C0G660 2003111122  -9999  -9999  -9999  -9999  -9999    0.0  -9999
C0G660 2003111123  -9999  -9999  -9999  -9999  -9999    0.0  -9999
C0G660 2003111124  -9999  -9999  -9999  -9999  -9999    0.0  -9999
C0G660 2003111201  -9999  -9999  -9999  -9999  -9999    0.0  -9999
C0G660 2003111202  -9999  -9999  -9999  -9999  -9999    0.0  -9999
C0G660 2003111203  -9999  -9999  -9999  -9999  -9999    0.0  -9999
C0G660 2003111204  -9999  -9999  -9999  -9999  -9999    0.0  -9999
C0G660 2003111205  -9999  -9999  -9999  -9999  -9999    0.0  -9999
C0G660 2003111206  -9999  -9999  -9999  -9999  -9999    0.0  -9999
C0G660 2003111207  -9999  -9999  -9999  -9999  -9999    0.0  -9999
C0G660 2003111208  -9999  -9999  -9999  -9999  -9999    0.0  -9999
C0G660 2003111209  -9999  -9999  -9999  -9999  -9999    0.0  -9999
C0G660 2003111210  -9999  -9999  -9999  -9999  -9999    0.0  -9999
C0G660 2003111211  -9999  -9999  -9999  -9999  -9999    0.0  -9999
C0G660 2003111212  -9999  -9999  -9999  -9999  -9999    0.0  -9999
C0G660 2003111213  -9999  -9999  -9999  -9999  -9999    0.0  -9999
C0G660 2003111214  -9999  -9999  -9999  -9999  -9999    0.0  -9999
C0G660 2003111215  -9999  -9999  -9999  -9999  -9999    0.0  -9999
C0G660 2003111216  -9999  -9999  -9999  -9999  -9999    0.0  -9999
C0G660 2003111217  -9999  -9999  -9999  -9999  -9999    0.0  -9999
C0G660 2003111218  -9999  -9999  -9999  -9999  -9999    0.0  -9999
C0G660 2003111219  -9999  -9999  -9999  -9999  -9999    0.0  -9999
C0G660 2003111220  -9999  -9999  -9999  -9999  -9999    0.0  -9999
C0G660 2003111221  -9999  -9999  -9999  -9999  -9999    0.0  -9999
C0G660 2003111222  -9999  -9999  -9999  -9999  -9999    0.0  -9999
C0G660 2003111223  -9999  -9999  -9999  -9999  -9999    0.0  -9999
C0G660 2003111224  -9999  -9999  -9999  -9999  -9999    0.0  -9999
C0G660 2003111301  -9999  -9999  -9999  -9999  -9999    0.0  -9999
C0G660 2003111302  -9999  -9999  -9999  -9999  -9999    0.0  -9999
C0G660 2003111303  -9999  -9999  -9999  -9999  -9999    0.0  -9999
C0G660 2003111304  -9999  -9999  -9999  -9999  -9999    0.0  -9999
C0G660 2003111305  -9999  -9999  -9999  -9999  -9999    0.0  -9999
C0G660 2003111306  -9999  -9999  -9999  -9999  -9999    0.0  -9999
C0G660 2003111307  -9999  -9999  -9999  -9999  -9999    0.0  -9999
C0G660 2003111308  -9999  -9999  -9999  -9999  -9999    0.0  -9999
C0G660 2003111309  -9999  -9999  -9999  -9999  -9999    0.0  -9999
C0G660 2003111310  -9999  -9999  -9999  -9999  -9999    0.0  -9999
C0G660 2003111311  -9999  -9999  -9999  -9999  -9999    0.0  -9999
C0G660 2003111312  -9999  -9999  -9999  -9999  -9999    0.0  -9999
C0G660 2003111313  -9999  -9999  -9999  -9999  -9999    0.0  -9999
C0G660 2003111314  -9999  -9999  -9999  -9999  -9999    0.0  -9999
C0G660 2003111315  -9999  -9999  -9999  -9999  -9999    0.0  -9999
C0G660 2003111316  -9999  -9999  -9999  -9999  -9999    0.0  -9999
C0G660 2003111317  -9999  -9999  -9999  -9999  -9999    0.0  -9999
C0G660 2003111318  -9999  -9999  -9999  -9999  -9999    0.0  -9999
C0G660 2003111319  -9999  -9999  -9999  -9999  -9999    0.0  -9999
C0G660 2003111320  -9999  -9999  -9999  -9999  -9999    0.0  -9999
C0G660 2003111321  -9999  -9999  -9999  -9999  -9999    0.0  -9999
C0G660 2003111322  -9999  -9999  -9999  -9999  -9999    0.0  -9999
C0G660 2003111323  -9999  -9999  -9999  -9999  -9999    0.0  -9999
C0G660 2003111324  -9999  -9999  -9999  -9999  -9999    0.0  -9999
C0G660 2003111401  -9999  -9999  -9999  -9999  -9999    0.0  -9999
C0G660 2003111402  -9999  -9999  -9999  -9999  -9999    0.0  -9999
C0G660 2003111403  -9999  -9999  -9999  -9999  -9999    0.0  -9999
C0G660 2003111404  -9999  -9999  -9999  -9999  -9999    0.0  -9999
C0G660 2003111405  -9999  -9999  -9999  -9999  -9999    0.0  -9999
C0G660 2003111406  -9999  -9999  -9999  -9999  -9999    0.0  -9999
C0G660 2003111407  -9999  -9999  -9999  -9999  -9999    0.0  -9999
C0G660 2003111408  -9999  -9999  -9999  -9999  -9999    0.0  -9999
C0G660 2003111409  -9999  -9999  -9999  -9999  -9999    0.0  -9999
C0G660 2003111410  -9999  -9999  -9999  -9999  -9999    0.0  -9999
C0G660 2003111411  -9999  -9999  -9999  -9999  -9999    0.0  -9999
C0G660 2003111412  -9999  -9999  -9999  -9999  -9999    0.0  -9999
C0G660 2003111413  -9999  -9999  -9999  -9999  -9999    0.0  -9999
C0G660 2003111414  -9999  -9999  -9999  -9999  -9999    0.0  -9999
C0G660 2003111415  -9999  -9999  -9999  -9999  -9999    0.0  -9999
C0G660 2003111416  -9999  -9999  -9999  -9999  -9999    0.0  -9999
C0G660 2003111417  -9999  -9999  -9999  -9999  -9999    0.0  -9999
C0G660 2003111418  -9999  -9999  -9999  -9999  -9999    0.0  -9999
C0G660 2003111419  -9999  -9999  -9999  -9999  -9999    0.0  -9999
C0G660 2003111420  -9999  -9999  -9999  -9999  -9999    0.0  -9999
C0G660 2003111421  -9999  -9999  -9999  -9999  -9999    0.0  -9999
C0G660 2003111422  -9999  -9999  -9999  -9999  -9999    0.0  -9999
C0G660 2003111423  -9999  -9999  -9999  -9999  -9999    0.0  -9999
C0G660 2003111424  -9999  -9999  -9999  -9999  -9999    0.0  -9999
C0G660 2003111501  -9999  -9999  -9999  -9999  -9999    0.0  -9999
C0G660 2003111502  -9999  -9999  -9999  -9999  -9999    0.0  -9999
C0G660 2003111503  -9999  -9999  -9999  -9999  -9999    0.0  -9999
C0G660 2003111504  -9999  -9999  -9999  -9999  -9999    0.0  -9999
C0G660 2003111505  -9999  -9999  -9999  -9999  -9999    0.0  -9999
C0G660 2003111506  -9999  -9999  -9999  -9999  -9999    0.0  -9999
C0G660 2003111507  -9999  -9999  -9999  -9999  -9999    0.0  -9999
C0G660 2003111508  -9999  -9999  -9999  -9999  -9999    0.0  -9999
C0G660 2003111509  -9999  -9999  -9999  -9999  -9999    0.0  -9999
C0G660 2003111510  -9999  -9999  -9999  -9999  -9999    0.0  -9999
C0G660 2003111511  -9999  -9999  -9999  -9999  -9999    0.0  -9999
C0G660 2003111512  -9999  -9999  -9999  -9999  -9999    0.0  -9999
C0G660 2003111513  -9999  -9999  -9999  -9999  -9999    0.0  -9999
C0G660 2003111514  -9999  -9999  -9999  -9999  -9999    0.0  -9999
C0G660 2003111515  -9999  -9999  -9999  -9999  -9999    0.0  -9999
C0G660 2003111516  -9999  -9999  -9999  -9999  -9999    0.0  -9999
C0G660 2003111517  -9999  -9999  -9999  -9999  -9999    0.0  -9999
C0G660 2003111518  -9999  -9999  -9999  -9999  -9999    0.0  -9999
C0G660 2003111519  -9999  -9999  -9999  -9999  -9999    0.0  -9999
C0G660 2003111520  -9999  -9999  -9999  -9999  -9999    0.0  -9999
C0G660 2003111521  -9999  -9999  -9999  -9999  -9999    0.0  -9999
C0G660 2003111522  -9999  -9999  -9999  -9999  -9999    0.0  -9999
C0G660 2003111523  -9999  -9999  -9999  -9999  -9999    0.0  -9999
C0G660 2003111524  -9999  -9999  -9999  -9999  -9999    0.0  -9999
C0G660 2003111601  -9999  -9999  -9999  -9999  -9999    0.0  -9999
C0G660 2003111602  -9999  -9999  -9999  -9999  -9999    0.0  -9999
C0G660 2003111603  -9999  -9999  -9999  -9999  -9999    0.0  -9999
C0G660 2003111604  -9999  -9999  -9999  -9999  -9999    0.0  -9999
C0G660 2003111605  -9999  -9999  -9999  -9999  -9999    0.0  -9999
C0G660 2003111606  -9999  -9999  -9999  -9999  -9999    0.0  -9999
C0G660 2003111607  -9999  -9999  -9999  -9999  -9999    0.0  -9999
C0G660 2003111608  -9999  -9999  -9999  -9999  -9999    0.0  -9999
C0G660 2003111609  -9999  -9999  -9999  -9999  -9999    0.0  -9999
C0G660 2003111610  -9999  -9999  -9999  -9999  -9999    0.0  -9999
C0G660 2003111611  -9999  -9999  -9999  -9999  -9999    0.0  -9999
C0G660 2003111612  -9999  -9999  -9999  -9999  -9999    0.0  -9999
C0G660 2003111613  -9999  -9999  -9999  -9999  -9999    0.0  -9999
C0G660 2003111614  -9999  -9999  -9999  -9999  -9999    0.0  -9999
C0G660 2003111615  -9999  -9999  -9999  -9999  -9999    0.0  -9999
C0G660 2003111616  -9999  -9999  -9999  -9999  -9999    0.0  -9999
C0G660 2003111617  -9999  -9999  -9999  -9999  -9999    0.0  -9999
C0G660 2003111618  -9999  -9999  -9999  -9999  -9999    0.0  -9999
C0G660 2003111619  -9999  -9999  -9999  -9999  -9999    0.0  -9999
C0G660 2003111620  -9999  -9999  -9999  -9999  -9999    0.0  -9999
C0G660 2003111621  -9999  -9999  -9999  -9999  -9999    0.0  -9999
C0G660 2003111622  -9999  -9999  -9999  -9999  -9999    0.0  -9999
C0G660 2003111623  -9999  -9999  -9999  -9999  -9999    0.0  -9999
C0G660 2003111624  -9999  -9999  -9999  -9999  -9999    0.0  -9999
C0G660 2003111701  -9999  -9999  -9999  -9999  -9999    0.0  -9999
C0G660 2003111702  -9999  -9999  -9999  -9999  -9999    0.0  -9999
C0G660 2003111703  -9999  -9999  -9999  -9999  -9999    0.0  -9999
C0G660 2003111704  -9999  -9999  -9999  -9999  -9999    0.0  -9999
C0G660 2003111705  -9999  -9999  -9999  -9999  -9999    0.0  -9999
C0G660 2003111706  -9999  -9999  -9999  -9999  -9999    0.0  -9999
C0G660 2003111707  -9999  -9999  -9999  -9999  -9999    0.0  -9999
C0G660 2003111708  -9999  -9999  -9999  -9999  -9999    0.0  -9999
C0G660 2003111709  -9999  -9999  -9999  -9999  -9999    0.0  -9999
C0G660 2003111710  -9999  -9999  -9999  -9999  -9999    0.0  -9999
C0G660 2003111711  -9999  -9999  -9999  -9999  -9999    0.0  -9999
C0G660 2003111712  -9999  -9999  -9999  -9999  -9999    0.0  -9999
C0G660 2003111713  -9999  -9999  -9999  -9999  -9999    0.0  -9999
C0G660 2003111714  -9999  -9999  -9999  -9999  -9999    0.0  -9999
C0G660 2003111715  -9999  -9999  -9999  -9999  -9999    0.0  -9999
C0G660 2003111716  -9999  -9999  -9999  -9999  -9999    0.0  -9999
C0G660 2003111717  -9999  -9999  -9999  -9999  -9999    0.0  -9999
C0G660 2003111718  -9999  -9999  -9999  -9999  -9999    0.0  -9999
C0G660 2003111719  -9999  -9999  -9999  -9999  -9999    0.0  -9999
C0G660 2003111720  -9999  -9999  -9999  -9999  -9999    0.0  -9999
C0G660 2003111721  -9999  -9999  -9999  -9999  -9999    0.0  -9999
C0G660 2003111722  -9999  -9999  -9999  -9999  -9999    0.0  -9999
C0G660 2003111723  -9999  -9999  -9999  -9999  -9999    0.0  -9999
C0G660 2003111724  -9999  -9999  -9999  -9999  -9999    0.0  -9999
C0G660 2003111801  -9999  -9999  -9999  -9999  -9999    0.0  -9999
C0G660 2003111802  -9999  -9999  -9999  -9999  -9999    0.0  -9999
C0G660 2003111803  -9999  -9999  -9999  -9999  -9999    0.0  -9999
C0G660 2003111804  -9999  -9999  -9999  -9999  -9999    0.0  -9999
C0G660 2003111805  -9999  -9999  -9999  -9999  -9999    0.0  -9999
C0G660 2003111806  -9999  -9999  -9999  -9999  -9999    0.0  -9999
C0G660 2003111807  -9999  -9999  -9999  -9999  -9999    0.0  -9999
C0G660 2003111808  -9999  -9999  -9999  -9999  -9999    0.0  -9999
C0G660 2003111809  -9999  -9999  -9999  -9999  -9999    0.0  -9999
C0G660 2003111810  -9999  -9999  -9999  -9999  -9999    0.0  -9999
C0G660 2003111811  -9999  -9999  -9999  -9999  -9999    0.0  -9999
C0G660 2003111812  -9999  -9999  -9999  -9999  -9999    0.0  -9999
C0G660 2003111813  -9999  -9999  -9999  -9999  -9999    0.0  -9999
C0G660 2003111814  -9999  -9999  -9999  -9999  -9999    0.0  -9999
C0G660 2003111815  -9999  -9999  -9999  -9999  -9999    0.0  -9999
C0G660 2003111816  -9999  -9999  -9999  -9999  -9999    0.0  -9999
C0G660 2003111817  -9999  -9999  -9999  -9999  -9999    0.0  -9999
C0G660 2003111818  -9999  -9999  -9999  -9999  -9999    0.0  -9999
C0G660 2003111819  -9999  -9999  -9999  -9999  -9999    0.0  -9999
C0G660 2003111820  -9999  -9999  -9999  -9999  -9999    0.0  -9999
C0G660 2003111821  -9999  -9999  -9999  -9999  -9999    0.0  -9999
C0G660 2003111822  -9999  -9999  -9999  -9999  -9999    0.0  -9999
C0G660 2003111823  -9999  -9999  -9999  -9999  -9999    0.0  -9999
C0G660 2003111824  -9999  -9999  -9999  -9999  -9999    0.0  -9999
C0G660 2003111901  -9999  -9999  -9999  -9999  -9999    0.0  -9999
C0G660 2003111902  -9999  -9999  -9999  -9999  -9999    0.0  -9999
C0G660 2003111903  -9999  -9999  -9999  -9999  -9999    0.0  -9999
C0G660 2003111904  -9999  -9999  -9999  -9999  -9999    0.0  -9999
C0G660 2003111905  -9999  -9999  -9999  -9999  -9999    0.0  -9999
C0G660 2003111906  -9999  -9999  -9999  -9999  -9999    0.0  -9999
C0G660 2003111907  -9999  -9999  -9999  -9999  -9999    0.0  -9999
C0G660 2003111908  -9999  -9999  -9999  -9999  -9999    0.0  -9999
C0G660 2003111909  -9999  -9999  -9999  -9999  -9999    0.0  -9999
C0G660 2003111910  -9999  -9999  -9999  -9999  -9999    0.0  -9999
C0G660 2003111911  -9999  -9999  -9999  -9999  -9999    0.0  -9999
C0G660 2003111912  -9999  -9999  -9999  -9999  -9999    0.0  -9999
C0G660 2003111913  -9999  -9999  -9999  -9999  -9999    0.0  -9999
C0G660 2003111914  -9999  -9999  -9999  -9999  -9999    0.0  -9999
C0G660 2003111915  -9999  -9999  -9999  -9999  -9999    0.0  -9999
C0G660 2003111916  -9999  -9999  -9999  -9999  -9999    0.0  -9999
C0G660 2003111917  -9999  -9999  -9999  -9999  -9999    0.0  -9999
C0G660 2003111918  -9999  -9999  -9999  -9999  -9999    0.0  -9999
C0G660 2003111919  -9999  -9999  -9999  -9999  -9999    0.0  -9999
C0G660 2003111920  -9999  -9999  -9999  -9999  -9999    0.0  -9999
C0G660 2003111921  -9999  -9999  -9999  -9999  -9999    0.0  -9999
C0G660 2003111922  -9999  -9999  -9999  -9999  -9999    0.0  -9999
C0G660 2003111923  -9999  -9999  -9999  -9999  -9999    0.0  -9999
C0G660 2003111924  -9999  -9999  -9999  -9999  -9999    0.0  -9999
C0G660 2003112001  -9999  -9999  -9999  -9999  -9999    0.0  -9999
C0G660 2003112002  -9999  -9999  -9999  -9999  -9999    0.0  -9999
C0G660 2003112003  -9999  -9999  -9999  -9999  -9999    0.0  -9999
C0G660 2003112004  -9999  -9999  -9999  -9999  -9999    0.0  -9999
C0G660 2003112005  -9999  -9999  -9999  -9999  -9999    0.0  -9999
C0G660 2003112006  -9999  -9999  -9999  -9999  -9999    0.0  -9999
C0G660 2003112007  -9999  -9999  -9999  -9999  -9999    0.0  -9999
C0G660 2003112008  -9999  -9999  -9999  -9999  -9999    0.0  -9999
C0G660 2003112009  -9999  -9999  -9999  -9999  -9999    0.0  -9999
C0G660 2003112010  -9999  -9999  -9999  -9999  -9999    0.0  -9999
C0G660 2003112011  -9999  -9999  -9999  -9999  -9999    0.0  -9999
C0G660 2003112012  -9999  -9999  -9999  -9999  -9999    0.0  -9999
C0G660 2003112013  -9999  -9999  -9999  -9999  -9999    0.0  -9999
C0G660 2003112014  -9999  -9999  -9999  -9999  -9999    0.0  -9999
C0G660 2003112015  -9999  -9999  -9999  -9999  -9999    0.0  -9999
C0G660 2003112016  -9999  -9999  -9999  -9999  -9999    0.0  -9999
C0G660 2003112017  -9999  -9999  -9999  -9999  -9999    0.0  -9999
C0G660 2003112018  -9999  -9999  -9999  -9999  -9999    0.0  -9999
C0G660 2003112019  -9999  -9999  -9999  -9999  -9999    0.0  -9999
C0G660 2003112020  -9999  -9999  -9999  -9999  -9999    0.0  -9999
C0G660 2003112021  -9999  -9999  -9999  -9999  -9999    0.0  -9999
C0G660 2003112022  -9999  -9999  -9999  -9999  -9999    0.0  -9999
C0G660 2003112023  -9999  -9999  -9999  -9999  -9999    0.0  -9999
C0G660 2003112024  -9999  -9999  -9999  -9999  -9999    0.0  -9999
C0G660 2003112101  -9999  -9999  -9999  -9999  -9999    0.0  -9999
C0G660 2003112102  -9999  -9999  -9999  -9999  -9999    0.0  -9999
C0G660 2003112103  -9999  -9999  -9999  -9999  -9999    0.0  -9999
C0G660 2003112104  -9999  -9999  -9999  -9999  -9999    0.0  -9999
C0G660 2003112105  -9999  -9999  -9999  -9999  -9999    0.0  -9999
C0G660 2003112106  -9999  -9999  -9999  -9999  -9999    0.0  -9999
C0G660 2003112107  -9999  -9999  -9999  -9999  -9999    0.0  -9999
C0G660 2003112108  -9999  -9999  -9999  -9999  -9999    0.0  -9999
C0G660 2003112109  -9999  -9999  -9999  -9999  -9999    0.0  -9999
C0G660 2003112110  -9999  -9999  -9999  -9999  -9999    0.0  -9999
C0G660 2003112111  -9999  -9999  -9999  -9999  -9999    0.0  -9999
C0G660 2003112112  -9999  -9999  -9999  -9999  -9999    0.0  -9999
C0G660 2003112113  -9999  -9999  -9999  -9999  -9999    0.0  -9999
C0G660 2003112114  -9999  -9999  -9999  -9999  -9999    0.0  -9999
C0G660 2003112115  -9999  -9999  -9999  -9999  -9999    0.0  -9999
C0G660 2003112116  -9999  -9999  -9999  -9999  -9999    0.0  -9999
C0G660 2003112117  -9999  -9999  -9999  -9999  -9999    0.0  -9999
C0G660 2003112118  -9999  -9999  -9999  -9999  -9999    0.0  -9999
C0G660 2003112119  -9999  -9999  -9999  -9999  -9999    0.0  -9999
C0G660 2003112120  -9999  -9999  -9999  -9999  -9999    0.0  -9999
C0G660 2003112121  -9999  -9999  -9999  -9999  -9999    0.0  -9999
C0G660 2003112122  -9999  -9999  -9999  -9999  -9999    0.0  -9999
C0G660 2003112123  -9999  -9999  -9999  -9999  -9999    0.0  -9999
C0G660 2003112124  -9999  -9999  -9999  -9999  -9999    0.0  -9999
C0G660 2003112201  -9999  -9999  -9999  -9999  -9999    0.0  -9999
C0G660 2003112202  -9999  -9999  -9999  -9999  -9999    0.0  -9999
C0G660 2003112203  -9999  -9999  -9999  -9999  -9999    0.0  -9999
C0G660 2003112204  -9999  -9999  -9999  -9999  -9999    0.0  -9999
C0G660 2003112205  -9999  -9999  -9999  -9999  -9999    0.0  -9999
C0G660 2003112206  -9999  -9999  -9999  -9999  -9999    0.0  -9999
C0G660 2003112207  -9999  -9999  -9999  -9999  -9999    0.0  -9999
C0G660 2003112208  -9999  -9999  -9999  -9999  -9999    0.0  -9999
C0G660 2003112209  -9999  -9999  -9999  -9999  -9999    0.0  -9999
C0G660 2003112210  -9999  -9999  -9999  -9999  -9999  -9996  -9999
C0G660 2003112211  -9999  -9999  -9999  -9999  -9999    0.0  -9999
C0G660 2003112212  -9999  -9999  -9999  -9999  -9999  -9996  -9999
C0G660 2003112213  -9999  -9999  -9999  -9999  -9999  -9996  -9999
C0G660 2003112214  -9999  -9999  -9999  -9999  -9999  -9996  -9999
C0G660 2003112215  -9999  -9999  -9999  -9999  -9999  -9996  -9999
C0G660 2003112216  -9999  -9999  -9999  -9999  -9999  -9996  -9999
C0G660 2003112217  -9999  -9999  -9999  -9999  -9999  -9996  -9999
C0G660 2003112218  -9999  -9999  -9999  -9999  -9999  -9996  -9999
C0G660 2003112219  -9999  -9999  -9999  -9999  -9999  -9996  -9999
C0G660 2003112220  -9999  -9999  -9999  -9999  -9999  -9996  -9999
C0G660 2003112221  -9999  -9999  -9999  -9999  -9999    0.0  -9999
C0G660 2003112222  -9999  -9999  -9999  -9999  -9999    0.0  -9999
C0G660 2003112223  -9999  -9999  -9999  -9999  -9999    0.0  -9999
C0G660 2003112224  -9999  -9999  -9999  -9999  -9999    0.0  -9999
C0G660 2003112301  -9999  -9999  -9999  -9999  -9999    0.0  -9999
C0G660 2003112302  -9999  -9999  -9999  -9999  -9999    0.0  -9999
C0G660 2003112303  -9999  -9999  -9999  -9999  -9999    0.0  -9999
C0G660 2003112304  -9999  -9999  -9999  -9999  -9999    0.0  -9999
C0G660 2003112305  -9999  -9999  -9999  -9999  -9999    0.0  -9999
C0G660 2003112306  -9999  -9999  -9999  -9999  -9999    0.0  -9999
C0G660 2003112307  -9999  -9999  -9999  -9999  -9999    0.0  -9999
C0G660 2003112308  -9999  -9999  -9999  -9999  -9999    0.0  -9999
C0G660 2003112309  -9999  -9999  -9999  -9999  -9999    0.0  -9999
C0G660 2003112310  -9999  -9999  -9999  -9999  -9999    0.0  -9999
C0G660 2003112311  -9999  -9999  -9999  -9999  -9999    0.0  -9999
C0G660 2003112312  -9999  -9999  -9999  -9999  -9999    0.0  -9999
C0G660 2003112313  -9999  -9999  -9999  -9999  -9999    0.0  -9999
C0G660 2003112314  -9999  -9999  -9999  -9999  -9999    0.0  -9999
C0G660 2003112315  -9999  -9999  -9999  -9999  -9999    0.0  -9999
C0G660 2003112316  -9999  -9999  -9999  -9999  -9999    0.0  -9999
C0G660 2003112317  -9999  -9999  -9999  -9999  -9999    0.0  -9999
C0G660 2003112318  -9999  -9999  -9999  -9999  -9999    0.0  -9999
C0G660 2003112319  -9999  -9999  -9999  -9999  -9999    0.0  -9999
C0G660 2003112320  -9999  -9999  -9999  -9999  -9999    0.0  -9999
C0G660 2003112321  -9999  -9999  -9999  -9999  -9999    0.0  -9999
C0G660 2003112322  -9999  -9999  -9999  -9999  -9999    0.0  -9999
C0G660 2003112323  -9999  -9999  -9999  -9999  -9999    0.0  -9999
C0G660 2003112324  -9999  -9999  -9999  -9999  -9999    0.0  -9999
C0G660 2003112401  -9999  -9999  -9999  -9999  -9999    0.0  -9999
C0G660 2003112402  -9999  -9999  -9999  -9999  -9999    0.0  -9999
C0G660 2003112403  -9999  -9999  -9999  -9999  -9999    0.0  -9999
C0G660 2003112404  -9999  -9999  -9999  -9999  -9999    0.0  -9999
C0G660 2003112405  -9999  -9999  -9999  -9999  -9999    0.0  -9999
C0G660 2003112406  -9999  -9999  -9999  -9999  -9999    0.0  -9999
C0G660 2003112407  -9999  -9999  -9999  -9999  -9999    0.0  -9999
C0G660 2003112408  -9999  -9999  -9999  -9999  -9999    0.0  -9999
C0G660 2003112409  -9999  -9999  -9999  -9999  -9999    0.0  -9999
C0G660 2003112410  -9999  -9999  -9999  -9999  -9999    0.0  -9999
C0G660 2003112411  -9999  -9999  -9999  -9999  -9999    0.0  -9999
C0G660 2003112412  -9999  -9999  -9999  -9999  -9999    0.0  -9999
C0G660 2003112413  -9999  -9999  -9999  -9999  -9999    0.0  -9999
C0G660 2003112414  -9999  -9999  -9999  -9999  -9999    0.0  -9999
C0G660 2003112415  -9999  -9999  -9999  -9999  -9999    0.0  -9999
C0G660 2003112416  -9999  -9999  -9999  -9999  -9999    0.0  -9999
C0G660 2003112417  -9999  -9999  -9999  -9999  -9999    0.0  -9999
C0G660 2003112418  -9999  -9999  -9999  -9999  -9999    0.0  -9999
C0G660 2003112419  -9999  -9999  -9999  -9999  -9999    0.0  -9999
C0G660 2003112420  -9999  -9999  -9999  -9999  -9999    0.0  -9999
C0G660 2003112421  -9999  -9999  -9999  -9999  -9999    0.0  -9999
C0G660 2003112422  -9999  -9999  -9999  -9999  -9999    0.0  -9999
C0G660 2003112423  -9999  -9999  -9999  -9999  -9999    0.0  -9999
C0G660 2003112424  -9999  -9999  -9999  -9999  -9999    0.0  -9999
C0G660 2003112501  -9999  -9999  -9999  -9999  -9999    0.0  -9999
C0G660 2003112502  -9999  -9999  -9999  -9999  -9999    0.0  -9999
C0G660 2003112503  -9999  -9999  -9999  -9999  -9999    0.0  -9999
C0G660 2003112504  -9999  -9999  -9999  -9999  -9999    0.0  -9999
C0G660 2003112505  -9999  -9999  -9999  -9999  -9999    0.0  -9999
C0G660 2003112506  -9999  -9999  -9999  -9999  -9999    0.0  -9999
C0G660 2003112507  -9999  -9999  -9999  -9999  -9999    0.0  -9999
C0G660 2003112508  -9999  -9999  -9999  -9999  -9999    0.0  -9999
C0G660 2003112509  -9999  -9999  -9999  -9999  -9999    0.0  -9999
C0G660 2003112510  -9999  -9999  -9999  -9999  -9999    0.0  -9999
C0G660 2003112511  -9999  -9999  -9999  -9999  -9999    0.0  -9999
C0G660 2003112512  -9999  -9999  -9999  -9999  -9999    0.0  -9999
C0G660 2003112513  -9999  -9999  -9999  -9999  -9999    0.0  -9999
C0G660 2003112514  -9999  -9999  -9999  -9999  -9999    0.0  -9999
C0G660 2003112515  -9999  -9999  -9999  -9999  -9999    0.0  -9999
C0G660 2003112516  -9999  -9999  -9999  -9999  -9999    0.0  -9999
C0G660 2003112517  -9999  -9999  -9999  -9999  -9999    0.0  -9999
C0G660 2003112518  -9999  -9999  -9999  -9999  -9999    0.0  -9999
C0G660 2003112519  -9999  -9999  -9999  -9999  -9999    0.0  -9999
C0G660 2003112520  -9999  -9999  -9999  -9999  -9999    0.0  -9999
C0G660 2003112521  -9999  -9999  -9999  -9999  -9999    0.0  -9999
C0G660 2003112522  -9999  -9999  -9999  -9999  -9999    0.0  -9999
C0G660 2003112523  -9999  -9999  -9999  -9999  -9999    0.0  -9999
C0G660 2003112524  -9999  -9999  -9999  -9999  -9999    0.0  -9999
C0G660 2003112601  -9999  -9999  -9999  -9999  -9999    0.0  -9999
C0G660 2003112602  -9999  -9999  -9999  -9999  -9999    0.0  -9999
C0G660 2003112603  -9999  -9999  -9999  -9999  -9999    0.0  -9999
C0G660 2003112604  -9999  -9999  -9999  -9999  -9999    0.0  -9999
C0G660 2003112605  -9999  -9999  -9999  -9999  -9999    0.0  -9999
C0G660 2003112606  -9999  -9999  -9999  -9999  -9999    0.0  -9999
C0G660 2003112607  -9999  -9999  -9999  -9999  -9999    0.0  -9999
C0G660 2003112608  -9999  -9999  -9999  -9999  -9999    0.0  -9999
C0G660 2003112609  -9999  -9999  -9999  -9999  -9999    0.0  -9999
C0G660 2003112610  -9999  -9999  -9999  -9999  -9999    0.0  -9999
C0G660 2003112611  -9999  -9999  -9999  -9999  -9999    0.0  -9999
C0G660 2003112612  -9999  -9999  -9999  -9999  -9999    0.0  -9999
C0G660 2003112613  -9999  -9999  -9999  -9999  -9999    0.0  -9999
C0G660 2003112614  -9999  -9999  -9999  -9999  -9999    0.0  -9999
C0G660 2003112615  -9999  -9999  -9999  -9999  -9999    0.0  -9999
C0G660 2003112616  -9999  -9999  -9999  -9999  -9999    0.0  -9999
C0G660 2003112617  -9999  -9999  -9999  -9999  -9999    0.0  -9999
C0G660 2003112618  -9999  -9999  -9999  -9999  -9999    0.0  -9999
C0G660 2003112619  -9999  -9999  -9999  -9999  -9999    0.0  -9999
C0G660 2003112620  -9999  -9999  -9999  -9999  -9999    0.0  -9999
C0G660 2003112621  -9999  -9999  -9999  -9999  -9999    0.0  -9999
C0G660 2003112622  -9999  -9999  -9999  -9999  -9999    0.0  -9999
C0G660 2003112623  -9999  -9999  -9999  -9999  -9999    0.0  -9999
C0G660 2003112624  -9999  -9999  -9999  -9999  -9999    0.0  -9999
C0G660 2003112701  -9999  -9999  -9999  -9999  -9999    0.0  -9999
C0G660 2003112702  -9999  -9999  -9999  -9999  -9999    0.0  -9999
C0G660 2003112703  -9999  -9999  -9999  -9999  -9999    0.0  -9999
C0G660 2003112704  -9999  -9999  -9999  -9999  -9999    0.0  -9999
C0G660 2003112705  -9999  -9999  -9999  -9999  -9999    0.0  -9999
C0G660 2003112706  -9999  -9999  -9999  -9999  -9999    0.0  -9999
C0G660 2003112707  -9999  -9999  -9999  -9999  -9999    0.0  -9999
C0G660 2003112708  -9999  -9999  -9999  -9999  -9999    0.0  -9999
C0G660 2003112709  -9999  -9999  -9999  -9999  -9999    0.0  -9999
C0G660 2003112710  -9999  -9999  -9999  -9999  -9999    0.0  -9999
C0G660 2003112711  -9999  -9999  -9999  -9999  -9999    0.0  -9999
C0G660 2003112712  -9999  -9999  -9999  -9999  -9999    0.0  -9999
C0G660 2003112713  -9999  -9999  -9999  -9999  -9999    0.0  -9999
C0G660 2003112714  -9999  -9999  -9999  -9999  -9999    0.0  -9999
C0G660 2003112715  -9999  -9999  -9999  -9999  -9999    0.0  -9999
C0G660 2003112716  -9999  -9999  -9999  -9999  -9999    0.0  -9999
C0G660 2003112717  -9999  -9999  -9999  -9999  -9999    0.0  -9999
C0G660 2003112718  -9999  -9999  -9999  -9999  -9999    0.0  -9999
C0G660 2003112719  -9999  -9999  -9999  -9999  -9999    0.0  -9999
C0G660 2003112720  -9999  -9999  -9999  -9999  -9999    0.0  -9999
C0G660 2003112721  -9999  -9999  -9999  -9999  -9999    0.0  -9999
C0G660 2003112722  -9999  -9999  -9999  -9999  -9999    0.0  -9999
C0G660 2003112723  -9999  -9999  -9999  -9999  -9999    0.0  -9999
C0G660 2003112724  -9999  -9999  -9999  -9999  -9999    0.0  -9999
C0G660 2003112801  -9999  -9999  -9999  -9999  -9999    0.0  -9999
C0G660 2003112802  -9999  -9999  -9999  -9999  -9999    0.0  -9999
C0G660 2003112803  -9999  -9999  -9999  -9999  -9999    0.0  -9999
C0G660 2003112804  -9999  -9999  -9999  -9999  -9999    0.0  -9999
C0G660 2003112805  -9999  -9999  -9999  -9999  -9999    0.0  -9999
C0G660 2003112806  -9999  -9999  -9999  -9999  -9999    0.0  -9999
C0G660 2003112807  -9999  -9999  -9999  -9999  -9999    0.0  -9999
C0G660 2003112808  -9999  -9999  -9999  -9999  -9999    0.0  -9999
C0G660 2003112809  -9999  -9999  -9999  -9999  -9999    0.0  -9999
C0G660 2003112810  -9999  -9999  -9999  -9999  -9999    0.0  -9999
C0G660 2003112811  -9999  -9999  -9999  -9999  -9999    0.0  -9999
C0G660 2003112812  -9999  -9999  -9999  -9999  -9999    0.0  -9999
C0G660 2003112813  -9999  -9999  -9999  -9999  -9999    0.0  -9999
C0G660 2003112814  -9999  -9999  -9999  -9999  -9999    0.0  -9999
C0G660 2003112815  -9999  -9999  -9999  -9999  -9999    0.0  -9999
C0G660 2003112816  -9999  -9999  -9999  -9999  -9999    0.0  -9999
C0G660 2003112817  -9999  -9999  -9999  -9999  -9999    0.0  -9999
C0G660 2003112818  -9999  -9999  -9999  -9999  -9999    0.0  -9999
C0G660 2003112819  -9999  -9999  -9999  -9999  -9999    0.0  -9999
C0G660 2003112820  -9999  -9999  -9999  -9999  -9999    0.0  -9999
C0G660 2003112821  -9999  -9999  -9999  -9999  -9999    0.0  -9999
C0G660 2003112822  -9999  -9999  -9999  -9999  -9999    0.0  -9999
C0G660 2003112823  -9999  -9999  -9999  -9999  -9999    0.0  -9999
C0G660 2003112824  -9999  -9999  -9999  -9999  -9999    0.0  -9999
C0G660 2003112901  -9999  -9999  -9999  -9999  -9999    0.0  -9999
C0G660 2003112902  -9999  -9999  -9999  -9999  -9999    0.0  -9999
C0G660 2003112903  -9999  -9999  -9999  -9999  -9999    0.0  -9999
C0G660 2003112904  -9999  -9999  -9999  -9999  -9999    0.0  -9999
C0G660 2003112905  -9999  -9999  -9999  -9999  -9999    0.0  -9999
C0G660 2003112906  -9999  -9999  -9999  -9999  -9999    0.0  -9999
C0G660 2003112907  -9999  -9999  -9999  -9999  -9999    0.0  -9999
C0G660 2003112908  -9999  -9999  -9999  -9999  -9999    0.0  -9999
C0G660 2003112909  -9999  -9999  -9999  -9999  -9999    0.0  -9999
C0G660 2003112910  -9999  -9999  -9999  -9999  -9999    0.0  -9999
C0G660 2003112911  -9999  -9999  -9999  -9999  -9999    0.0  -9999
C0G660 2003112912  -9999  -9999  -9999  -9999  -9999    0.0  -9999
C0G660 2003112913  -9999  -9999  -9999  -9999  -9999    0.0  -9999
C0G660 2003112914  -9999  -9999  -9999  -9999  -9999    0.0  -9999
C0G660 2003112915  -9999  -9999  -9999  -9999  -9999    0.0  -9999
C0G660 2003112916  -9999  -9999  -9999  -9999  -9999    0.0  -9999
C0G660 2003112917  -9999  -9999  -9999  -9999  -9999    0.0  -9999
C0G660 2003112918  -9999  -9999  -9999  -9999  -9999    0.0  -9999
C0G660 2003112919  -9999  -9999  -9999  -9999  -9999    0.0  -9999
C0G660 2003112920  -9999  -9999  -9999  -9999  -9999    0.0  -9999
C0G660 2003112921  -9999  -9999  -9999  -9999  -9999    0.0  -9999
C0G660 2003112922  -9999  -9999  -9999  -9999  -9999    0.0  -9999
C0G660 2003112923  -9999  -9999  -9999  -9999  -9999    0.0  -9999
C0G660 2003112924  -9999  -9999  -9999  -9999  -9999    0.0  -9999
C0G660 2003113001  -9999  -9999  -9999  -9999  -9999    0.0  -9999
C0G660 2003113002  -9999  -9999  -9999  -9999  -9999    0.0  -9999
C0G660 2003113003  -9999  -9999  -9999  -9999  -9999    0.0  -9999
C0G660 2003113004  -9999  -9999  -9999  -9999  -9999    0.0  -9999
C0G660 2003113005  -9999  -9999  -9999  -9999  -9999    0.0  -9999
C0G660 2003113006  -9999  -9999  -9999  -9999  -9999    0.0  -9999
C0G660 2003113007  -9999  -9999  -9999  -9999  -9999    0.0  -9999
C0G660 2003113008  -9999  -9999  -9999  -9999  -9999    0.0  -9999
C0G660 2003113009  -9999  -9999  -9999  -9999  -9999    0.0  -9999
C0G660 2003113010  -9999  -9999  -9999  -9999  -9999    0.0  -9999
C0G660 2003113011  -9999  -9999  -9999  -9999  -9999    0.0  -9999
C0G660 2003113012  -9999  -9999  -9999  -9999  -9999    0.0  -9999
C0G660 2003113013  -9999  -9999  -9999  -9999  -9999    0.0  -9999
C0G660 2003113014  -9999  -9999  -9999  -9999  -9999    0.0  -9999
C0G660 2003113015  -9999  -9999  -9999  -9999  -9999    0.0  -9999
C0G660 2003113016  -9999  -9999  -9999  -9999  -9999    0.0  -9999
C0G660 2003113017  -9999  -9999  -9999  -9999  -9999    0.0  -9999
C0G660 2003113018  -9999  -9999  -9999  -9999  -9999    0.0  -9999
C0G660 2003113019  -9999  -9999  -9999  -9999  -9999    0.0  -9999
C0G660 2003113020  -9999  -9999  -9999  -9999  -9999    0.0  -9999
C0G660 2003113021  -9999  -9999  -9999  -9999  -9999    0.0  -9999
C0G660 2003113022  -9999  -9999  -9999  -9999  -9999    0.0  -9999
C0G660 2003113023  -9999  -9999  -9999  -9999  -9999    0.0  -9999
C0G660 2003113024  -9999  -9999  -9999  -9999  -9999    0.0  -9999
