C0G650 2004060101 24.8 -9997 0.0 0.0
C0G650 2004060102 24.4 -9997 0.0 0.0
C0G650 2004060103 24.2 -9997 0.0 0.0
C0G650 2004060104 24.3 -9997 0.0 0.0
C0G650 2004060105 24.6 -9997 0.0 0.0
C0G650 2004060106 25.3 -9997 0.0 0.0
C0G650 2004060107 26.7 -9997 0.3 0.0
C0G650 2004060108 28.3 -9997 0.8 0.0
C0G650 2004060109 30.0 -9997 0.9 0.0
C0G650 2004060110 31.5 -9997 0.1 0.0
C0G650 2004060111 31.2 -9997 0.4 0.0
C0G650 2004060112 31.8 -9997 0.3 0.0
C0G650 2004060113 30.3 -9997 0.8 0.0
C0G650 2004060114 30.5 -9997 1.1 0.0
C0G650 2004060115 31.0 -9997 0.8 0.0
C0G650 2004060116 30.2 -9997 0.6 0.0
C0G650 2004060117 28.8 -9997 0.7 0.0
C0G650 2004060118 28.5 -9997 0.0 0.0
C0G650 2004060119 28.0 -9997 0.3 0.0
C0G650 2004060120 27.7 -9997 0.0 0.0
C0G650 2004060121 27.3 -9997 0.0 0.0
C0G650 2004060122 26.9 -9997 0.0 0.0
C0G650 2004060123 26.9 -9997 0.0 0.0
C0G650 2004060124 26.6 -9997 0.0 0.0
C0G650 2004060201 26.4 -9997 0.0 0.0
C0G650 2004060202 26.3 -9997 0.0 0.0
C0G650 2004060203 26.3 -9997 0.0 0.0
C0G650 2004060204 26.2 -9997 0.0 0.0
C0G650 2004060205 26.0 -9997 0.0 0.0
C0G650 2004060206 26.0 -9997 0.0 0.0
C0G650 2004060207 26.9 -9997 0.0 0.0
C0G650 2004060208 26.9 -9997 0.2 -9997
C0G650 2004060209 27.0 -9997 0.0 1.0
C0G650 2004060210 28.8 -9997 0.1 0.0
C0G650 2004060211 30.1 -9997 0.1 0.0
C0G650 2004060212 30.7 -9997 0.0 0.0
C0G650 2004060213 33.2 -9997 0.1 0.0
C0G650 2004060214 30.3 -9997 0.8 0.0
C0G650 2004060215 30.0 -9997 0.6 0.0
C0G650 2004060216 30.5 -9997 0.3 0.0
C0G650 2004060217 29.3 -9997 0.5 0.0
C0G650 2004060218 28.6 -9997 0.2 0.0
C0G650 2004060219 27.9 -9997 0.1 0.0
C0G650 2004060220 27.4 -9997 0.1 0.0
C0G650 2004060221 26.6 -9997 -9997 0.0
C0G650 2004060222 26.1 -9997 0.0 0.0
C0G650 2004060223 26.1 -9997 0.1 0.0
C0G650 2004060224 25.6 -9997 0.0 0.0
C0G650 2004060301 25.5 -9997 0.0 -9997
C0G650 2004060302 25.8 -9997 0.0 0.0
C0G650 2004060303 25.9 -9997 0.0 0.0
C0G650 2004060304 25.2 -9997 0.0 0.0
C0G650 2004060305 25.2 -9997 0.0 0.0
C0G650 2004060306 25.5 -9997 0.0 0.0
C0G650 2004060307 27.0 -9997 0.0 0.0
C0G650 2004060308 28.9 -9997 0.1 0.0
C0G650 2004060309 29.2 -9997 0.0 0.0
C0G650 2004060310 29.3 -9997 0.4 0.0
C0G650 2004060311 29.4 -9997 1.1 0.0
C0G650 2004060312 31.2 -9997 0.3 0.0
C0G650 2004060313 31.3 -9997 1.3 0.0
C0G650 2004060314 31.3 -9997 1.1 0.0
C0G650 2004060315 31.2 -9997 1.4 0.0
C0G650 2004060316 30.5 -9997 0.3 0.0
C0G650 2004060317 29.7 -9997 0.3 0.0
C0G650 2004060318 29.1 -9997 0.6 0.0
C0G650 2004060319 27.4 -9997 0.5 0.0
C0G650 2004060320 26.4 -9997 0.7 0.0
C0G650 2004060321 25.5 -9997 0.0 0.0
C0G650 2004060322 25.2 -9997 0.7 0.0
C0G650 2004060323 24.7 -9997 0.0 0.0
C0G650 2004060324 24.4 -9997 0.0 0.0
C0G650 2004060401 24.2 -9997 0.0 0.0
C0G650 2004060402 24.1 -9997 0.0 0.0
C0G650 2004060403 23.6 -9997 0.0 0.0
C0G650 2004060404 24.5 -9997 0.0 0.0
C0G650 2004060405 24.4 -9997 0.0 0.0
C0G650 2004060406 24.8 -9997 0.0 0.0
C0G650 2004060407 25.5 -9997 0.6 0.0
C0G650 2004060408 26.8 -9997 0.0 0.0
C0G650 2004060409 28.7 -9997 0.1 0.0
C0G650 2004060410 30.3 -9997 0.6 0.0
C0G650 2004060411 31.3 -9997 0.4 0.0
C0G650 2004060412 31.2 -9997 1.3 0.0
C0G650 2004060413 31.7 -9997 1.0 0.0
C0G650 2004060414 32.2 -9997 0.5 0.0
C0G650 2004060415 31.5 -9997 0.6 0.0
C0G650 2004060416 30.8 -9997 1.5 0.0
C0G650 2004060417 30.5 -9997 1.2 0.0
C0G650 2004060418 29.7 -9997 0.4 0.0
C0G650 2004060419 28.3 -9997 0.0 0.0
C0G650 2004060420 27.5 -9997 0.0 0.0
C0G650 2004060421 26.0 -9997 0.0 0.0
C0G650 2004060422 25.5 -9997 0.0 0.0
C0G650 2004060423 24.8 -9997 0.0 0.0
C0G650 2004060424 24.8 -9997 0.0 0.0
C0G650 2004060501 24.5 -9997 0.0 0.0
C0G650 2004060502 24.5 -9997 0.0 0.0
C0G650 2004060503 24.5 -9997 0.0 0.0
C0G650 2004060504 23.3 -9997 0.0 0.0
C0G650 2004060505 -9997 -9997 -9997 0.0
C0G650 2004060506 23.7 -9997 0.0 0.0
C0G650 2004060507 25.1 -9997 0.0 0.0
C0G650 2004060508 26.2 -9997 0.0 0.0
C0G650 2004060509 27.0 -9997 0.2 0.0
C0G650 2004060510 29.0 -9997 0.5 0.0
C0G650 2004060511 -9997 -9997 0.0 0.0
C0G650 2004060512 29.9 -9997 0.4 0.0
C0G650 2004060513 31.3 -9997 0.7 0.0
C0G650 2004060514 30.8 -9997 0.5 0.0
C0G650 2004060515 30.3 -9997 0.9 0.0
C0G650 2004060516 30.0 -9997 0.2 0.0
C0G650 2004060517 29.6 -9997 0.7 0.0
C0G650 2004060518 28.7 -9997 0.6 0.0
C0G650 2004060519 27.1 -9997 0.1 0.0
C0G650 2004060520 26.5 -9997 0.0 0.0
C0G650 2004060521 26.1 -9997 0.1 0.0
C0G650 2004060522 25.5 -9997 0.0 0.0
C0G650 2004060523 25.1 -9997 0.0 0.0
C0G650 2004060524 25.1 -9997 0.0 0.0
C0G650 2004060601 24.8 -9997 0.0 0.0
C0G650 2004060602 24.2 -9997 0.0 0.0
C0G650 2004060603 23.2 -9997 0.0 0.0
C0G650 2004060604 23.0 -9997 0.0 0.0
C0G650 2004060605 22.9 -9997 0.0 0.0
C0G650 2004060606 23.0 -9997 0.0 0.0
C0G650 2004060607 25.2 -9997 0.0 0.0
C0G650 2004060608 28.4 -9997 0.1 0.0
C0G650 2004060609 30.0 -9997 0.1 0.0
C0G650 2004060610 31.0 -9997 1.0 0.0
C0G650 2004060611 31.7 -9997 1.4 0.0
C0G650 2004060612 31.8 -9997 1.5 0.0
C0G650 2004060613 30.6 -9997 0.6 0.0
C0G650 2004060614 31.8 -9997 0.6 0.0
C0G650 2004060615 30.8 -9997 0.9 0.0
C0G650 2004060616 30.6 -9997 0.3 0.0
C0G650 2004060617 29.4 -9997 0.3 0.0
C0G650 2004060618 28.4 -9997 0.3 0.0
C0G650 2004060619 27.5 -9997 0.1 0.0
C0G650 2004060620 27.1 -9997 0.0 0.0
C0G650 2004060621 25.8 -9997 0.0 0.0
C0G650 2004060622 25.3 -9997 0.0 0.0
C0G650 2004060623 25.0 -9997 0.0 0.0
C0G650 2004060624 24.9 -9997 0.0 0.0
C0G650 2004060701 24.6 -9997 0.0 0.0
C0G650 2004060702 24.5 -9997 0.0 0.0
C0G650 2004060703 24.3 -9997 0.0 0.0
C0G650 2004060704 24.2 -9997 0.0 0.0
C0G650 2004060705 23.5 -9997 0.0 0.0
C0G650 2004060706 24.0 -9997 0.0 0.0
C0G650 2004060707 25.9 -9997 0.1 0.0
C0G650 2004060708 28.1 -9997 0.0 0.0
C0G650 2004060709 29.8 -9997 0.1 0.0
C0G650 2004060710 30.1 -9997 0.5 0.0
C0G650 2004060711 30.0 -9997 0.6 0.0
C0G650 2004060712 30.8 -9997 0.1 0.0
C0G650 2004060713 31.1 -9997 0.2 0.0
C0G650 2004060714 31.6 -9997 0.6 0.0
C0G650 2004060715 30.0 -9997 0.4 0.0
C0G650 2004060716 29.0 -9997 0.9 0.0
C0G650 2004060717 28.5 -9997 0.2 0.0
C0G650 2004060718 26.9 -9997 0.0 0.0
C0G650 2004060719 26.4 -9997 0.0 0.0
C0G650 2004060720 26.1 -9997 0.3 0.0
C0G650 2004060721 25.9 -9997 0.0 0.0
C0G650 2004060722 25.5 -9997 0.0 0.0
C0G650 2004060723 25.7 -9997 0.1 0.0
C0G650 2004060724 25.3 -9997 0.0 0.0
C0G650 2004060801 25.3 -9997 0.0 0.0
C0G650 2004060802 25.4 -9997 0.0 0.0
C0G650 2004060803 25.3 -9997 0.0 0.0
C0G650 2004060804 24.8 -9997 -9997 0.0
C0G650 2004060805 24.6 -9997 0.0 0.0
C0G650 2004060806 24.9 -9997 0.0 0.0
C0G650 2004060807 25.3 -9997 0.4 0.0
C0G650 2004060808 26.4 -9997 0.0 0.0
C0G650 2004060809 28.2 -9997 0.0 0.0
C0G650 2004060810 28.5 -9997 0.5 0.0
C0G650 2004060811 29.7 -9997 0.2 0.0
C0G650 2004060812 30.4 -9997 0.3 0.0
C0G650 2004060813 30.9 -9997 0.4 0.0
C0G650 2004060814 28.5 -9997 0.9 0.0
C0G650 2004060815 28.6 -9997 0.1 0.0
C0G650 2004060816 28.8 -9997 0.3 0.0
C0G650 2004060817 27.7 -9997 0.8 0.0
C0G650 2004060818 27.4 -9997 0.1 0.0
C0G650 2004060819 26.6 -9997 0.0 0.0
C0G650 2004060820 26.0 -9997 0.1 0.0
C0G650 2004060821 26.0 -9997 0.3 0.0
C0G650 2004060822 25.6 -9997 0.2 0.0
C0G650 2004060823 25.3 -9997 0.0 0.0
C0G650 2004060824 25.3 -9997 0.0 0.0
C0G650 2004060901 25.5 -9997 0.0 0.0
C0G650 2004060902 24.5 -9997 0.0 0.0
C0G650 2004060903 23.9 -9997 0.0 0.0
C0G650 2004060904 23.9 -9997 0.1 0.0
C0G650 2004060905 23.5 -9997 0.0 0.0
C0G650 2004060906 24.1 -9997 0.2 0.0
C0G650 2004060907 25.2 -9997 0.3 0.0
C0G650 2004060908 26.5 -9997 0.2 0.0
C0G650 2004060909 26.9 -9997 0.1 0.0
C0G650 2004060910 27.6 -9997 0.9 0.0
C0G650 2004060911 29.5 -9997 0.4 0.0
C0G650 2004060912 30.0 -9997 0.1 0.0
C0G650 2004060913 28.6 -9997 0.1 0.0
C0G650 2004060914 29.4 -9997 0.1 0.0
C0G650 2004060915 31.0 -9997 0.4 0.0
C0G650 2004060916 30.5 -9997 0.3 0.0
C0G650 2004060917 28.8 -9997 0.7 0.0
C0G650 2004060918 26.8 -9997 0.3 0.0
C0G650 2004060919 26.5 -9997 0.0 0.0
C0G650 2004060920 25.8 -9997 0.0 0.0
C0G650 2004060921 25.7 -9997 0.7 0.0
C0G650 2004060922 25.4 -9997 0.1 0.0
C0G650 2004060923 25.0 -9997 0.0 0.0
C0G650 2004060924 25.1 -9997 0.0 0.0
C0G650 2004061001 24.9 -9997 0.0 0.0
C0G650 2004061002 24.8 -9997 0.3 0.0
C0G650 2004061003 24.6 -9997 0.1 0.0
C0G650 2004061004 24.6 -9997 0.4 0.0
C0G650 2004061005 -9997 -9997 -9997 0.0
C0G650 2004061006 24.3 -9997 0.0 0.0
C0G650 2004061007 24.9 -9997 0.0 0.0
C0G650 2004061008 25.4 -9997 0.3 0.0
C0G650 2004061009 27.1 -9997 0.1 0.0
C0G650 2004061010 27.2 -9997 0.4 0.0
C0G650 2004061011 29.2 -9997 0.0 0.0
C0G650 2004061012 31.0 -9997 0.6 0.0
C0G650 2004061013 31.3 -9997 1.0 0.0
C0G650 2004061014 31.2 -9997 1.1 0.0
C0G650 2004061015 31.7 -9997 0.5 0.0
C0G650 2004061016 31.5 -9997 0.5 0.0
C0G650 2004061017 30.2 -9997 0.2 0.0
C0G650 2004061018 29.4 -9997 0.4 0.0
C0G650 2004061019 27.9 -9997 0.2 0.0
C0G650 2004061020 27.0 -9997 0.2 0.0
C0G650 2004061021 26.3 -9997 0.0 0.0
C0G650 2004061022 25.7 -9997 0.0 0.0
C0G650 2004061023 25.6 -9997 0.3 0.0
C0G650 2004061024 25.3 -9997 0.0 0.0
C0G650 2004061101 24.8 -9997 0.0 0.0
C0G650 2004061102 24.1 -9997 0.0 0.0
C0G650 2004061103 24.6 -9997 0.0 0.0
C0G650 2004061104 24.7 -9997 0.0 0.0
C0G650 2004061105 24.9 -9997 0.0 0.0
C0G650 2004061106 25.0 -9997 0.0 0.0
C0G650 2004061107 24.9 -9997 0.0 0.0
C0G650 2004061108 26.1 -9997 0.3 0.0
C0G650 2004061109 27.6 -9997 0.0 0.0
C0G650 2004061110 30.0 -9997 0.0 0.0
C0G650 2004061111 31.6 -9997 0.6 0.0
C0G650 2004061112 31.9 -9997 0.2 0.0
C0G650 2004061113 33.0 -9997 0.4 0.0
C0G650 2004061114 33.6 -9997 0.2 0.0
C0G650 2004061115 33.1 -9997 0.4 0.0
C0G650 2004061116 31.3 -9997 0.1 0.0
C0G650 2004061117 30.3 -9997 0.6 0.0
C0G650 2004061118 28.5 -9997 0.0 0.0
C0G650 2004061119 28.1 -9997 0.0 0.0
C0G650 2004061120 27.0 -9997 0.0 0.0
C0G650 2004061121 27.2 -9997 0.0 0.0
C0G650 2004061122 26.7 -9997 0.0 0.0
C0G650 2004061123 26.1 -9997 0.0 0.0
C0G650 2004061124 25.0 -9997 0.0 0.0
C0G650 2004061201 24.7 -9997 0.0 0.0
C0G650 2004061202 24.0 -9997 0.0 0.0
C0G650 2004061203 24.1 -9997 0.0 0.0
C0G650 2004061204 24.8 -9997 0.0 0.0
C0G650 2004061205 24.7 -9997 0.0 0.0
C0G650 2004061206 25.0 -9997 0.0 0.0
C0G650 2004061207 26.7 -9997 0.0 0.0
C0G650 2004061208 28.6 -9997 0.3 0.0
C0G650 2004061209 30.0 -9997 0.2 0.0
C0G650 2004061210 31.2 -9997 0.7 0.0
C0G650 2004061211 32.2 -9997 0.5 0.0
C0G650 2004061212 33.1 -9997 0.5 0.0
C0G650 2004061213 33.2 -9997 0.7 0.0
C0G650 2004061214 33.9 -9997 0.5 0.0
C0G650 2004061215 33.6 -9997 0.5 0.0
C0G650 2004061216 32.7 -9997 1.2 0.0
C0G650 2004061217 31.3 -9997 0.3 0.0
C0G650 2004061218 30.3 -9997 0.6 0.0
C0G650 2004061219 28.4 -9997 0.1 0.0
C0G650 2004061220 27.3 -9997 0.3 0.0
C0G650 2004061221 25.5 -9997 0.0 0.0
C0G650 2004061222 24.7 -9997 0.0 0.0
C0G650 2004061223 23.6 -9997 0.0 0.0
C0G650 2004061224 23.6 -9997 0.0 0.0
C0G650 2004061301 23.7 -9997 0.0 0.0
C0G650 2004061302 23.0 -9997 0.0 0.0
C0G650 2004061303 23.8 -9997 0.0 0.0
C0G650 2004061304 24.2 -9997 0.0 0.0
C0G650 2004061305 23.8 -9997 0.0 0.0
C0G650 2004061306 23.9 -9997 0.0 0.0
C0G650 2004061307 26.3 -9997 0.2 0.0
C0G650 2004061308 28.3 -9997 0.1 0.0
C0G650 2004061309 30.1 -9997 0.1 0.0
C0G650 2004061310 30.9 -9997 0.8 0.0
C0G650 2004061311 31.1 -9997 0.3 0.0
C0G650 2004061312 31.5 -9997 1.3 0.0
C0G650 2004061313 32.1 -9997 1.2 0.0
C0G650 2004061314 31.4 -9997 0.3 0.0
C0G650 2004061315 31.9 -9997 0.7 0.0
C0G650 2004061316 31.2 -9997 0.5 0.0
C0G650 2004061317 30.4 -9997 0.2 0.0
C0G650 2004061318 28.9 -9997 0.3 0.0
C0G650 2004061319 27.0 -9997 0.0 0.0
C0G650 2004061320 25.9 -9997 0.0 0.0
C0G650 2004061321 25.2 -9997 0.0 0.0
C0G650 2004061322 24.8 -9997 0.0 0.0
C0G650 2004061323 25.0 -9997 0.0 0.0
C0G650 2004061324 25.0 -9997 0.0 0.0
C0G650 2004061401 25.2 -9997 0.0 0.0
C0G650 2004061402 25.3 -9997 0.0 0.0
C0G650 2004061403 -9997 -9997 0.0 0.0
C0G650 2004061404 25.3 -9997 0.2 0.0
C0G650 2004061405 25.0 -9997 0.0 0.0
C0G650 2004061406 25.0 -9997 0.0 0.0
C0G650 2004061407 26.2 -9997 0.1 0.0
C0G650 2004061408 27.6 -9997 1.1 0.0
C0G650 2004061409 28.0 -9997 1.3 0.0
C0G650 2004061410 30.1 -9997 0.5 0.0
C0G650 2004061411 30.9 -9997 1.3 0.0
C0G650 2004061412 30.1 -9997 1.7 0.0
C0G650 2004061413 32.0 -9997 0.4 0.0
C0G650 2004061414 32.3 -9997 1.3 0.0
C0G650 2004061415 31.9 -9997 0.7 0.0
C0G650 2004061416 30.8 -9997 0.5 0.0
C0G650 2004061417 28.8 -9997 0.3 0.0
C0G650 2004061418 27.9 -9997 0.1 0.0
C0G650 2004061419 -9997 -9997 -9997 0.0
C0G650 2004061420 26.8 -9997 0.0 0.0
C0G650 2004061421 25.7 -9997 0.0 0.0
C0G650 2004061422 24.8 -9997 0.0 0.0
C0G650 2004061423 24.5 -9997 0.0 0.0
C0G650 2004061424 25.1 -9997 0.0 0.0
C0G650 2004061501 25.2 -9997 0.0 -9997
C0G650 2004061502 25.4 -9997 0.0 0.0
C0G650 2004061503 24.9 -9997 0.0 0.0
C0G650 2004061504 24.4 -9997 0.0 0.0
C0G650 2004061505 24.2 -9997 0.0 0.0
C0G650 2004061506 24.8 -9997 0.0 0.0
C0G650 2004061507 26.0 -9997 0.0 0.0
C0G650 2004061508 26.1 -9997 0.0 0.0
C0G650 2004061509 27.4 -9997 0.1 0.0
C0G650 2004061510 29.0 -9997 0.9 0.0
C0G650 2004061511 30.1 -9997 0.9 0.0
C0G650 2004061512 31.4 -9997 0.9 0.0
C0G650 2004061513 29.9 -9997 0.4 0.0
C0G650 2004061514 31.2 -9997 1.1 0.0
C0G650 2004061515 30.8 -9997 0.2 0.0
C0G650 2004061516 29.5 -9997 0.3 0.0
C0G650 2004061517 29.4 -9997 0.3 0.0
C0G650 2004061518 28.2 -9997 0.1 0.0
C0G650 2004061519 26.9 -9997 0.0 0.0
C0G650 2004061520 26.1 -9997 0.0 0.0
C0G650 2004061521 25.5 -9997 0.0 0.0
C0G650 2004061522 24.2 -9997 0.0 0.0
C0G650 2004061523 23.8 -9997 0.0 0.0
C0G650 2004061524 24.3 -9997 0.0 0.0
C0G650 2004061601 25.1 -9997 0.0 0.0
C0G650 2004061602 24.6 -9997 0.0 0.0
C0G650 2004061603 23.6 -9997 0.0 0.0
C0G650 2004061604 22.8 -9997 0.0 0.0
C0G650 2004061605 22.3 -9997 0.0 0.0
C0G650 2004061606 23.2 -9997 0.0 0.0
C0G650 2004061607 25.6 -9997 0.0 0.0
C0G650 2004061608 29.2 -9997 0.0 0.0
C0G650 2004061609 30.1 -9997 0.7 0.0
C0G650 2004061610 30.9 -9997 0.6 0.0
C0G650 2004061611 31.2 -9997 0.7 0.0
C0G650 2004061612 31.2 -9997 1.1 0.0
C0G650 2004061613 31.6 -9997 0.1 0.0
C0G650 2004061614 32.4 -9997 0.6 0.0
C0G650 2004061615 32.2 -9997 1.9 0.0
C0G650 2004061616 31.0 -9997 1.2 0.0
C0G650 2004061617 30.2 -9997 0.4 0.0
C0G650 2004061618 28.9 -9997 0.5 0.0
C0G650 2004061619 27.5 -9997 0.0 0.0
C0G650 2004061620 26.5 -9997 0.0 0.0
C0G650 2004061621 25.7 -9997 0.0 0.0
C0G650 2004061622 25.6 -9997 0.0 0.0
C0G650 2004061623 26.0 -9997 0.0 0.0
C0G650 2004061624 26.3 -9997 0.0 0.0
C0G650 2004061701 25.7 -9997 0.0 0.0
C0G650 2004061702 25.7 -9997 0.0 0.0
C0G650 2004061703 25.1 -9997 0.0 0.0
C0G650 2004061704 25.3 -9997 1.5 0.0
C0G650 2004061705 24.8 -9997 0.0 0.0
C0G650 2004061706 24.9 -9997 0.0 0.0
C0G650 2004061707 26.7 -9997 0.9 0.0
C0G650 2004061708 28.8 -9997 1.4 0.0
C0G650 2004061709 29.7 -9997 0.5 0.0
C0G650 2004061710 29.7 -9997 0.6 0.0
C0G650 2004061711 28.1 -9997 0.0 0.0
C0G650 2004061712 30.3 -9997 0.0 0.0
C0G650 2004061713 32.1 -9997 0.1 0.0
C0G650 2004061714 30.6 -9997 0.5 0.0
C0G650 2004061715 31.2 -9997 0.0 0.0
C0G650 2004061716 32.9 -9997 0.2 0.0
C0G650 2004061717 31.1 -9997 1.1 0.0
C0G650 2004061718 29.3 -9997 0.7 0.0
C0G650 2004061719 28.2 -9997 0.0 0.0
C0G650 2004061720 -9997 -9997 -9997 0.0
C0G650 2004061721 26.6 -9997 0.0 0.0
C0G650 2004061722 26.0 -9997 0.0 0.0
C0G650 2004061723 25.6 -9997 0.0 0.0
C0G650 2004061724 25.2 -9997 0.0 0.0
C0G650 2004061801 24.8 -9997 0.0 0.0
C0G650 2004061802 24.4 -9997 0.0 0.0
C0G650 2004061803 24.3 -9997 0.0 0.0
C0G650 2004061804 24.3 -9997 0.0 0.0
C0G650 2004061805 24.1 -9997 0.0 0.0
C0G650 2004061806 24.8 -9997 0.0 0.0
C0G650 2004061807 27.0 -9997 0.0 0.0
C0G650 2004061808 29.0 -9997 0.5 0.0
C0G650 2004061809 30.6 -9997 0.8 0.0
C0G650 2004061810 31.7 -9997 0.9 0.0
C0G650 2004061811 31.5 -9997 0.9 0.0
C0G650 2004061812 30.5 -9997 0.9 0.0
C0G650 2004061813 30.6 -9997 0.5 0.0
C0G650 2004061814 30.9 -9997 0.3 0.0
C0G650 2004061815 32.0 -9997 0.6 0.0
C0G650 2004061816 32.1 -9997 0.1 0.0
C0G650 2004061817 31.5 -9997 1.0 0.0
C0G650 2004061818 30.3 -9997 0.1 0.0
C0G650 2004061819 29.2 -9997 0.0 0.0
C0G650 2004061820 28.6 -9997 0.0 0.0
C0G650 2004061821 27.8 -9997 0.0 0.0
C0G650 2004061822 27.1 -9997 0.0 0.0
C0G650 2004061823 26.9 -9997 0.0 0.0
C0G650 2004061824 26.4 -9997 0.0 0.0
C0G650 2004061901 26.4 -9997 0.0 -9997
C0G650 2004061902 26.4 -9997 0.0 0.0
C0G650 2004061903 26.3 -9997 0.0 0.0
C0G650 2004061904 25.8 -9997 -9997 0.0
C0G650 2004061905 26.4 -9997 0.0 0.0
C0G650 2004061906 26.2 -9997 0.0 0.0
C0G650 2004061907 27.8 -9997 1.0 0.0
C0G650 2004061908 28.7 -9997 1.2 0.0
C0G650 2004061909 31.1 -9997 0.7 0.0
C0G650 2004061910 29.9 -9997 1.0 0.0
C0G650 2004061911 30.1 -9997 1.6 0.0
C0G650 2004061912 31.0 -9997 1.3 0.0
C0G650 2004061913 32.3 -9997 1.3 0.0
C0G650 2004061914 33.3 -9997 0.9 0.0
C0G650 2004061915 33.4 -9997 1.6 0.0
C0G650 2004061916 33.9 -9997 1.7 0.0
C0G650 2004061917 32.4 -9997 2.0 0.0
C0G650 2004061918 30.7 -9997 1.7 0.0
C0G650 2004061919 29.1 -9997 0.6 0.0
C0G650 2004061920 28.1 -9997 0.8 0.0
C0G650 2004061921 27.8 -9997 0.0 0.0
C0G650 2004061922 27.3 -9997 0.5 0.0
C0G650 2004061923 26.5 -9997 0.1 0.0
C0G650 2004061924 26.1 -9997 0.1 0.0
C0G650 2004062001 25.9 -9997 0.0 0.0
C0G650 2004062002 26.2 -9997 0.2 0.0
C0G650 2004062003 26.7 -9997 0.0 0.0
C0G650 2004062004 26.6 -9997 0.0 0.0
C0G650 2004062005 26.8 -9997 0.0 0.0
C0G650 2004062006 27.3 -9997 0.8 0.0
C0G650 2004062007 28.5 -9997 1.2 0.0
C0G650 2004062008 28.9 -9997 2.8 0.0
C0G650 2004062009 27.7 -9997 2.6 2.0
C0G650 2004062010 29.1 -9997 2.3 0.0
C0G650 2004062011 27.2 -9997 2.2 5.0
C0G650 2004062012 28.0 -9997 2.3 0.0
C0G650 2004062013 30.0 -9997 3.5 0.0
C0G650 2004062014 29.9 -9997 2.8 0.0
C0G650 2004062015 31.7 -9997 2.5 0.0
C0G650 2004062016 31.1 -9997 1.9 0.0
C0G650 2004062017 30.8 -9997 1.4 0.0
C0G650 2004062018 30.3 -9997 2.3 0.0
C0G650 2004062019 28.7 -9997 1.0 0.0
C0G650 2004062020 28.3 -9997 1.6 0.0
C0G650 2004062021 27.2 -9997 0.6 0.0
C0G650 2004062022 -9997 -9997 -9997 0.0
C0G650 2004062023 27.1 -9997 0.9 0.0
C0G650 2004062024 26.9 -9997 0.0 0.0
C0G650 2004062101 26.6 -9997 0.3 0.0
C0G650 2004062102 26.0 -9997 0.1 0.0
C0G650 2004062103 25.7 -9997 0.0 0.0
C0G650 2004062104 25.9 -9997 1.1 0.0
C0G650 2004062105 26.0 -9997 0.8 0.0
C0G650 2004062106 26.5 -9997 0.9 0.0
C0G650 2004062107 28.0 -9997 1.4 0.0
C0G650 2004062108 29.0 -9997 2.6 0.0
C0G650 2004062109 29.1 -9997 2.1 0.0
C0G650 2004062110 30.6 -9997 2.4 0.0
C0G650 2004062111 26.3 -9997 2.2 3.0
C0G650 2004062112 27.6 -9997 1.2 2.5
C0G650 2004062113 29.2 -9997 1.8 0.0
C0G650 2004062114 31.1 -9997 3.1 0.5
C0G650 2004062115 28.7 -9997 1.9 1.0
C0G650 2004062116 29.2 -9997 1.5 0.0
C0G650 2004062117 28.3 -9997 1.9 0.5
C0G650 2004062118 27.8 -9997 0.0 0.5
C0G650 2004062119 26.7 -9997 0.0 0.0
C0G650 2004062120 26.5 -9997 0.0 0.0
C0G650 2004062121 26.3 -9997 0.1 0.0
C0G650 2004062122 26.5 -9997 0.0 0.0
C0G650 2004062123 26.6 -9997 0.1 0.0
C0G650 2004062124 26.3 -9997 0.0 0.0
C0G650 2004062201 26.2 -9997 0.0 0.0
C0G650 2004062202 25.4 -9997 0.0 0.0
C0G650 2004062203 25.0 -9997 0.0 0.0
C0G650 2004062204 24.8 -9997 0.0 0.0
C0G650 2004062205 24.7 -9997 0.0 0.0
C0G650 2004062206 26.5 -9997 0.0 0.0
C0G650 2004062207 28.4 -9997 0.0 0.0
C0G650 2004062208 29.6 -9997 0.7 0.0
C0G650 2004062209 29.0 -9997 1.3 0.0
C0G650 2004062210 29.8 -9997 1.7 0.0
C0G650 2004062211 32.4 -9997 2.3 0.0
C0G650 2004062212 31.3 -9997 2.6 0.0
C0G650 2004062213 33.2 -9997 2.4 0.0
C0G650 2004062214 32.6 -9997 1.3 0.0
C0G650 2004062215 32.6 -9997 2.5 0.0
C0G650 2004062216 31.2 -9997 1.7 0.0
C0G650 2004062217 30.4 -9997 1.7 0.0
C0G650 2004062218 30.1 -9997 1.2 0.0
C0G650 2004062219 28.6 -9997 1.1 0.0
C0G650 2004062220 27.6 -9997 0.0 0.0
C0G650 2004062221 26.9 -9997 0.0 0.0
C0G650 2004062222 26.8 -9997 0.0 0.0
C0G650 2004062223 26.4 -9997 0.0 0.0
C0G650 2004062224 26.7 -9997 0.0 0.0
C0G650 2004062301 26.4 -9997 0.0 0.0
C0G650 2004062302 26.3 -9997 0.0 0.0
C0G650 2004062303 25.9 -9997 0.0 0.0
C0G650 2004062304 25.4 -9997 0.0 0.0
C0G650 2004062305 25.1 -9997 0.0 0.0
C0G650 2004062306 25.1 -9997 0.0 0.0
C0G650 2004062307 27.6 -9997 0.0 0.0
C0G650 2004062308 29.6 -9997 1.5 0.0
C0G650 2004062309 30.6 -9997 1.8 0.0
C0G650 2004062310 32.7 -9997 2.8 0.0
C0G650 2004062311 34.3 -9997 2.4 0.0
C0G650 2004062312 35.0 -9997 2.4 0.0
C0G650 2004062313 35.0 -9997 1.9 0.0
C0G650 2004062314 34.4 -9997 3.2 0.0
C0G650 2004062315 33.0 -9997 3.4 0.0
C0G650 2004062316 32.9 -9997 2.3 0.0
C0G650 2004062317 32.3 -9997 1.4 0.0
C0G650 2004062318 31.3 -9997 1.8 0.0
C0G650 2004062319 30.3 -9997 0.3 0.0
C0G650 2004062320 29.7 -9997 1.1 0.0
C0G650 2004062321 28.8 -9997 0.5 0.0
C0G650 2004062322 28.2 -9997 0.6 0.0
C0G650 2004062323 27.4 -9997 0.0 0.0
C0G650 2004062324 27.2 -9997 0.4 0.0
C0G650 2004062401 26.6 -9997 0.0 0.0
C0G650 2004062402 26.3 -9997 0.0 0.0
C0G650 2004062403 26.0 -9997 0.0 0.0
C0G650 2004062404 25.7 -9997 0.0 0.0
C0G650 2004062405 25.4 -9997 0.0 0.0
C0G650 2004062406 26.0 -9997 0.0 0.0
C0G650 2004062407 28.2 -9997 1.6 0.0
C0G650 2004062408 30.0 -9997 2.0 0.0
C0G650 2004062409 32.1 -9997 1.9 0.0
C0G650 2004062410 33.2 -9997 2.2 0.0
C0G650 2004062411 33.9 -9997 3.3 0.0
C0G650 2004062412 33.7 -9997 3.1 0.0
C0G650 2004062413 34.4 -9997 3.0 0.0
C0G650 2004062414 34.6 -9997 3.0 0.0
C0G650 2004062415 34.2 -9997 3.3 0.0
C0G650 2004062416 33.7 -9997 1.9 0.0
C0G650 2004062417 32.5 -9997 2.6 0.0
C0G650 2004062418 31.6 -9997 1.5 0.0
C0G650 2004062419 30.4 -9997 0.8 0.0
C0G650 2004062420 29.3 -9997 0.0 0.0
C0G650 2004062421 28.1 -9997 0.0 0.0
C0G650 2004062422 28.4 -9997 -9997 0.0
C0G650 2004062423 27.9 -9997 0.1 0.0
C0G650 2004062424 26.6 -9997 0.0 0.0
C0G650 2004062501 26.2 -9997 0.0 0.0
C0G650 2004062502 25.6 -9997 0.0 0.0
C0G650 2004062503 25.1 -9997 0.0 0.0
C0G650 2004062504 25.0 -9997 0.0 0.0
C0G650 2004062505 25.0 -9997 0.0 0.0
C0G650 2004062506 26.9 -9997 0.0 0.0
C0G650 2004062507 28.0 -9997 0.0 0.0
C0G650 2004062508 30.6 -9997 0.7 0.0
C0G650 2004062509 32.0 -9997 1.4 0.0
C0G650 2004062510 32.7 -9997 2.6 0.0
C0G650 2004062511 34.2 -9997 3.2 0.0
C0G650 2004062512 34.2 -9997 3.2 0.0
C0G650 2004062513 34.4 -9997 2.6 0.0
C0G650 2004062514 34.7 -9997 2.7 0.0
C0G650 2004062515 33.4 -9997 2.0 0.0
C0G650 2004062516 32.5 -9997 1.4 0.0
C0G650 2004062517 31.4 -9997 1.6 0.0
C0G650 2004062518 31.3 -9997 0.6 0.0
C0G650 2004062519 30.3 -9997 0.1 0.0
C0G650 2004062520 29.3 -9997 0.0 0.0
C0G650 2004062521 28.1 -9997 0.0 0.0
C0G650 2004062522 27.4 -9997 0.0 0.0
C0G650 2004062523 26.9 -9997 0.0 0.0
C0G650 2004062524 26.4 -9997 0.0 0.0
C0G650 2004062601 26.6 -9997 0.0 0.0
C0G650 2004062602 26.2 -9997 0.0 0.0
C0G650 2004062603 25.7 -9997 0.0 0.0
C0G650 2004062604 25.2 -9997 0.0 0.0
C0G650 2004062605 24.9 -9997 0.0 0.0
C0G650 2004062606 25.9 -9997 0.0 0.0
C0G650 2004062607 28.0 -9997 0.0 0.0
C0G650 2004062608 30.6 -9997 0.5 0.0
C0G650 2004062609 32.2 -9997 1.1 0.0
C0G650 2004062610 32.8 -9997 1.6 0.0
C0G650 2004062611 33.4 -9997 0.9 0.0
C0G650 2004062612 32.5 -9997 0.4 0.0
C0G650 2004062613 32.2 -9997 1.4 0.0
C0G650 2004062614 32.2 -9997 0.2 0.0
C0G650 2004062615 31.8 -9997 0.4 0.0
C0G650 2004062616 32.1 -9997 0.3 0.0
C0G650 2004062617 29.8 -9997 0.0 0.0
C0G650 2004062618 30.0 -9997 0.0 0.0
C0G650 2004062619 29.5 -9997 0.0 0.0
C0G650 2004062620 29.1 -9997 0.0 0.0
C0G650 2004062621 28.5 -9997 0.0 0.0
C0G650 2004062622 27.7 -9997 0.0 0.0
C0G650 2004062623 27.4 -9997 0.0 0.0
C0G650 2004062624 27.0 -9997 0.0 0.0
C0G650 2004062701 26.8 -9997 0.0 0.0
C0G650 2004062702 26.9 -9997 0.0 0.0
C0G650 2004062703 27.2 -9997 0.0 0.0
C0G650 2004062704 27.3 -9997 0.0 0.0
C0G650 2004062705 26.8 -9997 0.0 0.0
C0G650 2004062706 27.3 -9997 0.0 0.0
C0G650 2004062707 28.7 -9997 0.0 0.0
C0G650 2004062708 30.4 -9997 0.1 0.0
C0G650 2004062709 29.9 -9997 0.0 0.0
C0G650 2004062710 30.6 -9997 0.0 0.0
C0G650 2004062711 30.7 -9997 0.7 0.0
C0G650 2004062712 31.9 -9997 0.4 0.0
C0G650 2004062713 32.9 -9997 0.6 0.0
C0G650 2004062714 33.4 -9997 0.7 0.0
C0G650 2004062715 32.6 -9997 0.6 0.0
C0G650 2004062716 -9997 -9997 -9997 0.0
C0G650 2004062717 32.3 -9997 0.9 0.0
C0G650 2004062718 30.9 -9997 0.2 0.0
C0G650 2004062719 30.2 -9997 0.3 0.0
C0G650 2004062720 29.5 -9997 0.1 0.0
C0G650 2004062721 28.1 -9997 0.0 0.0
C0G650 2004062722 27.4 -9997 0.0 0.0
C0G650 2004062723 27.1 -9997 0.0 0.0
C0G650 2004062724 26.4 -9997 0.0 0.0
C0G650 2004062801 26.6 -9997 0.8 0.0
C0G650 2004062802 26.9 -9997 0.0 0.0
C0G650 2004062803 27.1 -9997 0.0 0.0
C0G650 2004062804 27.1 -9997 0.0 0.0
C0G650 2004062805 27.3 -9997 0.0 0.0
C0G650 2004062806 27.2 -9997 0.0 0.0
C0G650 2004062807 28.2 -9997 0.2 0.0
C0G650 2004062808 30.2 -9997 0.0 0.0
C0G650 2004062809 32.6 -9997 0.0 0.0
C0G650 2004062810 31.6 -9997 0.3 0.0
C0G650 2004062811 33.4 -9997 0.3 0.0
C0G650 2004062812 33.3 -9997 0.3 0.0
C0G650 2004062813 34.8 -9997 1.0 0.0
C0G650 2004062814 32.9 -9997 0.2 0.0
C0G650 2004062815 32.7 -9997 0.2 0.0
C0G650 2004062816 33.0 -9997 0.4 0.0
C0G650 2004062817 32.3 -9997 0.4 0.0
C0G650 2004062818 31.1 -9997 0.0 0.0
C0G650 2004062819 30.1 -9997 0.0 0.0
C0G650 2004062820 29.5 -9997 0.2 0.0
C0G650 2004062821 29.0 -9997 0.1 0.0
C0G650 2004062822 28.4 -9997 0.1 0.0
C0G650 2004062823 28.0 -9997 0.0 0.0
C0G650 2004062824 27.7 -9997 0.0 0.0
C0G650 2004062901 27.5 -9997 0.0 0.0
C0G650 2004062902 27.1 -9997 0.0 0.0
C0G650 2004062903 26.8 -9997 0.0 0.0
C0G650 2004062904 26.8 -9997 0.0 0.0
C0G650 2004062905 27.3 -9997 0.0 0.0
C0G650 2004062906 27.6 -9997 0.0 0.0
C0G650 2004062907 28.5 -9997 0.0 0.0
C0G650 2004062908 29.2 -9997 0.0 0.0
C0G650 2004062909 31.9 -9997 0.7 0.0
C0G650 2004062910 31.8 -9997 0.3 0.0
C0G650 2004062911 32.7 -9997 0.4 0.0
C0G650 2004062912 33.4 -9997 0.2 0.0
C0G650 2004062913 34.6 -9997 0.5 0.0
C0G650 2004062914 35.1 -9997 0.8 0.0
C0G650 2004062915 34.5 -9997 0.3 0.0
C0G650 2004062916 34.8 -9997 0.9 0.0
C0G650 2004062917 33.7 -9997 0.6 0.0
C0G650 2004062918 33.1 -9997 0.0 0.0
C0G650 2004062919 31.9 -9997 0.1 0.0
C0G650 2004062920 30.9 -9997 0.2 0.0
C0G650 2004062921 29.7 -9997 0.0 0.0
C0G650 2004062922 29.1 -9997 0.1 0.0
C0G650 2004062923 28.7 -9997 0.0 0.0
C0G650 2004062924 28.0 -9997 0.0 0.0
C0G650 2004063001 28.2 -9997 0.0 0.0
C0G650 2004063002 27.6 -9997 0.8 0.0
C0G650 2004063003 27.4 -9997 0.0 0.0
C0G650 2004063004 27.0 -9997 0.0 0.0
C0G650 2004063005 27.0 -9997 0.0 0.0
C0G650 2004063006 26.9 -9997 0.0 0.0
C0G650 2004063007 28.7 -9997 0.0 0.0
C0G650 2004063008 30.4 -9997 1.4 0.0
C0G650 2004063009 31.8 -9997 0.8 0.0
C0G650 2004063010 32.6 -9997 0.6 0.0
C0G650 2004063011 34.0 -9997 0.0 0.0
C0G650 2004063012 35.1 -9997 1.0 0.0
C0G650 2004063013 35.0 -9997 1.1 0.0
C0G650 2004063014 34.9 -9997 1.8 0.0
C0G650 2004063015 34.5 -9997 1.7 0.0
C0G650 2004063016 33.3 -9997 2.3 0.0
C0G650 2004063017 32.2 -9997 0.9 0.0
C0G650 2004063018 31.5 -9997 0.6 0.0
C0G650 2004063019 30.6 -9997 0.1 0.0
C0G650 2004063020 29.7 -9997 -9997 0.0
C0G650 2004063021 28.7 -9997 0.0 0.0
C0G650 2004063022 28.6 -9997 0.0 0.0
C0G650 2004063023 28.3 -9997 0.0 0.0
C0G650 2004063024 27.6 -9997 0.0 0.0
C0G660 2004060101 -9999 -9999 -9999 0.0
C0G660 2004060102 -9999 -9999 -9999 0.0
C0G660 2004060103 -9999 -9999 -9999 0.0
C0G660 2004060104 -9999 -9999 -9999 0.0
C0G660 2004060105 -9999 -9999 -9999 0.0
C0G660 2004060106 -9999 -9999 -9999 0.0
C0G660 2004060107 -9999 -9999 -9999 0.0
C0G660 2004060108 -9999 -9999 -9999 0.0
C0G660 2004060109 -9999 -9999 -9999 0.0
C0G660 2004060110 -9999 -9999 -9999 0.0
C0G660 2004060111 -9999 -9999 -9999 0.0
C0G660 2004060112 -9999 -9999 -9999 0.0
C0G660 2004060113 -9999 -9999 -9999 0.0
C0G660 2004060114 -9999 -9999 -9999 0.0
C0G660 2004060115 -9999 -9999 -9999 0.0
C0G660 2004060116 -9999 -9999 -9999 0.0
C0G660 2004060117 -9999 -9999 -9999 0.0
C0G660 2004060118 -9999 -9999 -9999 0.0
C0G660 2004060119 -9999 -9999 -9999 0.0
C0G660 2004060120 -9999 -9999 -9999 0.0
C0G660 2004060121 -9999 -9999 -9999 0.0
C0G660 2004060122 -9999 -9999 -9999 0.0
C0G660 2004060123 -9999 -9999 -9999 0.0
C0G660 2004060124 -9999 -9999 -9999 0.0
C0G660 2004060201 -9999 -9999 -9999 0.0
C0G660 2004060202 -9999 -9999 -9999 0.0
C0G660 2004060203 -9999 -9999 -9999 0.0
C0G660 2004060204 -9999 -9999 -9999 0.0
C0G660 2004060205 -9999 -9999 -9999 0.0
C0G660 2004060206 -9999 -9999 -9999 0.0
C0G660 2004060207 -9999 -9999 -9999 0.0
C0G660 2004060208 -9999 -9999 -9999 0.0
C0G660 2004060209 -9999 -9999 -9999 0.0
C0G660 2004060210 -9999 -9999 -9999 0.0
C0G660 2004060211 -9999 -9999 -9999 0.0
C0G660 2004060212 -9999 -9999 -9999 0.0
C0G660 2004060213 -9999 -9999 -9999 0.0
C0G660 2004060214 -9999 -9999 -9999 0.0
C0G660 2004060215 -9999 -9999 -9999 0.0
C0G660 2004060216 -9999 -9999 -9999 0.0
C0G660 2004060217 -9999 -9999 -9999 0.0
C0G660 2004060218 -9999 -9999 -9999 0.0
C0G660 2004060219 -9999 -9999 -9999 0.0
C0G660 2004060220 -9999 -9999 -9999 0.0
C0G660 2004060221 -9999 -9999 -9999 0.0
C0G660 2004060222 -9999 -9999 -9999 0.0
C0G660 2004060223 -9999 -9999 -9999 0.0
C0G660 2004060224 -9999 -9999 -9999 0.0
C0G660 2004060301 -9999 -9999 -9999 0.0
C0G660 2004060302 -9999 -9999 -9999 0.0
C0G660 2004060303 -9999 -9999 -9999 0.0
C0G660 2004060304 -9999 -9999 -9999 0.0
C0G660 2004060305 -9999 -9999 -9999 0.0
C0G660 2004060306 -9999 -9999 -9999 0.0
C0G660 2004060307 -9999 -9999 -9999 0.0
C0G660 2004060308 -9999 -9999 -9999 0.0
C0G660 2004060309 -9999 -9999 -9999 0.0
C0G660 2004060310 -9999 -9999 -9999 0.0
C0G660 2004060311 -9999 -9999 -9999 0.0
C0G660 2004060312 -9999 -9999 -9999 0.0
C0G660 2004060313 -9999 -9999 -9999 0.0
C0G660 2004060314 -9999 -9999 -9999 0.0
C0G660 2004060315 -9999 -9999 -9999 0.0
C0G660 2004060316 -9999 -9999 -9999 0.0
C0G660 2004060317 -9999 -9999 -9999 0.0
C0G660 2004060318 -9999 -9999 -9999 0.0
C0G660 2004060319 -9999 -9999 -9999 0.0
C0G660 2004060320 -9999 -9999 -9999 0.0
C0G660 2004060321 -9999 -9999 -9999 0.0
C0G660 2004060322 -9999 -9999 -9999 0.0
C0G660 2004060323 -9999 -9999 -9999 0.0
C0G660 2004060324 -9999 -9999 -9999 0.0
C0G660 2004060401 -9999 -9999 -9999 0.0
C0G660 2004060402 -9999 -9999 -9999 0.0
C0G660 2004060403 -9999 -9999 -9999 0.0
C0G660 2004060404 -9999 -9999 -9999 0.0
C0G660 2004060405 -9999 -9999 -9999 0.0
C0G660 2004060406 -9999 -9999 -9999 0.0
C0G660 2004060407 -9999 -9999 -9999 0.0
C0G660 2004060408 -9999 -9999 -9999 0.0
C0G660 2004060409 -9999 -9999 -9999 0.0
C0G660 2004060410 -9999 -9999 -9999 0.0
C0G660 2004060411 -9999 -9999 -9999 0.0
C0G660 2004060412 -9999 -9999 -9999 0.0
C0G660 2004060413 -9999 -9999 -9999 0.0
C0G660 2004060414 -9999 -9999 -9999 0.0
C0G660 2004060415 -9999 -9999 -9999 0.0
C0G660 2004060416 -9999 -9999 -9999 0.0
C0G660 2004060417 -9999 -9999 -9999 0.0
C0G660 2004060418 -9999 -9999 -9999 0.0
C0G660 2004060419 -9999 -9999 -9999 0.0
C0G660 2004060420 -9999 -9999 -9999 0.0
C0G660 2004060421 -9999 -9999 -9999 0.0
C0G660 2004060422 -9999 -9999 -9999 0.0
C0G660 2004060423 -9999 -9999 -9999 0.0
C0G660 2004060424 -9999 -9999 -9999 0.0
C0G660 2004060501 -9999 -9999 -9999 0.0
C0G660 2004060502 -9999 -9999 -9999 0.0
C0G660 2004060503 -9999 -9999 -9999 0.0
C0G660 2004060504 -9999 -9999 -9999 0.0
C0G660 2004060505 -9999 -9999 -9999 0.0
C0G660 2004060506 -9999 -9999 -9999 0.0
C0G660 2004060507 -9999 -9999 -9999 0.0
C0G660 2004060508 -9999 -9999 -9999 0.0
C0G660 2004060509 -9999 -9999 -9999 0.0
C0G660 2004060510 -9999 -9999 -9999 0.0
C0G660 2004060511 -9999 -9999 -9999 0.0
C0G660 2004060512 -9999 -9999 -9999 0.0
C0G660 2004060513 -9999 -9999 -9999 0.0
C0G660 2004060514 -9999 -9999 -9999 0.0
C0G660 2004060515 -9999 -9999 -9999 0.0
C0G660 2004060516 -9999 -9999 -9999 0.0
C0G660 2004060517 -9999 -9999 -9999 0.0
C0G660 2004060518 -9999 -9999 -9999 0.0
C0G660 2004060519 -9999 -9999 -9999 0.0
C0G660 2004060520 -9999 -9999 -9999 0.0
C0G660 2004060521 -9999 -9999 -9999 0.0
C0G660 2004060522 -9999 -9999 -9999 0.0
C0G660 2004060523 -9999 -9999 -9999 0.0
C0G660 2004060524 -9999 -9999 -9999 0.0
C0G660 2004060601 -9999 -9999 -9999 0.0
C0G660 2004060602 -9999 -9999 -9999 0.0
C0G660 2004060603 -9999 -9999 -9999 0.0
C0G660 2004060604 -9999 -9999 -9999 0.0
C0G660 2004060605 -9999 -9999 -9999 0.0
C0G660 2004060606 -9999 -9999 -9999 0.0
C0G660 2004060607 -9999 -9999 -9999 0.0
C0G660 2004060608 -9999 -9999 -9999 0.0
C0G660 2004060609 -9999 -9999 -9999 0.0
C0G660 2004060610 -9999 -9999 -9999 0.0
C0G660 2004060611 -9999 -9999 -9999 0.0
C0G660 2004060612 -9999 -9999 -9999 0.0
C0G660 2004060613 -9999 -9999 -9999 0.0
C0G660 2004060614 -9999 -9999 -9999 0.0
C0G660 2004060615 -9999 -9999 -9999 0.0
C0G660 2004060616 -9999 -9999 -9999 0.0
C0G660 2004060617 -9999 -9999 -9999 0.0
C0G660 2004060618 -9999 -9999 -9999 0.0
C0G660 2004060619 -9999 -9999 -9999 0.0
C0G660 2004060620 -9999 -9999 -9999 0.0
C0G660 2004060621 -9999 -9999 -9999 0.0
C0G660 2004060622 -9999 -9999 -9999 0.0
C0G660 2004060623 -9999 -9999 -9999 0.0
C0G660 2004060624 -9999 -9999 -9999 0.0
C0G660 2004060701 -9999 -9999 -9999 0.0
C0G660 2004060702 -9999 -9999 -9999 0.0
C0G660 2004060703 -9999 -9999 -9999 0.0
C0G660 2004060704 -9999 -9999 -9999 0.0
C0G660 2004060705 -9999 -9999 -9999 0.0
C0G660 2004060706 -9999 -9999 -9999 0.0
C0G660 2004060707 -9999 -9999 -9999 0.0
C0G660 2004060708 -9999 -9999 -9999 0.0
C0G660 2004060709 -9999 -9999 -9999 0.0
C0G660 2004060710 -9999 -9999 -9999 0.0
C0G660 2004060711 -9999 -9999 -9999 0.0
C0G660 2004060712 -9999 -9999 -9999 0.0
C0G660 2004060713 -9999 -9999 -9999 0.0
C0G660 2004060714 -9999 -9999 -9999 0.0
C0G660 2004060715 -9999 -9999 -9999 0.0
C0G660 2004060716 -9999 -9999 -9999 0.0
C0G660 2004060717 -9999 -9999 -9999 0.0
C0G660 2004060718 -9999 -9999 -9999 0.0
C0G660 2004060719 -9999 -9999 -9999 0.0
C0G660 2004060720 -9999 -9999 -9999 0.0
C0G660 2004060721 -9999 -9999 -9999 0.0
C0G660 2004060722 -9999 -9999 -9999 0.0
C0G660 2004060723 -9999 -9999 -9999 0.0
C0G660 2004060724 -9999 -9999 -9999 0.0
C0G660 2004060801 -9999 -9999 -9999 0.0
C0G660 2004060802 -9999 -9999 -9999 0.0
C0G660 2004060803 -9999 -9999 -9999 0.0
C0G660 2004060804 -9999 -9999 -9999 0.0
C0G660 2004060805 -9999 -9999 -9999 0.0
C0G660 2004060806 -9999 -9999 -9999 0.0
C0G660 2004060807 -9999 -9999 -9999 0.0
C0G660 2004060808 -9999 -9999 -9999 0.0
C0G660 2004060809 -9999 -9999 -9999 0.0
C0G660 2004060810 -9999 -9999 -9999 0.0
C0G660 2004060811 -9999 -9999 -9999 0.0
C0G660 2004060812 -9999 -9999 -9999 0.0
C0G660 2004060813 -9999 -9999 -9999 0.0
C0G660 2004060814 -9999 -9999 -9999 0.0
C0G660 2004060815 -9999 -9999 -9999 0.0
C0G660 2004060816 -9999 -9999 -9999 0.0
C0G660 2004060817 -9999 -9999 -9999 0.0
C0G660 2004060818 -9999 -9999 -9999 0.0
C0G660 2004060819 -9999 -9999 -9999 0.0
C0G660 2004060820 -9999 -9999 -9999 0.0
C0G660 2004060821 -9999 -9999 -9999 0.0
C0G660 2004060822 -9999 -9999 -9999 0.0
C0G660 2004060823 -9999 -9999 -9999 0.0
C0G660 2004060824 -9999 -9999 -9999 0.0
C0G660 2004060901 -9999 -9999 -9999 0.0
C0G660 2004060902 -9999 -9999 -9999 0.0
C0G660 2004060903 -9999 -9999 -9999 0.0
C0G660 2004060904 -9999 -9999 -9999 0.0
C0G660 2004060905 -9999 -9999 -9999 0.0
C0G660 2004060906 -9999 -9999 -9999 0.0
C0G660 2004060907 -9999 -9999 -9999 0.0
C0G660 2004060908 -9999 -9999 -9999 0.0
C0G660 2004060909 -9999 -9999 -9999 0.0
C0G660 2004060910 -9999 -9999 -9999 0.0
C0G660 2004060911 -9999 -9999 -9999 0.0
C0G660 2004060912 -9999 -9999 -9999 0.0
C0G660 2004060913 -9999 -9999 -9999 0.0
C0G660 2004060914 -9999 -9999 -9999 0.0
C0G660 2004060915 -9999 -9999 -9999 0.0
C0G660 2004060916 -9999 -9999 -9999 0.0
C0G660 2004060917 -9999 -9999 -9999 0.0
C0G660 2004060918 -9999 -9999 -9999 0.0
C0G660 2004060919 -9999 -9999 -9999 0.0
C0G660 2004060920 -9999 -9999 -9999 0.0
C0G660 2004060921 -9999 -9999 -9999 0.0
C0G660 2004060922 -9999 -9999 -9999 0.0
C0G660 2004060923 -9999 -9999 -9999 0.0
C0G660 2004060924 -9999 -9999 -9999 0.0
C0G660 2004061001 -9999 -9999 -9999 0.0
C0G660 2004061002 -9999 -9999 -9999 0.0
C0G660 2004061003 -9999 -9999 -9999 0.0
C0G660 2004061004 -9999 -9999 -9999 0.0
C0G660 2004061005 -9999 -9999 -9999 0.0
C0G660 2004061006 -9999 -9999 -9999 0.0
C0G660 2004061007 -9999 -9999 -9999 0.0
C0G660 2004061008 -9999 -9999 -9999 0.0
C0G660 2004061009 -9999 -9999 -9999 0.0
C0G660 2004061010 -9999 -9999 -9999 0.0
C0G660 2004061011 -9999 -9999 -9999 0.0
C0G660 2004061012 -9999 -9999 -9999 0.0
C0G660 2004061013 -9999 -9999 -9999 0.0
C0G660 2004061014 -9999 -9999 -9999 0.0
C0G660 2004061015 -9999 -9999 -9999 0.0
C0G660 2004061016 -9999 -9999 -9999 0.0
C0G660 2004061017 -9999 -9999 -9999 0.0
C0G660 2004061018 -9999 -9999 -9999 0.0
C0G660 2004061019 -9999 -9999 -9999 0.0
C0G660 2004061020 -9999 -9999 -9999 0.0
C0G660 2004061021 -9999 -9999 -9999 0.0
C0G660 2004061022 -9999 -9999 -9999 0.0
C0G660 2004061023 -9999 -9999 -9999 0.0
C0G660 2004061024 -9999 -9999 -9999 0.0
C0G660 2004061101 -9999 -9999 -9999 0.0
C0G660 2004061102 -9999 -9999 -9999 0.0
C0G660 2004061103 -9999 -9999 -9999 0.0
C0G660 2004061104 -9999 -9999 -9999 0.0
C0G660 2004061105 -9999 -9999 -9999 0.0
C0G660 2004061106 -9999 -9999 -9999 0.0
C0G660 2004061107 -9999 -9999 -9999 0.0
C0G660 2004061108 -9999 -9999 -9999 0.0
C0G660 2004061109 -9999 -9999 -9999 0.0
C0G660 2004061110 -9999 -9999 -9999 0.0
C0G660 2004061111 -9999 -9999 -9999 0.0
C0G660 2004061112 -9999 -9999 -9999 0.0
C0G660 2004061113 -9999 -9999 -9999 0.0
C0G660 2004061114 -9999 -9999 -9999 0.0
C0G660 2004061115 -9999 -9999 -9999 0.0
C0G660 2004061116 -9999 -9999 -9999 0.0
C0G660 2004061117 -9999 -9999 -9999 0.0
C0G660 2004061118 -9999 -9999 -9999 0.0
C0G660 2004061119 -9999 -9999 -9999 0.0
C0G660 2004061120 -9999 -9999 -9999 0.0
C0G660 2004061121 -9999 -9999 -9999 0.0
C0G660 2004061122 -9999 -9999 -9999 0.0
C0G660 2004061123 -9999 -9999 -9999 0.0
C0G660 2004061124 -9999 -9999 -9999 0.0
C0G660 2004061201 -9999 -9999 -9999 0.0
C0G660 2004061202 -9999 -9999 -9999 0.0
C0G660 2004061203 -9999 -9999 -9999 0.0
C0G660 2004061204 -9999 -9999 -9999 0.0
C0G660 2004061205 -9999 -9999 -9999 0.0
C0G660 2004061206 -9999 -9999 -9999 0.0
C0G660 2004061207 -9999 -9999 -9999 0.0
C0G660 2004061208 -9999 -9999 -9999 0.0
C0G660 2004061209 -9999 -9999 -9999 0.0
C0G660 2004061210 -9999 -9999 -9999 0.0
C0G660 2004061211 -9999 -9999 -9999 0.0
C0G660 2004061212 -9999 -9999 -9999 0.0
C0G660 2004061213 -9999 -9999 -9999 0.0
C0G660 2004061214 -9999 -9999 -9999 0.0
C0G660 2004061215 -9999 -9999 -9999 0.0
C0G660 2004061216 -9999 -9999 -9999 0.0
C0G660 2004061217 -9999 -9999 -9999 0.0
C0G660 2004061218 -9999 -9999 -9999 0.0
C0G660 2004061219 -9999 -9999 -9999 0.0
C0G660 2004061220 -9999 -9999 -9999 0.0
C0G660 2004061221 -9999 -9999 -9999 0.0
C0G660 2004061222 -9999 -9999 -9999 0.0
C0G660 2004061223 -9999 -9999 -9999 0.0
C0G660 2004061224 -9999 -9999 -9999 0.0
C0G660 2004061301 -9999 -9999 -9999 0.0
C0G660 2004061302 -9999 -9999 -9999 0.0
C0G660 2004061303 -9999 -9999 -9999 0.0
C0G660 2004061304 -9999 -9999 -9999 0.0
C0G660 2004061305 -9999 -9999 -9999 0.0
C0G660 2004061306 -9999 -9999 -9999 0.0
C0G660 2004061307 -9999 -9999 -9999 0.0
C0G660 2004061308 -9999 -9999 -9999 0.0
C0G660 2004061309 -9999 -9999 -9999 0.0
C0G660 2004061310 -9999 -9999 -9999 0.0
C0G660 2004061311 -9999 -9999 -9999 0.0
C0G660 2004061312 -9999 -9999 -9999 0.0
C0G660 2004061313 -9999 -9999 -9999 0.0
C0G660 2004061314 -9999 -9999 -9999 0.0
C0G660 2004061315 -9999 -9999 -9999 0.0
C0G660 2004061316 -9999 -9999 -9999 0.0
C0G660 2004061317 -9999 -9999 -9999 0.0
C0G660 2004061318 -9999 -9999 -9999 0.0
C0G660 2004061319 -9999 -9999 -9999 0.0
C0G660 2004061320 -9999 -9999 -9999 0.0
C0G660 2004061321 -9999 -9999 -9999 0.0
C0G660 2004061322 -9999 -9999 -9999 0.0
C0G660 2004061323 -9999 -9999 -9999 0.0
C0G660 2004061324 -9999 -9999 -9999 0.0
C0G660 2004061401 -9999 -9999 -9999 -9996
C0G660 2004061402 -9999 -9999 -9999 0.0
C0G660 2004061403 -9999 -9999 -9999 0.0
C0G660 2004061404 -9999 -9999 -9999 0.0
C0G660 2004061405 -9999 -9999 -9999 0.0
C0G660 2004061406 -9999 -9999 -9999 0.0
C0G660 2004061407 -9999 -9999 -9999 0.0
C0G660 2004061408 -9999 -9999 -9999 0.0
C0G660 2004061409 -9999 -9999 -9999 0.0
C0G660 2004061410 -9999 -9999 -9999 0.0
C0G660 2004061411 -9999 -9999 -9999 0.0
C0G660 2004061412 -9999 -9999 -9999 0.0
C0G660 2004061413 -9999 -9999 -9999 0.0
C0G660 2004061414 -9999 -9999 -9999 0.0
C0G660 2004061415 -9999 -9999 -9999 0.0
C0G660 2004061416 -9999 -9999 -9999 0.0
C0G660 2004061417 -9999 -9999 -9999 0.0
C0G660 2004061418 -9999 -9999 -9999 0.0
C0G660 2004061419 -9999 -9999 -9999 0.0
C0G660 2004061420 -9999 -9999 -9999 0.0
C0G660 2004061421 -9999 -9999 -9999 0.0
C0G660 2004061422 -9999 -9999 -9999 0.0
C0G660 2004061423 -9999 -9999 -9999 0.0
C0G660 2004061424 -9999 -9999 -9999 0.0
C0G660 2004061501 -9999 -9999 -9999 0.0
C0G660 2004061502 -9999 -9999 -9999 0.0
C0G660 2004061503 -9999 -9999 -9999 0.0
C0G660 2004061504 -9999 -9999 -9999 0.0
C0G660 2004061505 -9999 -9999 -9999 0.0
C0G660 2004061506 -9999 -9999 -9999 0.0
C0G660 2004061507 -9999 -9999 -9999 0.0
C0G660 2004061508 -9999 -9999 -9999 0.0
C0G660 2004061509 -9999 -9999 -9999 0.0
C0G660 2004061510 -9999 -9999 -9999 0.0
C0G660 2004061511 -9999 -9999 -9999 0.0
C0G660 2004061512 -9999 -9999 -9999 0.0
C0G660 2004061513 -9999 -9999 -9999 0.0
C0G660 2004061514 -9999 -9999 -9999 0.0
C0G660 2004061515 -9999 -9999 -9999 0.0
C0G660 2004061516 -9999 -9999 -9999 0.0
C0G660 2004061517 -9999 -9999 -9999 0.0
C0G660 2004061518 -9999 -9999 -9999 0.0
C0G660 2004061519 -9999 -9999 -9999 0.0
C0G660 2004061520 -9999 -9999 -9999 0.0
C0G660 2004061521 -9999 -9999 -9999 0.0
C0G660 2004061522 -9999 -9999 -9999 0.0
C0G660 2004061523 -9999 -9999 -9999 0.0
C0G660 2004061524 -9999 -9999 -9999 0.0
C0G660 2004061601 -9999 -9999 -9999 0.0
C0G660 2004061602 -9999 -9999 -9999 0.0
C0G660 2004061603 -9999 -9999 -9999 0.0
C0G660 2004061604 -9999 -9999 -9999 0.0
C0G660 2004061605 -9999 -9999 -9999 0.0
C0G660 2004061606 -9999 -9999 -9999 0.0
C0G660 2004061607 -9999 -9999 -9999 0.0
C0G660 2004061608 -9999 -9999 -9999 0.0
C0G660 2004061609 -9999 -9999 -9999 0.0
C0G660 2004061610 -9999 -9999 -9999 0.0
C0G660 2004061611 -9999 -9999 -9999 0.0
C0G660 2004061612 -9999 -9999 -9999 0.0
C0G660 2004061613 -9999 -9999 -9999 0.0
C0G660 2004061614 -9999 -9999 -9999 0.0
C0G660 2004061615 -9999 -9999 -9999 0.0
C0G660 2004061616 -9999 -9999 -9999 0.0
C0G660 2004061617 -9999 -9999 -9999 0.0
C0G660 2004061618 -9999 -9999 -9999 0.0
C0G660 2004061619 -9999 -9999 -9999 0.0
C0G660 2004061620 -9999 -9999 -9999 0.0
C0G660 2004061621 -9999 -9999 -9999 0.0
C0G660 2004061622 -9999 -9999 -9999 0.0
C0G660 2004061623 -9999 -9999 -9999 0.0
C0G660 2004061624 -9999 -9999 -9999 0.0
C0G660 2004061701 -9999 -9999 -9999 0.0
C0G660 2004061702 -9999 -9999 -9999 0.0
C0G660 2004061703 -9999 -9999 -9999 0.0
C0G660 2004061704 -9999 -9999 -9999 0.0
C0G660 2004061705 -9999 -9999 -9999 0.0
C0G660 2004061706 -9999 -9999 -9999 0.0
C0G660 2004061707 -9999 -9999 -9999 0.0
C0G660 2004061708 -9999 -9999 -9999 0.0
C0G660 2004061709 -9999 -9999 -9999 0.0
C0G660 2004061710 -9999 -9999 -9999 0.0
C0G660 2004061711 -9999 -9999 -9999 0.0
C0G660 2004061712 -9999 -9999 -9999 0.0
C0G660 2004061713 -9999 -9999 -9999 0.0
C0G660 2004061714 -9999 -9999 -9999 0.0
C0G660 2004061715 -9999 -9999 -9999 0.0
C0G660 2004061716 -9999 -9999 -9999 0.0
C0G660 2004061717 -9999 -9999 -9999 0.0
C0G660 2004061718 -9999 -9999 -9999 0.0
C0G660 2004061719 -9999 -9999 -9999 0.0
C0G660 2004061720 -9999 -9999 -9999 0.0
C0G660 2004061721 -9999 -9999 -9999 0.0
C0G660 2004061722 -9999 -9999 -9999 0.0
C0G660 2004061723 -9999 -9999 -9999 0.0
C0G660 2004061724 -9999 -9999 -9999 0.0
C0G660 2004061801 -9999 -9999 -9999 0.0
C0G660 2004061802 -9999 -9999 -9999 0.0
C0G660 2004061803 -9999 -9999 -9999 0.0
C0G660 2004061804 -9999 -9999 -9999 0.0
C0G660 2004061805 -9999 -9999 -9999 0.0
C0G660 2004061806 -9999 -9999 -9999 0.0
C0G660 2004061807 -9999 -9999 -9999 0.0
C0G660 2004061808 -9999 -9999 -9999 0.0
C0G660 2004061809 -9999 -9999 -9999 0.0
C0G660 2004061810 -9999 -9999 -9999 0.0
C0G660 2004061811 -9999 -9999 -9999 0.0
C0G660 2004061812 -9999 -9999 -9999 0.0
C0G660 2004061813 -9999 -9999 -9999 0.0
C0G660 2004061814 -9999 -9999 -9999 0.0
C0G660 2004061815 -9999 -9999 -9999 0.0
C0G660 2004061816 -9999 -9999 -9999 0.0
C0G660 2004061817 -9999 -9999 -9999 0.0
C0G660 2004061818 -9999 -9999 -9999 0.0
C0G660 2004061819 -9999 -9999 -9999 0.0
C0G660 2004061820 -9999 -9999 -9999 0.0
C0G660 2004061821 -9999 -9999 -9999 0.0
C0G660 2004061822 -9999 -9999 -9999 0.0
C0G660 2004061823 -9999 -9999 -9999 0.0
C0G660 2004061824 -9999 -9999 -9999 0.0
C0G660 2004061901 -9999 -9999 -9999 0.0
C0G660 2004061902 -9999 -9999 -9999 0.0
C0G660 2004061903 -9999 -9999 -9999 0.0
C0G660 2004061904 -9999 -9999 -9999 0.0
C0G660 2004061905 -9999 -9999 -9999 0.0
C0G660 2004061906 -9999 -9999 -9999 0.0
C0G660 2004061907 -9999 -9999 -9999 0.0
C0G660 2004061908 -9999 -9999 -9999 0.0
C0G660 2004061909 -9999 -9999 -9999 0.0
C0G660 2004061910 -9999 -9999 -9999 0.0
C0G660 2004061911 -9999 -9999 -9999 0.0
C0G660 2004061912 -9999 -9999 -9999 0.0
C0G660 2004061913 -9999 -9999 -9999 0.0
C0G660 2004061914 -9999 -9999 -9999 0.0
C0G660 2004061915 -9999 -9999 -9999 0.0
C0G660 2004061916 -9999 -9999 -9999 0.0
C0G660 2004061917 -9999 -9999 -9999 0.0
C0G660 2004061918 -9999 -9999 -9999 0.0
C0G660 2004061919 -9999 -9999 -9999 0.0
C0G660 2004061920 -9999 -9999 -9999 0.0
C0G660 2004061921 -9999 -9999 -9999 0.0
C0G660 2004061922 -9999 -9999 -9999 0.0
C0G660 2004061923 -9999 -9999 -9999 0.0
C0G660 2004061924 -9999 -9999 -9999 0.0
C0G660 2004062001 -9999 -9999 -9999 0.0
C0G660 2004062002 -9999 -9999 -9999 0.0
C0G660 2004062003 -9999 -9999 -9999 0.0
C0G660 2004062004 -9999 -9999 -9999 0.0
C0G660 2004062005 -9999 -9999 -9999 0.0
C0G660 2004062006 -9999 -9999 -9999 0.0
C0G660 2004062007 -9999 -9999 -9999 0.0
C0G660 2004062008 -9999 -9999 -9999 0.0
C0G660 2004062009 -9999 -9999 -9999 0.0
C0G660 2004062010 -9999 -9999 -9999 6.5
C0G660 2004062011 -9999 -9999 -9999 0.0
C0G660 2004062012 -9999 -9999 -9999 0.0
C0G660 2004062013 -9999 -9999 -9999 0.0
C0G660 2004062014 -9999 -9999 -9999 0.0
C0G660 2004062015 -9999 -9999 -9999 0.0
C0G660 2004062016 -9999 -9999 -9999 0.0
C0G660 2004062017 -9999 -9999 -9999 0.0
C0G660 2004062018 -9999 -9999 -9999 0.0
C0G660 2004062019 -9999 -9999 -9999 0.0
C0G660 2004062020 -9999 -9999 -9999 0.0
C0G660 2004062021 -9999 -9999 -9999 0.0
C0G660 2004062022 -9999 -9999 -9999 0.0
C0G660 2004062023 -9999 -9999 -9999 0.0
C0G660 2004062024 -9999 -9999 -9999 0.0
C0G660 2004062101 -9999 -9999 -9999 -9996
C0G660 2004062102 -9999 -9999 -9999 0.0
C0G660 2004062103 -9999 -9999 -9999 0.0
C0G660 2004062104 -9999 -9999 -9999 0.0
C0G660 2004062105 -9999 -9999 -9999 0.0
C0G660 2004062106 -9999 -9999 -9999 0.0
C0G660 2004062107 -9999 -9999 -9999 0.0
C0G660 2004062108 -9999 -9999 -9999 0.0
C0G660 2004062109 -9999 -9999 -9999 0.0
C0G660 2004062110 -9999 -9999 -9999 1.5
C0G660 2004062111 -9999 -9999 -9999 2.5
C0G660 2004062112 -9999 -9999 -9999 0.0
C0G660 2004062113 -9999 -9999 -9999 0.0
C0G660 2004062114 -9999 -9999 -9999 0.0
C0G660 2004062115 -9999 -9999 -9999 0.0
C0G660 2004062116 -9999 -9999 -9999 0.0
C0G660 2004062117 -9999 -9999 -9999 0.0
C0G660 2004062118 -9999 -9999 -9999 0.0
C0G660 2004062119 -9999 -9999 -9999 0.0
C0G660 2004062120 -9999 -9999 -9999 0.0
C0G660 2004062121 -9999 -9999 -9999 0.0
C0G660 2004062122 -9999 -9999 -9999 0.0
C0G660 2004062123 -9999 -9999 -9999 0.0
C0G660 2004062124 -9999 -9999 -9999 0.0
C0G660 2004062201 -9999 -9999 -9999 0.0
C0G660 2004062202 -9999 -9999 -9999 0.0
C0G660 2004062203 -9999 -9999 -9999 0.0
C0G660 2004062204 -9999 -9999 -9999 0.0
C0G660 2004062205 -9999 -9999 -9999 0.0
C0G660 2004062206 -9999 -9999 -9999 0.0
C0G660 2004062207 -9999 -9999 -9999 0.0
C0G660 2004062208 -9999 -9999 -9999 0.0
C0G660 2004062209 -9999 -9999 -9999 0.0
C0G660 2004062210 -9999 -9999 -9999 0.0
C0G660 2004062211 -9999 -9999 -9999 0.0
C0G660 2004062212 -9999 -9999 -9999 0.0
C0G660 2004062213 -9999 -9999 -9999 0.0
C0G660 2004062214 -9999 -9999 -9999 0.0
C0G660 2004062215 -9999 -9999 -9999 0.0
C0G660 2004062216 -9999 -9999 -9999 0.0
C0G660 2004062217 -9999 -9999 -9999 0.0
C0G660 2004062218 -9999 -9999 -9999 0.0
C0G660 2004062219 -9999 -9999 -9999 0.0
C0G660 2004062220 -9999 -9999 -9999 0.0
C0G660 2004062221 -9999 -9999 -9999 0.0
C0G660 2004062222 -9999 -9999 -9999 0.0
C0G660 2004062223 -9999 -9999 -9999 0.0
C0G660 2004062224 -9999 -9999 -9999 0.0
C0G660 2004062301 -9999 -9999 -9999 0.0
C0G660 2004062302 -9999 -9999 -9999 0.0
C0G660 2004062303 -9999 -9999 -9999 0.0
C0G660 2004062304 -9999 -9999 -9999 0.0
C0G660 2004062305 -9999 -9999 -9999 0.0
C0G660 2004062306 -9999 -9999 -9999 0.0
C0G660 2004062307 -9999 -9999 -9999 0.0
C0G660 2004062308 -9999 -9999 -9999 0.0
C0G660 2004062309 -9999 -9999 -9999 0.0
C0G660 2004062310 -9999 -9999 -9999 0.0
C0G660 2004062311 -9999 -9999 -9999 0.0
C0G660 2004062312 -9999 -9999 -9999 0.0
C0G660 2004062313 -9999 -9999 -9999 0.0
C0G660 2004062314 -9999 -9999 -9999 0.0
C0G660 2004062315 -9999 -9999 -9999 0.0
C0G660 2004062316 -9999 -9999 -9999 0.0
C0G660 2004062317 -9999 -9999 -9999 0.0
C0G660 2004062318 -9999 -9999 -9999 0.0
C0G660 2004062319 -9999 -9999 -9999 0.0
C0G660 2004062320 -9999 -9999 -9999 0.0
C0G660 2004062321 -9999 -9999 -9999 0.0
C0G660 2004062322 -9999 -9999 -9999 0.0
C0G660 2004062323 -9999 -9999 -9999 0.0
C0G660 2004062324 -9999 -9999 -9999 0.0
C0G660 2004062401 -9999 -9999 -9999 0.0
C0G660 2004062402 -9999 -9999 -9999 0.0
C0G660 2004062403 -9999 -9999 -9999 0.0
C0G660 2004062404 -9999 -9999 -9999 0.0
C0G660 2004062405 -9999 -9999 -9999 0.0
C0G660 2004062406 -9999 -9999 -9999 0.0
C0G660 2004062407 -9999 -9999 -9999 0.0
C0G660 2004062408 -9999 -9999 -9999 0.0
C0G660 2004062409 -9999 -9999 -9999 0.0
C0G660 2004062410 -9999 -9999 -9999 0.0
C0G660 2004062411 -9999 -9999 -9999 0.0
C0G660 2004062412 -9999 -9999 -9999 0.0
C0G660 2004062413 -9999 -9999 -9999 0.0
C0G660 2004062414 -9999 -9999 -9999 0.0
C0G660 2004062415 -9999 -9999 -9999 0.0
C0G660 2004062416 -9999 -9999 -9999 0.0
C0G660 2004062417 -9999 -9999 -9999 0.0
C0G660 2004062418 -9999 -9999 -9999 0.0
C0G660 2004062419 -9999 -9999 -9999 0.0
C0G660 2004062420 -9999 -9999 -9999 0.0
C0G660 2004062421 -9999 -9999 -9999 0.0
C0G660 2004062422 -9999 -9999 -9999 0.0
C0G660 2004062423 -9999 -9999 -9999 0.0
C0G660 2004062424 -9999 -9999 -9999 0.0
C0G660 2004062501 -9999 -9999 -9999 0.0
C0G660 2004062502 -9999 -9999 -9999 0.0
C0G660 2004062503 -9999 -9999 -9999 0.0
C0G660 2004062504 -9999 -9999 -9999 0.0
C0G660 2004062505 -9999 -9999 -9999 0.0
C0G660 2004062506 -9999 -9999 -9999 0.0
C0G660 2004062507 -9999 -9999 -9999 0.0
C0G660 2004062508 -9999 -9999 -9999 0.0
C0G660 2004062509 -9999 -9999 -9999 0.0
C0G660 2004062510 -9999 -9999 -9999 0.0
C0G660 2004062511 -9999 -9999 -9999 0.0
C0G660 2004062512 -9999 -9999 -9999 0.0
C0G660 2004062513 -9999 -9999 -9999 0.0
C0G660 2004062514 -9999 -9999 -9999 0.0
C0G660 2004062515 -9999 -9999 -9999 0.0
C0G660 2004062516 -9999 -9999 -9999 0.0
C0G660 2004062517 -9999 -9999 -9999 0.0
C0G660 2004062518 -9999 -9999 -9999 0.0
C0G660 2004062519 -9999 -9999 -9999 0.0
C0G660 2004062520 -9999 -9999 -9999 0.0
C0G660 2004062521 -9999 -9999 -9999 0.0
C0G660 2004062522 -9999 -9999 -9999 0.0
C0G660 2004062523 -9999 -9999 -9999 0.0
C0G660 2004062524 -9999 -9999 -9999 0.0
C0G660 2004062601 -9999 -9999 -9999 0.0
C0G660 2004062602 -9999 -9999 -9999 0.0
C0G660 2004062603 -9999 -9999 -9999 0.0
C0G660 2004062604 -9999 -9999 -9999 0.0
C0G660 2004062605 -9999 -9999 -9999 0.0
C0G660 2004062606 -9999 -9999 -9999 0.0
C0G660 2004062607 -9999 -9999 -9999 0.0
C0G660 2004062608 -9999 -9999 -9999 0.0
C0G660 2004062609 -9999 -9999 -9999 0.0
C0G660 2004062610 -9999 -9999 -9999 0.0
C0G660 2004062611 -9999 -9999 -9999 0.0
C0G660 2004062612 -9999 -9999 -9999 0.0
C0G660 2004062613 -9999 -9999 -9999 0.0
C0G660 2004062614 -9999 -9999 -9999 0.0
C0G660 2004062615 -9999 -9999 -9999 0.0
C0G660 2004062616 -9999 -9999 -9999 0.0
C0G660 2004062617 -9999 -9999 -9999 0.0
C0G660 2004062618 -9999 -9999 -9999 0.0
C0G660 2004062619 -9999 -9999 -9999 0.0
C0G660 2004062620 -9999 -9999 -9999 0.0
C0G660 2004062621 -9999 -9999 -9999 0.0
C0G660 2004062622 -9999 -9999 -9999 0.0
C0G660 2004062623 -9999 -9999 -9999 0.0
C0G660 2004062624 -9999 -9999 -9999 0.0
C0G660 2004062701 -9999 -9999 -9999 0.0
C0G660 2004062702 -9999 -9999 -9999 0.0
C0G660 2004062703 -9999 -9999 -9999 0.0
C0G660 2004062704 -9999 -9999 -9999 0.0
C0G660 2004062705 -9999 -9999 -9999 0.0
C0G660 2004062706 -9999 -9999 -9999 0.0
C0G660 2004062707 -9999 -9999 -9999 0.0
C0G660 2004062708 -9999 -9999 -9999 0.0
C0G660 2004062709 -9999 -9999 -9999 0.0
C0G660 2004062710 -9999 -9999 -9999 0.0
C0G660 2004062711 -9999 -9999 -9999 0.0
C0G660 2004062712 -9999 -9999 -9999 0.0
C0G660 2004062713 -9999 -9999 -9999 0.0
C0G660 2004062714 -9999 -9999 -9999 0.0
C0G660 2004062715 -9999 -9999 -9999 0.0
C0G660 2004062716 -9999 -9999 -9999 0.0
C0G660 2004062717 -9999 -9999 -9999 0.0
C0G660 2004062718 -9999 -9999 -9999 0.0
C0G660 2004062719 -9999 -9999 -9999 0.0
C0G660 2004062720 -9999 -9999 -9999 0.0
C0G660 2004062721 -9999 -9999 -9999 0.0
C0G660 2004062722 -9999 -9999 -9999 0.0
C0G660 2004062723 -9999 -9999 -9999 0.0
C0G660 2004062724 -9999 -9999 -9999 0.0
C0G660 2004062801 -9999 -9999 -9999 0.0
C0G660 2004062802 -9999 -9999 -9999 0.0
C0G660 2004062803 -9999 -9999 -9999 0.0
C0G660 2004062804 -9999 -9999 -9999 0.0
C0G660 2004062805 -9999 -9999 -9999 0.0
C0G660 2004062806 -9999 -9999 -9999 0.0
C0G660 2004062807 -9999 -9999 -9999 0.0
C0G660 2004062808 -9999 -9999 -9999 0.0
C0G660 2004062809 -9999 -9999 -9999 0.0
C0G660 2004062810 -9999 -9999 -9999 0.0
C0G660 2004062811 -9999 -9999 -9999 0.0
C0G660 2004062812 -9999 -9999 -9999 0.0
C0G660 2004062813 -9999 -9999 -9999 0.0
C0G660 2004062814 -9999 -9999 -9999 0.0
C0G660 2004062815 -9999 -9999 -9999 0.0
C0G660 2004062816 -9999 -9999 -9999 0.0
C0G660 2004062817 -9999 -9999 -9999 0.0
C0G660 2004062818 -9999 -9999 -9999 0.0
C0G660 2004062819 -9999 -9999 -9999 0.0
C0G660 2004062820 -9999 -9999 -9999 0.0
C0G660 2004062821 -9999 -9999 -9999 0.0
C0G660 2004062822 -9999 -9999 -9999 0.0
C0G660 2004062823 -9999 -9999 -9999 0.0
C0G660 2004062824 -9999 -9999 -9999 0.0
C0G660 2004062901 -9999 -9999 -9999 0.0
C0G660 2004062902 -9999 -9999 -9999 0.0
C0G660 2004062903 -9999 -9999 -9999 0.0
C0G660 2004062904 -9999 -9999 -9999 0.0
C0G660 2004062905 -9999 -9999 -9999 0.0
C0G660 2004062906 -9999 -9999 -9999 0.0
C0G660 2004062907 -9999 -9999 -9999 0.0
C0G660 2004062908 -9999 -9999 -9999 0.0
C0G660 2004062909 -9999 -9999 -9999 0.0
C0G660 2004062910 -9999 -9999 -9999 0.0
C0G660 2004062911 -9999 -9999 -9999 0.0
C0G660 2004062912 -9999 -9999 -9999 0.0
C0G660 2004062913 -9999 -9999 -9999 0.0
C0G660 2004062914 -9999 -9999 -9999 0.0
C0G660 2004062915 -9999 -9999 -9999 0.0
C0G660 2004062916 -9999 -9999 -9999 0.0
C0G660 2004062917 -9999 -9999 -9999 0.0
C0G660 2004062918 -9999 -9999 -9999 0.0
C0G660 2004062919 -9999 -9999 -9999 0.0
C0G660 2004062920 -9999 -9999 -9999 0.0
C0G660 2004062921 -9999 -9999 -9999 0.0
C0G660 2004062922 -9999 -9999 -9999 0.0
C0G660 2004062923 -9999 -9999 -9999 0.0
C0G660 2004062924 -9999 -9999 -9999 0.0
C0G660 2004063001 -9999 -9999 -9999 0.0
C0G660 2004063002 -9999 -9999 -9999 0.0
C0G660 2004063003 -9999 -9999 -9999 0.0
C0G660 2004063004 -9999 -9999 -9999 0.0
C0G660 2004063005 -9999 -9999 -9999 0.0
C0G660 2004063006 -9999 -9999 -9999 0.0
C0G660 2004063007 -9999 -9999 -9999 0.0
C0G660 2004063008 -9999 -9999 -9999 0.0
C0G660 2004063009 -9999 -9999 -9999 0.0
C0G660 2004063010 -9999 -9999 -9999 0.0
C0G660 2004063011 -9999 -9999 -9999 0.0
C0G660 2004063012 -9999 -9999 -9999 0.0
C0G660 2004063013 -9999 -9999 -9999 0.0
C0G660 2004063014 -9999 -9999 -9999 0.0
C0G660 2004063015 -9999 -9999 -9999 0.0
C0G660 2004063016 -9999 -9999 -9999 0.0
C0G660 2004063017 -9999 -9999 -9999 0.0
C0G660 2004063018 -9999 -9999 -9999 0.0
C0G660 2004063019 -9999 -9999 -9999 0.0
C0G660 2004063020 -9999 -9999 -9999 0.0
C0G660 2004063021 -9999 -9999 -9999 0.0
C0G660 2004063022 -9999 -9999 -9999 0.0
C0G660 2004063023 -9999 -9999 -9999 0.0
C0G660 2004063024 -9999 -9999 -9999 0.0
