C0G650 2004110101 18.0 -9997 0.0 0.0
C0G650 2004110102 17.8 -9997 0.0 0.0
C0G650 2004110103 17.5 -9997 0.0 0.0
C0G650 2004110104 17.5 -9997 0.0 0.0
C0G650 2004110105 17.2 -9997 0.0 0.0
C0G650 2004110106 16.9 -9997 0.0 0.0
C0G650 2004110107 17.9 -9997 0.0 0.0
C0G650 2004110108 22.2 -9997 0.0 0.0
C0G650 2004110109 25.1 -9997 0.0 0.0
C0G650 2004110110 27.4 -9997 0.1 0.0
C0G650 2004110111 28.1 -9997 1.0 0.0
C0G650 2004110112 28.1 -9997 1.1 0.0
C0G650 2004110113 28.4 -9997 0.3 0.0
C0G650 2004110114 27.8 -9997 0.7 0.0
C0G650 2004110115 27.7 -9997 0.2 0.0
C0G650 2004110116 27.0 -9997 0.3 0.0
C0G650 2004110117 24.5 -9997 1.0 0.0
C0G650 2004110118 23.4 -9997 0.1 0.0
C0G650 2004110119 22.9 -9997 0.0 0.0
C0G650 2004110120 21.7 -9997 0.0 0.0
C0G650 2004110121 21.1 -9997 0.0 0.0
C0G650 2004110122 21.3 -9997 0.0 0.0
C0G650 2004110123 20.6 -9997 0.0 0.0
C0G650 2004110124 20.0 -9997 0.1 0.0
C0G650 2004110201 19.5 -9997 0.0 0.0
C0G650 2004110202 18.9 -9997 0.0 0.0
C0G650 2004110203 18.7 -9997 0.0 0.0
C0G650 2004110204 18.6 -9997 0.0 0.0
C0G650 2004110205 18.7 -9997 0.0 0.0
C0G650 2004110206 17.8 -9997 0.0 0.0
C0G650 2004110207 18.5 -9997 0.0 0.0
C0G650 2004110208 22.0 -9997 0.0 0.0
C0G650 2004110209 24.4 -9997 0.1 0.0
C0G650 2004110210 26.9 -9997 0.0 0.0
C0G650 2004110211 27.1 -9997 0.0 0.0
C0G650 2004110212 28.0 -9997 0.4 0.0
C0G650 2004110213 28.4 -9997 0.1 0.0
C0G650 2004110214 28.1 -9997 0.1 0.0
C0G650 2004110215 27.1 -9997 0.6 0.0
C0G650 2004110216 26.0 -9997 0.3 0.0
C0G650 2004110217 24.9 -9997 0.4 0.0
C0G650 2004110218 23.4 -9997 0.2 0.0
C0G650 2004110219 22.3 -9997 0.0 0.0
C0G650 2004110220 21.4 -9997 0.1 0.0
C0G650 2004110221 20.9 -9997 0.0 0.0
C0G650 2004110222 20.6 -9997 0.0 0.0
C0G650 2004110223 19.1 -9997 0.0 0.0
C0G650 2004110224 18.6 -9997 0.0 0.0
C0G650 2004110301 18.3 -9997 0.0 0.0
C0G650 2004110302 16.6 -9997 0.0 0.0
C0G650 2004110303 18.0 -9997 0.0 0.0
C0G650 2004110304 17.8 -9997 0.0 0.0
C0G650 2004110305 17.5 -9997 0.0 0.0
C0G650 2004110306 17.5 -9997 0.0 0.0
C0G650 2004110307 18.1 -9997 0.0 0.0
C0G650 2004110308 21.5 -9997 0.0 0.0
C0G650 2004110309 23.7 -9997 0.0 0.0
C0G650 2004110310 26.3 -9997 0.1 0.0
C0G650 2004110311 26.9 -9997 0.0 0.0
C0G650 2004110312 28.0 -9997 0.2 0.0
C0G650 2004110313 28.7 -9997 1.2 0.0
C0G650 2004110314 28.8 -9997 0.1 0.0
C0G650 2004110315 28.2 -9997 0.4 0.0
C0G650 2004110316 26.8 -9997 0.0 0.0
C0G650 2004110317 25.4 -9997 0.0 0.0
C0G650 2004110318 23.7 -9997 0.0 0.0
C0G650 2004110319 22.1 -9997 0.0 0.0
C0G650 2004110320 21.3 -9997 0.0 0.0
C0G650 2004110321 20.7 -9997 0.0 0.0
C0G650 2004110322 20.3 -9997 0.0 0.0
C0G650 2004110323 19.5 -9997 0.0 0.0
C0G650 2004110324 19.0 -9997 0.0 0.0
C0G650 2004110401 18.4 -9997 0.0 0.0
C0G650 2004110402 18.1 -9997 0.0 0.0
C0G650 2004110403 18.1 -9997 0.0 0.0
C0G650 2004110404 17.8 -9997 0.0 0.0
C0G650 2004110405 17.7 -9997 0.0 0.0
C0G650 2004110406 17.6 -9997 0.0 0.0
C0G650 2004110407 18.4 -9997 0.0 0.0
C0G650 2004110408 22.2 -9997 0.0 0.0
C0G650 2004110409 24.7 -9997 0.0 0.0
C0G650 2004110410 26.4 -9997 0.8 0.0
C0G650 2004110411 26.6 -9997 0.5 0.0
C0G650 2004110412 27.7 -9997 0.9 0.0
C0G650 2004110413 27.7 -9997 1.0 0.0
C0G650 2004110414 27.6 -9997 0.2 0.0
C0G650 2004110415 26.7 -9997 0.3 0.0
C0G650 2004110416 25.9 -9997 0.3 0.0
C0G650 2004110417 25.0 -9997 0.3 0.0
C0G650 2004110418 23.0 -9997 0.0 0.0
C0G650 2004110419 21.4 -9997 0.0 0.0
C0G650 2004110420 20.6 -9997 0.0 0.0
C0G650 2004110421 20.1 -9997 0.0 0.0
C0G650 2004110422 19.8 -9997 0.0 0.0
C0G650 2004110423 19.2 -9997 0.0 0.0
C0G650 2004110424 18.9 -9997 0.0 0.0
C0G650 2004110501 18.6 -9997 0.0 0.0
C0G650 2004110502 18.3 -9997 0.0 0.0
C0G650 2004110503 18.2 -9997 0.0 0.0
C0G650 2004110504 18.1 -9997 0.0 0.0
C0G650 2004110505 17.9 -9997 0.0 0.0
C0G650 2004110506 17.8 -9997 0.0 0.0
C0G650 2004110507 18.6 -9997 0.0 0.0
C0G650 2004110508 22.6 -9997 0.0 0.0
C0G650 2004110509 25.4 -9997 0.6 0.0
C0G650 2004110510 26.1 -9997 0.7 0.0
C0G650 2004110511 26.2 -9997 0.5 0.0
C0G650 2004110512 27.2 -9997 0.0 0.0
C0G650 2004110513 27.6 -9997 0.6 0.0
C0G650 2004110514 28.2 -9997 0.1 0.0
C0G650 2004110515 28.0 -9997 0.3 0.0
C0G650 2004110516 26.3 -9997 0.1 0.0
C0G650 2004110517 24.5 -9997 0.0 0.0
C0G650 2004110518 23.1 -9997 0.0 0.0
C0G650 2004110519 22.2 -9997 0.0 0.0
C0G650 2004110520 20.5 -9997 0.0 0.0
C0G650 2004110521 20.2 -9997 0.0 0.0
C0G650 2004110522 19.7 -9997 0.0 0.0
C0G650 2004110523 19.4 -9997 0.0 0.0
C0G650 2004110524 19.1 -9997 0.0 0.0
C0G650 2004110601 18.9 -9997 -9997 0.0
C0G650 2004110602 18.7 -9997 0.0 0.0
C0G650 2004110603 18.7 -9997 0.0 0.0
C0G650 2004110604 19.2 -9997 0.0 0.0
C0G650 2004110605 18.1 -9997 0.0 0.0
C0G650 2004110606 17.9 -9997 0.0 0.0
C0G650 2004110607 18.3 -9997 -9997 0.0
C0G650 2004110608 21.6 -9997 0.0 0.0
C0G650 2004110609 25.0 -9997 0.0 0.0
C0G650 2004110610 24.7 -9997 0.0 0.0
C0G650 2004110611 26.9 -9997 0.4 0.0
C0G650 2004110612 27.6 -9997 0.4 0.0
C0G650 2004110613 27.3 -9997 0.4 0.0
C0G650 2004110614 27.2 -9997 1.4 0.0
C0G650 2004110615 27.3 -9997 0.7 0.0
C0G650 2004110616 25.5 -9997 0.6 0.0
C0G650 2004110617 24.3 -9997 0.3 0.0
C0G650 2004110618 23.1 -9997 0.0 0.0
C0G650 2004110619 22.4 -9997 0.0 0.0
C0G650 2004110620 21.1 -9997 0.0 0.0
C0G650 2004110621 20.5 -9997 0.0 0.0
C0G650 2004110622 20.1 -9997 0.0 0.0
C0G650 2004110623 19.8 -9997 0.0 0.0
C0G650 2004110624 19.3 -9997 0.0 0.0
C0G650 2004110701 19.1 -9997 0.0 0.0
C0G650 2004110702 19.2 -9997 0.0 0.0
C0G650 2004110703 18.8 -9997 0.0 0.0
C0G650 2004110704 18.5 -9997 0.0 0.0
C0G650 2004110705 18.3 -9997 0.0 0.0
C0G650 2004110706 19.6 -9997 0.0 0.0
C0G650 2004110707 18.8 -9997 0.0 0.0
C0G650 2004110708 21.4 -9997 0.0 0.0
C0G650 2004110709 25.1 -9997 0.0 0.0
C0G650 2004110710 27.4 -9997 0.0 0.0
C0G650 2004110711 28.2 -9997 0.2 0.0
C0G650 2004110712 28.8 -9997 0.2 0.0
C0G650 2004110713 28.8 -9997 0.2 0.0
C0G650 2004110714 28.3 -9997 0.5 0.0
C0G650 2004110715 27.9 -9997 0.3 0.0
C0G650 2004110716 26.4 -9997 0.1 0.0
C0G650 2004110717 25.1 -9997 0.4 0.0
C0G650 2004110718 23.7 -9997 0.0 0.0
C0G650 2004110719 22.4 -9997 0.0 0.0
C0G650 2004110720 21.3 -9997 0.0 0.0
C0G650 2004110721 20.8 -9997 0.0 0.0
C0G650 2004110722 20.5 -9997 0.0 0.0
C0G650 2004110723 20.3 -9997 0.0 0.0
C0G650 2004110724 20.3 -9997 0.0 0.0
C0G650 2004110801 20.4 -9997 0.0 0.0
C0G650 2004110802 19.2 -9997 0.0 0.0
C0G650 2004110803 18.8 -9997 0.0 0.0
C0G650 2004110804 18.6 -9997 0.0 0.0
C0G650 2004110805 18.2 -9997 0.0 0.0
C0G650 2004110806 17.9 -9997 0.0 0.0
C0G650 2004110807 18.6 -9997 0.0 0.0
C0G650 2004110808 24.4 -9997 0.0 0.0
C0G650 2004110809 24.8 -9997 0.7 0.0
C0G650 2004110810 25.9 -9997 0.5 0.0
C0G650 2004110811 27.9 -9997 0.2 0.0
C0G650 2004110812 28.4 -9997 1.4 0.0
C0G650 2004110813 28.8 -9997 0.3 0.0
C0G650 2004110814 28.8 -9997 0.4 0.0
C0G650 2004110815 28.1 -9997 0.5 0.0
C0G650 2004110816 27.2 -9997 0.1 0.0
C0G650 2004110817 26.1 -9997 0.1 0.0
C0G650 2004110818 24.1 -9997 0.0 0.0
C0G650 2004110819 22.2 -9997 0.0 0.0
C0G650 2004110820 21.2 -9997 0.0 0.0
C0G650 2004110821 20.6 -9997 0.0 0.0
C0G650 2004110822 20.5 -9997 0.0 0.0
C0G650 2004110823 20.3 -9997 0.0 0.0
C0G650 2004110824 19.8 -9997 0.0 0.0
C0G650 2004110901 19.8 -9997 0.0 0.0
C0G650 2004110902 19.7 -9997 0.0 0.0
C0G650 2004110903 19.1 -9997 0.0 0.0
C0G650 2004110904 18.9 -9997 0.0 0.0
C0G650 2004110905 18.7 -9997 0.0 0.0
C0G650 2004110906 17.4 -9997 0.0 0.0
C0G650 2004110907 18.3 -9997 0.0 0.0
C0G650 2004110908 24.6 -9997 0.0 0.0
C0G650 2004110909 26.8 -9997 0.1 0.0
C0G650 2004110910 27.1 -9997 1.2 0.0
C0G650 2004110911 28.7 -9997 0.9 0.0
C0G650 2004110912 29.4 -9997 0.5 0.0
C0G650 2004110913 30.2 -9997 0.5 0.0
C0G650 2004110914 29.4 -9997 0.3 0.0
C0G650 2004110915 28.9 -9997 0.4 0.0
C0G650 2004110916 27.5 -9997 0.3 0.0
C0G650 2004110917 26.4 -9997 0.0 0.0
C0G650 2004110918 24.6 -9997 0.0 0.0
C0G650 2004110919 23.6 -9997 0.0 0.0
C0G650 2004110920 22.0 -9997 0.0 0.0
C0G650 2004110921 21.3 -9997 0.0 0.0
C0G650 2004110922 21.0 -9997 0.0 0.0
C0G650 2004110923 20.5 -9997 0.0 0.0
C0G650 2004110924 20.2 -9997 0.0 0.0
C0G650 2004111001 19.8 -9997 0.0 0.0
C0G650 2004111002 19.7 -9997 0.0 0.0
C0G650 2004111003 20.0 -9997 0.0 0.0
C0G650 2004111004 19.4 -9997 0.0 0.0
C0G650 2004111005 19.1 -9997 0.0 0.0
C0G650 2004111006 19.1 -9997 0.0 0.0
C0G650 2004111007 19.5 -9997 0.0 0.0
C0G650 2004111008 24.5 -9997 0.0 0.0
C0G650 2004111009 -9997 -9997 0.0 0.0
C0G650 2004111010 28.5 -9997 1.0 0.0
C0G650 2004111011 30.0 -9997 0.3 0.0
C0G650 2004111012 30.2 -9997 0.4 0.0
C0G650 2004111013 30.0 -9997 1.6 0.0
C0G650 2004111014 30.3 -9997 1.3 0.0
C0G650 2004111015 30.0 -9997 0.5 0.0
C0G650 2004111016 28.6 -9997 0.5 0.0
C0G650 2004111017 27.1 -9997 0.0 0.0
C0G650 2004111018 25.3 -9997 0.0 0.0
C0G650 2004111019 23.7 -9997 0.0 0.0
C0G650 2004111020 22.7 -9997 0.0 0.0
C0G650 2004111021 21.9 -9997 0.0 0.0
C0G650 2004111022 21.7 -9997 0.0 0.0
C0G650 2004111023 21.2 -9997 0.0 0.0
C0G650 2004111024 20.7 -9997 0.0 0.0
C0G650 2004111101 20.5 -9997 0.0 0.0
C0G650 2004111102 20.5 -9997 0.0 0.0
C0G650 2004111103 19.9 -9997 0.0 0.0
C0G650 2004111104 19.3 -9997 0.0 0.0
C0G650 2004111105 19.2 -9997 0.0 0.0
C0G650 2004111106 18.9 -9997 0.0 0.0
C0G650 2004111107 18.9 -9997 0.0 0.0
C0G650 2004111108 24.2 -9997 0.0 0.0
C0G650 2004111109 26.9 -9997 0.1 0.0
C0G650 2004111110 28.2 -9997 0.2 0.0
C0G650 2004111111 28.9 -9997 0.2 0.0
C0G650 2004111112 29.8 -9997 0.0 0.0
C0G650 2004111113 29.7 -9997 0.9 0.0
C0G650 2004111114 29.5 -9997 0.4 0.0
C0G650 2004111115 29.5 -9997 0.5 0.0
C0G650 2004111116 28.3 -9997 0.5 0.0
C0G650 2004111117 26.0 -9997 0.3 0.0
C0G650 2004111118 24.8 -9997 0.6 0.0
C0G650 2004111119 24.0 -9997 0.0 0.0
C0G650 2004111120 22.8 -9997 0.0 0.0
C0G650 2004111121 21.7 -9997 0.0 0.0
C0G650 2004111122 21.1 -9997 0.0 0.0
C0G650 2004111123 20.7 -9997 0.0 0.0
C0G650 2004111124 20.7 -9997 0.0 0.0
C0G650 2004111201 21.1 -9997 0.0 0.0
C0G650 2004111202 20.2 -9997 0.0 0.0
C0G650 2004111203 20.9 -9997 0.0 0.0
C0G650 2004111204 21.5 -9997 0.0 0.0
C0G650 2004111205 21.6 -9997 0.1 0.0
C0G650 2004111206 20.8 -9997 0.1 0.0
C0G650 2004111207 21.2 -9997 0.2 0.0
C0G650 2004111208 23.5 -9997 0.1 0.0
C0G650 2004111209 25.3 -9997 0.0 0.0
C0G650 2004111210 26.2 -9997 0.3 0.0
C0G650 2004111211 27.9 -9997 0.8 0.0
C0G650 2004111212 30.9 -9997 0.4 0.0
C0G650 2004111213 29.7 -9997 0.2 0.0
C0G650 2004111214 29.8 -9997 0.2 0.0
C0G650 2004111215 29.8 -9997 0.3 0.0
C0G650 2004111216 28.3 -9997 0.3 0.0
C0G650 2004111217 26.0 -9997 0.5 0.0
C0G650 2004111218 24.9 -9997 0.1 0.0
C0G650 2004111219 24.6 -9997 0.1 0.0
C0G650 2004111220 23.5 -9997 0.0 0.0
C0G650 2004111221 22.4 -9997 0.0 0.0
C0G650 2004111222 21.8 -9997 0.0 0.0
C0G650 2004111223 21.5 -9997 0.0 0.0
C0G650 2004111224 21.1 -9997 0.0 0.0
C0G650 2004111301 21.1 -9997 0.0 0.0
C0G650 2004111302 20.8 -9997 0.0 0.0
C0G650 2004111303 20.5 -9997 0.0 0.0
C0G650 2004111304 20.6 -9997 0.0 0.0
C0G650 2004111305 20.1 -9997 0.0 0.0
C0G650 2004111306 18.9 -9997 -9997 0.0
C0G650 2004111307 19.7 -9997 0.1 0.0
C0G650 2004111308 23.4 -9997 0.0 0.0
C0G650 2004111309 26.5 -9997 0.0 0.0
C0G650 2004111310 28.2 -9997 0.0 0.0
C0G650 2004111311 -9997 -9997 0.4 0.0
C0G650 2004111312 30.1 -9997 0.8 0.0
C0G650 2004111313 30.6 -9997 1.0 0.0
C0G650 2004111314 31.0 -9997 1.1 0.0
C0G650 2004111315 29.4 -9997 0.4 0.0
C0G650 2004111316 28.5 -9997 0.1 0.0
C0G650 2004111317 26.1 -9997 0.0 0.0
C0G650 2004111318 25.2 -9997 0.0 0.0
C0G650 2004111319 24.7 -9997 0.0 0.0
C0G650 2004111320 24.4 -9997 0.0 0.0
C0G650 2004111321 23.8 -9997 0.0 0.0
C0G650 2004111322 23.0 -9997 0.0 0.0
C0G650 2004111323 22.4 -9997 0.0 0.0
C0G650 2004111324 22.0 -9997 0.0 0.0
C0G650 2004111401 21.9 -9997 0.0 0.0
C0G650 2004111402 21.3 -9997 0.0 0.0
C0G650 2004111403 20.9 -9997 0.0 0.0
C0G650 2004111404 20.5 -9997 0.0 0.0
C0G650 2004111405 20.1 -9997 0.0 0.0
C0G650 2004111406 20.1 -9997 -9997 0.0
C0G650 2004111407 20.9 -9997 0.0 0.0
C0G650 2004111408 24.1 -9997 0.0 0.0
C0G650 2004111409 26.0 -9997 0.6 0.0
C0G650 2004111410 28.1 -9997 0.0 0.0
C0G650 2004111411 29.5 -9997 0.3 0.0
C0G650 2004111412 30.3 -9997 0.5 0.0
C0G650 2004111413 29.9 -9997 0.2 0.0
C0G650 2004111414 29.6 -9997 0.8 0.0
C0G650 2004111415 29.5 -9997 0.7 0.0
C0G650 2004111416 27.9 -9997 0.4 0.0
C0G650 2004111417 26.1 -9997 0.1 0.0
C0G650 2004111418 25.1 -9997 0.1 0.0
C0G650 2004111419 24.8 -9997 0.1 0.0
C0G650 2004111420 24.1 -9997 0.0 0.0
C0G650 2004111421 23.4 -9997 0.1 0.0
C0G650 2004111422 22.6 -9997 0.0 0.0
C0G650 2004111423 22.6 -9997 0.0 0.0
C0G650 2004111424 22.6 -9997 0.0 0.0
C0G650 2004111501 23.0 -9997 0.0 0.0
C0G650 2004111502 23.0 -9997 0.0 0.0
C0G650 2004111503 22.5 -9997 0.1 0.0
C0G650 2004111504 22.6 -9997 0.8 0.0
C0G650 2004111505 22.7 -9997 0.6 0.0
C0G650 2004111506 22.7 -9997 1.7 0.0
C0G650 2004111507 22.4 -9997 1.4 0.0
C0G650 2004111508 23.5 -9997 1.1 0.0
C0G650 2004111509 24.5 -9997 2.0 0.0
C0G650 2004111510 25.5 -9997 1.2 0.0
C0G650 2004111511 26.9 -9997 0.6 0.0
C0G650 2004111512 27.4 -9997 0.7 0.0
C0G650 2004111513 27.6 -9997 0.9 0.0
C0G650 2004111514 27.1 -9997 2.0 0.0
C0G650 2004111515 25.8 -9997 1.4 0.0
C0G650 2004111516 24.6 -9997 1.5 0.0
C0G650 2004111517 23.1 -9997 1.8 0.0
C0G650 2004111518 22.2 -9997 1.3 0.0
C0G650 2004111519 21.9 -9997 0.2 0.0
C0G650 2004111520 21.2 -9997 0.6 0.0
C0G650 2004111521 20.7 -9997 0.1 0.0
C0G650 2004111522 20.6 -9997 0.1 0.0
C0G650 2004111523 20.4 -9997 0.5 0.0
C0G650 2004111524 20.8 -9997 0.4 0.0
C0G650 2004111601 20.9 -9997 0.0 -9996
C0G650 2004111602 20.7 -9997 0.1 0.0
C0G650 2004111603 20.5 -9997 0.2 0.0
C0G650 2004111604 20.4 -9997 0.3 0.0
C0G650 2004111605 20.5 -9997 0.0 0.0
C0G650 2004111606 20.4 -9997 0.2 0.0
C0G650 2004111607 20.4 -9997 0.1 0.0
C0G650 2004111608 20.9 -9997 1.0 0.0
C0G650 2004111609 21.8 -9997 1.2 0.0
C0G650 2004111610 23.1 -9997 0.9 0.0
C0G650 2004111611 24.7 -9997 1.6 0.0
C0G650 2004111612 25.8 -9997 0.5 0.0
C0G650 2004111613 27.1 -9997 0.2 0.0
C0G650 2004111614 28.0 -9997 0.0 0.0
C0G650 2004111615 26.5 -9997 1.0 0.0
C0G650 2004111616 24.7 -9997 0.4 0.0
C0G650 2004111617 23.3 -9997 1.1 0.0
C0G650 2004111618 21.9 -9997 0.3 0.0
C0G650 2004111619 20.9 -9997 0.2 0.0
C0G650 2004111620 20.2 -9997 0.2 0.0
C0G650 2004111621 20.0 -9997 0.3 0.0
C0G650 2004111622 19.5 -9997 0.0 0.0
C0G650 2004111623 19.6 -9997 0.0 0.0
C0G650 2004111624 19.0 -9997 0.0 0.0
C0G650 2004111701 18.9 -9997 0.0 0.0
C0G650 2004111702 18.6 -9997 0.0 0.0
C0G650 2004111703 18.6 -9997 0.0 0.0
C0G650 2004111704 18.0 -9997 0.0 0.0
C0G650 2004111705 18.0 -9997 0.0 0.0
C0G650 2004111706 17.7 -9997 0.0 0.0
C0G650 2004111707 -9997 -9997 -9997 0.0
C0G650 2004111708 21.3 -9997 0.1 0.0
C0G650 2004111709 22.7 -9997 0.0 0.0
C0G650 2004111710 25.0 -9997 0.2 0.0
C0G650 2004111711 26.0 -9997 0.1 0.0
C0G650 2004111712 25.8 -9997 0.9 0.0
C0G650 2004111713 27.6 -9997 0.8 0.0
C0G650 2004111714 26.3 -9997 0.2 0.0
C0G650 2004111715 26.3 -9997 0.9 0.0
C0G650 2004111716 24.8 -9997 1.3 0.0
C0G650 2004111717 23.1 -9997 1.1 0.0
C0G650 2004111718 22.1 -9997 1.2 0.0
C0G650 2004111719 21.4 -9997 0.8 0.0
C0G650 2004111720 21.1 -9997 1.5 0.0
C0G650 2004111721 20.5 -9997 2.1 0.0
C0G650 2004111722 20.2 -9997 1.5 0.0
C0G650 2004111723 19.7 -9997 2.0 0.0
C0G650 2004111724 19.5 -9997 2.0 0.0
C0G650 2004111801 19.7 -9997 1.8 0.0
C0G650 2004111802 19.4 -9997 2.1 0.0
C0G650 2004111803 18.9 -9997 1.8 0.0
C0G650 2004111804 19.2 -9997 2.0 0.0
C0G650 2004111805 18.9 -9997 2.0 0.0
C0G650 2004111806 18.7 -9997 2.3 0.0
C0G650 2004111807 18.7 -9997 0.2 0.0
C0G650 2004111808 19.9 -9997 1.1 0.0
C0G650 2004111809 21.5 -9997 1.5 0.0
C0G650 2004111810 22.5 -9997 2.4 0.0
C0G650 2004111811 24.2 -9997 1.6 0.0
C0G650 2004111812 25.0 -9997 2.2 0.0
C0G650 2004111813 24.9 -9997 2.3 0.0
C0G650 2004111814 24.8 -9997 2.5 0.0
C0G650 2004111815 23.9 -9997 1.8 0.0
C0G650 2004111816 22.6 -9997 2.9 0.0
C0G650 2004111817 21.3 -9997 1.8 0.0
C0G650 2004111818 20.2 -9997 1.4 0.0
C0G650 2004111819 19.7 -9997 0.6 0.0
C0G650 2004111820 19.1 -9997 0.9 0.0
C0G650 2004111821 19.0 -9997 1.3 0.0
C0G650 2004111822 18.6 -9997 0.5 0.0
C0G650 2004111823 18.1 -9997 1.0 0.0
C0G650 2004111824 17.6 -9997 0.1 0.0
C0G650 2004111901 16.9 -9997 0.0 0.0
C0G650 2004111902 16.1 -9997 0.1 0.0
C0G650 2004111903 15.8 -9997 0.0 0.0
C0G650 2004111904 15.2 -9997 0.0 0.0
C0G650 2004111905 15.8 -9997 0.4 0.0
C0G650 2004111906 15.9 -9997 0.5 0.0
C0G650 2004111907 -9997 -9997 0.3 0.0
C0G650 2004111908 17.6 -9997 0.9 0.0
C0G650 2004111909 19.3 -9997 0.6 0.0
C0G650 2004111910 20.9 -9997 0.4 0.0
C0G650 2004111911 22.1 -9997 0.2 1.5
C0G650 2004111912 25.4 -9997 0.6 0.0
C0G650 2004111913 26.5 -9997 0.7 0.0
C0G650 2004111914 26.7 -9997 0.5 0.0
C0G650 2004111915 24.0 -9997 1.6 0.0
C0G650 2004111916 22.8 -9997 0.8 0.0
C0G650 2004111917 20.6 -9997 0.3 0.0
C0G650 2004111918 19.7 -9997 0.7 0.0
C0G650 2004111919 -9997 -9997 0.0 0.0
C0G650 2004111920 18.1 -9997 0.0 0.0
C0G650 2004111921 16.9 -9997 0.0 0.0
C0G650 2004111922 17.4 -9997 0.5 0.0
C0G650 2004111923 16.2 -9997 0.1 0.0
C0G650 2004111924 15.6 -9997 0.0 0.0
C0G650 2004112001 14.7 -9997 0.0 0.0
C0G650 2004112002 14.0 -9997 0.0 0.0
C0G650 2004112003 13.5 -9997 0.0 0.0
C0G650 2004112004 13.5 -9997 0.0 0.0
C0G650 2004112005 13.2 -9997 0.0 0.0
C0G650 2004112006 12.7 -9997 0.0 0.0
C0G650 2004112007 13.6 -9997 0.0 0.0
C0G650 2004112008 17.2 -9997 0.0 0.0
C0G650 2004112009 19.9 -9997 0.0 0.0
C0G650 2004112010 23.2 -9997 0.0 0.0
C0G650 2004112011 24.3 -9997 0.2 0.0
C0G650 2004112012 24.1 -9997 0.1 0.0
C0G650 2004112013 26.1 -9997 1.1 0.0
C0G650 2004112014 26.1 -9997 0.1 0.0
C0G650 2004112015 24.9 -9997 0.3 0.0
C0G650 2004112016 -9997 -9997 -9997 0.0
C0G650 2004112017 22.4 -9997 0.4 0.0
C0G650 2004112018 21.0 -9997 0.0 0.0
C0G650 2004112019 20.2 -9997 0.0 0.0
C0G650 2004112020 18.3 -9997 0.0 0.0
C0G650 2004112021 17.1 -9997 0.0 0.0
C0G650 2004112022 17.0 -9997 0.0 0.0
C0G650 2004112023 16.1 -9997 0.0 0.0
C0G650 2004112024 -9997 -9997 0.0 0.0
C0G650 2004112101 17.3 -9997 0.0 0.0
C0G650 2004112102 16.5 -9997 0.0 0.0
C0G650 2004112103 16.5 -9997 0.0 0.0
C0G650 2004112104 18.0 -9997 0.3 0.0
C0G650 2004112105 17.5 -9997 0.0 0.0
C0G650 2004112106 15.8 -9997 0.0 0.0
C0G650 2004112107 15.6 -9997 0.0 0.0
C0G650 2004112108 18.5 -9997 0.0 0.0
C0G650 2004112109 21.0 -9997 0.4 0.0
C0G650 2004112110 22.9 -9997 0.0 0.0
C0G650 2004112111 24.1 -9997 0.0 0.0
C0G650 2004112112 24.2 -9997 0.9 0.0
C0G650 2004112113 26.5 -9997 0.7 0.0
C0G650 2004112114 26.8 -9997 0.7 0.0
C0G650 2004112115 26.3 -9997 0.1 0.0
C0G650 2004112116 24.2 -9997 1.3 0.0
C0G650 2004112117 22.9 -9997 0.6 0.0
C0G650 2004112118 21.5 -9997 0.0 0.0
C0G650 2004112119 20.4 -9997 0.0 0.0
C0G650 2004112120 18.7 -9997 0.1 0.0
C0G650 2004112121 17.9 -9997 0.0 0.0
C0G650 2004112122 17.4 -9997 0.0 0.0
C0G650 2004112123 16.9 -9997 0.0 0.0
C0G650 2004112124 16.8 -9997 0.0 0.0
C0G650 2004112201 16.2 -9997 -9997 -9996
C0G650 2004112202 16.1 -9997 0.0 0.0
C0G650 2004112203 -9997 -9997 -9997 0.0
C0G650 2004112204 15.6 -9997 0.0 0.0
C0G650 2004112205 15.3 -9997 0.0 0.0
C0G650 2004112206 15.2 -9997 0.0 0.0
C0G650 2004112207 15.7 -9997 0.0 0.0
C0G650 2004112208 19.5 -9997 0.0 0.0
C0G650 2004112209 22.2 -9997 0.0 0.0
C0G650 2004112210 24.4 -9997 0.3 0.0
C0G650 2004112211 26.5 -9997 0.2 0.0
C0G650 2004112212 26.9 -9997 1.1 0.0
C0G650 2004112213 26.7 -9997 0.0 0.0
C0G650 2004112214 26.9 -9997 0.0 0.0
C0G650 2004112215 27.1 -9997 0.4 0.0
C0G650 2004112216 24.9 -9997 0.4 0.0
C0G650 2004112217 23.8 -9997 0.0 0.0
C0G650 2004112218 22.4 -9997 0.0 0.0
C0G650 2004112219 21.5 -9997 0.0 0.0
C0G650 2004112220 20.9 -9997 0.1 0.0
C0G650 2004112221 20.2 -9997 0.0 0.0
C0G650 2004112222 19.1 -9997 0.0 0.0
C0G650 2004112223 18.4 -9997 0.0 0.0
C0G650 2004112224 18.0 -9997 0.0 0.0
C0G650 2004112301 16.7 -9997 0.0 0.0
C0G650 2004112302 18.3 -9997 0.0 0.0
C0G650 2004112303 18.2 -9997 0.0 0.0
C0G650 2004112304 17.8 -9997 0.0 0.0
C0G650 2004112305 18.0 -9997 0.0 0.0
C0G650 2004112306 17.6 -9997 0.0 0.0
C0G650 2004112307 18.0 -9997 0.0 0.0
C0G650 2004112308 19.3 -9997 0.0 0.0
C0G650 2004112309 20.6 -9997 0.0 0.0
C0G650 2004112310 23.1 -9997 0.0 0.0
C0G650 2004112311 24.6 -9997 0.0 0.0
C0G650 2004112312 25.9 -9997 0.0 0.0
C0G650 2004112313 26.7 -9997 0.0 0.0
C0G650 2004112314 26.9 -9997 0.1 0.0
C0G650 2004112315 26.7 -9997 0.0 0.0
C0G650 2004112316 25.0 -9997 0.0 0.0
C0G650 2004112317 24.5 -9997 -9997 0.0
C0G650 2004112318 23.3 -9997 0.0 0.0
C0G650 2004112319 22.5 -9997 0.0 0.0
C0G650 2004112320 21.9 -9997 0.0 0.0
C0G650 2004112321 21.6 -9997 0.0 0.0
C0G650 2004112322 21.3 -9997 0.0 0.0
C0G650 2004112323 21.1 -9997 0.0 0.0
C0G650 2004112324 21.0 -9997 0.0 0.0
C0G650 2004112401 20.9 -9997 0.0 0.0
C0G650 2004112402 20.9 -9997 0.0 0.0
C0G650 2004112403 20.7 -9997 0.0 0.0
C0G650 2004112404 20.4 -9997 0.0 0.0
C0G650 2004112405 20.5 -9997 0.0 0.0
C0G650 2004112406 20.2 -9997 0.0 0.0
C0G650 2004112407 20.2 -9997 0.0 0.0
C0G650 2004112408 20.3 -9997 0.0 0.0
C0G650 2004112409 21.6 -9997 0.0 0.0
C0G650 2004112410 22.8 -9997 0.5 0.0
C0G650 2004112411 24.5 -9997 1.4 0.0
C0G650 2004112412 25.7 -9997 0.7 0.0
C0G650 2004112413 26.6 -9997 0.2 0.0
C0G650 2004112414 27.2 -9997 0.0 0.0
C0G650 2004112415 27.7 -9997 0.6 0.0
C0G650 2004112416 27.1 -9997 0.0 0.0
C0G650 2004112417 25.1 -9997 0.0 0.0
C0G650 2004112418 24.2 -9997 0.0 0.0
C0G650 2004112419 23.3 -9997 0.0 0.0
C0G650 2004112420 22.8 -9997 0.0 0.0
C0G650 2004112421 22.4 -9997 0.0 0.0
C0G650 2004112422 22.1 -9997 -9997 0.0
C0G650 2004112423 21.9 -9997 0.0 0.0
C0G650 2004112424 21.4 -9997 0.0 0.0
C0G650 2004112501 20.7 -9997 0.0 0.0
C0G650 2004112502 20.5 -9997 0.0 0.0
C0G650 2004112503 20.5 -9997 0.0 0.0
C0G650 2004112504 19.9 -9997 0.0 0.0
C0G650 2004112505 19.5 -9997 0.0 0.0
C0G650 2004112506 19.6 -9997 0.0 0.0
C0G650 2004112507 19.9 -9997 0.0 0.0
C0G650 2004112508 20.7 -9997 0.0 0.0
C0G650 2004112509 23.7 -9997 0.8 0.0
C0G650 2004112510 25.8 -9997 0.4 0.0
C0G650 2004112511 27.6 -9997 1.6 0.0
C0G650 2004112512 29.0 -9997 1.6 0.0
C0G650 2004112513 29.2 -9997 1.0 0.0
C0G650 2004112514 29.8 -9997 0.6 0.0
C0G650 2004112515 -9997 -9997 0.0 0.0
C0G650 2004112516 28.4 -9997 0.0 0.0
C0G650 2004112517 26.9 -9997 0.0 0.0
C0G650 2004112518 24.9 -9997 0.0 0.0
C0G650 2004112519 23.9 -9997 0.0 0.0
C0G650 2004112520 22.8 -9997 0.0 0.0
C0G650 2004112521 22.3 -9997 0.0 0.0
C0G650 2004112522 22.0 -9997 0.0 0.0
C0G650 2004112523 21.9 -9997 0.0 0.0
C0G650 2004112524 21.8 -9997 0.0 0.0
C0G650 2004112601 21.5 -9997 0.0 0.0
C0G650 2004112602 21.0 -9997 0.0 0.0
C0G650 2004112603 20.8 -9997 0.0 0.0
C0G650 2004112604 21.0 -9997 0.0 0.0
C0G650 2004112605 21.3 -9997 0.0 0.0
C0G650 2004112606 21.7 -9997 0.0 0.0
C0G650 2004112607 21.9 -9997 0.0 0.0
C0G650 2004112608 23.6 -9997 0.0 0.0
C0G650 2004112609 24.0 -9997 1.2 0.0
C0G650 2004112610 25.2 -9997 0.3 0.0
C0G650 2004112611 25.7 -9997 0.3 0.0
C0G650 2004112612 25.6 -9997 0.2 0.0
C0G650 2004112613 26.9 -9997 0.0 0.0
C0G650 2004112614 25.9 -9997 0.6 0.0
C0G650 2004112615 26.0 -9997 0.8 0.0
C0G650 2004112616 24.1 -9997 0.9 0.0
C0G650 2004112617 22.5 -9997 1.6 0.0
C0G650 2004112618 21.5 -9997 0.8 0.0
C0G650 2004112619 20.8 -9997 0.1 0.0
C0G650 2004112620 20.5 -9997 0.1 0.0
C0G650 2004112621 20.1 -9997 0.0 0.0
C0G650 2004112622 19.6 -9997 0.9 0.0
C0G650 2004112623 19.5 -9997 0.5 0.0
C0G650 2004112624 19.6 -9997 -9997 0.0
C0G650 2004112701 19.5 -9997 0.3 0.0
C0G650 2004112702 19.0 -9997 0.8 0.0
C0G650 2004112703 18.9 -9997 0.0 0.0
C0G650 2004112704 18.8 -9997 0.2 0.0
C0G650 2004112705 18.6 -9997 0.0 0.0
C0G650 2004112706 18.5 -9997 0.2 0.0
C0G650 2004112707 18.4 -9997 0.0 0.0
C0G650 2004112708 18.8 -9997 0.7 0.0
C0G650 2004112709 20.2 -9997 0.1 0.0
C0G650 2004112710 20.8 -9997 0.7 0.0
C0G650 2004112711 20.7 -9997 1.0 0.0
C0G650 2004112712 21.1 -9997 1.2 0.0
C0G650 2004112713 22.6 -9997 0.3 0.0
C0G650 2004112714 22.8 -9997 1.7 0.0
C0G650 2004112715 22.6 -9997 1.4 0.0
C0G650 2004112716 22.4 -9997 0.9 0.0
C0G650 2004112717 21.1 -9997 0.9 0.0
C0G650 2004112718 20.0 -9997 0.9 0.0
C0G650 2004112719 19.2 -9997 0.0 0.0
C0G650 2004112720 19.0 -9997 0.0 0.0
C0G650 2004112721 18.4 -9997 0.0 0.0
C0G650 2004112722 18.0 -9997 0.0 0.0
C0G650 2004112723 17.5 -9997 0.0 0.0
C0G650 2004112724 16.9 -9997 0.0 0.0
C0G650 2004112801 17.0 -9997 0.0 0.0
C0G650 2004112802 17.4 -9997 0.0 0.0
C0G650 2004112803 17.8 -9997 0.0 0.0
C0G650 2004112804 18.1 -9997 0.0 0.0
C0G650 2004112805 18.0 -9997 0.2 0.0
C0G650 2004112806 18.0 -9997 0.0 0.0
C0G650 2004112807 18.6 -9997 0.0 0.0
C0G650 2004112808 19.2 -9997 0.2 0.0
C0G650 2004112809 20.5 -9997 0.0 0.0
C0G650 2004112810 21.2 -9997 0.0 0.0
C0G650 2004112811 23.2 -9997 0.1 0.0
C0G650 2004112812 23.9 -9997 0.2 0.0
C0G650 2004112813 25.3 -9997 0.1 0.0
C0G650 2004112814 25.4 -9997 0.5 0.0
C0G650 2004112815 25.2 -9997 0.7 0.0
C0G650 2004112816 24.7 -9997 0.9 0.0
C0G650 2004112817 23.4 -9997 0.1 0.0
C0G650 2004112818 21.8 -9997 0.9 0.0
C0G650 2004112819 20.9 -9997 0.3 0.0
C0G650 2004112820 20.0 -9997 0.0 0.0
C0G650 2004112821 18.7 -9997 0.0 0.0
C0G650 2004112822 18.5 -9997 -9997 0.0
C0G650 2004112823 18.0 -9997 0.0 0.0
C0G650 2004112824 17.0 -9997 0.0 0.0
C0G650 2004112901 16.4 -9997 0.0 0.0
C0G650 2004112902 15.9 -9997 0.0 0.0
C0G650 2004112903 16.4 -9997 0.0 0.0
C0G650 2004112904 16.0 -9997 0.0 0.0
C0G650 2004112905 -9997 -9997 0.0 0.0
C0G650 2004112906 15.8 -9997 0.0 0.0
C0G650 2004112907 15.6 -9997 0.0 0.0
C0G650 2004112908 17.9 -9997 0.0 0.0
C0G650 2004112909 19.3 -9997 0.1 0.0
C0G650 2004112910 -9997 -9997 -9997 0.0
C0G650 2004112911 24.6 -9997 0.3 0.0
C0G650 2004112912 25.8 -9997 0.1 0.0
C0G650 2004112913 26.0 -9997 0.1 0.0
C0G650 2004112914 27.1 -9997 0.1 0.0
C0G650 2004112915 25.7 -9997 0.3 0.0
C0G650 2004112916 24.4 -9997 0.1 0.0
C0G650 2004112917 23.0 -9997 0.0 0.0
C0G650 2004112918 21.6 -9997 0.0 0.0
C0G650 2004112919 20.7 -9997 0.0 0.0
C0G650 2004112920 19.2 -9997 0.0 0.0
C0G650 2004112921 18.9 -9997 0.0 0.0
C0G650 2004112922 -9997 -9997 0.0 0.0
C0G650 2004112923 18.2 -9997 0.0 0.0
C0G650 2004112924 16.6 -9997 0.0 0.0
C0G650 2004113001 17.1 -9997 0.0 0.0
C0G650 2004113002 17.2 -9997 0.0 0.0
C0G650 2004113003 16.9 -9997 0.0 0.0
C0G650 2004113004 17.4 -9997 0.0 0.0
C0G650 2004113005 17.6 -9997 0.0 0.0
C0G650 2004113006 17.7 -9997 0.0 0.0
C0G650 2004113007 -9997 -9997 0.0 0.0
C0G650 2004113008 -9997 -9997 -9997 0.0
C0G650 2004113009 22.0 -9997 0.0 0.0
C0G650 2004113010 24.6 -9997 0.0 0.0
C0G650 2004113011 26.1 -9997 0.3 0.0
C0G650 2004113012 27.4 -9997 0.1 0.0
C0G650 2004113013 25.7 -9997 0.9 0.0
C0G650 2004113014 26.3 -9997 0.0 0.0
C0G650 2004113015 25.8 -9997 0.6 0.0
C0G650 2004113016 25.1 -9997 0.7 0.0
C0G650 2004113017 24.0 -9997 0.5 0.0
C0G650 2004113018 23.4 -9997 0.6 0.0
C0G650 2004113019 22.3 -9997 0.0 0.0
C0G650 2004113020 21.6 -9997 0.0 0.0
C0G650 2004113021 20.9 -9997 0.0 0.0
C0G650 2004113022 20.6 -9997 0.0 0.0
C0G650 2004113023 20.6 -9997 0.0 0.0
C0G650 2004113024 20.1 -9997 0.0 0.0
C0G660 2004110101 -9999 -9999 -9999 0.0
C0G660 2004110102 -9999 -9999 -9999 0.0
C0G660 2004110103 -9999 -9999 -9999 0.0
C0G660 2004110104 -9999 -9999 -9999 0.0
C0G660 2004110105 -9999 -9999 -9999 0.0
C0G660 2004110106 -9999 -9999 -9999 0.0
C0G660 2004110107 -9999 -9999 -9999 0.0
C0G660 2004110108 -9999 -9999 -9999 0.0
C0G660 2004110109 -9999 -9999 -9999 0.0
C0G660 2004110110 -9999 -9999 -9999 0.0
C0G660 2004110111 -9999 -9999 -9999 0.0
C0G660 2004110112 -9999 -9999 -9999 0.0
C0G660 2004110113 -9999 -9999 -9999 0.0
C0G660 2004110114 -9999 -9999 -9999 0.0
C0G660 2004110115 -9999 -9999 -9999 0.0
C0G660 2004110116 -9999 -9999 -9999 0.0
C0G660 2004110117 -9999 -9999 -9999 0.0
C0G660 2004110118 -9999 -9999 -9999 0.0
C0G660 2004110119 -9999 -9999 -9999 0.0
C0G660 2004110120 -9999 -9999 -9999 0.0
C0G660 2004110121 -9999 -9999 -9999 0.0
C0G660 2004110122 -9999 -9999 -9999 0.0
C0G660 2004110123 -9999 -9999 -9999 0.0
C0G660 2004110124 -9999 -9999 -9999 0.0
C0G660 2004110201 -9999 -9999 -9999 0.0
C0G660 2004110202 -9999 -9999 -9999 0.0
C0G660 2004110203 -9999 -9999 -9999 0.0
C0G660 2004110204 -9999 -9999 -9999 0.0
C0G660 2004110205 -9999 -9999 -9999 0.0
C0G660 2004110206 -9999 -9999 -9999 0.0
C0G660 2004110207 -9999 -9999 -9999 0.0
C0G660 2004110208 -9999 -9999 -9999 0.0
C0G660 2004110209 -9999 -9999 -9999 0.0
C0G660 2004110210 -9999 -9999 -9999 0.0
C0G660 2004110211 -9999 -9999 -9999 0.0
C0G660 2004110212 -9999 -9999 -9999 0.0
C0G660 2004110213 -9999 -9999 -9999 0.0
C0G660 2004110214 -9999 -9999 -9999 0.0
C0G660 2004110215 -9999 -9999 -9999 0.0
C0G660 2004110216 -9999 -9999 -9999 0.0
C0G660 2004110217 -9999 -9999 -9999 0.0
C0G660 2004110218 -9999 -9999 -9999 0.0
C0G660 2004110219 -9999 -9999 -9999 0.0
C0G660 2004110220 -9999 -9999 -9999 0.0
C0G660 2004110221 -9999 -9999 -9999 0.0
C0G660 2004110222 -9999 -9999 -9999 0.0
C0G660 2004110223 -9999 -9999 -9999 0.0
C0G660 2004110224 -9999 -9999 -9999 0.0
C0G660 2004110301 -9999 -9999 -9999 0.0
C0G660 2004110302 -9999 -9999 -9999 0.0
C0G660 2004110303 -9999 -9999 -9999 0.0
C0G660 2004110304 -9999 -9999 -9999 0.0
C0G660 2004110305 -9999 -9999 -9999 0.0
C0G660 2004110306 -9999 -9999 -9999 0.0
C0G660 2004110307 -9999 -9999 -9999 0.0
C0G660 2004110308 -9999 -9999 -9999 0.0
C0G660 2004110309 -9999 -9999 -9999 0.0
C0G660 2004110310 -9999 -9999 -9999 0.0
C0G660 2004110311 -9999 -9999 -9999 0.0
C0G660 2004110312 -9999 -9999 -9999 0.0
C0G660 2004110313 -9999 -9999 -9999 0.0
C0G660 2004110314 -9999 -9999 -9999 0.0
C0G660 2004110315 -9999 -9999 -9999 0.0
C0G660 2004110316 -9999 -9999 -9999 0.0
C0G660 2004110317 -9999 -9999 -9999 0.0
C0G660 2004110318 -9999 -9999 -9999 0.0
C0G660 2004110319 -9999 -9999 -9999 0.0
C0G660 2004110320 -9999 -9999 -9999 0.0
C0G660 2004110321 -9999 -9999 -9999 0.0
C0G660 2004110322 -9999 -9999 -9999 0.0
C0G660 2004110323 -9999 -9999 -9999 0.0
C0G660 2004110324 -9999 -9999 -9999 0.0
C0G660 2004110401 -9999 -9999 -9999 0.0
C0G660 2004110402 -9999 -9999 -9999 0.0
C0G660 2004110403 -9999 -9999 -9999 0.0
C0G660 2004110404 -9999 -9999 -9999 0.0
C0G660 2004110405 -9999 -9999 -9999 0.0
C0G660 2004110406 -9999 -9999 -9999 0.0
C0G660 2004110407 -9999 -9999 -9999 0.0
C0G660 2004110408 -9999 -9999 -9999 0.0
C0G660 2004110409 -9999 -9999 -9999 0.0
C0G660 2004110410 -9999 -9999 -9999 0.0
C0G660 2004110411 -9999 -9999 -9999 0.0
C0G660 2004110412 -9999 -9999 -9999 0.0
C0G660 2004110413 -9999 -9999 -9999 0.0
C0G660 2004110414 -9999 -9999 -9999 0.0
C0G660 2004110415 -9999 -9999 -9999 0.0
C0G660 2004110416 -9999 -9999 -9999 0.0
C0G660 2004110417 -9999 -9999 -9999 0.0
C0G660 2004110418 -9999 -9999 -9999 0.0
C0G660 2004110419 -9999 -9999 -9999 0.0
C0G660 2004110420 -9999 -9999 -9999 0.0
C0G660 2004110421 -9999 -9999 -9999 0.0
C0G660 2004110422 -9999 -9999 -9999 0.0
C0G660 2004110423 -9999 -9999 -9999 0.0
C0G660 2004110424 -9999 -9999 -9999 0.0
C0G660 2004110501 -9999 -9999 -9999 0.0
C0G660 2004110502 -9999 -9999 -9999 0.0
C0G660 2004110503 -9999 -9999 -9999 0.0
C0G660 2004110504 -9999 -9999 -9999 0.0
C0G660 2004110505 -9999 -9999 -9999 0.0
C0G660 2004110506 -9999 -9999 -9999 0.0
C0G660 2004110507 -9999 -9999 -9999 0.0
C0G660 2004110508 -9999 -9999 -9999 0.0
C0G660 2004110509 -9999 -9999 -9999 0.0
C0G660 2004110510 -9999 -9999 -9999 0.0
C0G660 2004110511 -9999 -9999 -9999 0.0
C0G660 2004110512 -9999 -9999 -9999 0.0
C0G660 2004110513 -9999 -9999 -9999 0.0
C0G660 2004110514 -9999 -9999 -9999 0.0
C0G660 2004110515 -9999 -9999 -9999 0.0
C0G660 2004110516 -9999 -9999 -9999 0.0
C0G660 2004110517 -9999 -9999 -9999 0.0
C0G660 2004110518 -9999 -9999 -9999 0.0
C0G660 2004110519 -9999 -9999 -9999 0.0
C0G660 2004110520 -9999 -9999 -9999 0.0
C0G660 2004110521 -9999 -9999 -9999 0.0
C0G660 2004110522 -9999 -9999 -9999 0.0
C0G660 2004110523 -9999 -9999 -9999 0.0
C0G660 2004110524 -9999 -9999 -9999 0.0
C0G660 2004110601 -9999 -9999 -9999 0.0
C0G660 2004110602 -9999 -9999 -9999 0.0
C0G660 2004110603 -9999 -9999 -9999 0.0
C0G660 2004110604 -9999 -9999 -9999 0.0
C0G660 2004110605 -9999 -9999 -9999 0.0
C0G660 2004110606 -9999 -9999 -9999 0.0
C0G660 2004110607 -9999 -9999 -9999 0.0
C0G660 2004110608 -9999 -9999 -9999 0.0
C0G660 2004110609 -9999 -9999 -9999 0.0
C0G660 2004110610 -9999 -9999 -9999 0.0
C0G660 2004110611 -9999 -9999 -9999 0.0
C0G660 2004110612 -9999 -9999 -9999 0.0
C0G660 2004110613 -9999 -9999 -9999 0.0
C0G660 2004110614 -9999 -9999 -9999 0.0
C0G660 2004110615 -9999 -9999 -9999 0.0
C0G660 2004110616 -9999 -9999 -9999 0.0
C0G660 2004110617 -9999 -9999 -9999 0.0
C0G660 2004110618 -9999 -9999 -9999 0.0
C0G660 2004110619 -9999 -9999 -9999 0.0
C0G660 2004110620 -9999 -9999 -9999 0.0
C0G660 2004110621 -9999 -9999 -9999 0.0
C0G660 2004110622 -9999 -9999 -9999 0.0
C0G660 2004110623 -9999 -9999 -9999 0.0
C0G660 2004110624 -9999 -9999 -9999 0.0
C0G660 2004110701 -9999 -9999 -9999 -9996
C0G660 2004110702 -9999 -9999 -9999 0.0
C0G660 2004110703 -9999 -9999 -9999 0.0
C0G660 2004110704 -9999 -9999 -9999 0.0
C0G660 2004110705 -9999 -9999 -9999 0.0
C0G660 2004110706 -9999 -9999 -9999 0.0
C0G660 2004110707 -9999 -9999 -9999 0.0
C0G660 2004110708 -9999 -9999 -9999 0.0
C0G660 2004110709 -9999 -9999 -9999 0.0
C0G660 2004110710 -9999 -9999 -9999 0.0
C0G660 2004110711 -9999 -9999 -9999 0.0
C0G660 2004110712 -9999 -9999 -9999 0.0
C0G660 2004110713 -9999 -9999 -9999 0.0
C0G660 2004110714 -9999 -9999 -9999 0.0
C0G660 2004110715 -9999 -9999 -9999 0.0
C0G660 2004110716 -9999 -9999 -9999 0.0
C0G660 2004110717 -9999 -9999 -9999 0.0
C0G660 2004110718 -9999 -9999 -9999 0.0
C0G660 2004110719 -9999 -9999 -9999 0.0
C0G660 2004110720 -9999 -9999 -9999 0.0
C0G660 2004110721 -9999 -9999 -9999 0.0
C0G660 2004110722 -9999 -9999 -9999 0.0
C0G660 2004110723 -9999 -9999 -9999 0.0
C0G660 2004110724 -9999 -9999 -9999 0.0
C0G660 2004110801 -9999 -9999 -9999 0.0
C0G660 2004110802 -9999 -9999 -9999 0.0
C0G660 2004110803 -9999 -9999 -9999 0.0
C0G660 2004110804 -9999 -9999 -9999 0.0
C0G660 2004110805 -9999 -9999 -9999 0.0
C0G660 2004110806 -9999 -9999 -9999 0.0
C0G660 2004110807 -9999 -9999 -9999 0.0
C0G660 2004110808 -9999 -9999 -9999 0.0
C0G660 2004110809 -9999 -9999 -9999 0.0
C0G660 2004110810 -9999 -9999 -9999 0.0
C0G660 2004110811 -9999 -9999 -9999 0.0
C0G660 2004110812 -9999 -9999 -9999 0.0
C0G660 2004110813 -9999 -9999 -9999 0.0
C0G660 2004110814 -9999 -9999 -9999 0.0
C0G660 2004110815 -9999 -9999 -9999 0.0
C0G660 2004110816 -9999 -9999 -9999 0.0
C0G660 2004110817 -9999 -9999 -9999 0.0
C0G660 2004110818 -9999 -9999 -9999 0.0
C0G660 2004110819 -9999 -9999 -9999 0.0
C0G660 2004110820 -9999 -9999 -9999 0.0
C0G660 2004110821 -9999 -9999 -9999 0.0
C0G660 2004110822 -9999 -9999 -9999 0.0
C0G660 2004110823 -9999 -9999 -9999 0.0
C0G660 2004110824 -9999 -9999 -9999 0.0
C0G660 2004110901 -9999 -9999 -9999 0.0
C0G660 2004110902 -9999 -9999 -9999 0.0
C0G660 2004110903 -9999 -9999 -9999 0.0
C0G660 2004110904 -9999 -9999 -9999 0.0
C0G660 2004110905 -9999 -9999 -9999 0.0
C0G660 2004110906 -9999 -9999 -9999 0.0
C0G660 2004110907 -9999 -9999 -9999 0.0
C0G660 2004110908 -9999 -9999 -9999 0.0
C0G660 2004110909 -9999 -9999 -9999 0.0
C0G660 2004110910 -9999 -9999 -9999 0.0
C0G660 2004110911 -9999 -9999 -9999 0.0
C0G660 2004110912 -9999 -9999 -9999 0.0
C0G660 2004110913 -9999 -9999 -9999 0.0
C0G660 2004110914 -9999 -9999 -9999 0.0
C0G660 2004110915 -9999 -9999 -9999 0.0
C0G660 2004110916 -9999 -9999 -9999 0.0
C0G660 2004110917 -9999 -9999 -9999 0.0
C0G660 2004110918 -9999 -9999 -9999 0.0
C0G660 2004110919 -9999 -9999 -9999 0.0
C0G660 2004110920 -9999 -9999 -9999 0.0
C0G660 2004110921 -9999 -9999 -9999 0.0
C0G660 2004110922 -9999 -9999 -9999 0.0
C0G660 2004110923 -9999 -9999 -9999 0.0
C0G660 2004110924 -9999 -9999 -9999 0.0
C0G660 2004111001 -9999 -9999 -9999 0.0
C0G660 2004111002 -9999 -9999 -9999 0.0
C0G660 2004111003 -9999 -9999 -9999 0.0
C0G660 2004111004 -9999 -9999 -9999 0.0
C0G660 2004111005 -9999 -9999 -9999 0.0
C0G660 2004111006 -9999 -9999 -9999 0.0
C0G660 2004111007 -9999 -9999 -9999 0.0
C0G660 2004111008 -9999 -9999 -9999 0.0
C0G660 2004111009 -9999 -9999 -9999 0.0
C0G660 2004111010 -9999 -9999 -9999 0.0
C0G660 2004111011 -9999 -9999 -9999 0.0
C0G660 2004111012 -9999 -9999 -9999 0.0
C0G660 2004111013 -9999 -9999 -9999 0.0
C0G660 2004111014 -9999 -9999 -9999 0.0
C0G660 2004111015 -9999 -9999 -9999 0.0
C0G660 2004111016 -9999 -9999 -9999 0.0
C0G660 2004111017 -9999 -9999 -9999 0.0
C0G660 2004111018 -9999 -9999 -9999 0.0
C0G660 2004111019 -9999 -9999 -9999 0.0
C0G660 2004111020 -9999 -9999 -9999 0.0
C0G660 2004111021 -9999 -9999 -9999 0.0
C0G660 2004111022 -9999 -9999 -9999 0.0
C0G660 2004111023 -9999 -9999 -9999 0.0
C0G660 2004111024 -9999 -9999 -9999 0.0
C0G660 2004111101 -9999 -9999 -9999 -9996
C0G660 2004111102 -9999 -9999 -9999 0.0
C0G660 2004111103 -9999 -9999 -9999 0.0
C0G660 2004111104 -9999 -9999 -9999 0.0
C0G660 2004111105 -9999 -9999 -9999 0.0
C0G660 2004111106 -9999 -9999 -9999 0.0
C0G660 2004111107 -9999 -9999 -9999 0.0
C0G660 2004111108 -9999 -9999 -9999 0.0
C0G660 2004111109 -9999 -9999 -9999 0.0
C0G660 2004111110 -9999 -9999 -9999 0.0
C0G660 2004111111 -9999 -9999 -9999 0.0
C0G660 2004111112 -9999 -9999 -9999 0.0
C0G660 2004111113 -9999 -9999 -9999 0.0
C0G660 2004111114 -9999 -9999 -9999 0.0
C0G660 2004111115 -9999 -9999 -9999 0.0
C0G660 2004111116 -9999 -9999 -9999 0.0
C0G660 2004111117 -9999 -9999 -9999 1.0
C0G660 2004111118 -9999 -9999 -9999 0.0
C0G660 2004111119 -9999 -9999 -9999 0.0
C0G660 2004111120 -9999 -9999 -9999 0.0
C0G660 2004111121 -9999 -9999 -9999 0.0
C0G660 2004111122 -9999 -9999 -9999 0.0
C0G660 2004111123 -9999 -9999 -9999 0.0
C0G660 2004111124 -9999 -9999 -9999 0.0
C0G660 2004111201 -9999 -9999 -9999 0.0
C0G660 2004111202 -9999 -9999 -9999 0.0
C0G660 2004111203 -9999 -9999 -9999 0.0
C0G660 2004111204 -9999 -9999 -9999 0.0
C0G660 2004111205 -9999 -9999 -9999 0.0
C0G660 2004111206 -9999 -9999 -9999 0.0
C0G660 2004111207 -9999 -9999 -9999 0.0
C0G660 2004111208 -9999 -9999 -9999 0.0
C0G660 2004111209 -9999 -9999 -9999 0.0
C0G660 2004111210 -9999 -9999 -9999 0.0
C0G660 2004111211 -9999 -9999 -9999 0.0
C0G660 2004111212 -9999 -9999 -9999 0.0
C0G660 2004111213 -9999 -9999 -9999 0.0
C0G660 2004111214 -9999 -9999 -9999 0.0
C0G660 2004111215 -9999 -9999 -9999 0.0
C0G660 2004111216 -9999 -9999 -9999 0.0
C0G660 2004111217 -9999 -9999 -9999 0.0
C0G660 2004111218 -9999 -9999 -9999 0.0
C0G660 2004111219 -9999 -9999 -9999 0.0
C0G660 2004111220 -9999 -9999 -9999 0.0
C0G660 2004111221 -9999 -9999 -9999 0.0
C0G660 2004111222 -9999 -9999 -9999 0.0
C0G660 2004111223 -9999 -9999 -9999 0.0
C0G660 2004111224 -9999 -9999 -9999 0.0
C0G660 2004111301 -9999 -9999 -9999 0.0
C0G660 2004111302 -9999 -9999 -9999 0.0
C0G660 2004111303 -9999 -9999 -9999 0.0
C0G660 2004111304 -9999 -9999 -9999 0.0
C0G660 2004111305 -9999 -9999 -9999 0.0
C0G660 2004111306 -9999 -9999 -9999 0.0
C0G660 2004111307 -9999 -9999 -9999 0.0
C0G660 2004111308 -9999 -9999 -9999 0.0
C0G660 2004111309 -9999 -9999 -9999 0.0
C0G660 2004111310 -9999 -9999 -9999 0.0
C0G660 2004111311 -9999 -9999 -9999 0.0
C0G660 2004111312 -9999 -9999 -9999 0.0
C0G660 2004111313 -9999 -9999 -9999 0.0
C0G660 2004111314 -9999 -9999 -9999 0.0
C0G660 2004111315 -9999 -9999 -9999 0.0
C0G660 2004111316 -9999 -9999 -9999 0.0
C0G660 2004111317 -9999 -9999 -9999 0.0
C0G660 2004111318 -9999 -9999 -9999 0.0
C0G660 2004111319 -9999 -9999 -9999 0.0
C0G660 2004111320 -9999 -9999 -9999 0.0
C0G660 2004111321 -9999 -9999 -9999 0.0
C0G660 2004111322 -9999 -9999 -9999 0.0
C0G660 2004111323 -9999 -9999 -9999 0.0
C0G660 2004111324 -9999 -9999 -9999 0.0
C0G660 2004111401 -9999 -9999 -9999 0.0
C0G660 2004111402 -9999 -9999 -9999 0.0
C0G660 2004111403 -9999 -9999 -9999 0.0
C0G660 2004111404 -9999 -9999 -9999 0.0
C0G660 2004111405 -9999 -9999 -9999 0.0
C0G660 2004111406 -9999 -9999 -9999 0.0
C0G660 2004111407 -9999 -9999 -9999 0.0
C0G660 2004111408 -9999 -9999 -9999 0.0
C0G660 2004111409 -9999 -9999 -9999 0.0
C0G660 2004111410 -9999 -9999 -9999 0.0
C0G660 2004111411 -9999 -9999 -9999 0.0
C0G660 2004111412 -9999 -9999 -9999 0.0
C0G660 2004111413 -9999 -9999 -9999 0.0
C0G660 2004111414 -9999 -9999 -9999 0.0
C0G660 2004111415 -9999 -9999 -9999 0.0
C0G660 2004111416 -9999 -9999 -9999 0.0
C0G660 2004111417 -9999 -9999 -9999 0.0
C0G660 2004111418 -9999 -9999 -9999 0.0
C0G660 2004111419 -9999 -9999 -9999 0.0
C0G660 2004111420 -9999 -9999 -9999 0.0
C0G660 2004111421 -9999 -9999 -9999 0.0
C0G660 2004111422 -9999 -9999 -9999 0.0
C0G660 2004111423 -9999 -9999 -9999 0.0
C0G660 2004111424 -9999 -9999 -9999 0.0
C0G660 2004111501 -9999 -9999 -9999 0.0
C0G660 2004111502 -9999 -9999 -9999 0.0
C0G660 2004111503 -9999 -9999 -9999 0.0
C0G660 2004111504 -9999 -9999 -9999 0.0
C0G660 2004111505 -9999 -9999 -9999 0.0
C0G660 2004111506 -9999 -9999 -9999 0.0
C0G660 2004111507 -9999 -9999 -9999 0.0
C0G660 2004111508 -9999 -9999 -9999 0.0
C0G660 2004111509 -9999 -9999 -9999 0.0
C0G660 2004111510 -9999 -9999 -9999 0.0
C0G660 2004111511 -9999 -9999 -9999 0.0
C0G660 2004111512 -9999 -9999 -9999 0.0
C0G660 2004111513 -9999 -9999 -9999 0.0
C0G660 2004111514 -9999 -9999 -9999 0.0
C0G660 2004111515 -9999 -9999 -9999 0.0
C0G660 2004111516 -9999 -9999 -9999 0.0
C0G660 2004111517 -9999 -9999 -9999 0.0
C0G660 2004111518 -9999 -9999 -9999 0.0
C0G660 2004111519 -9999 -9999 -9999 0.0
C0G660 2004111520 -9999 -9999 -9999 0.0
C0G660 2004111521 -9999 -9999 -9999 0.0
C0G660 2004111522 -9999 -9999 -9999 0.0
C0G660 2004111523 -9999 -9999 -9999 0.0
C0G660 2004111524 -9999 -9999 -9999 0.0
C0G660 2004111601 -9999 -9999 -9999 0.0
C0G660 2004111602 -9999 -9999 -9999 0.0
C0G660 2004111603 -9999 -9999 -9999 0.0
C0G660 2004111604 -9999 -9999 -9999 0.0
C0G660 2004111605 -9999 -9999 -9999 0.0
C0G660 2004111606 -9999 -9999 -9999 0.0
C0G660 2004111607 -9999 -9999 -9999 0.0
C0G660 2004111608 -9999 -9999 -9999 0.0
C0G660 2004111609 -9999 -9999 -9999 0.0
C0G660 2004111610 -9999 -9999 -9999 0.0
C0G660 2004111611 -9999 -9999 -9999 0.0
C0G660 2004111612 -9999 -9999 -9999 0.0
C0G660 2004111613 -9999 -9999 -9999 0.0
C0G660 2004111614 -9999 -9999 -9999 0.0
C0G660 2004111615 -9999 -9999 -9999 0.0
C0G660 2004111616 -9999 -9999 -9999 0.0
C0G660 2004111617 -9999 -9999 -9999 0.0
C0G660 2004111618 -9999 -9999 -9999 0.0
C0G660 2004111619 -9999 -9999 -9999 0.0
C0G660 2004111620 -9999 -9999 -9999 0.0
C0G660 2004111621 -9999 -9999 -9999 0.0
C0G660 2004111622 -9999 -9999 -9999 0.0
C0G660 2004111623 -9999 -9999 -9999 0.0
C0G660 2004111624 -9999 -9999 -9999 0.0
C0G660 2004111701 -9999 -9999 -9999 0.0
C0G660 2004111702 -9999 -9999 -9999 0.0
C0G660 2004111703 -9999 -9999 -9999 0.0
C0G660 2004111704 -9999 -9999 -9999 0.0
C0G660 2004111705 -9999 -9999 -9999 0.0
C0G660 2004111706 -9999 -9999 -9999 0.0
C0G660 2004111707 -9999 -9999 -9999 0.0
C0G660 2004111708 -9999 -9999 -9999 0.0
C0G660 2004111709 -9999 -9999 -9999 0.0
C0G660 2004111710 -9999 -9999 -9999 0.0
C0G660 2004111711 -9999 -9999 -9999 0.0
C0G660 2004111712 -9999 -9999 -9999 0.0
C0G660 2004111713 -9999 -9999 -9999 0.0
C0G660 2004111714 -9999 -9999 -9999 0.0
C0G660 2004111715 -9999 -9999 -9999 0.0
C0G660 2004111716 -9999 -9999 -9999 0.0
C0G660 2004111717 -9999 -9999 -9999 0.0
C0G660 2004111718 -9999 -9999 -9999 0.0
C0G660 2004111719 -9999 -9999 -9999 0.0
C0G660 2004111720 -9999 -9999 -9999 0.0
C0G660 2004111721 -9999 -9999 -9999 0.0
C0G660 2004111722 -9999 -9999 -9999 0.0
C0G660 2004111723 -9999 -9999 -9999 0.0
C0G660 2004111724 -9999 -9999 -9999 0.0
C0G660 2004111801 -9999 -9999 -9999 0.0
C0G660 2004111802 -9999 -9999 -9999 0.0
C0G660 2004111803 -9999 -9999 -9999 0.0
C0G660 2004111804 -9999 -9999 -9999 0.0
C0G660 2004111805 -9999 -9999 -9999 0.0
C0G660 2004111806 -9999 -9999 -9999 0.0
C0G660 2004111807 -9999 -9999 -9999 0.0
C0G660 2004111808 -9999 -9999 -9999 0.0
C0G660 2004111809 -9999 -9999 -9999 0.0
C0G660 2004111810 -9999 -9999 -9999 0.0
C0G660 2004111811 -9999 -9999 -9999 0.0
C0G660 2004111812 -9999 -9999 -9999 0.0
C0G660 2004111813 -9999 -9999 -9999 0.0
C0G660 2004111814 -9999 -9999 -9999 0.0
C0G660 2004111815 -9999 -9999 -9999 0.0
C0G660 2004111816 -9999 -9999 -9999 0.0
C0G660 2004111817 -9999 -9999 -9999 0.0
C0G660 2004111818 -9999 -9999 -9999 0.0
C0G660 2004111819 -9999 -9999 -9999 0.0
C0G660 2004111820 -9999 -9999 -9999 0.0
C0G660 2004111821 -9999 -9999 -9999 0.0
C0G660 2004111822 -9999 -9999 -9999 0.0
C0G660 2004111823 -9999 -9999 -9999 0.0
C0G660 2004111824 -9999 -9999 -9999 0.0
C0G660 2004111901 -9999 -9999 -9999 0.0
C0G660 2004111902 -9999 -9999 -9999 0.0
C0G660 2004111903 -9999 -9999 -9999 0.0
C0G660 2004111904 -9999 -9999 -9999 0.0
C0G660 2004111905 -9999 -9999 -9999 0.0
C0G660 2004111906 -9999 -9999 -9999 0.0
C0G660 2004111907 -9999 -9999 -9999 0.0
C0G660 2004111908 -9999 -9999 -9999 0.0
C0G660 2004111909 -9999 -9999 -9999 0.0
C0G660 2004111910 -9999 -9999 -9999 0.0
C0G660 2004111911 -9999 -9999 -9999 0.0
C0G660 2004111912 -9999 -9999 -9999 0.0
C0G660 2004111913 -9999 -9999 -9999 0.0
C0G660 2004111914 -9999 -9999 -9999 0.0
C0G660 2004111915 -9999 -9999 -9999 0.0
C0G660 2004111916 -9999 -9999 -9999 0.0
C0G660 2004111917 -9999 -9999 -9999 0.0
C0G660 2004111918 -9999 -9999 -9999 0.0
C0G660 2004111919 -9999 -9999 -9999 0.0
C0G660 2004111920 -9999 -9999 -9999 0.0
C0G660 2004111921 -9999 -9999 -9999 0.0
C0G660 2004111922 -9999 -9999 -9999 0.0
C0G660 2004111923 -9999 -9999 -9999 0.0
C0G660 2004111924 -9999 -9999 -9999 0.0
C0G660 2004112001 -9999 -9999 -9999 0.0
C0G660 2004112002 -9999 -9999 -9999 0.0
C0G660 2004112003 -9999 -9999 -9999 0.0
C0G660 2004112004 -9999 -9999 -9999 0.0
C0G660 2004112005 -9999 -9999 -9999 0.0
C0G660 2004112006 -9999 -9999 -9999 0.0
C0G660 2004112007 -9999 -9999 -9999 0.0
C0G660 2004112008 -9999 -9999 -9999 0.0
C0G660 2004112009 -9999 -9999 -9999 0.0
C0G660 2004112010 -9999 -9999 -9999 0.0
C0G660 2004112011 -9999 -9999 -9999 0.0
C0G660 2004112012 -9999 -9999 -9999 0.0
C0G660 2004112013 -9999 -9999 -9999 0.0
C0G660 2004112014 -9999 -9999 -9999 0.0
C0G660 2004112015 -9999 -9999 -9999 0.0
C0G660 2004112016 -9999 -9999 -9999 0.0
C0G660 2004112017 -9999 -9999 -9999 0.0
C0G660 2004112018 -9999 -9999 -9999 0.0
C0G660 2004112019 -9999 -9999 -9999 0.0
C0G660 2004112020 -9999 -9999 -9999 0.0
C0G660 2004112021 -9999 -9999 -9999 0.0
C0G660 2004112022 -9999 -9999 -9999 0.0
C0G660 2004112023 -9999 -9999 -9999 0.0
C0G660 2004112024 -9999 -9999 -9999 0.0
C0G660 2004112101 -9999 -9999 -9999 0.0
C0G660 2004112102 -9999 -9999 -9999 0.0
C0G660 2004112103 -9999 -9999 -9999 0.0
C0G660 2004112104 -9999 -9999 -9999 0.0
C0G660 2004112105 -9999 -9999 -9999 0.0
C0G660 2004112106 -9999 -9999 -9999 0.0
C0G660 2004112107 -9999 -9999 -9999 0.0
C0G660 2004112108 -9999 -9999 -9999 0.0
C0G660 2004112109 -9999 -9999 -9999 0.0
C0G660 2004112110 -9999 -9999 -9999 0.0
C0G660 2004112111 -9999 -9999 -9999 0.0
C0G660 2004112112 -9999 -9999 -9999 0.0
C0G660 2004112113 -9999 -9999 -9999 0.0
C0G660 2004112114 -9999 -9999 -9999 0.0
C0G660 2004112115 -9999 -9999 -9999 0.0
C0G660 2004112116 -9999 -9999 -9999 0.0
C0G660 2004112117 -9999 -9999 -9999 0.0
C0G660 2004112118 -9999 -9999 -9999 0.0
C0G660 2004112119 -9999 -9999 -9999 0.0
C0G660 2004112120 -9999 -9999 -9999 0.0
C0G660 2004112121 -9999 -9999 -9999 0.0
C0G660 2004112122 -9999 -9999 -9999 0.0
C0G660 2004112123 -9999 -9999 -9999 0.0
C0G660 2004112124 -9999 -9999 -9999 0.0
C0G660 2004112201 -9999 -9999 -9999 0.0
C0G660 2004112202 -9999 -9999 -9999 0.0
C0G660 2004112203 -9999 -9999 -9999 0.0
C0G660 2004112204 -9999 -9999 -9999 0.0
C0G660 2004112205 -9999 -9999 -9999 0.0
C0G660 2004112206 -9999 -9999 -9999 0.0
C0G660 2004112207 -9999 -9999 -9999 0.0
C0G660 2004112208 -9999 -9999 -9999 0.0
C0G660 2004112209 -9999 -9999 -9999 0.0
C0G660 2004112210 -9999 -9999 -9999 0.0
C0G660 2004112211 -9999 -9999 -9999 0.0
C0G660 2004112212 -9999 -9999 -9999 0.0
C0G660 2004112213 -9999 -9999 -9999 0.0
C0G660 2004112214 -9999 -9999 -9999 0.0
C0G660 2004112215 -9999 -9999 -9999 0.0
C0G660 2004112216 -9999 -9999 -9999 0.0
C0G660 2004112217 -9999 -9999 -9999 0.0
C0G660 2004112218 -9999 -9999 -9999 0.0
C0G660 2004112219 -9999 -9999 -9999 0.0
C0G660 2004112220 -9999 -9999 -9999 0.0
C0G660 2004112221 -9999 -9999 -9999 0.0
C0G660 2004112222 -9999 -9999 -9999 0.0
C0G660 2004112223 -9999 -9999 -9999 0.0
C0G660 2004112224 -9999 -9999 -9999 0.0
C0G660 2004112301 -9999 -9999 -9999 0.0
C0G660 2004112302 -9999 -9999 -9999 0.0
C0G660 2004112303 -9999 -9999 -9999 0.0
C0G660 2004112304 -9999 -9999 -9999 0.0
C0G660 2004112305 -9999 -9999 -9999 0.0
C0G660 2004112306 -9999 -9999 -9999 0.0
C0G660 2004112307 -9999 -9999 -9999 0.0
C0G660 2004112308 -9999 -9999 -9999 0.0
C0G660 2004112309 -9999 -9999 -9999 0.0
C0G660 2004112310 -9999 -9999 -9999 0.0
C0G660 2004112311 -9999 -9999 -9999 0.0
C0G660 2004112312 -9999 -9999 -9999 0.0
C0G660 2004112313 -9999 -9999 -9999 0.0
C0G660 2004112314 -9999 -9999 -9999 0.0
C0G660 2004112315 -9999 -9999 -9999 0.0
C0G660 2004112316 -9999 -9999 -9999 0.0
C0G660 2004112317 -9999 -9999 -9999 0.0
C0G660 2004112318 -9999 -9999 -9999 0.0
C0G660 2004112319 -9999 -9999 -9999 0.0
C0G660 2004112320 -9999 -9999 -9999 0.0
C0G660 2004112321 -9999 -9999 -9999 0.0
C0G660 2004112322 -9999 -9999 -9999 0.0
C0G660 2004112323 -9999 -9999 -9999 0.0
C0G660 2004112324 -9999 -9999 -9999 0.0
C0G660 2004112401 -9999 -9999 -9999 0.0
C0G660 2004112402 -9999 -9999 -9999 0.0
C0G660 2004112403 -9999 -9999 -9999 0.0
C0G660 2004112404 -9999 -9999 -9999 0.0
C0G660 2004112405 -9999 -9999 -9999 0.0
C0G660 2004112406 -9999 -9999 -9999 0.0
C0G660 2004112407 -9999 -9999 -9999 0.0
C0G660 2004112408 -9999 -9999 -9999 0.0
C0G660 2004112409 -9999 -9999 -9999 0.0
C0G660 2004112410 -9999 -9999 -9999 0.0
C0G660 2004112411 -9999 -9999 -9999 0.0
C0G660 2004112412 -9999 -9999 -9999 0.0
C0G660 2004112413 -9999 -9999 -9999 0.0
C0G660 2004112414 -9999 -9999 -9999 0.0
C0G660 2004112415 -9999 -9999 -9999 0.0
C0G660 2004112416 -9999 -9999 -9999 0.0
C0G660 2004112417 -9999 -9999 -9999 0.0
C0G660 2004112418 -9999 -9999 -9999 0.0
C0G660 2004112419 -9999 -9999 -9999 0.0
C0G660 2004112420 -9999 -9999 -9999 0.0
C0G660 2004112421 -9999 -9999 -9999 0.0
C0G660 2004112422 -9999 -9999 -9999 0.0
C0G660 2004112423 -9999 -9999 -9999 0.0
C0G660 2004112424 -9999 -9999 -9999 0.0
C0G660 2004112501 -9999 -9999 -9999 0.0
C0G660 2004112502 -9999 -9999 -9999 0.0
C0G660 2004112503 -9999 -9999 -9999 0.0
C0G660 2004112504 -9999 -9999 -9999 0.0
C0G660 2004112505 -9999 -9999 -9999 0.0
C0G660 2004112506 -9999 -9999 -9999 0.0
C0G660 2004112507 -9999 -9999 -9999 0.0
C0G660 2004112508 -9999 -9999 -9999 0.0
C0G660 2004112509 -9999 -9999 -9999 0.0
C0G660 2004112510 -9999 -9999 -9999 0.0
C0G660 2004112511 -9999 -9999 -9999 0.0
C0G660 2004112512 -9999 -9999 -9999 0.0
C0G660 2004112513 -9999 -9999 -9999 0.0
C0G660 2004112514 -9999 -9999 -9999 0.0
C0G660 2004112515 -9999 -9999 -9999 0.0
C0G660 2004112516 -9999 -9999 -9999 0.0
C0G660 2004112517 -9999 -9999 -9999 0.0
C0G660 2004112518 -9999 -9999 -9999 0.0
C0G660 2004112519 -9999 -9999 -9999 0.0
C0G660 2004112520 -9999 -9999 -9999 0.0
C0G660 2004112521 -9999 -9999 -9999 0.0
C0G660 2004112522 -9999 -9999 -9999 0.0
C0G660 2004112523 -9999 -9999 -9999 0.0
C0G660 2004112524 -9999 -9999 -9999 0.0
C0G660 2004112601 -9999 -9999 -9999 0.0
C0G660 2004112602 -9999 -9999 -9999 0.0
C0G660 2004112603 -9999 -9999 -9999 0.0
C0G660 2004112604 -9999 -9999 -9999 0.0
C0G660 2004112605 -9999 -9999 -9999 0.0
C0G660 2004112606 -9999 -9999 -9999 0.0
C0G660 2004112607 -9999 -9999 -9999 0.0
C0G660 2004112608 -9999 -9999 -9999 0.0
C0G660 2004112609 -9999 -9999 -9999 0.0
C0G660 2004112610 -9999 -9999 -9999 0.0
C0G660 2004112611 -9999 -9999 -9999 0.0
C0G660 2004112612 -9999 -9999 -9999 0.0
C0G660 2004112613 -9999 -9999 -9999 0.0
C0G660 2004112614 -9999 -9999 -9999 0.0
C0G660 2004112615 -9999 -9999 -9999 0.0
C0G660 2004112616 -9999 -9999 -9999 0.0
C0G660 2004112617 -9999 -9999 -9999 0.0
C0G660 2004112618 -9999 -9999 -9999 0.0
C0G660 2004112619 -9999 -9999 -9999 0.0
C0G660 2004112620 -9999 -9999 -9999 0.0
C0G660 2004112621 -9999 -9999 -9999 0.0
C0G660 2004112622 -9999 -9999 -9999 0.0
C0G660 2004112623 -9999 -9999 -9999 0.0
C0G660 2004112624 -9999 -9999 -9999 0.0
C0G660 2004112701 -9999 -9999 -9999 0.0
C0G660 2004112702 -9999 -9999 -9999 0.0
C0G660 2004112703 -9999 -9999 -9999 0.0
C0G660 2004112704 -9999 -9999 -9999 0.0
C0G660 2004112705 -9999 -9999 -9999 0.0
C0G660 2004112706 -9999 -9999 -9999 0.0
C0G660 2004112707 -9999 -9999 -9999 0.0
C0G660 2004112708 -9999 -9999 -9999 0.0
C0G660 2004112709 -9999 -9999 -9999 0.0
C0G660 2004112710 -9999 -9999 -9999 0.0
C0G660 2004112711 -9999 -9999 -9999 0.0
C0G660 2004112712 -9999 -9999 -9999 0.0
C0G660 2004112713 -9999 -9999 -9999 0.0
C0G660 2004112714 -9999 -9999 -9999 0.0
C0G660 2004112715 -9999 -9999 -9999 0.0
C0G660 2004112716 -9999 -9999 -9999 0.0
C0G660 2004112717 -9999 -9999 -9999 0.0
C0G660 2004112718 -9999 -9999 -9999 0.0
C0G660 2004112719 -9999 -9999 -9999 0.0
C0G660 2004112720 -9999 -9999 -9999 0.0
C0G660 2004112721 -9999 -9999 -9999 0.0
C0G660 2004112722 -9999 -9999 -9999 0.0
C0G660 2004112723 -9999 -9999 -9999 0.0
C0G660 2004112724 -9999 -9999 -9999 0.0
C0G660 2004112801 -9999 -9999 -9999 -9996
C0G660 2004112802 -9999 -9999 -9999 0.0
C0G660 2004112803 -9999 -9999 -9999 0.0
C0G660 2004112804 -9999 -9999 -9999 0.0
C0G660 2004112805 -9999 -9999 -9999 0.0
C0G660 2004112806 -9999 -9999 -9999 0.0
C0G660 2004112807 -9999 -9999 -9999 0.0
C0G660 2004112808 -9999 -9999 -9999 0.0
C0G660 2004112809 -9999 -9999 -9999 0.0
C0G660 2004112810 -9999 -9999 -9999 0.0
C0G660 2004112811 -9999 -9999 -9999 0.0
C0G660 2004112812 -9999 -9999 -9999 0.0
C0G660 2004112813 -9999 -9999 -9999 0.0
C0G660 2004112814 -9999 -9999 -9999 0.0
C0G660 2004112815 -9999 -9999 -9999 0.0
C0G660 2004112816 -9999 -9999 -9999 0.0
C0G660 2004112817 -9999 -9999 -9999 0.0
C0G660 2004112818 -9999 -9999 -9999 0.0
C0G660 2004112819 -9999 -9999 -9999 0.0
C0G660 2004112820 -9999 -9999 -9999 0.0
C0G660 2004112821 -9999 -9999 -9999 0.0
C0G660 2004112822 -9999 -9999 -9999 0.0
C0G660 2004112823 -9999 -9999 -9999 0.0
C0G660 2004112824 -9999 -9999 -9999 0.0
C0G660 2004112901 -9999 -9999 -9999 0.0
C0G660 2004112902 -9999 -9999 -9999 0.0
C0G660 2004112903 -9999 -9999 -9999 0.0
C0G660 2004112904 -9999 -9999 -9999 0.0
C0G660 2004112905 -9999 -9999 -9999 0.0
C0G660 2004112906 -9999 -9999 -9999 0.0
C0G660 2004112907 -9999 -9999 -9999 0.0
C0G660 2004112908 -9999 -9999 -9999 0.0
C0G660 2004112909 -9999 -9999 -9999 0.0
C0G660 2004112910 -9999 -9999 -9999 0.0
C0G660 2004112911 -9999 -9999 -9999 0.0
C0G660 2004112912 -9999 -9999 -9999 0.0
C0G660 2004112913 -9999 -9999 -9999 0.0
C0G660 2004112914 -9999 -9999 -9999 0.0
C0G660 2004112915 -9999 -9999 -9999 0.0
C0G660 2004112916 -9999 -9999 -9999 0.0
C0G660 2004112917 -9999 -9999 -9999 0.0
C0G660 2004112918 -9999 -9999 -9999 0.0
C0G660 2004112919 -9999 -9999 -9999 0.0
C0G660 2004112920 -9999 -9999 -9999 0.0
C0G660 2004112921 -9999 -9999 -9999 0.0
C0G660 2004112922 -9999 -9999 -9999 0.0
C0G660 2004112923 -9999 -9999 -9999 0.0
C0G660 2004112924 -9999 -9999 -9999 0.0
C0G660 2004113001 -9999 -9999 -9999 0.0
C0G660 2004113002 -9999 -9999 -9999 0.0
C0G660 2004113003 -9999 -9999 -9999 0.0
C0G660 2004113004 -9999 -9999 -9999 0.0
C0G660 2004113005 -9999 -9999 -9999 0.0
C0G660 2004113006 -9999 -9999 -9999 0.0
C0G660 2004113007 -9999 -9999 -9999 0.0
C0G660 2004113008 -9999 -9999 -9999 0.0
C0G660 2004113009 -9999 -9999 -9999 0.0
C0G660 2004113010 -9999 -9999 -9999 0.0
C0G660 2004113011 -9999 -9999 -9999 0.0
C0G660 2004113012 -9999 -9999 -9999 0.0
C0G660 2004113013 -9999 -9999 -9999 0.0
C0G660 2004113014 -9999 -9999 -9999 0.0
C0G660 2004113015 -9999 -9999 -9999 0.0
C0G660 2004113016 -9999 -9999 -9999 0.0
C0G660 2004113017 -9999 -9999 -9999 0.0
C0G660 2004113018 -9999 -9999 -9999 0.0
C0G660 2004113019 -9999 -9999 -9999 0.0
C0G660 2004113020 -9999 -9999 -9999 0.0
C0G660 2004113021 -9999 -9999 -9999 0.0
C0G660 2004113022 -9999 -9999 -9999 0.0
C0G660 2004113023 -9999 -9999 -9999 0.0
C0G660 2004113024 -9999 -9999 -9999 0.0
