C0G650 2005100101  -9997   25.4  -9997    0.0    0.0    0.0    0.0
C0G650 2005100102  -9997   25.1  -9997    0.0    0.0    0.0    0.0
C0G650 2005100103  -9997  -9997  -9997  -9997  -9997    0.0    0.0
C0G650 2005100104  -9997   25.5  -9997    0.0    0.0    0.0    0.0
C0G650 2005100105  -9997   25.7  -9997    0.0    0.0    0.0    0.0
C0G650 2005100106  -9997   25.9  -9997    0.0    0.0    0.0    0.0
C0G650 2005100107  -9997   26.3  -9997    0.0    0.0    0.0    0.0
C0G650 2005100108  -9997   27.4  -9997    0.0    0.0    0.0    0.2
C0G650 2005100109  -9997   29.0  -9997    0.0    0.0    0.0    0.9
C0G650 2005100110  -9997   29.1  -9997    0.0    0.0    0.0    0.3
C0G650 2005100111  -9997   29.5  -9997    0.0    0.0    0.0    0.1
C0G650 2005100112  -9997   30.6  -9997    0.0    0.0    0.0    0.7
C0G650 2005100113  -9997   31.6  -9997    0.0    0.0    0.0    0.5
C0G650 2005100114  -9997   31.9  -9997    0.0    0.0    0.0    0.6
C0G650 2005100115  -9997   30.1  -9997    0.0    0.0    0.0    0.0
C0G650 2005100116  -9997   29.9  -9997    0.0    0.0    0.0    0.1
C0G650 2005100117  -9997   29.8  -9997    0.0    0.0    0.0    0.0
C0G650 2005100118  -9997   29.0  -9997    0.1    0.0    0.0    0.0
C0G650 2005100119  -9997   28.5  -9997    0.0    0.0    0.0    0.0
C0G650 2005100120  -9997   28.0  -9997    0.0    0.0    0.0    0.0
C0G650 2005100121  -9997   27.7  -9997    0.0    0.0    0.0    0.0
C0G650 2005100122  -9997   27.7  -9997    0.0    0.0    0.0    0.0
C0G650 2005100123  -9997   27.7  -9997    0.0    0.0    0.0    0.0
C0G650 2005100124  -9997   28.1  -9997    0.2    0.0    0.0    0.0
C0G650 2005100201  -9997   27.5  -9997    2.1   20.0    0.0    0.0
C0G650 2005100202  -9997   27.3  -9997    2.5   30.0    0.0    0.0
C0G650 2005100203  -9997   27.3  -9997    3.1   30.0    0.0  -9997
C0G650 2005100204  -9997   26.4  -9997    4.2   20.0    0.5    0.0
C0G650 2005100205  -9997   26.7  -9997    5.8   20.0    0.5    0.0
C0G650 2005100206  -9997   26.8  -9997    8.5   20.0    0.5    0.0
C0G650 2005100207  -9997   25.7  -9997    4.1   40.0    0.0    0.0
C0G650 2005100208  -9997   24.7  -9997    1.2  100.0    3.5    0.0
C0G650 2005100209  -9997   24.5  -9997    0.0    0.0    7.0    0.0
C0G650 2005100210  -9997   25.2  -9997    0.0    0.0    3.5    0.0
C0G650 2005100211  -9997   26.8  -9997    0.0    0.0    0.5    0.1
C0G650 2005100212  -9997   26.4  -9997    0.0    0.0    1.5  -9997
C0G650 2005100213  -9997   26.4  -9997    4.5  190.0    0.5    0.3
C0G650 2005100214  -9997   25.6  -9997    5.5  190.0    0.5    0.1
C0G650 2005100215  -9997   26.4  -9997    5.0  210.0    0.0    0.2
C0G650 2005100216  -9997   26.8  -9997    3.4  210.0    0.0    0.5
C0G650 2005100217  -9997   24.9  -9997    3.2  190.0    0.0  -9997
C0G650 2005100218  -9997   26.4  -9997    4.0  230.0    0.0    0.3
C0G650 2005100219  -9997   25.0  -9997    5.0  230.0    0.0    0.0
C0G650 2005100220  -9997   24.5  -9997    3.7  230.0    0.0    0.0
C0G650 2005100221  -9997   25.9  -9997    3.2  220.0    0.0    0.0
C0G650 2005100222  -9997   24.5  -9997    1.5  220.0    0.0    0.0
C0G650 2005100223  -9997   24.4  -9997    0.6  200.0    0.0    0.0
C0G650 2005100224  -9997   24.0  -9997    0.0    0.0    0.0    0.0
C0G650 2005100301  -9997   23.9  -9997    0.0    0.0    0.0    0.0
C0G650 2005100302  -9997   24.2  -9997    0.0    0.0    0.0    0.0
C0G650 2005100303  -9997   23.3  -9997    0.0    0.0    0.0    0.0
C0G650 2005100304  -9997   22.8  -9997    0.0    0.0    0.0    0.0
C0G650 2005100305  -9997   23.0  -9997    0.0    0.0    0.0    0.0
C0G650 2005100306  -9997   22.6  -9997    0.0    0.0    0.0    0.0
C0G650 2005100307  -9997   24.3  -9997    0.0    0.0    0.0    0.0
C0G650 2005100308  -9997   27.9  -9997    0.0    0.0    0.0    0.6
C0G650 2005100309  -9997   28.8  -9997    0.2    0.0    0.0    1.0
C0G650 2005100310  -9997   30.6  -9997    0.0    0.0    0.0    1.0
C0G650 2005100311  -9997   31.6  -9997    0.0    0.0    0.0    1.0
C0G650 2005100312  -9997   32.6  -9997    0.0    0.0    0.0    0.9
C0G650 2005100313  -9997  -9997  -9997    0.4  260.0    0.0  -9997
C0G650 2005100314  -9997   32.8  -9997    0.4  280.0    0.0    1.0
C0G650 2005100315  -9997   31.0  -9997    0.0    0.0    0.0    0.6
C0G650 2005100316  -9997   31.1  -9997    0.0    0.0    0.0    0.9
C0G650 2005100317  -9997   29.5  -9997    0.1    0.0    0.0    0.0
C0G650 2005100318  -9997   27.8  -9997    0.0    0.0    0.0    0.0
C0G650 2005100319  -9997   25.8  -9997    0.0    0.0    4.0    0.0
C0G650 2005100320  -9997   26.1  -9997    0.0    0.0    0.0    0.0
C0G650 2005100321  -9997   25.3  -9997    0.0    0.0    0.0    0.0
C0G650 2005100322  -9997   25.1  -9997    0.0    0.0    0.0    0.0
C0G650 2005100323  -9997   25.1  -9997    0.0    0.0    0.0    0.0
C0G650 2005100324  -9997   25.0  -9997    0.0    0.0    0.0    0.0
C0G650 2005100401  -9997   24.7  -9997    0.0    0.0  -9996    0.0
C0G650 2005100402  -9997   24.6  -9997    0.0    0.0    0.0    0.0
C0G650 2005100403  -9997   24.3  -9997    0.0    0.0    0.0    0.0
C0G650 2005100404  -9997   24.4  -9997    0.0    0.0    0.0    0.0
C0G650 2005100405  -9997  -9997  -9997    0.0    0.0    0.0    0.0
C0G650 2005100406  -9997   23.7  -9997    0.0    0.0    0.0    0.0
C0G650 2005100407  -9997   24.7  -9997    0.0    0.0    0.0  -9997
C0G650 2005100408  -9997   27.4  -9997    0.0    0.0    0.0    0.7
C0G650 2005100409  -9997   29.6  -9997    0.0    0.0    0.0    1.0
C0G650 2005100410  -9997   30.9  -9997    0.0    0.0    0.0    1.0
C0G650 2005100411  -9997   31.6  -9997    0.1    0.0    0.0    1.0
C0G650 2005100412  -9997   31.9  -9997    0.2    0.0    0.0    0.6
C0G650 2005100413  -9997   32.3  -9997    0.3   10.0    0.0    1.0
C0G650 2005100414  -9997   32.6  -9997    0.3   20.0    0.0    0.7
C0G650 2005100415  -9997   32.5  -9997    0.2    0.0    0.0    1.0
C0G650 2005100416  -9997   31.5  -9997    0.2    0.0    0.0    1.0
C0G650 2005100417  -9997   30.0  -9997    0.0    0.0    0.0    0.6
C0G650 2005100418  -9997   28.8  -9997    0.4  270.0    0.0    0.2
C0G650 2005100419  -9997   28.1  -9997    0.0    0.0    0.0    0.0
C0G650 2005100420  -9997   27.8  -9997    0.0    0.0    0.0    0.0
C0G650 2005100421  -9997   27.6  -9997    0.0    0.0    0.0    0.0
C0G650 2005100422  -9997   27.5  -9997    0.0    0.0    0.0    0.0
C0G650 2005100423  -9997   27.0  -9997    0.0    0.0    0.0    0.0
C0G650 2005100424  -9997   26.2  -9997  -9997    0.0    0.0    0.0
C0G650 2005100501  -9997   25.6  -9997    0.6  200.0    0.0    0.0
C0G650 2005100502  -9997   25.2  -9997    0.0    0.0    0.0    0.0
C0G650 2005100503  -9997   25.0  -9997    0.0    0.0    0.0    0.0
C0G650 2005100504  -9997   24.3  -9997    0.0    0.0    0.0    0.0
C0G650 2005100505  -9997   24.5  -9997    0.0    0.0    0.0    0.0
C0G650 2005100506  -9997   24.0  -9997    0.0    0.0    0.0    0.0
C0G650 2005100507  -9997   25.0  -9997    0.0    0.0    0.0    0.0
C0G650 2005100508  -9997   27.4  -9997    0.0    0.0    0.0    0.7
C0G650 2005100509  -9997  -9997  -9997    0.0    0.0    0.0  -9997
C0G650 2005100510  -9997   31.4  -9997    0.0    0.0    0.0    1.0
C0G650 2005100511  -9997   31.1  -9997    0.1    0.0    0.0    1.0
C0G650 2005100512  -9997   31.4  -9997    0.3  280.0    0.0    0.9
C0G650 2005100513  -9997   32.9  -9997    0.0    0.0    0.0    0.5
C0G650 2005100514  -9997   32.2  -9997    0.1    0.0    0.0    0.8
C0G650 2005100515  -9997   31.3  -9997    0.1    0.0    0.0    0.9
C0G650 2005100516  -9997   31.3  -9997    0.1    0.0    0.0    1.0
C0G650 2005100517  -9997   30.4  -9997    0.0    0.0    0.0    0.7
C0G650 2005100518  -9997   29.0  -9997    0.1    0.0    0.0    0.0
C0G650 2005100519  -9997   28.4  -9997    0.0    0.0    0.0    0.0
C0G650 2005100520  -9997   28.1  -9997    0.0    0.0    0.0    0.0
C0G650 2005100521  -9997   27.1  -9997    0.0    0.0    0.0    0.0
C0G650 2005100522  -9997   26.2  -9997    0.0    0.0    0.0    0.0
C0G650 2005100523  -9997   26.0  -9997    0.0    0.0    0.0    0.0
C0G650 2005100524  -9997   26.0  -9997    0.0    0.0    0.0    0.0
C0G650 2005100601  -9997   25.8  -9997    0.0    0.0    0.0    0.0
C0G650 2005100602  -9997   26.2  -9997    0.0    0.0    0.0    0.0
C0G650 2005100603  -9997   26.0  -9997    0.0    0.0    0.0    0.0
C0G650 2005100604  -9997   26.1  -9997    0.2    0.0    0.0    0.0
C0G650 2005100605  -9997   26.0  -9997    0.3  210.0    0.0    0.0
C0G650 2005100606  -9997   26.0  -9997    0.1    0.0    0.0    0.0
C0G650 2005100607  -9997   26.8  -9997    0.1    0.0    0.0    0.0
C0G650 2005100608  -9997   28.4  -9997    1.4  190.0    0.0    0.6
C0G650 2005100609  -9997   30.3  -9997    1.1  190.0    0.0    1.0
C0G650 2005100610  -9997   32.5  -9997    0.0    0.0    0.0    1.0
C0G650 2005100611  -9997   33.1  -9997    0.2    0.0    0.0    1.0
C0G650 2005100612  -9997   33.4  -9997    0.7  260.0    0.0    1.0
C0G650 2005100613  -9997   33.8  -9997    0.1    0.0    0.0    0.8
C0G650 2005100614  -9997   32.4  -9997    0.0  -9997    0.0    0.2
C0G650 2005100615  -9997   32.8  -9997    0.4   20.0    0.0    0.7
C0G650 2005100616  -9997   31.8  -9997    0.2    0.0    0.0    1.0
C0G650 2005100617  -9997   30.9  -9997    0.0    0.0    0.0    0.5
C0G650 2005100618  -9997   29.4  -9997    0.0    0.0    0.0    0.0
C0G650 2005100619  -9997   28.4  -9997    0.0    0.0    0.0    0.0
C0G650 2005100620  -9997   27.4  -9997    0.0    0.0    0.0    0.0
C0G650 2005100621  -9997   26.7  -9997    0.0    0.0    0.0    0.0
C0G650 2005100622  -9997   26.4  -9997    0.0    0.0    0.0    0.0
C0G650 2005100623  -9997   26.2  -9997    0.0    0.0    0.0    0.0
C0G650 2005100624  -9997   26.1  -9997    0.0    0.0    0.0    0.0
C0G650 2005100701  -9997   25.9  -9997    0.0    0.0    0.0    0.0
C0G650 2005100702  -9997   25.8  -9997  -9997    0.0    0.0    0.0
C0G650 2005100703  -9997  -9997  -9997    0.0    0.0    0.0    0.0
C0G650 2005100704  -9997   25.9  -9997    0.0    0.0    0.0    0.0
C0G650 2005100705  -9997   25.8  -9997    0.0    0.0    0.0    0.0
C0G650 2005100706  -9997   25.4  -9997    0.0    0.0    0.0    0.0
C0G650 2005100707  -9997   26.6  -9997    0.0    0.0    0.0    0.0
C0G650 2005100708  -9997   28.0  -9997    0.0    0.0    0.0    0.3
C0G650 2005100709  -9997   28.9  -9997    1.3  240.0    0.0    0.5
C0G650 2005100710  -9997   29.9  -9997    0.9  230.0    0.0    0.5
C0G650 2005100711  -9997   30.4  -9997    0.5  200.0    0.0    0.5
C0G650 2005100712  -9997   30.3  -9997    1.3  240.0    0.0    0.6
C0G650 2005100713  -9997   32.0  -9997    0.3  280.0    0.0    0.4
C0G650 2005100714  -9997   30.4  -9997    1.0  240.0    0.0    0.1
C0G650 2005100715  -9997   30.7  -9997    0.3  260.0    0.0    0.1
C0G650 2005100716  -9997   30.4  -9997    0.0    0.0    0.0    0.0
C0G650 2005100717  -9997   30.0  -9997    0.0    0.0    0.0    0.0
C0G650 2005100718  -9997   28.9  -9997    0.0    0.0    0.0    0.0
C0G650 2005100719  -9997   28.4  -9997    0.5  170.0    0.0    0.0
C0G650 2005100720  -9997   27.4  -9997    0.3  250.0    0.0    0.0
C0G650 2005100721  -9997   26.8  -9997    0.1    0.0    0.0    0.0
C0G650 2005100722  -9997   26.8  -9997    0.0    0.0    0.0    0.0
C0G650 2005100723  -9997   26.1  -9997    0.0    0.0    0.0    0.0
C0G650 2005100724  -9997   26.1  -9997    0.0    0.0    0.0    0.0
C0G650 2005100801  -9997   26.2  -9997    0.0    0.0    0.0    0.0
C0G650 2005100802  -9997   26.1  -9997    0.0    0.0    0.0    0.0
C0G650 2005100803  -9997   25.4  -9997    0.0    0.0    0.0    0.0
C0G650 2005100804  -9997   25.6  -9997    0.0    0.0    0.0    0.0
C0G650 2005100805  -9997   25.9  -9997    0.0    0.0    0.0    0.0
C0G650 2005100806  -9997   25.6  -9997    0.0    0.0    0.0    0.0
C0G650 2005100807  -9997   26.7  -9997    0.0    0.0    0.0    0.0
C0G650 2005100808  -9997   27.0  -9997    0.0    0.0    0.0  -9997
C0G650 2005100809  -9997   28.2  -9997    0.0    0.0    0.0    0.2
C0G650 2005100810  -9997   28.4  -9997    0.5   40.0    0.0    0.4
C0G650 2005100811  -9997   29.2  -9997    0.5   30.0    0.0    0.5
C0G650 2005100812  -9997   30.7  -9997    0.2    0.0    0.0    1.0
C0G650 2005100813  -9997   30.5  -9997    0.9   30.0    0.0    0.5
C0G650 2005100814  -9997   30.9  -9997    0.6   40.0    0.0    1.0
C0G650 2005100815  -9997   29.9  -9997    1.6   30.0    0.0    1.0
C0G650 2005100816  -9997   28.6  -9997    1.2  -9997    0.0    1.0
C0G650 2005100817  -9997   27.7  -9997    1.4   20.0    0.0    0.6
C0G650 2005100818  -9997   26.9  -9997    0.7   30.0    0.0    0.0
C0G650 2005100819  -9997   26.6  -9997    0.3   30.0    0.0    0.0
C0G650 2005100820  -9997   26.3  -9997    0.0    0.0    0.0    0.0
C0G650 2005100821  -9997   25.8  -9997    0.0    0.0    0.0    0.0
C0G650 2005100822  -9997   25.8  -9997    0.0    0.0    0.0    0.0
C0G650 2005100823  -9997   25.5  -9997    0.0    0.0    0.0    0.0
C0G650 2005100824  -9997   25.4  -9997    0.0    0.0    0.0    0.0
C0G650 2005100901  -9997   25.2  -9997    0.1    0.0    0.0    0.0
C0G650 2005100902  -9997   25.4  -9997    0.0    0.0    0.0    0.0
C0G650 2005100903  -9997   25.3  -9997    0.0    0.0    0.0    0.0
C0G650 2005100904  -9997   25.1  -9997    0.0    0.0    0.0    0.0
C0G650 2005100905  -9997   24.8  -9997    0.0    0.0    0.0    0.0
C0G650 2005100906  -9997   24.6  -9997    0.0    0.0    0.0    0.0
C0G650 2005100907  -9997   24.1  -9997    0.0    0.0    0.0    0.0
C0G650 2005100908  -9997   24.7  -9997    0.1    0.0    0.0    0.0
C0G650 2005100909  -9997   25.8  -9997    0.6   30.0    0.0    0.1
C0G650 2005100910  -9997   26.9  -9997    0.3   30.0    0.0    0.1
C0G650 2005100911  -9997   28.0  -9997    0.1    0.0    0.0    0.0
C0G650 2005100912  -9997   28.9  -9997    0.4   30.0    0.0    0.4
C0G650 2005100913  -9997   29.2  -9997    0.6   30.0    0.0    0.8
C0G650 2005100914  -9997   29.1  -9997    0.3   40.0    0.0    0.0
C0G650 2005100915  -9997   27.9  -9997    1.3   20.0    0.0    0.0
C0G650 2005100916  -9997   27.3  -9997    0.8   30.0    0.0    0.0
C0G650 2005100917  -9997   26.6  -9997    0.9   30.0    0.0    0.0
C0G650 2005100918  -9997   25.8  -9997    1.3   30.0    0.0    0.0
C0G650 2005100919  -9997   25.4  -9997    0.3   30.0    0.0  -9997
C0G650 2005100920  -9997   24.6  -9997    0.6   30.0    0.0    0.0
C0G650 2005100921  -9997   24.2  -9997    0.2    0.0    0.0    0.0
C0G650 2005100922  -9997   23.9  -9997    0.0    0.0    0.0    0.0
C0G650 2005100923  -9997   23.5  -9997    0.0    0.0    0.0    0.0
C0G650 2005100924  -9997   23.1  -9997    0.0    0.0    0.0    0.0
C0G650 2005101001  -9997   23.0  -9997    0.0    0.0    0.0  -9997
C0G650 2005101002  -9997   22.9  -9997    0.0    0.0    0.0    0.0
C0G650 2005101003  -9997   22.4  -9997    0.0    0.0    0.0    0.0
C0G650 2005101004  -9997   22.3  -9997    0.0    0.0    0.0    0.0
C0G650 2005101005  -9997   22.5  -9997    0.1    0.0    0.0    0.0
C0G650 2005101006  -9997   23.1  -9997    0.1    0.0    0.0    0.0
C0G650 2005101007  -9997   23.6  -9997    0.1    0.0    0.0    0.0
C0G650 2005101008  -9997   25.7  -9997    0.1    0.0    0.0    0.4
C0G650 2005101009  -9997   27.0  -9997    0.5   10.0    0.0    1.0
C0G650 2005101010  -9997   29.1  -9997    0.0    0.0    0.0    1.0
C0G650 2005101011  -9997   31.1  -9997    0.0    0.0    0.0    1.0
C0G650 2005101012  -9997   30.7  -9997    0.1    0.0    0.0    1.0
C0G650 2005101013  -9997   32.1  -9997    0.2    0.0    0.0    0.9
C0G650 2005101014  -9997   30.7  -9997    0.6  360.0    0.0    0.9
C0G650 2005101015  -9997   31.4  -9997    0.1    0.0    0.0    0.9
C0G650 2005101016  -9997   30.7  -9997    0.2    0.0    0.0    1.0
C0G650 2005101017  -9997   29.7  -9997    0.0    0.0    0.0    0.8
C0G650 2005101018  -9997   28.6  -9997    0.0    0.0    0.0    0.0
C0G650 2005101019  -9997   27.3  -9997    0.0    0.0    0.0    0.0
C0G650 2005101020  -9997   26.5  -9997    0.0    0.0    0.0    0.0
C0G650 2005101021  -9997   26.5  -9997    0.0    0.0    0.0    0.0
C0G650 2005101022  -9997   25.7  -9997    0.0    0.0    0.0    0.0
C0G650 2005101023  -9997   24.9  -9997    0.0    0.0    0.0    0.0
C0G650 2005101024  -9997   25.0  -9997    0.0    0.0    0.0    0.0
C0G650 2005101101  -9997   24.4  -9997    0.0    0.0    0.0    0.0
C0G650 2005101102  -9997  -9997  -9997    0.0    0.0    0.0    0.0
C0G650 2005101103  -9997   24.7  -9997    0.0    0.0    0.0  -9997
C0G650 2005101104  -9997   24.2  -9997    0.0    0.0    0.0    0.0
C0G650 2005101105  -9997   24.4  -9997    0.0    0.0    0.0  -9997
C0G650 2005101106  -9997   24.5  -9997    0.0    0.0    0.0    0.0
C0G650 2005101107  -9997   25.4  -9997    0.0    0.0    0.0    0.0
C0G650 2005101108  -9997   27.8  -9997    0.1    0.0    0.0    0.7
C0G650 2005101109  -9997   29.2  -9997    0.8   40.0    0.0    1.0
C0G650 2005101110  -9997   29.8  -9997    0.0    0.0    0.0    1.0
C0G650 2005101111  -9997   30.8  -9997    0.4   10.0    0.0    1.0
C0G650 2005101112  -9997   31.5  -9997    1.3  270.0    0.0    1.0
C0G650 2005101113  -9997   32.4  -9997    0.8  280.0    0.0    1.0
C0G650 2005101114  -9997   32.0  -9997    0.2    0.0    0.0    0.7
C0G650 2005101115  -9997   31.2  -9997    1.2   20.0    0.0    1.0
C0G650 2005101116  -9997   30.0  -9997    1.0   20.0    0.0    1.0
C0G650 2005101117  -9997   29.2  -9997    0.3   30.0    0.0    0.4
C0G650 2005101118  -9997   27.6  -9997    0.9   10.0    0.0    0.0
C0G650 2005101119  -9997   27.1  -9997    0.3   30.0    0.0    0.0
C0G650 2005101120  -9997   25.8  -9997    0.0    0.0    0.0    0.0
C0G650 2005101121  -9997   25.9  -9997    0.1    0.0    0.0    0.0
C0G650 2005101122  -9997   25.2  -9997    0.0    0.0    0.0    0.0
C0G650 2005101123  -9997   24.3  -9997    0.0    0.0    0.0    0.0
C0G650 2005101124  -9997   24.4  -9997    0.0    0.0    0.0    0.0
C0G650 2005101201  -9997   24.0  -9997    0.0    0.0    0.0    0.0
C0G650 2005101202  -9997   23.6  -9997    0.0    0.0    0.0    0.0
C0G650 2005101203  -9997   22.9  -9997    0.0    0.0    0.0    0.0
C0G650 2005101204  -9997   23.1  -9997    0.0    0.0    0.0    0.0
C0G650 2005101205  -9997   23.1  -9997    0.0    0.0    0.0    0.0
C0G650 2005101206  -9997   23.3  -9997    0.3   10.0    0.0    0.0
C0G650 2005101207  -9997   24.4  -9997    0.0    0.0    0.0    0.0
C0G650 2005101208  -9997   25.8  -9997    0.0    0.0    0.0    0.8
C0G650 2005101209  -9997   27.0  -9997    0.1    0.0    0.0    1.0
C0G650 2005101210  -9997   28.3  -9997    0.5   50.0    0.0    1.0
C0G650 2005101211  -9997   29.6  -9997    0.6  160.0    0.0    1.0
C0G650 2005101212  -9997   30.7  -9997    0.1    0.0    0.0    1.0
C0G650 2005101213  -9997   31.1  -9997    0.5  190.0    0.0    1.0
C0G650 2005101214  -9997   31.3  -9997    0.4  340.0    0.0    0.8
C0G650 2005101215  -9997   29.8  -9997    0.4  360.0    0.0    1.0
C0G650 2005101216  -9997   29.1  -9997    0.2    0.0    0.0    1.0
C0G650 2005101217  -9997   28.7  -9997    0.4   30.0    0.0    0.6
C0G650 2005101218  -9997   27.9  -9997    0.0    0.0    0.0    0.0
C0G650 2005101219  -9997   26.9  -9997    0.2    0.0    0.0    0.0
C0G650 2005101220  -9997   25.8  -9997    0.0    0.0    0.0    0.0
C0G650 2005101221  -9997   25.1  -9997    0.0    0.0    0.0    0.0
C0G650 2005101222  -9997   24.8  -9997  -9997    0.0    0.0    0.0
C0G650 2005101223  -9997   24.3  -9997    0.0    0.0    0.0    0.0
C0G650 2005101224  -9997   24.3  -9997    0.0    0.0    0.0    0.0
C0G650 2005101301  -9997   24.1  -9997    0.0    0.0  -9996    0.0
C0G650 2005101302  -9997   24.9  -9997    0.0    0.0    0.0    0.0
C0G650 2005101303  -9997   24.8  -9997    0.0    0.0    0.0    0.0
C0G650 2005101304  -9997   24.7  -9997    0.0    0.0    0.0    0.0
C0G650 2005101305  -9997   24.7  -9997    0.0    0.0    0.0    0.0
C0G650 2005101306  -9997   25.0  -9997    0.0    0.0    0.0    0.0
C0G650 2005101307  -9997   25.7  -9997    0.2    0.0    0.0    0.0
C0G650 2005101308  -9997   26.7  -9997    0.5   60.0    0.0    0.0
C0G650 2005101309  -9997   28.9  -9997    0.1    0.0    0.0    1.0
C0G650 2005101310  -9997   29.8  -9997    0.5   60.0    0.0    1.0
C0G650 2005101311  -9997   30.3  -9997    0.8   50.0    0.0    1.0
C0G650 2005101312  -9997   30.7  -9997    0.5   20.0    0.0    0.7
C0G650 2005101313  -9997   31.2  -9997    0.6   20.0    0.0    0.4
C0G650 2005101314  -9997   31.4  -9997    0.9   30.0    0.0    1.0
C0G650 2005101315  -9997   30.7  -9997    1.0   30.0    0.0    1.0
C0G650 2005101316  -9997   29.8  -9997    1.2   20.0    0.0    1.0
C0G650 2005101317  -9997   28.9  -9997    0.4   30.0    0.0    0.8
C0G650 2005101318  -9997   27.5  -9997    0.0    0.0    0.0    0.0
C0G650 2005101319  -9997   27.0  -9997    0.0    0.0    0.0    0.0
C0G650 2005101320  -9997   26.3  -9997    0.0    0.0    0.0    0.0
C0G650 2005101321  -9997   25.5  -9997    0.0    0.0    0.0    0.0
C0G650 2005101322  -9997   25.3  -9997    0.0    0.0    0.0    0.0
C0G650 2005101323  -9997   24.5  -9997    0.0    0.0    0.0    0.0
C0G650 2005101324  -9997   24.1  -9997    0.0    0.0    0.0    0.0
C0G650 2005101401  -9997   23.7  -9997    0.0    0.0    0.0    0.0
C0G650 2005101402  -9997   23.8  -9997    0.0    0.0    0.0    0.0
C0G650 2005101403  -9997   24.3  -9997    0.1    0.0    0.0    0.0
C0G650 2005101404  -9997   24.5  -9997    0.1    0.0    0.0    0.0
C0G650 2005101405  -9997   24.4  -9997    0.1    0.0    0.0    0.0
C0G650 2005101406  -9997   24.4  -9997    0.0    0.0    0.0    0.0
C0G650 2005101407  -9997   24.7  -9997    0.1    0.0    0.0    0.0
C0G650 2005101408  -9997   25.6  -9997    0.3   30.0    0.0    0.0
C0G650 2005101409  -9997   26.8  -9997    0.3   30.0    0.0    0.9
C0G650 2005101410  -9997   28.7  -9997    1.3   20.0    0.0    1.0
C0G650 2005101411  -9997   29.6  -9997    1.5   30.0    0.0    1.0
C0G650 2005101412  -9997   30.0  -9997    1.5   30.0    0.0    1.0
C0G650 2005101413  -9997   30.4  -9997    2.2   20.0    0.0    1.0
C0G650 2005101414  -9997   30.5  -9997    1.6   30.0    0.0    0.7
C0G650 2005101415  -9997   30.1  -9997    0.5   30.0    0.0    1.0
C0G650 2005101416  -9997   28.5  -9997    2.5   20.0    0.0    1.0
C0G650 2005101417  -9997   27.0  -9997    1.9   30.0    0.0    0.7
C0G650 2005101418  -9997   25.9  -9997    1.4   20.0    0.0    0.0
C0G650 2005101419  -9997   25.2  -9997    0.2  -9997    0.0    0.0
C0G650 2005101420  -9997   24.8  -9997    0.0    0.0    0.0    0.0
C0G650 2005101421  -9997   24.5  -9997    0.1    0.0    0.0    0.0
C0G650 2005101422  -9997   24.4  -9997    0.0  -9997    0.0    0.0
C0G650 2005101423  -9997   24.3  -9997    0.4   60.0    0.0    0.0
C0G650 2005101424  -9997   23.6  -9997    0.0    0.0    0.0    0.0
C0G650 2005101501  -9997   23.0  -9997    0.0    0.0    0.0    0.0
C0G650 2005101502  -9997   23.5  -9997    0.0    0.0    0.0    0.0
C0G650 2005101503  -9997   23.5  -9997    0.0    0.0    0.0    0.0
C0G650 2005101504  -9997   23.6  -9997    0.0    0.0    0.0    0.0
C0G650 2005101505  -9997   22.8  -9997    0.0    0.0    0.0    0.0
C0G650 2005101506  -9997   23.2  -9997    0.0    0.0    0.0    0.0
C0G650 2005101507  -9997   23.4  -9997    0.1    0.0    0.0    0.0
C0G650 2005101508  -9997   24.5  -9997    0.3   20.0    0.0    0.0
C0G650 2005101509  -9997   25.7  -9997    1.4   40.0    0.0    0.8
C0G650 2005101510  -9997   28.2  -9997    1.3   30.0    0.0    1.0
C0G650 2005101511  -9997   29.0  -9997    1.8   30.0    0.0    1.0
C0G650 2005101512  -9997   29.7  -9997    1.6   30.0    0.0    1.0
C0G650 2005101513  -9997   30.3  -9997    0.6   30.0    0.0    1.0
C0G650 2005101514  -9997   29.9  -9997    1.5   50.0    0.0    0.7
C0G650 2005101515  -9997   29.7  -9997    0.3   10.0    0.0    1.0
C0G650 2005101516  -9997   28.4  -9997    1.5  -9997    0.0    1.0
C0G650 2005101517  -9997   26.2  -9997    2.3   20.0    0.0    0.4
C0G650 2005101518  -9997   24.9  -9997    1.0   30.0    0.0    0.0
C0G650 2005101519  -9997   24.3  -9997    0.6   10.0    0.0    0.0
C0G650 2005101520  -9997   24.2  -9997    0.6   30.0    0.0    0.0
C0G650 2005101521  -9997   23.5  -9997    0.0    0.0    0.0    0.0
C0G650 2005101522  -9997   22.8  -9997    0.0    0.0    0.0    0.0
C0G650 2005101523  -9997   22.1  -9997    0.0    0.0    0.0    0.0
C0G650 2005101524  -9997   22.0  -9997    0.0    0.0    0.0    0.0
C0G650 2005101601  -9997   22.4  -9997    0.0    0.0    0.0    0.0
C0G650 2005101602  -9997   21.7  -9997    0.0    0.0    0.0    0.0
C0G650 2005101603  -9997   22.4  -9997    0.8   30.0    0.0    0.0
C0G650 2005101604  -9997   22.4  -9997    0.1    0.0    0.0    0.0
C0G650 2005101605  -9997   22.2  -9997    0.1    0.0    0.0    0.0
C0G650 2005101606  -9997   22.3  -9997    0.1    0.0    0.0  -9997
C0G650 2005101607  -9997   22.8  -9997    0.0    0.0    0.0    0.0
C0G650 2005101608  -9997   23.5  -9997    1.0   40.0    0.0    0.6
C0G650 2005101609  -9997   25.5  -9997    0.3   30.0    0.0    1.0
C0G650 2005101610  -9997  -9997  -9997    0.0  -9997    0.0    1.0
C0G650 2005101611  -9997   28.6  -9997    0.3  360.0    0.0    1.0
C0G650 2005101612  -9997   29.3  -9997    0.7   10.0    0.0    1.0
C0G650 2005101613  -9997   30.4  -9997    0.2    0.0    0.0    1.0
C0G650 2005101614  -9997   29.8  -9997    0.9   10.0    0.0    0.7
C0G650 2005101615  -9997   29.3  -9997    1.2   30.0    0.0    1.0
C0G650 2005101616  -9997   28.2  -9997    1.2   20.0    0.0    1.0
C0G650 2005101617  -9997   27.0  -9997    0.9   20.0    0.0    0.3
C0G650 2005101618  -9997   25.8  -9997    0.2    0.0    0.0    0.0
C0G650 2005101619  -9997   24.8  -9997    0.7   30.0    0.0    0.0
C0G650 2005101620  -9997   24.0  -9997    0.1    0.0    0.0    0.0
C0G650 2005101621  -9997   23.3  -9997    0.0    0.0    0.0    0.0
C0G650 2005101622  -9997  -9997  -9997    0.0    0.0    0.0  -9997
C0G650 2005101623  -9997   22.3  -9997    0.0    0.0    0.0    0.0
C0G650 2005101624  -9997   21.6  -9997    0.0    0.0    0.0    0.0
C0G650 2005101701  -9997   21.3  -9997    0.0  -9997    0.0    0.0
C0G650 2005101702  -9997   21.3  -9997    0.0    0.0    0.0    0.0
C0G650 2005101703  -9997   21.7  -9997    0.0    0.0    0.0    0.0
C0G650 2005101704  -9997   21.4  -9997    0.3   20.0    0.0    0.0
C0G650 2005101705  -9997   21.6  -9997    0.0    0.0    0.0    0.0
C0G650 2005101706  -9997   20.7  -9997    0.0    0.0    0.0    0.0
C0G650 2005101707  -9997   22.0  -9997    0.1    0.0    0.0    0.0
C0G650 2005101708  -9997   23.4  -9997    0.2    0.0    0.0    0.0
C0G650 2005101709  -9997   24.7  -9997    0.1    0.0    0.0    0.1
C0G650 2005101710  -9997   25.4  -9997    0.1    0.0    0.0    0.0
C0G650 2005101711  -9997   27.3  -9997    0.0    0.0    0.0    0.0
C0G650 2005101712  -9997   28.1  -9997    1.7   60.0    0.0    1.0
C0G650 2005101713  -9997   29.4  -9997    0.2    0.0    0.0    1.0
C0G650 2005101714  -9997   29.9  -9997    0.6   20.0    0.0    1.0
C0G650 2005101715  -9997   29.3  -9997    1.3   30.0    0.0    1.0
C0G650 2005101716  -9997   28.3  -9997    2.2   20.0    0.0    1.0
C0G650 2005101717  -9997   27.0  -9997    1.4   20.0    0.0    0.4
C0G650 2005101718  -9997   25.6  -9997    0.6   20.0    0.0    0.0
C0G650 2005101719  -9997   24.9  -9997    0.6  -9997    0.0    0.0
C0G650 2005101720  -9997   24.4  -9997    0.0    0.0    0.0    0.0
C0G650 2005101721  -9997   23.6  -9997    0.0    0.0    0.0    0.0
C0G650 2005101722  -9997   22.8  -9997    0.1    0.0    0.0    0.0
C0G650 2005101723  -9997   22.1  -9997    0.1    0.0    0.0    0.0
C0G650 2005101724  -9997   21.6  -9997    0.0    0.0    0.0    0.0
C0G650 2005101801  -9997   20.8  -9997    0.0    0.0    0.0    0.0
C0G650 2005101802  -9997   20.4  -9997    0.0    0.0    0.0    0.0
C0G650 2005101803  -9997   21.4  -9997    0.5   20.0    0.0    0.0
C0G650 2005101804  -9997   20.9  -9997    0.0    0.0    0.0    0.0
C0G650 2005101805  -9997   21.1  -9997    0.0    0.0    0.0    0.0
C0G650 2005101806  -9997   20.8  -9997    0.1    0.0    0.0    0.0
C0G650 2005101807  -9997   21.8  -9997    0.0    0.0    0.0    0.0
C0G650 2005101808  -9997   23.6  -9997    0.0    0.0    0.0    0.5
C0G650 2005101809  -9997   24.8  -9997    0.4   50.0    0.0    1.0
C0G650 2005101810  -9997   26.1  -9997    1.4   50.0    0.0    1.0
C0G650 2005101811  -9997   28.3  -9997    0.7   20.0    0.0    1.0
C0G650 2005101812  -9997   29.5  -9997    0.7   40.0    0.0    1.0
C0G650 2005101813  -9997   30.3  -9997    1.1   30.0    0.0    1.0
C0G650 2005101814  -9997   29.8  -9997    1.4   30.0    0.0    0.7
C0G650 2005101815  -9997   29.3  -9997    1.9   20.0    0.0    1.0
C0G650 2005101816  -9997   28.2  -9997    1.9   30.0    0.0    1.0
C0G650 2005101817  -9997   26.8  -9997    1.1   40.0    0.0    0.5
C0G650 2005101818  -9997   25.6  -9997    0.9   30.0    0.0    0.0
C0G650 2005101819  -9997   24.3  -9997    0.0    0.0    0.0    0.0
C0G650 2005101820  -9997   23.9  -9997    0.0    0.0    0.0    0.0
C0G650 2005101821  -9997   22.5  -9997    0.0    0.0    0.0    0.0
C0G650 2005101822  -9997   22.2  -9997    0.0    0.0    0.0    0.0
C0G650 2005101823  -9997   22.7  -9997    0.0    0.0    0.0    0.0
C0G650 2005101824  -9997   22.8  -9997    0.1    0.0    0.0    0.0
C0G650 2005101901  -9997   22.3  -9997    0.0    0.0    0.0    0.0
C0G650 2005101902  -9997   22.5  -9997    0.0    0.0    0.0    0.0
C0G650 2005101903  -9997   21.4  -9997    0.0    0.0    0.0    0.0
C0G650 2005101904  -9997   22.0  -9997    0.0    0.0    0.0    0.0
C0G650 2005101905  -9997   22.2  -9997    0.0    0.0    0.0    0.0
C0G650 2005101906  -9997   22.4  -9997    0.0    0.0    0.0    0.0
C0G650 2005101907  -9997   23.0  -9997    0.0    0.0    0.0    0.0
C0G650 2005101908  -9997   24.7  -9997    0.0    0.0    0.0    0.4
C0G650 2005101909  -9997   26.3  -9997    0.0    0.0    0.0    0.6
C0G650 2005101910  -9997   27.6  -9997    1.5   70.0    0.0    1.0
C0G650 2005101911  -9997   29.4  -9997    0.3   20.0    0.0    1.0
C0G650 2005101912  -9997   29.9  -9997    0.2    0.0    0.0    1.0
C0G650 2005101913  -9997   31.0  -9997    0.2    0.0    0.0    1.0
C0G650 2005101914  -9997  -9997  -9997  -9997  -9997    0.0  -9997
C0G650 2005101915  -9997   30.1  -9997    0.2    0.0    0.0    2.0
C0G650 2005101916  -9997   28.9  -9997    1.7   20.0    0.0    1.0
C0G650 2005101917  -9997   27.1  -9997    1.2   40.0    0.0    0.3
C0G650 2005101918  -9997   25.4  -9997    0.5   10.0    0.0    0.0
C0G650 2005101919  -9997   24.7  -9997    0.1    0.0    0.0    0.0
C0G650 2005101920  -9997   23.8  -9997    0.0    0.0    0.0    0.0
C0G650 2005101921  -9997   23.4  -9997    0.0    0.0    0.0    0.0
C0G650 2005101922  -9997   23.0  -9997    0.0    0.0    0.0    0.0
C0G650 2005101923  -9997   23.0  -9997    0.0    0.0    0.0    0.0
C0G650 2005101924  -9997   22.5  -9997    0.0    0.0    0.0  -9997
C0G650 2005102001  -9997   21.9  -9997    0.0    0.0    0.0    0.0
C0G650 2005102002  -9997   21.8  -9997    0.0    0.0    0.0    0.0
C0G650 2005102003  -9997   21.5  -9997    0.0    0.0    0.0    0.0
C0G650 2005102004  -9997   21.3  -9997    0.0    0.0    0.0    0.0
C0G650 2005102005  -9997   22.6  -9997    0.0    0.0    0.0    0.0
C0G650 2005102006  -9997   21.4  -9997    0.0    0.0    0.0    0.0
C0G650 2005102007  -9997   22.5  -9997    0.0    0.0    0.0    0.0
C0G650 2005102008  -9997   25.2  -9997    0.0    0.0    0.0  -9997
C0G650 2005102009  -9997   27.1  -9997    0.0    0.0    0.0    1.8
C0G650 2005102010  -9997   28.5  -9997    0.4  100.0    0.0    1.0
C0G650 2005102011  -9997  -9997  -9997  -9997   30.0    0.0  -9997
C0G650 2005102012  -9997   30.0  -9997    0.9  360.0    0.0    1.0
C0G650 2005102013  -9997   30.7  -9997    0.2    0.0    0.0    1.0
C0G650 2005102014  -9997   30.3  -9997    0.7   20.0    0.0    0.6
C0G650 2005102015  -9997   29.3  -9997    1.3   10.0    0.0    1.0
C0G650 2005102016  -9997   28.9  -9997    0.4   10.0    0.0    1.0
C0G650 2005102017  -9997   27.7  -9997    0.6   20.0    0.0    0.7
C0G650 2005102018  -9997   26.8  -9997    0.0    0.0    0.0    0.0
C0G650 2005102019  -9997   25.6  -9997    0.0    0.0    0.0    0.0
C0G650 2005102020  -9997   24.0  -9997    0.0    0.0    0.0    0.0
C0G650 2005102021  -9997   23.9  -9997    0.0    0.0    0.0    0.0
C0G650 2005102022  -9997   23.3  -9997    0.0    0.0    0.0    0.0
C0G650 2005102023  -9997   23.0  -9997    0.0    0.0    0.0    0.0
C0G650 2005102024  -9997   22.1  -9997    0.0    0.0    0.0    0.0
C0G650 2005102101  -9997   21.9  -9997  -9997    0.0    0.0    0.0
C0G650 2005102102  -9997   21.5  -9997    0.0    0.0    0.0    0.0
C0G650 2005102103  -9997   21.4  -9997    0.0    0.0    0.0    0.0
C0G650 2005102104  -9997   21.4  -9997    0.0    0.0    0.0    0.0
C0G650 2005102105  -9997   22.4  -9997    0.0    0.0    0.0    0.0
C0G650 2005102106  -9997   22.3  -9997    0.0    0.0    0.0    0.0
C0G650 2005102107  -9997   23.7  -9997    0.1  -9997    0.0    0.0
C0G650 2005102108  -9997   25.6  -9997    0.0    0.0    0.0    0.7
C0G650 2005102109  -9997   27.3  -9997    0.2    0.0    0.0    1.0
C0G650 2005102110  -9997   29.1  -9997    0.0    0.0    0.0    1.0
C0G650 2005102111  -9997   29.1  -9997    0.2    0.0    0.0    1.0
C0G650 2005102112  -9997   29.9  -9997    0.3   30.0    0.0    0.9
C0G650 2005102113  -9997   30.3  -9997    0.8   30.0    0.0    0.9
C0G650 2005102114  -9997   30.1  -9997    2.2   20.0    0.0    0.6
C0G650 2005102115  -9997   29.4  -9997    2.1   30.0    0.0    1.0
C0G650 2005102116  -9997   28.1  -9997    1.5   30.0    0.0    1.0
C0G650 2005102117  -9997   26.5  -9997    1.4   30.0    0.0    0.9
C0G650 2005102118  -9997   25.0  -9997    1.1   20.0    0.0    0.0
C0G650 2005102119  -9997   24.5  -9997    1.9   30.0    0.0    0.0
C0G650 2005102120  -9997   24.1  -9997    0.1    0.0    0.0    0.0
C0G650 2005102121  -9997   23.2  -9997    0.0    0.0    0.0    0.0
C0G650 2005102122  -9997   22.6  -9997    0.0    0.0    0.0    0.0
C0G650 2005102123  -9997   22.9  -9997    0.3   40.0    0.0    0.0
C0G650 2005102124  -9997   21.9  -9997    0.0    0.0    0.0    0.0
C0G650 2005102201  -9997   21.3  -9997    0.0    0.0    0.0    0.0
C0G650 2005102202  -9997   21.1  -9997    0.0    0.0    0.0    0.0
C0G650 2005102203  -9997   20.9  -9997    0.0    0.0    0.0    0.0
C0G650 2005102204  -9997   21.5  -9997    0.0    0.0    0.0    0.0
C0G650 2005102205  -9997   21.5  -9997    0.0    0.0    0.0    0.0
C0G650 2005102206  -9997   22.2  -9997    0.0    0.0    0.0    0.0
C0G650 2005102207  -9997   22.4  -9997    0.1    0.0    0.0    0.0
C0G650 2005102208  -9997   23.4  -9997    0.2    0.0    0.0    0.0
C0G650 2005102209  -9997   25.5  -9997    0.3  -9997    0.0    1.0
C0G650 2005102210  -9997   26.8  -9997    0.8   40.0    0.0    1.0
C0G650 2005102211  -9997   28.6  -9997    0.5   20.0    0.0    1.0
C0G650 2005102212  -9997   28.7  -9997    0.4  330.0    0.0    1.0
C0G650 2005102213  -9997   28.5  -9997    2.2   30.0    0.0    1.0
C0G650 2005102214  -9997   28.1  -9997    2.0   30.0    0.0    1.0
C0G650 2005102215  -9997   27.4  -9997    1.7   30.0    0.0    1.0
C0G650 2005102216  -9997   26.3  -9997    1.2   30.0    0.0    1.0
C0G650 2005102217  -9997   24.4  -9997    1.6   20.0    0.0    0.2
C0G650 2005102218  -9997   23.3  -9997    2.3   10.0    0.0    0.0
C0G650 2005102219  -9997   22.8  -9997    1.2   20.0    0.0    0.0
C0G650 2005102220  -9997   22.0  -9997    0.0    0.0    0.0    0.0
C0G650 2005102221  -9997   21.7  -9997    0.8   20.0    0.0    0.0
C0G650 2005102222  -9997   21.6  -9997    0.0    0.0    0.0    0.0
C0G650 2005102223  -9997   21.3  -9997    0.0    0.0    0.0    0.0
C0G650 2005102224  -9997   20.5  -9997    0.0    0.0    0.0    0.0
C0G650 2005102301  -9997   20.1  -9997    0.0    0.0  -9996    0.0
C0G650 2005102302  -9997   20.1  -9997    0.0    0.0    0.0    0.0
C0G650 2005102303  -9997   19.4  -9997    0.0    0.0    0.0    0.0
C0G650 2005102304  -9997   19.8  -9997    0.0    0.0    0.0    0.0
C0G650 2005102305  -9997   20.6  -9997    0.0    0.0    0.0    0.0
C0G650 2005102306  -9997   21.0  -9997    0.0    0.0    0.0    0.0
C0G650 2005102307  -9997   21.4  -9997    0.0    0.0    0.0  -9997
C0G650 2005102308  -9997   22.4  -9997    0.0    0.0    0.0    0.2
C0G650 2005102309  -9997   24.5  -9997    0.0    0.0    0.0    1.0
C0G650 2005102310  -9997   26.0  -9997    0.1    0.0    0.0    1.0
C0G650 2005102311  -9997   26.0  -9997    0.4   10.0    0.0    0.5
C0G650 2005102312  -9997  -9997  -9997    0.4   10.0    0.0    0.5
C0G650 2005102313  -9997   27.1  -9997    0.7  360.0    0.0    0.3
C0G650 2005102314  -9997   27.1  -9997    0.1    0.0    0.0    0.5
C0G650 2005102315  -9997   24.7  -9997    1.5   20.0    0.0    0.0
C0G650 2005102316  -9997   23.7  -9997    1.6   30.0    0.0    0.0
C0G650 2005102317  -9997   23.5  -9997    0.8   20.0    0.0    0.0
C0G650 2005102318  -9997   22.2  -9997    1.2   40.0    0.0    0.0
C0G650 2005102319  -9997   21.4  -9997    0.0    0.0    0.0    0.0
C0G650 2005102320  -9997   21.0  -9997    0.0    0.0    0.0    0.0
C0G650 2005102321  -9997   20.5  -9997    0.0    0.0    0.0    0.0
C0G650 2005102322  -9997   21.0  -9997    0.0    0.0    0.0    0.0
C0G650 2005102323  -9997   20.7  -9997    0.1    0.0    0.0    0.0
C0G650 2005102324  -9997   20.6  -9997    0.0    0.0    0.0    0.0
C0G650 2005102401  -9997   20.8  -9997    0.0    0.0    0.0    0.0
C0G650 2005102402  -9997   20.5  -9997    0.0    0.0    0.0    0.0
C0G650 2005102403  -9997   20.7  -9997    0.0    0.0    0.0    0.0
C0G650 2005102404  -9997   20.5  -9997    0.0    0.0    0.0    0.0
C0G650 2005102405  -9997   20.8  -9997    0.1    0.0    0.0    0.0
C0G650 2005102406  -9997   20.6  -9997    0.0    0.0    0.0    0.0
C0G650 2005102407  -9997   20.9  -9997    0.2    0.0    0.0    0.0
C0G650 2005102408  -9997   21.7  -9997    0.5  360.0    0.0    0.0
C0G650 2005102409  -9997   23.1  -9997    0.9   50.0    0.0    0.4
C0G650 2005102410  -9997   25.3  -9997    0.0    0.0    0.0    1.0
C0G650 2005102411  -9997   27.0  -9997    0.1    0.0    0.0    1.0
C0G650 2005102412  -9997   27.2  -9997    0.1    0.0    0.0    1.0
C0G650 2005102413  -9997   28.2  -9997    0.3  290.0    0.0    1.0
C0G650 2005102414  -9997   27.7  -9997    0.5  300.0    0.0    1.0
C0G650 2005102415  -9997   25.8  -9997    0.3  290.0    0.0    0.0
C0G650 2005102416  -9997   25.0  -9997    0.1    0.0    0.0    0.0
C0G650 2005102417  -9997   24.4  -9997    0.3   10.0    0.0    0.0
C0G650 2005102418  -9997   23.7  -9997    0.2    0.0    0.0    0.0
C0G650 2005102419  -9997   22.8  -9997    0.0    0.0    0.0    0.0
C0G650 2005102420  -9997   22.6  -9997    0.0    0.0    0.0    0.0
C0G650 2005102421  -9997   22.3  -9997    0.0    0.0    0.0    0.0
C0G650 2005102422  -9997   21.5  -9997    0.0    0.0    0.0    0.0
C0G650 2005102423  -9997   21.6  -9997    0.0    0.0    0.0    0.0
C0G650 2005102424  -9997   21.7  -9997    0.0    0.0    0.0    0.0
C0G650 2005102501  -9997   21.1  -9997    0.0    0.0    0.0    0.0
C0G650 2005102502  -9997   20.5  -9997    0.0    0.0    0.0    0.0
C0G650 2005102503  -9997   20.0  -9997    0.0    0.0    0.0    0.0
C0G650 2005102504  -9997   19.8  -9997    0.0    0.0    0.0    0.0
C0G650 2005102505  -9997   19.8  -9997    0.0    0.0    0.0    0.0
C0G650 2005102506  -9997   20.1  -9997    0.0    0.0    0.0    0.0
C0G650 2005102507  -9997   20.9  -9997    0.0    0.0    0.0    0.0
C0G650 2005102508  -9997   23.5  -9997    0.0    0.0    0.0    0.5
C0G650 2005102509  -9997   25.7  -9997    0.0    0.0    0.0    0.7
C0G650 2005102510  -9997   27.4  -9997    0.0    0.0    0.0    1.0
C0G650 2005102511  -9997   28.4  -9997    0.1    0.0    0.0    1.0
C0G650 2005102512  -9997   28.9  -9997    0.0    0.0    0.0    1.0
C0G650 2005102513  -9997   29.5  -9997  -9997  -9997    0.0    0.2
C0G650 2005102514  -9997   29.9  -9997    0.2    0.0    0.0    0.0
C0G650 2005102515  -9997   28.7  -9997    0.0    0.0    0.0    0.7
C0G650 2005102516  -9997   27.9  -9997    0.3  280.0    0.0    0.7
C0G650 2005102517  -9997   26.6  -9997    0.5  280.0    0.0    0.1
C0G650 2005102518  -9997   25.9  -9997    0.0    0.0    0.0    0.0
C0G650 2005102519  -9997   25.2  -9997    0.0    0.0    0.0    0.0
C0G650 2005102520  -9997   24.3  -9997    0.0    0.0    0.0    0.0
C0G650 2005102521  -9997   23.3  -9997    0.0    0.0    0.0    0.0
C0G650 2005102522  -9997   22.4  -9997    0.0    0.0    0.0  -9997
C0G650 2005102523  -9997   21.9  -9997    0.0    0.0    0.0    0.0
C0G650 2005102524  -9997   22.0  -9997    0.0    0.0    0.0    0.0
C0G650 2005102601  -9997   21.3  -9997    0.0    0.0    0.0    0.0
C0G650 2005102602  -9997   21.3  -9997    0.0    0.0    0.0    0.0
C0G650 2005102603  -9997   21.2  -9997    0.0    0.0    0.0    0.0
C0G650 2005102604  -9997   20.8  -9997    0.0    0.0    0.0    0.0
C0G650 2005102605  -9997   20.9  -9997    0.0    0.0    0.0    0.0
C0G650 2005102606  -9997   20.8  -9997    0.0    0.0    0.0    0.0
C0G650 2005102607  -9997   21.8  -9997    0.0    0.0    0.0    0.0
C0G650 2005102608  -9997   24.2  -9997    0.1    0.0    0.0    0.4
C0G650 2005102609  -9997   25.3  -9997    1.6   20.0    0.0    1.0
C0G650 2005102610  -9997   27.0  -9997    1.5   40.0    0.0    1.0
C0G650 2005102611  -9997   29.0  -9997    0.2    0.0    0.0    1.0
C0G650 2005102612  -9997   29.2  -9997    0.8   20.0    0.0    1.0
C0G650 2005102613  -9997   29.7  -9997    1.8   30.0    0.0    1.0
C0G650 2005102614  -9997   29.2  -9997    1.7   20.0    0.0    0.6
C0G650 2005102615  -9997   28.8  -9997    1.8   20.0    0.0    1.0
C0G650 2005102616  -9997   28.0  -9997    1.5  -9997    0.0    1.0
C0G650 2005102617  -9997   26.2  -9997    1.2   20.0    0.0    0.6
C0G650 2005102618  -9997   24.9  -9997    1.1   20.0    0.0    0.0
C0G650 2005102619  -9997   24.5  -9997    0.4   30.0    0.0    0.0
C0G650 2005102620  -9997   23.9  -9997    0.0    0.0    0.0    0.0
C0G650 2005102621  -9997   23.5  -9997    0.0    0.0    0.0    0.0
C0G650 2005102622  -9997   23.0  -9997    0.0    0.0    0.0    0.0
C0G650 2005102623  -9997   22.8  -9997    0.2    0.0    0.0    0.0
C0G650 2005102624  -9997   22.4  -9997    0.0    0.0    0.0    0.0
C0G650 2005102701  -9997   22.0  -9997    0.0    0.0    0.0    0.0
C0G650 2005102702  -9997   21.0  -9997    0.0    0.0    0.0    0.0
C0G650 2005102703  -9997   20.6  -9997    0.0    0.0    0.0    0.0
C0G650 2005102704  -9997   20.4  -9997    0.0    0.0    0.0    0.0
C0G650 2005102705  -9997   20.1  -9997    0.0    0.0    0.0    0.0
C0G650 2005102706  -9997   19.9  -9997    0.0    0.0    0.0    0.0
C0G650 2005102707  -9997   21.4  -9997    0.0    0.0    0.0    0.0
C0G650 2005102708  -9997   24.4  -9997    0.3   40.0    0.0    1.0
C0G650 2005102709  -9997  -9997  -9997  -9997  -9997    0.0  -9997
C0G650 2005102710  -9997   28.6  -9997    0.1    0.0    0.0    2.0
C0G650 2005102711  -9997   30.7  -9997    0.2    0.0    0.0    1.0
C0G650 2005102712  -9997   31.8  -9997    0.5  260.0    0.0    1.0
C0G650 2005102713  -9997   31.6  -9997    0.6  250.0    0.0    1.0
C0G650 2005102714  -9997   31.4  -9997    0.4  270.0    0.0    0.7
C0G650 2005102715  -9997   31.4  -9997    0.8  270.0    0.0    1.0
C0G650 2005102716  -9997   29.9  -9997    0.0    0.0    0.0    1.0
C0G650 2005102717  -9997   27.4  -9997    0.6  270.0    0.0    0.6
C0G650 2005102718  -9997   25.9  -9997    0.1    0.0    0.0    0.0
C0G650 2005102719  -9997   25.4  -9997    0.7   30.0    0.0    0.0
C0G650 2005102720  -9997   25.1  -9997    0.2    0.0    0.0    0.0
C0G650 2005102721  -9997   25.4  -9997    0.0    0.0    0.0    0.0
C0G650 2005102722  -9997   25.4  -9997    0.0    0.0    0.0    0.0
C0G650 2005102723  -9997   24.6  -9997    0.0    0.0    0.0    0.0
C0G650 2005102724  -9997   24.6  -9997    0.0    0.0    0.0    0.0
C0G650 2005102801  -9997   24.6  -9997    0.0    0.0    0.0    0.0
C0G650 2005102802  -9997   24.1  -9997    0.0    0.0    0.0    0.0
C0G650 2005102803  -9997   24.0  -9997    0.0    0.0    0.0    0.0
C0G650 2005102804  -9997   23.2  -9997    0.0    0.0    0.0    0.0
C0G650 2005102805  -9997   22.6  -9997    0.0    0.0    0.0    0.0
C0G650 2005102806  -9997   22.3  -9997    0.0    0.0    0.0    0.0
C0G650 2005102807  -9997   22.9  -9997    0.0    0.0    0.0    0.0
C0G650 2005102808  -9997   26.1  -9997    0.0    0.0    0.0    0.6
C0G650 2005102809  -9997   27.1  -9997    0.2    0.0    0.0    1.0
C0G650 2005102810  -9997   29.1  -9997    0.4   30.0    0.0    0.9
C0G650 2005102811  -9997   30.2  -9997    0.1    0.0    0.0  -9997
C0G650 2005102812  -9997   30.3  -9997    0.1    0.0    0.0    1.8
C0G650 2005102813  -9997   31.8  -9997    0.8  270.0    0.0    0.7
C0G650 2005102814  -9997   29.7  -9997    0.5  330.0    0.0    0.6
C0G650 2005102815  -9997   29.1  -9997    0.4  290.0    0.0    0.8
C0G650 2005102816  -9997   28.0  -9997    0.2    0.0    0.0    0.2
C0G650 2005102817  -9997   27.3  -9997    0.0    0.0    0.0    0.0
C0G650 2005102818  -9997   26.6  -9997    0.1    0.0    0.0    0.0
C0G650 2005102819  -9997   26.3  -9997    0.0    0.0    0.0    0.0
C0G650 2005102820  -9997   25.3  -9997    0.0    0.0    0.0    0.0
C0G650 2005102821  -9997   25.3  -9997    0.4  190.0    0.0    0.0
C0G650 2005102822  -9997   25.2  -9997    0.0    0.0    0.0    0.0
C0G650 2005102823  -9997   24.6  -9997    0.4  270.0    0.0    0.0
C0G650 2005102824  -9997   24.7  -9997    0.0    0.0    0.0    0.0
C0G650 2005102901  -9997   24.3  -9997    0.0    0.0    0.0    0.0
C0G650 2005102902  -9997   23.8  -9997    0.0    0.0    0.0    0.0
C0G650 2005102903  -9997   23.6  -9997    0.0    0.0    0.0    0.0
C0G650 2005102904  -9997   23.8  -9997    0.0    0.0    0.0  -9997
C0G650 2005102905  -9997   24.2  -9997    0.0    0.0    0.0    0.0
C0G650 2005102906  -9997   24.1  -9997    0.1    0.0    0.0    0.0
C0G650 2005102907  -9997   24.6  -9997    0.0    0.0    0.0  -9997
C0G650 2005102908  -9997   25.6  -9997    1.6  -9997    0.0    0.4
C0G650 2005102909  -9997   26.4  -9997    1.8   20.0    0.0    0.9
C0G650 2005102910  -9997   27.6  -9997    0.6   10.0    0.0    0.9
C0G650 2005102911  -9997   27.9  -9997    0.9   10.0    0.0    0.6
C0G650 2005102912  -9997   28.7  -9997    0.5  350.0    0.0    0.7
C0G650 2005102913  -9997   27.3  -9997    2.9   20.0    0.0    1.0
C0G650 2005102914  -9997   27.8  -9997    1.9   30.0    0.0    1.0
C0G650 2005102915  -9997   28.4  -9997    0.5   10.0    0.0    1.0
C0G650 2005102916  -9997   26.7  -9997    0.9   20.0    0.0    1.0
C0G650 2005102917  -9997   24.8  -9997    1.2   30.0    0.0    0.4
C0G650 2005102918  -9997   23.5  -9997    1.8   30.0    0.0    0.0
C0G650 2005102919  -9997   22.8  -9997    1.7   20.0    0.0    0.0
C0G650 2005102920  -9997   22.6  -9997    1.8   20.0    0.0    0.0
C0G650 2005102921  -9997   22.2  -9997    0.2    0.0    0.0    0.0
C0G650 2005102922  -9997  -9997  -9997    0.2    0.0    0.0    0.0
C0G650 2005102923  -9997   21.7  -9997    0.1    0.0    0.0    0.0
C0G650 2005102924  -9997   21.8  -9997    0.6   30.0    0.0    0.0
C0G650 2005103001  -9997   21.4  -9997    0.5   20.0    0.0    0.0
C0G650 2005103002  -9997   21.3  -9997    1.0   30.0    0.0    0.0
C0G650 2005103003  -9997   21.1  -9997    0.1    0.0    0.0    0.0
C0G650 2005103004  -9997   21.5  -9997    1.5   30.0    0.0    0.0
C0G650 2005103005  -9997   21.6  -9997    2.2   20.0    0.0    0.0
C0G650 2005103006  -9997   21.7  -9997    1.7   30.0    0.0    0.0
C0G650 2005103007  -9997   21.8  -9997    2.1   30.0    0.0    0.0
C0G650 2005103008  -9997   22.2  -9997    1.3   20.0    0.0    0.1
C0G650 2005103009  -9997   22.2  -9997    1.4   30.0    0.0    0.0
C0G650 2005103010  -9997   23.8  -9997    1.6   50.0    0.0    0.2
C0G650 2005103011  -9997   24.5  -9997    1.2   30.0    0.0    0.6
C0G650 2005103012  -9997   24.5  -9997    1.0   30.0    0.0    0.4
C0G650 2005103013  -9997   25.2  -9997    2.1   40.0    0.0    0.3
C0G650 2005103014  -9997   23.7  -9997    2.4   30.0    0.0    0.0
C0G650 2005103015  -9997   22.6  -9997    1.6   20.0    0.0    0.0
C0G650 2005103016  -9997   22.6  -9997    2.0   20.0    0.0    0.0
C0G650 2005103017  -9997   21.4  -9997    2.0   20.0    0.0    0.0
C0G650 2005103018  -9997   20.9  -9997    0.7   20.0    0.0    0.0
C0G650 2005103019  -9997   20.4  -9997    0.5   20.0    0.0    0.0
C0G650 2005103020  -9997   20.5  -9997    1.1   20.0    0.0    0.0
C0G650 2005103021  -9997   20.8  -9997    0.3   30.0    0.0    0.0
C0G650 2005103022  -9997   20.6  -9997  -9997  -9997    0.0    0.0
C0G650 2005103023  -9997   20.8  -9997    0.1    0.0    0.0    0.0
C0G650 2005103024  -9997   20.3  -9997    0.6   50.0    0.0    0.0
C0G650 2005103101  -9997   20.5  -9997    0.0    0.0    0.0    0.0
C0G650 2005103102  -9997   20.0  -9997    0.0    0.0    0.0    0.0
C0G650 2005103103  -9997   20.2  -9997    0.1    0.0    0.0  -9997
C0G650 2005103104  -9997   20.1  -9997    0.0    0.0    0.0    0.0
C0G650 2005103105  -9997   20.2  -9997    0.0    0.0    0.0    0.0
C0G650 2005103106  -9997   20.2  -9997    0.0    0.0    0.0    0.0
C0G650 2005103107  -9997   20.8  -9997    0.2    0.0    0.0    0.0
C0G650 2005103108  -9997   21.3  -9997    0.0    0.0    0.0    0.0
C0G650 2005103109  -9997   22.4  -9997    0.1    0.0    0.0    0.1
C0G650 2005103110  -9997   23.7  -9997    0.5   20.0    0.0    0.5
C0G650 2005103111  -9997   24.9  -9997    1.1   40.0    0.0    1.0
C0G650 2005103112  -9997   26.5  -9997    0.2    0.0    0.0    0.9
C0G650 2005103113  -9997   27.2  -9997    0.0    0.0    0.0    0.6
C0G650 2005103114  -9997   28.3  -9997    0.1    0.0    0.0    0.9
C0G650 2005103115  -9997   28.1  -9997    0.1    0.0    0.0    1.0
C0G650 2005103116  -9997   26.8  -9997    0.6   50.0    0.0    0.9
C0G650 2005103117  -9997   24.5  -9997    1.2   10.0    0.0    0.3
C0G650 2005103118  -9997   23.4  -9997    0.1    0.0    0.0    0.0
C0G650 2005103119  -9997   22.5  -9997    0.0    0.0    0.0    0.0
C0G650 2005103120  -9997   21.4  -9997    0.0    0.0    0.0    0.0
C0G650 2005103121  -9997   20.7  -9997    0.2    0.0    0.0    0.0
C0G650 2005103122  -9997   20.6  -9997    0.0    0.0    0.0    0.0
C0G650 2005103123  -9997   20.1  -9997    0.1    0.0    0.0    0.0
C0G650 2005103124  -9997   19.9  -9997    0.2    0.0    0.0    0.0
C0G660 2005100101  -9999  -9999  -9999  -9999  -9999    0.0  -9999
C0G660 2005100102  -9999  -9999  -9999  -9999  -9999    0.0  -9999
C0G660 2005100103  -9999  -9999  -9999  -9999  -9999    0.0  -9999
C0G660 2005100104  -9999  -9999  -9999  -9999  -9999    0.0  -9999
C0G660 2005100105  -9999  -9999  -9999  -9999  -9999    0.0  -9999
C0G660 2005100106  -9999  -9999  -9999  -9999  -9999    0.0  -9999
C0G660 2005100107  -9999  -9999  -9999  -9999  -9999    0.0  -9999
C0G660 2005100108  -9999  -9999  -9999  -9999  -9999    0.0  -9999
C0G660 2005100109  -9999  -9999  -9999  -9999  -9999    0.0  -9999
C0G660 2005100110  -9999  -9999  -9999  -9999  -9999    0.0  -9999
C0G660 2005100111  -9999  -9999  -9999  -9999  -9999    0.0  -9999
C0G660 2005100112  -9999  -9999  -9999  -9999  -9999    0.0  -9999
C0G660 2005100113  -9999  -9999  -9999  -9999  -9999    0.0  -9999
C0G660 2005100114  -9999  -9999  -9999  -9999  -9999    0.0  -9999
C0G660 2005100115  -9999  -9999  -9999  -9999  -9999    0.0  -9999
C0G660 2005100116  -9999  -9999  -9999  -9999  -9999    0.0  -9999
C0G660 2005100117  -9999  -9999  -9999  -9999  -9999    0.0  -9999
C0G660 2005100118  -9999  -9999  -9999  -9999  -9999    0.0  -9999
C0G660 2005100119  -9999  -9999  -9999  -9999  -9999    0.0  -9999
C0G660 2005100120  -9999  -9999  -9999  -9999  -9999    0.0  -9999
C0G660 2005100121  -9999  -9999  -9999  -9999  -9999    0.0  -9999
C0G660 2005100122  -9999  -9999  -9999  -9999  -9999    0.0  -9999
C0G660 2005100123  -9999  -9999  -9999  -9999  -9999    0.0  -9999
C0G660 2005100124  -9999  -9999  -9999  -9999  -9999    0.0  -9999
C0G660 2005100201  -9999  -9999  -9999  -9999  -9999    0.0  -9999
C0G660 2005100202  -9999  -9999  -9999  -9999  -9999    0.0  -9999
C0G660 2005100203  -9999  -9999  -9999  -9999  -9999    0.0  -9999
C0G660 2005100204  -9999  -9999  -9999  -9999  -9999    0.5  -9999
C0G660 2005100205  -9999  -9999  -9999  -9999  -9999    1.0  -9999
C0G660 2005100206  -9999  -9999  -9999  -9999  -9999    0.0  -9999
C0G660 2005100207  -9999  -9999  -9999  -9999  -9999    0.0  -9999
C0G660 2005100208  -9999  -9999  -9999  -9999  -9999    2.5  -9999
C0G660 2005100209  -9999  -9999  -9999  -9999  -9999    7.5  -9999
C0G660 2005100210  -9999  -9999  -9999  -9999  -9999    5.5  -9999
C0G660 2005100211  -9999  -9999  -9999  -9999  -9999    0.5  -9999
C0G660 2005100212  -9999  -9999  -9999  -9999  -9999    0.0  -9999
C0G660 2005100213  -9999  -9999  -9999  -9999  -9999    0.5  -9999
C0G660 2005100214  -9999  -9999  -9999  -9999  -9999    0.0  -9999
C0G660 2005100215  -9999  -9999  -9999  -9999  -9999    1.0  -9999
C0G660 2005100216  -9999  -9999  -9999  -9999  -9999    2.0  -9999
C0G660 2005100217  -9999  -9999  -9999  -9999  -9999    0.5  -9999
C0G660 2005100218  -9999  -9999  -9999  -9999  -9999    0.0  -9999
C0G660 2005100219  -9999  -9999  -9999  -9999  -9999    0.5  -9999
C0G660 2005100220  -9999  -9999  -9999  -9999  -9999    0.5  -9999
C0G660 2005100221  -9999  -9999  -9999  -9999  -9999    0.0  -9999
C0G660 2005100222  -9999  -9999  -9999  -9999  -9999    0.0  -9999
C0G660 2005100223  -9999  -9999  -9999  -9999  -9999    0.0  -9999
C0G660 2005100224  -9999  -9999  -9999  -9999  -9999    0.0  -9999
C0G660 2005100301  -9999  -9999  -9999  -9999  -9999    0.0  -9999
C0G660 2005100302  -9999  -9999  -9999  -9999  -9999    0.0  -9999
C0G660 2005100303  -9999  -9999  -9999  -9999  -9999    0.0  -9999
C0G660 2005100304  -9999  -9999  -9999  -9999  -9999    0.0  -9999
C0G660 2005100305  -9999  -9999  -9999  -9999  -9999    0.0  -9999
C0G660 2005100306  -9999  -9999  -9999  -9999  -9999    0.0  -9999
C0G660 2005100307  -9999  -9999  -9999  -9999  -9999    0.0  -9999
C0G660 2005100308  -9999  -9999  -9999  -9999  -9999    0.0  -9999
C0G660 2005100309  -9999  -9999  -9999  -9999  -9999    0.0  -9999
C0G660 2005100310  -9999  -9999  -9999  -9999  -9999    0.0  -9999
C0G660 2005100311  -9999  -9999  -9999  -9999  -9999    0.0  -9999
C0G660 2005100312  -9999  -9999  -9999  -9999  -9999    0.0  -9999
C0G660 2005100313  -9999  -9999  -9999  -9999  -9999    0.0  -9999
C0G660 2005100314  -9999  -9999  -9999  -9999  -9999    1.5  -9999
C0G660 2005100315  -9999  -9999  -9999  -9999  -9999    3.0  -9999
C0G660 2005100316  -9999  -9999  -9999  -9999  -9999    0.0  -9999
C0G660 2005100317  -9999  -9999  -9999  -9999  -9999    0.0  -9999
C0G660 2005100318  -9999  -9999  -9999  -9999  -9999    0.0  -9999
C0G660 2005100319  -9999  -9999  -9999  -9999  -9999    0.0  -9999
C0G660 2005100320  -9999  -9999  -9999  -9999  -9999    0.0  -9999
C0G660 2005100321  -9999  -9999  -9999  -9999  -9999    0.0  -9999
C0G660 2005100322  -9999  -9999  -9999  -9999  -9999    0.0  -9999
C0G660 2005100323  -9999  -9999  -9999  -9999  -9999    0.0  -9999
C0G660 2005100324  -9999  -9999  -9999  -9999  -9999    0.0  -9999
C0G660 2005100401  -9999  -9999  -9999  -9999  -9999    0.0  -9999
C0G660 2005100402  -9999  -9999  -9999  -9999  -9999    0.0  -9999
C0G660 2005100403  -9999  -9999  -9999  -9999  -9999    0.0  -9999
C0G660 2005100404  -9999  -9999  -9999  -9999  -9999    0.0  -9999
C0G660 2005100405  -9999  -9999  -9999  -9999  -9999    0.0  -9999
C0G660 2005100406  -9999  -9999  -9999  -9999  -9999    0.0  -9999
C0G660 2005100407  -9999  -9999  -9999  -9999  -9999    0.0  -9999
C0G660 2005100408  -9999  -9999  -9999  -9999  -9999    0.0  -9999
C0G660 2005100409  -9999  -9999  -9999  -9999  -9999    0.0  -9999
C0G660 2005100410  -9999  -9999  -9999  -9999  -9999    0.0  -9999
C0G660 2005100411  -9999  -9999  -9999  -9999  -9999    0.0  -9999
C0G660 2005100412  -9999  -9999  -9999  -9999  -9999    0.0  -9999
C0G660 2005100413  -9999  -9999  -9999  -9999  -9999    0.0  -9999
C0G660 2005100414  -9999  -9999  -9999  -9999  -9999    0.0  -9999
C0G660 2005100415  -9999  -9999  -9999  -9999  -9999    0.0  -9999
C0G660 2005100416  -9999  -9999  -9999  -9999  -9999    0.0  -9999
C0G660 2005100417  -9999  -9999  -9999  -9999  -9999    0.0  -9999
C0G660 2005100418  -9999  -9999  -9999  -9999  -9999    0.0  -9999
C0G660 2005100419  -9999  -9999  -9999  -9999  -9999    0.0  -9999
C0G660 2005100420  -9999  -9999  -9999  -9999  -9999    0.0  -9999
C0G660 2005100421  -9999  -9999  -9999  -9999  -9999    0.0  -9999
C0G660 2005100422  -9999  -9999  -9999  -9999  -9999    0.0  -9999
C0G660 2005100423  -9999  -9999  -9999  -9999  -9999    0.0  -9999
C0G660 2005100424  -9999  -9999  -9999  -9999  -9999    0.0  -9999
C0G660 2005100501  -9999  -9999  -9999  -9999  -9999    0.0  -9999
C0G660 2005100502  -9999  -9999  -9999  -9999  -9999    0.0  -9999
C0G660 2005100503  -9999  -9999  -9999  -9999  -9999    0.0  -9999
C0G660 2005100504  -9999  -9999  -9999  -9999  -9999    0.0  -9999
C0G660 2005100505  -9999  -9999  -9999  -9999  -9999    0.0  -9999
C0G660 2005100506  -9999  -9999  -9999  -9999  -9999    0.0  -9999
C0G660 2005100507  -9999  -9999  -9999  -9999  -9999    0.0  -9999
C0G660 2005100508  -9999  -9999  -9999  -9999  -9999    0.0  -9999
C0G660 2005100509  -9999  -9999  -9999  -9999  -9999    0.0  -9999
C0G660 2005100510  -9999  -9999  -9999  -9999  -9999    0.0  -9999
C0G660 2005100511  -9999  -9999  -9999  -9999  -9999    0.0  -9999
C0G660 2005100512  -9999  -9999  -9999  -9999  -9999    0.0  -9999
C0G660 2005100513  -9999  -9999  -9999  -9999  -9999    0.0  -9999
C0G660 2005100514  -9999  -9999  -9999  -9999  -9999    0.0  -9999
C0G660 2005100515  -9999  -9999  -9999  -9999  -9999    0.0  -9999
C0G660 2005100516  -9999  -9999  -9999  -9999  -9999    0.0  -9999
C0G660 2005100517  -9999  -9999  -9999  -9999  -9999    0.0  -9999
C0G660 2005100518  -9999  -9999  -9999  -9999  -9999    0.0  -9999
C0G660 2005100519  -9999  -9999  -9999  -9999  -9999    0.0  -9999
C0G660 2005100520  -9999  -9999  -9999  -9999  -9999    0.0  -9999
C0G660 2005100521  -9999  -9999  -9999  -9999  -9999    0.0  -9999
C0G660 2005100522  -9999  -9999  -9999  -9999  -9999    0.0  -9999
C0G660 2005100523  -9999  -9999  -9999  -9999  -9999    0.0  -9999
C0G660 2005100524  -9999  -9999  -9999  -9999  -9999    0.0  -9999
C0G660 2005100601  -9999  -9999  -9999  -9999  -9999    0.0  -9999
C0G660 2005100602  -9999  -9999  -9999  -9999  -9999    0.0  -9999
C0G660 2005100603  -9999  -9999  -9999  -9999  -9999    0.0  -9999
C0G660 2005100604  -9999  -9999  -9999  -9999  -9999    0.0  -9999
C0G660 2005100605  -9999  -9999  -9999  -9999  -9999    0.0  -9999
C0G660 2005100606  -9999  -9999  -9999  -9999  -9999    0.0  -9999
C0G660 2005100607  -9999  -9999  -9999  -9999  -9999    0.0  -9999
C0G660 2005100608  -9999  -9999  -9999  -9999  -9999    0.0  -9999
C0G660 2005100609  -9999  -9999  -9999  -9999  -9999    0.0  -9999
C0G660 2005100610  -9999  -9999  -9999  -9999  -9999    0.0  -9999
C0G660 2005100611  -9999  -9999  -9999  -9999  -9999    0.0  -9999
C0G660 2005100612  -9999  -9999  -9999  -9999  -9999    0.0  -9999
C0G660 2005100613  -9999  -9999  -9999  -9999  -9999    0.0  -9999
C0G660 2005100614  -9999  -9999  -9999  -9999  -9999    0.0  -9999
C0G660 2005100615  -9999  -9999  -9999  -9999  -9999    0.0  -9999
C0G660 2005100616  -9999  -9999  -9999  -9999  -9999    0.0  -9999
C0G660 2005100617  -9999  -9999  -9999  -9999  -9999    0.0  -9999
C0G660 2005100618  -9999  -9999  -9999  -9999  -9999    0.0  -9999
C0G660 2005100619  -9999  -9999  -9999  -9999  -9999    0.0  -9999
C0G660 2005100620  -9999  -9999  -9999  -9999  -9999    0.0  -9999
C0G660 2005100621  -9999  -9999  -9999  -9999  -9999    0.0  -9999
C0G660 2005100622  -9999  -9999  -9999  -9999  -9999    0.0  -9999
C0G660 2005100623  -9999  -9999  -9999  -9999  -9999    0.0  -9999
C0G660 2005100624  -9999  -9999  -9999  -9999  -9999    0.0  -9999
C0G660 2005100701  -9999  -9999  -9999  -9999  -9999    0.0  -9999
C0G660 2005100702  -9999  -9999  -9999  -9999  -9999    0.0  -9999
C0G660 2005100703  -9999  -9999  -9999  -9999  -9999    0.0  -9999
C0G660 2005100704  -9999  -9999  -9999  -9999  -9999    0.0  -9999
C0G660 2005100705  -9999  -9999  -9999  -9999  -9999    0.0  -9999
C0G660 2005100706  -9999  -9999  -9999  -9999  -9999    0.0  -9999
C0G660 2005100707  -9999  -9999  -9999  -9999  -9999    0.0  -9999
C0G660 2005100708  -9999  -9999  -9999  -9999  -9999    0.0  -9999
C0G660 2005100709  -9999  -9999  -9999  -9999  -9999    0.0  -9999
C0G660 2005100710  -9999  -9999  -9999  -9999  -9999    0.0  -9999
C0G660 2005100711  -9999  -9999  -9999  -9999  -9999    0.0  -9999
C0G660 2005100712  -9999  -9999  -9999  -9999  -9999    0.0  -9999
C0G660 2005100713  -9999  -9999  -9999  -9999  -9999    0.0  -9999
C0G660 2005100714  -9999  -9999  -9999  -9999  -9999    0.0  -9999
C0G660 2005100715  -9999  -9999  -9999  -9999  -9999    0.0  -9999
C0G660 2005100716  -9999  -9999  -9999  -9999  -9999    0.0  -9999
C0G660 2005100717  -9999  -9999  -9999  -9999  -9999    0.0  -9999
C0G660 2005100718  -9999  -9999  -9999  -9999  -9999    0.0  -9999
C0G660 2005100719  -9999  -9999  -9999  -9999  -9999    0.0  -9999
C0G660 2005100720  -9999  -9999  -9999  -9999  -9999    0.0  -9999
C0G660 2005100721  -9999  -9999  -9999  -9999  -9999    0.0  -9999
C0G660 2005100722  -9999  -9999  -9999  -9999  -9999    0.0  -9999
C0G660 2005100723  -9999  -9999  -9999  -9999  -9999    0.0  -9999
C0G660 2005100724  -9999  -9999  -9999  -9999  -9999    0.0  -9999
C0G660 2005100801  -9999  -9999  -9999  -9999  -9999    0.0  -9999
C0G660 2005100802  -9999  -9999  -9999  -9999  -9999    0.0  -9999
C0G660 2005100803  -9999  -9999  -9999  -9999  -9999    0.0  -9999
C0G660 2005100804  -9999  -9999  -9999  -9999  -9999    0.0  -9999
C0G660 2005100805  -9999  -9999  -9999  -9999  -9999    0.0  -9999
C0G660 2005100806  -9999  -9999  -9999  -9999  -9999    0.0  -9999
C0G660 2005100807  -9999  -9999  -9999  -9999  -9999    0.0  -9999
C0G660 2005100808  -9999  -9999  -9999  -9999  -9999    0.0  -9999
C0G660 2005100809  -9999  -9999  -9999  -9999  -9999    0.0  -9999
C0G660 2005100810  -9999  -9999  -9999  -9999  -9999    0.0  -9999
C0G660 2005100811  -9999  -9999  -9999  -9999  -9999    0.0  -9999
C0G660 2005100812  -9999  -9999  -9999  -9999  -9999    0.0  -9999
C0G660 2005100813  -9999  -9999  -9999  -9999  -9999    0.0  -9999
C0G660 2005100814  -9999  -9999  -9999  -9999  -9999    0.0  -9999
C0G660 2005100815  -9999  -9999  -9999  -9999  -9999    0.0  -9999
C0G660 2005100816  -9999  -9999  -9999  -9999  -9999    0.0  -9999
C0G660 2005100817  -9999  -9999  -9999  -9999  -9999    0.0  -9999
C0G660 2005100818  -9999  -9999  -9999  -9999  -9999    0.0  -9999
C0G660 2005100819  -9999  -9999  -9999  -9999  -9999    0.0  -9999
C0G660 2005100820  -9999  -9999  -9999  -9999  -9999    0.0  -9999
C0G660 2005100821  -9999  -9999  -9999  -9999  -9999    0.0  -9999
C0G660 2005100822  -9999  -9999  -9999  -9999  -9999    0.0  -9999
C0G660 2005100823  -9999  -9999  -9999  -9999  -9999    0.0  -9999
C0G660 2005100824  -9999  -9999  -9999  -9999  -9999    0.0  -9999
C0G660 2005100901  -9999  -9999  -9999  -9999  -9999    0.0  -9999
C0G660 2005100902  -9999  -9999  -9999  -9999  -9999    0.0  -9999
C0G660 2005100903  -9999  -9999  -9999  -9999  -9999    0.0  -9999
C0G660 2005100904  -9999  -9999  -9999  -9999  -9999    0.0  -9999
C0G660 2005100905  -9999  -9999  -9999  -9999  -9999    0.0  -9999
C0G660 2005100906  -9999  -9999  -9999  -9999  -9999    0.0  -9999
C0G660 2005100907  -9999  -9999  -9999  -9999  -9999    0.0  -9999
C0G660 2005100908  -9999  -9999  -9999  -9999  -9999    0.0  -9999
C0G660 2005100909  -9999  -9999  -9999  -9999  -9999    0.0  -9999
C0G660 2005100910  -9999  -9999  -9999  -9999  -9999    0.0  -9999
C0G660 2005100911  -9999  -9999  -9999  -9999  -9999    0.0  -9999
C0G660 2005100912  -9999  -9999  -9999  -9999  -9999    0.0  -9999
C0G660 2005100913  -9999  -9999  -9999  -9999  -9999    0.0  -9999
C0G660 2005100914  -9999  -9999  -9999  -9999  -9999    0.0  -9999
C0G660 2005100915  -9999  -9999  -9999  -9999  -9999    0.0  -9999
C0G660 2005100916  -9999  -9999  -9999  -9999  -9999    0.0  -9999
C0G660 2005100917  -9999  -9999  -9999  -9999  -9999    0.0  -9999
C0G660 2005100918  -9999  -9999  -9999  -9999  -9999    0.0  -9999
C0G660 2005100919  -9999  -9999  -9999  -9999  -9999    0.0  -9999
C0G660 2005100920  -9999  -9999  -9999  -9999  -9999    0.0  -9999
C0G660 2005100921  -9999  -9999  -9999  -9999  -9999    0.0  -9999
C0G660 2005100922  -9999  -9999  -9999  -9999  -9999    0.0  -9999
C0G660 2005100923  -9999  -9999  -9999  -9999  -9999    0.0  -9999
C0G660 2005100924  -9999  -9999  -9999  -9999  -9999    0.0  -9999
C0G660 2005101001  -9999  -9999  -9999  -9999  -9999    0.0  -9999
C0G660 2005101002  -9999  -9999  -9999  -9999  -9999    0.0  -9999
C0G660 2005101003  -9999  -9999  -9999  -9999  -9999    0.0  -9999
C0G660 2005101004  -9999  -9999  -9999  -9999  -9999    0.0  -9999
C0G660 2005101005  -9999  -9999  -9999  -9999  -9999    0.0  -9999
C0G660 2005101006  -9999  -9999  -9999  -9999  -9999    0.0  -9999
C0G660 2005101007  -9999  -9999  -9999  -9999  -9999    0.0  -9999
C0G660 2005101008  -9999  -9999  -9999  -9999  -9999    0.0  -9999
C0G660 2005101009  -9999  -9999  -9999  -9999  -9999    0.0  -9999
C0G660 2005101010  -9999  -9999  -9999  -9999  -9999    0.0  -9999
C0G660 2005101011  -9999  -9999  -9999  -9999  -9999    0.0  -9999
C0G660 2005101012  -9999  -9999  -9999  -9999  -9999    0.0  -9999
C0G660 2005101013  -9999  -9999  -9999  -9999  -9999    0.0  -9999
C0G660 2005101014  -9999  -9999  -9999  -9999  -9999    0.0  -9999
C0G660 2005101015  -9999  -9999  -9999  -9999  -9999    0.0  -9999
C0G660 2005101016  -9999  -9999  -9999  -9999  -9999    0.0  -9999
C0G660 2005101017  -9999  -9999  -9999  -9999  -9999    0.0  -9999
C0G660 2005101018  -9999  -9999  -9999  -9999  -9999    0.0  -9999
C0G660 2005101019  -9999  -9999  -9999  -9999  -9999    0.0  -9999
C0G660 2005101020  -9999  -9999  -9999  -9999  -9999    0.0  -9999
C0G660 2005101021  -9999  -9999  -9999  -9999  -9999    0.0  -9999
C0G660 2005101022  -9999  -9999  -9999  -9999  -9999    0.0  -9999
C0G660 2005101023  -9999  -9999  -9999  -9999  -9999    0.0  -9999
C0G660 2005101024  -9999  -9999  -9999  -9999  -9999    0.0  -9999
C0G660 2005101101  -9999  -9999  -9999  -9999  -9999    0.0  -9999
C0G660 2005101102  -9999  -9999  -9999  -9999  -9999    0.0  -9999
C0G660 2005101103  -9999  -9999  -9999  -9999  -9999    0.0  -9999
C0G660 2005101104  -9999  -9999  -9999  -9999  -9999    0.0  -9999
C0G660 2005101105  -9999  -9999  -9999  -9999  -9999    0.0  -9999
C0G660 2005101106  -9999  -9999  -9999  -9999  -9999    0.0  -9999
C0G660 2005101107  -9999  -9999  -9999  -9999  -9999    0.0  -9999
C0G660 2005101108  -9999  -9999  -9999  -9999  -9999    0.0  -9999
C0G660 2005101109  -9999  -9999  -9999  -9999  -9999    0.0  -9999
C0G660 2005101110  -9999  -9999  -9999  -9999  -9999    0.0  -9999
C0G660 2005101111  -9999  -9999  -9999  -9999  -9999    0.0  -9999
C0G660 2005101112  -9999  -9999  -9999  -9999  -9999    0.0  -9999
C0G660 2005101113  -9999  -9999  -9999  -9999  -9999    0.0  -9999
C0G660 2005101114  -9999  -9999  -9999  -9999  -9999    0.0  -9999
C0G660 2005101115  -9999  -9999  -9999  -9999  -9999    0.0  -9999
C0G660 2005101116  -9999  -9999  -9999  -9999  -9999    0.0  -9999
C0G660 2005101117  -9999  -9999  -9999  -9999  -9999    0.0  -9999
C0G660 2005101118  -9999  -9999  -9999  -9999  -9999    0.0  -9999
C0G660 2005101119  -9999  -9999  -9999  -9999  -9999    0.0  -9999
C0G660 2005101120  -9999  -9999  -9999  -9999  -9999    0.0  -9999
C0G660 2005101121  -9999  -9999  -9999  -9999  -9999    0.0  -9999
C0G660 2005101122  -9999  -9999  -9999  -9999  -9999    0.0  -9999
C0G660 2005101123  -9999  -9999  -9999  -9999  -9999    0.0  -9999
C0G660 2005101124  -9999  -9999  -9999  -9999  -9999    0.0  -9999
C0G660 2005101201  -9999  -9999  -9999  -9999  -9999  -9996  -9999
C0G660 2005101202  -9999  -9999  -9999  -9999  -9999    0.0  -9999
C0G660 2005101203  -9999  -9999  -9999  -9999  -9999    0.0  -9999
C0G660 2005101204  -9999  -9999  -9999  -9999  -9999    0.0  -9999
C0G660 2005101205  -9999  -9999  -9999  -9999  -9999    0.0  -9999
C0G660 2005101206  -9999  -9999  -9999  -9999  -9999    0.0  -9999
C0G660 2005101207  -9999  -9999  -9999  -9999  -9999    0.0  -9999
C0G660 2005101208  -9999  -9999  -9999  -9999  -9999    0.0  -9999
C0G660 2005101209  -9999  -9999  -9999  -9999  -9999    0.0  -9999
C0G660 2005101210  -9999  -9999  -9999  -9999  -9999    0.0  -9999
C0G660 2005101211  -9999  -9999  -9999  -9999  -9999    0.0  -9999
C0G660 2005101212  -9999  -9999  -9999  -9999  -9999    0.0  -9999
C0G660 2005101213  -9999  -9999  -9999  -9999  -9999    0.0  -9999
C0G660 2005101214  -9999  -9999  -9999  -9999  -9999    0.0  -9999
C0G660 2005101215  -9999  -9999  -9999  -9999  -9999    0.0  -9999
C0G660 2005101216  -9999  -9999  -9999  -9999  -9999    0.0  -9999
C0G660 2005101217  -9999  -9999  -9999  -9999  -9999    0.0  -9999
C0G660 2005101218  -9999  -9999  -9999  -9999  -9999    0.0  -9999
C0G660 2005101219  -9999  -9999  -9999  -9999  -9999    0.0  -9999
C0G660 2005101220  -9999  -9999  -9999  -9999  -9999    0.0  -9999
C0G660 2005101221  -9999  -9999  -9999  -9999  -9999    0.0  -9999
C0G660 2005101222  -9999  -9999  -9999  -9999  -9999    0.0  -9999
C0G660 2005101223  -9999  -9999  -9999  -9999  -9999    0.0  -9999
C0G660 2005101224  -9999  -9999  -9999  -9999  -9999    0.0  -9999
C0G660 2005101301  -9999  -9999  -9999  -9999  -9999    0.0  -9999
C0G660 2005101302  -9999  -9999  -9999  -9999  -9999    0.0  -9999
C0G660 2005101303  -9999  -9999  -9999  -9999  -9999    0.0  -9999
C0G660 2005101304  -9999  -9999  -9999  -9999  -9999    0.0  -9999
C0G660 2005101305  -9999  -9999  -9999  -9999  -9999    0.0  -9999
C0G660 2005101306  -9999  -9999  -9999  -9999  -9999    0.0  -9999
C0G660 2005101307  -9999  -9999  -9999  -9999  -9999    0.0  -9999
C0G660 2005101308  -9999  -9999  -9999  -9999  -9999    0.0  -9999
C0G660 2005101309  -9999  -9999  -9999  -9999  -9999    0.0  -9999
C0G660 2005101310  -9999  -9999  -9999  -9999  -9999    0.0  -9999
C0G660 2005101311  -9999  -9999  -9999  -9999  -9999    0.0  -9999
C0G660 2005101312  -9999  -9999  -9999  -9999  -9999    0.0  -9999
C0G660 2005101313  -9999  -9999  -9999  -9999  -9999    0.0  -9999
C0G660 2005101314  -9999  -9999  -9999  -9999  -9999    0.0  -9999
C0G660 2005101315  -9999  -9999  -9999  -9999  -9999    0.0  -9999
C0G660 2005101316  -9999  -9999  -9999  -9999  -9999    0.0  -9999
C0G660 2005101317  -9999  -9999  -9999  -9999  -9999    0.0  -9999
C0G660 2005101318  -9999  -9999  -9999  -9999  -9999    0.0  -9999
C0G660 2005101319  -9999  -9999  -9999  -9999  -9999    0.0  -9999
C0G660 2005101320  -9999  -9999  -9999  -9999  -9999    0.0  -9999
C0G660 2005101321  -9999  -9999  -9999  -9999  -9999    0.0  -9999
C0G660 2005101322  -9999  -9999  -9999  -9999  -9999    0.0  -9999
C0G660 2005101323  -9999  -9999  -9999  -9999  -9999    0.0  -9999
C0G660 2005101324  -9999  -9999  -9999  -9999  -9999    0.0  -9999
C0G660 2005101401  -9999  -9999  -9999  -9999  -9999    0.0  -9999
C0G660 2005101402  -9999  -9999  -9999  -9999  -9999    0.0  -9999
C0G660 2005101403  -9999  -9999  -9999  -9999  -9999    0.0  -9999
C0G660 2005101404  -9999  -9999  -9999  -9999  -9999    0.0  -9999
C0G660 2005101405  -9999  -9999  -9999  -9999  -9999    0.0  -9999
C0G660 2005101406  -9999  -9999  -9999  -9999  -9999    0.0  -9999
C0G660 2005101407  -9999  -9999  -9999  -9999  -9999    0.0  -9999
C0G660 2005101408  -9999  -9999  -9999  -9999  -9999    0.0  -9999
C0G660 2005101409  -9999  -9999  -9999  -9999  -9999    0.0  -9999
C0G660 2005101410  -9999  -9999  -9999  -9999  -9999    0.0  -9999
C0G660 2005101411  -9999  -9999  -9999  -9999  -9999    0.0  -9999
C0G660 2005101412  -9999  -9999  -9999  -9999  -9999    0.0  -9999
C0G660 2005101413  -9999  -9999  -9999  -9999  -9999    0.0  -9999
C0G660 2005101414  -9999  -9999  -9999  -9999  -9999    0.0  -9999
C0G660 2005101415  -9999  -9999  -9999  -9999  -9999    0.0  -9999
C0G660 2005101416  -9999  -9999  -9999  -9999  -9999    0.0  -9999
C0G660 2005101417  -9999  -9999  -9999  -9999  -9999    0.0  -9999
C0G660 2005101418  -9999  -9999  -9999  -9999  -9999    0.0  -9999
C0G660 2005101419  -9999  -9999  -9999  -9999  -9999    0.0  -9999
C0G660 2005101420  -9999  -9999  -9999  -9999  -9999    0.0  -9999
C0G660 2005101421  -9999  -9999  -9999  -9999  -9999    0.0  -9999
C0G660 2005101422  -9999  -9999  -9999  -9999  -9999    0.0  -9999
C0G660 2005101423  -9999  -9999  -9999  -9999  -9999    0.0  -9999
C0G660 2005101424  -9999  -9999  -9999  -9999  -9999    0.0  -9999
C0G660 2005101501  -9999  -9999  -9999  -9999  -9999    0.0  -9999
C0G660 2005101502  -9999  -9999  -9999  -9999  -9999    0.0  -9999
C0G660 2005101503  -9999  -9999  -9999  -9999  -9999    0.0  -9999
C0G660 2005101504  -9999  -9999  -9999  -9999  -9999    0.0  -9999
C0G660 2005101505  -9999  -9999  -9999  -9999  -9999    0.0  -9999
C0G660 2005101506  -9999  -9999  -9999  -9999  -9999    0.0  -9999
C0G660 2005101507  -9999  -9999  -9999  -9999  -9999    0.0  -9999
C0G660 2005101508  -9999  -9999  -9999  -9999  -9999    0.0  -9999
C0G660 2005101509  -9999  -9999  -9999  -9999  -9999    0.0  -9999
C0G660 2005101510  -9999  -9999  -9999  -9999  -9999    0.0  -9999
C0G660 2005101511  -9999  -9999  -9999  -9999  -9999    0.0  -9999
C0G660 2005101512  -9999  -9999  -9999  -9999  -9999    0.0  -9999
C0G660 2005101513  -9999  -9999  -9999  -9999  -9999    0.0  -9999
C0G660 2005101514  -9999  -9999  -9999  -9999  -9999    0.0  -9999
C0G660 2005101515  -9999  -9999  -9999  -9999  -9999    0.0  -9999
C0G660 2005101516  -9999  -9999  -9999  -9999  -9999    0.0  -9999
C0G660 2005101517  -9999  -9999  -9999  -9999  -9999    0.0  -9999
C0G660 2005101518  -9999  -9999  -9999  -9999  -9999    0.0  -9999
C0G660 2005101519  -9999  -9999  -9999  -9999  -9999    0.0  -9999
C0G660 2005101520  -9999  -9999  -9999  -9999  -9999    0.0  -9999
C0G660 2005101521  -9999  -9999  -9999  -9999  -9999    0.0  -9999
C0G660 2005101522  -9999  -9999  -9999  -9999  -9999    0.0  -9999
C0G660 2005101523  -9999  -9999  -9999  -9999  -9999    0.0  -9999
C0G660 2005101524  -9999  -9999  -9999  -9999  -9999    0.0  -9999
C0G660 2005101601  -9999  -9999  -9999  -9999  -9999    0.0  -9999
C0G660 2005101602  -9999  -9999  -9999  -9999  -9999    0.0  -9999
C0G660 2005101603  -9999  -9999  -9999  -9999  -9999    0.0  -9999
C0G660 2005101604  -9999  -9999  -9999  -9999  -9999    0.0  -9999
C0G660 2005101605  -9999  -9999  -9999  -9999  -9999    0.0  -9999
C0G660 2005101606  -9999  -9999  -9999  -9999  -9999    0.0  -9999
C0G660 2005101607  -9999  -9999  -9999  -9999  -9999    0.0  -9999
C0G660 2005101608  -9999  -9999  -9999  -9999  -9999    0.0  -9999
C0G660 2005101609  -9999  -9999  -9999  -9999  -9999    0.0  -9999
C0G660 2005101610  -9999  -9999  -9999  -9999  -9999    0.0  -9999
C0G660 2005101611  -9999  -9999  -9999  -9999  -9999    0.0  -9999
C0G660 2005101612  -9999  -9999  -9999  -9999  -9999    0.0  -9999
C0G660 2005101613  -9999  -9999  -9999  -9999  -9999    0.0  -9999
C0G660 2005101614  -9999  -9999  -9999  -9999  -9999    0.0  -9999
C0G660 2005101615  -9999  -9999  -9999  -9999  -9999    0.0  -9999
C0G660 2005101616  -9999  -9999  -9999  -9999  -9999    0.0  -9999
C0G660 2005101617  -9999  -9999  -9999  -9999  -9999    0.0  -9999
C0G660 2005101618  -9999  -9999  -9999  -9999  -9999    0.0  -9999
C0G660 2005101619  -9999  -9999  -9999  -9999  -9999    0.0  -9999
C0G660 2005101620  -9999  -9999  -9999  -9999  -9999    0.0  -9999
C0G660 2005101621  -9999  -9999  -9999  -9999  -9999    0.0  -9999
C0G660 2005101622  -9999  -9999  -9999  -9999  -9999    0.0  -9999
C0G660 2005101623  -9999  -9999  -9999  -9999  -9999    0.0  -9999
C0G660 2005101624  -9999  -9999  -9999  -9999  -9999    0.0  -9999
C0G660 2005101701  -9999  -9999  -9999  -9999  -9999    0.0  -9999
C0G660 2005101702  -9999  -9999  -9999  -9999  -9999    0.0  -9999
C0G660 2005101703  -9999  -9999  -9999  -9999  -9999    0.0  -9999
C0G660 2005101704  -9999  -9999  -9999  -9999  -9999    0.0  -9999
C0G660 2005101705  -9999  -9999  -9999  -9999  -9999    0.0  -9999
C0G660 2005101706  -9999  -9999  -9999  -9999  -9999    0.0  -9999
C0G660 2005101707  -9999  -9999  -9999  -9999  -9999    0.0  -9999
C0G660 2005101708  -9999  -9999  -9999  -9999  -9999    0.0  -9999
C0G660 2005101709  -9999  -9999  -9999  -9999  -9999    0.0  -9999
C0G660 2005101710  -9999  -9999  -9999  -9999  -9999    0.0  -9999
C0G660 2005101711  -9999  -9999  -9999  -9999  -9999    0.0  -9999
C0G660 2005101712  -9999  -9999  -9999  -9999  -9999    0.0  -9999
C0G660 2005101713  -9999  -9999  -9999  -9999  -9999    0.0  -9999
C0G660 2005101714  -9999  -9999  -9999  -9999  -9999    0.0  -9999
C0G660 2005101715  -9999  -9999  -9999  -9999  -9999    0.0  -9999
C0G660 2005101716  -9999  -9999  -9999  -9999  -9999    0.0  -9999
C0G660 2005101717  -9999  -9999  -9999  -9999  -9999    0.0  -9999
C0G660 2005101718  -9999  -9999  -9999  -9999  -9999    0.0  -9999
C0G660 2005101719  -9999  -9999  -9999  -9999  -9999    0.0  -9999
C0G660 2005101720  -9999  -9999  -9999  -9999  -9999    0.0  -9999
C0G660 2005101721  -9999  -9999  -9999  -9999  -9999    0.0  -9999
C0G660 2005101722  -9999  -9999  -9999  -9999  -9999    0.0  -9999
C0G660 2005101723  -9999  -9999  -9999  -9999  -9999    0.0  -9999
C0G660 2005101724  -9999  -9999  -9999  -9999  -9999    0.0  -9999
C0G660 2005101801  -9999  -9999  -9999  -9999  -9999    0.0  -9999
C0G660 2005101802  -9999  -9999  -9999  -9999  -9999    0.0  -9999
C0G660 2005101803  -9999  -9999  -9999  -9999  -9999    0.0  -9999
C0G660 2005101804  -9999  -9999  -9999  -9999  -9999    0.0  -9999
C0G660 2005101805  -9999  -9999  -9999  -9999  -9999    0.0  -9999
C0G660 2005101806  -9999  -9999  -9999  -9999  -9999    0.0  -9999
C0G660 2005101807  -9999  -9999  -9999  -9999  -9999    0.0  -9999
C0G660 2005101808  -9999  -9999  -9999  -9999  -9999    0.0  -9999
C0G660 2005101809  -9999  -9999  -9999  -9999  -9999    0.0  -9999
C0G660 2005101810  -9999  -9999  -9999  -9999  -9999    0.0  -9999
C0G660 2005101811  -9999  -9999  -9999  -9999  -9999    0.0  -9999
C0G660 2005101812  -9999  -9999  -9999  -9999  -9999    0.0  -9999
C0G660 2005101813  -9999  -9999  -9999  -9999  -9999    0.0  -9999
C0G660 2005101814  -9999  -9999  -9999  -9999  -9999    0.0  -9999
C0G660 2005101815  -9999  -9999  -9999  -9999  -9999    0.0  -9999
C0G660 2005101816  -9999  -9999  -9999  -9999  -9999    0.0  -9999
C0G660 2005101817  -9999  -9999  -9999  -9999  -9999    0.0  -9999
C0G660 2005101818  -9999  -9999  -9999  -9999  -9999    0.0  -9999
C0G660 2005101819  -9999  -9999  -9999  -9999  -9999    0.0  -9999
C0G660 2005101820  -9999  -9999  -9999  -9999  -9999    0.0  -9999
C0G660 2005101821  -9999  -9999  -9999  -9999  -9999    0.0  -9999
C0G660 2005101822  -9999  -9999  -9999  -9999  -9999    0.0  -9999
C0G660 2005101823  -9999  -9999  -9999  -9999  -9999    0.0  -9999
C0G660 2005101824  -9999  -9999  -9999  -9999  -9999    0.0  -9999
C0G660 2005101901  -9999  -9999  -9999  -9999  -9999    0.0  -9999
C0G660 2005101902  -9999  -9999  -9999  -9999  -9999    0.0  -9999
C0G660 2005101903  -9999  -9999  -9999  -9999  -9999    0.0  -9999
C0G660 2005101904  -9999  -9999  -9999  -9999  -9999    0.0  -9999
C0G660 2005101905  -9999  -9999  -9999  -9999  -9999    0.0  -9999
C0G660 2005101906  -9999  -9999  -9999  -9999  -9999    0.0  -9999
C0G660 2005101907  -9999  -9999  -9999  -9999  -9999    0.0  -9999
C0G660 2005101908  -9999  -9999  -9999  -9999  -9999    0.0  -9999
C0G660 2005101909  -9999  -9999  -9999  -9999  -9999    0.0  -9999
C0G660 2005101910  -9999  -9999  -9999  -9999  -9999    0.0  -9999
C0G660 2005101911  -9999  -9999  -9999  -9999  -9999    0.0  -9999
C0G660 2005101912  -9999  -9999  -9999  -9999  -9999    0.0  -9999
C0G660 2005101913  -9999  -9999  -9999  -9999  -9999    0.0  -9999
C0G660 2005101914  -9999  -9999  -9999  -9999  -9999    0.0  -9999
C0G660 2005101915  -9999  -9999  -9999  -9999  -9999    0.0  -9999
C0G660 2005101916  -9999  -9999  -9999  -9999  -9999    0.0  -9999
C0G660 2005101917  -9999  -9999  -9999  -9999  -9999    0.0  -9999
C0G660 2005101918  -9999  -9999  -9999  -9999  -9999    0.0  -9999
C0G660 2005101919  -9999  -9999  -9999  -9999  -9999    0.0  -9999
C0G660 2005101920  -9999  -9999  -9999  -9999  -9999    0.0  -9999
C0G660 2005101921  -9999  -9999  -9999  -9999  -9999    0.0  -9999
C0G660 2005101922  -9999  -9999  -9999  -9999  -9999    0.0  -9999
C0G660 2005101923  -9999  -9999  -9999  -9999  -9999    0.0  -9999
C0G660 2005101924  -9999  -9999  -9999  -9999  -9999    0.0  -9999
C0G660 2005102001  -9999  -9999  -9999  -9999  -9999    0.0  -9999
C0G660 2005102002  -9999  -9999  -9999  -9999  -9999    0.0  -9999
C0G660 2005102003  -9999  -9999  -9999  -9999  -9999    0.0  -9999
C0G660 2005102004  -9999  -9999  -9999  -9999  -9999    0.0  -9999
C0G660 2005102005  -9999  -9999  -9999  -9999  -9999    0.0  -9999
C0G660 2005102006  -9999  -9999  -9999  -9999  -9999    0.0  -9999
C0G660 2005102007  -9999  -9999  -9999  -9999  -9999    0.0  -9999
C0G660 2005102008  -9999  -9999  -9999  -9999  -9999    0.0  -9999
C0G660 2005102009  -9999  -9999  -9999  -9999  -9999    0.0  -9999
C0G660 2005102010  -9999  -9999  -9999  -9999  -9999    0.0  -9999
C0G660 2005102011  -9999  -9999  -9999  -9999  -9999    0.0  -9999
C0G660 2005102012  -9999  -9999  -9999  -9999  -9999    0.0  -9999
C0G660 2005102013  -9999  -9999  -9999  -9999  -9999    0.0  -9999
C0G660 2005102014  -9999  -9999  -9999  -9999  -9999    0.0  -9999
C0G660 2005102015  -9999  -9999  -9999  -9999  -9999    0.0  -9999
C0G660 2005102016  -9999  -9999  -9999  -9999  -9999    0.0  -9999
C0G660 2005102017  -9999  -9999  -9999  -9999  -9999    0.0  -9999
C0G660 2005102018  -9999  -9999  -9999  -9999  -9999    0.0  -9999
C0G660 2005102019  -9999  -9999  -9999  -9999  -9999    0.0  -9999
C0G660 2005102020  -9999  -9999  -9999  -9999  -9999    0.0  -9999
C0G660 2005102021  -9999  -9999  -9999  -9999  -9999    0.0  -9999
C0G660 2005102022  -9999  -9999  -9999  -9999  -9999    0.0  -9999
C0G660 2005102023  -9999  -9999  -9999  -9999  -9999    0.0  -9999
C0G660 2005102024  -9999  -9999  -9999  -9999  -9999    0.0  -9999
C0G660 2005102101  -9999  -9999  -9999  -9999  -9999    0.0  -9999
C0G660 2005102102  -9999  -9999  -9999  -9999  -9999    0.0  -9999
C0G660 2005102103  -9999  -9999  -9999  -9999  -9999    0.0  -9999
C0G660 2005102104  -9999  -9999  -9999  -9999  -9999    0.0  -9999
C0G660 2005102105  -9999  -9999  -9999  -9999  -9999    0.0  -9999
C0G660 2005102106  -9999  -9999  -9999  -9999  -9999    0.0  -9999
C0G660 2005102107  -9999  -9999  -9999  -9999  -9999    0.0  -9999
C0G660 2005102108  -9999  -9999  -9999  -9999  -9999    0.0  -9999
C0G660 2005102109  -9999  -9999  -9999  -9999  -9999    0.0  -9999
C0G660 2005102110  -9999  -9999  -9999  -9999  -9999    0.0  -9999
C0G660 2005102111  -9999  -9999  -9999  -9999  -9999    0.0  -9999
C0G660 2005102112  -9999  -9999  -9999  -9999  -9999    0.0  -9999
C0G660 2005102113  -9999  -9999  -9999  -9999  -9999    0.0  -9999
C0G660 2005102114  -9999  -9999  -9999  -9999  -9999    0.0  -9999
C0G660 2005102115  -9999  -9999  -9999  -9999  -9999    0.0  -9999
C0G660 2005102116  -9999  -9999  -9999  -9999  -9999    0.0  -9999
C0G660 2005102117  -9999  -9999  -9999  -9999  -9999    0.0  -9999
C0G660 2005102118  -9999  -9999  -9999  -9999  -9999    0.0  -9999
C0G660 2005102119  -9999  -9999  -9999  -9999  -9999    0.0  -9999
C0G660 2005102120  -9999  -9999  -9999  -9999  -9999    0.0  -9999
C0G660 2005102121  -9999  -9999  -9999  -9999  -9999    0.0  -9999
C0G660 2005102122  -9999  -9999  -9999  -9999  -9999    0.0  -9999
C0G660 2005102123  -9999  -9999  -9999  -9999  -9999    0.0  -9999
C0G660 2005102124  -9999  -9999  -9999  -9999  -9999    0.0  -9999
C0G660 2005102201  -9999  -9999  -9999  -9999  -9999    0.0  -9999
C0G660 2005102202  -9999  -9999  -9999  -9999  -9999    0.0  -9999
C0G660 2005102203  -9999  -9999  -9999  -9999  -9999    0.0  -9999
C0G660 2005102204  -9999  -9999  -9999  -9999  -9999    0.0  -9999
C0G660 2005102205  -9999  -9999  -9999  -9999  -9999    0.0  -9999
C0G660 2005102206  -9999  -9999  -9999  -9999  -9999    0.0  -9999
C0G660 2005102207  -9999  -9999  -9999  -9999  -9999    0.0  -9999
C0G660 2005102208  -9999  -9999  -9999  -9999  -9999    0.0  -9999
C0G660 2005102209  -9999  -9999  -9999  -9999  -9999    0.0  -9999
C0G660 2005102210  -9999  -9999  -9999  -9999  -9999    0.0  -9999
C0G660 2005102211  -9999  -9999  -9999  -9999  -9999    0.0  -9999
C0G660 2005102212  -9999  -9999  -9999  -9999  -9999    0.0  -9999
C0G660 2005102213  -9999  -9999  -9999  -9999  -9999    0.0  -9999
C0G660 2005102214  -9999  -9999  -9999  -9999  -9999    0.0  -9999
C0G660 2005102215  -9999  -9999  -9999  -9999  -9999    0.0  -9999
C0G660 2005102216  -9999  -9999  -9999  -9999  -9999    0.0  -9999
C0G660 2005102217  -9999  -9999  -9999  -9999  -9999    0.0  -9999
C0G660 2005102218  -9999  -9999  -9999  -9999  -9999    0.0  -9999
C0G660 2005102219  -9999  -9999  -9999  -9999  -9999    0.0  -9999
C0G660 2005102220  -9999  -9999  -9999  -9999  -9999    0.0  -9999
C0G660 2005102221  -9999  -9999  -9999  -9999  -9999    0.0  -9999
C0G660 2005102222  -9999  -9999  -9999  -9999  -9999    0.0  -9999
C0G660 2005102223  -9999  -9999  -9999  -9999  -9999    0.0  -9999
C0G660 2005102224  -9999  -9999  -9999  -9999  -9999    0.0  -9999
C0G660 2005102301  -9999  -9999  -9999  -9999  -9999    0.0  -9999
C0G660 2005102302  -9999  -9999  -9999  -9999  -9999    0.0  -9999
C0G660 2005102303  -9999  -9999  -9999  -9999  -9999    0.0  -9999
C0G660 2005102304  -9999  -9999  -9999  -9999  -9999    0.0  -9999
C0G660 2005102305  -9999  -9999  -9999  -9999  -9999    0.0  -9999
C0G660 2005102306  -9999  -9999  -9999  -9999  -9999    0.0  -9999
C0G660 2005102307  -9999  -9999  -9999  -9999  -9999    0.0  -9999
C0G660 2005102308  -9999  -9999  -9999  -9999  -9999    0.0  -9999
C0G660 2005102309  -9999  -9999  -9999  -9999  -9999    0.0  -9999
C0G660 2005102310  -9999  -9999  -9999  -9999  -9999    0.0  -9999
C0G660 2005102311  -9999  -9999  -9999  -9999  -9999    0.0  -9999
C0G660 2005102312  -9999  -9999  -9999  -9999  -9999    0.0  -9999
C0G660 2005102313  -9999  -9999  -9999  -9999  -9999    0.0  -9999
C0G660 2005102314  -9999  -9999  -9999  -9999  -9999    0.0  -9999
C0G660 2005102315  -9999  -9999  -9999  -9999  -9999    0.0  -9999
C0G660 2005102316  -9999  -9999  -9999  -9999  -9999    0.0  -9999
C0G660 2005102317  -9999  -9999  -9999  -9999  -9999    0.0  -9999
C0G660 2005102318  -9999  -9999  -9999  -9999  -9999    0.0  -9999
C0G660 2005102319  -9999  -9999  -9999  -9999  -9999    0.0  -9999
C0G660 2005102320  -9999  -9999  -9999  -9999  -9999    0.0  -9999
C0G660 2005102321  -9999  -9999  -9999  -9999  -9999    0.0  -9999
C0G660 2005102322  -9999  -9999  -9999  -9999  -9999    0.0  -9999
C0G660 2005102323  -9999  -9999  -9999  -9999  -9999    0.0  -9999
C0G660 2005102324  -9999  -9999  -9999  -9999  -9999    0.0  -9999
C0G660 2005102401  -9999  -9999  -9999  -9999  -9999    0.0  -9999
C0G660 2005102402  -9999  -9999  -9999  -9999  -9999    0.0  -9999
C0G660 2005102403  -9999  -9999  -9999  -9999  -9999    0.0  -9999
C0G660 2005102404  -9999  -9999  -9999  -9999  -9999    0.0  -9999
C0G660 2005102405  -9999  -9999  -9999  -9999  -9999    0.0  -9999
C0G660 2005102406  -9999  -9999  -9999  -9999  -9999    0.0  -9999
C0G660 2005102407  -9999  -9999  -9999  -9999  -9999    0.0  -9999
C0G660 2005102408  -9999  -9999  -9999  -9999  -9999    0.0  -9999
C0G660 2005102409  -9999  -9999  -9999  -9999  -9999    0.0  -9999
C0G660 2005102410  -9999  -9999  -9999  -9999  -9999    0.0  -9999
C0G660 2005102411  -9999  -9999  -9999  -9999  -9999    0.0  -9999
C0G660 2005102412  -9999  -9999  -9999  -9999  -9999    0.0  -9999
C0G660 2005102413  -9999  -9999  -9999  -9999  -9999    0.0  -9999
C0G660 2005102414  -9999  -9999  -9999  -9999  -9999    0.0  -9999
C0G660 2005102415  -9999  -9999  -9999  -9999  -9999    0.0  -9999
C0G660 2005102416  -9999  -9999  -9999  -9999  -9999    0.0  -9999
C0G660 2005102417  -9999  -9999  -9999  -9999  -9999    0.0  -9999
C0G660 2005102418  -9999  -9999  -9999  -9999  -9999    0.0  -9999
C0G660 2005102419  -9999  -9999  -9999  -9999  -9999    0.0  -9999
C0G660 2005102420  -9999  -9999  -9999  -9999  -9999    0.0  -9999
C0G660 2005102421  -9999  -9999  -9999  -9999  -9999    0.0  -9999
C0G660 2005102422  -9999  -9999  -9999  -9999  -9999    0.0  -9999
C0G660 2005102423  -9999  -9999  -9999  -9999  -9999    0.0  -9999
C0G660 2005102424  -9999  -9999  -9999  -9999  -9999    0.0  -9999
C0G660 2005102501  -9999  -9999  -9999  -9999  -9999    0.0  -9999
C0G660 2005102502  -9999  -9999  -9999  -9999  -9999    0.0  -9999
C0G660 2005102503  -9999  -9999  -9999  -9999  -9999    0.0  -9999
C0G660 2005102504  -9999  -9999  -9999  -9999  -9999    0.0  -9999
C0G660 2005102505  -9999  -9999  -9999  -9999  -9999    0.0  -9999
C0G660 2005102506  -9999  -9999  -9999  -9999  -9999    0.0  -9999
C0G660 2005102507  -9999  -9999  -9999  -9999  -9999    0.0  -9999
C0G660 2005102508  -9999  -9999  -9999  -9999  -9999    0.0  -9999
C0G660 2005102509  -9999  -9999  -9999  -9999  -9999    0.0  -9999
C0G660 2005102510  -9999  -9999  -9999  -9999  -9999    0.0  -9999
C0G660 2005102511  -9999  -9999  -9999  -9999  -9999    0.0  -9999
C0G660 2005102512  -9999  -9999  -9999  -9999  -9999    0.0  -9999
C0G660 2005102513  -9999  -9999  -9999  -9999  -9999    0.0  -9999
C0G660 2005102514  -9999  -9999  -9999  -9999  -9999    0.0  -9999
C0G660 2005102515  -9999  -9999  -9999  -9999  -9999    0.0  -9999
C0G660 2005102516  -9999  -9999  -9999  -9999  -9999    0.0  -9999
C0G660 2005102517  -9999  -9999  -9999  -9999  -9999    0.0  -9999
C0G660 2005102518  -9999  -9999  -9999  -9999  -9999    0.0  -9999
C0G660 2005102519  -9999  -9999  -9999  -9999  -9999    0.0  -9999
C0G660 2005102520  -9999  -9999  -9999  -9999  -9999    0.0  -9999
C0G660 2005102521  -9999  -9999  -9999  -9999  -9999    0.0  -9999
C0G660 2005102522  -9999  -9999  -9999  -9999  -9999    0.0  -9999
C0G660 2005102523  -9999  -9999  -9999  -9999  -9999    0.0  -9999
C0G660 2005102524  -9999  -9999  -9999  -9999  -9999    0.0  -9999
C0G660 2005102601  -9999  -9999  -9999  -9999  -9999    0.0  -9999
C0G660 2005102602  -9999  -9999  -9999  -9999  -9999    0.0  -9999
C0G660 2005102603  -9999  -9999  -9999  -9999  -9999    0.0  -9999
C0G660 2005102604  -9999  -9999  -9999  -9999  -9999    0.0  -9999
C0G660 2005102605  -9999  -9999  -9999  -9999  -9999    0.0  -9999
C0G660 2005102606  -9999  -9999  -9999  -9999  -9999    0.0  -9999
C0G660 2005102607  -9999  -9999  -9999  -9999  -9999    0.0  -9999
C0G660 2005102608  -9999  -9999  -9999  -9999  -9999    0.0  -9999
C0G660 2005102609  -9999  -9999  -9999  -9999  -9999    0.0  -9999
C0G660 2005102610  -9999  -9999  -9999  -9999  -9999    0.0  -9999
C0G660 2005102611  -9999  -9999  -9999  -9999  -9999    0.0  -9999
C0G660 2005102612  -9999  -9999  -9999  -9999  -9999    0.0  -9999
C0G660 2005102613  -9999  -9999  -9999  -9999  -9999    0.0  -9999
C0G660 2005102614  -9999  -9999  -9999  -9999  -9999    0.0  -9999
C0G660 2005102615  -9999  -9999  -9999  -9999  -9999    0.0  -9999
C0G660 2005102616  -9999  -9999  -9999  -9999  -9999    0.0  -9999
C0G660 2005102617  -9999  -9999  -9999  -9999  -9999    0.0  -9999
C0G660 2005102618  -9999  -9999  -9999  -9999  -9999    0.0  -9999
C0G660 2005102619  -9999  -9999  -9999  -9999  -9999    0.0  -9999
C0G660 2005102620  -9999  -9999  -9999  -9999  -9999    0.0  -9999
C0G660 2005102621  -9999  -9999  -9999  -9999  -9999    0.0  -9999
C0G660 2005102622  -9999  -9999  -9999  -9999  -9999    0.0  -9999
C0G660 2005102623  -9999  -9999  -9999  -9999  -9999    0.0  -9999
C0G660 2005102624  -9999  -9999  -9999  -9999  -9999    0.0  -9999
C0G660 2005102701  -9999  -9999  -9999  -9999  -9999    0.0  -9999
C0G660 2005102702  -9999  -9999  -9999  -9999  -9999    0.0  -9999
C0G660 2005102703  -9999  -9999  -9999  -9999  -9999    0.0  -9999
C0G660 2005102704  -9999  -9999  -9999  -9999  -9999    0.0  -9999
C0G660 2005102705  -9999  -9999  -9999  -9999  -9999    0.0  -9999
C0G660 2005102706  -9999  -9999  -9999  -9999  -9999    0.0  -9999
C0G660 2005102707  -9999  -9999  -9999  -9999  -9999    0.0  -9999
C0G660 2005102708  -9999  -9999  -9999  -9999  -9999    0.0  -9999
C0G660 2005102709  -9999  -9999  -9999  -9999  -9999    0.0  -9999
C0G660 2005102710  -9999  -9999  -9999  -9999  -9999    0.0  -9999
C0G660 2005102711  -9999  -9999  -9999  -9999  -9999    0.0  -9999
C0G660 2005102712  -9999  -9999  -9999  -9999  -9999    0.0  -9999
C0G660 2005102713  -9999  -9999  -9999  -9999  -9999    0.0  -9999
C0G660 2005102714  -9999  -9999  -9999  -9999  -9999    0.0  -9999
C0G660 2005102715  -9999  -9999  -9999  -9999  -9999    0.0  -9999
C0G660 2005102716  -9999  -9999  -9999  -9999  -9999    0.0  -9999
C0G660 2005102717  -9999  -9999  -9999  -9999  -9999    0.0  -9999
C0G660 2005102718  -9999  -9999  -9999  -9999  -9999    0.0  -9999
C0G660 2005102719  -9999  -9999  -9999  -9999  -9999    0.0  -9999
C0G660 2005102720  -9999  -9999  -9999  -9999  -9999    0.0  -9999
C0G660 2005102721  -9999  -9999  -9999  -9999  -9999    0.0  -9999
C0G660 2005102722  -9999  -9999  -9999  -9999  -9999    0.0  -9999
C0G660 2005102723  -9999  -9999  -9999  -9999  -9999    0.0  -9999
C0G660 2005102724  -9999  -9999  -9999  -9999  -9999    0.0  -9999
C0G660 2005102801  -9999  -9999  -9999  -9999  -9999    0.0  -9999
C0G660 2005102802  -9999  -9999  -9999  -9999  -9999    0.0  -9999
C0G660 2005102803  -9999  -9999  -9999  -9999  -9999    0.0  -9999
C0G660 2005102804  -9999  -9999  -9999  -9999  -9999    0.0  -9999
C0G660 2005102805  -9999  -9999  -9999  -9999  -9999    0.0  -9999
C0G660 2005102806  -9999  -9999  -9999  -9999  -9999    0.0  -9999
C0G660 2005102807  -9999  -9999  -9999  -9999  -9999    0.0  -9999
C0G660 2005102808  -9999  -9999  -9999  -9999  -9999    0.0  -9999
C0G660 2005102809  -9999  -9999  -9999  -9999  -9999    0.0  -9999
C0G660 2005102810  -9999  -9999  -9999  -9999  -9999    0.0  -9999
C0G660 2005102811  -9999  -9999  -9999  -9999  -9999    0.0  -9999
C0G660 2005102812  -9999  -9999  -9999  -9999  -9999    0.0  -9999
C0G660 2005102813  -9999  -9999  -9999  -9999  -9999    0.0  -9999
C0G660 2005102814  -9999  -9999  -9999  -9999  -9999    0.0  -9999
C0G660 2005102815  -9999  -9999  -9999  -9999  -9999    0.0  -9999
C0G660 2005102816  -9999  -9999  -9999  -9999  -9999    0.0  -9999
C0G660 2005102817  -9999  -9999  -9999  -9999  -9999    0.0  -9999
C0G660 2005102818  -9999  -9999  -9999  -9999  -9999    0.0  -9999
C0G660 2005102819  -9999  -9999  -9999  -9999  -9999    0.0  -9999
C0G660 2005102820  -9999  -9999  -9999  -9999  -9999    0.0  -9999
C0G660 2005102821  -9999  -9999  -9999  -9999  -9999    0.0  -9999
C0G660 2005102822  -9999  -9999  -9999  -9999  -9999    0.0  -9999
C0G660 2005102823  -9999  -9999  -9999  -9999  -9999    0.0  -9999
C0G660 2005102824  -9999  -9999  -9999  -9999  -9999    0.0  -9999
C0G660 2005102901  -9999  -9999  -9999  -9999  -9999    0.0  -9999
C0G660 2005102902  -9999  -9999  -9999  -9999  -9999    0.0  -9999
C0G660 2005102903  -9999  -9999  -9999  -9999  -9999    0.0  -9999
C0G660 2005102904  -9999  -9999  -9999  -9999  -9999    0.0  -9999
C0G660 2005102905  -9999  -9999  -9999  -9999  -9999    0.0  -9999
C0G660 2005102906  -9999  -9999  -9999  -9999  -9999    0.0  -9999
C0G660 2005102907  -9999  -9999  -9999  -9999  -9999    0.0  -9999
C0G660 2005102908  -9999  -9999  -9999  -9999  -9999    0.0  -9999
C0G660 2005102909  -9999  -9999  -9999  -9999  -9999    0.0  -9999
C0G660 2005102910  -9999  -9999  -9999  -9999  -9999    0.0  -9999
C0G660 2005102911  -9999  -9999  -9999  -9999  -9999    0.0  -9999
C0G660 2005102912  -9999  -9999  -9999  -9999  -9999    0.0  -9999
C0G660 2005102913  -9999  -9999  -9999  -9999  -9999    0.0  -9999
C0G660 2005102914  -9999  -9999  -9999  -9999  -9999    0.0  -9999
C0G660 2005102915  -9999  -9999  -9999  -9999  -9999    0.0  -9999
C0G660 2005102916  -9999  -9999  -9999  -9999  -9999    0.0  -9999
C0G660 2005102917  -9999  -9999  -9999  -9999  -9999    0.0  -9999
C0G660 2005102918  -9999  -9999  -9999  -9999  -9999    0.0  -9999
C0G660 2005102919  -9999  -9999  -9999  -9999  -9999    0.0  -9999
C0G660 2005102920  -9999  -9999  -9999  -9999  -9999    0.0  -9999
C0G660 2005102921  -9999  -9999  -9999  -9999  -9999    0.0  -9999
C0G660 2005102922  -9999  -9999  -9999  -9999  -9999    0.0  -9999
C0G660 2005102923  -9999  -9999  -9999  -9999  -9999    0.0  -9999
C0G660 2005102924  -9999  -9999  -9999  -9999  -9999    0.0  -9999
C0G660 2005103001  -9999  -9999  -9999  -9999  -9999    0.0  -9999
C0G660 2005103002  -9999  -9999  -9999  -9999  -9999    0.0  -9999
C0G660 2005103003  -9999  -9999  -9999  -9999  -9999    0.0  -9999
C0G660 2005103004  -9999  -9999  -9999  -9999  -9999    0.0  -9999
C0G660 2005103005  -9999  -9999  -9999  -9999  -9999    0.0  -9999
C0G660 2005103006  -9999  -9999  -9999  -9999  -9999    0.0  -9999
C0G660 2005103007  -9999  -9999  -9999  -9999  -9999    0.0  -9999
C0G660 2005103008  -9999  -9999  -9999  -9999  -9999    0.0  -9999
C0G660 2005103009  -9999  -9999  -9999  -9999  -9999    0.0  -9999
C0G660 2005103010  -9999  -9999  -9999  -9999  -9999    0.0  -9999
C0G660 2005103011  -9999  -9999  -9999  -9999  -9999    0.0  -9999
C0G660 2005103012  -9999  -9999  -9999  -9999  -9999    0.0  -9999
C0G660 2005103013  -9999  -9999  -9999  -9999  -9999    0.0  -9999
C0G660 2005103014  -9999  -9999  -9999  -9999  -9999    0.0  -9999
C0G660 2005103015  -9999  -9999  -9999  -9999  -9999    0.0  -9999
C0G660 2005103016  -9999  -9999  -9999  -9999  -9999    0.0  -9999
C0G660 2005103017  -9999  -9999  -9999  -9999  -9999    0.0  -9999
C0G660 2005103018  -9999  -9999  -9999  -9999  -9999    0.0  -9999
C0G660 2005103019  -9999  -9999  -9999  -9999  -9999    0.0  -9999
C0G660 2005103020  -9999  -9999  -9999  -9999  -9999    0.0  -9999
C0G660 2005103021  -9999  -9999  -9999  -9999  -9999    0.0  -9999
C0G660 2005103022  -9999  -9999  -9999  -9999  -9999    0.0  -9999
C0G660 2005103023  -9999  -9999  -9999  -9999  -9999    0.0  -9999
C0G660 2005103024  -9999  -9999  -9999  -9999  -9999    0.0  -9999
C0G660 2005103101  -9999  -9999  -9999  -9999  -9999    0.0  -9999
C0G660 2005103102  -9999  -9999  -9999  -9999  -9999    0.0  -9999
C0G660 2005103103  -9999  -9999  -9999  -9999  -9999    0.0  -9999
C0G660 2005103104  -9999  -9999  -9999  -9999  -9999    0.0  -9999
C0G660 2005103105  -9999  -9999  -9999  -9999  -9999    0.0  -9999
C0G660 2005103106  -9999  -9999  -9999  -9999  -9999    0.0  -9999
C0G660 2005103107  -9999  -9999  -9999  -9999  -9999    0.0  -9999
C0G660 2005103108  -9999  -9999  -9999  -9999  -9999    0.0  -9999
C0G660 2005103109  -9999  -9999  -9999  -9999  -9999    0.0  -9999
C0G660 2005103110  -9999  -9999  -9999  -9999  -9999    0.0  -9999
C0G660 2005103111  -9999  -9999  -9999  -9999  -9999    0.0  -9999
C0G660 2005103112  -9999  -9999  -9999  -9999  -9999    0.0  -9999
C0G660 2005103113  -9999  -9999  -9999  -9999  -9999    0.0  -9999
C0G660 2005103114  -9999  -9999  -9999  -9999  -9999    0.0  -9999
C0G660 2005103115  -9999  -9999  -9999  -9999  -9999    0.0  -9999
C0G660 2005103116  -9999  -9999  -9999  -9999  -9999    0.0  -9999
C0G660 2005103117  -9999  -9999  -9999  -9999  -9999    0.0  -9999
C0G660 2005103118  -9999  -9999  -9999  -9999  -9999    0.0  -9999
C0G660 2005103119  -9999  -9999  -9999  -9999  -9999    0.0  -9999
C0G660 2005103120  -9999  -9999  -9999  -9999  -9999    0.0  -9999
C0G660 2005103121  -9999  -9999  -9999  -9999  -9999    0.0  -9999
C0G660 2005103122  -9999  -9999  -9999  -9999  -9999    0.0  -9999
C0G660 2005103123  -9999  -9999  -9999  -9999  -9999    0.0  -9999
C0G660 2005103124  -9999  -9999  -9999  -9999  -9999    0.0  -9999
