C0G650 2005120101  -9997   16.6  -9997    0.0    0.0    0.0    0.0
C0G650 2005120102  -9997   17.4  -9997    0.0    0.0    0.0    0.0
C0G650 2005120103  -9997   17.3  -9997    0.0    0.0    0.0    0.0
C0G650 2005120104  -9997   18.2  -9997  -9997    0.0    0.0    0.0
C0G650 2005120105  -9997   18.3  -9997    0.0    0.0    0.0  -9997
C0G650 2005120106  -9997   18.9  -9997  -9997   10.0    0.0    0.0
C0G650 2005120107  -9997   19.1  -9997    0.0    0.0    0.0  -9997
C0G650 2005120108  -9997   19.4  -9997    0.0    0.0    0.0    0.0
C0G650 2005120109  -9997   22.7  -9997    0.5   70.0    0.0    1.0
C0G650 2005120110  -9997   25.0  -9997    1.5   20.0    0.0    1.0
C0G650 2005120111  -9997  -9997  -9997    0.0    0.0    0.0    1.0
C0G650 2005120112  -9997   28.1  -9997  -9997  360.0    0.0    1.0
C0G650 2005120113  -9997   25.6  -9997    1.9   30.0    0.0    1.0
C0G650 2005120114  -9997   26.8  -9997  -9997  -9997    0.0  -9997
C0G650 2005120115  -9997  -9997  -9997  -9997  -9997    0.0  -9997
C0G650 2005120116  -9997  -9997  -9997  -9997  -9997    0.0  -9997
C0G650 2005120117  -9997   24.3  -9997    0.4   30.0    0.0    2.7
C0G650 2005120118  -9997   22.7  -9997    0.0    0.0    0.0    0.0
C0G650 2005120119  -9997   21.6  -9997    0.0    0.0    0.0    0.0
C0G650 2005120120  -9997   20.3  -9997    0.0    0.0    0.0    0.0
C0G650 2005120121  -9997   18.8  -9997    0.0    0.0    0.0  -9997
C0G650 2005120122  -9997   17.8  -9997    0.0    0.0    0.0    0.0
C0G650 2005120123  -9997   18.2  -9997    0.0    0.0    0.0    0.0
C0G650 2005120124  -9997   17.5  -9997    0.0    0.0    0.0    0.0
C0G650 2005120201  -9997   18.7  -9997    0.0    0.0  -9996    0.0
C0G650 2005120202  -9997   16.9  -9997    0.0    0.0    0.0    0.0
C0G650 2005120203  -9997   15.9  -9997    0.0    0.0    0.0    0.0
C0G650 2005120204  -9997   15.6  -9997    0.0    0.0    0.0    0.0
C0G650 2005120205  -9997   15.2  -9997    0.0    0.0    0.0    0.0
C0G650 2005120206  -9997   14.9  -9997    0.0    0.0    0.0    0.0
C0G650 2005120207  -9997   16.9  -9997    0.0    0.0    0.0    0.0
C0G650 2005120208  -9997   20.4  -9997    1.2   40.0    0.0    0.5
C0G650 2005120209  -9997   22.4  -9997    0.7   30.0    0.0    1.0
C0G650 2005120210  -9997   24.0  -9997    1.4   40.0    0.0    1.0
C0G650 2005120211  -9997   26.1  -9997    1.7   30.0    0.0    1.0
C0G650 2005120212  -9997  -9997  -9997  -9997  -9997    0.0  -9997
C0G650 2005120213  -9997   27.6  -9997  -9997  -9997    0.0  -9997
C0G650 2005120214  -9997   27.6  -9997    2.1   30.0    0.0    2.9
C0G650 2005120215  -9997   27.7  -9997    1.3   30.0    0.0  -9997
C0G650 2005120216  -9997  -9997  -9997    0.0  -9997    0.0  -9997
C0G650 2005120217  -9997   23.4  -9997    0.2    0.0    0.0    1.9
C0G650 2005120218  -9997   22.0  -9997    0.9   20.0    0.0    0.0
C0G650 2005120219  -9997   21.4  -9997    0.2    0.0    0.0    0.0
C0G650 2005120220  -9997   20.7  -9997    0.0    0.0    0.0    0.0
C0G650 2005120221  -9997   19.3  -9997    0.0    0.0    0.0    0.0
C0G650 2005120222  -9997   19.0  -9997    0.0    0.0    0.0    0.0
C0G650 2005120223  -9997   18.7  -9997    0.0    0.0    0.0    0.0
C0G650 2005120224  -9997   18.5  -9997    0.0    0.0    0.0    0.0
C0G650 2005120301  -9997   18.8  -9997    0.0    0.0    0.0    0.0
C0G650 2005120302  -9997   18.5  -9997    0.2    0.0    0.0    0.0
C0G650 2005120303  -9997   18.5  -9997    0.4   20.0    0.0    0.0
C0G650 2005120304  -9997   18.2  -9997    0.0    0.0    0.0    0.0
C0G650 2005120305  -9997   18.5  -9997    1.2   20.0    0.0    0.0
C0G650 2005120306  -9997   18.7  -9997    1.2   50.0    0.0    0.0
C0G650 2005120307  -9997   18.7  -9997    0.3   20.0    0.0    0.0
C0G650 2005120308  -9997   19.5  -9997    1.3   30.0    0.0    0.1
C0G650 2005120309  -9997   22.3  -9997    0.8   40.0    0.0    1.0
C0G650 2005120310  -9997   23.8  -9997    1.4   20.0    0.0    1.0
C0G650 2005120311  -9997   25.5  -9997    0.3  360.0    0.0    1.0
C0G650 2005120312  -9997   26.5  -9997    0.8   50.0    0.0    1.0
C0G650 2005120313  -9997   26.4  -9997  -9997   30.0    0.0    1.0
C0G650 2005120314  -9997   28.3  -9997    0.3  320.0    0.0    0.8
C0G650 2005120315  -9997   25.9  -9997    1.1   20.0    0.0    0.7
C0G650 2005120316  -9997   24.0  -9997    1.0  360.0    0.0    1.0
C0G650 2005120317  -9997   22.8  -9997    0.0    0.0    0.0    0.4
C0G650 2005120318  -9997   21.9  -9997    0.0    0.0    0.0    0.0
C0G650 2005120319  -9997   21.9  -9997    0.2    0.0    0.0    0.0
C0G650 2005120320  -9997   21.8  -9997    0.2    0.0    0.0    0.0
C0G650 2005120321  -9997   21.7  -9997    0.0    0.0    0.0    0.0
C0G650 2005120322  -9997   21.6  -9997    0.0    0.0    0.0    0.0
C0G650 2005120323  -9997   21.3  -9997    0.5   40.0    0.0    0.0
C0G650 2005120324  -9997   20.2  -9997    0.0    0.0    0.0    0.0
C0G650 2005120401  -9997   20.2  -9997    0.1    0.0    0.0    0.0
C0G650 2005120402  -9997   20.5  -9997    0.5   30.0    0.0    0.0
C0G650 2005120403  -9997   20.1  -9997    2.6   10.0    0.0    0.0
C0G650 2005120404  -9997   18.5  -9997    4.0   20.0    0.0    0.0
C0G650 2005120405  -9997   18.2  -9997    2.1   20.0    0.0    0.0
C0G650 2005120406  -9997   17.2  -9997    3.1   30.0    0.0    0.0
C0G650 2005120407  -9997   16.6  -9997    2.7   30.0    0.0    0.0
C0G650 2005120408  -9997   17.8  -9997    2.8   30.0    0.0    0.3
C0G650 2005120409  -9997   18.6  -9997    3.1   20.0    0.0    1.0
C0G650 2005120410  -9997   19.8  -9997    2.2   30.0    0.0    1.0
C0G650 2005120411  -9997   20.7  -9997    3.2   20.0    0.0    1.0
C0G650 2005120412  -9997   21.3  -9997    2.5   20.0    0.0    1.0
C0G650 2005120413  -9997   21.3  -9997    3.0   20.0    0.0    1.0
C0G650 2005120414  -9997   21.5  -9997    1.7   20.0    0.0    0.9
C0G650 2005120415  -9997   19.6  -9997    2.4   20.0    0.0    0.1
C0G650 2005120416  -9997  -9997  -9997    0.5   20.0    0.0    0.0
C0G650 2005120417  -9997   17.8  -9997    1.8   30.0    0.0    0.0
C0G650 2005120418  -9997   16.9  -9997    1.1   30.0    0.0    0.0
C0G650 2005120419  -9997   16.1  -9997    1.1   20.0    0.0    0.0
C0G650 2005120420  -9997   16.3  -9997    0.1    0.0    0.0    0.0
C0G650 2005120421  -9997   16.2  -9997    0.1    0.0    0.0    0.0
C0G650 2005120422  -9997   15.8  -9997    0.1    0.0    0.0    0.0
C0G650 2005120423  -9997   16.0  -9997    0.5   40.0    0.0    0.0
C0G650 2005120424  -9997   15.8  -9997    0.4   20.0    0.0    0.0
C0G650 2005120501  -9997   15.6  -9997    0.1    0.0    0.0    0.0
C0G650 2005120502  -9997   15.7  -9997    0.9   30.0    0.0    0.0
C0G650 2005120503  -9997   15.6  -9997    0.3   20.0    0.0    0.0
C0G650 2005120504  -9997   15.6  -9997    0.6   20.0    0.0    0.0
C0G650 2005120505  -9997   15.5  -9997    0.2    0.0    0.0    0.0
C0G650 2005120506  -9997   15.2  -9997    0.6   40.0    0.0    0.0
C0G650 2005120507  -9997   15.2  -9997    0.0    0.0    0.0    0.0
C0G650 2005120508  -9997   15.3  -9997    0.5   20.0    0.0    0.0
C0G650 2005120509  -9997   15.6  -9997    0.8   50.0    0.0    0.0
C0G650 2005120510  -9997   16.8  -9997    0.0    0.0    0.0    0.0
C0G650 2005120511  -9997   17.1  -9997    1.5   20.0    0.0    0.0
C0G650 2005120512  -9997   16.5  -9997    2.1   10.0    0.0    0.0
C0G650 2005120513  -9997   16.4  -9997    2.3   20.0    0.0    0.0
C0G650 2005120514  -9997   17.0  -9997    1.1   40.0    0.0    0.0
C0G650 2005120515  -9997   16.0  -9997    1.8   30.0    0.0    0.0
C0G650 2005120516  -9997   15.2  -9997    2.1   20.0    0.0    0.1
C0G650 2005120517  -9997   13.9  -9997    2.2   20.0    0.0    0.0
C0G650 2005120518  -9997   13.3  -9997    1.7   20.0    0.0    0.0
C0G650 2005120519  -9997   12.8  -9997    1.2   30.0    0.0    0.0
C0G650 2005120520  -9997   12.2  -9997    2.3   20.0    0.0  -9997
C0G650 2005120521  -9997   12.1  -9997    1.7   20.0    0.0    0.0
C0G650 2005120522  -9997   12.1  -9997    0.8   30.0    0.0    0.0
C0G650 2005120523  -9997  -9997  -9997    0.3   30.0    0.0  -9997
C0G650 2005120524  -9997   12.1  -9997    0.7   40.0    0.0    0.0
C0G650 2005120601  -9997   12.1  -9997    1.5   20.0    0.0    0.0
C0G650 2005120602  -9997   12.2  -9997    0.7   30.0    0.0    0.0
C0G650 2005120603  -9997   12.3  -9997    0.4   40.0    0.0    0.0
C0G650 2005120604  -9997   12.4  -9997    0.9   10.0    0.0    0.0
C0G650 2005120605  -9997   12.5  -9997    1.5   30.0    0.0    0.0
C0G650 2005120606  -9997   12.6  -9997    0.2    0.0    0.0    0.0
C0G650 2005120607  -9997   12.8  -9997    0.4   20.0    0.0    0.0
C0G650 2005120608  -9997   13.0  -9997    0.1    0.0    0.0    0.0
C0G650 2005120609  -9997   13.4  -9997    0.2    0.0    0.0    0.0
C0G650 2005120610  -9997   13.9  -9997    0.1    0.0    0.0    0.0
C0G650 2005120611  -9997   14.1  -9997    0.4   40.0    0.0    0.0
C0G650 2005120612  -9997   14.0  -9997    0.8   20.0    0.0    0.0
C0G650 2005120613  -9997   14.4  -9997    0.4   40.0    0.0    0.0
C0G650 2005120614  -9997   14.8  -9997    1.0   60.0    0.0    0.0
C0G650 2005120615  -9997   14.8  -9997    2.1   20.0    0.0    0.0
C0G650 2005120616  -9997   14.3  -9997    0.6   50.0    0.0    0.0
C0G650 2005120617  -9997   14.4  -9997    0.2    0.0    0.0    0.0
C0G650 2005120618  -9997   14.0  -9997    0.9   10.0    0.0    0.0
C0G650 2005120619  -9997   13.8  -9997    0.0    0.0    0.0    0.0
C0G650 2005120620  -9997   14.0  -9997    0.0    0.0    0.0    0.0
C0G650 2005120621  -9997   14.0  -9997    0.0    0.0    0.0    0.0
C0G650 2005120622  -9997   13.9  -9997    0.1    0.0    0.0    0.0
C0G650 2005120623  -9997   14.1  -9997    0.1    0.0    0.0    0.0
C0G650 2005120624  -9997   14.3  -9997    1.1   20.0    0.0    0.0
C0G650 2005120701  -9997   14.2  -9997    0.0    0.0    0.0    0.0
C0G650 2005120702  -9997   14.1  -9997    0.0    0.0    0.0    0.0
C0G650 2005120703  -9997   14.1  -9997    0.0    0.0    0.0    0.0
C0G650 2005120704  -9997   14.2  -9997  -9997   20.0    0.0  -9997
C0G650 2005120705  -9997   14.4  -9997    0.6   20.0    0.0    0.0
C0G650 2005120706  -9997   14.4  -9997    0.3   30.0    0.0    0.0
C0G650 2005120707  -9997   14.6  -9997    0.0    0.0    0.0    0.0
C0G650 2005120708  -9997   15.1  -9997    0.5   40.0    0.0    0.0
C0G650 2005120709  -9997   16.1  -9997    1.1   40.0    0.0    0.0
C0G650 2005120710  -9997   17.8  -9997    1.0   30.0    0.0    0.1
C0G650 2005120711  -9997   19.2  -9997    1.3   20.0    0.0    0.9
C0G650 2005120712  -9997  -9997  -9997  -9997  -9997    0.0  -9997
C0G650 2005120713  -9997  -9997  -9997  -9997  -9997    0.0  -9997
C0G650 2005120714  -9997   20.7  -9997    0.4  360.0    0.0    2.4
C0G650 2005120715  -9997   20.5  -9997    0.4   30.0    0.0    0.2
C0G650 2005120716  -9997   19.0  -9997    1.9   20.0    0.0    0.1
C0G650 2005120717  -9997   17.9  -9997    0.7   20.0    0.0    0.0
C0G650 2005120718  -9997   17.1  -9997    0.2    0.0    0.0    0.0
C0G650 2005120719  -9997   16.4  -9997    0.0    0.0    0.0    0.0
C0G650 2005120720  -9997   15.2  -9997    0.0    0.0    0.0    0.0
C0G650 2005120721  -9997   14.9  -9997    0.0    0.0    0.0    0.0
C0G650 2005120722  -9997   14.7  -9997    0.0    0.0    0.0    0.0
C0G650 2005120723  -9997   14.7  -9997    0.0    0.0    0.0    0.0
C0G650 2005120724  -9997   14.6  -9997    0.2    0.0    0.0    0.0
C0G650 2005120801  -9997   14.8  -9997    0.1    0.0    0.0    0.0
C0G650 2005120802  -9997   14.8  -9997    0.8   20.0    0.0    0.0
C0G650 2005120803  -9997   14.4  -9997    0.0    0.0    0.0    0.0
C0G650 2005120804  -9997   14.8  -9997    0.1    0.0    0.0    0.0
C0G650 2005120805  -9997   14.4  -9997    0.0    0.0    0.0    0.0
C0G650 2005120806  -9997   14.6  -9997    0.1    0.0    0.0    0.0
C0G650 2005120807  -9997   15.0  -9997    0.0    0.0    0.0    0.0
C0G650 2005120808  -9997   16.0  -9997    0.7   40.0    0.0    0.0
C0G650 2005120809  -9997   17.6  -9997    1.9   20.0    0.0    0.6
C0G650 2005120810  -9997   18.8  -9997    0.5   30.0    0.0    0.3
C0G650 2005120811  -9997   19.7  -9997    1.7   30.0    0.0    0.6
C0G650 2005120812  -9997   20.4  -9997    1.4   20.0    0.0  -9997
C0G650 2005120813  -9997   21.5  -9997    1.3   30.0    0.0    0.8
C0G650 2005120814  -9997  -9997  -9997  -9997  -9997    0.0  -9997
C0G650 2005120815  -9997  -9997  -9997  -9997  -9997    0.0  -9997
C0G650 2005120816  -9997   20.9  -9997    0.9   20.0    0.0    1.7
C0G650 2005120817  -9997   19.5  -9997    0.4   10.0    0.0    0.3
C0G650 2005120818  -9997   18.4  -9997    0.3   20.0    0.0    0.0
C0G650 2005120819  -9997   17.5  -9997    0.0    0.0    0.0    0.0
C0G650 2005120820  -9997   16.8  -9997    0.1    0.0    0.0    0.0
C0G650 2005120821  -9997   16.9  -9997    0.0    0.0    0.0    0.0
C0G650 2005120822  -9997   16.1  -9997    0.0    0.0    0.0    0.0
C0G650 2005120823  -9997   16.0  -9997    0.0    0.0    0.0    0.0
C0G650 2005120824  -9997   15.6  -9997    0.0    0.0    0.0    0.0
C0G650 2005120901  -9997   15.4  -9997    0.0    0.0    0.0    0.0
C0G650 2005120902  -9997   14.9  -9997    0.0    0.0    0.0    0.0
C0G650 2005120903  -9997   14.5  -9997    0.0    0.0    0.0    0.0
C0G650 2005120904  -9997   14.0  -9997    0.0    0.0    0.0    0.0
C0G650 2005120905  -9997   13.8  -9997    0.0    0.0    0.0    0.0
C0G650 2005120906  -9997   13.9  -9997    0.0    0.0    0.0    0.0
C0G650 2005120907  -9997   14.4  -9997    0.0    0.0    0.0    0.0
C0G650 2005120908  -9997   17.8  -9997    1.4   60.0    0.0    0.0
C0G650 2005120909  -9997   19.3  -9997    0.5   30.0    0.0    0.1
C0G650 2005120910  -9997   20.9  -9997    2.0   50.0    0.0    0.3
C0G650 2005120911  -9997   22.8  -9997    1.6   40.0    0.0    0.5
C0G650 2005120912  -9997   24.1  -9997    2.2   30.0    0.0    1.0
C0G650 2005120913  -9997  -9997  -9997  -9997  -9997    0.0  -9997
C0G650 2005120914  -9997  -9997  -9997  -9997  -9997    0.0  -9997
C0G650 2005120915  -9997   25.4  -9997    0.8   20.0    0.0    2.5
C0G650 2005120916  -9997   22.6  -9997  -9997  -9997    0.0    1.0
C0G650 2005120917  -9997  -9997  -9997  -9997  -9997    0.0    0.6
C0G650 2005120918  -9997   20.1  -9997    1.5   20.0    0.0    0.0
C0G650 2005120919  -9997  -9997  -9997    0.4  -9997    0.0    0.0
C0G650 2005120920  -9997   18.9  -9997    0.1    0.0    0.0  -9997
C0G650 2005120921  -9997   18.7  -9997    0.1    0.0    0.0    0.0
C0G650 2005120922  -9997   18.4  -9997    0.3   40.0    0.0    0.0
C0G650 2005120923  -9997   17.6  -9997    0.0    0.0    0.0    0.0
C0G650 2005120924  -9997   16.5  -9997    0.0    0.0    0.0    0.0
C0G650 2005121001  -9997   16.0  -9997    0.0    0.0    0.0    0.0
C0G650 2005121002  -9997   15.6  -9997    0.0    0.0    0.0    0.0
C0G650 2005121003  -9997   15.6  -9997    0.0    0.0    0.0    0.0
C0G650 2005121004  -9997   16.0  -9997    0.0    0.0    0.0    0.0
C0G650 2005121005  -9997   16.6  -9997    0.0    0.0    0.0    0.0
C0G650 2005121006  -9997   17.7  -9997    0.1    0.0    0.0    0.0
C0G650 2005121007  -9997   18.2  -9997    0.0    0.0    0.0    0.0
C0G650 2005121008  -9997   19.1  -9997    0.0    0.0    0.0    0.0
C0G650 2005121009  -9997   20.9  -9997    0.0    0.0    0.0    0.0
C0G650 2005121010  -9997   22.1  -9997    1.0   50.0    0.0    0.2
C0G650 2005121011  -9997   23.7  -9997    0.3   30.0    0.0    0.3
C0G650 2005121012  -9997   24.4  -9997    1.9   30.0    0.0    0.3
C0G650 2005121013  -9997   26.0  -9997    0.4  360.0    0.0    1.0
C0G650 2005121014  -9997   25.8  -9997    0.6  340.0    0.0    1.0
C0G650 2005121015  -9997  -9997  -9997  -9997  -9997    0.0  -9997
C0G650 2005121016  -9997   23.1  -9997    1.6   30.0    0.0    0.7
C0G650 2005121017  -9997   22.1  -9997    1.1   20.0    0.0    0.0
C0G650 2005121018  -9997   21.5  -9997    0.3   30.0    0.0    0.0
C0G650 2005121019  -9997   21.2  -9997    0.0    0.0    0.0    0.0
C0G650 2005121020  -9997   21.3  -9997    0.3   30.0    0.0    0.0
C0G650 2005121021  -9997   23.1  -9997    0.9   80.0    0.0    0.0
C0G650 2005121022  -9997   20.7  -9997    0.0    0.0    0.0    0.0
C0G650 2005121023  -9997   20.3  -9997    0.0    0.0    0.0    0.0
C0G650 2005121024  -9997   20.5  -9997    0.0    0.0    0.0    0.0
C0G650 2005121101  -9997   20.6  -9997    1.3   20.0    0.0    0.0
C0G650 2005121102  -9997   20.5  -9997    0.1    0.0    0.0    0.0
C0G650 2005121103  -9997   19.8  -9997    0.7   30.0    0.0    0.0
C0G650 2005121104  -9997   19.7  -9997    0.3   10.0    0.0    0.0
C0G650 2005121105  -9997   19.7  -9997    0.9   20.0    0.0    0.0
C0G650 2005121106  -9997   19.2  -9997    0.0    0.0    0.0    0.0
C0G650 2005121107  -9997   20.0  -9997    1.6   20.0    0.0    0.0
C0G650 2005121108  -9997   20.4  -9997    1.4   20.0    0.0    0.0
C0G650 2005121109  -9997   21.1  -9997    1.3   30.0    0.0    0.0
C0G650 2005121110  -9997   21.9  -9997    2.2   30.0    0.0    0.0
C0G650 2005121111  -9997   23.0  -9997    0.2    0.0    0.0    0.2
C0G650 2005121112  -9997   23.3  -9997    2.7   30.0    0.0    1.0
C0G650 2005121113  -9997   21.7  -9997    2.6   30.0    0.0    0.6
C0G650 2005121114  -9997   21.7  -9997    2.1   20.0    0.0    0.1
C0G650 2005121115  -9997   20.4  -9997    2.5   30.0    0.0    0.0
C0G650 2005121116  -9997   19.7  -9997    1.8   20.0    0.0    0.0
C0G650 2005121117  -9997   18.9  -9997    2.1   30.0    0.0    0.0
C0G650 2005121118  -9997   18.7  -9997    1.0  360.0    0.0    0.0
C0G650 2005121119  -9997   18.1  -9997    1.2   20.0    0.0    0.0
C0G650 2005121120  -9997   18.0  -9997    1.4   30.0    0.0    0.0
C0G650 2005121121  -9997   17.4  -9997    1.0   20.0    0.0    0.0
C0G650 2005121122  -9997   17.5  -9997    0.8   30.0    0.0    0.0
C0G650 2005121123  -9997   17.6  -9997    0.8   20.0    0.0    0.0
C0G650 2005121124  -9997   17.2  -9997    0.8   30.0    0.0    0.0
C0G650 2005121201  -9997   16.7  -9997    1.0   20.0    0.0    0.0
C0G650 2005121202  -9997   16.7  -9997    0.6   20.0    0.0    0.0
C0G650 2005121203  -9997   16.2  -9997    1.3   30.0    0.0    0.0
C0G650 2005121204  -9997   15.9  -9997    2.1   30.0    0.0    0.0
C0G650 2005121205  -9997   15.7  -9997    1.6   30.0    0.0    0.0
C0G650 2005121206  -9997   15.4  -9997    2.1   20.0    0.0    0.0
C0G650 2005121207  -9997   15.3  -9997    3.0   30.0    0.0    0.0
C0G650 2005121208  -9997   15.7  -9997    1.9   20.0    0.0    0.0
C0G650 2005121209  -9997   16.6  -9997    1.0   30.0    0.0    0.0
C0G650 2005121210  -9997   16.7  -9997    2.3   20.0    0.0    0.0
C0G650 2005121211  -9997   17.3  -9997    1.9   20.0    0.0    0.0
C0G650 2005121212  -9997   17.8  -9997    1.4   30.0    0.0    0.0
C0G650 2005121213  -9997   18.5  -9997    1.2   40.0    0.0    0.0
C0G650 2005121214  -9997   18.2  -9997    0.6   30.0    0.0    0.0
C0G650 2005121215  -9997   17.9  -9997    1.0   40.0    0.0    0.0
C0G650 2005121216  -9997   16.7  -9997    1.2   30.0    0.0    0.0
C0G650 2005121217  -9997   16.0  -9997    1.5   20.0    0.0    0.0
C0G650 2005121218  -9997   15.4  -9997    1.7   30.0    0.0    0.0
C0G650 2005121219  -9997  -9997  -9997    1.0   30.0    0.0    0.0
C0G650 2005121220  -9997   15.0  -9997    1.3   20.0    0.0    0.0
C0G650 2005121221  -9997   14.8  -9997    1.2   30.0    0.0    0.0
C0G650 2005121222  -9997   14.8  -9997    0.8   20.0    0.0    0.0
C0G650 2005121223  -9997   14.8  -9997    0.7   30.0    0.0    0.0
C0G650 2005121224  -9997   14.7  -9997    0.1    0.0    0.0    0.0
C0G650 2005121301  -9997   14.4  -9997    1.4   20.0    0.0    0.0
C0G650 2005121302  -9997   14.5  -9997    0.9   20.0    0.0    0.0
C0G650 2005121303  -9997   14.6  -9997    0.6   30.0    0.0    0.0
C0G650 2005121304  -9997   14.6  -9997    0.7   20.0    0.0    0.0
C0G650 2005121305  -9997   14.3  -9997    0.9   30.0    0.0    0.0
C0G650 2005121306  -9997   14.3  -9997    0.5   20.0    0.0    0.0
C0G650 2005121307  -9997   14.2  -9997    1.0   10.0    0.0    0.0
C0G650 2005121308  -9997   14.5  -9997    0.8   20.0    0.0    0.0
C0G650 2005121309  -9997  -9997  -9997    0.4   50.0    0.0    0.0
C0G650 2005121310  -9997   15.0  -9997    0.7   40.0    0.0    0.0
C0G650 2005121311  -9997   15.7  -9997    0.0    0.0    0.0    0.0
C0G650 2005121312  -9997   16.5  -9997    0.2    0.0    0.0    0.0
C0G650 2005121313  -9997   16.9  -9997    1.2   30.0    0.0    0.0
C0G650 2005121314  -9997   17.1  -9997    0.7   30.0    0.0    0.0
C0G650 2005121315  -9997   16.7  -9997    0.8   40.0    0.0    0.0
C0G650 2005121316  -9997   16.7  -9997    0.3   10.0    0.0    0.0
C0G650 2005121317  -9997   16.3  -9997    0.2    0.0    0.0    0.0
C0G650 2005121318  -9997   15.8  -9997    0.2    0.0    0.0    0.0
C0G650 2005121319  -9997   15.3  -9997    0.3   10.0    0.0    0.0
C0G650 2005121320  -9997   15.1  -9997    0.0    0.0    0.0    0.0
C0G650 2005121321  -9997   14.9  -9997    0.5   30.0    0.0    0.0
C0G650 2005121322  -9997   14.9  -9997    0.2    0.0    0.0    0.0
C0G650 2005121323  -9997   14.8  -9997    0.0    0.0    0.0    0.0
C0G650 2005121324  -9997   14.8  -9997    0.0    0.0    0.0    0.0
C0G650 2005121401  -9997   14.4  -9997    0.3   20.0    0.0    0.0
C0G650 2005121402  -9997   14.4  -9997    0.7   20.0    0.0    0.0
C0G650 2005121403  -9997   14.2  -9997    1.0   20.0    0.0    0.0
C0G650 2005121404  -9997   13.8  -9997    1.1   20.0    0.0    0.0
C0G650 2005121405  -9997   13.3  -9997    1.1   20.0    0.0    0.0
C0G650 2005121406  -9997   13.2  -9997    0.9   30.0    0.0    0.0
C0G650 2005121407  -9997   13.2  -9997    0.7   20.0    0.0    0.0
C0G650 2005121408  -9997   13.6  -9997    1.3   40.0    0.0    0.0
C0G650 2005121409  -9997   14.6  -9997    0.2    0.0    0.0    0.0
C0G650 2005121410  -9997   15.2  -9997    1.1   10.0    0.0    0.0
C0G650 2005121411  -9997   16.1  -9997    0.6   20.0    0.0    0.0
C0G650 2005121412  -9997   17.1  -9997    1.0   20.0    0.0    0.0
C0G650 2005121413  -9997   17.0  -9997    1.7  -9997    0.0    0.0
C0G650 2005121414  -9997   17.0  -9997    2.0   30.0    0.0    0.0
C0G650 2005121415  -9997   16.1  -9997    3.1   20.0    0.0    0.0
C0G650 2005121416  -9997   15.4  -9997    2.9   20.0    0.0    0.0
C0G650 2005121417  -9997   14.6  -9997    2.1   20.0    0.0    0.0
C0G650 2005121418  -9997   13.7  -9997    1.9   20.0    0.0    0.0
C0G650 2005121419  -9997   13.0  -9997    1.5   20.0    0.0    0.0
C0G650 2005121420  -9997   12.4  -9997    0.7   40.0    0.0    0.0
C0G650 2005121421  -9997   12.1  -9997    1.0   30.0    0.0    0.0
C0G650 2005121422  -9997   12.1  -9997    0.2    0.0    0.0    0.0
C0G650 2005121423  -9997   12.1  -9997    1.0   20.0    0.0    0.0
C0G650 2005121424  -9997   12.4  -9997    0.7   40.0    0.5    0.0
C0G650 2005121501  -9997   12.4  -9997    0.9   20.0    0.0    0.0
C0G650 2005121502  -9997   12.2  -9997    0.8   20.0    0.0    0.0
C0G650 2005121503  -9997   12.7  -9997    1.1   10.0    0.0    0.0
C0G650 2005121504  -9997   12.7  -9997    1.3   10.0    0.0    0.0
C0G650 2005121505  -9997   12.7  -9997    1.0   20.0    0.0    0.0
C0G650 2005121506  -9997   12.5  -9997    1.5   30.0    0.0    0.0
C0G650 2005121507  -9997   12.1  -9997    1.1   20.0    0.0    0.0
C0G650 2005121508  -9997   12.2  -9997    1.0   20.0    0.0    0.0
C0G650 2005121509  -9997   13.7  -9997    0.8   30.0    0.0    0.0
C0G650 2005121510  -9997   15.3  -9997    1.3   50.0    0.0    0.4
C0G650 2005121511  -9997   17.1  -9997    1.8   20.0    0.0    0.8
C0G650 2005121512  -9997   17.8  -9997    1.7   20.0    0.0    0.9
C0G650 2005121513  -9997   18.4  -9997    2.3   20.0    0.0    1.0
C0G650 2005121514  -9997   18.9  -9997    2.4   20.0    0.0  -9997
C0G650 2005121515  -9997   18.1  -9997    2.6   40.0    0.0    1.4
C0G650 2005121516  -9997   17.4  -9997    1.2   30.0    0.0    1.0
C0G650 2005121517  -9997   15.6  -9997    1.2   30.0    0.0    0.5
C0G650 2005121518  -9997   14.0  -9997    1.4   30.0    0.0    0.0
C0G650 2005121519  -9997   12.7  -9997    1.5   20.0    0.0    0.0
C0G650 2005121520  -9997   11.9  -9997    0.4   30.0    0.0    0.0
C0G650 2005121521  -9997   11.5  -9997    0.2    0.0    0.0    0.0
C0G650 2005121522  -9997   11.2  -9997    0.0    0.0    0.0    0.0
C0G650 2005121523  -9997   10.5  -9997    0.1    0.0    0.0    0.0
C0G650 2005121524  -9997    9.8  -9997    0.0    0.0    0.0    0.0
C0G650 2005121601  -9997    9.1  -9997    0.0    0.0    0.0    0.0
C0G650 2005121602  -9997    8.7  -9997    0.0    0.0    0.0    0.0
C0G650 2005121603  -9997    9.3  -9997    0.0    0.0    0.0    0.0
C0G650 2005121604  -9997    9.3  -9997    0.0    0.0    0.0    0.0
C0G650 2005121605  -9997    9.5  -9997    0.1    0.0    0.0    0.0
C0G650 2005121606  -9997   10.1  -9997    0.2    0.0    0.0    0.0
C0G650 2005121607  -9997   10.7  -9997    0.7   30.0    0.0    0.0
C0G650 2005121608  -9997   11.5  -9997    0.2    0.0    0.0    0.2
C0G650 2005121609  -9997   13.5  -9997    1.0   20.0    0.0    1.0
C0G650 2005121610  -9997   16.4  -9997    0.2    0.0    0.0    1.0
C0G650 2005121611  -9997   17.9  -9997    0.8   50.0    0.0    1.0
C0G650 2005121612  -9997   21.3  -9997    0.4  270.0    0.0    1.0
C0G650 2005121613  -9997   21.2  -9997    0.2    0.0    0.0    1.0
C0G650 2005121614  -9997   21.2  -9997    0.4  350.0    0.0    1.0
C0G650 2005121615  -9997   21.6  -9997    0.2    0.0    0.0    0.4
C0G650 2005121616  -9997   20.0  -9997    0.1    0.0    0.0    1.0
C0G650 2005121617  -9997   17.9  -9997    0.0    0.0    0.0    0.5
C0G650 2005121618  -9997   16.1  -9997    0.0    0.0    0.0    0.0
C0G650 2005121619  -9997   14.5  -9997    0.0    0.0    0.0    0.0
C0G650 2005121620  -9997   13.7  -9997    0.0    0.0    0.0    0.0
C0G650 2005121621  -9997   13.2  -9997    0.0    0.0    0.0    0.0
C0G650 2005121622  -9997   12.8  -9997    0.0    0.0    0.0    0.0
C0G650 2005121623  -9997   12.5  -9997    0.1    0.0    0.0    0.0
C0G650 2005121624  -9997   11.1  -9997    0.0    0.0    0.0    0.0
C0G650 2005121701  -9997   10.3  -9997    0.0    0.0    0.0    0.0
C0G650 2005121702  -9997   10.9  -9997    0.0    0.0    0.0    0.0
C0G650 2005121703  -9997    9.8  -9997    0.0    0.0    0.0    0.0
C0G650 2005121704  -9997   10.6  -9997  -9997  -9997    0.0    0.0
C0G650 2005121705  -9997   11.5  -9997    0.3   10.0    0.0    0.0
C0G650 2005121706  -9997   11.6  -9997    0.8   30.0    0.0    0.0
C0G650 2005121707  -9997   11.7  -9997    0.5   40.0    0.0    0.0
C0G650 2005121708  -9997   12.4  -9997    0.1    0.0    0.0    0.1
C0G650 2005121709  -9997   14.7  -9997    1.0   60.0    0.0    1.0
C0G650 2005121710  -9997   16.6  -9997    1.7   20.0    0.0    1.0
C0G650 2005121711  -9997   18.1  -9997    2.7   20.0    0.0    1.0
C0G650 2005121712  -9997   19.5  -9997    2.5   40.0    0.0    1.0
C0G650 2005121713  -9997   19.7  -9997    3.0   30.0    0.0    1.0
C0G650 2005121714  -9997   19.8  -9997    2.8   30.0    0.0    1.0
C0G650 2005121715  -9997   18.8  -9997    3.1   30.0    0.0    0.4
C0G650 2005121716  -9997   17.4  -9997    3.9   30.0    0.0    1.0
C0G650 2005121717  -9997   15.2  -9997    2.6   20.0    0.0    0.3
C0G650 2005121718  -9997   13.8  -9997    2.6   30.0    0.0    0.0
C0G650 2005121719  -9997   13.5  -9997    2.5   20.0    0.0    0.0
C0G650 2005121720  -9997   12.7  -9997    1.3   50.0    0.0    0.0
C0G650 2005121721  -9997   12.1  -9997    1.1   30.0    0.0    0.0
C0G650 2005121722  -9997   12.5  -9997    1.2   30.0    0.0    0.0
C0G650 2005121723  -9997   12.3  -9997    1.3   20.0    0.0    0.0
C0G650 2005121724  -9997   11.8  -9997    0.4   20.0    0.0    0.0
C0G650 2005121801  -9997   11.6  -9997    1.3   30.0    0.0    0.0
C0G650 2005121802  -9997   11.2  -9997    0.5  360.0    0.0    0.0
C0G650 2005121803  -9997   11.0  -9997    1.5   30.0    0.0    0.0
C0G650 2005121804  -9997   10.8  -9997    1.4   30.0    0.0    0.0
C0G650 2005121805  -9997   10.4  -9997    0.5   20.0    0.0    0.0
C0G650 2005121806  -9997   10.4  -9997    0.2    0.0    0.0    0.0
C0G650 2005121807  -9997   10.6  -9997    1.3   30.0    0.0    0.0
C0G650 2005121808  -9997   11.4  -9997    1.1   40.0    0.0    0.3
C0G650 2005121809  -9997   13.1  -9997    0.8   40.0    0.0    1.0
C0G650 2005121810  -9997   14.6  -9997    1.9   30.0    0.0    1.0
C0G650 2005121811  -9997   16.8  -9997    2.1   50.0    0.0    1.0
C0G650 2005121812  -9997   18.1  -9997    1.9   30.0    0.0    1.0
C0G650 2005121813  -9997   19.5  -9997    1.0   30.0    0.0    1.0
C0G650 2005121814  -9997   21.0  -9997    0.3  300.0    0.0    1.0
C0G650 2005121815  -9997   19.5  -9997    0.2    0.0    0.0    0.5
C0G650 2005121816  -9997   18.5  -9997    1.7   20.0    0.0    1.0
C0G650 2005121817  -9997   17.1  -9997    0.1    0.0    0.0    0.2
C0G650 2005121818  -9997   15.4  -9997    0.0    0.0    0.0    0.0
C0G650 2005121819  -9997   13.8  -9997    0.0    0.0    0.0    0.0
C0G650 2005121820  -9997   12.4  -9997    0.0  -9997    0.0    0.0
C0G650 2005121821  -9997   11.6  -9997    0.0    0.0    0.0    0.0
C0G650 2005121822  -9997   11.1  -9997    0.0    0.0    0.0    0.0
C0G650 2005121823  -9997   11.3  -9997    0.0    0.0    0.0    0.0
C0G650 2005121824  -9997   11.8  -9997    0.0    0.0    0.0    0.0
C0G650 2005121901  -9997   12.4  -9997    0.0    0.0    0.0    0.0
C0G650 2005121902  -9997   11.5  -9997    0.0    0.0    0.0    0.0
C0G650 2005121903  -9997   12.1  -9997    0.0    0.0    0.0    0.0
C0G650 2005121904  -9997   13.4  -9997    0.0    0.0    0.0    0.0
C0G650 2005121905  -9997   13.1  -9997    1.0  230.0    0.0    0.0
C0G650 2005121906  -9997   13.8  -9997    0.0    0.0    0.0    0.0
C0G650 2005121907  -9997   12.5  -9997    0.0    0.0    0.0    0.0
C0G650 2005121908  -9997   14.5  -9997    0.0    0.0    0.0    0.2
C0G650 2005121909  -9997   17.2  -9997    0.0    0.0    0.0    1.0
C0G650 2005121910  -9997   20.1  -9997    0.1    0.0    0.0    1.0
C0G650 2005121911  -9997   21.2  -9997    1.0  270.0    0.0    1.0
C0G650 2005121912  -9997   20.8  -9997    0.1    0.0    0.0    1.0
C0G650 2005121913  -9997   22.0  -9997    0.3  120.0    0.0    1.0
C0G650 2005121914  -9997   22.3  -9997    0.8  280.0    0.0    1.0
C0G650 2005121915  -9997   21.2  -9997    0.8   20.0    0.0    0.5
C0G650 2005121916  -9997   20.9  -9997    0.4  290.0    0.0    1.0
C0G650 2005121917  -9997   19.2  -9997    0.0    0.0    0.0    0.3
C0G650 2005121918  -9997   17.8  -9997    0.0    0.0    0.0    0.0
C0G650 2005121919  -9997   15.7  -9997    0.0    0.0    0.0    0.0
C0G650 2005121920  -9997   14.6  -9997    0.0    0.0    0.0    0.0
C0G650 2005121921  -9997   14.0  -9997    0.0    0.0    0.0    0.0
C0G650 2005121922  -9997   13.4  -9997    0.0    0.0    0.0    0.0
C0G650 2005121923  -9997   13.0  -9997    0.0    0.0    0.0    0.0
C0G650 2005121924  -9997   14.2  -9997    0.0    0.0    0.0    0.0
C0G650 2005122001  -9997   14.5  -9997    0.0    0.0    0.0    0.0
C0G650 2005122002  -9997   14.7  -9997    0.0    0.0    0.0    0.0
C0G650 2005122003  -9997   15.4  -9997    0.0    0.0    0.0    0.0
C0G650 2005122004  -9997   15.8  -9997    0.5   20.0    0.0    0.0
C0G650 2005122005  -9997   15.3  -9997    0.1    0.0    0.0    0.0
C0G650 2005122006  -9997   14.3  -9997    0.0    0.0    0.0    0.0
C0G650 2005122007  -9997   14.3  -9997    0.0    0.0    0.0    0.0
C0G650 2005122008  -9997   16.9  -9997    0.0    0.0    0.0    0.0
C0G650 2005122009  -9997   18.1  -9997    1.0   30.0    0.0    0.3
C0G650 2005122010  -9997   20.4  -9997    0.8   30.0    0.0    0.9
C0G650 2005122011  -9997   21.4  -9997    2.4   50.0    0.0    1.0
C0G650 2005122012  -9997   22.4  -9997    0.6   40.0    0.0    1.0
C0G650 2005122013  -9997   23.3  -9997    0.8   10.0    0.0    0.9
C0G650 2005122014  -9997   23.4  -9997    0.5  -9997    0.0    1.0
C0G650 2005122015  -9997  -9997  -9997  -9997  -9997    0.0  -9997
C0G650 2005122016  -9997  -9997  -9997  -9997  -9997    0.0  -9997
C0G650 2005122017  -9997   19.5  -9997    0.8   30.0    0.0    1.6
C0G650 2005122018  -9997   18.9  -9997    1.1   20.0    0.0    0.0
C0G650 2005122019  -9997   18.3  -9997    0.7   20.0    0.0    0.0
C0G650 2005122020  -9997   18.2  -9997    0.3   20.0    0.0    0.0
C0G650 2005122021  -9997   18.0  -9997    0.0    0.0    0.0    0.0
C0G650 2005122022  -9997   18.1  -9997    0.5   20.0    0.0  -9997
C0G650 2005122023  -9997   17.6  -9997    1.4   30.0    0.0    0.0
C0G650 2005122024  -9997   17.2  -9997    1.0   20.0    0.0    0.0
C0G650 2005122101  -9997   16.8  -9997    1.4   30.0    0.0  -9997
C0G650 2005122102  -9997   16.5  -9997    1.8   20.0    0.0    0.0
C0G650 2005122103  -9997   16.1  -9997    1.8   20.0    0.0    0.0
C0G650 2005122104  -9997   15.5  -9997    2.5   30.0    0.0    0.0
C0G650 2005122105  -9997   14.9  -9997    2.3   20.0    0.0    0.0
C0G650 2005122106  -9997   14.9  -9997    0.9   30.0    0.0    0.0
C0G650 2005122107  -9997   14.8  -9997    2.2   30.0    0.0    0.0
C0G650 2005122108  -9997   15.1  -9997    2.5   20.0    0.0    0.0
C0G650 2005122109  -9997   16.3  -9997    3.1   30.0    0.0    0.1
C0G650 2005122110  -9997   16.8  -9997    4.2   20.0    0.0    0.5
C0G650 2005122111  -9997   17.6  -9997    3.0   30.0    0.0    0.8
C0G650 2005122112  -9997   17.5  -9997    4.3   30.0    0.0    0.8
C0G650 2005122113  -9997   17.2  -9997    3.5   20.0    0.0    0.8
C0G650 2005122114  -9997   17.4  -9997    3.2   30.0    0.0    0.5
C0G650 2005122115  -9997   17.2  -9997    3.7   20.0    0.0    0.4
C0G650 2005122116  -9997   16.3  -9997    3.9   20.0    0.0    1.0
C0G650 2005122117  -9997   16.1  -9997    2.4   20.0    0.0    0.7
C0G650 2005122118  -9997   15.1  -9997    2.4   20.0    0.0    0.0
C0G650 2005122119  -9997   14.7  -9997    1.4   30.0    0.0    0.0
C0G650 2005122120  -9997   14.3  -9997    0.7   20.0    0.0    0.0
C0G650 2005122121  -9997   14.0  -9997    1.0   20.0    0.0    0.0
C0G650 2005122122  -9997   13.4  -9997  -9997   20.0    0.0    0.0
C0G650 2005122123  -9997   12.8  -9997    2.2   30.0    0.0    0.0
C0G650 2005122124  -9997   12.1  -9997    2.0   30.0    0.0    0.0
C0G650 2005122201  -9997   11.8  -9997    2.9   30.0    0.0    0.0
C0G650 2005122202  -9997   11.8  -9997    3.7   30.0    0.0    0.0
C0G650 2005122203  -9997   11.6  -9997    3.4   30.0    0.0    0.0
C0G650 2005122204  -9997   11.4  -9997    2.6   30.0    0.0    0.0
C0G650 2005122205  -9997   11.0  -9997    2.1   20.0    0.0    0.0
C0G650 2005122206  -9997   10.6  -9997    2.3   30.0    0.0    0.0
C0G650 2005122207  -9997   10.0  -9997    1.1   60.0    0.0    0.0
C0G650 2005122208  -9997   10.3  -9997    1.7   60.0    0.0    0.3
C0G650 2005122209  -9997   12.0  -9997    2.4   20.0    0.0    1.0
C0G650 2005122210  -9997   12.8  -9997    3.8   30.0    0.0    1.0
C0G650 2005122211  -9997   14.1  -9997    2.5   20.0    0.0    1.0
C0G650 2005122212  -9997  -9997  -9997  -9997  -9997    0.0  -9997
C0G650 2005122213  -9997   15.3  -9997    2.4   30.0    0.0    2.0
C0G650 2005122214  -9997   15.6  -9997    3.1   30.0    0.0    1.0
C0G650 2005122215  -9997   15.1  -9997    1.9   30.0    0.0    0.5
C0G650 2005122216  -9997   13.7  -9997    2.7   20.0    0.0    1.0
C0G650 2005122217  -9997   12.5  -9997    1.5   30.0    0.0  -9997
C0G650 2005122218  -9997  -9997  -9997    0.7   20.0    0.0    0.5
C0G650 2005122219  -9997   10.0  -9997    0.0    0.0    0.0    0.0
C0G650 2005122220  -9997    9.4  -9997    0.0    0.0    0.0    0.0
C0G650 2005122221  -9997    8.8  -9997  -9997    0.0    0.0    0.0
C0G650 2005122222  -9997    8.2  -9997    0.0    0.0    0.0    0.0
C0G650 2005122223  -9997    7.7  -9997    0.2    0.0    0.0    0.0
C0G650 2005122224  -9997  -9997  -9997    0.0    0.0    0.0    0.0
C0G650 2005122301  -9997    5.8  -9997    0.0    0.0    0.0    0.0
C0G650 2005122302  -9997    5.7  -9997    0.0    0.0    0.0    0.0
C0G650 2005122303  -9997    5.6  -9997    0.0    0.0    0.0    0.0
C0G650 2005122304  -9997    5.3  -9997    0.0    0.0    0.0    0.0
C0G650 2005122305  -9997    5.1  -9997    0.0    0.0    0.0    0.0
C0G650 2005122306  -9997    5.2  -9997    0.0    0.0    0.0    0.0
C0G650 2005122307  -9997    5.3  -9997    0.0    0.0    0.0    0.0
C0G650 2005122308  -9997  -9997  -9997    0.0    0.0    0.0    0.4
C0G650 2005122309  -9997   12.6  -9997    0.0    0.0    0.0    1.0
C0G650 2005122310  -9997   16.0  -9997    0.0    0.0    0.0    1.0
C0G650 2005122311  -9997   18.6  -9997    0.0    0.0    0.0    1.0
C0G650 2005122312  -9997   19.2  -9997    0.1    0.0    0.0    1.0
C0G650 2005122313  -9997   20.5  -9997    1.6  220.0    0.0    1.0
C0G650 2005122314  -9997   21.5  -9997    1.1  270.0    0.0    1.0
C0G650 2005122315  -9997   19.8  -9997    0.1    0.0    0.0    0.4
C0G650 2005122316  -9997   18.2  -9997    0.0    0.0    0.0  -9997
C0G650 2005122317  -9997   16.8  -9997    0.0    0.0    0.0    0.8
C0G650 2005122318  -9997   14.5  -9997    0.0    0.0    0.0    0.0
C0G650 2005122319  -9997   12.7  -9997    0.0    0.0    0.0    0.0
C0G650 2005122320  -9997   11.8  -9997    0.0    0.0    0.0    0.0
C0G650 2005122321  -9997   11.2  -9997    0.0    0.0    0.0    0.0
C0G650 2005122322  -9997   10.5  -9997    0.0    0.0    0.0    0.0
C0G650 2005122323  -9997   10.2  -9997    0.0    0.0    0.0    0.0
C0G650 2005122324  -9997    9.8  -9997    0.0  -9997    0.0    0.0
C0G650 2005122401  -9997    9.4  -9997    0.0    0.0    0.0    0.0
C0G650 2005122402  -9997    8.9  -9997    0.0    0.0    0.0    0.0
C0G650 2005122403  -9997    8.8  -9997    0.0    0.0    0.0    0.0
C0G650 2005122404  -9997    8.5  -9997    0.0    0.0    0.0    0.0
C0G650 2005122405  -9997    8.2  -9997    0.0    0.0    0.0    0.0
C0G650 2005122406  -9997    8.3  -9997    0.0    0.0    0.0    0.0
C0G650 2005122407  -9997    8.2  -9997    0.0    0.0    0.0    0.0
C0G650 2005122408  -9997   11.0  -9997    0.0    0.0    0.0    0.1
C0G650 2005122409  -9997   15.8  -9997    0.0    0.0    0.0    1.0
C0G650 2005122410  -9997   17.9  -9997    0.5   90.0    0.0    1.0
C0G650 2005122411  -9997   19.4  -9997    1.2   40.0    0.0    1.0
C0G650 2005122412  -9997   20.6  -9997    0.8   30.0    0.0    1.0
C0G650 2005122413  -9997   20.2  -9997    0.2    0.0    0.0    1.0
C0G650 2005122414  -9997   21.9  -9997    0.1    0.0    0.0    1.0
C0G650 2005122415  -9997   21.3  -9997    0.3   50.0    0.0    0.5
C0G650 2005122416  -9997   20.1  -9997    0.7  280.0    0.0    1.0
C0G650 2005122417  -9997   18.9  -9997    0.4  290.0    0.0    0.4
C0G650 2005122418  -9997   17.9  -9997    0.0    0.0    0.0    0.0
C0G650 2005122419  -9997   17.2  -9997    0.0    0.0    0.0    0.0
C0G650 2005122420  -9997   16.6  -9997    0.0    0.0    0.0    0.0
C0G650 2005122421  -9997   15.6  -9997    0.0  -9997    0.0    0.0
C0G650 2005122422  -9997   15.6  -9997    0.0    0.0    0.0    0.0
C0G650 2005122423  -9997   15.7  -9997    0.0    0.0    0.0    0.0
C0G650 2005122424  -9997   14.9  -9997    0.0    0.0    0.0    0.0
C0G650 2005122501  -9997   13.8  -9997    0.0    0.0    0.0    0.0
C0G650 2005122502  -9997   13.8  -9997    0.0    0.0    0.0    0.0
C0G650 2005122503  -9997   13.5  -9997    0.0    0.0    0.0    0.0
C0G650 2005122504  -9997   14.3  -9997    0.0    0.0    0.0    0.0
C0G650 2005122505  -9997   14.7  -9997    0.0    0.0    0.0    0.0
C0G650 2005122506  -9997   14.7  -9997    0.0    0.0    0.0    0.0
C0G650 2005122507  -9997   15.0  -9997    0.0    0.0    0.0    0.0
C0G650 2005122508  -9997   16.6  -9997    0.0    0.0    0.0    0.0
C0G650 2005122509  -9997   18.7  -9997    0.0    0.0    0.0    0.0
C0G650 2005122510  -9997   20.2  -9997    0.0  -9997    0.0    0.2
C0G650 2005122511  -9997   22.0  -9997    0.4   40.0    0.0    0.6
C0G650 2005122512  -9997   22.8  -9997    0.3   40.0    0.0    0.7
C0G650 2005122513  -9997   23.4  -9997    0.6   20.0    0.0    0.0
C0G650 2005122514  -9997   23.0  -9997    0.4  300.0    0.0    0.0
C0G650 2005122515  -9997   22.3  -9997    0.1    0.0    0.0    0.0
C0G650 2005122516  -9997   21.4  -9997    0.1    0.0    0.0    0.4
C0G650 2005122517  -9997   20.3  -9997    0.2    0.0    0.0    0.5
C0G650 2005122518  -9997   18.8  -9997    0.2    0.0    0.0    0.0
C0G650 2005122519  -9997   18.1  -9997    0.0    0.0    0.0    0.0
C0G650 2005122520  -9997   17.5  -9997    0.0    0.0    0.0    0.0
C0G650 2005122521  -9997   16.7  -9997    0.0    0.0    0.0    0.0
C0G650 2005122522  -9997   17.1  -9997    0.0    0.0    0.0    0.0
C0G650 2005122523  -9997   15.6  -9997    0.0    0.0    0.0    0.0
C0G650 2005122524  -9997   15.2  -9997    0.0    0.0    0.0    0.0
C0G650 2005122601  -9997   15.8  -9997    0.3   30.0    0.0    0.0
C0G650 2005122602  -9997   15.1  -9997    0.1    0.0    0.0    0.0
C0G650 2005122603  -9997   15.2  -9997    0.0    0.0    0.0    0.0
C0G650 2005122604  -9997   13.8  -9997    0.0    0.0    0.0    0.0
C0G650 2005122605  -9997   13.2  -9997    0.0    0.0    0.0    0.0
C0G650 2005122606  -9997   12.8  -9997    0.0    0.0    0.0    0.0
C0G650 2005122607  -9997   12.2  -9997    0.0    0.0    0.0    0.0
C0G650 2005122608  -9997   16.3  -9997    0.5   20.0    0.0    0.2
C0G650 2005122609  -9997   18.2  -9997    1.4   40.0    0.0    1.0
C0G650 2005122610  -9997   20.1  -9997    0.0    0.0    0.0    1.0
C0G650 2005122611  -9997   22.3  -9997    0.6   30.0    0.0    1.0
C0G650 2005122612  -9997   22.9  -9997    0.7   20.0    0.0    1.0
C0G650 2005122613  -9997  -9997  -9997  -9997  -9997    0.0  -9997
C0G650 2005122614  -9997   24.5  -9997    0.5  300.0    0.0    1.0
C0G650 2005122615  -9997  -9997  -9997  -9997  -9997    0.0  -9997
C0G650 2005122616  -9997  -9997  -9997  -9997  -9997  -9996  -9997
C0G650 2005122617  -9997   20.6  -9997    0.0    0.0    0.0    0.3
C0G650 2005122618  -9997   19.4  -9997    0.2    0.0    0.0    0.0
C0G650 2005122619  -9997   18.3  -9997    0.0    0.0    0.0    0.0
C0G650 2005122620  -9997   17.7  -9997    0.2    0.0    0.0    0.0
C0G650 2005122621  -9997   16.6  -9997    0.0    0.0    0.0    0.0
C0G650 2005122622  -9997   16.3  -9997    0.0    0.0    0.0    0.0
C0G650 2005122623  -9997   15.6  -9997    0.0    0.0    0.0    0.0
C0G650 2005122624  -9997   15.0  -9997    0.0    0.0    0.0    0.0
C0G650 2005122701  -9997   14.8  -9997    0.0    0.0    0.0    0.0
C0G650 2005122702  -9997   14.1  -9997    0.0    0.0    0.0    0.0
C0G650 2005122703  -9997   15.0  -9997    0.1    0.0    0.0    0.0
C0G650 2005122704  -9997   13.6  -9997    0.0    0.0    0.0    0.0
C0G650 2005122705  -9997   13.3  -9997    0.0    0.0    0.0    0.0
C0G650 2005122706  -9997   13.3  -9997    0.0    0.0    0.0    0.0
C0G650 2005122707  -9997   12.8  -9997    0.0    0.0    0.0    0.0
C0G650 2005122708  -9997   15.2  -9997    0.0    0.0    0.0    0.1
C0G650 2005122709  -9997   18.5  -9997    0.1    0.0    0.0    0.9
C0G650 2005122710  -9997   20.5  -9997    0.7   30.0    0.0    0.8
C0G650 2005122711  -9997   22.8  -9997    0.2    0.0    0.0    1.0
C0G650 2005122712  -9997   24.6  -9997    0.4  260.0    0.0    1.0
C0G650 2005122713  -9997   23.0  -9997    0.6   10.0    0.0    0.2
C0G650 2005122714  -9997   23.3  -9997    0.0    0.0    0.0    0.1
C0G650 2005122715  -9997   22.7  -9997    0.2    0.0    0.0    0.0
C0G650 2005122716  -9997   21.9  -9997    0.1    0.0    0.0    0.5
C0G650 2005122717  -9997   20.0  -9997    0.0    0.0    0.0    0.2
C0G650 2005122718  -9997   19.0  -9997    0.0    0.0    0.0    0.0
C0G650 2005122719  -9997   18.5  -9997    0.0    0.0    0.0    0.0
C0G650 2005122720  -9997  -9997  -9997    0.0    0.0    0.0    0.0
C0G650 2005122721  -9997   17.4  -9997    0.0    0.0    0.0    0.0
C0G650 2005122722  -9997   16.9  -9997    0.0    0.0    0.0    0.0
C0G650 2005122723  -9997   16.8  -9997    0.0    0.0    0.0    0.0
C0G650 2005122724  -9997   16.3  -9997    0.0    0.0    0.0    0.0
C0G650 2005122801  -9997   16.2  -9997    0.0    0.0    0.0    0.0
C0G650 2005122802  -9997   15.4  -9997    0.0    0.0    0.0    0.0
C0G650 2005122803  -9997   15.1  -9997    0.0    0.0    0.0    0.0
C0G650 2005122804  -9997   15.0  -9997    0.0    0.0    0.0    0.0
C0G650 2005122805  -9997   14.8  -9997    0.0    0.0    0.0    0.0
C0G650 2005122806  -9997   15.0  -9997    0.0    0.0    0.0    0.0
C0G650 2005122807  -9997   15.3  -9997    0.0    0.0    0.0    0.0
C0G650 2005122808  -9997   16.0  -9997    0.0    0.0    0.0    0.0
C0G650 2005122809  -9997   17.4  -9997    0.0    0.0    0.0    0.0
C0G650 2005122810  -9997  -9997  -9997    0.0    0.0    0.0    0.0
C0G650 2005122811  -9997   20.2  -9997    0.4   40.0    0.0    0.1
C0G650 2005122812  -9997   21.2  -9997    0.0    0.0    0.0    0.0
C0G650 2005122813  -9997   20.7  -9997    0.3  300.0    0.0    0.0
C0G650 2005122814  -9997   19.5  -9997    0.1    0.0    0.5    0.0
C0G650 2005122815  -9997   19.3  -9997    0.5   20.0    0.5    0.0
C0G650 2005122816  -9997   18.8  -9997    0.1    0.0    1.0  -9997
C0G650 2005122817  -9997   18.2  -9997    1.2   20.0    1.0    0.0
C0G650 2005122818  -9997   17.6  -9997    0.6   20.0    1.0    0.0
C0G650 2005122819  -9997   17.4  -9997    0.1    0.0    1.0    0.0
C0G650 2005122820  -9997   17.1  -9997    0.2    0.0    0.5    0.0
C0G650 2005122821  -9997   16.9  -9997    0.1    0.0    0.5    0.0
C0G650 2005122822  -9997   16.8  -9997    0.4   20.0    0.5    0.0
C0G650 2005122823  -9997   17.0  -9997  -9997   30.0    1.0    0.0
C0G650 2005122824  -9997   17.0  -9997    0.4   30.0    0.0    0.0
C0G650 2005122901  -9997   17.5  -9997    0.8   20.0    0.5    0.0
C0G650 2005122902  -9997   17.5  -9997    0.1    0.0  -9996    0.0
C0G650 2005122903  -9997   17.8  -9997    0.7   20.0  -9996    0.0
C0G650 2005122904  -9997   17.7  -9997    0.4   30.0    0.5    0.0
C0G650 2005122905  -9997   17.5  -9997    1.0   30.0    0.0    0.0
C0G650 2005122906  -9997   17.4  -9997    0.0    0.0    0.5    0.0
C0G650 2005122907  -9997   17.4  -9997    0.6   30.0    0.0    0.0
C0G650 2005122908  -9997   17.4  -9997    0.3   30.0    0.0    0.0
C0G650 2005122909  -9997   17.7  -9997    0.4   20.0    0.0    0.0
C0G650 2005122910  -9997   18.1  -9997    1.8   30.0    0.0    0.0
C0G650 2005122911  -9997   18.7  -9997    2.0   20.0    0.0    0.0
C0G650 2005122912  -9997   18.8  -9997    1.8   20.0    0.0    0.0
C0G650 2005122913  -9997   19.4  -9997    1.3   30.0    0.0    0.0
C0G650 2005122914  -9997   20.3  -9997    1.0   30.0    0.0    0.0
C0G650 2005122915  -9997   20.3  -9997    1.6   20.0    0.0    0.0
C0G650 2005122916  -9997   19.9  -9997    0.1    0.0    0.0    0.0
C0G650 2005122917  -9997   19.1  -9997    0.4   20.0    0.0    0.0
C0G650 2005122918  -9997   18.8  -9997    0.1    0.0    0.0    0.0
C0G650 2005122919  -9997   18.7  -9997    0.7   30.0    0.0    0.0
C0G650 2005122920  -9997   18.7  -9997    0.3   20.0    0.0    0.0
C0G650 2005122921  -9997   18.5  -9997    0.0    0.0    0.0    0.0
C0G650 2005122922  -9997   18.4  -9997    0.0    0.0    0.0    0.0
C0G650 2005122923  -9997   17.8  -9997    0.0    0.0    0.0    0.0
C0G650 2005122924  -9997   18.2  -9997    0.0    0.0    0.0    0.0
C0G650 2005123001  -9997  -9997  -9997  -9997  -9997    0.0  -9997
C0G650 2005123002  -9997   18.4  -9997    0.0  -9997    0.0    0.0
C0G650 2005123003  -9997   18.8  -9997    0.0    0.0    0.0    0.0
C0G650 2005123004  -9997   19.0  -9997    0.1    0.0    0.0    0.0
C0G650 2005123005  -9997   18.4  -9997    0.0    0.0    0.0    0.0
C0G650 2005123006  -9997   18.7  -9997    0.0    0.0    0.0    0.0
C0G650 2005123007  -9997   18.7  -9997    0.0    0.0    0.0    0.0
C0G650 2005123008  -9997   19.1  -9997    0.2    0.0    0.0    0.0
C0G650 2005123009  -9997   19.4  -9997    0.0    0.0    0.0    0.0
C0G650 2005123010  -9997   19.9  -9997    0.1    0.0    0.0    0.0
C0G650 2005123011  -9997   20.9  -9997    0.0    0.0    0.0    0.0
C0G650 2005123012  -9997   21.8  -9997    0.5  190.0    0.0    0.0
C0G650 2005123013  -9997   22.0  -9997    0.0    0.0    0.0    0.0
C0G650 2005123014  -9997   21.8  -9997    0.6  270.0    0.0    0.0
C0G650 2005123015  -9997   20.6  -9997    0.8   20.0    0.0    0.0
C0G650 2005123016  -9997   20.0  -9997    0.6  360.0    0.0    0.0
C0G650 2005123017  -9997   19.2  -9997    0.3   10.0    0.0    0.0
C0G650 2005123018  -9997   19.0  -9997    0.1    0.0    0.0    0.0
C0G650 2005123019  -9997   18.8  -9997    0.5   40.0    0.5    0.0
C0G650 2005123020  -9997   19.1  -9997    0.0    0.0    0.0    0.0
C0G650 2005123021  -9997   18.9  -9997    0.0    0.0    0.0    0.0
C0G650 2005123022  -9997   18.9  -9997    0.2    0.0    0.0    0.0
C0G650 2005123023  -9997   18.8  -9997    0.6   30.0    0.0    0.0
C0G650 2005123024  -9997   18.8  -9997    0.0    0.0    0.0    0.0
C0G650 2005123101  -9997   18.8  -9997    0.4   40.0  -9996    0.0
C0G650 2005123102  -9997   19.1  -9997    0.3   30.0    0.0    0.0
C0G650 2005123103  -9997   19.0  -9997    0.0    0.0    0.0    0.0
C0G650 2005123104  -9997   18.9  -9997    0.0    0.0    0.0    0.0
C0G650 2005123105  -9997   17.8  -9997    0.2    0.0    0.0    0.0
C0G650 2005123106  -9997   18.4  -9997    0.6   20.0    0.0    0.0
C0G650 2005123107  -9997   17.8  -9997    0.9   20.0    0.0    0.0
C0G650 2005123108  -9997   18.6  -9997    0.8   30.0    0.0    0.0
C0G650 2005123109  -9997   19.1  -9997    1.5   20.0    0.0    0.0
C0G650 2005123110  -9997   20.6  -9997    2.0   20.0    0.0    0.7
C0G650 2005123111  -9997   21.2  -9997    1.7   40.0    0.0    0.9
C0G650 2005123112  -9997   23.0  -9997    0.8   10.0    0.0    1.0
C0G650 2005123113  -9997   23.6  -9997    0.7   30.0    0.0    1.0
C0G650 2005123114  -9997   23.4  -9997    1.7   20.0    0.0    1.0
C0G650 2005123115  -9997   23.3  -9997    2.6   30.0    0.0    0.5
C0G650 2005123116  -9997   22.2  -9997    2.2   20.0    0.0    1.0
C0G650 2005123117  -9997   21.1  -9997    1.2   20.0    0.0    0.8
C0G650 2005123118  -9997   20.2  -9997    0.1    0.0    0.0    0.0
C0G650 2005123119  -9997  -9997  -9997    0.2    0.0    0.0    0.0
C0G650 2005123120  -9997   18.8  -9997    0.0    0.0    0.0  -9997
C0G650 2005123121  -9997   17.5  -9997    0.0    0.0    0.0    0.0
C0G650 2005123122  -9997   16.8  -9997    0.0    0.0    0.0    0.0
C0G650 2005123123  -9997   16.6  -9997    0.0    0.0    0.0    0.0
C0G650 2005123124  -9997   17.4  -9997    0.0    0.0    0.0    0.0
C0G660 2005120101  -9999  -9999  -9999  -9999  -9999    0.0  -9999
C0G660 2005120102  -9999  -9999  -9999  -9999  -9999    0.0  -9999
C0G660 2005120103  -9999  -9999  -9999  -9999  -9999    0.0  -9999
C0G660 2005120104  -9999  -9999  -9999  -9999  -9999    0.0  -9999
C0G660 2005120105  -9999  -9999  -9999  -9999  -9999    0.0  -9999
C0G660 2005120106  -9999  -9999  -9999  -9999  -9999    0.0  -9999
C0G660 2005120107  -9999  -9999  -9999  -9999  -9999    0.0  -9999
C0G660 2005120108  -9999  -9999  -9999  -9999  -9999    0.0  -9999
C0G660 2005120109  -9999  -9999  -9999  -9999  -9999    0.0  -9999
C0G660 2005120110  -9999  -9999  -9999  -9999  -9999    0.0  -9999
C0G660 2005120111  -9999  -9999  -9999  -9999  -9999    0.0  -9999
C0G660 2005120112  -9999  -9999  -9999  -9999  -9999    0.0  -9999
C0G660 2005120113  -9999  -9999  -9999  -9999  -9999    0.0  -9999
C0G660 2005120114  -9999  -9999  -9999  -9999  -9999    0.0  -9999
C0G660 2005120115  -9999  -9999  -9999  -9999  -9999    0.0  -9999
C0G660 2005120116  -9999  -9999  -9999  -9999  -9999    0.0  -9999
C0G660 2005120117  -9999  -9999  -9999  -9999  -9999    0.0  -9999
C0G660 2005120118  -9999  -9999  -9999  -9999  -9999    0.0  -9999
C0G660 2005120119  -9999  -9999  -9999  -9999  -9999    0.0  -9999
C0G660 2005120120  -9999  -9999  -9999  -9999  -9999    0.0  -9999
C0G660 2005120121  -9999  -9999  -9999  -9999  -9999    0.0  -9999
C0G660 2005120122  -9999  -9999  -9999  -9999  -9999    0.0  -9999
C0G660 2005120123  -9999  -9999  -9999  -9999  -9999    0.0  -9999
C0G660 2005120124  -9999  -9999  -9999  -9999  -9999    0.0  -9999
C0G660 2005120201  -9999  -9999  -9999  -9999  -9999    0.0  -9999
C0G660 2005120202  -9999  -9999  -9999  -9999  -9999    0.0  -9999
C0G660 2005120203  -9999  -9999  -9999  -9999  -9999    0.0  -9999
C0G660 2005120204  -9999  -9999  -9999  -9999  -9999    0.0  -9999
C0G660 2005120205  -9999  -9999  -9999  -9999  -9999    0.0  -9999
C0G660 2005120206  -9999  -9999  -9999  -9999  -9999    0.0  -9999
C0G660 2005120207  -9999  -9999  -9999  -9999  -9999    0.0  -9999
C0G660 2005120208  -9999  -9999  -9999  -9999  -9999    0.0  -9999
C0G660 2005120209  -9999  -9999  -9999  -9999  -9999    0.0  -9999
C0G660 2005120210  -9999  -9999  -9999  -9999  -9999    0.0  -9999
C0G660 2005120211  -9999  -9999  -9999  -9999  -9999    0.0  -9999
C0G660 2005120212  -9999  -9999  -9999  -9999  -9999    0.0  -9999
C0G660 2005120213  -9999  -9999  -9999  -9999  -9999    0.0  -9999
C0G660 2005120214  -9999  -9999  -9999  -9999  -9999    0.0  -9999
C0G660 2005120215  -9999  -9999  -9999  -9999  -9999    0.0  -9999
C0G660 2005120216  -9999  -9999  -9999  -9999  -9999    0.0  -9999
C0G660 2005120217  -9999  -9999  -9999  -9999  -9999    0.0  -9999
C0G660 2005120218  -9999  -9999  -9999  -9999  -9999    0.0  -9999
C0G660 2005120219  -9999  -9999  -9999  -9999  -9999    0.0  -9999
C0G660 2005120220  -9999  -9999  -9999  -9999  -9999    0.0  -9999
C0G660 2005120221  -9999  -9999  -9999  -9999  -9999    0.0  -9999
C0G660 2005120222  -9999  -9999  -9999  -9999  -9999    0.0  -9999
C0G660 2005120223  -9999  -9999  -9999  -9999  -9999    0.0  -9999
C0G660 2005120224  -9999  -9999  -9999  -9999  -9999    0.0  -9999
C0G660 2005120301  -9999  -9999  -9999  -9999  -9999    0.0  -9999
C0G660 2005120302  -9999  -9999  -9999  -9999  -9999    0.0  -9999
C0G660 2005120303  -9999  -9999  -9999  -9999  -9999    0.0  -9999
C0G660 2005120304  -9999  -9999  -9999  -9999  -9999    0.0  -9999
C0G660 2005120305  -9999  -9999  -9999  -9999  -9999    0.0  -9999
C0G660 2005120306  -9999  -9999  -9999  -9999  -9999    0.0  -9999
C0G660 2005120307  -9999  -9999  -9999  -9999  -9999    0.0  -9999
C0G660 2005120308  -9999  -9999  -9999  -9999  -9999    0.0  -9999
C0G660 2005120309  -9999  -9999  -9999  -9999  -9999    0.0  -9999
C0G660 2005120310  -9999  -9999  -9999  -9999  -9999    0.0  -9999
C0G660 2005120311  -9999  -9999  -9999  -9999  -9999    0.0  -9999
C0G660 2005120312  -9999  -9999  -9999  -9999  -9999    0.0  -9999
C0G660 2005120313  -9999  -9999  -9999  -9999  -9999    0.0  -9999
C0G660 2005120314  -9999  -9999  -9999  -9999  -9999    0.0  -9999
C0G660 2005120315  -9999  -9999  -9999  -9999  -9999    0.0  -9999
C0G660 2005120316  -9999  -9999  -9999  -9999  -9999    0.0  -9999
C0G660 2005120317  -9999  -9999  -9999  -9999  -9999    0.0  -9999
C0G660 2005120318  -9999  -9999  -9999  -9999  -9999    0.0  -9999
C0G660 2005120319  -9999  -9999  -9999  -9999  -9999    0.0  -9999
C0G660 2005120320  -9999  -9999  -9999  -9999  -9999    0.0  -9999
C0G660 2005120321  -9999  -9999  -9999  -9999  -9999    0.0  -9999
C0G660 2005120322  -9999  -9999  -9999  -9999  -9999    0.0  -9999
C0G660 2005120323  -9999  -9999  -9999  -9999  -9999    0.0  -9999
C0G660 2005120324  -9999  -9999  -9999  -9999  -9999    0.0  -9999
C0G660 2005120401  -9999  -9999  -9999  -9999  -9999    0.0  -9999
C0G660 2005120402  -9999  -9999  -9999  -9999  -9999    0.0  -9999
C0G660 2005120403  -9999  -9999  -9999  -9999  -9999    0.0  -9999
C0G660 2005120404  -9999  -9999  -9999  -9999  -9999    0.5  -9999
C0G660 2005120405  -9999  -9999  -9999  -9999  -9999    0.0  -9999
C0G660 2005120406  -9999  -9999  -9999  -9999  -9999    0.0  -9999
C0G660 2005120407  -9999  -9999  -9999  -9999  -9999    0.0  -9999
C0G660 2005120408  -9999  -9999  -9999  -9999  -9999    0.0  -9999
C0G660 2005120409  -9999  -9999  -9999  -9999  -9999    0.0  -9999
C0G660 2005120410  -9999  -9999  -9999  -9999  -9999    0.0  -9999
C0G660 2005120411  -9999  -9999  -9999  -9999  -9999    0.0  -9999
C0G660 2005120412  -9999  -9999  -9999  -9999  -9999    0.0  -9999
C0G660 2005120413  -9999  -9999  -9999  -9999  -9999    0.0  -9999
C0G660 2005120414  -9999  -9999  -9999  -9999  -9999    0.0  -9999
C0G660 2005120415  -9999  -9999  -9999  -9999  -9999    0.0  -9999
C0G660 2005120416  -9999  -9999  -9999  -9999  -9999    0.0  -9999
C0G660 2005120417  -9999  -9999  -9999  -9999  -9999    0.0  -9999
C0G660 2005120418  -9999  -9999  -9999  -9999  -9999    0.0  -9999
C0G660 2005120419  -9999  -9999  -9999  -9999  -9999    0.0  -9999
C0G660 2005120420  -9999  -9999  -9999  -9999  -9999    0.0  -9999
C0G660 2005120421  -9999  -9999  -9999  -9999  -9999    0.0  -9999
C0G660 2005120422  -9999  -9999  -9999  -9999  -9999    0.0  -9999
C0G660 2005120423  -9999  -9999  -9999  -9999  -9999    0.0  -9999
C0G660 2005120424  -9999  -9999  -9999  -9999  -9999    0.0  -9999
C0G660 2005120501  -9999  -9999  -9999  -9999  -9999    0.0  -9999
C0G660 2005120502  -9999  -9999  -9999  -9999  -9999    0.0  -9999
C0G660 2005120503  -9999  -9999  -9999  -9999  -9999    0.0  -9999
C0G660 2005120504  -9999  -9999  -9999  -9999  -9999    0.0  -9999
C0G660 2005120505  -9999  -9999  -9999  -9999  -9999    0.0  -9999
C0G660 2005120506  -9999  -9999  -9999  -9999  -9999    0.0  -9999
C0G660 2005120507  -9999  -9999  -9999  -9999  -9999    0.0  -9999
C0G660 2005120508  -9999  -9999  -9999  -9999  -9999    0.0  -9999
C0G660 2005120509  -9999  -9999  -9999  -9999  -9999    0.0  -9999
C0G660 2005120510  -9999  -9999  -9999  -9999  -9999    0.0  -9999
C0G660 2005120511  -9999  -9999  -9999  -9999  -9999    0.0  -9999
C0G660 2005120512  -9999  -9999  -9999  -9999  -9999    0.0  -9999
C0G660 2005120513  -9999  -9999  -9999  -9999  -9999    0.0  -9999
C0G660 2005120514  -9999  -9999  -9999  -9999  -9999    0.0  -9999
C0G660 2005120515  -9999  -9999  -9999  -9999  -9999    0.0  -9999
C0G660 2005120516  -9999  -9999  -9999  -9999  -9999    0.0  -9999
C0G660 2005120517  -9999  -9999  -9999  -9999  -9999    0.0  -9999
C0G660 2005120518  -9999  -9999  -9999  -9999  -9999    0.0  -9999
C0G660 2005120519  -9999  -9999  -9999  -9999  -9999    0.0  -9999
C0G660 2005120520  -9999  -9999  -9999  -9999  -9999    0.0  -9999
C0G660 2005120521  -9999  -9999  -9999  -9999  -9999    0.0  -9999
C0G660 2005120522  -9999  -9999  -9999  -9999  -9999    0.0  -9999
C0G660 2005120523  -9999  -9999  -9999  -9999  -9999    0.0  -9999
C0G660 2005120524  -9999  -9999  -9999  -9999  -9999    0.0  -9999
C0G660 2005120601  -9999  -9999  -9999  -9999  -9999    0.0  -9999
C0G660 2005120602  -9999  -9999  -9999  -9999  -9999    0.0  -9999
C0G660 2005120603  -9999  -9999  -9999  -9999  -9999    0.0  -9999
C0G660 2005120604  -9999  -9999  -9999  -9999  -9999    0.0  -9999
C0G660 2005120605  -9999  -9999  -9999  -9999  -9999    0.0  -9999
C0G660 2005120606  -9999  -9999  -9999  -9999  -9999    0.0  -9999
C0G660 2005120607  -9999  -9999  -9999  -9999  -9999    0.0  -9999
C0G660 2005120608  -9999  -9999  -9999  -9999  -9999    0.0  -9999
C0G660 2005120609  -9999  -9999  -9999  -9999  -9999    0.0  -9999
C0G660 2005120610  -9999  -9999  -9999  -9999  -9999    0.0  -9999
C0G660 2005120611  -9999  -9999  -9999  -9999  -9999    0.0  -9999
C0G660 2005120612  -9999  -9999  -9999  -9999  -9999    0.0  -9999
C0G660 2005120613  -9999  -9999  -9999  -9999  -9999    0.0  -9999
C0G660 2005120614  -9999  -9999  -9999  -9999  -9999    0.0  -9999
C0G660 2005120615  -9999  -9999  -9999  -9999  -9999    0.0  -9999
C0G660 2005120616  -9999  -9999  -9999  -9999  -9999    0.0  -9999
C0G660 2005120617  -9999  -9999  -9999  -9999  -9999    0.0  -9999
C0G660 2005120618  -9999  -9999  -9999  -9999  -9999    0.0  -9999
C0G660 2005120619  -9999  -9999  -9999  -9999  -9999    0.0  -9999
C0G660 2005120620  -9999  -9999  -9999  -9999  -9999    0.0  -9999
C0G660 2005120621  -9999  -9999  -9999  -9999  -9999    0.0  -9999
C0G660 2005120622  -9999  -9999  -9999  -9999  -9999    0.0  -9999
C0G660 2005120623  -9999  -9999  -9999  -9999  -9999    0.0  -9999
C0G660 2005120624  -9999  -9999  -9999  -9999  -9999    0.0  -9999
C0G660 2005120701  -9999  -9999  -9999  -9999  -9999    0.0  -9999
C0G660 2005120702  -9999  -9999  -9999  -9999  -9999    0.0  -9999
C0G660 2005120703  -9999  -9999  -9999  -9999  -9999    0.0  -9999
C0G660 2005120704  -9999  -9999  -9999  -9999  -9999    0.0  -9999
C0G660 2005120705  -9999  -9999  -9999  -9999  -9999    0.0  -9999
C0G660 2005120706  -9999  -9999  -9999  -9999  -9999    0.0  -9999
C0G660 2005120707  -9999  -9999  -9999  -9999  -9999    0.0  -9999
C0G660 2005120708  -9999  -9999  -9999  -9999  -9999    0.0  -9999
C0G660 2005120709  -9999  -9999  -9999  -9999  -9999    0.0  -9999
C0G660 2005120710  -9999  -9999  -9999  -9999  -9999    0.0  -9999
C0G660 2005120711  -9999  -9999  -9999  -9999  -9999    0.0  -9999
C0G660 2005120712  -9999  -9999  -9999  -9999  -9999    0.0  -9999
C0G660 2005120713  -9999  -9999  -9999  -9999  -9999    0.0  -9999
C0G660 2005120714  -9999  -9999  -9999  -9999  -9999    0.0  -9999
C0G660 2005120715  -9999  -9999  -9999  -9999  -9999    0.0  -9999
C0G660 2005120716  -9999  -9999  -9999  -9999  -9999    0.0  -9999
C0G660 2005120717  -9999  -9999  -9999  -9999  -9999    0.0  -9999
C0G660 2005120718  -9999  -9999  -9999  -9999  -9999    0.0  -9999
C0G660 2005120719  -9999  -9999  -9999  -9999  -9999    0.0  -9999
C0G660 2005120720  -9999  -9999  -9999  -9999  -9999    0.0  -9999
C0G660 2005120721  -9999  -9999  -9999  -9999  -9999    0.0  -9999
C0G660 2005120722  -9999  -9999  -9999  -9999  -9999    0.0  -9999
C0G660 2005120723  -9999  -9999  -9999  -9999  -9999    0.0  -9999
C0G660 2005120724  -9999  -9999  -9999  -9999  -9999    0.0  -9999
C0G660 2005120801  -9999  -9999  -9999  -9999  -9999    0.0  -9999
C0G660 2005120802  -9999  -9999  -9999  -9999  -9999    0.0  -9999
C0G660 2005120803  -9999  -9999  -9999  -9999  -9999    0.0  -9999
C0G660 2005120804  -9999  -9999  -9999  -9999  -9999    0.0  -9999
C0G660 2005120805  -9999  -9999  -9999  -9999  -9999    0.0  -9999
C0G660 2005120806  -9999  -9999  -9999  -9999  -9999    0.0  -9999
C0G660 2005120807  -9999  -9999  -9999  -9999  -9999    0.0  -9999
C0G660 2005120808  -9999  -9999  -9999  -9999  -9999    0.0  -9999
C0G660 2005120809  -9999  -9999  -9999  -9999  -9999    0.0  -9999
C0G660 2005120810  -9999  -9999  -9999  -9999  -9999    0.0  -9999
C0G660 2005120811  -9999  -9999  -9999  -9999  -9999    0.0  -9999
C0G660 2005120812  -9999  -9999  -9999  -9999  -9999    0.0  -9999
C0G660 2005120813  -9999  -9999  -9999  -9999  -9999    0.0  -9999
C0G660 2005120814  -9999  -9999  -9999  -9999  -9999    0.0  -9999
C0G660 2005120815  -9999  -9999  -9999  -9999  -9999    0.0  -9999
C0G660 2005120816  -9999  -9999  -9999  -9999  -9999    0.0  -9999
C0G660 2005120817  -9999  -9999  -9999  -9999  -9999    0.0  -9999
C0G660 2005120818  -9999  -9999  -9999  -9999  -9999    0.0  -9999
C0G660 2005120819  -9999  -9999  -9999  -9999  -9999    0.0  -9999
C0G660 2005120820  -9999  -9999  -9999  -9999  -9999    0.0  -9999
C0G660 2005120821  -9999  -9999  -9999  -9999  -9999    0.0  -9999
C0G660 2005120822  -9999  -9999  -9999  -9999  -9999    0.0  -9999
C0G660 2005120823  -9999  -9999  -9999  -9999  -9999    0.0  -9999
C0G660 2005120824  -9999  -9999  -9999  -9999  -9999    0.0  -9999
C0G660 2005120901  -9999  -9999  -9999  -9999  -9999    0.0  -9999
C0G660 2005120902  -9999  -9999  -9999  -9999  -9999    0.0  -9999
C0G660 2005120903  -9999  -9999  -9999  -9999  -9999    0.0  -9999
C0G660 2005120904  -9999  -9999  -9999  -9999  -9999    0.0  -9999
C0G660 2005120905  -9999  -9999  -9999  -9999  -9999    0.0  -9999
C0G660 2005120906  -9999  -9999  -9999  -9999  -9999    0.0  -9999
C0G660 2005120907  -9999  -9999  -9999  -9999  -9999    0.0  -9999
C0G660 2005120908  -9999  -9999  -9999  -9999  -9999    0.0  -9999
C0G660 2005120909  -9999  -9999  -9999  -9999  -9999    0.0  -9999
C0G660 2005120910  -9999  -9999  -9999  -9999  -9999    0.0  -9999
C0G660 2005120911  -9999  -9999  -9999  -9999  -9999    0.0  -9999
C0G660 2005120912  -9999  -9999  -9999  -9999  -9999    0.0  -9999
C0G660 2005120913  -9999  -9999  -9999  -9999  -9999    0.0  -9999
C0G660 2005120914  -9999  -9999  -9999  -9999  -9999    0.0  -9999
C0G660 2005120915  -9999  -9999  -9999  -9999  -9999    0.0  -9999
C0G660 2005120916  -9999  -9999  -9999  -9999  -9999    0.0  -9999
C0G660 2005120917  -9999  -9999  -9999  -9999  -9999    0.0  -9999
C0G660 2005120918  -9999  -9999  -9999  -9999  -9999    0.0  -9999
C0G660 2005120919  -9999  -9999  -9999  -9999  -9999    0.0  -9999
C0G660 2005120920  -9999  -9999  -9999  -9999  -9999    0.0  -9999
C0G660 2005120921  -9999  -9999  -9999  -9999  -9999    0.0  -9999
C0G660 2005120922  -9999  -9999  -9999  -9999  -9999    0.0  -9999
C0G660 2005120923  -9999  -9999  -9999  -9999  -9999    0.0  -9999
C0G660 2005120924  -9999  -9999  -9999  -9999  -9999    0.0  -9999
C0G660 2005121001  -9999  -9999  -9999  -9999  -9999    0.0  -9999
C0G660 2005121002  -9999  -9999  -9999  -9999  -9999    0.0  -9999
C0G660 2005121003  -9999  -9999  -9999  -9999  -9999    0.0  -9999
C0G660 2005121004  -9999  -9999  -9999  -9999  -9999    0.0  -9999
C0G660 2005121005  -9999  -9999  -9999  -9999  -9999    0.0  -9999
C0G660 2005121006  -9999  -9999  -9999  -9999  -9999    0.0  -9999
C0G660 2005121007  -9999  -9999  -9999  -9999  -9999    0.0  -9999
C0G660 2005121008  -9999  -9999  -9999  -9999  -9999    0.0  -9999
C0G660 2005121009  -9999  -9999  -9999  -9999  -9999    0.0  -9999
C0G660 2005121010  -9999  -9999  -9999  -9999  -9999    0.0  -9999
C0G660 2005121011  -9999  -9999  -9999  -9999  -9999    0.0  -9999
C0G660 2005121012  -9999  -9999  -9999  -9999  -9999    0.0  -9999
C0G660 2005121013  -9999  -9999  -9999  -9999  -9999    0.0  -9999
C0G660 2005121014  -9999  -9999  -9999  -9999  -9999    0.0  -9999
C0G660 2005121015  -9999  -9999  -9999  -9999  -9999    0.0  -9999
C0G660 2005121016  -9999  -9999  -9999  -9999  -9999    0.0  -9999
C0G660 2005121017  -9999  -9999  -9999  -9999  -9999    0.0  -9999
C0G660 2005121018  -9999  -9999  -9999  -9999  -9999    0.0  -9999
C0G660 2005121019  -9999  -9999  -9999  -9999  -9999    0.0  -9999
C0G660 2005121020  -9999  -9999  -9999  -9999  -9999    0.0  -9999
C0G660 2005121021  -9999  -9999  -9999  -9999  -9999    0.0  -9999
C0G660 2005121022  -9999  -9999  -9999  -9999  -9999    0.0  -9999
C0G660 2005121023  -9999  -9999  -9999  -9999  -9999    0.0  -9999
C0G660 2005121024  -9999  -9999  -9999  -9999  -9999    0.0  -9999
C0G660 2005121101  -9999  -9999  -9999  -9999  -9999    0.0  -9999
C0G660 2005121102  -9999  -9999  -9999  -9999  -9999    0.0  -9999
C0G660 2005121103  -9999  -9999  -9999  -9999  -9999    0.0  -9999
C0G660 2005121104  -9999  -9999  -9999  -9999  -9999    0.0  -9999
C0G660 2005121105  -9999  -9999  -9999  -9999  -9999    0.0  -9999
C0G660 2005121106  -9999  -9999  -9999  -9999  -9999    0.0  -9999
C0G660 2005121107  -9999  -9999  -9999  -9999  -9999    0.0  -9999
C0G660 2005121108  -9999  -9999  -9999  -9999  -9999    0.0  -9999
C0G660 2005121109  -9999  -9999  -9999  -9999  -9999    0.0  -9999
C0G660 2005121110  -9999  -9999  -9999  -9999  -9999    0.0  -9999
C0G660 2005121111  -9999  -9999  -9999  -9999  -9999    0.0  -9999
C0G660 2005121112  -9999  -9999  -9999  -9999  -9999    0.0  -9999
C0G660 2005121113  -9999  -9999  -9999  -9999  -9999    0.0  -9999
C0G660 2005121114  -9999  -9999  -9999  -9999  -9999    0.0  -9999
C0G660 2005121115  -9999  -9999  -9999  -9999  -9999    0.0  -9999
C0G660 2005121116  -9999  -9999  -9999  -9999  -9999    0.0  -9999
C0G660 2005121117  -9999  -9999  -9999  -9999  -9999    0.0  -9999
C0G660 2005121118  -9999  -9999  -9999  -9999  -9999    0.0  -9999
C0G660 2005121119  -9999  -9999  -9999  -9999  -9999    0.0  -9999
C0G660 2005121120  -9999  -9999  -9999  -9999  -9999    0.0  -9999
C0G660 2005121121  -9999  -9999  -9999  -9999  -9999    0.0  -9999
C0G660 2005121122  -9999  -9999  -9999  -9999  -9999    0.0  -9999
C0G660 2005121123  -9999  -9999  -9999  -9999  -9999    0.0  -9999
C0G660 2005121124  -9999  -9999  -9999  -9999  -9999    0.0  -9999
C0G660 2005121201  -9999  -9999  -9999  -9999  -9999  -9996  -9999
C0G660 2005121202  -9999  -9999  -9999  -9999  -9999  -9996  -9999
C0G660 2005121203  -9999  -9999  -9999  -9999  -9999    0.0  -9999
C0G660 2005121204  -9999  -9999  -9999  -9999  -9999    0.0  -9999
C0G660 2005121205  -9999  -9999  -9999  -9999  -9999    0.0  -9999
C0G660 2005121206  -9999  -9999  -9999  -9999  -9999    0.0  -9999
C0G660 2005121207  -9999  -9999  -9999  -9999  -9999    0.0  -9999
C0G660 2005121208  -9999  -9999  -9999  -9999  -9999    0.0  -9999
C0G660 2005121209  -9999  -9999  -9999  -9999  -9999    0.0  -9999
C0G660 2005121210  -9999  -9999  -9999  -9999  -9999    0.0  -9999
C0G660 2005121211  -9999  -9999  -9999  -9999  -9999    0.0  -9999
C0G660 2005121212  -9999  -9999  -9999  -9999  -9999    0.0  -9999
C0G660 2005121213  -9999  -9999  -9999  -9999  -9999    0.0  -9999
C0G660 2005121214  -9999  -9999  -9999  -9999  -9999    0.0  -9999
C0G660 2005121215  -9999  -9999  -9999  -9999  -9999    0.0  -9999
C0G660 2005121216  -9999  -9999  -9999  -9999  -9999    0.0  -9999
C0G660 2005121217  -9999  -9999  -9999  -9999  -9999    0.0  -9999
C0G660 2005121218  -9999  -9999  -9999  -9999  -9999    0.0  -9999
C0G660 2005121219  -9999  -9999  -9999  -9999  -9999    0.0  -9999
C0G660 2005121220  -9999  -9999  -9999  -9999  -9999    0.0  -9999
C0G660 2005121221  -9999  -9999  -9999  -9999  -9999    0.0  -9999
C0G660 2005121222  -9999  -9999  -9999  -9999  -9999    0.0  -9999
C0G660 2005121223  -9999  -9999  -9999  -9999  -9999    0.0  -9999
C0G660 2005121224  -9999  -9999  -9999  -9999  -9999    0.0  -9999
C0G660 2005121301  -9999  -9999  -9999  -9999  -9999    0.0  -9999
C0G660 2005121302  -9999  -9999  -9999  -9999  -9999    0.0  -9999
C0G660 2005121303  -9999  -9999  -9999  -9999  -9999    0.0  -9999
C0G660 2005121304  -9999  -9999  -9999  -9999  -9999    0.0  -9999
C0G660 2005121305  -9999  -9999  -9999  -9999  -9999    0.0  -9999
C0G660 2005121306  -9999  -9999  -9999  -9999  -9999    0.0  -9999
C0G660 2005121307  -9999  -9999  -9999  -9999  -9999    0.0  -9999
C0G660 2005121308  -9999  -9999  -9999  -9999  -9999    0.0  -9999
C0G660 2005121309  -9999  -9999  -9999  -9999  -9999    0.0  -9999
C0G660 2005121310  -9999  -9999  -9999  -9999  -9999    0.0  -9999
C0G660 2005121311  -9999  -9999  -9999  -9999  -9999    0.0  -9999
C0G660 2005121312  -9999  -9999  -9999  -9999  -9999    0.0  -9999
C0G660 2005121313  -9999  -9999  -9999  -9999  -9999    0.0  -9999
C0G660 2005121314  -9999  -9999  -9999  -9999  -9999    0.0  -9999
C0G660 2005121315  -9999  -9999  -9999  -9999  -9999    0.0  -9999
C0G660 2005121316  -9999  -9999  -9999  -9999  -9999    0.0  -9999
C0G660 2005121317  -9999  -9999  -9999  -9999  -9999    0.0  -9999
C0G660 2005121318  -9999  -9999  -9999  -9999  -9999    0.0  -9999
C0G660 2005121319  -9999  -9999  -9999  -9999  -9999    0.0  -9999
C0G660 2005121320  -9999  -9999  -9999  -9999  -9999    0.0  -9999
C0G660 2005121321  -9999  -9999  -9999  -9999  -9999    0.0  -9999
C0G660 2005121322  -9999  -9999  -9999  -9999  -9999    0.0  -9999
C0G660 2005121323  -9999  -9999  -9999  -9999  -9999    0.0  -9999
C0G660 2005121324  -9999  -9999  -9999  -9999  -9999    0.0  -9999
C0G660 2005121401  -9999  -9999  -9999  -9999  -9999    0.0  -9999
C0G660 2005121402  -9999  -9999  -9999  -9999  -9999    0.0  -9999
C0G660 2005121403  -9999  -9999  -9999  -9999  -9999    0.0  -9999
C0G660 2005121404  -9999  -9999  -9999  -9999  -9999    0.0  -9999
C0G660 2005121405  -9999  -9999  -9999  -9999  -9999    0.0  -9999
C0G660 2005121406  -9999  -9999  -9999  -9999  -9999    0.0  -9999
C0G660 2005121407  -9999  -9999  -9999  -9999  -9999    0.0  -9999
C0G660 2005121408  -9999  -9999  -9999  -9999  -9999    0.0  -9999
C0G660 2005121409  -9999  -9999  -9999  -9999  -9999    0.0  -9999
C0G660 2005121410  -9999  -9999  -9999  -9999  -9999    0.0  -9999
C0G660 2005121411  -9999  -9999  -9999  -9999  -9999    0.0  -9999
C0G660 2005121412  -9999  -9999  -9999  -9999  -9999    0.0  -9999
C0G660 2005121413  -9999  -9999  -9999  -9999  -9999    0.0  -9999
C0G660 2005121414  -9999  -9999  -9999  -9999  -9999    0.0  -9999
C0G660 2005121415  -9999  -9999  -9999  -9999  -9999    0.0  -9999
C0G660 2005121416  -9999  -9999  -9999  -9999  -9999    0.0  -9999
C0G660 2005121417  -9999  -9999  -9999  -9999  -9999    0.0  -9999
C0G660 2005121418  -9999  -9999  -9999  -9999  -9999    0.0  -9999
C0G660 2005121419  -9999  -9999  -9999  -9999  -9999    0.0  -9999
C0G660 2005121420  -9999  -9999  -9999  -9999  -9999    0.0  -9999
C0G660 2005121421  -9999  -9999  -9999  -9999  -9999    0.0  -9999
C0G660 2005121422  -9999  -9999  -9999  -9999  -9999    0.0  -9999
C0G660 2005121423  -9999  -9999  -9999  -9999  -9999    0.0  -9999
C0G660 2005121424  -9999  -9999  -9999  -9999  -9999    0.0  -9999
C0G660 2005121501  -9999  -9999  -9999  -9999  -9999    0.0  -9999
C0G660 2005121502  -9999  -9999  -9999  -9999  -9999    0.0  -9999
C0G660 2005121503  -9999  -9999  -9999  -9999  -9999    0.0  -9999
C0G660 2005121504  -9999  -9999  -9999  -9999  -9999    0.0  -9999
C0G660 2005121505  -9999  -9999  -9999  -9999  -9999    0.0  -9999
C0G660 2005121506  -9999  -9999  -9999  -9999  -9999    0.0  -9999
C0G660 2005121507  -9999  -9999  -9999  -9999  -9999    0.0  -9999
C0G660 2005121508  -9999  -9999  -9999  -9999  -9999    0.0  -9999
C0G660 2005121509  -9999  -9999  -9999  -9999  -9999    0.0  -9999
C0G660 2005121510  -9999  -9999  -9999  -9999  -9999    0.0  -9999
C0G660 2005121511  -9999  -9999  -9999  -9999  -9999    0.0  -9999
C0G660 2005121512  -9999  -9999  -9999  -9999  -9999    0.0  -9999
C0G660 2005121513  -9999  -9999  -9999  -9999  -9999    0.0  -9999
C0G660 2005121514  -9999  -9999  -9999  -9999  -9999    0.0  -9999
C0G660 2005121515  -9999  -9999  -9999  -9999  -9999    0.0  -9999
C0G660 2005121516  -9999  -9999  -9999  -9999  -9999    0.0  -9999
C0G660 2005121517  -9999  -9999  -9999  -9999  -9999    0.0  -9999
C0G660 2005121518  -9999  -9999  -9999  -9999  -9999    0.0  -9999
C0G660 2005121519  -9999  -9999  -9999  -9999  -9999    0.0  -9999
C0G660 2005121520  -9999  -9999  -9999  -9999  -9999    0.0  -9999
C0G660 2005121521  -9999  -9999  -9999  -9999  -9999    0.0  -9999
C0G660 2005121522  -9999  -9999  -9999  -9999  -9999    0.0  -9999
C0G660 2005121523  -9999  -9999  -9999  -9999  -9999    0.0  -9999
C0G660 2005121524  -9999  -9999  -9999  -9999  -9999    0.0  -9999
C0G660 2005121601  -9999  -9999  -9999  -9999  -9999    0.0  -9999
C0G660 2005121602  -9999  -9999  -9999  -9999  -9999    0.0  -9999
C0G660 2005121603  -9999  -9999  -9999  -9999  -9999    0.0  -9999
C0G660 2005121604  -9999  -9999  -9999  -9999  -9999    0.0  -9999
C0G660 2005121605  -9999  -9999  -9999  -9999  -9999    0.0  -9999
C0G660 2005121606  -9999  -9999  -9999  -9999  -9999    0.0  -9999
C0G660 2005121607  -9999  -9999  -9999  -9999  -9999    0.0  -9999
C0G660 2005121608  -9999  -9999  -9999  -9999  -9999    0.0  -9999
C0G660 2005121609  -9999  -9999  -9999  -9999  -9999    0.0  -9999
C0G660 2005121610  -9999  -9999  -9999  -9999  -9999    0.0  -9999
C0G660 2005121611  -9999  -9999  -9999  -9999  -9999    0.0  -9999
C0G660 2005121612  -9999  -9999  -9999  -9999  -9999    0.0  -9999
C0G660 2005121613  -9999  -9999  -9999  -9999  -9999    0.0  -9999
C0G660 2005121614  -9999  -9999  -9999  -9999  -9999    0.0  -9999
C0G660 2005121615  -9999  -9999  -9999  -9999  -9999    0.0  -9999
C0G660 2005121616  -9999  -9999  -9999  -9999  -9999    0.0  -9999
C0G660 2005121617  -9999  -9999  -9999  -9999  -9999    0.0  -9999
C0G660 2005121618  -9999  -9999  -9999  -9999  -9999    0.0  -9999
C0G660 2005121619  -9999  -9999  -9999  -9999  -9999    0.0  -9999
C0G660 2005121620  -9999  -9999  -9999  -9999  -9999    0.0  -9999
C0G660 2005121621  -9999  -9999  -9999  -9999  -9999    0.0  -9999
C0G660 2005121622  -9999  -9999  -9999  -9999  -9999    0.0  -9999
C0G660 2005121623  -9999  -9999  -9999  -9999  -9999    0.0  -9999
C0G660 2005121624  -9999  -9999  -9999  -9999  -9999    0.0  -9999
C0G660 2005121701  -9999  -9999  -9999  -9999  -9999    0.0  -9999
C0G660 2005121702  -9999  -9999  -9999  -9999  -9999    0.0  -9999
C0G660 2005121703  -9999  -9999  -9999  -9999  -9999    0.0  -9999
C0G660 2005121704  -9999  -9999  -9999  -9999  -9999    0.0  -9999
C0G660 2005121705  -9999  -9999  -9999  -9999  -9999    0.0  -9999
C0G660 2005121706  -9999  -9999  -9999  -9999  -9999    0.0  -9999
C0G660 2005121707  -9999  -9999  -9999  -9999  -9999    0.0  -9999
C0G660 2005121708  -9999  -9999  -9999  -9999  -9999    0.0  -9999
C0G660 2005121709  -9999  -9999  -9999  -9999  -9999    0.0  -9999
C0G660 2005121710  -9999  -9999  -9999  -9999  -9999    0.0  -9999
C0G660 2005121711  -9999  -9999  -9999  -9999  -9999    0.0  -9999
C0G660 2005121712  -9999  -9999  -9999  -9999  -9999    0.0  -9999
C0G660 2005121713  -9999  -9999  -9999  -9999  -9999    0.0  -9999
C0G660 2005121714  -9999  -9999  -9999  -9999  -9999    0.0  -9999
C0G660 2005121715  -9999  -9999  -9999  -9999  -9999    0.0  -9999
C0G660 2005121716  -9999  -9999  -9999  -9999  -9999    0.0  -9999
C0G660 2005121717  -9999  -9999  -9999  -9999  -9999    0.0  -9999
C0G660 2005121718  -9999  -9999  -9999  -9999  -9999    0.0  -9999
C0G660 2005121719  -9999  -9999  -9999  -9999  -9999    0.0  -9999
C0G660 2005121720  -9999  -9999  -9999  -9999  -9999    0.0  -9999
C0G660 2005121721  -9999  -9999  -9999  -9999  -9999    0.0  -9999
C0G660 2005121722  -9999  -9999  -9999  -9999  -9999    0.0  -9999
C0G660 2005121723  -9999  -9999  -9999  -9999  -9999    0.0  -9999
C0G660 2005121724  -9999  -9999  -9999  -9999  -9999    0.0  -9999
C0G660 2005121801  -9999  -9999  -9999  -9999  -9999    0.0  -9999
C0G660 2005121802  -9999  -9999  -9999  -9999  -9999    0.0  -9999
C0G660 2005121803  -9999  -9999  -9999  -9999  -9999    0.0  -9999
C0G660 2005121804  -9999  -9999  -9999  -9999  -9999    0.0  -9999
C0G660 2005121805  -9999  -9999  -9999  -9999  -9999    0.0  -9999
C0G660 2005121806  -9999  -9999  -9999  -9999  -9999    0.0  -9999
C0G660 2005121807  -9999  -9999  -9999  -9999  -9999    0.0  -9999
C0G660 2005121808  -9999  -9999  -9999  -9999  -9999    0.0  -9999
C0G660 2005121809  -9999  -9999  -9999  -9999  -9999    0.0  -9999
C0G660 2005121810  -9999  -9999  -9999  -9999  -9999    0.0  -9999
C0G660 2005121811  -9999  -9999  -9999  -9999  -9999    0.0  -9999
C0G660 2005121812  -9999  -9999  -9999  -9999  -9999    0.0  -9999
C0G660 2005121813  -9999  -9999  -9999  -9999  -9999    0.0  -9999
C0G660 2005121814  -9999  -9999  -9999  -9999  -9999    0.0  -9999
C0G660 2005121815  -9999  -9999  -9999  -9999  -9999    0.0  -9999
C0G660 2005121816  -9999  -9999  -9999  -9999  -9999    0.0  -9999
C0G660 2005121817  -9999  -9999  -9999  -9999  -9999    0.0  -9999
C0G660 2005121818  -9999  -9999  -9999  -9999  -9999    0.0  -9999
C0G660 2005121819  -9999  -9999  -9999  -9999  -9999    0.0  -9999
C0G660 2005121820  -9999  -9999  -9999  -9999  -9999    0.0  -9999
C0G660 2005121821  -9999  -9999  -9999  -9999  -9999    0.0  -9999
C0G660 2005121822  -9999  -9999  -9999  -9999  -9999    0.0  -9999
C0G660 2005121823  -9999  -9999  -9999  -9999  -9999    0.0  -9999
C0G660 2005121824  -9999  -9999  -9999  -9999  -9999    0.0  -9999
C0G660 2005121901  -9999  -9999  -9999  -9999  -9999    0.0  -9999
C0G660 2005121902  -9999  -9999  -9999  -9999  -9999    0.0  -9999
C0G660 2005121903  -9999  -9999  -9999  -9999  -9999    0.0  -9999
C0G660 2005121904  -9999  -9999  -9999  -9999  -9999    0.0  -9999
C0G660 2005121905  -9999  -9999  -9999  -9999  -9999    0.0  -9999
C0G660 2005121906  -9999  -9999  -9999  -9999  -9999    0.0  -9999
C0G660 2005121907  -9999  -9999  -9999  -9999  -9999    0.0  -9999
C0G660 2005121908  -9999  -9999  -9999  -9999  -9999    0.0  -9999
C0G660 2005121909  -9999  -9999  -9999  -9999  -9999    0.0  -9999
C0G660 2005121910  -9999  -9999  -9999  -9999  -9999    0.0  -9999
C0G660 2005121911  -9999  -9999  -9999  -9999  -9999    0.0  -9999
C0G660 2005121912  -9999  -9999  -9999  -9999  -9999    0.0  -9999
C0G660 2005121913  -9999  -9999  -9999  -9999  -9999    0.0  -9999
C0G660 2005121914  -9999  -9999  -9999  -9999  -9999    0.0  -9999
C0G660 2005121915  -9999  -9999  -9999  -9999  -9999    0.0  -9999
C0G660 2005121916  -9999  -9999  -9999  -9999  -9999    0.0  -9999
C0G660 2005121917  -9999  -9999  -9999  -9999  -9999    0.0  -9999
C0G660 2005121918  -9999  -9999  -9999  -9999  -9999    0.0  -9999
C0G660 2005121919  -9999  -9999  -9999  -9999  -9999    0.0  -9999
C0G660 2005121920  -9999  -9999  -9999  -9999  -9999    0.0  -9999
C0G660 2005121921  -9999  -9999  -9999  -9999  -9999    0.0  -9999
C0G660 2005121922  -9999  -9999  -9999  -9999  -9999    0.0  -9999
C0G660 2005121923  -9999  -9999  -9999  -9999  -9999    0.0  -9999
C0G660 2005121924  -9999  -9999  -9999  -9999  -9999    0.0  -9999
C0G660 2005122001  -9999  -9999  -9999  -9999  -9999    0.0  -9999
C0G660 2005122002  -9999  -9999  -9999  -9999  -9999    0.0  -9999
C0G660 2005122003  -9999  -9999  -9999  -9999  -9999    0.0  -9999
C0G660 2005122004  -9999  -9999  -9999  -9999  -9999    0.0  -9999
C0G660 2005122005  -9999  -9999  -9999  -9999  -9999    0.0  -9999
C0G660 2005122006  -9999  -9999  -9999  -9999  -9999    0.0  -9999
C0G660 2005122007  -9999  -9999  -9999  -9999  -9999    0.0  -9999
C0G660 2005122008  -9999  -9999  -9999  -9999  -9999    0.0  -9999
C0G660 2005122009  -9999  -9999  -9999  -9999  -9999    0.0  -9999
C0G660 2005122010  -9999  -9999  -9999  -9999  -9999    0.0  -9999
C0G660 2005122011  -9999  -9999  -9999  -9999  -9999    0.0  -9999
C0G660 2005122012  -9999  -9999  -9999  -9999  -9999    0.0  -9999
C0G660 2005122013  -9999  -9999  -9999  -9999  -9999    0.0  -9999
C0G660 2005122014  -9999  -9999  -9999  -9999  -9999    0.0  -9999
C0G660 2005122015  -9999  -9999  -9999  -9999  -9999    0.0  -9999
C0G660 2005122016  -9999  -9999  -9999  -9999  -9999    0.0  -9999
C0G660 2005122017  -9999  -9999  -9999  -9999  -9999    0.0  -9999
C0G660 2005122018  -9999  -9999  -9999  -9999  -9999    0.0  -9999
C0G660 2005122019  -9999  -9999  -9999  -9999  -9999    0.0  -9999
C0G660 2005122020  -9999  -9999  -9999  -9999  -9999    0.0  -9999
C0G660 2005122021  -9999  -9999  -9999  -9999  -9999    0.0  -9999
C0G660 2005122022  -9999  -9999  -9999  -9999  -9999    0.0  -9999
C0G660 2005122023  -9999  -9999  -9999  -9999  -9999    0.0  -9999
C0G660 2005122024  -9999  -9999  -9999  -9999  -9999    0.0  -9999
C0G660 2005122101  -9999  -9999  -9999  -9999  -9999    0.0  -9999
C0G660 2005122102  -9999  -9999  -9999  -9999  -9999    0.0  -9999
C0G660 2005122103  -9999  -9999  -9999  -9999  -9999    0.0  -9999
C0G660 2005122104  -9999  -9999  -9999  -9999  -9999    0.0  -9999
C0G660 2005122105  -9999  -9999  -9999  -9999  -9999    0.0  -9999
C0G660 2005122106  -9999  -9999  -9999  -9999  -9999    0.0  -9999
C0G660 2005122107  -9999  -9999  -9999  -9999  -9999    0.0  -9999
C0G660 2005122108  -9999  -9999  -9999  -9999  -9999    0.0  -9999
C0G660 2005122109  -9999  -9999  -9999  -9999  -9999    0.0  -9999
C0G660 2005122110  -9999  -9999  -9999  -9999  -9999    0.0  -9999
C0G660 2005122111  -9999  -9999  -9999  -9999  -9999    0.0  -9999
C0G660 2005122112  -9999  -9999  -9999  -9999  -9999    0.0  -9999
C0G660 2005122113  -9999  -9999  -9999  -9999  -9999    0.0  -9999
C0G660 2005122114  -9999  -9999  -9999  -9999  -9999    0.0  -9999
C0G660 2005122115  -9999  -9999  -9999  -9999  -9999    0.0  -9999
C0G660 2005122116  -9999  -9999  -9999  -9999  -9999    0.0  -9999
C0G660 2005122117  -9999  -9999  -9999  -9999  -9999    0.0  -9999
C0G660 2005122118  -9999  -9999  -9999  -9999  -9999    0.0  -9999
C0G660 2005122119  -9999  -9999  -9999  -9999  -9999    0.0  -9999
C0G660 2005122120  -9999  -9999  -9999  -9999  -9999    0.0  -9999
C0G660 2005122121  -9999  -9999  -9999  -9999  -9999    0.0  -9999
C0G660 2005122122  -9999  -9999  -9999  -9999  -9999    0.0  -9999
C0G660 2005122123  -9999  -9999  -9999  -9999  -9999    0.0  -9999
C0G660 2005122124  -9999  -9999  -9999  -9999  -9999    0.0  -9999
C0G660 2005122201  -9999  -9999  -9999  -9999  -9999    0.0  -9999
C0G660 2005122202  -9999  -9999  -9999  -9999  -9999    0.0  -9999
C0G660 2005122203  -9999  -9999  -9999  -9999  -9999    0.0  -9999
C0G660 2005122204  -9999  -9999  -9999  -9999  -9999    0.0  -9999
C0G660 2005122205  -9999  -9999  -9999  -9999  -9999    0.0  -9999
C0G660 2005122206  -9999  -9999  -9999  -9999  -9999    0.0  -9999
C0G660 2005122207  -9999  -9999  -9999  -9999  -9999    0.0  -9999
C0G660 2005122208  -9999  -9999  -9999  -9999  -9999    0.0  -9999
C0G660 2005122209  -9999  -9999  -9999  -9999  -9999    0.0  -9999
C0G660 2005122210  -9999  -9999  -9999  -9999  -9999    0.0  -9999
C0G660 2005122211  -9999  -9999  -9999  -9999  -9999    0.0  -9999
C0G660 2005122212  -9999  -9999  -9999  -9999  -9999    0.0  -9999
C0G660 2005122213  -9999  -9999  -9999  -9999  -9999    0.0  -9999
C0G660 2005122214  -9999  -9999  -9999  -9999  -9999    0.0  -9999
C0G660 2005122215  -9999  -9999  -9999  -9999  -9999    0.0  -9999
C0G660 2005122216  -9999  -9999  -9999  -9999  -9999    0.0  -9999
C0G660 2005122217  -9999  -9999  -9999  -9999  -9999    0.0  -9999
C0G660 2005122218  -9999  -9999  -9999  -9999  -9999    0.0  -9999
C0G660 2005122219  -9999  -9999  -9999  -9999  -9999    0.0  -9999
C0G660 2005122220  -9999  -9999  -9999  -9999  -9999    0.0  -9999
C0G660 2005122221  -9999  -9999  -9999  -9999  -9999    0.0  -9999
C0G660 2005122222  -9999  -9999  -9999  -9999  -9999    0.0  -9999
C0G660 2005122223  -9999  -9999  -9999  -9999  -9999    0.0  -9999
C0G660 2005122224  -9999  -9999  -9999  -9999  -9999    0.0  -9999
C0G660 2005122301  -9999  -9999  -9999  -9999  -9999    0.0  -9999
C0G660 2005122302  -9999  -9999  -9999  -9999  -9999    0.0  -9999
C0G660 2005122303  -9999  -9999  -9999  -9999  -9999    0.0  -9999
C0G660 2005122304  -9999  -9999  -9999  -9999  -9999    0.0  -9999
C0G660 2005122305  -9999  -9999  -9999  -9999  -9999    0.0  -9999
C0G660 2005122306  -9999  -9999  -9999  -9999  -9999    0.0  -9999
C0G660 2005122307  -9999  -9999  -9999  -9999  -9999    0.0  -9999
C0G660 2005122308  -9999  -9999  -9999  -9999  -9999    0.0  -9999
C0G660 2005122309  -9999  -9999  -9999  -9999  -9999    0.0  -9999
C0G660 2005122310  -9999  -9999  -9999  -9999  -9999    0.0  -9999
C0G660 2005122311  -9999  -9999  -9999  -9999  -9999    0.0  -9999
C0G660 2005122312  -9999  -9999  -9999  -9999  -9999    0.0  -9999
C0G660 2005122313  -9999  -9999  -9999  -9999  -9999    0.0  -9999
C0G660 2005122314  -9999  -9999  -9999  -9999  -9999    0.0  -9999
C0G660 2005122315  -9999  -9999  -9999  -9999  -9999    0.0  -9999
C0G660 2005122316  -9999  -9999  -9999  -9999  -9999    0.0  -9999
C0G660 2005122317  -9999  -9999  -9999  -9999  -9999    0.0  -9999
C0G660 2005122318  -9999  -9999  -9999  -9999  -9999    0.0  -9999
C0G660 2005122319  -9999  -9999  -9999  -9999  -9999    0.0  -9999
C0G660 2005122320  -9999  -9999  -9999  -9999  -9999    0.0  -9999
C0G660 2005122321  -9999  -9999  -9999  -9999  -9999    0.0  -9999
C0G660 2005122322  -9999  -9999  -9999  -9999  -9999    0.0  -9999
C0G660 2005122323  -9999  -9999  -9999  -9999  -9999    0.0  -9999
C0G660 2005122324  -9999  -9999  -9999  -9999  -9999    0.0  -9999
C0G660 2005122401  -9999  -9999  -9999  -9999  -9999    0.0  -9999
C0G660 2005122402  -9999  -9999  -9999  -9999  -9999    0.0  -9999
C0G660 2005122403  -9999  -9999  -9999  -9999  -9999    0.0  -9999
C0G660 2005122404  -9999  -9999  -9999  -9999  -9999    0.0  -9999
C0G660 2005122405  -9999  -9999  -9999  -9999  -9999    0.0  -9999
C0G660 2005122406  -9999  -9999  -9999  -9999  -9999    0.0  -9999
C0G660 2005122407  -9999  -9999  -9999  -9999  -9999    0.0  -9999
C0G660 2005122408  -9999  -9999  -9999  -9999  -9999    0.0  -9999
C0G660 2005122409  -9999  -9999  -9999  -9999  -9999    0.0  -9999
C0G660 2005122410  -9999  -9999  -9999  -9999  -9999    0.0  -9999
C0G660 2005122411  -9999  -9999  -9999  -9999  -9999    0.0  -9999
C0G660 2005122412  -9999  -9999  -9999  -9999  -9999    0.0  -9999
C0G660 2005122413  -9999  -9999  -9999  -9999  -9999    0.0  -9999
C0G660 2005122414  -9999  -9999  -9999  -9999  -9999    0.0  -9999
C0G660 2005122415  -9999  -9999  -9999  -9999  -9999    0.0  -9999
C0G660 2005122416  -9999  -9999  -9999  -9999  -9999    0.0  -9999
C0G660 2005122417  -9999  -9999  -9999  -9999  -9999    0.0  -9999
C0G660 2005122418  -9999  -9999  -9999  -9999  -9999    0.0  -9999
C0G660 2005122419  -9999  -9999  -9999  -9999  -9999    0.0  -9999
C0G660 2005122420  -9999  -9999  -9999  -9999  -9999    0.0  -9999
C0G660 2005122421  -9999  -9999  -9999  -9999  -9999    0.0  -9999
C0G660 2005122422  -9999  -9999  -9999  -9999  -9999    0.0  -9999
C0G660 2005122423  -9999  -9999  -9999  -9999  -9999    0.0  -9999
C0G660 2005122424  -9999  -9999  -9999  -9999  -9999    0.0  -9999
C0G660 2005122501  -9999  -9999  -9999  -9999  -9999    0.0  -9999
C0G660 2005122502  -9999  -9999  -9999  -9999  -9999    0.0  -9999
C0G660 2005122503  -9999  -9999  -9999  -9999  -9999    0.0  -9999
C0G660 2005122504  -9999  -9999  -9999  -9999  -9999    0.0  -9999
C0G660 2005122505  -9999  -9999  -9999  -9999  -9999    0.0  -9999
C0G660 2005122506  -9999  -9999  -9999  -9999  -9999    0.0  -9999
C0G660 2005122507  -9999  -9999  -9999  -9999  -9999    0.0  -9999
C0G660 2005122508  -9999  -9999  -9999  -9999  -9999    0.0  -9999
C0G660 2005122509  -9999  -9999  -9999  -9999  -9999    0.0  -9999
C0G660 2005122510  -9999  -9999  -9999  -9999  -9999    0.0  -9999
C0G660 2005122511  -9999  -9999  -9999  -9999  -9999    0.0  -9999
C0G660 2005122512  -9999  -9999  -9999  -9999  -9999    0.0  -9999
C0G660 2005122513  -9999  -9999  -9999  -9999  -9999    0.0  -9999
C0G660 2005122514  -9999  -9999  -9999  -9999  -9999    0.0  -9999
C0G660 2005122515  -9999  -9999  -9999  -9999  -9999    0.0  -9999
C0G660 2005122516  -9999  -9999  -9999  -9999  -9999    0.0  -9999
C0G660 2005122517  -9999  -9999  -9999  -9999  -9999    0.0  -9999
C0G660 2005122518  -9999  -9999  -9999  -9999  -9999    0.0  -9999
C0G660 2005122519  -9999  -9999  -9999  -9999  -9999    0.0  -9999
C0G660 2005122520  -9999  -9999  -9999  -9999  -9999    0.0  -9999
C0G660 2005122521  -9999  -9999  -9999  -9999  -9999    0.0  -9999
C0G660 2005122522  -9999  -9999  -9999  -9999  -9999    0.0  -9999
C0G660 2005122523  -9999  -9999  -9999  -9999  -9999    0.0  -9999
C0G660 2005122524  -9999  -9999  -9999  -9999  -9999    0.0  -9999
C0G660 2005122601  -9999  -9999  -9999  -9999  -9999    0.0  -9999
C0G660 2005122602  -9999  -9999  -9999  -9999  -9999    0.0  -9999
C0G660 2005122603  -9999  -9999  -9999  -9999  -9999    0.0  -9999
C0G660 2005122604  -9999  -9999  -9999  -9999  -9999    0.0  -9999
C0G660 2005122605  -9999  -9999  -9999  -9999  -9999    0.0  -9999
C0G660 2005122606  -9999  -9999  -9999  -9999  -9999    0.0  -9999
C0G660 2005122607  -9999  -9999  -9999  -9999  -9999    0.0  -9999
C0G660 2005122608  -9999  -9999  -9999  -9999  -9999    0.0  -9999
C0G660 2005122609  -9999  -9999  -9999  -9999  -9999    0.0  -9999
C0G660 2005122610  -9999  -9999  -9999  -9999  -9999    0.0  -9999
C0G660 2005122611  -9999  -9999  -9999  -9999  -9999    0.0  -9999
C0G660 2005122612  -9999  -9999  -9999  -9999  -9999    0.0  -9999
C0G660 2005122613  -9999  -9999  -9999  -9999  -9999    0.0  -9999
C0G660 2005122614  -9999  -9999  -9999  -9999  -9999    0.0  -9999
C0G660 2005122615  -9999  -9999  -9999  -9999  -9999  -9996  -9999
C0G660 2005122616  -9999  -9999  -9999  -9999  -9999  -9996  -9999
C0G660 2005122617  -9999  -9999  -9999  -9999  -9999    0.0  -9999
C0G660 2005122618  -9999  -9999  -9999  -9999  -9999    0.0  -9999
C0G660 2005122619  -9999  -9999  -9999  -9999  -9999    0.0  -9999
C0G660 2005122620  -9999  -9999  -9999  -9999  -9999    0.0  -9999
C0G660 2005122621  -9999  -9999  -9999  -9999  -9999    0.0  -9999
C0G660 2005122622  -9999  -9999  -9999  -9999  -9999    0.0  -9999
C0G660 2005122623  -9999  -9999  -9999  -9999  -9999    0.0  -9999
C0G660 2005122624  -9999  -9999  -9999  -9999  -9999    0.0  -9999
C0G660 2005122701  -9999  -9999  -9999  -9999  -9999    0.0  -9999
C0G660 2005122702  -9999  -9999  -9999  -9999  -9999    0.0  -9999
C0G660 2005122703  -9999  -9999  -9999  -9999  -9999    0.0  -9999
C0G660 2005122704  -9999  -9999  -9999  -9999  -9999    0.0  -9999
C0G660 2005122705  -9999  -9999  -9999  -9999  -9999    0.0  -9999
C0G660 2005122706  -9999  -9999  -9999  -9999  -9999    0.0  -9999
C0G660 2005122707  -9999  -9999  -9999  -9999  -9999    0.0  -9999
C0G660 2005122708  -9999  -9999  -9999  -9999  -9999    0.0  -9999
C0G660 2005122709  -9999  -9999  -9999  -9999  -9999    0.0  -9999
C0G660 2005122710  -9999  -9999  -9999  -9999  -9999    0.0  -9999
C0G660 2005122711  -9999  -9999  -9999  -9999  -9999    0.0  -9999
C0G660 2005122712  -9999  -9999  -9999  -9999  -9999    0.0  -9999
C0G660 2005122713  -9999  -9999  -9999  -9999  -9999    0.0  -9999
C0G660 2005122714  -9999  -9999  -9999  -9999  -9999    0.0  -9999
C0G660 2005122715  -9999  -9999  -9999  -9999  -9999    0.0  -9999
C0G660 2005122716  -9999  -9999  -9999  -9999  -9999    0.0  -9999
C0G660 2005122717  -9999  -9999  -9999  -9999  -9999    0.0  -9999
C0G660 2005122718  -9999  -9999  -9999  -9999  -9999    0.0  -9999
C0G660 2005122719  -9999  -9999  -9999  -9999  -9999    0.0  -9999
C0G660 2005122720  -9999  -9999  -9999  -9999  -9999    0.0  -9999
C0G660 2005122721  -9999  -9999  -9999  -9999  -9999    0.0  -9999
C0G660 2005122722  -9999  -9999  -9999  -9999  -9999    0.0  -9999
C0G660 2005122723  -9999  -9999  -9999  -9999  -9999    0.0  -9999
C0G660 2005122724  -9999  -9999  -9999  -9999  -9999    0.0  -9999
C0G660 2005122801  -9999  -9999  -9999  -9999  -9999    0.0  -9999
C0G660 2005122802  -9999  -9999  -9999  -9999  -9999    0.0  -9999
C0G660 2005122803  -9999  -9999  -9999  -9999  -9999    0.0  -9999
C0G660 2005122804  -9999  -9999  -9999  -9999  -9999    0.0  -9999
C0G660 2005122805  -9999  -9999  -9999  -9999  -9999    0.0  -9999
C0G660 2005122806  -9999  -9999  -9999  -9999  -9999    0.0  -9999
C0G660 2005122807  -9999  -9999  -9999  -9999  -9999    0.0  -9999
C0G660 2005122808  -9999  -9999  -9999  -9999  -9999    0.0  -9999
C0G660 2005122809  -9999  -9999  -9999  -9999  -9999    0.0  -9999
C0G660 2005122810  -9999  -9999  -9999  -9999  -9999    0.0  -9999
C0G660 2005122811  -9999  -9999  -9999  -9999  -9999    0.0  -9999
C0G660 2005122812  -9999  -9999  -9999  -9999  -9999    0.0  -9999
C0G660 2005122813  -9999  -9999  -9999  -9999  -9999    0.0  -9999
C0G660 2005122814  -9999  -9999  -9999  -9999  -9999  -9996  -9999
C0G660 2005122815  -9999  -9999  -9999  -9999  -9999    1.0  -9999
C0G660 2005122816  -9999  -9999  -9999  -9999  -9999    2.0  -9999
C0G660 2005122817  -9999  -9999  -9999  -9999  -9999    1.0  -9999
C0G660 2005122818  -9999  -9999  -9999  -9999  -9999    1.0  -9999
C0G660 2005122819  -9999  -9999  -9999  -9999  -9999    1.0  -9999
C0G660 2005122820  -9999  -9999  -9999  -9999  -9999    0.5  -9999
C0G660 2005122821  -9999  -9999  -9999  -9999  -9999    0.5  -9999
C0G660 2005122822  -9999  -9999  -9999  -9999  -9999  -9996  -9999
C0G660 2005122823  -9999  -9999  -9999  -9999  -9999    1.0  -9999
C0G660 2005122824  -9999  -9999  -9999  -9999  -9999  -9996  -9999
C0G660 2005122901  -9999  -9999  -9999  -9999  -9999    0.5  -9999
C0G660 2005122902  -9999  -9999  -9999  -9999  -9999    0.0  -9999
C0G660 2005122903  -9999  -9999  -9999  -9999  -9999    0.0  -9999
C0G660 2005122904  -9999  -9999  -9999  -9999  -9999    0.0  -9999
C0G660 2005122905  -9999  -9999  -9999  -9999  -9999    0.5  -9999
C0G660 2005122906  -9999  -9999  -9999  -9999  -9999    0.0  -9999
C0G660 2005122907  -9999  -9999  -9999  -9999  -9999    0.0  -9999
C0G660 2005122908  -9999  -9999  -9999  -9999  -9999    0.0  -9999
C0G660 2005122909  -9999  -9999  -9999  -9999  -9999    0.0  -9999
C0G660 2005122910  -9999  -9999  -9999  -9999  -9999    0.0  -9999
C0G660 2005122911  -9999  -9999  -9999  -9999  -9999    0.0  -9999
C0G660 2005122912  -9999  -9999  -9999  -9999  -9999    0.0  -9999
C0G660 2005122913  -9999  -9999  -9999  -9999  -9999    0.0  -9999
C0G660 2005122914  -9999  -9999  -9999  -9999  -9999    0.0  -9999
C0G660 2005122915  -9999  -9999  -9999  -9999  -9999    0.0  -9999
C0G660 2005122916  -9999  -9999  -9999  -9999  -9999    0.0  -9999
C0G660 2005122917  -9999  -9999  -9999  -9999  -9999    0.0  -9999
C0G660 2005122918  -9999  -9999  -9999  -9999  -9999    0.0  -9999
C0G660 2005122919  -9999  -9999  -9999  -9999  -9999    0.0  -9999
C0G660 2005122920  -9999  -9999  -9999  -9999  -9999    0.0  -9999
C0G660 2005122921  -9999  -9999  -9999  -9999  -9999    0.5  -9999
C0G660 2005122922  -9999  -9999  -9999  -9999  -9999    0.0  -9999
C0G660 2005122923  -9999  -9999  -9999  -9999  -9999    0.0  -9999
C0G660 2005122924  -9999  -9999  -9999  -9999  -9999    0.0  -9999
C0G660 2005123001  -9999  -9999  -9999  -9999  -9999    0.0  -9999
C0G660 2005123002  -9999  -9999  -9999  -9999  -9999    0.0  -9999
C0G660 2005123003  -9999  -9999  -9999  -9999  -9999    0.0  -9999
C0G660 2005123004  -9999  -9999  -9999  -9999  -9999    0.0  -9999
C0G660 2005123005  -9999  -9999  -9999  -9999  -9999    0.0  -9999
C0G660 2005123006  -9999  -9999  -9999  -9999  -9999    0.0  -9999
C0G660 2005123007  -9999  -9999  -9999  -9999  -9999    0.0  -9999
C0G660 2005123008  -9999  -9999  -9999  -9999  -9999    0.0  -9999
C0G660 2005123009  -9999  -9999  -9999  -9999  -9999    0.0  -9999
C0G660 2005123010  -9999  -9999  -9999  -9999  -9999    0.0  -9999
C0G660 2005123011  -9999  -9999  -9999  -9999  -9999    0.0  -9999
C0G660 2005123012  -9999  -9999  -9999  -9999  -9999    0.0  -9999
C0G660 2005123013  -9999  -9999  -9999  -9999  -9999    0.0  -9999
C0G660 2005123014  -9999  -9999  -9999  -9999  -9999    0.0  -9999
C0G660 2005123015  -9999  -9999  -9999  -9999  -9999    0.0  -9999
C0G660 2005123016  -9999  -9999  -9999  -9999  -9999    0.0  -9999
C0G660 2005123017  -9999  -9999  -9999  -9999  -9999    0.0  -9999
C0G660 2005123018  -9999  -9999  -9999  -9999  -9999    0.0  -9999
C0G660 2005123019  -9999  -9999  -9999  -9999  -9999    0.0  -9999
C0G660 2005123020  -9999  -9999  -9999  -9999  -9999    0.0  -9999
C0G660 2005123021  -9999  -9999  -9999  -9999  -9999    0.0  -9999
C0G660 2005123022  -9999  -9999  -9999  -9999  -9999    0.0  -9999
C0G660 2005123023  -9999  -9999  -9999  -9999  -9999    0.0  -9999
C0G660 2005123024  -9999  -9999  -9999  -9999  -9999    0.0  -9999
C0G660 2005123101  -9999  -9999  -9999  -9999  -9999    0.0  -9999
C0G660 2005123102  -9999  -9999  -9999  -9999  -9999    0.0  -9999
C0G660 2005123103  -9999  -9999  -9999  -9999  -9999    0.0  -9999
C0G660 2005123104  -9999  -9999  -9999  -9999  -9999    0.0  -9999
C0G660 2005123105  -9999  -9999  -9999  -9999  -9999    0.0  -9999
C0G660 2005123106  -9999  -9999  -9999  -9999  -9999    0.0  -9999
C0G660 2005123107  -9999  -9999  -9999  -9999  -9999    0.0  -9999
C0G660 2005123108  -9999  -9999  -9999  -9999  -9999    0.0  -9999
C0G660 2005123109  -9999  -9999  -9999  -9999  -9999    0.0  -9999
C0G660 2005123110  -9999  -9999  -9999  -9999  -9999    0.0  -9999
C0G660 2005123111  -9999  -9999  -9999  -9999  -9999    0.0  -9999
C0G660 2005123112  -9999  -9999  -9999  -9999  -9999    0.0  -9999
C0G660 2005123113  -9999  -9999  -9999  -9999  -9999    0.0  -9999
C0G660 2005123114  -9999  -9999  -9999  -9999  -9999    0.0  -9999
C0G660 2005123115  -9999  -9999  -9999  -9999  -9999    0.0  -9999
C0G660 2005123116  -9999  -9999  -9999  -9999  -9999    0.0  -9999
C0G660 2005123117  -9999  -9999  -9999  -9999  -9999    0.0  -9999
C0G660 2005123118  -9999  -9999  -9999  -9999  -9999    0.0  -9999
C0G660 2005123119  -9999  -9999  -9999  -9999  -9999    0.0  -9999
C0G660 2005123120  -9999  -9999  -9999  -9999  -9999    0.0  -9999
C0G660 2005123121  -9999  -9999  -9999  -9999  -9999    0.0  -9999
C0G660 2005123122  -9999  -9999  -9999  -9999  -9999    0.0  -9999
C0G660 2005123123  -9999  -9999  -9999  -9999  -9999    0.0  -9999
C0G660 2005123124  -9999  -9999  -9999  -9999  -9999    0.0  -9999
