C0G650 2005040101 18.3 -9997 0.0 0.0
C0G650 2005040102 18.4 -9997 0.0 0.0
C0G650 2005040103 18.8 -9997 0.0 0.0
C0G650 2005040104 18.7 -9997 0.0 0.0
C0G650 2005040105 19.0 -9997 0.0 0.0
C0G650 2005040106 19.0 -9997 0.0 0.0
C0G650 2005040107 18.4 -9997 0.0 0.0
C0G650 2005040108 19.7 -9997 0.1 0.0
C0G650 2005040109 19.6 -9997 0.3 0.0
C0G650 2005040110 20.1 -9997 0.1 0.5
C0G650 2005040111 20.6 -9997 0.0 0.5
C0G650 2005040112 21.1 -9997 0.0 0.5
C0G650 2005040113 22.3 -9997 0.2 0.0
C0G650 2005040114 22.1 -9997 1.0 0.0
C0G650 2005040115 22.0 -9997 0.4 0.0
C0G650 2005040116 22.6 -9997 0.2 0.0
C0G650 2005040117 21.9 -9997 0.3 0.0
C0G650 2005040118 21.1 -9997 0.3 0.0
C0G650 2005040119 19.6 -9997 0.0 0.0
C0G650 2005040120 19.4 -9997 0.0 0.0
C0G650 2005040121 19.6 -9997 0.0 0.0
C0G650 2005040122 20.0 -9997 0.0 0.0
C0G650 2005040123 19.4 -9997 0.7 0.0
C0G650 2005040124 19.6 -9997 0.7 0.0
C0G650 2005040201 18.9 -9997 0.0 1.0
C0G650 2005040202 18.7 -9997 0.0 0.5
C0G650 2005040203 18.7 -9997 0.0 1.0
C0G650 2005040204 18.7 -9997 0.0 0.0
C0G650 2005040205 18.5 -9997 0.0 0.0
C0G650 2005040206 18.4 -9997 0.0 0.0
C0G650 2005040207 18.8 -9997 0.0 0.0
C0G650 2005040208 19.3 -9997 1.5 0.0
C0G650 2005040209 19.6 -9997 0.6 0.0
C0G650 2005040210 20.1 -9997 0.0 0.0
C0G650 2005040211 20.9 -9997 0.4 0.0
C0G650 2005040212 22.9 -9997 0.9 0.0
C0G650 2005040213 24.2 -9997 0.6 0.0
C0G650 2005040214 24.9 -9997 1.1 0.0
C0G650 2005040215 24.5 -9997 1.4 0.0
C0G650 2005040216 23.6 -9997 1.4 0.0
C0G650 2005040217 21.9 -9997 2.5 0.0
C0G650 2005040218 20.3 -9997 2.6 0.0
C0G650 2005040219 19.6 -9997 0.8 0.0
C0G650 2005040220 19.5 -9997 0.1 0.0
C0G650 2005040221 18.9 -9997 0.2 0.0
C0G650 2005040222 18.0 -9997 0.0 0.0
C0G650 2005040223 17.9 -9997 0.0 0.0
C0G650 2005040224 17.6 -9997 0.0 0.0
C0G650 2005040301 16.9 -9997 0.0 0.0
C0G650 2005040302 16.7 -9997 0.0 0.0
C0G650 2005040303 16.3 -9997 0.0 0.0
C0G650 2005040304 16.5 -9997 0.0 0.0
C0G650 2005040305 16.7 -9997 0.0 0.0
C0G650 2005040306 17.1 -9997 0.0 0.0
C0G650 2005040307 17.7 -9997 0.1 0.0
C0G650 2005040308 19.1 -9997 0.0 0.0
C0G650 2005040309 21.3 -9997 1.0 0.0
C0G650 2005040310 23.7 -9997 0.9 0.0
C0G650 2005040311 24.7 -9997 1.1 0.0
C0G650 2005040312 27.0 -9997 0.6 0.0
C0G650 2005040313 26.8 -9997 1.2 0.0
C0G650 2005040314 27.9 -9997 1.6 0.0
C0G650 2005040315 26.4 -9997 2.1 0.0
C0G650 2005040316 24.4 -9997 0.1 0.0
C0G650 2005040317 24.7 -9997 0.8 0.0
C0G650 2005040318 23.6 -9997 0.4 0.0
C0G650 2005040319 22.4 -9997 0.1 0.0
C0G650 2005040320 20.5 -9997 0.0 0.0
C0G650 2005040321 19.1 -9997 0.2 0.0
C0G650 2005040322 18.2 -9997 0.0 0.0
C0G650 2005040323 18.1 -9997 0.0 0.0
C0G650 2005040324 17.6 -9997 0.0 0.0
C0G650 2005040401 17.1 -9997 0.3 0.0
C0G650 2005040402 16.4 -9997 0.0 0.0
C0G650 2005040403 16.3 -9997 0.1 0.0
C0G650 2005040404 15.7 -9997 0.0 0.0
C0G650 2005040405 15.6 -9997 0.4 0.0
C0G650 2005040406 15.3 -9997 0.0 0.0
C0G650 2005040407 15.8 -9997 0.3 0.0
C0G650 2005040408 17.1 -9997 0.3 0.0
C0G650 2005040409 20.9 -9997 0.0 0.0
C0G650 2005040410 23.5 -9997 0.2 0.0
C0G650 2005040411 24.4 -9997 0.2 0.0
C0G650 2005040412 26.3 -9997 0.8 0.0
C0G650 2005040413 26.2 -9997 1.1 0.0
C0G650 2005040414 25.8 -9997 1.3 0.0
C0G650 2005040415 25.0 -9997 0.9 0.0
C0G650 2005040416 24.3 -9997 0.4 0.0
C0G650 2005040417 23.0 -9997 0.6 0.0
C0G650 2005040418 21.5 -9997 0.4 0.0
C0G650 2005040419 20.5 -9997 0.0 0.0
C0G650 2005040420 20.0 -9997 0.0 0.0
C0G650 2005040421 18.6 -9997 0.0 0.0
C0G650 2005040422 17.6 -9997 0.0 0.0
C0G650 2005040423 17.2 -9997 -9997 0.0
C0G650 2005040424 17.3 -9997 0.0 0.0
C0G650 2005040501 17.1 -9997 -9997 0.0
C0G650 2005040502 16.4 -9997 0.0 0.0
C0G650 2005040503 16.1 -9997 0.0 0.0
C0G650 2005040504 15.8 -9997 0.0 0.0
C0G650 2005040505 15.7 -9997 0.0 0.0
C0G650 2005040506 15.8 -9997 0.0 0.0
C0G650 2005040507 17.2 -9997 0.0 0.0
C0G650 2005040508 19.9 -9997 -9997 0.0
C0G650 2005040509 21.1 -9997 0.9 0.0
C0G650 2005040510 23.6 -9997 1.6 0.0
C0G650 2005040511 25.0 -9997 1.1 0.0
C0G650 2005040512 26.3 -9997 1.8 0.0
C0G650 2005040513 26.5 -9997 1.1 0.0
C0G650 2005040514 25.8 -9997 0.9 0.0
C0G650 2005040515 25.6 -9997 1.0 0.0
C0G650 2005040516 24.0 -9997 0.6 0.0
C0G650 2005040517 22.5 -9997 0.2 0.0
C0G650 2005040518 22.0 -9997 0.0 0.0
C0G650 2005040519 20.8 -9997 0.0 0.0
C0G650 2005040520 20.2 -9997 0.0 0.0
C0G650 2005040521 19.8 -9997 0.0 0.0
C0G650 2005040522 19.2 -9997 0.0 0.0
C0G650 2005040523 19.8 -9997 0.0 0.0
C0G650 2005040524 19.2 -9997 0.0 0.0
C0G650 2005040601 18.3 -9997 0.0 0.0
C0G650 2005040602 17.7 -9997 0.0 0.0
C0G650 2005040603 17.2 -9997 0.0 0.0
C0G650 2005040604 16.7 -9997 0.0 0.0
C0G650 2005040605 16.6 -9997 0.0 0.0
C0G650 2005040606 16.5 -9997 0.0 0.0
C0G650 2005040607 17.7 -9997 0.0 0.0
C0G650 2005040608 20.5 -9997 0.0 0.0
C0G650 2005040609 23.5 -9997 0.2 0.0
C0G650 2005040610 26.2 -9997 0.7 0.0
C0G650 2005040611 27.1 -9997 1.2 0.0
C0G650 2005040612 28.3 -9997 0.4 0.0
C0G650 2005040613 27.8 -9997 0.0 0.0
C0G650 2005040614 27.4 -9997 0.2 0.0
C0G650 2005040615 26.2 -9997 0.1 0.0
C0G650 2005040616 25.9 -9997 0.0 0.0
C0G650 2005040617 25.5 -9997 0.0 0.0
C0G650 2005040618 24.8 -9997 0.0 0.0
C0G650 2005040619 24.4 -9997 0.0 0.0
C0G650 2005040620 23.3 -9997 0.0 0.0
C0G650 2005040621 23.1 -9997 0.0 0.0
C0G650 2005040622 23.4 -9997 0.1 0.0
C0G650 2005040623 22.9 -9997 0.0 0.0
C0G650 2005040624 21.8 -9997 0.0 0.0
C0G650 2005040701 22.3 -9997 0.1 0.0
C0G650 2005040702 21.1 -9997 0.0 0.0
C0G650 2005040703 21.0 -9997 0.0 0.0
C0G650 2005040704 21.1 -9997 0.0 0.0
C0G650 2005040705 21.0 -9997 0.0 0.0
C0G650 2005040706 21.1 -9997 0.0 0.0
C0G650 2005040707 22.4 -9997 0.1 0.0
C0G650 2005040708 24.2 -9997 0.0 0.0
C0G650 2005040709 27.2 -9997 0.0 0.0
C0G650 2005040710 28.2 -9997 2.5 0.0
C0G650 2005040711 29.4 -9997 1.7 0.0
C0G650 2005040712 29.3 -9997 2.2 0.0
C0G650 2005040713 29.4 -9997 0.7 0.0
C0G650 2005040714 28.5 -9997 1.5 0.0
C0G650 2005040715 29.3 -9997 0.3 0.0
C0G650 2005040716 27.8 -9997 2.0 0.0
C0G650 2005040717 27.0 -9997 0.8 0.0
C0G650 2005040718 26.1 -9997 0.7 0.0
C0G650 2005040719 25.4 -9997 0.4 0.0
C0G650 2005040720 24.9 -9997 0.0 0.0
C0G650 2005040721 24.2 -9997 0.0 0.0
C0G650 2005040722 24.1 -9997 0.0 0.0
C0G650 2005040723 24.1 -9997 0.0 0.0
C0G650 2005040724 24.2 -9997 0.0 0.0
C0G650 2005040801 23.3 -9997 0.0 0.0
C0G650 2005040802 22.8 -9997 0.0 0.0
C0G650 2005040803 22.1 -9997 0.0 0.0
C0G650 2005040804 21.4 -9997 0.0 0.0
C0G650 2005040805 20.9 -9997 0.0 0.0
C0G650 2005040806 20.7 -9997 0.0 0.0
C0G650 2005040807 21.7 -9997 0.0 0.0
C0G650 2005040808 24.8 -9997 0.2 0.0
C0G650 2005040809 26.8 -9997 2.1 0.0
C0G650 2005040810 28.6 -9997 1.2 0.0
C0G650 2005040811 28.6 -9997 0.9 0.0
C0G650 2005040812 29.7 -9997 1.7 0.0
C0G650 2005040813 28.9 -9997 1.1 0.0
C0G650 2005040814 29.5 -9997 0.6 0.0
C0G650 2005040815 29.5 -9997 1.3 0.0
C0G650 2005040816 28.0 -9997 0.2 0.0
C0G650 2005040817 27.6 -9997 0.9 0.0
C0G650 2005040818 26.5 -9997 0.2 0.0
C0G650 2005040819 26.2 -9997 0.1 0.0
C0G650 2005040820 25.9 -9997 0.0 0.0
C0G650 2005040821 25.2 -9997 0.0 0.0
C0G650 2005040822 24.4 -9997 0.0 0.0
C0G650 2005040823 23.7 -9997 0.0 0.0
C0G650 2005040824 23.2 -9997 0.0 0.0
C0G650 2005040901 23.0 -9997 0.0 0.0
C0G650 2005040902 23.8 -9997 0.0 0.0
C0G650 2005040903 23.6 -9997 0.0 0.0
C0G650 2005040904 23.8 -9997 0.0 0.0
C0G650 2005040905 23.8 -9997 0.0 0.0
C0G650 2005040906 23.5 -9997 0.0 0.0
C0G650 2005040907 24.2 -9997 0.4 0.0
C0G650 2005040908 26.1 -9997 0.1 0.0
C0G650 2005040909 27.6 -9997 1.5 0.0
C0G650 2005040910 27.9 -9997 1.8 0.0
C0G650 2005040911 28.8 -9997 0.8 0.0
C0G650 2005040912 30.4 -9997 1.3 0.0
C0G650 2005040913 31.2 -9997 0.5 0.0
C0G650 2005040914 32.2 -9997 0.0 0.0
C0G650 2005040915 31.1 -9997 2.2 0.0
C0G650 2005040916 29.4 -9997 3.0 0.0
C0G650 2005040917 28.2 -9997 2.5 0.0
C0G650 2005040918 27.3 -9997 1.5 0.0
C0G650 2005040919 26.7 -9997 0.8 0.0
C0G650 2005040920 26.2 -9997 0.5 0.0
C0G650 2005040921 25.6 -9997 0.2 0.0
C0G650 2005040922 24.7 -9997 0.9 0.0
C0G650 2005040923 24.3 -9997 0.0 0.0
C0G650 2005040924 24.2 -9997 0.0 0.0
C0G650 2005041001 23.6 -9997 0.0 0.0
C0G650 2005041002 23.3 -9997 0.0 0.0
C0G650 2005041003 23.0 -9997 0.0 0.0
C0G650 2005041004 22.6 -9997 0.0 0.0
C0G650 2005041005 22.6 -9997 0.0 0.0
C0G650 2005041006 22.8 -9997 0.0 0.0
C0G650 2005041007 24.7 -9997 0.1 0.0
C0G650 2005041008 26.4 -9997 1.0 0.0
C0G650 2005041009 28.1 -9997 2.5 0.0
C0G650 2005041010 29.3 -9997 0.9 0.0
C0G650 2005041011 29.8 -9997 1.2 0.0
C0G650 2005041012 30.6 -9997 1.9 0.0
C0G650 2005041013 31.8 -9997 1.6 0.0
C0G650 2005041014 33.1 -9997 1.7 0.0
C0G650 2005041015 32.0 -9997 1.0 0.0
C0G650 2005041016 30.4 -9997 0.7 0.0
C0G650 2005041017 28.4 -9997 0.7 0.0
C0G650 2005041018 27.2 -9997 0.1 0.0
C0G650 2005041019 25.9 -9997 0.1 0.0
C0G650 2005041020 25.6 -9997 0.1 0.0
C0G650 2005041021 24.3 -9997 0.0 0.0
C0G650 2005041022 24.3 -9997 0.0 0.0
C0G650 2005041023 23.7 -9997 0.1 0.0
C0G650 2005041024 23.2 -9997 0.6 0.0
C0G650 2005041101 22.4 -9997 0.2 0.0
C0G650 2005041102 21.8 -9997 0.0 0.0
C0G650 2005041103 21.7 -9997 0.0 0.0
C0G650 2005041104 21.3 -9997 0.1 0.0
C0G650 2005041105 20.9 -9997 0.0 0.0
C0G650 2005041106 20.9 -9997 0.0 0.0
C0G650 2005041107 21.1 -9997 0.8 0.0
C0G650 2005041108 21.8 -9997 1.3 0.0
C0G650 2005041109 23.0 -9997 0.6 0.0
C0G650 2005041110 23.9 -9997 0.0 0.0
C0G650 2005041111 24.6 -9997 0.0 0.0
C0G650 2005041112 27.2 -9997 0.1 0.0
C0G650 2005041113 28.8 -9997 1.5 0.0
C0G650 2005041114 29.6 -9997 0.7 0.0
C0G650 2005041115 28.4 -9997 1.0 0.0
C0G650 2005041116 27.2 -9997 0.4 0.0
C0G650 2005041117 27.0 -9997 0.0 0.0
C0G650 2005041118 26.5 -9997 0.1 0.0
C0G650 2005041119 25.3 -9997 0.0 0.0
C0G650 2005041120 24.4 -9997 0.0 0.0
C0G650 2005041121 23.8 -9997 0.0 0.0
C0G650 2005041122 23.9 -9997 -9997 0.0
C0G650 2005041123 -9997 -9997 0.0 0.0
C0G650 2005041124 22.5 -9997 0.0 0.0
C0G650 2005041201 22.5 -9997 0.2 0.0
C0G650 2005041202 -9997 -9997 0.0 0.0
C0G650 2005041203 21.5 -9997 0.0 0.0
C0G650 2005041204 21.3 -9997 0.0 0.0
C0G650 2005041205 21.5 -9997 0.0 0.0
C0G650 2005041206 22.0 -9997 0.1 0.0
C0G650 2005041207 22.3 -9997 0.0 0.0
C0G650 2005041208 23.0 -9997 0.1 0.0
C0G650 2005041209 23.3 -9997 0.3 0.0
C0G650 2005041210 23.7 -9997 0.0 0.0
C0G650 2005041211 24.6 -9997 0.2 0.0
C0G650 2005041212 25.2 -9997 0.3 0.0
C0G650 2005041213 25.6 -9997 0.4 0.0
C0G650 2005041214 24.4 -9997 1.1 0.0
C0G650 2005041215 24.6 -9997 0.3 0.0
C0G650 2005041216 24.8 -9997 0.2 0.0
C0G650 2005041217 24.1 -9997 0.2 0.0
C0G650 2005041218 -9997 -9997 0.6 0.0
C0G650 2005041219 20.8 -9997 1.5 0.0
C0G650 2005041220 20.4 -9997 0.3 1.0
C0G650 2005041221 21.2 -9997 0.4 0.0
C0G650 2005041222 19.7 -9997 -9997 0.5
C0G650 2005041223 19.8 -9997 1.3 2.0
C0G650 2005041224 19.1 -9997 0.5 2.0
C0G650 2005041301 19.1 -9997 0.2 0.5
C0G650 2005041302 18.1 -9997 1.4 0.5
C0G650 2005041303 16.5 -9997 1.3 0.0
C0G650 2005041304 17.5 -9997 0.0 0.0
C0G650 2005041305 17.3 -9997 0.2 0.0
C0G650 2005041306 16.2 -9997 1.6 1.0
C0G650 2005041307 16.1 -9997 1.0 0.0
C0G650 2005041308 16.9 -9997 0.9 0.0
C0G650 2005041309 17.4 -9997 1.3 0.0
C0G650 2005041310 19.1 -9997 1.1 0.0
C0G650 2005041311 19.5 -9997 0.3 0.0
C0G650 2005041312 19.5 -9997 0.7 0.0
C0G650 2005041313 19.4 -9997 0.5 0.0
C0G650 2005041314 19.3 -9997 0.4 0.0
C0G650 2005041315 19.0 -9997 0.4 0.0
C0G650 2005041316 18.3 -9997 0.2 0.0
C0G650 2005041317 17.4 -9997 0.8 0.0
C0G650 2005041318 16.8 -9997 0.3 0.0
C0G650 2005041319 16.4 -9997 0.4 0.5
C0G650 2005041320 16.9 -9997 0.3 0.0
C0G650 2005041321 17.3 -9997 0.0 0.0
C0G650 2005041322 17.4 -9997 0.1 0.0
C0G650 2005041323 17.4 -9997 0.0 0.0
C0G650 2005041324 17.5 -9997 0.0 0.0
C0G650 2005041401 17.8 -9997 0.0 0.5
C0G650 2005041402 17.8 -9997 0.0 0.0
C0G650 2005041403 18.0 -9997 0.0 0.0
C0G650 2005041404 18.0 -9997 0.0 0.0
C0G650 2005041405 18.2 -9997 0.0 0.0
C0G650 2005041406 18.0 -9997 0.0 0.0
C0G650 2005041407 18.3 -9997 0.0 0.0
C0G650 2005041408 18.7 -9997 0.0 0.0
C0G650 2005041409 19.2 -9997 0.0 0.0
C0G650 2005041410 20.1 -9997 0.0 0.0
C0G650 2005041411 20.4 -9997 0.0 0.0
C0G650 2005041412 21.3 -9997 0.0 0.0
C0G650 2005041413 21.8 -9997 0.5 0.0
C0G650 2005041414 22.1 -9997 0.7 0.0
C0G650 2005041415 -9997 -9997 -9997 0.0
C0G650 2005041416 23.2 -9997 0.5 0.0
C0G650 2005041417 22.9 -9997 0.3 0.0
C0G650 2005041418 22.4 -9997 0.0 0.0
C0G650 2005041419 21.6 -9997 0.0 0.0
C0G650 2005041420 21.1 -9997 0.0 0.0
C0G650 2005041421 21.0 -9997 0.0 0.0
C0G650 2005041422 21.0 -9997 0.0 0.0
C0G650 2005041423 20.6 -9997 0.0 0.0
C0G650 2005041424 19.7 -9997 0.0 0.0
C0G650 2005041501 18.8 -9997 0.0 0.0
C0G650 2005041502 18.9 -9997 0.0 0.0
C0G650 2005041503 19.3 -9997 0.0 0.0
C0G650 2005041504 19.6 -9997 -9997 0.0
C0G650 2005041505 19.6 -9997 0.0 0.0
C0G650 2005041506 19.8 -9997 0.0 0.0
C0G650 2005041507 20.9 -9997 0.0 0.0
C0G650 2005041508 22.8 -9997 0.0 0.0
C0G650 2005041509 24.3 -9997 0.0 0.0
C0G650 2005041510 24.7 -9997 0.1 0.0
C0G650 2005041511 26.6 -9997 0.9 0.0
C0G650 2005041512 27.7 -9997 0.1 0.0
C0G650 2005041513 28.3 -9997 0.4 0.0
C0G650 2005041514 27.9 -9997 1.1 0.0
C0G650 2005041515 27.4 -9997 1.0 0.0
C0G650 2005041516 27.9 -9997 0.5 0.0
C0G650 2005041517 27.3 -9997 0.1 0.0
C0G650 2005041518 26.0 -9997 0.4 0.0
C0G650 2005041519 24.8 -9997 0.2 0.0
C0G650 2005041520 23.1 -9997 0.0 0.0
C0G650 2005041521 22.3 -9997 0.0 0.0
C0G650 2005041522 21.4 -9997 0.0 0.0
C0G650 2005041523 21.3 -9997 0.2 0.0
C0G650 2005041524 21.2 -9997 0.0 0.0
C0G650 2005041601 21.3 -9997 0.0 0.0
C0G650 2005041602 21.5 -9997 0.0 0.0
C0G650 2005041603 21.5 -9997 0.0 0.0
C0G650 2005041604 21.4 -9997 0.0 0.0
C0G650 2005041605 21.3 -9997 0.0 0.0
C0G650 2005041606 20.7 -9997 0.0 0.0
C0G650 2005041607 21.6 -9997 0.0 0.0
C0G650 2005041608 23.9 -9997 0.0 0.0
C0G650 2005041609 25.3 -9997 0.8 0.0
C0G650 2005041610 26.7 -9997 0.4 0.0
C0G650 2005041611 27.6 -9997 1.5 0.0
C0G650 2005041612 28.4 -9997 1.4 0.0
C0G650 2005041613 29.2 -9997 0.6 0.0
C0G650 2005041614 28.0 -9997 0.2 0.0
C0G650 2005041615 27.5 -9997 0.6 0.0
C0G650 2005041616 27.1 -9997 0.7 0.0
C0G650 2005041617 26.3 -9997 0.3 0.0
C0G650 2005041618 26.1 -9997 0.0 0.0
C0G650 2005041619 24.7 -9997 0.0 0.0
C0G650 2005041620 24.1 -9997 0.0 0.0
C0G650 2005041621 23.8 -9997 0.0 0.0
C0G650 2005041622 22.7 -9997 0.0 0.0
C0G650 2005041623 22.5 -9997 0.0 0.0
C0G650 2005041624 22.4 -9997 0.1 0.0
C0G650 2005041701 22.1 -9997 0.0 0.0
C0G650 2005041702 22.3 -9997 0.0 0.0
C0G650 2005041703 22.2 -9997 0.0 0.0
C0G650 2005041704 22.2 -9997 0.0 0.0
C0G650 2005041705 21.9 -9997 0.0 0.0
C0G650 2005041706 22.0 -9997 0.0 0.0
C0G650 2005041707 22.9 -9997 0.0 0.0
C0G650 2005041708 24.5 -9997 0.0 0.0
C0G650 2005041709 26.0 -9997 0.1 0.0
C0G650 2005041710 26.1 -9997 0.0 0.0
C0G650 2005041711 26.5 -9997 0.3 0.0
C0G650 2005041712 25.7 -9997 1.2 0.0
C0G650 2005041713 26.2 -9997 0.3 0.0
C0G650 2005041714 26.5 -9997 0.4 0.0
C0G650 2005041715 25.4 -9997 0.8 0.0
C0G650 2005041716 25.4 -9997 0.9 0.0
C0G650 2005041717 25.7 -9997 0.4 0.0
C0G650 2005041718 24.7 -9997 0.0 0.0
C0G650 2005041719 23.7 -9997 0.0 0.0
C0G650 2005041720 23.4 -9997 0.0 0.0
C0G650 2005041721 23.6 -9997 0.1 0.0
C0G650 2005041722 23.3 -9997 0.1 0.0
C0G650 2005041723 23.2 -9997 0.0 0.0
C0G650 2005041724 -9997 -9997 0.0 0.0
C0G650 2005041801 22.9 -9997 0.1 0.0
C0G650 2005041802 22.5 -9997 0.1 0.0
C0G650 2005041803 22.3 -9997 0.0 0.0
C0G650 2005041804 22.3 -9997 1.1 0.0
C0G650 2005041805 21.6 -9997 0.0 0.0
C0G650 2005041806 21.4 -9997 0.0 0.0
C0G650 2005041807 22.9 -9997 0.0 0.0
C0G650 2005041808 23.9 -9997 0.0 0.0
C0G650 2005041809 26.0 -9997 0.0 0.0
C0G650 2005041810 28.8 -9997 0.8 0.0
C0G650 2005041811 28.5 -9997 0.9 0.0
C0G650 2005041812 28.6 -9997 0.5 0.0
C0G650 2005041813 27.5 -9997 0.5 0.0
C0G650 2005041814 27.7 -9997 1.4 0.0
C0G650 2005041815 28.6 -9997 0.4 0.0
C0G650 2005041816 28.3 -9997 0.6 0.0
C0G650 2005041817 27.1 -9997 1.0 0.0
C0G650 2005041818 26.7 -9997 0.0 0.0
C0G650 2005041819 25.5 -9997 0.9 0.0
C0G650 2005041820 24.5 -9997 0.0 0.0
C0G650 2005041821 24.2 -9997 0.0 0.0
C0G650 2005041822 23.2 -9997 0.0 0.0
C0G650 2005041823 -9997 -9997 0.0 0.0
C0G650 2005041824 22.1 -9997 0.0 0.0
C0G650 2005041901 21.8 -9997 0.0 0.0
C0G650 2005041902 21.6 -9997 0.0 0.0
C0G650 2005041903 21.7 -9997 0.0 0.0
C0G650 2005041904 22.2 -9997 0.0 0.0
C0G650 2005041905 -9997 -9997 -9997 0.0
C0G650 2005041906 21.8 -9997 0.0 0.0
C0G650 2005041907 22.4 -9997 0.0 0.0
C0G650 2005041908 24.7 -9997 0.0 0.0
C0G650 2005041909 26.5 -9997 0.0 0.0
C0G650 2005041910 28.1 -9997 1.2 0.0
C0G650 2005041911 29.5 -9997 1.1 0.0
C0G650 2005041912 29.8 -9997 1.4 0.0
C0G650 2005041913 29.9 -9997 2.2 0.0
C0G650 2005041914 29.7 -9997 0.5 0.0
C0G650 2005041915 29.4 -9997 1.0 0.0
C0G650 2005041916 27.2 -9997 0.1 0.0
C0G650 2005041917 26.4 -9997 0.3 0.0
C0G650 2005041918 25.6 -9997 0.0 0.0
C0G650 2005041919 24.9 -9997 0.0 0.0
C0G650 2005041920 23.8 -9997 0.0 0.0
C0G650 2005041921 23.4 -9997 0.0 0.0
C0G650 2005041922 22.8 -9997 0.0 0.0
C0G650 2005041923 22.4 -9997 0.0 0.0
C0G650 2005041924 22.3 -9997 0.0 0.0
C0G650 2005042001 22.0 -9997 -9997 0.0
C0G650 2005042002 22.0 -9997 0.0 0.0
C0G650 2005042003 21.6 -9997 0.0 0.0
C0G650 2005042004 21.6 -9997 0.0 0.0
C0G650 2005042005 21.3 -9997 0.0 0.0
C0G650 2005042006 21.9 -9997 0.0 0.0
C0G650 2005042007 -9997 -9997 -9997 0.0
C0G650 2005042008 25.0 -9997 0.0 0.0
C0G650 2005042009 27.0 -9997 0.1 0.0
C0G650 2005042010 26.5 -9997 0.8 0.0
C0G650 2005042011 26.5 -9997 0.7 0.0
C0G650 2005042012 27.5 -9997 0.1 0.0
C0G650 2005042013 29.5 -9997 0.2 0.0
C0G650 2005042014 28.7 -9997 0.8 0.0
C0G650 2005042015 28.7 -9997 0.4 0.0
C0G650 2005042016 28.1 -9997 1.1 0.0
C0G650 2005042017 27.6 -9997 0.3 0.0
C0G650 2005042018 26.9 -9997 0.0 0.0
C0G650 2005042019 26.3 -9997 0.0 0.0
C0G650 2005042020 25.5 -9997 0.0 0.0
C0G650 2005042021 24.8 -9997 0.0 0.0
C0G650 2005042022 24.4 -9997 0.0 0.0
C0G650 2005042023 24.0 -9997 0.0 0.0
C0G650 2005042024 23.1 -9997 0.0 0.0
C0G650 2005042101 22.9 -9997 0.0 0.0
C0G650 2005042102 22.4 -9997 0.0 0.0
C0G650 2005042103 22.1 -9997 0.0 0.0
C0G650 2005042104 22.1 -9997 0.0 0.0
C0G650 2005042105 22.6 -9997 0.0 0.0
C0G650 2005042106 22.0 -9997 0.0 0.0
C0G650 2005042107 23.1 -9997 0.0 0.0
C0G650 2005042108 24.8 -9997 0.0 0.0
C0G650 2005042109 27.9 -9997 0.2 0.0
C0G650 2005042110 27.7 -9997 0.8 0.0
C0G650 2005042111 27.7 -9997 1.0 0.0
C0G650 2005042112 29.4 -9997 0.6 0.0
C0G650 2005042113 29.9 -9997 0.3 0.0
C0G650 2005042114 30.1 -9997 0.2 0.0
C0G650 2005042115 29.9 -9997 1.1 0.0
C0G650 2005042116 28.9 -9997 0.6 0.0
C0G650 2005042117 27.6 -9997 0.1 0.0
C0G650 2005042118 26.8 -9997 0.0 0.0
C0G650 2005042119 25.6 -9997 0.0 0.0
C0G650 2005042120 -9997 -9997 -9997 0.0
C0G650 2005042121 24.3 -9997 0.0 0.0
C0G650 2005042122 23.6 -9997 0.0 0.0
C0G650 2005042123 22.7 -9997 0.0 0.0
C0G650 2005042124 22.7 -9997 0.0 0.0
C0G650 2005042201 22.4 -9997 0.0 0.0
C0G650 2005042202 22.1 -9997 0.0 0.0
C0G650 2005042203 22.0 -9997 0.0 0.0
C0G650 2005042204 21.7 -9997 0.0 0.0
C0G650 2005042205 21.4 -9997 0.0 0.0
C0G650 2005042206 21.7 -9997 0.0 0.0
C0G650 2005042207 23.7 -9997 0.0 0.0
C0G650 2005042208 25.6 -9997 0.0 0.0
C0G650 2005042209 27.2 -9997 0.0 0.0
C0G650 2005042210 27.7 -9997 0.0 0.0
C0G650 2005042211 29.1 -9997 0.2 0.0
C0G650 2005042212 29.5 -9997 1.2 0.0
C0G650 2005042213 31.0 -9997 1.2 0.0
C0G650 2005042214 29.9 -9997 0.5 0.0
C0G650 2005042215 30.0 -9997 0.5 0.0
C0G650 2005042216 29.3 -9997 0.6 0.0
C0G650 2005042217 28.6 -9997 0.3 0.0
C0G650 2005042218 27.7 -9997 0.0 0.0
C0G650 2005042219 27.1 -9997 0.0 0.0
C0G650 2005042220 25.4 -9997 0.0 0.0
C0G650 2005042221 25.0 -9997 0.0 0.0
C0G650 2005042222 24.4 -9997 0.0 0.0
C0G650 2005042223 24.4 -9997 0.0 0.0
C0G650 2005042224 24.2 -9997 0.0 0.0
C0G650 2005042301 24.3 -9997 0.0 0.0
C0G650 2005042302 24.5 -9997 0.0 0.0
C0G650 2005042303 24.4 -9997 0.0 0.0
C0G650 2005042304 24.4 -9997 0.0 0.0
C0G650 2005042305 24.5 -9997 0.0 0.0
C0G650 2005042306 24.2 -9997 0.0 0.0
C0G650 2005042307 25.3 -9997 0.0 0.0
C0G650 2005042308 27.0 -9997 0.0 0.0
C0G650 2005042309 27.6 -9997 0.2 0.0
C0G650 2005042310 28.8 -9997 0.2 0.0
C0G650 2005042311 29.7 -9997 1.2 0.0
C0G650 2005042312 29.0 -9997 1.0 0.0
C0G650 2005042313 30.8 -9997 0.4 0.0
C0G650 2005042314 29.6 -9997 0.2 0.0
C0G650 2005042315 29.1 -9997 0.4 0.0
C0G650 2005042316 27.9 -9997 1.4 0.0
C0G650 2005042317 27.3 -9997 0.8 0.0
C0G650 2005042318 26.6 -9997 0.0 0.0
C0G650 2005042319 25.5 -9997 0.1 0.0
C0G650 2005042320 24.7 -9997 0.0 0.0
C0G650 2005042321 24.2 -9997 0.3 0.0
C0G650 2005042322 23.5 -9997 1.1 0.0
C0G650 2005042323 23.4 -9997 0.1 0.0
C0G650 2005042324 23.2 -9997 0.1 0.0
C0G650 2005042401 23.8 -9997 0.1 0.0
C0G650 2005042402 23.2 -9997 0.0 0.0
C0G650 2005042403 22.6 -9997 0.0 0.0
C0G650 2005042404 22.4 -9997 0.0 0.0
C0G650 2005042405 22.4 -9997 0.0 0.0
C0G650 2005042406 22.4 -9997 0.0 0.0
C0G650 2005042407 23.1 -9997 0.0 0.0
C0G650 2005042408 23.8 -9997 0.0 0.0
C0G650 2005042409 24.8 -9997 0.0 0.0
C0G650 2005042410 25.8 -9997 0.0 0.0
C0G650 2005042411 28.0 -9997 0.1 0.0
C0G650 2005042412 29.9 -9997 0.7 0.0
C0G650 2005042413 31.1 -9997 0.6 0.0
C0G650 2005042414 30.5 -9997 1.4 0.0
C0G650 2005042415 27.6 -9997 0.7 0.0
C0G650 2005042416 26.7 -9997 0.8 0.0
C0G650 2005042417 25.7 -9997 0.6 0.0
C0G650 2005042418 25.2 -9997 1.6 0.0
C0G650 2005042419 24.9 -9997 0.7 0.0
C0G650 2005042420 24.4 -9997 0.0 0.0
C0G650 2005042421 23.6 -9997 0.0 0.0
C0G650 2005042422 23.3 -9997 0.0 0.0
C0G650 2005042423 23.5 -9997 0.1 0.0
C0G650 2005042424 23.9 -9997 0.1 0.0
C0G650 2005042501 23.6 -9997 0.0 0.0
C0G650 2005042502 23.0 -9997 0.0 0.0
C0G650 2005042503 22.6 -9997 0.0 0.0
C0G650 2005042504 22.3 -9997 0.0 0.0
C0G650 2005042505 22.7 -9997 0.0 0.0
C0G650 2005042506 -9997 -9997 -9997 0.0
C0G650 2005042507 24.0 -9997 0.1 0.0
C0G650 2005042508 25.3 -9997 0.0 0.0
C0G650 2005042509 26.6 -9997 0.2 0.0
C0G650 2005042510 28.1 -9997 0.2 0.0
C0G650 2005042511 28.9 -9997 0.0 0.0
C0G650 2005042512 28.4 -9997 1.1 0.0
C0G650 2005042513 30.0 -9997 0.5 0.0
C0G650 2005042514 29.4 -9997 1.0 0.0
C0G650 2005042515 29.2 -9997 1.1 0.0
C0G650 2005042516 28.5 -9997 0.3 0.0
C0G650 2005042517 27.7 -9997 1.9 0.0
C0G650 2005042518 26.5 -9997 0.1 0.0
C0G650 2005042519 25.5 -9997 0.0 0.0
C0G650 2005042520 24.9 -9997 0.0 0.0
C0G650 2005042521 24.8 -9997 0.0 0.0
C0G650 2005042522 24.7 -9997 0.0 0.0
C0G650 2005042523 24.7 -9997 0.0 0.0
C0G650 2005042524 24.6 -9997 0.1 0.0
C0G650 2005042601 24.4 -9997 0.0 0.0
C0G650 2005042602 23.5 -9997 0.1 0.0
C0G650 2005042603 23.6 -9997 0.0 0.0
C0G650 2005042604 23.5 -9997 0.0 0.0
C0G650 2005042605 23.5 -9997 0.0 0.0
C0G650 2005042606 23.6 -9997 0.0 0.0
C0G650 2005042607 21.8 -9997 0.8 8.0
C0G650 2005042608 21.7 -9997 2.0 8.0
C0G650 2005042609 22.3 -9997 1.3 0.5
C0G650 2005042610 21.5 -9997 0.1 7.5
C0G650 2005042611 21.1 -9997 1.0 14.5
C0G650 2005042612 22.2 -9997 0.7 4.0
C0G650 2005042613 24.6 -9997 0.4 0.0
C0G650 2005042614 24.3 -9997 1.3 0.0
C0G650 2005042615 24.4 -9997 1.1 0.0
C0G650 2005042616 24.3 -9997 0.8 0.0
C0G650 2005042617 24.4 -9997 0.1 0.0
C0G650 2005042618 23.9 -9997 0.0 0.0
C0G650 2005042619 23.1 -9997 0.0 0.0
C0G650 2005042620 22.5 -9997 0.0 0.0
C0G650 2005042621 21.9 -9997 0.0 0.0
C0G650 2005042622 22.2 -9997 0.0 0.0
C0G650 2005042623 21.8 -9997 0.0 0.0
C0G650 2005042624 21.1 -9997 0.0 0.0
C0G650 2005042701 21.1 -9997 0.0 0.0
C0G650 2005042702 21.0 -9997 0.0 0.0
C0G650 2005042703 21.3 -9997 0.0 0.0
C0G650 2005042704 21.6 -9997 0.0 0.0
C0G650 2005042705 21.8 -9997 0.0 0.0
C0G650 2005042706 22.1 -9997 0.0 0.0
C0G650 2005042707 22.6 -9997 0.0 0.0
C0G650 2005042708 24.3 -9997 1.5 0.0
C0G650 2005042709 24.7 -9997 1.3 0.0
C0G650 2005042710 25.7 -9997 1.2 0.0
C0G650 2005042711 26.5 -9997 0.8 0.0
C0G650 2005042712 27.7 -9997 2.0 0.0
C0G650 2005042713 27.5 -9997 1.1 0.0
C0G650 2005042714 26.7 -9997 1.8 0.0
C0G650 2005042715 27.5 -9997 1.8 0.0
C0G650 2005042716 26.7 -9997 1.3 0.0
C0G650 2005042717 26.3 -9997 1.2 0.0
C0G650 2005042718 25.6 -9997 0.8 0.0
C0G650 2005042719 -9997 -9997 -9997 0.0
C0G650 2005042720 23.8 -9997 0.0 0.0
C0G650 2005042721 23.5 -9997 0.0 0.0
C0G650 2005042722 23.4 -9997 0.0 0.0
C0G650 2005042723 22.7 -9997 0.0 0.0
C0G650 2005042724 22.2 -9997 0.0 0.0
C0G650 2005042801 22.6 -9997 0.0 0.0
C0G650 2005042802 22.8 -9997 0.0 0.0
C0G650 2005042803 23.0 -9997 0.0 0.0
C0G650 2005042804 22.4 -9997 0.0 0.0
C0G650 2005042805 22.8 -9997 0.0 0.0
C0G650 2005042806 23.0 -9997 0.0 0.0
C0G650 2005042807 24.1 -9997 0.1 0.0
C0G650 2005042808 24.8 -9997 0.0 0.0
C0G650 2005042809 24.5 -9997 0.0 0.0
C0G650 2005042810 23.5 -9997 0.3 0.5
C0G650 2005042811 23.0 -9997 0.0 5.5
C0G650 2005042812 24.9 -9997 1.2 0.5
C0G650 2005042813 27.1 -9997 1.2 0.0
C0G650 2005042814 27.5 -9997 0.7 0.0
C0G650 2005042815 27.0 -9997 1.1 0.0
C0G650 2005042816 26.4 -9997 1.0 0.0
C0G650 2005042817 25.3 -9997 0.4 0.0
C0G650 2005042818 24.2 -9997 0.0 2.0
C0G650 2005042819 23.8 -9997 0.0 0.0
C0G650 2005042820 23.4 -9997 0.0 0.0
C0G650 2005042821 23.3 -9997 0.0 0.0
C0G650 2005042822 23.1 -9997 0.0 0.0
C0G650 2005042823 23.2 -9997 0.0 0.0
C0G650 2005042824 22.9 -9997 0.0 0.0
C0G650 2005042901 22.6 -9997 0.0 -9996
C0G650 2005042902 22.7 -9997 0.0 0.0
C0G650 2005042903 22.4 -9997 0.0 0.0
C0G650 2005042904 21.8 -9997 0.0 0.0
C0G650 2005042905 21.6 -9997 0.0 0.0
C0G650 2005042906 22.0 -9997 0.0 0.0
C0G650 2005042907 24.0 -9997 0.0 0.0
C0G650 2005042908 26.2 -9997 0.7 0.0
C0G650 2005042909 26.7 -9997 0.4 0.0
C0G650 2005042910 28.5 -9997 0.9 0.0
C0G650 2005042911 29.6 -9997 1.4 0.0
C0G650 2005042912 30.2 -9997 1.9 0.0
C0G650 2005042913 29.2 -9997 1.7 0.0
C0G650 2005042914 30.9 -9997 1.9 0.0
C0G650 2005042915 30.9 -9997 1.5 0.0
C0G650 2005042916 29.8 -9997 1.3 0.0
C0G650 2005042917 -9997 -9997 1.8 0.0
C0G650 2005042918 27.4 -9997 1.0 0.0
C0G650 2005042919 26.8 -9997 0.5 0.0
C0G650 2005042920 26.3 -9997 0.7 0.0
C0G650 2005042921 25.7 -9997 0.6 0.0
C0G650 2005042922 25.0 -9997 0.1 0.0
C0G650 2005042923 24.7 -9997 0.0 0.0
C0G650 2005042924 24.4 -9997 0.0 0.0
C0G650 2005043001 24.0 -9997 0.0 0.0
C0G650 2005043002 23.7 -9997 0.0 0.0
C0G650 2005043003 23.6 -9997 0.0 0.0
C0G650 2005043004 23.0 -9997 0.0 0.0
C0G650 2005043005 23.1 -9997 0.5 0.0
C0G650 2005043006 23.3 -9997 0.0 0.0
C0G650 2005043007 25.0 -9997 1.1 0.0
C0G650 2005043008 26.6 -9997 2.3 0.0
C0G650 2005043009 28.5 -9997 2.0 0.0
C0G650 2005043010 29.9 -9997 1.6 0.0
C0G650 2005043011 30.6 -9997 2.1 0.0
C0G650 2005043012 30.8 -9997 2.7 0.0
C0G650 2005043013 31.9 -9997 2.0 0.0
C0G650 2005043014 32.2 -9997 2.5 0.0
C0G650 2005043015 32.3 -9997 1.9 0.0
C0G650 2005043016 30.9 -9997 2.7 0.0
C0G650 2005043017 29.7 -9997 1.7 0.0
C0G650 2005043018 28.5 -9997 1.0 0.0
C0G650 2005043019 27.2 -9997 0.0 0.0
C0G650 2005043020 26.4 -9997 0.7 0.0
C0G650 2005043021 26.3 -9997 0.0 0.0
C0G650 2005043022 -9997 -9997 -9997 0.0
C0G650 2005043023 25.0 -9997 0.0 0.0
C0G650 2005043024 24.3 -9997 0.1 0.0
C0G660 2005040101 -9999 -9999 -9999 -9996
C0G660 2005040102 -9999 -9999 -9999 0.0
C0G660 2005040103 -9999 -9999 -9999 0.0
C0G660 2005040104 -9999 -9999 -9999 0.0
C0G660 2005040105 -9999 -9999 -9999 0.0
C0G660 2005040106 -9999 -9999 -9999 0.0
C0G660 2005040107 -9999 -9999 -9999 0.0
C0G660 2005040108 -9999 -9999 -9999 0.0
C0G660 2005040109 -9999 -9999 -9999 0.5
C0G660 2005040110 -9999 -9999 -9999 0.0
C0G660 2005040111 -9999 -9999 -9999 0.5
C0G660 2005040112 -9999 -9999 -9999 0.0
C0G660 2005040113 -9999 -9999 -9999 0.0
C0G660 2005040114 -9999 -9999 -9999 0.0
C0G660 2005040115 -9999 -9999 -9999 0.0
C0G660 2005040116 -9999 -9999 -9999 0.0
C0G660 2005040117 -9999 -9999 -9999 0.0
C0G660 2005040118 -9999 -9999 -9999 0.0
C0G660 2005040119 -9999 -9999 -9999 0.0
C0G660 2005040120 -9999 -9999 -9999 0.0
C0G660 2005040121 -9999 -9999 -9999 0.0
C0G660 2005040122 -9999 -9999 -9999 0.0
C0G660 2005040123 -9999 -9999 -9999 0.0
C0G660 2005040124 -9999 -9999 -9999 0.0
C0G660 2005040201 -9999 -9999 -9999 1.0
C0G660 2005040202 -9999 -9999 -9999 0.5
C0G660 2005040203 -9999 -9999 -9999 1.0
C0G660 2005040204 -9999 -9999 -9999 0.0
C0G660 2005040205 -9999 -9999 -9999 0.0
C0G660 2005040206 -9999 -9999 -9999 0.0
C0G660 2005040207 -9999 -9999 -9999 0.0
C0G660 2005040208 -9999 -9999 -9999 0.0
C0G660 2005040209 -9999 -9999 -9999 0.0
C0G660 2005040210 -9999 -9999 -9999 0.0
C0G660 2005040211 -9999 -9999 -9999 0.0
C0G660 2005040212 -9999 -9999 -9999 0.0
C0G660 2005040213 -9999 -9999 -9999 0.0
C0G660 2005040214 -9999 -9999 -9999 0.0
C0G660 2005040215 -9999 -9999 -9999 0.0
C0G660 2005040216 -9999 -9999 -9999 0.0
C0G660 2005040217 -9999 -9999 -9999 0.0
C0G660 2005040218 -9999 -9999 -9999 0.0
C0G660 2005040219 -9999 -9999 -9999 0.0
C0G660 2005040220 -9999 -9999 -9999 0.0
C0G660 2005040221 -9999 -9999 -9999 0.0
C0G660 2005040222 -9999 -9999 -9999 0.0
C0G660 2005040223 -9999 -9999 -9999 0.0
C0G660 2005040224 -9999 -9999 -9999 0.0
C0G660 2005040301 -9999 -9999 -9999 0.0
C0G660 2005040302 -9999 -9999 -9999 0.0
C0G660 2005040303 -9999 -9999 -9999 0.0
C0G660 2005040304 -9999 -9999 -9999 0.0
C0G660 2005040305 -9999 -9999 -9999 0.0
C0G660 2005040306 -9999 -9999 -9999 0.0
C0G660 2005040307 -9999 -9999 -9999 0.0
C0G660 2005040308 -9999 -9999 -9999 0.0
C0G660 2005040309 -9999 -9999 -9999 0.0
C0G660 2005040310 -9999 -9999 -9999 0.0
C0G660 2005040311 -9999 -9999 -9999 0.0
C0G660 2005040312 -9999 -9999 -9999 0.0
C0G660 2005040313 -9999 -9999 -9999 0.0
C0G660 2005040314 -9999 -9999 -9999 0.0
C0G660 2005040315 -9999 -9999 -9999 0.0
C0G660 2005040316 -9999 -9999 -9999 0.0
C0G660 2005040317 -9999 -9999 -9999 0.0
C0G660 2005040318 -9999 -9999 -9999 0.0
C0G660 2005040319 -9999 -9999 -9999 0.0
C0G660 2005040320 -9999 -9999 -9999 0.0
C0G660 2005040321 -9999 -9999 -9999 0.0
C0G660 2005040322 -9999 -9999 -9999 0.0
C0G660 2005040323 -9999 -9999 -9999 0.0
C0G660 2005040324 -9999 -9999 -9999 0.0
C0G660 2005040401 -9999 -9999 -9999 -9996
C0G660 2005040402 -9999 -9999 -9999 0.0
C0G660 2005040403 -9999 -9999 -9999 0.0
C0G660 2005040404 -9999 -9999 -9999 0.0
C0G660 2005040405 -9999 -9999 -9999 0.0
C0G660 2005040406 -9999 -9999 -9999 0.0
C0G660 2005040407 -9999 -9999 -9999 0.0
C0G660 2005040408 -9999 -9999 -9999 0.0
C0G660 2005040409 -9999 -9999 -9999 0.0
C0G660 2005040410 -9999 -9999 -9999 0.0
C0G660 2005040411 -9999 -9999 -9999 0.0
C0G660 2005040412 -9999 -9999 -9999 0.0
C0G660 2005040413 -9999 -9999 -9999 0.0
C0G660 2005040414 -9999 -9999 -9999 0.0
C0G660 2005040415 -9999 -9999 -9999 0.0
C0G660 2005040416 -9999 -9999 -9999 0.0
C0G660 2005040417 -9999 -9999 -9999 0.0
C0G660 2005040418 -9999 -9999 -9999 0.0
C0G660 2005040419 -9999 -9999 -9999 0.0
C0G660 2005040420 -9999 -9999 -9999 0.0
C0G660 2005040421 -9999 -9999 -9999 0.0
C0G660 2005040422 -9999 -9999 -9999 0.0
C0G660 2005040423 -9999 -9999 -9999 0.0
C0G660 2005040424 -9999 -9999 -9999 0.0
C0G660 2005040501 -9999 -9999 -9999 0.0
C0G660 2005040502 -9999 -9999 -9999 0.0
C0G660 2005040503 -9999 -9999 -9999 0.0
C0G660 2005040504 -9999 -9999 -9999 0.0
C0G660 2005040505 -9999 -9999 -9999 0.0
C0G660 2005040506 -9999 -9999 -9999 0.0
C0G660 2005040507 -9999 -9999 -9999 0.0
C0G660 2005040508 -9999 -9999 -9999 0.0
C0G660 2005040509 -9999 -9999 -9999 0.0
C0G660 2005040510 -9999 -9999 -9999 0.0
C0G660 2005040511 -9999 -9999 -9999 0.0
C0G660 2005040512 -9999 -9999 -9999 0.0
C0G660 2005040513 -9999 -9999 -9999 0.0
C0G660 2005040514 -9999 -9999 -9999 0.0
C0G660 2005040515 -9999 -9999 -9999 0.0
C0G660 2005040516 -9999 -9999 -9999 0.0
C0G660 2005040517 -9999 -9999 -9999 0.0
C0G660 2005040518 -9999 -9999 -9999 0.0
C0G660 2005040519 -9999 -9999 -9999 0.0
C0G660 2005040520 -9999 -9999 -9999 0.0
C0G660 2005040521 -9999 -9999 -9999 0.0
C0G660 2005040522 -9999 -9999 -9999 0.0
C0G660 2005040523 -9999 -9999 -9999 0.0
C0G660 2005040524 -9999 -9999 -9999 0.0
C0G660 2005040601 -9999 -9999 -9999 0.0
C0G660 2005040602 -9999 -9999 -9999 0.0
C0G660 2005040603 -9999 -9999 -9999 0.0
C0G660 2005040604 -9999 -9999 -9999 0.0
C0G660 2005040605 -9999 -9999 -9999 0.0
C0G660 2005040606 -9999 -9999 -9999 0.0
C0G660 2005040607 -9999 -9999 -9999 0.0
C0G660 2005040608 -9999 -9999 -9999 0.0
C0G660 2005040609 -9999 -9999 -9999 0.0
C0G660 2005040610 -9999 -9999 -9999 0.0
C0G660 2005040611 -9999 -9999 -9999 0.0
C0G660 2005040612 -9999 -9999 -9999 0.0
C0G660 2005040613 -9999 -9999 -9999 0.0
C0G660 2005040614 -9999 -9999 -9999 0.0
C0G660 2005040615 -9999 -9999 -9999 0.0
C0G660 2005040616 -9999 -9999 -9999 0.0
C0G660 2005040617 -9999 -9999 -9999 0.0
C0G660 2005040618 -9999 -9999 -9999 0.0
C0G660 2005040619 -9999 -9999 -9999 0.0
C0G660 2005040620 -9999 -9999 -9999 0.0
C0G660 2005040621 -9999 -9999 -9999 0.0
C0G660 2005040622 -9999 -9999 -9999 0.0
C0G660 2005040623 -9999 -9999 -9999 0.0
C0G660 2005040624 -9999 -9999 -9999 0.0
C0G660 2005040701 -9999 -9999 -9999 0.0
C0G660 2005040702 -9999 -9999 -9999 0.0
C0G660 2005040703 -9999 -9999 -9999 0.0
C0G660 2005040704 -9999 -9999 -9999 0.0
C0G660 2005040705 -9999 -9999 -9999 0.0
C0G660 2005040706 -9999 -9999 -9999 0.0
C0G660 2005040707 -9999 -9999 -9999 0.0
C0G660 2005040708 -9999 -9999 -9999 0.0
C0G660 2005040709 -9999 -9999 -9999 0.0
C0G660 2005040710 -9999 -9999 -9999 0.0
C0G660 2005040711 -9999 -9999 -9999 0.0
C0G660 2005040712 -9999 -9999 -9999 0.0
C0G660 2005040713 -9999 -9999 -9999 0.0
C0G660 2005040714 -9999 -9999 -9999 0.0
C0G660 2005040715 -9999 -9999 -9999 0.0
C0G660 2005040716 -9999 -9999 -9999 0.0
C0G660 2005040717 -9999 -9999 -9999 0.0
C0G660 2005040718 -9999 -9999 -9999 0.0
C0G660 2005040719 -9999 -9999 -9999 0.0
C0G660 2005040720 -9999 -9999 -9999 0.0
C0G660 2005040721 -9999 -9999 -9999 0.0
C0G660 2005040722 -9999 -9999 -9999 0.0
C0G660 2005040723 -9999 -9999 -9999 0.0
C0G660 2005040724 -9999 -9999 -9999 0.0
C0G660 2005040801 -9999 -9999 -9999 0.0
C0G660 2005040802 -9999 -9999 -9999 0.0
C0G660 2005040803 -9999 -9999 -9999 0.0
C0G660 2005040804 -9999 -9999 -9999 0.0
C0G660 2005040805 -9999 -9999 -9999 0.0
C0G660 2005040806 -9999 -9999 -9999 0.0
C0G660 2005040807 -9999 -9999 -9999 0.0
C0G660 2005040808 -9999 -9999 -9999 0.0
C0G660 2005040809 -9999 -9999 -9999 0.0
C0G660 2005040810 -9999 -9999 -9999 0.0
C0G660 2005040811 -9999 -9999 -9999 0.0
C0G660 2005040812 -9999 -9999 -9999 0.0
C0G660 2005040813 -9999 -9999 -9999 0.0
C0G660 2005040814 -9999 -9999 -9999 0.0
C0G660 2005040815 -9999 -9999 -9999 0.0
C0G660 2005040816 -9999 -9999 -9999 0.0
C0G660 2005040817 -9999 -9999 -9999 0.0
C0G660 2005040818 -9999 -9999 -9999 0.0
C0G660 2005040819 -9999 -9999 -9999 0.0
C0G660 2005040820 -9999 -9999 -9999 0.0
C0G660 2005040821 -9999 -9999 -9999 0.0
C0G660 2005040822 -9999 -9999 -9999 0.0
C0G660 2005040823 -9999 -9999 -9999 0.0
C0G660 2005040824 -9999 -9999 -9999 0.0
C0G660 2005040901 -9999 -9999 -9999 0.0
C0G660 2005040902 -9999 -9999 -9999 0.0
C0G660 2005040903 -9999 -9999 -9999 0.0
C0G660 2005040904 -9999 -9999 -9999 0.0
C0G660 2005040905 -9999 -9999 -9999 0.0
C0G660 2005040906 -9999 -9999 -9999 0.0
C0G660 2005040907 -9999 -9999 -9999 0.0
C0G660 2005040908 -9999 -9999 -9999 0.0
C0G660 2005040909 -9999 -9999 -9999 0.0
C0G660 2005040910 -9999 -9999 -9999 0.0
C0G660 2005040911 -9999 -9999 -9999 0.0
C0G660 2005040912 -9999 -9999 -9999 0.0
C0G660 2005040913 -9999 -9999 -9999 0.0
C0G660 2005040914 -9999 -9999 -9999 0.0
C0G660 2005040915 -9999 -9999 -9999 0.0
C0G660 2005040916 -9999 -9999 -9999 0.0
C0G660 2005040917 -9999 -9999 -9999 0.0
C0G660 2005040918 -9999 -9999 -9999 0.0
C0G660 2005040919 -9999 -9999 -9999 0.0
C0G660 2005040920 -9999 -9999 -9999 0.0
C0G660 2005040921 -9999 -9999 -9999 0.0
C0G660 2005040922 -9999 -9999 -9999 0.0
C0G660 2005040923 -9999 -9999 -9999 0.0
C0G660 2005040924 -9999 -9999 -9999 0.0
C0G660 2005041001 -9999 -9999 -9999 0.0
C0G660 2005041002 -9999 -9999 -9999 0.0
C0G660 2005041003 -9999 -9999 -9999 0.0
C0G660 2005041004 -9999 -9999 -9999 0.0
C0G660 2005041005 -9999 -9999 -9999 0.0
C0G660 2005041006 -9999 -9999 -9999 0.0
C0G660 2005041007 -9999 -9999 -9999 0.0
C0G660 2005041008 -9999 -9999 -9999 0.0
C0G660 2005041009 -9999 -9999 -9999 0.0
C0G660 2005041010 -9999 -9999 -9999 0.0
C0G660 2005041011 -9999 -9999 -9999 0.0
C0G660 2005041012 -9999 -9999 -9999 0.0
C0G660 2005041013 -9999 -9999 -9999 0.0
C0G660 2005041014 -9999 -9999 -9999 0.0
C0G660 2005041015 -9999 -9999 -9999 0.0
C0G660 2005041016 -9999 -9999 -9999 0.0
C0G660 2005041017 -9999 -9999 -9999 0.0
C0G660 2005041018 -9999 -9999 -9999 0.0
C0G660 2005041019 -9999 -9999 -9999 0.0
C0G660 2005041020 -9999 -9999 -9999 0.0
C0G660 2005041021 -9999 -9999 -9999 0.0
C0G660 2005041022 -9999 -9999 -9999 0.0
C0G660 2005041023 -9999 -9999 -9999 0.0
C0G660 2005041024 -9999 -9999 -9999 0.0
C0G660 2005041101 -9999 -9999 -9999 0.0
C0G660 2005041102 -9999 -9999 -9999 0.0
C0G660 2005041103 -9999 -9999 -9999 0.0
C0G660 2005041104 -9999 -9999 -9999 0.0
C0G660 2005041105 -9999 -9999 -9999 0.0
C0G660 2005041106 -9999 -9999 -9999 0.0
C0G660 2005041107 -9999 -9999 -9999 0.0
C0G660 2005041108 -9999 -9999 -9999 0.0
C0G660 2005041109 -9999 -9999 -9999 0.0
C0G660 2005041110 -9999 -9999 -9999 0.0
C0G660 2005041111 -9999 -9999 -9999 0.0
C0G660 2005041112 -9999 -9999 -9999 0.0
C0G660 2005041113 -9999 -9999 -9999 0.0
C0G660 2005041114 -9999 -9999 -9999 0.0
C0G660 2005041115 -9999 -9999 -9999 0.0
C0G660 2005041116 -9999 -9999 -9999 0.0
C0G660 2005041117 -9999 -9999 -9999 0.0
C0G660 2005041118 -9999 -9999 -9999 0.0
C0G660 2005041119 -9999 -9999 -9999 0.0
C0G660 2005041120 -9999 -9999 -9999 0.0
C0G660 2005041121 -9999 -9999 -9999 0.0
C0G660 2005041122 -9999 -9999 -9999 0.0
C0G660 2005041123 -9999 -9999 -9999 0.0
C0G660 2005041124 -9999 -9999 -9999 0.0
C0G660 2005041201 -9999 -9999 -9999 0.0
C0G660 2005041202 -9999 -9999 -9999 0.0
C0G660 2005041203 -9999 -9999 -9999 0.0
C0G660 2005041204 -9999 -9999 -9999 0.0
C0G660 2005041205 -9999 -9999 -9999 0.0
C0G660 2005041206 -9999 -9999 -9999 0.0
C0G660 2005041207 -9999 -9999 -9999 0.0
C0G660 2005041208 -9999 -9999 -9999 0.0
C0G660 2005041209 -9999 -9999 -9999 0.0
C0G660 2005041210 -9999 -9999 -9999 0.0
C0G660 2005041211 -9999 -9999 -9999 0.0
C0G660 2005041212 -9999 -9999 -9999 0.0
C0G660 2005041213 -9999 -9999 -9999 0.0
C0G660 2005041214 -9999 -9999 -9999 0.0
C0G660 2005041215 -9999 -9999 -9999 0.0
C0G660 2005041216 -9999 -9999 -9999 0.0
C0G660 2005041217 -9999 -9999 -9999 0.0
C0G660 2005041218 -9999 -9999 -9999 0.0
C0G660 2005041219 -9999 -9999 -9999 0.0
C0G660 2005041220 -9999 -9999 -9999 0.5
C0G660 2005041221 -9999 -9999 -9999 0.5
C0G660 2005041222 -9999 -9999 -9999 0.5
C0G660 2005041223 -9999 -9999 -9999 3.0
C0G660 2005041224 -9999 -9999 -9999 2.5
C0G660 2005041301 -9999 -9999 -9999 1.5
C0G660 2005041302 -9999 -9999 -9999 0.0
C0G660 2005041303 -9999 -9999 -9999 0.0
C0G660 2005041304 -9999 -9999 -9999 0.0
C0G660 2005041305 -9999 -9999 -9999 0.0
C0G660 2005041306 -9999 -9999 -9999 1.5
C0G660 2005041307 -9999 -9999 -9999 0.5
C0G660 2005041308 -9999 -9999 -9999 0.0
C0G660 2005041309 -9999 -9999 -9999 0.0
C0G660 2005041310 -9999 -9999 -9999 0.0
C0G660 2005041311 -9999 -9999 -9999 0.0
C0G660 2005041312 -9999 -9999 -9999 0.0
C0G660 2005041313 -9999 -9999 -9999 0.0
C0G660 2005041314 -9999 -9999 -9999 0.0
C0G660 2005041315 -9999 -9999 -9999 0.0
C0G660 2005041316 -9999 -9999 -9999 0.0
C0G660 2005041317 -9999 -9999 -9999 0.0
C0G660 2005041318 -9999 -9999 -9999 0.0
C0G660 2005041319 -9999 -9999 -9999 0.0
C0G660 2005041320 -9999 -9999 -9999 0.0
C0G660 2005041321 -9999 -9999 -9999 0.0
C0G660 2005041322 -9999 -9999 -9999 0.0
C0G660 2005041323 -9999 -9999 -9999 0.5
C0G660 2005041324 -9999 -9999 -9999 0.0
C0G660 2005041401 -9999 -9999 -9999 0.0
C0G660 2005041402 -9999 -9999 -9999 0.0
C0G660 2005041403 -9999 -9999 -9999 0.0
C0G660 2005041404 -9999 -9999 -9999 0.0
C0G660 2005041405 -9999 -9999 -9999 0.0
C0G660 2005041406 -9999 -9999 -9999 0.0
C0G660 2005041407 -9999 -9999 -9999 0.0
C0G660 2005041408 -9999 -9999 -9999 0.0
C0G660 2005041409 -9999 -9999 -9999 0.0
C0G660 2005041410 -9999 -9999 -9999 0.0
C0G660 2005041411 -9999 -9999 -9999 0.0
C0G660 2005041412 -9999 -9999 -9999 0.0
C0G660 2005041413 -9999 -9999 -9999 0.0
C0G660 2005041414 -9999 -9999 -9999 0.0
C0G660 2005041415 -9999 -9999 -9999 0.0
C0G660 2005041416 -9999 -9999 -9999 0.0
C0G660 2005041417 -9999 -9999 -9999 0.0
C0G660 2005041418 -9999 -9999 -9999 0.0
C0G660 2005041419 -9999 -9999 -9999 0.0
C0G660 2005041420 -9999 -9999 -9999 0.0
C0G660 2005041421 -9999 -9999 -9999 0.0
C0G660 2005041422 -9999 -9999 -9999 0.0
C0G660 2005041423 -9999 -9999 -9999 0.0
C0G660 2005041424 -9999 -9999 -9999 0.0
C0G660 2005041501 -9999 -9999 -9999 0.0
C0G660 2005041502 -9999 -9999 -9999 0.0
C0G660 2005041503 -9999 -9999 -9999 0.0
C0G660 2005041504 -9999 -9999 -9999 0.0
C0G660 2005041505 -9999 -9999 -9999 0.0
C0G660 2005041506 -9999 -9999 -9999 0.0
C0G660 2005041507 -9999 -9999 -9999 0.0
C0G660 2005041508 -9999 -9999 -9999 0.0
C0G660 2005041509 -9999 -9999 -9999 0.0
C0G660 2005041510 -9999 -9999 -9999 0.0
C0G660 2005041511 -9999 -9999 -9999 0.0
C0G660 2005041512 -9999 -9999 -9999 0.0
C0G660 2005041513 -9999 -9999 -9999 0.0
C0G660 2005041514 -9999 -9999 -9999 0.0
C0G660 2005041515 -9999 -9999 -9999 0.0
C0G660 2005041516 -9999 -9999 -9999 0.0
C0G660 2005041517 -9999 -9999 -9999 0.0
C0G660 2005041518 -9999 -9999 -9999 0.0
C0G660 2005041519 -9999 -9999 -9999 0.0
C0G660 2005041520 -9999 -9999 -9999 0.0
C0G660 2005041521 -9999 -9999 -9999 0.0
C0G660 2005041522 -9999 -9999 -9999 0.0
C0G660 2005041523 -9999 -9999 -9999 0.0
C0G660 2005041524 -9999 -9999 -9999 0.0
C0G660 2005041601 -9999 -9999 -9999 -9996
C0G660 2005041602 -9999 -9999 -9999 0.0
C0G660 2005041603 -9999 -9999 -9999 0.0
C0G660 2005041604 -9999 -9999 -9999 0.0
C0G660 2005041605 -9999 -9999 -9999 0.0
C0G660 2005041606 -9999 -9999 -9999 0.0
C0G660 2005041607 -9999 -9999 -9999 0.0
C0G660 2005041608 -9999 -9999 -9999 0.0
C0G660 2005041609 -9999 -9999 -9999 0.0
C0G660 2005041610 -9999 -9999 -9999 0.0
C0G660 2005041611 -9999 -9999 -9999 0.0
C0G660 2005041612 -9999 -9999 -9999 0.0
C0G660 2005041613 -9999 -9999 -9999 0.0
C0G660 2005041614 -9999 -9999 -9999 0.0
C0G660 2005041615 -9999 -9999 -9999 0.0
C0G660 2005041616 -9999 -9999 -9999 0.0
C0G660 2005041617 -9999 -9999 -9999 0.0
C0G660 2005041618 -9999 -9999 -9999 0.0
C0G660 2005041619 -9999 -9999 -9999 0.0
C0G660 2005041620 -9999 -9999 -9999 0.0
C0G660 2005041621 -9999 -9999 -9999 0.0
C0G660 2005041622 -9999 -9999 -9999 0.0
C0G660 2005041623 -9999 -9999 -9999 0.0
C0G660 2005041624 -9999 -9999 -9999 0.0
C0G660 2005041701 -9999 -9999 -9999 0.0
C0G660 2005041702 -9999 -9999 -9999 0.0
C0G660 2005041703 -9999 -9999 -9999 0.0
C0G660 2005041704 -9999 -9999 -9999 0.0
C0G660 2005041705 -9999 -9999 -9999 0.0
C0G660 2005041706 -9999 -9999 -9999 0.0
C0G660 2005041707 -9999 -9999 -9999 0.0
C0G660 2005041708 -9999 -9999 -9999 0.0
C0G660 2005041709 -9999 -9999 -9999 0.0
C0G660 2005041710 -9999 -9999 -9999 0.0
C0G660 2005041711 -9999 -9999 -9999 0.0
C0G660 2005041712 -9999 -9999 -9999 0.0
C0G660 2005041713 -9999 -9999 -9999 0.0
C0G660 2005041714 -9999 -9999 -9999 0.0
C0G660 2005041715 -9999 -9999 -9999 0.0
C0G660 2005041716 -9999 -9999 -9999 0.0
C0G660 2005041717 -9999 -9999 -9999 0.0
C0G660 2005041718 -9999 -9999 -9999 0.0
C0G660 2005041719 -9999 -9999 -9999 0.0
C0G660 2005041720 -9999 -9999 -9999 0.0
C0G660 2005041721 -9999 -9999 -9999 0.0
C0G660 2005041722 -9999 -9999 -9999 0.0
C0G660 2005041723 -9999 -9999 -9999 0.0
C0G660 2005041724 -9999 -9999 -9999 0.0
C0G660 2005041801 -9999 -9999 -9999 -9996
C0G660 2005041802 -9999 -9999 -9999 0.0
C0G660 2005041803 -9999 -9999 -9999 0.0
C0G660 2005041804 -9999 -9999 -9999 0.0
C0G660 2005041805 -9999 -9999 -9999 0.0
C0G660 2005041806 -9999 -9999 -9999 0.0
C0G660 2005041807 -9999 -9999 -9999 0.0
C0G660 2005041808 -9999 -9999 -9999 0.0
C0G660 2005041809 -9999 -9999 -9999 0.0
C0G660 2005041810 -9999 -9999 -9999 0.0
C0G660 2005041811 -9999 -9999 -9999 0.0
C0G660 2005041812 -9999 -9999 -9999 0.0
C0G660 2005041813 -9999 -9999 -9999 0.0
C0G660 2005041814 -9999 -9999 -9999 0.0
C0G660 2005041815 -9999 -9999 -9999 0.0
C0G660 2005041816 -9999 -9999 -9999 0.0
C0G660 2005041817 -9999 -9999 -9999 0.0
C0G660 2005041818 -9999 -9999 -9999 0.0
C0G660 2005041819 -9999 -9999 -9999 0.0
C0G660 2005041820 -9999 -9999 -9999 0.0
C0G660 2005041821 -9999 -9999 -9999 0.0
C0G660 2005041822 -9999 -9999 -9999 0.0
C0G660 2005041823 -9999 -9999 -9999 0.0
C0G660 2005041824 -9999 -9999 -9999 0.0
C0G660 2005041901 -9999 -9999 -9999 0.0
C0G660 2005041902 -9999 -9999 -9999 0.0
C0G660 2005041903 -9999 -9999 -9999 0.0
C0G660 2005041904 -9999 -9999 -9999 0.0
C0G660 2005041905 -9999 -9999 -9999 0.0
C0G660 2005041906 -9999 -9999 -9999 0.0
C0G660 2005041907 -9999 -9999 -9999 0.0
C0G660 2005041908 -9999 -9999 -9999 0.0
C0G660 2005041909 -9999 -9999 -9999 0.0
C0G660 2005041910 -9999 -9999 -9999 0.0
C0G660 2005041911 -9999 -9999 -9999 0.0
C0G660 2005041912 -9999 -9999 -9999 0.0
C0G660 2005041913 -9999 -9999 -9999 0.0
C0G660 2005041914 -9999 -9999 -9999 0.0
C0G660 2005041915 -9999 -9999 -9999 0.0
C0G660 2005041916 -9999 -9999 -9999 0.0
C0G660 2005041917 -9999 -9999 -9999 0.0
C0G660 2005041918 -9999 -9999 -9999 0.0
C0G660 2005041919 -9999 -9999 -9999 0.0
C0G660 2005041920 -9999 -9999 -9999 0.0
C0G660 2005041921 -9999 -9999 -9999 0.0
C0G660 2005041922 -9999 -9999 -9999 0.0
C0G660 2005041923 -9999 -9999 -9999 0.0
C0G660 2005041924 -9999 -9999 -9999 0.0
C0G660 2005042001 -9999 -9999 -9999 0.0
C0G660 2005042002 -9999 -9999 -9999 0.0
C0G660 2005042003 -9999 -9999 -9999 0.0
C0G660 2005042004 -9999 -9999 -9999 0.0
C0G660 2005042005 -9999 -9999 -9999 0.0
C0G660 2005042006 -9999 -9999 -9999 0.0
C0G660 2005042007 -9999 -9999 -9999 0.0
C0G660 2005042008 -9999 -9999 -9999 0.0
C0G660 2005042009 -9999 -9999 -9999 0.0
C0G660 2005042010 -9999 -9999 -9999 0.0
C0G660 2005042011 -9999 -9999 -9999 0.0
C0G660 2005042012 -9999 -9999 -9999 0.0
C0G660 2005042013 -9999 -9999 -9999 0.0
C0G660 2005042014 -9999 -9999 -9999 0.0
C0G660 2005042015 -9999 -9999 -9999 0.0
C0G660 2005042016 -9999 -9999 -9999 0.0
C0G660 2005042017 -9999 -9999 -9999 0.0
C0G660 2005042018 -9999 -9999 -9999 0.0
C0G660 2005042019 -9999 -9999 -9999 0.0
C0G660 2005042020 -9999 -9999 -9999 0.0
C0G660 2005042021 -9999 -9999 -9999 0.0
C0G660 2005042022 -9999 -9999 -9999 0.0
C0G660 2005042023 -9999 -9999 -9999 0.0
C0G660 2005042024 -9999 -9999 -9999 0.0
C0G660 2005042101 -9999 -9999 -9999 0.0
C0G660 2005042102 -9999 -9999 -9999 0.0
C0G660 2005042103 -9999 -9999 -9999 0.0
C0G660 2005042104 -9999 -9999 -9999 0.0
C0G660 2005042105 -9999 -9999 -9999 0.0
C0G660 2005042106 -9999 -9999 -9999 0.0
C0G660 2005042107 -9999 -9999 -9999 0.0
C0G660 2005042108 -9999 -9999 -9999 0.0
C0G660 2005042109 -9999 -9999 -9999 0.0
C0G660 2005042110 -9999 -9999 -9999 0.0
C0G660 2005042111 -9999 -9999 -9999 0.0
C0G660 2005042112 -9999 -9999 -9999 0.0
C0G660 2005042113 -9999 -9999 -9999 0.0
C0G660 2005042114 -9999 -9999 -9999 0.0
C0G660 2005042115 -9999 -9999 -9999 0.0
C0G660 2005042116 -9999 -9999 -9999 0.0
C0G660 2005042117 -9999 -9999 -9999 0.0
C0G660 2005042118 -9999 -9999 -9999 0.0
C0G660 2005042119 -9999 -9999 -9999 0.0
C0G660 2005042120 -9999 -9999 -9999 0.0
C0G660 2005042121 -9999 -9999 -9999 0.0
C0G660 2005042122 -9999 -9999 -9999 0.0
C0G660 2005042123 -9999 -9999 -9999 0.0
C0G660 2005042124 -9999 -9999 -9999 0.0
C0G660 2005042201 -9999 -9999 -9999 0.0
C0G660 2005042202 -9999 -9999 -9999 0.0
C0G660 2005042203 -9999 -9999 -9999 0.0
C0G660 2005042204 -9999 -9999 -9999 0.0
C0G660 2005042205 -9999 -9999 -9999 0.0
C0G660 2005042206 -9999 -9999 -9999 0.0
C0G660 2005042207 -9999 -9999 -9999 0.0
C0G660 2005042208 -9999 -9999 -9999 0.0
C0G660 2005042209 -9999 -9999 -9999 0.0
C0G660 2005042210 -9999 -9999 -9999 0.0
C0G660 2005042211 -9999 -9999 -9999 0.0
C0G660 2005042212 -9999 -9999 -9999 0.0
C0G660 2005042213 -9999 -9999 -9999 0.0
C0G660 2005042214 -9999 -9999 -9999 0.0
C0G660 2005042215 -9999 -9999 -9999 0.0
C0G660 2005042216 -9999 -9999 -9999 0.0
C0G660 2005042217 -9999 -9999 -9999 0.0
C0G660 2005042218 -9999 -9999 -9999 0.0
C0G660 2005042219 -9999 -9999 -9999 0.0
C0G660 2005042220 -9999 -9999 -9999 0.0
C0G660 2005042221 -9999 -9999 -9999 0.0
C0G660 2005042222 -9999 -9999 -9999 0.0
C0G660 2005042223 -9999 -9999 -9999 0.0
C0G660 2005042224 -9999 -9999 -9999 0.0
C0G660 2005042301 -9999 -9999 -9999 0.0
C0G660 2005042302 -9999 -9999 -9999 0.0
C0G660 2005042303 -9999 -9999 -9999 0.0
C0G660 2005042304 -9999 -9999 -9999 0.0
C0G660 2005042305 -9999 -9999 -9999 0.0
C0G660 2005042306 -9999 -9999 -9999 0.0
C0G660 2005042307 -9999 -9999 -9999 0.0
C0G660 2005042308 -9999 -9999 -9999 0.0
C0G660 2005042309 -9999 -9999 -9999 0.0
C0G660 2005042310 -9999 -9999 -9999 0.0
C0G660 2005042311 -9999 -9999 -9999 0.0
C0G660 2005042312 -9999 -9999 -9999 0.0
C0G660 2005042313 -9999 -9999 -9999 0.0
C0G660 2005042314 -9999 -9999 -9999 0.0
C0G660 2005042315 -9999 -9999 -9999 0.0
C0G660 2005042316 -9999 -9999 -9999 0.0
C0G660 2005042317 -9999 -9999 -9999 0.0
C0G660 2005042318 -9999 -9999 -9999 0.0
C0G660 2005042319 -9999 -9999 -9999 0.0
C0G660 2005042320 -9999 -9999 -9999 0.0
C0G660 2005042321 -9999 -9999 -9999 0.0
C0G660 2005042322 -9999 -9999 -9999 0.0
C0G660 2005042323 -9999 -9999 -9999 0.0
C0G660 2005042324 -9999 -9999 -9999 0.0
C0G660 2005042401 -9999 -9999 -9999 0.0
C0G660 2005042402 -9999 -9999 -9999 0.0
C0G660 2005042403 -9999 -9999 -9999 0.0
C0G660 2005042404 -9999 -9999 -9999 0.0
C0G660 2005042405 -9999 -9999 -9999 0.0
C0G660 2005042406 -9999 -9999 -9999 0.0
C0G660 2005042407 -9999 -9999 -9999 0.0
C0G660 2005042408 -9999 -9999 -9999 0.0
C0G660 2005042409 -9999 -9999 -9999 0.0
C0G660 2005042410 -9999 -9999 -9999 0.0
C0G660 2005042411 -9999 -9999 -9999 0.0
C0G660 2005042412 -9999 -9999 -9999 0.0
C0G660 2005042413 -9999 -9999 -9999 0.0
C0G660 2005042414 -9999 -9999 -9999 0.0
C0G660 2005042415 -9999 -9999 -9999 0.0
C0G660 2005042416 -9999 -9999 -9999 0.0
C0G660 2005042417 -9999 -9999 -9999 0.0
C0G660 2005042418 -9999 -9999 -9999 0.0
C0G660 2005042419 -9999 -9999 -9999 0.0
C0G660 2005042420 -9999 -9999 -9999 0.0
C0G660 2005042421 -9999 -9999 -9999 0.0
C0G660 2005042422 -9999 -9999 -9999 0.0
C0G660 2005042423 -9999 -9999 -9999 0.0
C0G660 2005042424 -9999 -9999 -9999 0.0
C0G660 2005042501 -9999 -9999 -9999 0.0
C0G660 2005042502 -9999 -9999 -9999 0.0
C0G660 2005042503 -9999 -9999 -9999 0.0
C0G660 2005042504 -9999 -9999 -9999 0.0
C0G660 2005042505 -9999 -9999 -9999 0.0
C0G660 2005042506 -9999 -9999 -9999 0.0
C0G660 2005042507 -9999 -9999 -9999 0.0
C0G660 2005042508 -9999 -9999 -9999 0.0
C0G660 2005042509 -9999 -9999 -9999 0.0
C0G660 2005042510 -9999 -9999 -9999 0.0
C0G660 2005042511 -9999 -9999 -9999 0.0
C0G660 2005042512 -9999 -9999 -9999 0.0
C0G660 2005042513 -9999 -9999 -9999 0.0
C0G660 2005042514 -9999 -9999 -9999 0.0
C0G660 2005042515 -9999 -9999 -9999 0.0
C0G660 2005042516 -9999 -9999 -9999 0.0
C0G660 2005042517 -9999 -9999 -9999 0.0
C0G660 2005042518 -9999 -9999 -9999 0.0
C0G660 2005042519 -9999 -9999 -9999 0.0
C0G660 2005042520 -9999 -9999 -9999 0.0
C0G660 2005042521 -9999 -9999 -9999 0.0
C0G660 2005042522 -9999 -9999 -9999 0.0
C0G660 2005042523 -9999 -9999 -9999 0.0
C0G660 2005042524 -9999 -9999 -9999 0.0
C0G660 2005042601 -9999 -9999 -9999 0.0
C0G660 2005042602 -9999 -9999 -9999 0.0
C0G660 2005042603 -9999 -9999 -9999 0.0
C0G660 2005042604 -9999 -9999 -9999 0.0
C0G660 2005042605 -9999 -9999 -9999 0.0
C0G660 2005042606 -9999 -9999 -9999 0.0
C0G660 2005042607 -9999 -9999 -9999 25.0
C0G660 2005042608 -9999 -9999 -9999 1.5
C0G660 2005042609 -9999 -9999 -9999 -9996
C0G660 2005042610 -9999 -9999 -9999 1.0
C0G660 2005042611 -9999 -9999 -9999 2.5
C0G660 2005042612 -9999 -9999 -9999 0.0
C0G660 2005042613 -9999 -9999 -9999 0.0
C0G660 2005042614 -9999 -9999 -9999 0.0
C0G660 2005042615 -9999 -9999 -9999 0.0
C0G660 2005042616 -9999 -9999 -9999 0.0
C0G660 2005042617 -9999 -9999 -9999 0.0
C0G660 2005042618 -9999 -9999 -9999 0.0
C0G660 2005042619 -9999 -9999 -9999 0.0
C0G660 2005042620 -9999 -9999 -9999 0.0
C0G660 2005042621 -9999 -9999 -9999 0.0
C0G660 2005042622 -9999 -9999 -9999 0.0
C0G660 2005042623 -9999 -9999 -9999 0.0
C0G660 2005042624 -9999 -9999 -9999 0.0
C0G660 2005042701 -9999 -9999 -9999 0.0
C0G660 2005042702 -9999 -9999 -9999 0.0
C0G660 2005042703 -9999 -9999 -9999 0.0
C0G660 2005042704 -9999 -9999 -9999 0.0
C0G660 2005042705 -9999 -9999 -9999 0.0
C0G660 2005042706 -9999 -9999 -9999 0.0
C0G660 2005042707 -9999 -9999 -9999 0.0
C0G660 2005042708 -9999 -9999 -9999 0.0
C0G660 2005042709 -9999 -9999 -9999 0.0
C0G660 2005042710 -9999 -9999 -9999 0.0
C0G660 2005042711 -9999 -9999 -9999 0.0
C0G660 2005042712 -9999 -9999 -9999 0.0
C0G660 2005042713 -9999 -9999 -9999 0.0
C0G660 2005042714 -9999 -9999 -9999 0.0
C0G660 2005042715 -9999 -9999 -9999 0.0
C0G660 2005042716 -9999 -9999 -9999 0.0
C0G660 2005042717 -9999 -9999 -9999 0.0
C0G660 2005042718 -9999 -9999 -9999 0.0
C0G660 2005042719 -9999 -9999 -9999 0.0
C0G660 2005042720 -9999 -9999 -9999 0.0
C0G660 2005042721 -9999 -9999 -9999 0.0
C0G660 2005042722 -9999 -9999 -9999 0.0
C0G660 2005042723 -9999 -9999 -9999 0.0
C0G660 2005042724 -9999 -9999 -9999 0.0
C0G660 2005042801 -9999 -9999 -9999 0.0
C0G660 2005042802 -9999 -9999 -9999 0.0
C0G660 2005042803 -9999 -9999 -9999 0.0
C0G660 2005042804 -9999 -9999 -9999 0.0
C0G660 2005042805 -9999 -9999 -9999 0.0
C0G660 2005042806 -9999 -9999 -9999 0.0
C0G660 2005042807 -9999 -9999 -9999 0.0
C0G660 2005042808 -9999 -9999 -9999 0.0
C0G660 2005042809 -9999 -9999 -9999 0.0
C0G660 2005042810 -9999 -9999 -9999 5.0
C0G660 2005042811 -9999 -9999 -9999 13.5
C0G660 2005042812 -9999 -9999 -9999 0.0
C0G660 2005042813 -9999 -9999 -9999 0.0
C0G660 2005042814 -9999 -9999 -9999 0.0
C0G660 2005042815 -9999 -9999 -9999 0.0
C0G660 2005042816 -9999 -9999 -9999 0.0
C0G660 2005042817 -9999 -9999 -9999 0.0
C0G660 2005042818 -9999 -9999 -9999 4.0
C0G660 2005042819 -9999 -9999 -9999 0.0
C0G660 2005042820 -9999 -9999 -9999 0.0
C0G660 2005042821 -9999 -9999 -9999 0.0
C0G660 2005042822 -9999 -9999 -9999 0.0
C0G660 2005042823 -9999 -9999 -9999 0.0
C0G660 2005042824 -9999 -9999 -9999 0.0
C0G660 2005042901 -9999 -9999 -9999 0.0
C0G660 2005042902 -9999 -9999 -9999 0.0
C0G660 2005042903 -9999 -9999 -9999 0.0
C0G660 2005042904 -9999 -9999 -9999 0.0
C0G660 2005042905 -9999 -9999 -9999 0.0
C0G660 2005042906 -9999 -9999 -9999 0.0
C0G660 2005042907 -9999 -9999 -9999 0.0
C0G660 2005042908 -9999 -9999 -9999 0.0
C0G660 2005042909 -9999 -9999 -9999 0.0
C0G660 2005042910 -9999 -9999 -9999 0.0
C0G660 2005042911 -9999 -9999 -9999 0.0
C0G660 2005042912 -9999 -9999 -9999 0.0
C0G660 2005042913 -9999 -9999 -9999 0.0
C0G660 2005042914 -9999 -9999 -9999 0.0
C0G660 2005042915 -9999 -9999 -9999 0.0
C0G660 2005042916 -9999 -9999 -9999 0.0
C0G660 2005042917 -9999 -9999 -9999 0.0
C0G660 2005042918 -9999 -9999 -9999 0.0
C0G660 2005042919 -9999 -9999 -9999 0.0
C0G660 2005042920 -9999 -9999 -9999 0.0
C0G660 2005042921 -9999 -9999 -9999 0.0
C0G660 2005042922 -9999 -9999 -9999 0.0
C0G660 2005042923 -9999 -9999 -9999 0.0
C0G660 2005042924 -9999 -9999 -9999 0.0
C0G660 2005043001 -9999 -9999 -9999 0.0
C0G660 2005043002 -9999 -9999 -9999 0.0
C0G660 2005043003 -9999 -9999 -9999 0.0
C0G660 2005043004 -9999 -9999 -9999 0.0
C0G660 2005043005 -9999 -9999 -9999 0.0
C0G660 2005043006 -9999 -9999 -9999 0.0
C0G660 2005043007 -9999 -9999 -9999 0.0
C0G660 2005043008 -9999 -9999 -9999 0.0
C0G660 2005043009 -9999 -9999 -9999 0.0
C0G660 2005043010 -9999 -9999 -9999 0.0
C0G660 2005043011 -9999 -9999 -9999 0.0
C0G660 2005043012 -9999 -9999 -9999 0.0
C0G660 2005043013 -9999 -9999 -9999 0.0
C0G660 2005043014 -9999 -9999 -9999 0.0
C0G660 2005043015 -9999 -9999 -9999 0.0
C0G660 2005043016 -9999 -9999 -9999 0.0
C0G660 2005043017 -9999 -9999 -9999 0.0
C0G660 2005043018 -9999 -9999 -9999 0.0
C0G660 2005043019 -9999 -9999 -9999 0.0
C0G660 2005043020 -9999 -9999 -9999 0.0
C0G660 2005043021 -9999 -9999 -9999 0.0
C0G660 2005043022 -9999 -9999 -9999 0.0
C0G660 2005043023 -9999 -9999 -9999 0.0
C0G660 2005043024 -9999 -9999 -9999 0.0
