C0G650 2005060101 25.6 -9997 0.0 0.0
C0G650 2005060102 25.5 -9997 0.0 0.0
C0G650 2005060103 -9997 -9997 0.0 0.0
C0G650 2005060104 25.4 -9997 0.0 0.0
C0G650 2005060105 25.2 -9997 0.0 0.0
C0G650 2005060106 25.7 -9997 0.2 0.0
C0G650 2005060107 27.7 -9997 0.2 0.0
C0G650 2005060108 28.5 -9997 1.3 0.0
C0G650 2005060109 27.5 -9997 0.9 0.5
C0G650 2005060110 29.8 -9997 1.9 0.0
C0G650 2005060111 30.0 -9997 0.5 0.0
C0G650 2005060112 30.7 -9997 1.2 0.0
C0G650 2005060113 31.3 -9997 2.5 0.0
C0G650 2005060114 32.0 -9997 3.2 0.0
C0G650 2005060115 32.4 -9997 2.8 0.0
C0G650 2005060116 32.4 -9997 1.9 0.0
C0G650 2005060117 31.3 -9997 1.8 0.0
C0G650 2005060118 30.0 -9997 1.4 0.0
C0G650 2005060119 28.6 -9997 2.0 0.0
C0G650 2005060120 27.6 -9997 0.5 0.0
C0G650 2005060121 27.3 -9997 1.5 0.0
C0G650 2005060122 27.0 -9997 1.2 0.0
C0G650 2005060123 26.9 -9997 1.7 0.0
C0G650 2005060124 26.7 -9997 1.6 0.0
C0G650 2005060201 26.4 -9997 1.1 -9996
C0G650 2005060202 25.6 -9997 0.8 0.0
C0G650 2005060203 25.5 -9997 0.3 0.0
C0G650 2005060204 25.3 -9997 0.0 0.0
C0G650 2005060205 25.3 -9997 0.2 0.0
C0G650 2005060206 26.1 -9997 0.3 0.0
C0G650 2005060207 28.0 -9997 1.5 0.0
C0G650 2005060208 29.3 -9997 2.7 0.0
C0G650 2005060209 29.5 -9997 2.8 0.0
C0G650 2005060210 30.3 -9997 2.0 0.0
C0G650 2005060211 28.9 -9997 1.7 0.0
C0G650 2005060212 27.1 -9997 3.0 0.0
C0G650 2005060213 27.2 -9997 0.0 0.0
C0G650 2005060214 27.9 -9997 0.0 0.0
C0G650 2005060215 27.2 -9997 2.6 0.5
C0G650 2005060216 25.6 -9997 0.0 2.5
C0G650 2005060217 26.0 -9997 0.0 0.5
C0G650 2005060218 26.2 -9997 -9997 0.0
C0G650 2005060219 25.8 -9997 0.0 0.0
C0G650 2005060220 25.6 -9997 0.0 0.0
C0G650 2005060221 25.7 -9997 0.0 0.0
C0G650 2005060222 25.6 -9997 0.0 0.0
C0G650 2005060223 26.1 -9997 0.0 0.0
C0G650 2005060224 25.9 -9997 0.0 0.0
C0G650 2005060301 26.0 -9997 0.2 0.0
C0G650 2005060302 26.0 -9997 0.5 0.0
C0G650 2005060303 26.0 -9997 0.1 0.0
C0G650 2005060304 26.0 -9997 0.0 0.0
C0G650 2005060305 25.8 -9997 0.0 0.0
C0G650 2005060306 26.7 -9997 0.0 0.0
C0G650 2005060307 26.8 -9997 2.7 0.0
C0G650 2005060308 25.2 -9997 2.2 0.5
C0G650 2005060309 25.0 -9997 0.0 2.0
C0G650 2005060310 24.6 -9997 0.4 9.5
C0G650 2005060311 24.5 -9997 2.2 5.0
C0G650 2005060312 24.9 -9997 1.5 2.0
C0G650 2005060313 25.6 -9997 1.3 2.5
C0G650 2005060314 27.1 -9997 2.0 0.0
C0G650 2005060315 27.6 -9997 1.6 0.0
C0G650 2005060316 25.0 -9997 2.3 1.0
C0G650 2005060317 25.4 -9997 1.3 8.0
C0G650 2005060318 25.5 -9997 0.2 0.0
C0G650 2005060319 25.2 -9997 0.0 0.0
C0G650 2005060320 24.9 -9997 0.0 0.0
C0G650 2005060321 24.6 -9997 0.0 0.0
C0G650 2005060322 24.4 -9997 0.0 0.0
C0G650 2005060323 24.6 -9997 0.0 0.0
C0G650 2005060324 -9997 -9997 -9997 0.0
C0G650 2005060401 24.4 -9997 0.0 0.0
C0G650 2005060402 24.5 -9997 0.0 0.0
C0G650 2005060403 24.5 -9997 0.0 0.0
C0G650 2005060404 24.3 -9997 0.0 0.0
C0G650 2005060405 24.6 -9997 0.0 0.0
C0G650 2005060406 25.3 -9997 0.0 0.0
C0G650 2005060407 26.5 -9997 0.1 0.0
C0G650 2005060408 27.8 -9997 0.1 0.0
C0G650 2005060409 29.0 -9997 0.1 0.0
C0G650 2005060410 28.1 -9997 0.1 0.0
C0G650 2005060411 28.5 -9997 0.0 0.0
C0G650 2005060412 29.9 -9997 0.8 0.0
C0G650 2005060413 31.1 -9997 0.5 0.0
C0G650 2005060414 31.0 -9997 0.5 0.0
C0G650 2005060415 30.7 -9997 0.6 0.0
C0G650 2005060416 29.4 -9997 1.1 0.0
C0G650 2005060417 29.4 -9997 0.9 0.0
C0G650 2005060418 29.0 -9997 0.1 0.0
C0G650 2005060419 27.8 -9997 0.0 0.0
C0G650 2005060420 27.0 -9997 0.1 0.0
C0G650 2005060421 26.5 -9997 0.6 0.0
C0G650 2005060422 26.2 -9997 0.4 0.0
C0G650 2005060423 25.7 -9997 1.0 0.0
C0G650 2005060424 25.5 -9997 0.2 0.0
C0G650 2005060501 25.7 -9997 0.0 0.0
C0G650 2005060502 25.7 -9997 0.1 0.0
C0G650 2005060503 25.6 -9997 0.1 0.0
C0G650 2005060504 25.7 -9997 0.0 0.0
C0G650 2005060505 25.5 -9997 0.0 0.0
C0G650 2005060506 25.7 -9997 0.0 0.0
C0G650 2005060507 26.0 -9997 0.1 0.0
C0G650 2005060508 27.5 -9997 0.9 0.0
C0G650 2005060509 29.2 -9997 0.6 0.0
C0G650 2005060510 30.5 -9997 0.0 0.0
C0G650 2005060511 30.0 -9997 0.1 0.0
C0G650 2005060512 30.1 -9997 1.2 0.0
C0G650 2005060513 30.7 -9997 -9997 0.0
C0G650 2005060514 31.4 -9997 0.2 0.0
C0G650 2005060515 31.3 -9997 0.3 0.0
C0G650 2005060516 31.2 -9997 1.5 0.0
C0G650 2005060517 30.0 -9997 0.6 0.0
C0G650 2005060518 29.5 -9997 0.0 0.0
C0G650 2005060519 28.1 -9997 -9997 0.0
C0G650 2005060520 26.7 -9997 0.0 0.0
C0G650 2005060521 26.4 -9997 0.0 0.0
C0G650 2005060522 25.8 -9997 0.0 0.0
C0G650 2005060523 25.3 -9997 0.0 0.0
C0G650 2005060524 25.2 -9997 0.0 0.0
C0G650 2005060601 24.9 -9997 0.0 -9996
C0G650 2005060602 24.6 -9997 0.0 0.0
C0G650 2005060603 24.2 -9997 0.0 0.0
C0G650 2005060604 24.5 -9997 0.0 0.0
C0G650 2005060605 24.7 -9997 0.0 0.0
C0G650 2005060606 25.2 -9997 0.0 0.0
C0G650 2005060607 26.3 -9997 0.1 0.0
C0G650 2005060608 27.7 -9997 0.0 0.0
C0G650 2005060609 29.3 -9997 0.1 0.0
C0G650 2005060610 29.4 -9997 0.8 0.0
C0G650 2005060611 30.6 -9997 0.4 0.0
C0G650 2005060612 32.2 -9997 0.9 0.0
C0G650 2005060613 31.2 -9997 0.5 0.0
C0G650 2005060614 31.8 -9997 0.8 0.0
C0G650 2005060615 31.7 -9997 1.2 0.0
C0G650 2005060616 31.1 -9997 0.2 0.0
C0G650 2005060617 30.5 -9997 0.1 0.0
C0G650 2005060618 29.0 -9997 0.0 0.0
C0G650 2005060619 27.5 -9997 0.0 0.0
C0G650 2005060620 26.3 -9997 0.0 0.0
C0G650 2005060621 25.6 -9997 0.0 0.0
C0G650 2005060622 25.0 -9997 0.0 0.0
C0G650 2005060623 24.6 -9997 0.0 0.0
C0G650 2005060624 24.1 -9997 0.0 0.0
C0G650 2005060701 23.7 -9997 0.0 0.0
C0G650 2005060702 23.5 -9997 0.0 0.0
C0G650 2005060703 23.4 -9997 0.0 0.0
C0G650 2005060704 23.4 -9997 0.0 0.0
C0G650 2005060705 23.2 -9997 0.0 0.0
C0G650 2005060706 24.1 -9997 0.0 0.0
C0G650 2005060707 25.4 -9997 0.5 0.0
C0G650 2005060708 26.7 -9997 -9997 0.0
C0G650 2005060709 27.8 -9997 1.3 0.0
C0G650 2005060710 29.7 -9997 0.8 0.0
C0G650 2005060711 30.2 -9997 0.1 0.0
C0G650 2005060712 30.8 -9997 0.4 0.0
C0G650 2005060713 30.6 -9997 1.5 0.0
C0G650 2005060714 30.0 -9997 0.0 0.0
C0G650 2005060715 30.2 -9997 0.3 0.0
C0G650 2005060716 30.7 -9997 0.1 0.0
C0G650 2005060717 29.6 -9997 1.1 0.0
C0G650 2005060718 28.6 -9997 0.5 0.0
C0G650 2005060719 28.1 -9997 0.0 0.0
C0G650 2005060720 27.3 -9997 0.0 0.0
C0G650 2005060721 26.7 -9997 0.0 0.0
C0G650 2005060722 25.6 -9997 0.0 0.0
C0G650 2005060723 25.0 -9997 0.0 0.0
C0G650 2005060724 24.6 -9997 0.0 0.0
C0G650 2005060801 24.1 -9997 0.0 0.0
C0G650 2005060802 23.9 -9997 0.0 0.0
C0G650 2005060803 23.7 -9997 -9997 0.0
C0G650 2005060804 23.7 -9997 0.0 0.0
C0G650 2005060805 23.5 -9997 0.0 0.0
C0G650 2005060806 23.5 -9997 0.0 0.0
C0G650 2005060807 26.2 -9997 0.0 0.0
C0G650 2005060808 27.6 -9997 0.1 0.0
C0G650 2005060809 29.4 -9997 0.5 0.0
C0G650 2005060810 30.5 -9997 0.6 0.0
C0G650 2005060811 31.4 -9997 0.5 0.0
C0G650 2005060812 31.3 -9997 1.1 0.0
C0G650 2005060813 32.2 -9997 0.7 0.0
C0G650 2005060814 32.4 -9997 1.0 0.0
C0G650 2005060815 31.9 -9997 0.3 0.0
C0G650 2005060816 30.8 -9997 0.1 0.0
C0G650 2005060817 29.5 -9997 0.0 0.0
C0G650 2005060818 29.2 -9997 0.1 0.0
C0G650 2005060819 28.0 -9997 0.0 0.0
C0G650 2005060820 26.3 -9997 0.2 0.0
C0G650 2005060821 26.1 -9997 0.0 0.0
C0G650 2005060822 25.7 -9997 0.0 0.0
C0G650 2005060823 25.2 -9997 0.0 0.0
C0G650 2005060824 25.3 -9997 0.0 0.0
C0G650 2005060901 25.0 -9997 0.0 0.0
C0G650 2005060902 24.5 -9997 0.1 0.0
C0G650 2005060903 24.2 -9997 0.0 0.0
C0G650 2005060904 23.8 -9997 -9997 0.0
C0G650 2005060905 23.6 -9997 -9997 0.0
C0G650 2005060906 23.8 -9997 0.0 0.0
C0G650 2005060907 26.3 -9997 0.0 0.0
C0G650 2005060908 28.3 -9997 0.4 0.0
C0G650 2005060909 30.5 -9997 0.2 0.0
C0G650 2005060910 30.6 -9997 0.1 0.0
C0G650 2005060911 33.2 -9997 0.2 0.0
C0G650 2005060912 33.0 -9997 0.1 0.0
C0G650 2005060913 33.1 -9997 0.3 0.0
C0G650 2005060914 33.0 -9997 1.1 0.0
C0G650 2005060915 32.6 -9997 1.3 0.0
C0G650 2005060916 32.0 -9997 0.2 0.0
C0G650 2005060917 30.9 -9997 0.1 0.0
C0G650 2005060918 30.2 -9997 0.0 0.0
C0G650 2005060919 29.3 -9997 0.0 0.0
C0G650 2005060920 28.2 -9997 0.0 0.0
C0G650 2005060921 28.0 -9997 0.0 0.0
C0G650 2005060922 27.4 -9997 0.0 0.0
C0G650 2005060923 27.1 -9997 0.0 0.0
C0G650 2005060924 26.7 -9997 0.2 0.0
C0G650 2005061001 26.7 -9997 0.0 0.0
C0G650 2005061002 26.5 -9997 0.0 0.0
C0G650 2005061003 26.1 -9997 0.0 0.0
C0G650 2005061004 25.9 -9997 0.0 0.0
C0G650 2005061005 26.0 -9997 0.0 0.0
C0G650 2005061006 26.9 -9997 0.0 0.0
C0G650 2005061007 28.5 -9997 0.2 0.0
C0G650 2005061008 30.2 -9997 0.1 0.0
C0G650 2005061009 31.6 -9997 0.4 0.0
C0G650 2005061010 32.0 -9997 2.1 0.0
C0G650 2005061011 32.7 -9997 1.2 0.0
C0G650 2005061012 -9997 -9997 -9997 0.0
C0G650 2005061013 31.5 -9997 2.2 0.0
C0G650 2005061014 30.5 -9997 1.0 0.0
C0G650 2005061015 30.2 -9997 0.4 0.0
C0G650 2005061016 29.9 -9997 0.8 0.0
C0G650 2005061017 30.1 -9997 0.7 0.0
C0G650 2005061018 29.7 -9997 0.3 0.0
C0G650 2005061019 29.1 -9997 0.0 0.0
C0G650 2005061020 28.2 -9997 0.3 0.0
C0G650 2005061021 27.5 -9997 0.2 0.0
C0G650 2005061022 27.1 -9997 0.1 0.0
C0G650 2005061023 27.0 -9997 0.0 0.0
C0G650 2005061024 27.1 -9997 0.0 0.0
C0G650 2005061101 -9997 -9997 0.0 0.0
C0G650 2005061102 26.7 -9997 0.1 0.0
C0G650 2005061103 26.6 -9997 0.0 0.0
C0G650 2005061104 26.7 -9997 0.1 0.0
C0G650 2005061105 26.6 -9997 1.3 0.0
C0G650 2005061106 26.5 -9997 0.6 0.0
C0G650 2005061107 26.9 -9997 1.9 0.0
C0G650 2005061108 27.8 -9997 1.0 0.0
C0G650 2005061109 29.2 -9997 2.3 0.0
C0G650 2005061110 30.1 -9997 2.1 0.0
C0G650 2005061111 32.0 -9997 2.0 0.0
C0G650 2005061112 33.0 -9997 2.1 0.0
C0G650 2005061113 32.3 -9997 1.8 0.0
C0G650 2005061114 31.3 -9997 1.3 0.0
C0G650 2005061115 31.4 -9997 2.5 0.0
C0G650 2005061116 31.9 -9997 1.6 0.0
C0G650 2005061117 30.9 -9997 1.3 0.0
C0G650 2005061118 30.1 -9997 1.0 0.0
C0G650 2005061119 29.4 -9997 0.0 0.0
C0G650 2005061120 28.8 -9997 0.7 0.0
C0G650 2005061121 28.7 -9997 0.0 0.0
C0G650 2005061122 28.5 -9997 0.4 0.0
C0G650 2005061123 28.1 -9997 0.3 0.0
C0G650 2005061124 27.6 -9997 0.6 0.0
C0G650 2005061201 27.1 -9997 0.2 0.0
C0G650 2005061202 26.9 -9997 0.0 0.0
C0G650 2005061203 26.7 -9997 0.2 0.0
C0G650 2005061204 26.5 -9997 0.0 0.0
C0G650 2005061205 26.5 -9997 0.3 0.0
C0G650 2005061206 26.6 -9997 1.2 0.0
C0G650 2005061207 26.7 -9997 0.1 0.0
C0G650 2005061208 27.2 -9997 0.7 0.0
C0G650 2005061209 27.0 -9997 0.9 0.0
C0G650 2005061210 26.3 -9997 0.4 2.5
C0G650 2005061211 25.7 -9997 1.8 6.5
C0G650 2005061212 -9997 -9997 -9997 7.5
C0G650 2005061213 26.9 -9997 0.4 0.5
C0G650 2005061214 -9997 -9997 -9997 -9996
C0G650 2005061215 -9997 -9997 -9997 0.5
C0G650 2005061216 -9997 -9997 -9997 8.5
C0G650 2005061217 -9997 -9997 -9997 1.0
C0G650 2005061218 -9997 -9997 -9997 17.0
C0G650 2005061219 -9997 -9997 -9997 3.0
C0G650 2005061220 -9997 -9997 -9997 0.0
C0G650 2005061221 -9997 -9997 -9997 0.0
C0G650 2005061222 25.2 -9997 0.1 1.0
C0G650 2005061223 25.1 -9997 0.0 0.0
C0G650 2005061224 25.3 -9997 0.0 0.0
C0G650 2005061301 25.1 -9997 0.0 -9996
C0G650 2005061302 25.2 -9997 0.3 0.0
C0G650 2005061303 25.0 -9997 0.0 0.0
C0G650 2005061304 25.0 -9997 0.2 0.5
C0G650 2005061305 25.0 -9997 0.6 0.0
C0G650 2005061306 25.0 -9997 0.1 0.0
C0G650 2005061307 26.5 -9997 0.1 0.0
C0G650 2005061308 28.0 -9997 1.4 0.0
C0G650 2005061309 28.6 -9997 1.4 0.0
C0G650 2005061310 29.4 -9997 2.5 0.0
C0G650 2005061311 29.8 -9997 2.4 0.0
C0G650 2005061312 29.0 -9997 3.2 0.0
C0G650 2005061313 28.4 -9997 3.8 0.0
C0G650 2005061314 26.9 -9997 2.9 0.0
C0G650 2005061315 27.9 -9997 3.5 0.0
C0G650 2005061316 27.5 -9997 1.4 0.0
C0G650 2005061317 27.9 -9997 2.0 0.0
C0G650 2005061318 27.2 -9997 2.5 0.0
C0G650 2005061319 25.9 -9997 0.5 1.0
C0G650 2005061320 25.8 -9997 0.3 0.0
C0G650 2005061321 25.6 -9997 0.1 0.0
C0G650 2005061322 25.8 -9997 1.4 0.0
C0G650 2005061323 25.7 -9997 0.0 0.0
C0G650 2005061324 25.6 -9997 0.3 0.0
C0G650 2005061401 25.4 -9997 0.0 0.0
C0G650 2005061402 25.5 -9997 0.1 0.0
C0G650 2005061403 25.6 -9997 0.0 0.0
C0G650 2005061404 25.4 -9997 3.4 0.0
C0G650 2005061405 24.8 -9997 0.0 0.0
C0G650 2005061406 25.2 -9997 0.5 0.0
C0G650 2005061407 24.6 -9997 2.6 3.0
C0G650 2005061408 24.8 -9997 2.3 1.0
C0G650 2005061409 24.8 -9997 1.5 2.5
C0G650 2005061410 24.8 -9997 1.2 8.0
C0G650 2005061411 24.4 -9997 0.9 23.5
C0G650 2005061412 24.6 -9997 0.0 16.5
C0G650 2005061413 24.2 -9997 1.4 15.5
C0G650 2005061414 24.2 -9997 0.2 13.0
C0G650 2005061415 24.2 -9997 0.0 6.5
C0G650 2005061416 24.9 -9997 0.0 1.5
C0G650 2005061417 25.4 -9997 0.3 0.5
C0G650 2005061418 25.7 -9997 0.3 0.0
C0G650 2005061419 25.4 -9997 0.1 0.0
C0G650 2005061420 25.6 -9997 1.2 0.0
C0G650 2005061421 24.7 -9997 0.7 1.0
C0G650 2005061422 -9997 -9997 0.1 11.5
C0G650 2005061423 24.3 -9997 0.0 10.0
C0G650 2005061424 24.0 -9997 1.3 16.5
C0G650 2005061501 24.4 -9997 2.3 8.0
C0G650 2005061502 24.2 -9997 2.2 26.5
C0G650 2005061503 24.5 -9997 1.6 6.0
C0G650 2005061504 -9997 -9997 -9997 8.5
C0G650 2005061505 24.3 -9997 0.9 4.5
C0G650 2005061506 24.4 -9997 2.0 4.0
C0G650 2005061507 24.1 -9997 0.4 16.5
C0G650 2005061508 23.8 -9997 1.9 39.5
C0G650 2005061509 23.8 -9997 0.2 43.5
C0G650 2005061510 24.0 -9997 0.2 6.0
C0G650 2005061511 24.4 -9997 0.1 13.0
C0G650 2005061512 24.4 -9997 1.2 11.0
C0G650 2005061513 25.2 -9997 1.2 3.5
C0G650 2005061514 25.3 -9997 0.2 0.5
C0G650 2005061515 25.6 -9997 0.7 1.5
C0G650 2005061516 25.6 -9997 1.4 0.0
C0G650 2005061517 25.8 -9997 1.3 0.0
C0G650 2005061518 25.8 -9997 1.0 0.5
C0G650 2005061519 24.9 -9997 1.2 3.5
C0G650 2005061520 24.6 -9997 0.4 4.0
C0G650 2005061521 25.1 -9997 2.2 0.0
C0G650 2005061522 25.0 -9997 0.1 0.0
C0G650 2005061523 24.8 -9997 0.9 0.0
C0G650 2005061524 24.8 -9997 0.4 0.0
C0G650 2005061601 25.3 -9997 1.9 0.0
C0G650 2005061602 24.0 -9997 2.3 1.5
C0G650 2005061603 23.8 -9997 2.1 9.0
C0G650 2005061604 23.7 -9997 0.7 9.0
C0G650 2005061605 23.8 -9997 0.0 1.0
C0G650 2005061606 24.0 -9997 0.1 1.0
C0G650 2005061607 24.5 -9997 2.2 0.5
C0G650 2005061608 24.4 -9997 2.4 3.5
C0G650 2005061609 24.9 -9997 2.0 1.5
C0G650 2005061610 24.6 -9997 2.3 1.0
C0G650 2005061611 24.7 -9997 3.3 1.0
C0G650 2005061612 24.4 -9997 1.6 5.0
C0G650 2005061613 24.8 -9997 0.9 2.5
C0G650 2005061614 25.2 -9997 0.8 0.5
C0G650 2005061615 26.5 -9997 0.3 0.5
C0G650 2005061616 24.7 -9997 2.4 8.5
C0G650 2005061617 23.9 -9997 2.6 18.0
C0G650 2005061618 24.2 -9997 0.8 6.5
C0G650 2005061619 24.1 -9997 0.0 0.5
C0G650 2005061620 23.8 -9997 0.0 0.0
C0G650 2005061621 23.9 -9997 0.0 0.0
C0G650 2005061622 24.0 -9997 0.0 0.0
C0G650 2005061623 24.1 -9997 0.0 0.0
C0G650 2005061624 24.1 -9997 0.1 0.0
C0G650 2005061701 23.9 -9997 0.0 0.0
C0G650 2005061702 23.8 -9997 0.0 2.0
C0G650 2005061703 23.8 -9997 0.0 0.0
C0G650 2005061704 23.7 -9997 0.0 0.5
C0G650 2005061705 23.9 -9997 0.0 0.0
C0G650 2005061706 23.9 -9997 0.0 0.0
C0G650 2005061707 24.5 -9997 0.0 0.0
C0G650 2005061708 25.2 -9997 0.0 0.0
C0G650 2005061709 27.1 -9997 0.0 0.0
C0G650 2005061710 29.0 -9997 0.8 0.0
C0G650 2005061711 30.6 -9997 0.2 0.0
C0G650 2005061712 31.1 -9997 1.1 0.0
C0G650 2005061713 29.9 -9997 1.1 0.0
C0G650 2005061714 28.9 -9997 0.5 0.0
C0G650 2005061715 28.3 -9997 0.4 0.0
C0G650 2005061716 28.5 -9997 0.3 0.0
C0G650 2005061717 28.7 -9997 0.0 0.0
C0G650 2005061718 28.2 -9997 0.0 0.0
C0G650 2005061719 27.3 -9997 0.0 0.0
C0G650 2005061720 26.6 -9997 0.0 0.0
C0G650 2005061721 26.3 -9997 0.0 0.0
C0G650 2005061722 26.3 -9997 1.0 0.0
C0G650 2005061723 26.0 -9997 0.2 0.0
C0G650 2005061724 25.9 -9997 0.0 0.0
C0G650 2005061801 25.9 -9997 0.0 0.0
C0G650 2005061802 25.7 -9997 0.0 0.0
C0G650 2005061803 25.5 -9997 0.0 0.0
C0G650 2005061804 25.3 -9997 0.0 0.0
C0G650 2005061805 25.2 -9997 0.0 0.0
C0G650 2005061806 25.2 -9997 0.0 0.0
C0G650 2005061807 27.0 -9997 0.0 0.0
C0G650 2005061808 28.3 -9997 0.4 0.0
C0G650 2005061809 29.3 -9997 1.4 0.0
C0G650 2005061810 30.3 -9997 2.3 0.0
C0G650 2005061811 30.6 -9997 2.5 0.0
C0G650 2005061812 31.7 -9997 2.7 0.0
C0G650 2005061813 31.6 -9997 2.8 0.0
C0G650 2005061814 32.2 -9997 3.8 0.0
C0G650 2005061815 31.7 -9997 2.6 0.0
C0G650 2005061816 32.1 -9997 2.0 0.0
C0G650 2005061817 30.3 -9997 1.8 0.0
C0G650 2005061818 29.1 -9997 0.3 0.0
C0G650 2005061819 28.4 -9997 0.0 0.0
C0G650 2005061820 27.7 -9997 0.0 0.0
C0G650 2005061821 27.0 -9997 0.0 0.0
C0G650 2005061822 26.6 -9997 0.5 0.0
C0G650 2005061823 26.7 -9997 0.0 0.0
C0G650 2005061824 26.4 -9997 1.0 0.0
C0G650 2005061901 26.0 -9997 0.7 0.0
C0G650 2005061902 26.0 -9997 0.6 0.0
C0G650 2005061903 26.1 -9997 0.7 0.0
C0G650 2005061904 25.9 -9997 0.0 0.0
C0G650 2005061905 25.7 -9997 0.6 0.0
C0G650 2005061906 26.3 -9997 0.5 0.0
C0G650 2005061907 27.0 -9997 1.4 0.0
C0G650 2005061908 27.5 -9997 1.1 0.0
C0G650 2005061909 28.8 -9997 1.9 0.0
C0G650 2005061910 29.6 -9997 3.3 0.0
C0G650 2005061911 30.4 -9997 3.9 0.0
C0G650 2005061912 31.9 -9997 -9997 0.0
C0G650 2005061913 31.1 -9997 2.9 0.0
C0G650 2005061914 31.2 -9997 2.2 0.0
C0G650 2005061915 30.6 -9997 3.2 0.0
C0G650 2005061916 30.7 -9997 1.5 0.0
C0G650 2005061917 30.4 -9997 2.0 0.0
C0G650 2005061918 29.5 -9997 1.7 0.0
C0G650 2005061919 28.4 -9997 0.1 0.0
C0G650 2005061920 27.4 -9997 0.5 0.0
C0G650 2005061921 27.1 -9997 0.2 0.0
C0G650 2005061922 26.6 -9997 0.1 0.0
C0G650 2005061923 26.5 -9997 0.0 0.0
C0G650 2005061924 26.9 -9997 1.4 0.0
C0G650 2005062001 26.4 -9997 1.3 0.0
C0G650 2005062002 26.1 -9997 0.0 0.0
C0G650 2005062003 25.4 -9997 0.0 0.0
C0G650 2005062004 25.7 -9997 0.7 0.0
C0G650 2005062005 25.7 -9997 0.4 0.0
C0G650 2005062006 26.3 -9997 0.4 0.0
C0G650 2005062007 26.3 -9997 2.8 0.0
C0G650 2005062008 28.6 -9997 2.0 0.0
C0G650 2005062009 30.2 -9997 3.3 0.0
C0G650 2005062010 29.3 -9997 2.8 0.0
C0G650 2005062011 31.1 -9997 3.1 0.0
C0G650 2005062012 30.3 -9997 2.7 0.0
C0G650 2005062013 28.3 -9997 0.8 0.0
C0G650 2005062014 31.4 -9997 2.3 0.0
C0G650 2005062015 31.5 -9997 2.6 0.0
C0G650 2005062016 32.3 -9997 2.6 0.0
C0G650 2005062017 30.7 -9997 2.4 0.0
C0G650 2005062018 30.3 -9997 1.7 0.0
C0G650 2005062019 28.5 -9997 0.5 0.5
C0G650 2005062020 27.6 -9997 0.1 0.0
C0G650 2005062021 26.9 -9997 0.4 0.0
C0G650 2005062022 26.7 -9997 0.0 0.0
C0G650 2005062023 26.6 -9997 0.1 0.0
C0G650 2005062024 26.6 -9997 0.1 0.0
C0G650 2005062101 25.9 -9997 0.1 0.0
C0G650 2005062102 25.6 -9997 0.5 0.0
C0G650 2005062103 25.7 -9997 0.4 0.0
C0G650 2005062104 25.8 -9997 0.0 0.0
C0G650 2005062105 25.1 -9997 0.0 0.0
C0G650 2005062106 25.9 -9997 0.0 0.0
C0G650 2005062107 26.2 -9997 0.4 0.0
C0G650 2005062108 28.3 -9997 1.7 0.0
C0G650 2005062109 29.8 -9997 1.1 0.0
C0G650 2005062110 31.3 -9997 2.5 0.0
C0G650 2005062111 31.9 -9997 4.6 0.0
C0G650 2005062112 32.9 -9997 4.0 0.0
C0G650 2005062113 32.5 -9997 1.9 0.0
C0G650 2005062114 33.2 -9997 3.4 0.0
C0G650 2005062115 30.3 -9997 3.1 0.0
C0G650 2005062116 29.8 -9997 2.3 2.5
C0G650 2005062117 30.8 -9997 2.1 0.0
C0G650 2005062118 29.5 -9997 1.8 0.0
C0G650 2005062119 28.7 -9997 1.0 0.0
C0G650 2005062120 27.6 -9997 1.0 0.0
C0G650 2005062121 26.5 -9997 0.1 0.0
C0G650 2005062122 26.0 -9997 0.2 0.0
C0G650 2005062123 26.7 -9997 1.2 0.0
C0G650 2005062124 26.6 -9997 0.0 0.0
C0G650 2005062201 26.1 -9997 0.1 0.0
C0G650 2005062202 26.3 -9997 1.5 0.0
C0G650 2005062203 25.9 -9997 0.6 0.0
C0G650 2005062204 25.7 -9997 0.0 0.0
C0G650 2005062205 25.5 -9997 0.1 0.0
C0G650 2005062206 25.7 -9997 0.2 0.0
C0G650 2005062207 28.3 -9997 2.0 0.0
C0G650 2005062208 29.4 -9997 1.7 0.0
C0G650 2005062209 30.5 -9997 2.8 0.0
C0G650 2005062210 31.1 -9997 3.6 0.0
C0G650 2005062211 30.9 -9997 3.6 0.0
C0G650 2005062212 32.7 -9997 3.4 0.0
C0G650 2005062213 28.3 -9997 3.5 0.0
C0G650 2005062214 32.3 -9997 3.1 0.0
C0G650 2005062215 32.6 -9997 3.6 0.0
C0G650 2005062216 31.1 -9997 3.5 0.0
C0G650 2005062217 30.7 -9997 2.8 0.0
C0G650 2005062218 29.7 -9997 1.4 0.0
C0G650 2005062219 28.8 -9997 1.5 0.0
C0G650 2005062220 28.1 -9997 1.3 0.0
C0G650 2005062221 27.2 -9997 1.2 0.0
C0G650 2005062222 27.0 -9997 0.0 0.0
C0G650 2005062223 26.9 -9997 0.6 0.0
C0G650 2005062224 26.9 -9997 0.1 0.0
C0G650 2005062301 26.6 -9997 0.2 0.0
C0G650 2005062302 26.5 -9997 0.1 0.0
C0G650 2005062303 25.7 -9997 0.0 0.0
C0G650 2005062304 25.4 -9997 0.0 0.0
C0G650 2005062305 -9997 -9997 -9997 0.0
C0G650 2005062306 26.5 -9997 0.5 0.0
C0G650 2005062307 27.9 -9997 1.3 0.0
C0G650 2005062308 29.4 -9997 1.7 0.0
C0G650 2005062309 31.4 -9997 1.5 0.0
C0G650 2005062310 32.4 -9997 1.7 0.0
C0G650 2005062311 33.5 -9997 2.3 0.0
C0G650 2005062312 34.1 -9997 3.1 0.0
C0G650 2005062313 33.3 -9997 3.2 0.0
C0G650 2005062314 33.5 -9997 3.3 0.0
C0G650 2005062315 33.4 -9997 3.9 0.0
C0G650 2005062316 32.0 -9997 2.8 0.0
C0G650 2005062317 31.2 -9997 2.3 0.0
C0G650 2005062318 25.6 -9997 2.8 4.0
C0G650 2005062319 25.8 -9997 0.0 6.5
C0G650 2005062320 26.0 -9997 0.2 0.5
C0G650 2005062321 24.7 -9997 0.9 3.5
C0G650 2005062322 25.1 -9997 1.2 0.0
C0G650 2005062323 24.6 -9997 0.0 0.0
C0G650 2005062324 24.9 -9997 0.0 0.0
C0G650 2005062401 24.6 -9997 0.0 0.0
C0G650 2005062402 24.6 -9997 0.0 0.0
C0G650 2005062403 24.5 -9997 0.0 0.0
C0G650 2005062404 24.9 -9997 0.0 0.0
C0G650 2005062405 24.7 -9997 0.0 0.0
C0G650 2005062406 25.4 -9997 0.0 0.0
C0G650 2005062407 27.5 -9997 0.0 0.0
C0G650 2005062408 28.6 -9997 1.1 0.0
C0G650 2005062409 28.0 -9997 1.2 0.0
C0G650 2005062410 28.2 -9997 0.0 0.0
C0G650 2005062411 29.5 -9997 1.1 0.0
C0G650 2005062412 27.9 -9997 0.9 0.0
C0G650 2005062413 28.4 -9997 0.1 0.0
C0G650 2005062414 29.1 -9997 0.6 0.5
C0G650 2005062415 25.6 -9997 3.6 1.0
C0G650 2005062416 25.4 -9997 0.0 3.0
C0G650 2005062417 26.0 -9997 0.0 0.0
C0G650 2005062418 25.5 -9997 0.0 2.0
C0G650 2005062419 25.5 -9997 0.0 0.0
C0G650 2005062420 25.3 -9997 0.0 0.0
C0G650 2005062421 24.8 -9997 0.0 0.0
C0G650 2005062422 24.6 -9997 0.0 0.0
C0G650 2005062423 24.3 -9997 0.0 0.0
C0G650 2005062424 24.4 -9997 0.0 0.0
C0G650 2005062501 24.4 -9997 0.0 0.0
C0G650 2005062502 24.9 -9997 0.4 0.0
C0G650 2005062503 25.2 -9997 0.2 0.5
C0G650 2005062504 24.6 -9997 0.0 0.0
C0G650 2005062505 24.3 -9997 0.0 2.0
C0G650 2005062506 24.4 -9997 0.0 1.0
C0G650 2005062507 25.1 -9997 0.9 0.0
C0G650 2005062508 25.4 -9997 0.0 1.0
C0G650 2005062509 26.2 -9997 0.4 1.5
C0G650 2005062510 26.6 -9997 1.1 0.0
C0G650 2005062511 28.4 -9997 1.5 0.0
C0G650 2005062512 29.0 -9997 0.8 0.0
C0G650 2005062513 30.9 -9997 0.6 0.0
C0G650 2005062514 32.0 -9997 0.4 0.0
C0G650 2005062515 30.9 -9997 1.8 0.0
C0G650 2005062516 31.8 -9997 2.0 0.0
C0G650 2005062517 29.9 -9997 1.1 0.0
C0G650 2005062518 29.4 -9997 0.1 0.0
C0G650 2005062519 28.7 -9997 0.6 0.0
C0G650 2005062520 28.1 -9997 0.0 0.0
C0G650 2005062521 27.5 -9997 0.1 0.0
C0G650 2005062522 27.4 -9997 0.3 0.0
C0G650 2005062523 27.0 -9997 0.0 0.0
C0G650 2005062524 26.4 -9997 0.2 0.0
C0G650 2005062601 25.8 -9997 0.0 0.0
C0G650 2005062602 25.5 -9997 0.0 0.0
C0G650 2005062603 25.1 -9997 0.0 0.0
C0G650 2005062604 24.9 -9997 0.0 0.0
C0G650 2005062605 24.7 -9997 0.0 0.0
C0G650 2005062606 26.0 -9997 0.0 0.0
C0G650 2005062607 27.5 -9997 0.0 0.0
C0G650 2005062608 29.5 -9997 0.4 0.0
C0G650 2005062609 30.8 -9997 2.0 0.0
C0G650 2005062610 31.9 -9997 1.8 0.0
C0G650 2005062611 33.0 -9997 1.9 0.0
C0G650 2005062612 32.5 -9997 2.5 0.0
C0G650 2005062613 34.2 -9997 2.1 0.0
C0G650 2005062614 32.0 -9997 2.1 0.0
C0G650 2005062615 32.2 -9997 2.0 0.0
C0G650 2005062616 32.8 -9997 1.9 0.0
C0G650 2005062617 31.2 -9997 1.8 0.0
C0G650 2005062618 30.1 -9997 1.8 0.0
C0G650 2005062619 29.2 -9997 -9997 0.0
C0G650 2005062620 28.5 -9997 0.3 0.0
C0G650 2005062621 28.3 -9997 0.3 0.0
C0G650 2005062622 27.8 -9997 0.5 0.0
C0G650 2005062623 27.1 -9997 0.0 0.0
C0G650 2005062624 26.6 -9997 -9997 0.0
C0G650 2005062701 26.5 -9997 0.0 0.0
C0G650 2005062702 26.4 -9997 0.0 0.0
C0G650 2005062703 26.2 -9997 0.0 0.0
C0G650 2005062704 25.7 -9997 0.0 0.0
C0G650 2005062705 26.3 -9997 0.0 0.0
C0G650 2005062706 26.3 -9997 0.0 0.0
C0G650 2005062707 27.4 -9997 0.0 0.0
C0G650 2005062708 30.2 -9997 0.4 0.0
C0G650 2005062709 31.0 -9997 0.9 0.0
C0G650 2005062710 32.2 -9997 0.5 0.0
C0G650 2005062711 33.3 -9997 1.1 0.0
C0G650 2005062712 34.2 -9997 1.5 0.0
C0G650 2005062713 33.1 -9997 1.2 0.0
C0G650 2005062714 33.7 -9997 0.6 0.0
C0G650 2005062715 32.9 -9997 1.7 0.0
C0G650 2005062716 29.9 -9997 2.0 0.0
C0G650 2005062717 28.9 -9997 0.0 0.0
C0G650 2005062718 27.8 -9997 0.1 0.0
C0G650 2005062719 27.2 -9997 0.0 0.0
C0G650 2005062720 27.2 -9997 0.0 0.0
C0G650 2005062721 27.0 -9997 0.0 0.0
C0G650 2005062722 27.2 -9997 0.0 0.0
C0G650 2005062723 27.0 -9997 0.0 0.0
C0G650 2005062724 26.9 -9997 0.2 0.0
C0G650 2005062801 25.7 -9997 0.1 1.5
C0G650 2005062802 25.7 -9997 0.0 0.0
C0G650 2005062803 25.7 -9997 0.0 0.0
C0G650 2005062804 25.5 -9997 1.3 0.0
C0G650 2005062805 25.3 -9997 0.0 0.0
C0G650 2005062806 25.4 -9997 0.0 0.0
C0G650 2005062807 25.4 -9997 0.0 0.5
C0G650 2005062808 25.4 -9997 0.0 0.5
C0G650 2005062809 25.5 -9997 0.0 1.0
C0G650 2005062810 25.3 -9997 0.4 2.0
C0G650 2005062811 25.3 -9997 0.3 1.0
C0G650 2005062812 25.4 -9997 1.4 1.5
C0G650 2005062813 25.7 -9997 1.0 0.0
C0G650 2005062814 25.7 -9997 0.7 0.0
C0G650 2005062815 25.8 -9997 1.4 0.5
C0G650 2005062816 25.2 -9997 0.2 1.0
C0G650 2005062817 25.3 -9997 0.0 0.0
C0G650 2005062818 25.4 -9997 0.0 0.0
C0G650 2005062819 24.9 -9997 0.0 0.0
C0G650 2005062820 24.4 -9997 0.0 0.0
C0G650 2005062821 24.4 -9997 0.0 0.0
C0G650 2005062822 24.6 -9997 0.0 0.0
C0G650 2005062823 24.5 -9997 0.0 0.0
C0G650 2005062824 24.5 -9997 0.0 0.0
C0G650 2005062901 24.1 -9997 0.0 0.0
C0G650 2005062902 23.9 -9997 0.0 0.0
C0G650 2005062903 24.2 -9997 0.0 0.0
C0G650 2005062904 24.5 -9997 0.0 0.0
C0G650 2005062905 24.4 -9997 0.0 0.0
C0G650 2005062906 24.9 -9997 0.0 0.0
C0G650 2005062907 25.5 -9997 0.0 0.0
C0G650 2005062908 28.9 -9997 0.0 0.0
C0G650 2005062909 30.6 -9997 0.9 0.0
C0G650 2005062910 31.6 -9997 1.1 0.0
C0G650 2005062911 32.6 -9997 0.7 0.0
C0G650 2005062912 29.6 -9997 1.1 0.0
C0G650 2005062913 30.4 -9997 0.5 0.0
C0G650 2005062914 30.8 -9997 0.2 0.0
C0G650 2005062915 30.0 -9997 0.3 0.0
C0G650 2005062916 29.3 -9997 0.5 0.0
C0G650 2005062917 29.6 -9997 0.2 0.0
C0G650 2005062918 29.2 -9997 0.4 0.0
C0G650 2005062919 28.2 -9997 0.9 0.0
C0G650 2005062920 27.6 -9997 0.1 0.0
C0G650 2005062921 27.5 -9997 0.2 0.0
C0G650 2005062922 27.1 -9997 0.0 0.0
C0G650 2005062923 26.9 -9997 0.0 0.0
C0G650 2005062924 27.2 -9997 0.0 0.0
C0G650 2005063001 26.2 -9997 0.0 -9996
C0G650 2005063002 25.6 -9997 0.0 0.0
C0G650 2005063003 25.5 -9997 0.0 0.0
C0G650 2005063004 24.9 -9997 0.0 0.0
C0G650 2005063005 25.0 -9997 0.0 0.0
C0G650 2005063006 25.5 -9997 -9997 0.0
C0G650 2005063007 27.4 -9997 0.0 0.0
C0G650 2005063008 30.3 -9997 0.4 0.0
C0G650 2005063009 32.6 -9997 0.1 0.0
C0G650 2005063010 32.9 -9997 1.2 0.0
C0G650 2005063011 32.7 -9997 0.2 0.0
C0G650 2005063012 32.8 -9997 0.6 0.0
C0G650 2005063013 33.1 -9997 0.4 0.0
C0G650 2005063014 32.6 -9997 0.3 0.0
C0G650 2005063015 31.3 -9997 0.1 0.0
C0G650 2005063016 29.1 -9997 0.0 5.5
C0G650 2005063017 29.5 -9997 0.1 0.5
C0G650 2005063018 29.9 -9997 0.0 0.0
C0G650 2005063019 28.9 -9997 0.0 0.0
C0G650 2005063020 27.6 -9997 0.0 0.0
C0G650 2005063021 27.3 -9997 0.0 0.0
C0G650 2005063022 26.8 -9997 0.0 0.0
C0G650 2005063023 27.2 -9997 0.2 0.0
C0G650 2005063024 25.9 -9997 0.0 0.0
C0G660 2005060101 -9999 -9999 -9999 0.0
C0G660 2005060102 -9999 -9999 -9999 0.0
C0G660 2005060103 -9999 -9999 -9999 0.0
C0G660 2005060104 -9999 -9999 -9999 0.0
C0G660 2005060105 -9999 -9999 -9999 0.0
C0G660 2005060106 -9999 -9999 -9999 0.0
C0G660 2005060107 -9999 -9999 -9999 0.0
C0G660 2005060108 -9999 -9999 -9999 0.0
C0G660 2005060109 -9999 -9999 -9999 0.5
C0G660 2005060110 -9999 -9999 -9999 0.0
C0G660 2005060111 -9999 -9999 -9999 0.0
C0G660 2005060112 -9999 -9999 -9999 0.0
C0G660 2005060113 -9999 -9999 -9999 0.0
C0G660 2005060114 -9999 -9999 -9999 0.0
C0G660 2005060115 -9999 -9999 -9999 0.0
C0G660 2005060116 -9999 -9999 -9999 0.0
C0G660 2005060117 -9999 -9999 -9999 0.0
C0G660 2005060118 -9999 -9999 -9999 0.0
C0G660 2005060119 -9999 -9999 -9999 0.0
C0G660 2005060120 -9999 -9999 -9999 0.0
C0G660 2005060121 -9999 -9999 -9999 0.0
C0G660 2005060122 -9999 -9999 -9999 0.0
C0G660 2005060123 -9999 -9999 -9999 0.0
C0G660 2005060124 -9999 -9999 -9999 0.0
C0G660 2005060201 -9999 -9999 -9999 0.0
C0G660 2005060202 -9999 -9999 -9999 0.0
C0G660 2005060203 -9999 -9999 -9999 0.0
C0G660 2005060204 -9999 -9999 -9999 0.0
C0G660 2005060205 -9999 -9999 -9999 0.0
C0G660 2005060206 -9999 -9999 -9999 0.0
C0G660 2005060207 -9999 -9999 -9999 0.0
C0G660 2005060208 -9999 -9999 -9999 0.0
C0G660 2005060209 -9999 -9999 -9999 0.0
C0G660 2005060210 -9999 -9999 -9999 0.0
C0G660 2005060211 -9999 -9999 -9999 0.5
C0G660 2005060212 -9999 -9999 -9999 0.5
C0G660 2005060213 -9999 -9999 -9999 1.0
C0G660 2005060214 -9999 -9999 -9999 1.0
C0G660 2005060215 -9999 -9999 -9999 0.0
C0G660 2005060216 -9999 -9999 -9999 2.5
C0G660 2005060217 -9999 -9999 -9999 0.5
C0G660 2005060218 -9999 -9999 -9999 0.0
C0G660 2005060219 -9999 -9999 -9999 0.0
C0G660 2005060220 -9999 -9999 -9999 0.0
C0G660 2005060221 -9999 -9999 -9999 0.0
C0G660 2005060222 -9999 -9999 -9999 0.0
C0G660 2005060223 -9999 -9999 -9999 0.0
C0G660 2005060224 -9999 -9999 -9999 0.0
C0G660 2005060301 -9999 -9999 -9999 0.0
C0G660 2005060302 -9999 -9999 -9999 0.0
C0G660 2005060303 -9999 -9999 -9999 0.0
C0G660 2005060304 -9999 -9999 -9999 0.0
C0G660 2005060305 -9999 -9999 -9999 0.0
C0G660 2005060306 -9999 -9999 -9999 0.0
C0G660 2005060307 -9999 -9999 -9999 0.0
C0G660 2005060308 -9999 -9999 -9999 4.0
C0G660 2005060309 -9999 -9999 -9999 3.0
C0G660 2005060310 -9999 -9999 -9999 17.5
C0G660 2005060311 -9999 -9999 -9999 3.5
C0G660 2005060312 -9999 -9999 -9999 2.5
C0G660 2005060313 -9999 -9999 -9999 2.0
C0G660 2005060314 -9999 -9999 -9999 0.0
C0G660 2005060315 -9999 -9999 -9999 0.0
C0G660 2005060316 -9999 -9999 -9999 17.5
C0G660 2005060317 -9999 -9999 -9999 0.5
C0G660 2005060318 -9999 -9999 -9999 0.0
C0G660 2005060319 -9999 -9999 -9999 0.0
C0G660 2005060320 -9999 -9999 -9999 0.0
C0G660 2005060321 -9999 -9999 -9999 0.0
C0G660 2005060322 -9999 -9999 -9999 0.0
C0G660 2005060323 -9999 -9999 -9999 0.0
C0G660 2005060324 -9999 -9999 -9999 0.0
C0G660 2005060401 -9999 -9999 -9999 0.0
C0G660 2005060402 -9999 -9999 -9999 0.0
C0G660 2005060403 -9999 -9999 -9999 0.0
C0G660 2005060404 -9999 -9999 -9999 0.0
C0G660 2005060405 -9999 -9999 -9999 0.0
C0G660 2005060406 -9999 -9999 -9999 0.0
C0G660 2005060407 -9999 -9999 -9999 0.0
C0G660 2005060408 -9999 -9999 -9999 0.0
C0G660 2005060409 -9999 -9999 -9999 0.0
C0G660 2005060410 -9999 -9999 -9999 0.0
C0G660 2005060411 -9999 -9999 -9999 0.0
C0G660 2005060412 -9999 -9999 -9999 0.0
C0G660 2005060413 -9999 -9999 -9999 0.0
C0G660 2005060414 -9999 -9999 -9999 0.0
C0G660 2005060415 -9999 -9999 -9999 0.0
C0G660 2005060416 -9999 -9999 -9999 0.0
C0G660 2005060417 -9999 -9999 -9999 0.0
C0G660 2005060418 -9999 -9999 -9999 0.0
C0G660 2005060419 -9999 -9999 -9999 0.0
C0G660 2005060420 -9999 -9999 -9999 0.0
C0G660 2005060421 -9999 -9999 -9999 0.0
C0G660 2005060422 -9999 -9999 -9999 0.0
C0G660 2005060423 -9999 -9999 -9999 0.0
C0G660 2005060424 -9999 -9999 -9999 0.0
C0G660 2005060501 -9999 -9999 -9999 0.0
C0G660 2005060502 -9999 -9999 -9999 0.0
C0G660 2005060503 -9999 -9999 -9999 0.0
C0G660 2005060504 -9999 -9999 -9999 0.0
C0G660 2005060505 -9999 -9999 -9999 0.0
C0G660 2005060506 -9999 -9999 -9999 0.0
C0G660 2005060507 -9999 -9999 -9999 0.0
C0G660 2005060508 -9999 -9999 -9999 0.0
C0G660 2005060509 -9999 -9999 -9999 0.0
C0G660 2005060510 -9999 -9999 -9999 0.0
C0G660 2005060511 -9999 -9999 -9999 0.0
C0G660 2005060512 -9999 -9999 -9999 0.0
C0G660 2005060513 -9999 -9999 -9999 0.0
C0G660 2005060514 -9999 -9999 -9999 0.0
C0G660 2005060515 -9999 -9999 -9999 0.0
C0G660 2005060516 -9999 -9999 -9999 0.0
C0G660 2005060517 -9999 -9999 -9999 0.0
C0G660 2005060518 -9999 -9999 -9999 0.0
C0G660 2005060519 -9999 -9999 -9999 0.0
C0G660 2005060520 -9999 -9999 -9999 0.0
C0G660 2005060521 -9999 -9999 -9999 0.0
C0G660 2005060522 -9999 -9999 -9999 0.0
C0G660 2005060523 -9999 -9999 -9999 0.0
C0G660 2005060524 -9999 -9999 -9999 0.0
C0G660 2005060601 -9999 -9999 -9999 0.0
C0G660 2005060602 -9999 -9999 -9999 0.0
C0G660 2005060603 -9999 -9999 -9999 0.0
C0G660 2005060604 -9999 -9999 -9999 0.0
C0G660 2005060605 -9999 -9999 -9999 0.0
C0G660 2005060606 -9999 -9999 -9999 0.0
C0G660 2005060607 -9999 -9999 -9999 0.0
C0G660 2005060608 -9999 -9999 -9999 0.0
C0G660 2005060609 -9999 -9999 -9999 0.0
C0G660 2005060610 -9999 -9999 -9999 0.0
C0G660 2005060611 -9999 -9999 -9999 0.0
C0G660 2005060612 -9999 -9999 -9999 0.0
C0G660 2005060613 -9999 -9999 -9999 0.0
C0G660 2005060614 -9999 -9999 -9999 0.0
C0G660 2005060615 -9999 -9999 -9999 0.0
C0G660 2005060616 -9999 -9999 -9999 0.0
C0G660 2005060617 -9999 -9999 -9999 0.0
C0G660 2005060618 -9999 -9999 -9999 0.0
C0G660 2005060619 -9999 -9999 -9999 0.0
C0G660 2005060620 -9999 -9999 -9999 0.0
C0G660 2005060621 -9999 -9999 -9999 0.0
C0G660 2005060622 -9999 -9999 -9999 0.0
C0G660 2005060623 -9999 -9999 -9999 0.0
C0G660 2005060624 -9999 -9999 -9999 0.0
C0G660 2005060701 -9999 -9999 -9999 0.0
C0G660 2005060702 -9999 -9999 -9999 0.0
C0G660 2005060703 -9999 -9999 -9999 0.0
C0G660 2005060704 -9999 -9999 -9999 0.0
C0G660 2005060705 -9999 -9999 -9999 0.0
C0G660 2005060706 -9999 -9999 -9999 0.0
C0G660 2005060707 -9999 -9999 -9999 0.0
C0G660 2005060708 -9999 -9999 -9999 0.0
C0G660 2005060709 -9999 -9999 -9999 0.0
C0G660 2005060710 -9999 -9999 -9999 0.0
C0G660 2005060711 -9999 -9999 -9999 0.0
C0G660 2005060712 -9999 -9999 -9999 0.0
C0G660 2005060713 -9999 -9999 -9999 0.0
C0G660 2005060714 -9999 -9999 -9999 0.0
C0G660 2005060715 -9999 -9999 -9999 0.0
C0G660 2005060716 -9999 -9999 -9999 0.0
C0G660 2005060717 -9999 -9999 -9999 0.0
C0G660 2005060718 -9999 -9999 -9999 0.0
C0G660 2005060719 -9999 -9999 -9999 0.0
C0G660 2005060720 -9999 -9999 -9999 0.0
C0G660 2005060721 -9999 -9999 -9999 0.0
C0G660 2005060722 -9999 -9999 -9999 0.0
C0G660 2005060723 -9999 -9999 -9999 0.0
C0G660 2005060724 -9999 -9999 -9999 0.0
C0G660 2005060801 -9999 -9999 -9999 0.0
C0G660 2005060802 -9999 -9999 -9999 0.0
C0G660 2005060803 -9999 -9999 -9999 0.0
C0G660 2005060804 -9999 -9999 -9999 0.0
C0G660 2005060805 -9999 -9999 -9999 0.0
C0G660 2005060806 -9999 -9999 -9999 0.0
C0G660 2005060807 -9999 -9999 -9999 0.0
C0G660 2005060808 -9999 -9999 -9999 0.0
C0G660 2005060809 -9999 -9999 -9999 0.0
C0G660 2005060810 -9999 -9999 -9999 0.0
C0G660 2005060811 -9999 -9999 -9999 0.0
C0G660 2005060812 -9999 -9999 -9999 0.0
C0G660 2005060813 -9999 -9999 -9999 0.0
C0G660 2005060814 -9999 -9999 -9999 0.0
C0G660 2005060815 -9999 -9999 -9999 0.0
C0G660 2005060816 -9999 -9999 -9999 0.0
C0G660 2005060817 -9999 -9999 -9999 0.0
C0G660 2005060818 -9999 -9999 -9999 0.0
C0G660 2005060819 -9999 -9999 -9999 0.0
C0G660 2005060820 -9999 -9999 -9999 0.0
C0G660 2005060821 -9999 -9999 -9999 0.0
C0G660 2005060822 -9999 -9999 -9999 0.0
C0G660 2005060823 -9999 -9999 -9999 0.0
C0G660 2005060824 -9999 -9999 -9999 0.0
C0G660 2005060901 -9999 -9999 -9999 -9996
C0G660 2005060902 -9999 -9999 -9999 -9996
C0G660 2005060903 -9999 -9999 -9999 0.0
C0G660 2005060904 -9999 -9999 -9999 0.0
C0G660 2005060905 -9999 -9999 -9999 0.0
C0G660 2005060906 -9999 -9999 -9999 0.0
C0G660 2005060907 -9999 -9999 -9999 0.0
C0G660 2005060908 -9999 -9999 -9999 0.0
C0G660 2005060909 -9999 -9999 -9999 0.0
C0G660 2005060910 -9999 -9999 -9999 0.0
C0G660 2005060911 -9999 -9999 -9999 0.0
C0G660 2005060912 -9999 -9999 -9999 0.0
C0G660 2005060913 -9999 -9999 -9999 0.0
C0G660 2005060914 -9999 -9999 -9999 0.0
C0G660 2005060915 -9999 -9999 -9999 0.0
C0G660 2005060916 -9999 -9999 -9999 0.0
C0G660 2005060917 -9999 -9999 -9999 0.0
C0G660 2005060918 -9999 -9999 -9999 0.0
C0G660 2005060919 -9999 -9999 -9999 0.0
C0G660 2005060920 -9999 -9999 -9999 0.0
C0G660 2005060921 -9999 -9999 -9999 0.0
C0G660 2005060922 -9999 -9999 -9999 0.0
C0G660 2005060923 -9999 -9999 -9999 0.0
C0G660 2005060924 -9999 -9999 -9999 0.0
C0G660 2005061001 -9999 -9999 -9999 -9996
C0G660 2005061002 -9999 -9999 -9999 0.0
C0G660 2005061003 -9999 -9999 -9999 0.0
C0G660 2005061004 -9999 -9999 -9999 0.0
C0G660 2005061005 -9999 -9999 -9999 0.0
C0G660 2005061006 -9999 -9999 -9999 0.0
C0G660 2005061007 -9999 -9999 -9999 0.0
C0G660 2005061008 -9999 -9999 -9999 0.0
C0G660 2005061009 -9999 -9999 -9999 0.0
C0G660 2005061010 -9999 -9999 -9999 0.0
C0G660 2005061011 -9999 -9999 -9999 0.0
C0G660 2005061012 -9999 -9999 -9999 0.0
C0G660 2005061013 -9999 -9999 -9999 0.0
C0G660 2005061014 -9999 -9999 -9999 0.0
C0G660 2005061015 -9999 -9999 -9999 0.0
C0G660 2005061016 -9999 -9999 -9999 0.0
C0G660 2005061017 -9999 -9999 -9999 0.0
C0G660 2005061018 -9999 -9999 -9999 0.0
C0G660 2005061019 -9999 -9999 -9999 0.0
C0G660 2005061020 -9999 -9999 -9999 0.0
C0G660 2005061021 -9999 -9999 -9999 0.0
C0G660 2005061022 -9999 -9999 -9999 0.0
C0G660 2005061023 -9999 -9999 -9999 0.0
C0G660 2005061024 -9999 -9999 -9999 0.0
C0G660 2005061101 -9999 -9999 -9999 0.0
C0G660 2005061102 -9999 -9999 -9999 0.0
C0G660 2005061103 -9999 -9999 -9999 0.0
C0G660 2005061104 -9999 -9999 -9999 0.0
C0G660 2005061105 -9999 -9999 -9999 0.0
C0G660 2005061106 -9999 -9999 -9999 0.0
C0G660 2005061107 -9999 -9999 -9999 0.0
C0G660 2005061108 -9999 -9999 -9999 0.0
C0G660 2005061109 -9999 -9999 -9999 0.0
C0G660 2005061110 -9999 -9999 -9999 0.0
C0G660 2005061111 -9999 -9999 -9999 0.0
C0G660 2005061112 -9999 -9999 -9999 0.0
C0G660 2005061113 -9999 -9999 -9999 0.0
C0G660 2005061114 -9999 -9999 -9999 0.0
C0G660 2005061115 -9999 -9999 -9999 0.0
C0G660 2005061116 -9999 -9999 -9999 0.0
C0G660 2005061117 -9999 -9999 -9999 0.0
C0G660 2005061118 -9999 -9999 -9999 0.0
C0G660 2005061119 -9999 -9999 -9999 0.0
C0G660 2005061120 -9999 -9999 -9999 0.0
C0G660 2005061121 -9999 -9999 -9999 0.0
C0G660 2005061122 -9999 -9999 -9999 0.0
C0G660 2005061123 -9999 -9999 -9999 0.0
C0G660 2005061124 -9999 -9999 -9999 0.0
C0G660 2005061201 -9999 -9999 -9999 0.0
C0G660 2005061202 -9999 -9999 -9999 0.0
C0G660 2005061203 -9999 -9999 -9999 0.0
C0G660 2005061204 -9999 -9999 -9999 0.0
C0G660 2005061205 -9999 -9999 -9999 0.0
C0G660 2005061206 -9999 -9999 -9999 0.0
C0G660 2005061207 -9999 -9999 -9999 0.0
C0G660 2005061208 -9999 -9999 -9999 0.0
C0G660 2005061209 -9999 -9999 -9999 0.0
C0G660 2005061210 -9999 -9999 -9999 2.0
C0G660 2005061211 -9999 -9999 -9999 10.0
C0G660 2005061212 -9999 -9999 -9999 21.0
C0G660 2005061213 -9999 -9999 -9999 0.0
C0G660 2005061214 -9999 -9999 -9999 0.5
C0G660 2005061215 -9999 -9999 -9999 0.0
C0G660 2005061216 -9999 -9999 -9999 0.5
C0G660 2005061217 -9999 -9999 -9999 0.0
C0G660 2005061218 -9999 -9999 -9999 0.5
C0G660 2005061219 -9999 -9999 -9999 1.0
C0G660 2005061220 -9999 -9999 -9999 0.5
C0G660 2005061221 -9999 -9999 -9999 0.0
C0G660 2005061222 -9999 -9999 -9999 0.0
C0G660 2005061223 -9999 -9999 -9999 0.0
C0G660 2005061224 -9999 -9999 -9999 0.0
C0G660 2005061301 -9999 -9999 -9999 0.0
C0G660 2005061302 -9999 -9999 -9999 0.0
C0G660 2005061303 -9999 -9999 -9999 0.0
C0G660 2005061304 -9999 -9999 -9999 0.0
C0G660 2005061305 -9999 -9999 -9999 0.0
C0G660 2005061306 -9999 -9999 -9999 0.0
C0G660 2005061307 -9999 -9999 -9999 0.0
C0G660 2005061308 -9999 -9999 -9999 0.0
C0G660 2005061309 -9999 -9999 -9999 0.0
C0G660 2005061310 -9999 -9999 -9999 0.0
C0G660 2005061311 -9999 -9999 -9999 0.0
C0G660 2005061312 -9999 -9999 -9999 0.0
C0G660 2005061313 -9999 -9999 -9999 0.0
C0G660 2005061314 -9999 -9999 -9999 0.0
C0G660 2005061315 -9999 -9999 -9999 0.0
C0G660 2005061316 -9999 -9999 -9999 0.0
C0G660 2005061317 -9999 -9999 -9999 0.0
C0G660 2005061318 -9999 -9999 -9999 0.0
C0G660 2005061319 -9999 -9999 -9999 0.0
C0G660 2005061320 -9999 -9999 -9999 0.0
C0G660 2005061321 -9999 -9999 -9999 0.0
C0G660 2005061322 -9999 -9999 -9999 0.0
C0G660 2005061323 -9999 -9999 -9999 0.0
C0G660 2005061324 -9999 -9999 -9999 0.0
C0G660 2005061401 -9999 -9999 -9999 0.0
C0G660 2005061402 -9999 -9999 -9999 0.0
C0G660 2005061403 -9999 -9999 -9999 0.0
C0G660 2005061404 -9999 -9999 -9999 0.0
C0G660 2005061405 -9999 -9999 -9999 0.0
C0G660 2005061406 -9999 -9999 -9999 1.0
C0G660 2005061407 -9999 -9999 -9999 1.0
C0G660 2005061408 -9999 -9999 -9999 0.0
C0G660 2005061409 -9999 -9999 -9999 17.0
C0G660 2005061410 -9999 -9999 -9999 4.5
C0G660 2005061411 -9999 -9999 -9999 25.0
C0G660 2005061412 -9999 -9999 -9999 20.0
C0G660 2005061413 -9999 -9999 -9999 28.0
C0G660 2005061414 -9999 -9999 -9999 14.5
C0G660 2005061415 -9999 -9999 -9999 8.0
C0G660 2005061416 -9999 -9999 -9999 7.0
C0G660 2005061417 -9999 -9999 -9999 0.5
C0G660 2005061418 -9999 -9999 -9999 0.0
C0G660 2005061419 -9999 -9999 -9999 0.0
C0G660 2005061420 -9999 -9999 -9999 0.0
C0G660 2005061421 -9999 -9999 -9999 0.0
C0G660 2005061422 -9999 -9999 -9999 7.0
C0G660 2005061423 -9999 -9999 -9999 14.5
C0G660 2005061424 -9999 -9999 -9999 17.0
C0G660 2005061501 -9999 -9999 -9999 19.5
C0G660 2005061502 -9999 -9999 -9999 9.0
C0G660 2005061503 -9999 -9999 -9999 6.0
C0G660 2005061504 -9999 -9999 -9999 7.5
C0G660 2005061505 -9999 -9999 -9999 10.0
C0G660 2005061506 -9999 -9999 -9999 3.0
C0G660 2005061507 -9999 -9999 -9999 43.0
C0G660 2005061508 -9999 -9999 -9999 30.5
C0G660 2005061509 -9999 -9999 -9999 9.5
C0G660 2005061510 -9999 -9999 -9999 14.5
C0G660 2005061511 -9999 -9999 -9999 16.0
C0G660 2005061512 -9999 -9999 -9999 14.5
C0G660 2005061513 -9999 -9999 -9999 3.0
C0G660 2005061514 -9999 -9999 -9999 2.5
C0G660 2005061515 -9999 -9999 -9999 1.0
C0G660 2005061516 -9999 -9999 -9999 0.5
C0G660 2005061517 -9999 -9999 -9999 0.0
C0G660 2005061518 -9999 -9999 -9999 0.0
C0G660 2005061519 -9999 -9999 -9999 0.5
C0G660 2005061520 -9999 -9999 -9999 1.0
C0G660 2005061521 -9999 -9999 -9999 0.0
C0G660 2005061522 -9999 -9999 -9999 0.0
C0G660 2005061523 -9999 -9999 -9999 0.0
C0G660 2005061524 -9999 -9999 -9999 0.5
C0G660 2005061601 -9999 -9999 -9999 0.0
C0G660 2005061602 -9999 -9999 -9999 1.0
C0G660 2005061603 -9999 -9999 -9999 15.0
C0G660 2005061604 -9999 -9999 -9999 10.0
C0G660 2005061605 -9999 -9999 -9999 0.5
C0G660 2005061606 -9999 -9999 -9999 1.0
C0G660 2005061607 -9999 -9999 -9999 0.0
C0G660 2005061608 -9999 -9999 -9999 3.0
C0G660 2005061609 -9999 -9999 -9999 0.5
C0G660 2005061610 -9999 -9999 -9999 1.5
C0G660 2005061611 -9999 -9999 -9999 0.5
C0G660 2005061612 -9999 -9999 -9999 4.0
C0G660 2005061613 -9999 -9999 -9999 6.0
C0G660 2005061614 -9999 -9999 -9999 4.5
C0G660 2005061615 -9999 -9999 -9999 0.0
C0G660 2005061616 -9999 -9999 -9999 13.0
C0G660 2005061617 -9999 -9999 -9999 7.5
C0G660 2005061618 -9999 -9999 -9999 7.5
C0G660 2005061619 -9999 -9999 -9999 1.5
C0G660 2005061620 -9999 -9999 -9999 0.0
C0G660 2005061621 -9999 -9999 -9999 0.0
C0G660 2005061622 -9999 -9999 -9999 0.0
C0G660 2005061623 -9999 -9999 -9999 0.0
C0G660 2005061624 -9999 -9999 -9999 1.5
C0G660 2005061701 -9999 -9999 -9999 0.0
C0G660 2005061702 -9999 -9999 -9999 0.0
C0G660 2005061703 -9999 -9999 -9999 0.0
C0G660 2005061704 -9999 -9999 -9999 0.0
C0G660 2005061705 -9999 -9999 -9999 0.0
C0G660 2005061706 -9999 -9999 -9999 0.0
C0G660 2005061707 -9999 -9999 -9999 0.0
C0G660 2005061708 -9999 -9999 -9999 0.0
C0G660 2005061709 -9999 -9999 -9999 0.0
C0G660 2005061710 -9999 -9999 -9999 0.0
C0G660 2005061711 -9999 -9999 -9999 0.0
C0G660 2005061712 -9999 -9999 -9999 0.0
C0G660 2005061713 -9999 -9999 -9999 0.0
C0G660 2005061714 -9999 -9999 -9999 0.0
C0G660 2005061715 -9999 -9999 -9999 0.0
C0G660 2005061716 -9999 -9999 -9999 0.0
C0G660 2005061717 -9999 -9999 -9999 0.0
C0G660 2005061718 -9999 -9999 -9999 0.0
C0G660 2005061719 -9999 -9999 -9999 0.0
C0G660 2005061720 -9999 -9999 -9999 0.0
C0G660 2005061721 -9999 -9999 -9999 0.0
C0G660 2005061722 -9999 -9999 -9999 0.0
C0G660 2005061723 -9999 -9999 -9999 0.0
C0G660 2005061724 -9999 -9999 -9999 0.0
C0G660 2005061801 -9999 -9999 -9999 0.0
C0G660 2005061802 -9999 -9999 -9999 0.0
C0G660 2005061803 -9999 -9999 -9999 0.0
C0G660 2005061804 -9999 -9999 -9999 0.0
C0G660 2005061805 -9999 -9999 -9999 0.0
C0G660 2005061806 -9999 -9999 -9999 0.0
C0G660 2005061807 -9999 -9999 -9999 0.0
C0G660 2005061808 -9999 -9999 -9999 0.0
C0G660 2005061809 -9999 -9999 -9999 0.0
C0G660 2005061810 -9999 -9999 -9999 0.0
C0G660 2005061811 -9999 -9999 -9999 0.0
C0G660 2005061812 -9999 -9999 -9999 0.0
C0G660 2005061813 -9999 -9999 -9999 0.0
C0G660 2005061814 -9999 -9999 -9999 0.0
C0G660 2005061815 -9999 -9999 -9999 0.0
C0G660 2005061816 -9999 -9999 -9999 0.0
C0G660 2005061817 -9999 -9999 -9999 0.0
C0G660 2005061818 -9999 -9999 -9999 0.0
C0G660 2005061819 -9999 -9999 -9999 0.0
C0G660 2005061820 -9999 -9999 -9999 0.0
C0G660 2005061821 -9999 -9999 -9999 0.0
C0G660 2005061822 -9999 -9999 -9999 0.0
C0G660 2005061823 -9999 -9999 -9999 0.0
C0G660 2005061824 -9999 -9999 -9999 0.0
C0G660 2005061901 -9999 -9999 -9999 0.0
C0G660 2005061902 -9999 -9999 -9999 0.0
C0G660 2005061903 -9999 -9999 -9999 0.0
C0G660 2005061904 -9999 -9999 -9999 0.0
C0G660 2005061905 -9999 -9999 -9999 0.0
C0G660 2005061906 -9999 -9999 -9999 0.0
C0G660 2005061907 -9999 -9999 -9999 0.0
C0G660 2005061908 -9999 -9999 -9999 0.0
C0G660 2005061909 -9999 -9999 -9999 0.0
C0G660 2005061910 -9999 -9999 -9999 0.0
C0G660 2005061911 -9999 -9999 -9999 0.0
C0G660 2005061912 -9999 -9999 -9999 0.5
C0G660 2005061913 -9999 -9999 -9999 0.0
C0G660 2005061914 -9999 -9999 -9999 0.0
C0G660 2005061915 -9999 -9999 -9999 0.0
C0G660 2005061916 -9999 -9999 -9999 0.0
C0G660 2005061917 -9999 -9999 -9999 0.0
C0G660 2005061918 -9999 -9999 -9999 0.0
C0G660 2005061919 -9999 -9999 -9999 0.0
C0G660 2005061920 -9999 -9999 -9999 0.0
C0G660 2005061921 -9999 -9999 -9999 0.0
C0G660 2005061922 -9999 -9999 -9999 0.0
C0G660 2005061923 -9999 -9999 -9999 0.0
C0G660 2005061924 -9999 -9999 -9999 0.0
C0G660 2005062001 -9999 -9999 -9999 0.0
C0G660 2005062002 -9999 -9999 -9999 0.0
C0G660 2005062003 -9999 -9999 -9999 0.0
C0G660 2005062004 -9999 -9999 -9999 0.0
C0G660 2005062005 -9999 -9999 -9999 0.0
C0G660 2005062006 -9999 -9999 -9999 0.0
C0G660 2005062007 -9999 -9999 -9999 0.0
C0G660 2005062008 -9999 -9999 -9999 0.0
C0G660 2005062009 -9999 -9999 -9999 0.0
C0G660 2005062010 -9999 -9999 -9999 0.0
C0G660 2005062011 -9999 -9999 -9999 0.0
C0G660 2005062012 -9999 -9999 -9999 0.0
C0G660 2005062013 -9999 -9999 -9999 0.0
C0G660 2005062014 -9999 -9999 -9999 0.0
C0G660 2005062015 -9999 -9999 -9999 0.0
C0G660 2005062016 -9999 -9999 -9999 0.0
C0G660 2005062017 -9999 -9999 -9999 0.0
C0G660 2005062018 -9999 -9999 -9999 0.0
C0G660 2005062019 -9999 -9999 -9999 0.0
C0G660 2005062020 -9999 -9999 -9999 0.0
C0G660 2005062021 -9999 -9999 -9999 0.0
C0G660 2005062022 -9999 -9999 -9999 0.0
C0G660 2005062023 -9999 -9999 -9999 0.0
C0G660 2005062024 -9999 -9999 -9999 0.0
C0G660 2005062101 -9999 -9999 -9999 0.0
C0G660 2005062102 -9999 -9999 -9999 0.0
C0G660 2005062103 -9999 -9999 -9999 0.0
C0G660 2005062104 -9999 -9999 -9999 0.0
C0G660 2005062105 -9999 -9999 -9999 0.0
C0G660 2005062106 -9999 -9999 -9999 0.0
C0G660 2005062107 -9999 -9999 -9999 0.0
C0G660 2005062108 -9999 -9999 -9999 0.0
C0G660 2005062109 -9999 -9999 -9999 0.0
C0G660 2005062110 -9999 -9999 -9999 0.0
C0G660 2005062111 -9999 -9999 -9999 0.0
C0G660 2005062112 -9999 -9999 -9999 0.0
C0G660 2005062113 -9999 -9999 -9999 0.0
C0G660 2005062114 -9999 -9999 -9999 0.0
C0G660 2005062115 -9999 -9999 -9999 0.0
C0G660 2005062116 -9999 -9999 -9999 0.0
C0G660 2005062117 -9999 -9999 -9999 0.0
C0G660 2005062118 -9999 -9999 -9999 0.0
C0G660 2005062119 -9999 -9999 -9999 0.0
C0G660 2005062120 -9999 -9999 -9999 0.0
C0G660 2005062121 -9999 -9999 -9999 0.0
C0G660 2005062122 -9999 -9999 -9999 0.0
C0G660 2005062123 -9999 -9999 -9999 0.0
C0G660 2005062124 -9999 -9999 -9999 0.0
C0G660 2005062201 -9999 -9999 -9999 -9996
C0G660 2005062202 -9999 -9999 -9999 0.0
C0G660 2005062203 -9999 -9999 -9999 0.0
C0G660 2005062204 -9999 -9999 -9999 0.0
C0G660 2005062205 -9999 -9999 -9999 0.0
C0G660 2005062206 -9999 -9999 -9999 0.0
C0G660 2005062207 -9999 -9999 -9999 0.0
C0G660 2005062208 -9999 -9999 -9999 0.0
C0G660 2005062209 -9999 -9999 -9999 0.0
C0G660 2005062210 -9999 -9999 -9999 0.0
C0G660 2005062211 -9999 -9999 -9999 0.0
C0G660 2005062212 -9999 -9999 -9999 0.0
C0G660 2005062213 -9999 -9999 -9999 0.0
C0G660 2005062214 -9999 -9999 -9999 0.0
C0G660 2005062215 -9999 -9999 -9999 0.0
C0G660 2005062216 -9999 -9999 -9999 0.0
C0G660 2005062217 -9999 -9999 -9999 0.0
C0G660 2005062218 -9999 -9999 -9999 0.0
C0G660 2005062219 -9999 -9999 -9999 0.0
C0G660 2005062220 -9999 -9999 -9999 0.0
C0G660 2005062221 -9999 -9999 -9999 0.0
C0G660 2005062222 -9999 -9999 -9999 0.0
C0G660 2005062223 -9999 -9999 -9999 0.0
C0G660 2005062224 -9999 -9999 -9999 0.0
C0G660 2005062301 -9999 -9999 -9999 0.0
C0G660 2005062302 -9999 -9999 -9999 0.0
C0G660 2005062303 -9999 -9999 -9999 0.0
C0G660 2005062304 -9999 -9999 -9999 0.0
C0G660 2005062305 -9999 -9999 -9999 0.0
C0G660 2005062306 -9999 -9999 -9999 0.0
C0G660 2005062307 -9999 -9999 -9999 0.0
C0G660 2005062308 -9999 -9999 -9999 0.0
C0G660 2005062309 -9999 -9999 -9999 0.0
C0G660 2005062310 -9999 -9999 -9999 0.0
C0G660 2005062311 -9999 -9999 -9999 0.0
C0G660 2005062312 -9999 -9999 -9999 0.0
C0G660 2005062313 -9999 -9999 -9999 0.0
C0G660 2005062314 -9999 -9999 -9999 0.0
C0G660 2005062315 -9999 -9999 -9999 0.0
C0G660 2005062316 -9999 -9999 -9999 0.0
C0G660 2005062317 -9999 -9999 -9999 0.0
C0G660 2005062318 -9999 -9999 -9999 2.5
C0G660 2005062319 -9999 -9999 -9999 11.0
C0G660 2005062320 -9999 -9999 -9999 1.5
C0G660 2005062321 -9999 -9999 -9999 0.0
C0G660 2005062322 -9999 -9999 -9999 0.0
C0G660 2005062323 -9999 -9999 -9999 0.0
C0G660 2005062324 -9999 -9999 -9999 0.0
C0G660 2005062401 -9999 -9999 -9999 0.5
C0G660 2005062402 -9999 -9999 -9999 0.0
C0G660 2005062403 -9999 -9999 -9999 0.0
C0G660 2005062404 -9999 -9999 -9999 0.0
C0G660 2005062405 -9999 -9999 -9999 0.0
C0G660 2005062406 -9999 -9999 -9999 0.0
C0G660 2005062407 -9999 -9999 -9999 0.0
C0G660 2005062408 -9999 -9999 -9999 0.0
C0G660 2005062409 -9999 -9999 -9999 0.0
C0G660 2005062410 -9999 -9999 -9999 0.0
C0G660 2005062411 -9999 -9999 -9999 0.0
C0G660 2005062412 -9999 -9999 -9999 0.0
C0G660 2005062413 -9999 -9999 -9999 0.0
C0G660 2005062414 -9999 -9999 -9999 0.0
C0G660 2005062415 -9999 -9999 -9999 0.0
C0G660 2005062416 -9999 -9999 -9999 0.0
C0G660 2005062417 -9999 -9999 -9999 -9996
C0G660 2005062418 -9999 -9999 -9999 1.5
C0G660 2005062419 -9999 -9999 -9999 0.0
C0G660 2005062420 -9999 -9999 -9999 0.0
C0G660 2005062421 -9999 -9999 -9999 0.0
C0G660 2005062422 -9999 -9999 -9999 0.0
C0G660 2005062423 -9999 -9999 -9999 0.0
C0G660 2005062424 -9999 -9999 -9999 0.0
C0G660 2005062501 -9999 -9999 -9999 0.0
C0G660 2005062502 -9999 -9999 -9999 0.0
C0G660 2005062503 -9999 -9999 -9999 0.0
C0G660 2005062504 -9999 -9999 -9999 0.5
C0G660 2005062505 -9999 -9999 -9999 3.5
C0G660 2005062506 -9999 -9999 -9999 0.5
C0G660 2005062507 -9999 -9999 -9999 1.0
C0G660 2005062508 -9999 -9999 -9999 2.5
C0G660 2005062509 -9999 -9999 -9999 2.0
C0G660 2005062510 -9999 -9999 -9999 0.0
C0G660 2005062511 -9999 -9999 -9999 0.0
C0G660 2005062512 -9999 -9999 -9999 0.0
C0G660 2005062513 -9999 -9999 -9999 0.0
C0G660 2005062514 -9999 -9999 -9999 0.0
C0G660 2005062515 -9999 -9999 -9999 0.0
C0G660 2005062516 -9999 -9999 -9999 0.0
C0G660 2005062517 -9999 -9999 -9999 0.0
C0G660 2005062518 -9999 -9999 -9999 0.0
C0G660 2005062519 -9999 -9999 -9999 0.0
C0G660 2005062520 -9999 -9999 -9999 0.0
C0G660 2005062521 -9999 -9999 -9999 0.0
C0G660 2005062522 -9999 -9999 -9999 0.0
C0G660 2005062523 -9999 -9999 -9999 0.0
C0G660 2005062524 -9999 -9999 -9999 0.0
C0G660 2005062601 -9999 -9999 -9999 0.0
C0G660 2005062602 -9999 -9999 -9999 0.0
C0G660 2005062603 -9999 -9999 -9999 0.0
C0G660 2005062604 -9999 -9999 -9999 0.0
C0G660 2005062605 -9999 -9999 -9999 0.0
C0G660 2005062606 -9999 -9999 -9999 0.0
C0G660 2005062607 -9999 -9999 -9999 0.0
C0G660 2005062608 -9999 -9999 -9999 0.0
C0G660 2005062609 -9999 -9999 -9999 0.0
C0G660 2005062610 -9999 -9999 -9999 0.0
C0G660 2005062611 -9999 -9999 -9999 0.0
C0G660 2005062612 -9999 -9999 -9999 0.0
C0G660 2005062613 -9999 -9999 -9999 0.0
C0G660 2005062614 -9999 -9999 -9999 0.0
C0G660 2005062615 -9999 -9999 -9999 0.0
C0G660 2005062616 -9999 -9999 -9999 0.0
C0G660 2005062617 -9999 -9999 -9999 0.0
C0G660 2005062618 -9999 -9999 -9999 0.0
C0G660 2005062619 -9999 -9999 -9999 0.0
C0G660 2005062620 -9999 -9999 -9999 0.0
C0G660 2005062621 -9999 -9999 -9999 0.0
C0G660 2005062622 -9999 -9999 -9999 0.0
C0G660 2005062623 -9999 -9999 -9999 0.0
C0G660 2005062624 -9999 -9999 -9999 0.0
C0G660 2005062701 -9999 -9999 -9999 0.0
C0G660 2005062702 -9999 -9999 -9999 0.0
C0G660 2005062703 -9999 -9999 -9999 0.0
C0G660 2005062704 -9999 -9999 -9999 0.0
C0G660 2005062705 -9999 -9999 -9999 0.0
C0G660 2005062706 -9999 -9999 -9999 0.0
C0G660 2005062707 -9999 -9999 -9999 0.0
C0G660 2005062708 -9999 -9999 -9999 0.0
C0G660 2005062709 -9999 -9999 -9999 0.0
C0G660 2005062710 -9999 -9999 -9999 0.0
C0G660 2005062711 -9999 -9999 -9999 0.0
C0G660 2005062712 -9999 -9999 -9999 0.0
C0G660 2005062713 -9999 -9999 -9999 0.0
C0G660 2005062714 -9999 -9999 -9999 0.0
C0G660 2005062715 -9999 -9999 -9999 0.0
C0G660 2005062716 -9999 -9999 -9999 0.0
C0G660 2005062717 -9999 -9999 -9999 0.0
C0G660 2005062718 -9999 -9999 -9999 0.0
C0G660 2005062719 -9999 -9999 -9999 0.0
C0G660 2005062720 -9999 -9999 -9999 0.0
C0G660 2005062721 -9999 -9999 -9999 0.0
C0G660 2005062722 -9999 -9999 -9999 0.0
C0G660 2005062723 -9999 -9999 -9999 0.0
C0G660 2005062724 -9999 -9999 -9999 0.0
C0G660 2005062801 -9999 -9999 -9999 0.0
C0G660 2005062802 -9999 -9999 -9999 0.0
C0G660 2005062803 -9999 -9999 -9999 0.0
C0G660 2005062804 -9999 -9999 -9999 0.0
C0G660 2005062805 -9999 -9999 -9999 0.0
C0G660 2005062806 -9999 -9999 -9999 0.0
C0G660 2005062807 -9999 -9999 -9999 0.0
C0G660 2005062808 -9999 -9999 -9999 0.0
C0G660 2005062809 -9999 -9999 -9999 1.0
C0G660 2005062810 -9999 -9999 -9999 0.0
C0G660 2005062811 -9999 -9999 -9999 1.0
C0G660 2005062812 -9999 -9999 -9999 1.5
C0G660 2005062813 -9999 -9999 -9999 0.0
C0G660 2005062814 -9999 -9999 -9999 0.0
C0G660 2005062815 -9999 -9999 -9999 1.0
C0G660 2005062816 -9999 -9999 -9999 1.0
C0G660 2005062817 -9999 -9999 -9999 0.0
C0G660 2005062818 -9999 -9999 -9999 0.0
C0G660 2005062819 -9999 -9999 -9999 0.0
C0G660 2005062820 -9999 -9999 -9999 0.0
C0G660 2005062821 -9999 -9999 -9999 0.0
C0G660 2005062822 -9999 -9999 -9999 0.0
C0G660 2005062823 -9999 -9999 -9999 0.0
C0G660 2005062824 -9999 -9999 -9999 0.0
C0G660 2005062901 -9999 -9999 -9999 0.0
C0G660 2005062902 -9999 -9999 -9999 0.0
C0G660 2005062903 -9999 -9999 -9999 0.0
C0G660 2005062904 -9999 -9999 -9999 0.0
C0G660 2005062905 -9999 -9999 -9999 0.0
C0G660 2005062906 -9999 -9999 -9999 0.0
C0G660 2005062907 -9999 -9999 -9999 0.0
C0G660 2005062908 -9999 -9999 -9999 0.0
C0G660 2005062909 -9999 -9999 -9999 0.0
C0G660 2005062910 -9999 -9999 -9999 0.0
C0G660 2005062911 -9999 -9999 -9999 0.0
C0G660 2005062912 -9999 -9999 -9999 0.5
C0G660 2005062913 -9999 -9999 -9999 0.0
C0G660 2005062914 -9999 -9999 -9999 0.0
C0G660 2005062915 -9999 -9999 -9999 0.0
C0G660 2005062916 -9999 -9999 -9999 0.0
C0G660 2005062917 -9999 -9999 -9999 0.0
C0G660 2005062918 -9999 -9999 -9999 0.0
C0G660 2005062919 -9999 -9999 -9999 0.0
C0G660 2005062920 -9999 -9999 -9999 0.0
C0G660 2005062921 -9999 -9999 -9999 0.0
C0G660 2005062922 -9999 -9999 -9999 0.0
C0G660 2005062923 -9999 -9999 -9999 0.0
C0G660 2005062924 -9999 -9999 -9999 0.0
C0G660 2005063001 -9999 -9999 -9999 0.0
C0G660 2005063002 -9999 -9999 -9999 0.0
C0G660 2005063003 -9999 -9999 -9999 0.0
C0G660 2005063004 -9999 -9999 -9999 0.0
C0G660 2005063005 -9999 -9999 -9999 0.0
C0G660 2005063006 -9999 -9999 -9999 0.0
C0G660 2005063007 -9999 -9999 -9999 0.0
C0G660 2005063008 -9999 -9999 -9999 0.0
C0G660 2005063009 -9999 -9999 -9999 0.0
C0G660 2005063010 -9999 -9999 -9999 0.0
C0G660 2005063011 -9999 -9999 -9999 0.0
C0G660 2005063012 -9999 -9999 -9999 0.0
C0G660 2005063013 -9999 -9999 -9999 0.0
C0G660 2005063014 -9999 -9999 -9999 0.0
C0G660 2005063015 -9999 -9999 -9999 0.0
C0G660 2005063016 -9999 -9999 -9999 0.0
C0G660 2005063017 -9999 -9999 -9999 0.0
C0G660 2005063018 -9999 -9999 -9999 0.0
C0G660 2005063019 -9999 -9999 -9999 0.0
C0G660 2005063020 -9999 -9999 -9999 0.0
C0G660 2005063021 -9999 -9999 -9999 0.0
C0G660 2005063022 -9999 -9999 -9999 0.0
C0G660 2005063023 -9999 -9999 -9999 0.0
C0G660 2005063024 -9999 -9999 -9999 0.0
