C0G650 2005010101 8.2 -9997 2.2 0.0
C0G650 2005010102 8.3 -9997 2.0 0.0
C0G650 2005010103 8.1 -9997 2.2 0.0
C0G650 2005010104 8.0 -9997 0.7 0.0
C0G650 2005010105 7.7 -9997 1.5 0.0
C0G650 2005010106 7.5 -9997 1.3 0.0
C0G650 2005010107 7.0 -9997 0.9 0.0
C0G650 2005010108 8.1 -9997 0.8 0.0
C0G650 2005010109 9.6 -9997 2.2 0.0
C0G650 2005010110 10.9 -9997 2.7 0.0
C0G650 2005010111 12.4 -9997 2.7 0.0
C0G650 2005010112 12.2 -9997 2.9 0.0
C0G650 2005010113 12.1 -9997 2.5 0.0
C0G650 2005010114 12.5 -9997 2.6 0.0
C0G650 2005010115 13.3 -9997 1.7 0.0
C0G650 2005010116 12.1 -9997 1.9 0.0
C0G650 2005010117 10.8 -9997 1.6 0.0
C0G650 2005010118 9.5 -9997 1.4 0.0
C0G650 2005010119 8.9 -9997 0.1 0.0
C0G650 2005010120 8.5 -9997 0.0 0.0
C0G650 2005010121 8.3 -9997 0.0 0.0
C0G650 2005010122 8.8 -9997 0.0 0.0
C0G650 2005010123 8.9 -9997 0.1 0.0
C0G650 2005010124 9.2 -9997 0.0 0.0
C0G650 2005010201 8.6 -9997 0.0 0.0
C0G650 2005010202 7.7 -9997 0.0 0.0
C0G650 2005010203 7.2 -9997 0.0 0.0
C0G650 2005010204 8.5 -9997 0.0 0.0
C0G650 2005010205 8.6 -9997 0.0 0.0
C0G650 2005010206 9.1 -9997 0.9 0.0
C0G650 2005010207 10.1 -9997 0.0 0.0
C0G650 2005010208 10.3 -9997 0.0 0.0
C0G650 2005010209 12.7 -9997 0.0 0.0
C0G650 2005010210 13.8 -9997 0.0 0.0
C0G650 2005010211 17.0 -9997 0.5 0.0
C0G650 2005010212 18.2 -9997 0.1 0.0
C0G650 2005010213 18.9 -9997 0.6 0.0
C0G650 2005010214 20.5 -9997 0.5 0.0
C0G650 2005010215 20.2 -9997 0.0 0.0
C0G650 2005010216 18.3 -9997 0.2 0.0
C0G650 2005010217 16.6 -9997 0.5 0.0
C0G650 2005010218 15.3 -9997 0.0 0.0
C0G650 2005010219 14.5 -9997 0.1 0.0
C0G650 2005010220 13.0 -9997 0.0 0.0
C0G650 2005010221 11.6 -9997 0.0 0.0
C0G650 2005010222 10.8 -9997 0.0 0.0
C0G650 2005010223 10.2 -9997 0.0 0.0
C0G650 2005010224 9.5 -9997 0.0 0.0
C0G650 2005010301 9.1 -9997 0.0 0.0
C0G650 2005010302 8.9 -9997 0.0 0.0
C0G650 2005010303 9.8 -9997 0.0 0.0
C0G650 2005010304 9.5 -9997 0.0 0.0
C0G650 2005010305 -9997 -9997 -9997 0.0
C0G650 2005010306 8.8 -9997 0.0 0.0
C0G650 2005010307 10.3 -9997 0.3 0.0
C0G650 2005010308 15.0 -9997 1.2 0.0
C0G650 2005010309 16.9 -9997 1.3 0.0
C0G650 2005010310 18.4 -9997 0.4 0.0
C0G650 2005010311 19.4 -9997 1.4 0.0
C0G650 2005010312 20.5 -9997 0.0 0.0
C0G650 2005010313 21.0 -9997 1.1 0.0
C0G650 2005010314 20.6 -9997 0.7 0.0
C0G650 2005010315 20.0 -9997 0.5 0.0
C0G650 2005010316 18.9 -9997 0.0 0.0
C0G650 2005010317 18.5 -9997 0.1 0.0
C0G650 2005010318 18.4 -9997 0.0 0.0
C0G650 2005010319 18.1 -9997 0.0 0.0
C0G650 2005010320 18.0 -9997 0.2 0.0
C0G650 2005010321 17.7 -9997 0.3 0.0
C0G650 2005010322 17.8 -9997 0.0 0.0
C0G650 2005010323 17.5 -9997 0.0 0.0
C0G650 2005010324 16.1 -9997 0.2 0.0
C0G650 2005010401 15.7 -9997 0.0 0.5
C0G650 2005010402 15.5 -9997 0.0 0.0
C0G650 2005010403 15.6 -9997 0.5 0.5
C0G650 2005010404 16.2 -9997 0.9 0.0
C0G650 2005010405 15.9 -9997 0.2 0.0
C0G650 2005010406 15.9 -9997 0.0 0.0
C0G650 2005010407 15.8 -9997 0.0 0.0
C0G650 2005010408 16.5 -9997 0.0 0.0
C0G650 2005010409 17.5 -9997 1.0 0.0
C0G650 2005010410 18.1 -9997 0.4 0.0
C0G650 2005010411 19.0 -9997 1.7 0.0
C0G650 2005010412 19.9 -9997 1.0 0.0
C0G650 2005010413 20.3 -9997 1.3 0.0
C0G650 2005010414 19.7 -9997 0.6 0.0
C0G650 2005010415 20.5 -9997 0.3 0.0
C0G650 2005010416 20.0 -9997 1.3 0.0
C0G650 2005010417 18.8 -9997 0.5 0.0
C0G650 2005010418 17.5 -9997 1.2 0.0
C0G650 2005010419 17.3 -9997 0.0 0.0
C0G650 2005010420 16.6 -9997 0.2 0.0
C0G650 2005010421 15.9 -9997 0.2 0.0
C0G650 2005010422 15.8 -9997 0.5 0.0
C0G650 2005010423 15.8 -9997 -9997 0.0
C0G650 2005010424 15.6 -9997 0.0 0.0
C0G650 2005010501 15.5 -9997 0.0 0.0
C0G650 2005010502 15.7 -9997 0.1 0.0
C0G650 2005010503 15.5 -9997 0.0 0.0
C0G650 2005010504 15.5 -9997 0.7 0.0
C0G650 2005010505 15.5 -9997 0.4 0.0
C0G650 2005010506 15.5 -9997 0.2 0.0
C0G650 2005010507 15.6 -9997 0.2 0.0
C0G650 2005010508 16.0 -9997 0.3 0.0
C0G650 2005010509 17.1 -9997 0.8 0.0
C0G650 2005010510 18.6 -9997 0.1 0.0
C0G650 2005010511 20.3 -9997 0.1 0.0
C0G650 2005010512 21.9 -9997 0.1 0.0
C0G650 2005010513 22.1 -9997 0.3 0.0
C0G650 2005010514 22.5 -9997 0.6 0.0
C0G650 2005010515 21.3 -9997 0.2 0.0
C0G650 2005010516 20.4 -9997 0.0 0.0
C0G650 2005010517 19.5 -9997 0.6 0.0
C0G650 2005010518 18.7 -9997 0.2 0.0
C0G650 2005010519 18.3 -9997 0.2 0.0
C0G650 2005010520 17.5 -9997 0.0 0.0
C0G650 2005010521 16.3 -9997 0.1 0.0
C0G650 2005010522 16.4 -9997 0.0 0.0
C0G650 2005010523 16.4 -9997 0.0 0.0
C0G650 2005010524 16.6 -9997 0.0 0.0
C0G650 2005010601 15.2 -9997 0.0 0.0
C0G650 2005010602 15.5 -9997 0.0 0.0
C0G650 2005010603 16.0 -9997 0.0 0.0
C0G650 2005010604 16.5 -9997 0.1 0.0
C0G650 2005010605 16.0 -9997 0.2 0.0
C0G650 2005010606 15.7 -9997 0.0 0.0
C0G650 2005010607 15.6 -9997 0.1 0.0
C0G650 2005010608 15.7 -9997 0.1 0.0
C0G650 2005010609 17.3 -9997 1.7 0.0
C0G650 2005010610 19.2 -9997 1.9 0.0
C0G650 2005010611 20.6 -9997 1.4 0.0
C0G650 2005010612 22.1 -9997 0.5 0.0
C0G650 2005010613 22.4 -9997 0.9 0.0
C0G650 2005010614 22.7 -9997 0.3 0.0
C0G650 2005010615 22.5 -9997 0.3 0.0
C0G650 2005010616 22.3 -9997 0.1 0.0
C0G650 2005010617 19.9 -9997 0.1 0.0
C0G650 2005010618 -9997 -9997 0.5 0.0
C0G650 2005010619 17.4 -9997 0.0 0.0
C0G650 2005010620 16.8 -9997 0.0 0.0
C0G650 2005010621 16.4 -9997 0.0 0.0
C0G650 2005010622 15.8 -9997 0.0 0.0
C0G650 2005010623 15.8 -9997 0.0 0.0
C0G650 2005010624 16.3 -9997 0.2 0.0
C0G650 2005010701 16.3 -9997 0.1 0.0
C0G650 2005010702 16.3 -9997 0.0 0.0
C0G650 2005010703 16.3 -9997 0.0 0.0
C0G650 2005010704 15.8 -9997 0.0 0.0
C0G650 2005010705 15.5 -9997 0.0 0.0
C0G650 2005010706 15.6 -9997 0.0 0.0
C0G650 2005010707 15.9 -9997 0.2 0.0
C0G650 2005010708 16.7 -9997 0.4 0.0
C0G650 2005010709 17.7 -9997 1.5 0.0
C0G650 2005010710 19.5 -9997 1.5 0.0
C0G650 2005010711 21.4 -9997 1.8 0.0
C0G650 2005010712 22.6 -9997 1.1 0.0
C0G650 2005010713 24.2 -9997 0.7 0.0
C0G650 2005010714 25.0 -9997 1.1 0.0
C0G650 2005010715 23.8 -9997 0.2 0.0
C0G650 2005010716 21.7 -9997 0.4 0.0
C0G650 2005010717 20.3 -9997 0.3 0.0
C0G650 2005010718 19.2 -9997 0.0 0.0
C0G650 2005010719 18.6 -9997 0.0 0.0
C0G650 2005010720 18.2 -9997 0.5 0.0
C0G650 2005010721 17.8 -9997 0.6 0.0
C0G650 2005010722 17.7 -9997 0.3 0.0
C0G650 2005010723 17.4 -9997 0.1 0.0
C0G650 2005010724 17.4 -9997 0.4 0.0
C0G650 2005010801 17.1 -9997 0.4 0.0
C0G650 2005010802 16.8 -9997 1.2 0.0
C0G650 2005010803 16.7 -9997 0.7 0.0
C0G650 2005010804 16.6 -9997 1.3 0.0
C0G650 2005010805 16.2 -9997 2.0 0.0
C0G650 2005010806 16.0 -9997 1.3 0.0
C0G650 2005010807 16.0 -9997 1.0 0.0
C0G650 2005010808 16.5 -9997 0.2 0.0
C0G650 2005010809 17.6 -9997 0.3 0.0
C0G650 2005010810 18.8 -9997 0.4 0.0
C0G650 2005010811 19.7 -9997 0.7 0.0
C0G650 2005010812 21.1 -9997 0.2 0.0
C0G650 2005010813 21.2 -9997 1.4 0.0
C0G650 2005010814 21.0 -9997 1.2 0.0
C0G650 2005010815 21.1 -9997 0.5 0.0
C0G650 2005010816 20.4 -9997 1.0 0.0
C0G650 2005010817 18.7 -9997 1.0 0.0
C0G650 2005010818 17.3 -9997 1.4 0.0
C0G650 2005010819 16.8 -9997 1.0 0.0
C0G650 2005010820 16.7 -9997 0.8 0.0
C0G650 2005010821 16.5 -9997 0.9 0.0
C0G650 2005010822 16.2 -9997 1.0 0.0
C0G650 2005010823 16.1 -9997 0.3 0.0
C0G650 2005010824 15.9 -9997 0.1 0.0
C0G650 2005010901 15.7 -9997 0.2 0.0
C0G650 2005010902 15.7 -9997 0.4 0.0
C0G650 2005010903 15.7 -9997 0.1 0.0
C0G650 2005010904 15.6 -9997 0.2 0.0
C0G650 2005010905 15.6 -9997 0.4 0.0
C0G650 2005010906 15.3 -9997 0.1 0.0
C0G650 2005010907 15.4 -9997 1.1 0.0
C0G650 2005010908 15.7 -9997 0.3 0.0
C0G650 2005010909 16.3 -9997 0.8 0.0
C0G650 2005010910 17.3 -9997 1.4 0.0
C0G650 2005010911 18.7 -9997 0.3 0.0
C0G650 2005010912 19.1 -9997 0.9 0.0
C0G650 2005010913 19.6 -9997 0.2 0.0
C0G650 2005010914 19.3 -9997 1.3 0.0
C0G650 2005010915 18.9 -9997 0.9 0.0
C0G650 2005010916 17.7 -9997 2.3 0.0
C0G650 2005010917 17.2 -9997 0.9 0.0
C0G650 2005010918 16.0 -9997 1.7 0.0
C0G650 2005010919 15.6 -9997 1.4 0.0
C0G650 2005010920 15.4 -9997 1.5 0.0
C0G650 2005010921 15.3 -9997 0.7 0.0
C0G650 2005010922 15.2 -9997 1.2 0.0
C0G650 2005010923 14.8 -9997 1.1 0.0
C0G650 2005010924 14.6 -9997 0.7 0.0
C0G650 2005011001 14.5 -9997 1.6 -9996
C0G650 2005011002 14.4 -9997 1.8 0.0
C0G650 2005011003 14.4 -9997 1.0 0.0
C0G650 2005011004 14.2 -9997 1.0 0.0
C0G650 2005011005 13.8 -9997 0.1 0.0
C0G650 2005011006 13.4 -9997 0.0 0.0
C0G650 2005011007 14.1 -9997 0.0 0.0
C0G650 2005011008 14.9 -9997 1.0 0.0
C0G650 2005011009 15.3 -9997 1.2 0.0
C0G650 2005011010 15.9 -9997 0.7 0.0
C0G650 2005011011 17.1 -9997 0.4 0.0
C0G650 2005011012 17.8 -9997 1.4 0.0
C0G650 2005011013 19.1 -9997 2.6 0.0
C0G650 2005011014 19.5 -9997 2.0 0.0
C0G650 2005011015 19.3 -9997 2.0 0.0
C0G650 2005011016 18.7 -9997 1.3 0.0
C0G650 2005011017 17.7 -9997 1.9 0.0
C0G650 2005011018 16.9 -9997 0.5 0.0
C0G650 2005011019 16.4 -9997 0.6 0.0
C0G650 2005011020 15.8 -9997 0.7 0.0
C0G650 2005011021 15.7 -9997 0.1 0.0
C0G650 2005011022 15.5 -9997 0.3 0.0
C0G650 2005011023 15.6 -9997 0.1 0.0
C0G650 2005011024 15.4 -9997 0.2 0.0
C0G650 2005011101 15.4 -9997 0.0 -9996
C0G650 2005011102 15.3 -9997 0.0 0.0
C0G650 2005011103 15.0 -9997 0.0 0.0
C0G650 2005011104 14.9 -9997 0.0 0.0
C0G650 2005011105 15.0 -9997 0.0 0.0
C0G650 2005011106 14.9 -9997 0.0 0.0
C0G650 2005011107 14.8 -9997 0.0 0.0
C0G650 2005011108 16.0 -9997 0.9 0.0
C0G650 2005011109 16.8 -9997 0.5 0.0
C0G650 2005011110 18.8 -9997 0.7 0.0
C0G650 2005011111 19.4 -9997 0.9 0.0
C0G650 2005011112 19.8 -9997 0.6 0.0
C0G650 2005011113 21.1 -9997 1.4 0.0
C0G650 2005011114 22.0 -9997 0.8 0.0
C0G650 2005011115 21.6 -9997 1.3 0.0
C0G650 2005011116 19.7 -9997 0.6 0.0
C0G650 2005011117 18.8 -9997 1.6 0.0
C0G650 2005011118 18.6 -9997 1.0 0.0
C0G650 2005011119 18.2 -9997 0.3 0.0
C0G650 2005011120 17.4 -9997 1.6 0.0
C0G650 2005011121 16.8 -9997 0.9 0.0
C0G650 2005011122 16.8 -9997 0.7 0.0
C0G650 2005011123 16.3 -9997 0.1 0.0
C0G650 2005011124 16.1 -9997 0.3 0.0
C0G650 2005011201 15.8 -9997 0.5 -9996
C0G650 2005011202 15.7 -9997 1.1 -9996
C0G650 2005011203 16.0 -9997 1.3 0.0
C0G650 2005011204 16.1 -9997 1.5 0.0
C0G650 2005011205 15.9 -9997 1.0 0.0
C0G650 2005011206 -9997 -9997 -9997 0.0
C0G650 2005011207 15.2 -9997 0.0 0.0
C0G650 2005011208 15.8 -9997 0.3 0.0
C0G650 2005011209 17.1 -9997 1.1 0.0
C0G650 2005011210 18.9 -9997 1.7 0.0
C0G650 2005011211 -9997 -9997 1.2 0.0
C0G650 2005011212 20.8 -9997 1.8 0.0
C0G650 2005011213 21.0 -9997 1.1 0.0
C0G650 2005011214 20.7 -9997 0.7 0.0
C0G650 2005011215 20.2 -9997 1.6 0.0
C0G650 2005011216 19.0 -9997 1.3 0.0
C0G650 2005011217 17.8 -9997 1.5 0.0
C0G650 2005011218 16.7 -9997 0.5 0.0
C0G650 2005011219 16.3 -9997 1.4 0.0
C0G650 2005011220 15.8 -9997 0.3 0.0
C0G650 2005011221 15.7 -9997 0.4 0.0
C0G650 2005011222 15.5 -9997 0.0 0.0
C0G650 2005011223 15.6 -9997 0.8 0.0
C0G650 2005011224 15.6 -9997 0.0 0.0
C0G650 2005011301 15.5 -9997 -9997 -9996
C0G650 2005011302 15.4 -9997 0.0 0.0
C0G650 2005011303 15.1 -9997 0.2 0.0
C0G650 2005011304 -9997 -9997 0.0 0.0
C0G650 2005011305 15.1 -9997 0.1 0.0
C0G650 2005011306 14.9 -9997 0.2 0.0
C0G650 2005011307 14.9 -9997 0.3 0.0
C0G650 2005011308 15.0 -9997 0.0 1.5
C0G650 2005011309 15.7 -9997 1.5 1.0
C0G650 2005011310 16.5 -9997 1.4 0.0
C0G650 2005011311 16.3 -9997 2.0 0.0
C0G650 2005011312 15.0 -9997 2.5 1.5
C0G650 2005011313 14.8 -9997 2.4 2.5
C0G650 2005011314 15.0 -9997 0.0 0.0
C0G650 2005011315 15.0 -9997 0.9 0.5
C0G650 2005011316 14.9 -9997 0.7 0.5
C0G650 2005011317 14.4 -9997 1.0 4.0
C0G650 2005011318 14.0 -9997 0.7 0.5
C0G650 2005011319 14.3 -9997 2.5 0.0
C0G650 2005011320 14.2 -9997 1.6 0.5
C0G650 2005011321 14.2 -9997 1.2 0.0
C0G650 2005011322 14.4 -9997 0.3 0.0
C0G650 2005011323 14.5 -9997 0.9 0.0
C0G650 2005011324 14.8 -9997 0.8 0.0
C0G650 2005011401 14.8 -9997 0.2 0.0
C0G650 2005011402 14.6 -9997 1.1 0.0
C0G650 2005011403 14.6 -9997 2.3 0.0
C0G650 2005011404 14.8 -9997 2.3 0.0
C0G650 2005011405 14.2 -9997 1.9 0.0
C0G650 2005011406 14.1 -9997 3.0 0.0
C0G650 2005011407 13.9 -9997 1.6 0.0
C0G650 2005011408 14.1 -9997 2.0 0.0
C0G650 2005011409 14.8 -9997 1.1 0.0
C0G650 2005011410 14.3 -9997 2.2 0.0
C0G650 2005011411 14.1 -9997 2.6 0.0
C0G650 2005011412 13.7 -9997 2.3 0.0
C0G650 2005011413 -9997 -9997 -9997 0.0
C0G650 2005011414 13.8 -9997 2.4 0.0
C0G650 2005011415 13.3 -9997 2.7 0.0
C0G650 2005011416 13.2 -9997 2.1 0.0
C0G650 2005011417 12.9 -9997 2.4 0.0
C0G650 2005011418 12.3 -9997 2.5 0.0
C0G650 2005011419 12.2 -9997 1.8 0.0
C0G650 2005011420 12.1 -9997 2.8 0.0
C0G650 2005011421 12.3 -9997 2.5 0.0
C0G650 2005011422 12.3 -9997 2.0 0.0
C0G650 2005011423 12.0 -9997 0.8 0.0
C0G650 2005011424 12.0 -9997 1.7 0.0
C0G650 2005011501 12.2 -9997 1.2 0.0
C0G650 2005011502 12.1 -9997 2.1 0.0
C0G650 2005011503 11.3 -9997 2.2 0.0
C0G650 2005011504 10.8 -9997 1.8 0.0
C0G650 2005011505 10.6 -9997 2.5 0.0
C0G650 2005011506 10.5 -9997 1.8 0.0
C0G650 2005011507 10.7 -9997 1.5 0.0
C0G650 2005011508 11.0 -9997 0.9 0.0
C0G650 2005011509 12.1 -9997 2.4 0.0
C0G650 2005011510 13.2 -9997 1.9 0.0
C0G650 2005011511 14.3 -9997 2.2 0.0
C0G650 2005011512 14.6 -9997 2.1 0.0
C0G650 2005011513 14.0 -9997 2.3 0.0
C0G650 2005011514 13.9 -9997 2.3 0.0
C0G650 2005011515 13.8 -9997 2.4 0.0
C0G650 2005011516 13.2 -9997 2.1 0.0
C0G650 2005011517 -9997 -9997 1.4 0.0
C0G650 2005011518 11.7 -9997 1.6 0.0
C0G650 2005011519 11.0 -9997 0.2 0.0
C0G650 2005011520 10.8 -9997 0.3 0.0
C0G650 2005011521 10.4 -9997 0.1 0.0
C0G650 2005011522 10.3 -9997 0.6 0.0
C0G650 2005011523 10.1 -9997 0.3 0.0
C0G650 2005011524 9.7 -9997 0.0 0.0
C0G650 2005011601 9.1 -9997 0.3 0.0
C0G650 2005011602 9.0 -9997 0.0 0.0
C0G650 2005011603 9.1 -9997 0.3 0.0
C0G650 2005011604 8.9 -9997 0.2 0.0
C0G650 2005011605 9.1 -9997 0.7 0.0
C0G650 2005011606 8.2 -9997 0.0 0.0
C0G650 2005011607 8.1 -9997 0.0 0.0
C0G650 2005011608 9.9 -9997 0.1 0.0
C0G650 2005011609 11.6 -9997 0.8 0.0
C0G650 2005011610 13.7 -9997 0.5 0.0
C0G650 2005011611 15.5 -9997 0.1 0.0
C0G650 2005011612 16.4 -9997 1.6 0.0
C0G650 2005011613 16.3 -9997 2.7 0.0
C0G650 2005011614 17.3 -9997 1.9 0.0
C0G650 2005011615 16.9 -9997 3.1 0.0
C0G650 2005011616 16.0 -9997 2.5 0.0
C0G650 2005011617 14.6 -9997 1.9 0.0
C0G650 2005011618 12.8 -9997 0.9 0.0
C0G650 2005011619 11.6 -9997 0.8 0.0
C0G650 2005011620 10.3 -9997 0.1 0.0
C0G650 2005011621 9.1 -9997 0.1 0.0
C0G650 2005011622 8.7 -9997 0.0 0.0
C0G650 2005011623 8.8 -9997 0.1 0.0
C0G650 2005011624 8.9 -9997 0.1 0.0
C0G650 2005011701 8.6 -9997 0.0 0.0
C0G650 2005011702 6.2 -9997 0.0 0.0
C0G650 2005011703 5.6 -9997 0.0 0.0
C0G650 2005011704 5.2 -9997 0.0 0.0
C0G650 2005011705 4.9 -9997 0.0 0.0
C0G650 2005011706 5.4 -9997 0.0 0.0
C0G650 2005011707 6.2 -9997 0.0 0.0
C0G650 2005011708 7.0 -9997 0.0 0.0
C0G650 2005011709 10.9 -9997 0.0 0.0
C0G650 2005011710 15.1 -9997 0.0 0.0
C0G650 2005011711 16.7 -9997 0.0 0.0
C0G650 2005011712 19.3 -9997 0.2 0.0
C0G650 2005011713 19.2 -9997 0.4 0.0
C0G650 2005011714 20.0 -9997 0.6 0.0
C0G650 2005011715 19.3 -9997 0.2 0.0
C0G650 2005011716 18.1 -9997 1.4 0.0
C0G650 2005011717 16.7 -9997 0.0 0.0
C0G650 2005011718 15.2 -9997 0.0 0.0
C0G650 2005011719 13.9 -9997 0.0 0.0
C0G650 2005011720 13.2 -9997 0.0 0.0
C0G650 2005011721 13.1 -9997 0.0 0.0
C0G650 2005011722 12.1 -9997 0.0 0.0
C0G650 2005011723 10.9 -9997 0.0 0.0
C0G650 2005011724 10.8 -9997 0.0 0.0
C0G650 2005011801 10.5 -9997 0.0 0.0
C0G650 2005011802 9.9 -9997 0.0 0.0
C0G650 2005011803 10.0 -9997 0.0 0.0
C0G650 2005011804 9.6 -9997 0.0 0.0
C0G650 2005011805 9.6 -9997 0.0 0.0
C0G650 2005011806 9.7 -9997 0.0 0.0
C0G650 2005011807 10.4 -9997 0.5 0.0
C0G650 2005011808 12.1 -9997 0.3 0.0
C0G650 2005011809 -9997 -9997 -9997 0.0
C0G650 2005011810 18.6 -9997 0.6 0.0
C0G650 2005011811 20.2 -9997 0.4 0.0
C0G650 2005011812 21.7 -9997 0.5 0.0
C0G650 2005011813 20.8 -9997 0.6 0.0
C0G650 2005011814 20.5 -9997 1.5 0.0
C0G650 2005011815 20.8 -9997 0.4 0.0
C0G650 2005011816 19.3 -9997 1.4 0.0
C0G650 2005011817 18.7 -9997 1.0 0.0
C0G650 2005011818 17.3 -9997 0.1 0.0
C0G650 2005011819 17.0 -9997 0.3 0.0
C0G650 2005011820 16.9 -9997 0.5 0.0
C0G650 2005011821 14.5 -9997 0.0 0.0
C0G650 2005011822 13.4 -9997 0.0 0.0
C0G650 2005011823 12.7 -9997 0.0 0.0
C0G650 2005011824 12.8 -9997 0.0 0.0
C0G650 2005011901 11.8 -9997 0.0 0.0
C0G650 2005011902 10.9 -9997 0.0 0.0
C0G650 2005011903 10.7 -9997 0.0 0.0
C0G650 2005011904 10.3 -9997 0.0 0.0
C0G650 2005011905 11.4 -9997 0.0 0.0
C0G650 2005011906 12.0 -9997 0.0 0.0
C0G650 2005011907 13.7 -9997 0.2 0.0
C0G650 2005011908 13.5 -9997 0.1 0.0
C0G650 2005011909 16.4 -9997 0.0 0.0
C0G650 2005011910 19.0 -9997 0.0 0.0
C0G650 2005011911 20.5 -9997 1.5 0.0
C0G650 2005011912 21.6 -9997 1.2 0.0
C0G650 2005011913 21.8 -9997 1.2 0.0
C0G650 2005011914 21.9 -9997 1.0 0.0
C0G650 2005011915 21.6 -9997 0.3 0.0
C0G650 2005011916 20.0 -9997 0.6 0.0
C0G650 2005011917 18.7 -9997 0.5 0.0
C0G650 2005011918 17.2 -9997 0.1 0.0
C0G650 2005011919 16.4 -9997 0.1 0.0
C0G650 2005011920 16.0 -9997 0.1 0.0
C0G650 2005011921 15.3 -9997 0.0 0.0
C0G650 2005011922 15.3 -9997 0.9 0.0
C0G650 2005011923 14.9 -9997 0.4 0.0
C0G650 2005011924 14.9 -9997 0.3 0.0
C0G650 2005012001 14.3 -9997 0.3 0.0
C0G650 2005012002 14.5 -9997 0.0 0.0
C0G650 2005012003 13.6 -9997 0.0 0.0
C0G650 2005012004 13.4 -9997 0.0 0.0
C0G650 2005012005 13.2 -9997 0.0 0.0
C0G650 2005012006 13.8 -9997 0.0 0.0
C0G650 2005012007 13.9 -9997 0.2 0.0
C0G650 2005012008 15.3 -9997 0.2 0.0
C0G650 2005012009 16.6 -9997 0.9 0.0
C0G650 2005012010 18.3 -9997 0.8 0.0
C0G650 2005012011 19.8 -9997 0.7 0.0
C0G650 2005012012 20.6 -9997 1.1 0.0
C0G650 2005012013 20.9 -9997 1.9 0.0
C0G650 2005012014 21.7 -9997 1.1 0.0
C0G650 2005012015 21.9 -9997 0.5 0.0
C0G650 2005012016 19.4 -9997 0.8 0.0
C0G650 2005012017 18.1 -9997 1.3 0.0
C0G650 2005012018 16.9 -9997 1.4 0.0
C0G650 2005012019 16.1 -9997 0.7 0.0
C0G650 2005012020 15.7 -9997 0.2 0.0
C0G650 2005012021 15.1 -9997 0.0 0.0
C0G650 2005012022 14.4 -9997 0.1 0.0
C0G650 2005012023 14.3 -9997 0.0 0.0
C0G650 2005012024 14.3 -9997 0.2 0.0
C0G650 2005012101 13.2 -9997 0.0 0.0
C0G650 2005012102 12.9 -9997 0.0 0.0
C0G650 2005012103 11.8 -9997 0.0 0.0
C0G650 2005012104 11.9 -9997 0.0 0.0
C0G650 2005012105 13.2 -9997 0.3 0.0
C0G650 2005012106 12.9 -9997 0.0 0.0
C0G650 2005012107 12.9 -9997 0.0 0.0
C0G650 2005012108 14.2 -9997 0.4 0.0
C0G650 2005012109 15.8 -9997 1.2 0.0
C0G650 2005012110 17.7 -9997 1.1 0.0
C0G650 2005012111 18.7 -9997 1.2 0.0
C0G650 2005012112 20.4 -9997 0.7 0.0
C0G650 2005012113 22.7 -9997 1.5 0.0
C0G650 2005012114 21.4 -9997 0.3 0.0
C0G650 2005012115 21.1 -9997 0.3 0.0
C0G650 2005012116 20.2 -9997 0.4 0.0
C0G650 2005012117 19.4 -9997 0.2 0.0
C0G650 2005012118 17.5 -9997 0.8 0.0
C0G650 2005012119 16.9 -9997 0.6 0.0
C0G650 2005012120 15.9 -9997 0.0 0.0
C0G650 2005012121 15.6 -9997 0.0 0.0
C0G650 2005012122 14.5 -9997 0.0 0.0
C0G650 2005012123 13.8 -9997 0.0 0.0
C0G650 2005012124 13.7 -9997 0.0 0.0
C0G650 2005012201 13.1 -9997 0.0 0.0
C0G650 2005012202 12.5 -9997 0.0 0.0
C0G650 2005012203 12.2 -9997 0.0 0.0
C0G650 2005012204 12.1 -9997 0.0 0.0
C0G650 2005012205 13.2 -9997 0.0 0.0
C0G650 2005012206 11.9 -9997 0.0 0.0
C0G650 2005012207 13.9 -9997 0.0 0.0
C0G650 2005012208 14.0 -9997 0.0 0.0
C0G650 2005012209 17.6 -9997 0.0 0.0
C0G650 2005012210 19.0 -9997 0.5 0.0
C0G650 2005012211 20.5 -9997 0.0 0.0
C0G650 2005012212 21.7 -9997 0.6 0.0
C0G650 2005012213 21.8 -9997 0.2 0.0
C0G650 2005012214 24.3 -9997 1.0 0.0
C0G650 2005012215 24.1 -9997 1.0 0.0
C0G650 2005012216 19.9 -9997 0.1 0.0
C0G650 2005012217 16.5 -9997 1.0 0.0
C0G650 2005012218 15.6 -9997 0.5 0.0
C0G650 2005012219 15.6 -9997 0.3 0.0
C0G650 2005012220 15.7 -9997 0.0 0.5
C0G650 2005012221 16.1 -9997 0.0 0.0
C0G650 2005012222 16.7 -9997 0.0 0.0
C0G650 2005012223 17.0 -9997 0.0 2.0
C0G650 2005012224 17.2 -9997 0.0 0.0
C0G650 2005012301 16.9 -9997 0.0 0.5
C0G650 2005012302 17.0 -9997 0.0 0.0
C0G650 2005012303 16.7 -9997 0.0 0.0
C0G650 2005012304 16.4 -9997 0.7 0.0
C0G650 2005012305 16.2 -9997 0.8 0.0
C0G650 2005012306 16.3 -9997 0.1 0.0
C0G650 2005012307 15.9 -9997 0.1 0.0
C0G650 2005012308 16.6 -9997 0.0 0.0
C0G650 2005012309 17.8 -9997 0.4 0.0
C0G650 2005012310 19.9 -9997 0.2 0.0
C0G650 2005012311 21.0 -9997 0.9 0.0
C0G650 2005012312 23.4 -9997 0.4 0.0
C0G650 2005012313 23.6 -9997 0.4 0.0
C0G650 2005012314 23.5 -9997 0.3 0.0
C0G650 2005012315 22.7 -9997 0.9 0.0
C0G650 2005012316 22.7 -9997 0.8 0.0
C0G650 2005012317 21.1 -9997 0.1 0.0
C0G650 2005012318 18.9 -9997 0.0 0.0
C0G650 2005012319 17.2 -9997 0.0 0.0
C0G650 2005012320 16.6 -9997 -9997 0.0
C0G650 2005012321 -9997 -9997 0.0 0.0
C0G650 2005012322 15.3 -9997 0.0 0.0
C0G650 2005012323 14.7 -9997 0.0 0.0
C0G650 2005012324 14.3 -9997 0.0 0.0
C0G650 2005012401 14.0 -9997 0.0 0.0
C0G650 2005012402 13.5 -9997 0.0 0.0
C0G650 2005012403 13.7 -9997 0.0 0.0
C0G650 2005012404 13.8 -9997 0.0 0.0
C0G650 2005012405 14.9 -9997 0.5 0.0
C0G650 2005012406 14.0 -9997 0.0 0.0
C0G650 2005012407 14.3 -9997 0.0 0.0
C0G650 2005012408 15.6 -9997 0.0 0.0
C0G650 2005012409 17.9 -9997 0.1 0.0
C0G650 2005012410 23.0 -9997 0.0 0.0
C0G650 2005012411 25.2 -9997 0.2 0.0
C0G650 2005012412 26.6 -9997 0.6 0.0
C0G650 2005012413 25.4 -9997 0.3 0.0
C0G650 2005012414 25.2 -9997 0.1 0.0
C0G650 2005012415 26.7 -9997 0.7 0.0
C0G650 2005012416 24.4 -9997 0.0 0.0
C0G650 2005012417 22.6 -9997 0.0 0.0
C0G650 2005012418 20.8 -9997 0.0 0.0
C0G650 2005012419 19.7 -9997 0.0 0.0
C0G650 2005012420 18.9 -9997 0.0 0.0
C0G650 2005012421 17.7 -9997 0.0 0.0
C0G650 2005012422 16.9 -9997 0.0 0.0
C0G650 2005012423 -9997 -9997 -9997 0.0
C0G650 2005012424 -9997 -9997 -9997 0.0
C0G650 2005012501 17.4 -9997 1.7 0.0
C0G650 2005012502 16.5 -9997 0.0 0.0
C0G650 2005012503 16.7 -9997 0.0 0.0
C0G650 2005012504 16.9 -9997 0.0 0.0
C0G650 2005012505 16.4 -9997 0.0 0.0
C0G650 2005012506 16.8 -9997 0.0 0.0
C0G650 2005012507 17.1 -9997 0.0 0.0
C0G650 2005012508 17.7 -9997 0.0 0.0
C0G650 2005012509 21.4 -9997 0.1 0.0
C0G650 2005012510 24.6 -9997 1.2 0.0
C0G650 2005012511 25.2 -9997 1.8 0.0
C0G650 2005012512 26.2 -9997 0.6 0.0
C0G650 2005012513 26.5 -9997 1.0 0.0
C0G650 2005012514 26.8 -9997 1.0 0.0
C0G650 2005012515 27.0 -9997 0.8 0.0
C0G650 2005012516 26.1 -9997 1.1 0.0
C0G650 2005012517 24.3 -9997 0.5 0.0
C0G650 2005012518 22.4 -9997 0.0 0.0
C0G650 2005012519 21.4 -9997 0.0 0.0
C0G650 2005012520 20.4 -9997 0.0 0.0
C0G650 2005012521 20.3 -9997 -9997 0.0
C0G650 2005012522 19.6 -9997 0.0 0.0
C0G650 2005012523 18.6 -9997 0.0 0.0
C0G650 2005012524 19.2 -9997 0.0 0.0
C0G650 2005012601 19.7 -9997 0.0 0.0
C0G650 2005012602 19.1 -9997 0.0 0.0
C0G650 2005012603 18.2 -9997 0.0 0.0
C0G650 2005012604 18.0 -9997 0.0 0.0
C0G650 2005012605 18.4 -9997 0.1 0.0
C0G650 2005012606 17.9 -9997 0.0 0.0
C0G650 2005012607 17.9 -9997 0.3 0.0
C0G650 2005012608 17.9 -9997 0.7 0.0
C0G650 2005012609 19.2 -9997 1.5 0.0
C0G650 2005012610 21.5 -9997 0.1 0.0
C0G650 2005012611 22.5 -9997 0.5 0.0
C0G650 2005012612 23.8 -9997 0.3 0.0
C0G650 2005012613 23.4 -9997 0.3 0.0
C0G650 2005012614 23.9 -9997 0.0 0.0
C0G650 2005012615 23.8 -9997 0.2 0.0
C0G650 2005012616 21.1 -9997 0.3 0.0
C0G650 2005012617 19.6 -9997 0.1 0.0
C0G650 2005012618 18.9 -9997 0.2 0.0
C0G650 2005012619 17.8 -9997 0.1 0.0
C0G650 2005012620 17.6 -9997 0.8 0.0
C0G650 2005012621 17.5 -9997 0.0 0.0
C0G650 2005012622 16.5 -9997 0.1 0.0
C0G650 2005012623 17.1 -9997 0.3 0.0
C0G650 2005012624 17.1 -9997 0.0 0.0
C0G650 2005012701 17.3 -9997 0.0 0.0
C0G650 2005012702 17.0 -9997 0.2 0.0
C0G650 2005012703 16.9 -9997 0.0 0.0
C0G650 2005012704 16.6 -9997 0.0 0.0
C0G650 2005012705 15.7 -9997 0.0 0.0
C0G650 2005012706 15.1 -9997 0.0 0.0
C0G650 2005012707 15.7 -9997 0.0 0.0
C0G650 2005012708 16.1 -9997 0.1 0.0
C0G650 2005012709 17.4 -9997 0.6 0.0
C0G650 2005012710 17.6 -9997 0.4 0.0
C0G650 2005012711 18.7 -9997 0.3 0.0
C0G650 2005012712 20.7 -9997 0.0 0.0
C0G650 2005012713 21.4 -9997 0.1 0.0
C0G650 2005012714 22.4 -9997 0.5 0.0
C0G650 2005012715 23.9 -9997 0.4 0.0
C0G650 2005012716 23.7 -9997 0.1 0.0
C0G650 2005012717 20.4 -9997 0.3 0.0
C0G650 2005012718 18.4 -9997 0.0 0.0
C0G650 2005012719 16.7 -9997 0.0 0.0
C0G650 2005012720 16.5 -9997 0.0 0.0
C0G650 2005012721 16.1 -9997 0.1 0.0
C0G650 2005012722 15.6 -9997 0.0 0.0
C0G650 2005012723 15.4 -9997 0.0 0.0
C0G650 2005012724 16.3 -9997 0.0 0.0
C0G650 2005012801 16.7 -9997 0.0 0.0
C0G650 2005012802 16.5 -9997 0.0 0.0
C0G650 2005012803 16.7 -9997 0.0 0.0
C0G650 2005012804 16.5 -9997 0.0 0.0
C0G650 2005012805 16.3 -9997 0.3 0.0
C0G650 2005012806 16.3 -9997 0.1 0.0
C0G650 2005012807 15.9 -9997 0.3 0.0
C0G650 2005012808 16.6 -9997 0.0 0.0
C0G650 2005012809 17.4 -9997 0.5 0.0
C0G650 2005012810 18.1 -9997 0.7 0.0
C0G650 2005012811 19.0 -9997 0.2 0.0
C0G650 2005012812 19.6 -9997 0.2 0.0
C0G650 2005012813 20.2 -9997 0.1 0.0
C0G650 2005012814 21.0 -9997 0.2 0.0
C0G650 2005012815 19.6 -9997 0.4 0.0
C0G650 2005012816 19.4 -9997 0.0 0.0
C0G650 2005012817 18.6 -9997 0.0 0.0
C0G650 2005012818 18.5 -9997 0.0 0.0
C0G650 2005012819 18.5 -9997 0.0 0.0
C0G650 2005012820 17.6 -9997 0.0 0.0
C0G650 2005012821 17.1 -9997 0.0 0.0
C0G650 2005012822 16.9 -9997 0.0 0.0
C0G650 2005012823 16.3 -9997 0.0 0.0
C0G650 2005012824 16.1 -9997 0.3 0.0
C0G650 2005012901 16.0 -9997 0.0 0.0
C0G650 2005012902 15.6 -9997 0.0 0.0
C0G650 2005012903 15.8 -9997 0.2 0.0
C0G650 2005012904 15.5 -9997 -9997 0.0
C0G650 2005012905 15.4 -9997 0.0 0.0
C0G650 2005012906 15.4 -9997 0.0 0.0
C0G650 2005012907 15.4 -9997 0.0 0.0
C0G650 2005012908 16.1 -9997 0.0 0.0
C0G650 2005012909 18.0 -9997 0.0 0.0
C0G650 2005012910 20.5 -9997 0.3 0.0
C0G650 2005012911 21.8 -9997 0.5 0.0
C0G650 2005012912 21.9 -9997 1.1 0.0
C0G650 2005012913 23.0 -9997 0.3 0.0
C0G650 2005012914 24.8 -9997 0.6 0.0
C0G650 2005012915 23.2 -9997 0.7 0.0
C0G650 2005012916 22.5 -9997 0.2 0.0
C0G650 2005012917 21.3 -9997 0.0 0.0
C0G650 2005012918 19.8 -9997 0.0 0.0
C0G650 2005012919 18.8 -9997 0.0 0.0
C0G650 2005012920 18.2 -9997 0.0 0.0
C0G650 2005012921 17.9 -9997 0.0 0.0
C0G650 2005012922 16.8 -9997 0.0 0.0
C0G650 2005012923 16.7 -9997 0.1 0.0
C0G650 2005012924 16.4 -9997 0.0 0.0
C0G650 2005013001 16.0 -9997 0.0 0.0
C0G650 2005013002 15.6 -9997 0.0 0.0
C0G650 2005013003 15.4 -9997 0.0 0.0
C0G650 2005013004 15.7 -9997 0.3 0.0
C0G650 2005013005 15.9 -9997 0.0 0.0
C0G650 2005013006 16.2 -9997 0.0 0.0
C0G650 2005013007 16.3 -9997 0.0 0.0
C0G650 2005013008 16.6 -9997 0.5 0.0
C0G650 2005013009 16.8 -9997 0.2 0.0
C0G650 2005013010 17.2 -9997 0.9 0.0
C0G650 2005013011 18.0 -9997 1.4 0.0
C0G650 2005013012 19.7 -9997 1.4 0.0
C0G650 2005013013 22.3 -9997 0.3 0.0
C0G650 2005013014 20.8 -9997 0.5 0.0
C0G650 2005013015 19.3 -9997 0.9 0.0
C0G650 2005013016 18.8 -9997 0.1 0.0
C0G650 2005013017 17.7 -9997 1.2 0.0
C0G650 2005013018 16.0 -9997 0.8 0.0
C0G650 2005013019 15.5 -9997 0.9 0.0
C0G650 2005013020 15.2 -9997 1.3 0.0
C0G650 2005013021 15.0 -9997 1.3 0.0
C0G650 2005013022 14.2 -9997 0.6 0.0
C0G650 2005013023 14.2 -9997 0.4 0.0
C0G650 2005013024 14.0 -9997 0.9 0.0
C0G650 2005013101 13.9 -9997 0.2 0.0
C0G650 2005013102 13.6 -9997 0.4 0.0
C0G650 2005013103 13.2 -9997 0.8 0.0
C0G650 2005013104 13.4 -9997 0.0 0.0
C0G650 2005013105 13.4 -9997 0.0 0.0
C0G650 2005013106 13.3 -9997 0.2 0.0
C0G650 2005013107 13.4 -9997 0.3 0.0
C0G650 2005013108 13.9 -9997 0.1 0.0
C0G650 2005013109 14.3 -9997 0.0 0.0
C0G650 2005013110 15.0 -9997 0.8 0.0
C0G650 2005013111 15.5 -9997 0.1 0.0
C0G650 2005013112 15.3 -9997 0.7 0.0
C0G650 2005013113 15.4 -9997 1.0 0.0
C0G650 2005013114 15.9 -9997 0.3 0.0
C0G650 2005013115 13.7 -9997 0.7 0.0
C0G650 2005013116 -9997 -9997 1.5 0.0
C0G650 2005013117 13.2 -9997 0.1 0.0
C0G650 2005013118 12.9 -9997 1.1 0.0
C0G650 2005013119 12.7 -9997 1.5 0.0
C0G650 2005013120 12.6 -9997 0.9 0.0
C0G650 2005013121 12.8 -9997 0.0 0.0
C0G650 2005013122 12.7 -9997 0.9 0.0
C0G650 2005013123 12.3 -9997 0.2 0.0
C0G650 2005013124 12.0 -9997 1.0 0.0
C0G660 2005010101 -9999 -9999 -9999 0.0
C0G660 2005010102 -9999 -9999 -9999 0.0
C0G660 2005010103 -9999 -9999 -9999 0.0
C0G660 2005010104 -9999 -9999 -9999 0.0
C0G660 2005010105 -9999 -9999 -9999 0.0
C0G660 2005010106 -9999 -9999 -9999 0.0
C0G660 2005010107 -9999 -9999 -9999 0.0
C0G660 2005010108 -9999 -9999 -9999 0.0
C0G660 2005010109 -9999 -9999 -9999 0.0
C0G660 2005010110 -9999 -9999 -9999 0.0
C0G660 2005010111 -9999 -9999 -9999 0.0
C0G660 2005010112 -9999 -9999 -9999 0.0
C0G660 2005010113 -9999 -9999 -9999 0.0
C0G660 2005010114 -9999 -9999 -9999 0.0
C0G660 2005010115 -9999 -9999 -9999 0.0
C0G660 2005010116 -9999 -9999 -9999 0.0
C0G660 2005010117 -9999 -9999 -9999 0.0
C0G660 2005010118 -9999 -9999 -9999 0.0
C0G660 2005010119 -9999 -9999 -9999 0.0
C0G660 2005010120 -9999 -9999 -9999 0.0
C0G660 2005010121 -9999 -9999 -9999 0.0
C0G660 2005010122 -9999 -9999 -9999 0.0
C0G660 2005010123 -9999 -9999 -9999 0.0
C0G660 2005010124 -9999 -9999 -9999 0.0
C0G660 2005010201 -9999 -9999 -9999 0.0
C0G660 2005010202 -9999 -9999 -9999 0.0
C0G660 2005010203 -9999 -9999 -9999 0.0
C0G660 2005010204 -9999 -9999 -9999 0.0
C0G660 2005010205 -9999 -9999 -9999 0.0
C0G660 2005010206 -9999 -9999 -9999 0.0
C0G660 2005010207 -9999 -9999 -9999 0.0
C0G660 2005010208 -9999 -9999 -9999 0.0
C0G660 2005010209 -9999 -9999 -9999 0.0
C0G660 2005010210 -9999 -9999 -9999 0.0
C0G660 2005010211 -9999 -9999 -9999 0.0
C0G660 2005010212 -9999 -9999 -9999 0.0
C0G660 2005010213 -9999 -9999 -9999 0.0
C0G660 2005010214 -9999 -9999 -9999 0.0
C0G660 2005010215 -9999 -9999 -9999 0.0
C0G660 2005010216 -9999 -9999 -9999 0.0
C0G660 2005010217 -9999 -9999 -9999 0.0
C0G660 2005010218 -9999 -9999 -9999 0.0
C0G660 2005010219 -9999 -9999 -9999 0.0
C0G660 2005010220 -9999 -9999 -9999 0.0
C0G660 2005010221 -9999 -9999 -9999 0.0
C0G660 2005010222 -9999 -9999 -9999 0.0
C0G660 2005010223 -9999 -9999 -9999 0.0
C0G660 2005010224 -9999 -9999 -9999 0.0
C0G660 2005010301 -9999 -9999 -9999 0.0
C0G660 2005010302 -9999 -9999 -9999 0.0
C0G660 2005010303 -9999 -9999 -9999 0.0
C0G660 2005010304 -9999 -9999 -9999 0.0
C0G660 2005010305 -9999 -9999 -9999 0.0
C0G660 2005010306 -9999 -9999 -9999 0.0
C0G660 2005010307 -9999 -9999 -9999 0.0
C0G660 2005010308 -9999 -9999 -9999 0.0
C0G660 2005010309 -9999 -9999 -9999 0.0
C0G660 2005010310 -9999 -9999 -9999 0.0
C0G660 2005010311 -9999 -9999 -9999 0.0
C0G660 2005010312 -9999 -9999 -9999 0.0
C0G660 2005010313 -9999 -9999 -9999 0.0
C0G660 2005010314 -9999 -9999 -9999 0.0
C0G660 2005010315 -9999 -9999 -9999 0.0
C0G660 2005010316 -9999 -9999 -9999 0.0
C0G660 2005010317 -9999 -9999 -9999 0.0
C0G660 2005010318 -9999 -9999 -9999 0.0
C0G660 2005010319 -9999 -9999 -9999 0.0
C0G660 2005010320 -9999 -9999 -9999 0.0
C0G660 2005010321 -9999 -9999 -9999 0.0
C0G660 2005010322 -9999 -9999 -9999 0.0
C0G660 2005010323 -9999 -9999 -9999 0.0
C0G660 2005010324 -9999 -9999 -9999 0.5
C0G660 2005010401 -9999 -9999 -9999 0.5
C0G660 2005010402 -9999 -9999 -9999 0.0
C0G660 2005010403 -9999 -9999 -9999 0.0
C0G660 2005010404 -9999 -9999 -9999 0.0
C0G660 2005010405 -9999 -9999 -9999 0.0
C0G660 2005010406 -9999 -9999 -9999 0.0
C0G660 2005010407 -9999 -9999 -9999 0.0
C0G660 2005010408 -9999 -9999 -9999 0.0
C0G660 2005010409 -9999 -9999 -9999 0.0
C0G660 2005010410 -9999 -9999 -9999 0.0
C0G660 2005010411 -9999 -9999 -9999 0.0
C0G660 2005010412 -9999 -9999 -9999 0.0
C0G660 2005010413 -9999 -9999 -9999 0.0
C0G660 2005010414 -9999 -9999 -9999 0.0
C0G660 2005010415 -9999 -9999 -9999 0.0
C0G660 2005010416 -9999 -9999 -9999 0.0
C0G660 2005010417 -9999 -9999 -9999 0.0
C0G660 2005010418 -9999 -9999 -9999 0.0
C0G660 2005010419 -9999 -9999 -9999 0.0
C0G660 2005010420 -9999 -9999 -9999 0.0
C0G660 2005010421 -9999 -9999 -9999 0.0
C0G660 2005010422 -9999 -9999 -9999 0.0
C0G660 2005010423 -9999 -9999 -9999 0.0
C0G660 2005010424 -9999 -9999 -9999 0.0
C0G660 2005010501 -9999 -9999 -9999 0.0
C0G660 2005010502 -9999 -9999 -9999 0.0
C0G660 2005010503 -9999 -9999 -9999 0.0
C0G660 2005010504 -9999 -9999 -9999 0.0
C0G660 2005010505 -9999 -9999 -9999 0.0
C0G660 2005010506 -9999 -9999 -9999 0.0
C0G660 2005010507 -9999 -9999 -9999 0.0
C0G660 2005010508 -9999 -9999 -9999 0.0
C0G660 2005010509 -9999 -9999 -9999 0.0
C0G660 2005010510 -9999 -9999 -9999 0.0
C0G660 2005010511 -9999 -9999 -9999 0.0
C0G660 2005010512 -9999 -9999 -9999 0.0
C0G660 2005010513 -9999 -9999 -9999 0.0
C0G660 2005010514 -9999 -9999 -9999 0.0
C0G660 2005010515 -9999 -9999 -9999 0.0
C0G660 2005010516 -9999 -9999 -9999 0.0
C0G660 2005010517 -9999 -9999 -9999 0.0
C0G660 2005010518 -9999 -9999 -9999 0.0
C0G660 2005010519 -9999 -9999 -9999 0.0
C0G660 2005010520 -9999 -9999 -9999 0.0
C0G660 2005010521 -9999 -9999 -9999 0.0
C0G660 2005010522 -9999 -9999 -9999 0.0
C0G660 2005010523 -9999 -9999 -9999 0.0
C0G660 2005010524 -9999 -9999 -9999 0.0
C0G660 2005010601 -9999 -9999 -9999 0.0
C0G660 2005010602 -9999 -9999 -9999 0.0
C0G660 2005010603 -9999 -9999 -9999 0.0
C0G660 2005010604 -9999 -9999 -9999 0.0
C0G660 2005010605 -9999 -9999 -9999 0.0
C0G660 2005010606 -9999 -9999 -9999 0.0
C0G660 2005010607 -9999 -9999 -9999 0.0
C0G660 2005010608 -9999 -9999 -9999 0.0
C0G660 2005010609 -9999 -9999 -9999 0.0
C0G660 2005010610 -9999 -9999 -9999 0.0
C0G660 2005010611 -9999 -9999 -9999 0.0
C0G660 2005010612 -9999 -9999 -9999 0.0
C0G660 2005010613 -9999 -9999 -9999 0.0
C0G660 2005010614 -9999 -9999 -9999 0.0
C0G660 2005010615 -9999 -9999 -9999 0.0
C0G660 2005010616 -9999 -9999 -9999 0.0
C0G660 2005010617 -9999 -9999 -9999 0.0
C0G660 2005010618 -9999 -9999 -9999 0.0
C0G660 2005010619 -9999 -9999 -9999 0.0
C0G660 2005010620 -9999 -9999 -9999 0.0
C0G660 2005010621 -9999 -9999 -9999 0.0
C0G660 2005010622 -9999 -9999 -9999 0.0
C0G660 2005010623 -9999 -9999 -9999 0.0
C0G660 2005010624 -9999 -9999 -9999 0.0
C0G660 2005010701 -9999 -9999 -9999 0.0
C0G660 2005010702 -9999 -9999 -9999 0.0
C0G660 2005010703 -9999 -9999 -9999 0.0
C0G660 2005010704 -9999 -9999 -9999 0.0
C0G660 2005010705 -9999 -9999 -9999 0.0
C0G660 2005010706 -9999 -9999 -9999 0.0
C0G660 2005010707 -9999 -9999 -9999 0.0
C0G660 2005010708 -9999 -9999 -9999 0.0
C0G660 2005010709 -9999 -9999 -9999 0.0
C0G660 2005010710 -9999 -9999 -9999 0.0
C0G660 2005010711 -9999 -9999 -9999 0.0
C0G660 2005010712 -9999 -9999 -9999 0.0
C0G660 2005010713 -9999 -9999 -9999 0.0
C0G660 2005010714 -9999 -9999 -9999 0.0
C0G660 2005010715 -9999 -9999 -9999 0.0
C0G660 2005010716 -9999 -9999 -9999 0.0
C0G660 2005010717 -9999 -9999 -9999 0.0
C0G660 2005010718 -9999 -9999 -9999 0.0
C0G660 2005010719 -9999 -9999 -9999 0.0
C0G660 2005010720 -9999 -9999 -9999 0.0
C0G660 2005010721 -9999 -9999 -9999 0.0
C0G660 2005010722 -9999 -9999 -9999 0.0
C0G660 2005010723 -9999 -9999 -9999 0.0
C0G660 2005010724 -9999 -9999 -9999 0.0
C0G660 2005010801 -9999 -9999 -9999 0.0
C0G660 2005010802 -9999 -9999 -9999 0.0
C0G660 2005010803 -9999 -9999 -9999 0.0
C0G660 2005010804 -9999 -9999 -9999 0.0
C0G660 2005010805 -9999 -9999 -9999 0.0
C0G660 2005010806 -9999 -9999 -9999 0.0
C0G660 2005010807 -9999 -9999 -9999 0.0
C0G660 2005010808 -9999 -9999 -9999 0.0
C0G660 2005010809 -9999 -9999 -9999 0.0
C0G660 2005010810 -9999 -9999 -9999 0.0
C0G660 2005010811 -9999 -9999 -9999 0.0
C0G660 2005010812 -9999 -9999 -9999 0.0
C0G660 2005010813 -9999 -9999 -9999 0.0
C0G660 2005010814 -9999 -9999 -9999 0.0
C0G660 2005010815 -9999 -9999 -9999 0.0
C0G660 2005010816 -9999 -9999 -9999 0.0
C0G660 2005010817 -9999 -9999 -9999 0.0
C0G660 2005010818 -9999 -9999 -9999 0.0
C0G660 2005010819 -9999 -9999 -9999 0.0
C0G660 2005010820 -9999 -9999 -9999 0.0
C0G660 2005010821 -9999 -9999 -9999 0.0
C0G660 2005010822 -9999 -9999 -9999 0.0
C0G660 2005010823 -9999 -9999 -9999 0.0
C0G660 2005010824 -9999 -9999 -9999 0.0
C0G660 2005010901 -9999 -9999 -9999 0.0
C0G660 2005010902 -9999 -9999 -9999 0.0
C0G660 2005010903 -9999 -9999 -9999 0.0
C0G660 2005010904 -9999 -9999 -9999 0.0
C0G660 2005010905 -9999 -9999 -9999 0.0
C0G660 2005010906 -9999 -9999 -9999 0.0
C0G660 2005010907 -9999 -9999 -9999 0.0
C0G660 2005010908 -9999 -9999 -9999 0.0
C0G660 2005010909 -9999 -9999 -9999 0.0
C0G660 2005010910 -9999 -9999 -9999 0.0
C0G660 2005010911 -9999 -9999 -9999 0.0
C0G660 2005010912 -9999 -9999 -9999 0.0
C0G660 2005010913 -9999 -9999 -9999 0.0
C0G660 2005010914 -9999 -9999 -9999 0.0
C0G660 2005010915 -9999 -9999 -9999 0.0
C0G660 2005010916 -9999 -9999 -9999 0.0
C0G660 2005010917 -9999 -9999 -9999 0.0
C0G660 2005010918 -9999 -9999 -9999 0.0
C0G660 2005010919 -9999 -9999 -9999 0.0
C0G660 2005010920 -9999 -9999 -9999 0.0
C0G660 2005010921 -9999 -9999 -9999 0.0
C0G660 2005010922 -9999 -9999 -9999 0.0
C0G660 2005010923 -9999 -9999 -9999 0.0
C0G660 2005010924 -9999 -9999 -9999 0.0
C0G660 2005011001 -9999 -9999 -9999 0.0
C0G660 2005011002 -9999 -9999 -9999 0.0
C0G660 2005011003 -9999 -9999 -9999 0.0
C0G660 2005011004 -9999 -9999 -9999 0.0
C0G660 2005011005 -9999 -9999 -9999 0.0
C0G660 2005011006 -9999 -9999 -9999 0.0
C0G660 2005011007 -9999 -9999 -9999 0.0
C0G660 2005011008 -9999 -9999 -9999 0.0
C0G660 2005011009 -9999 -9999 -9999 0.0
C0G660 2005011010 -9999 -9999 -9999 0.0
C0G660 2005011011 -9999 -9999 -9999 0.0
C0G660 2005011012 -9999 -9999 -9999 0.0
C0G660 2005011013 -9999 -9999 -9999 0.0
C0G660 2005011014 -9999 -9999 -9999 0.0
C0G660 2005011015 -9999 -9999 -9999 0.0
C0G660 2005011016 -9999 -9999 -9999 0.0
C0G660 2005011017 -9999 -9999 -9999 0.0
C0G660 2005011018 -9999 -9999 -9999 0.0
C0G660 2005011019 -9999 -9999 -9999 0.0
C0G660 2005011020 -9999 -9999 -9999 0.0
C0G660 2005011021 -9999 -9999 -9999 0.0
C0G660 2005011022 -9999 -9999 -9999 0.0
C0G660 2005011023 -9999 -9999 -9999 0.0
C0G660 2005011024 -9999 -9999 -9999 0.0
C0G660 2005011101 -9999 -9999 -9999 0.0
C0G660 2005011102 -9999 -9999 -9999 0.0
C0G660 2005011103 -9999 -9999 -9999 0.0
C0G660 2005011104 -9999 -9999 -9999 0.0
C0G660 2005011105 -9999 -9999 -9999 0.0
C0G660 2005011106 -9999 -9999 -9999 0.0
C0G660 2005011107 -9999 -9999 -9999 0.0
C0G660 2005011108 -9999 -9999 -9999 0.0
C0G660 2005011109 -9999 -9999 -9999 0.0
C0G660 2005011110 -9999 -9999 -9999 0.0
C0G660 2005011111 -9999 -9999 -9999 0.0
C0G660 2005011112 -9999 -9999 -9999 0.0
C0G660 2005011113 -9999 -9999 -9999 0.0
C0G660 2005011114 -9999 -9999 -9999 0.0
C0G660 2005011115 -9999 -9999 -9999 0.0
C0G660 2005011116 -9999 -9999 -9999 0.0
C0G660 2005011117 -9999 -9999 -9999 0.0
C0G660 2005011118 -9999 -9999 -9999 0.0
C0G660 2005011119 -9999 -9999 -9999 0.0
C0G660 2005011120 -9999 -9999 -9999 0.0
C0G660 2005011121 -9999 -9999 -9999 0.0
C0G660 2005011122 -9999 -9999 -9999 0.0
C0G660 2005011123 -9999 -9999 -9999 0.0
C0G660 2005011124 -9999 -9999 -9999 0.0
C0G660 2005011201 -9999 -9999 -9999 0.0
C0G660 2005011202 -9999 -9999 -9999 0.0
C0G660 2005011203 -9999 -9999 -9999 0.0
C0G660 2005011204 -9999 -9999 -9999 0.0
C0G660 2005011205 -9999 -9999 -9999 0.0
C0G660 2005011206 -9999 -9999 -9999 0.0
C0G660 2005011207 -9999 -9999 -9999 0.0
C0G660 2005011208 -9999 -9999 -9999 0.0
C0G660 2005011209 -9999 -9999 -9999 0.0
C0G660 2005011210 -9999 -9999 -9999 0.0
C0G660 2005011211 -9999 -9999 -9999 0.0
C0G660 2005011212 -9999 -9999 -9999 0.0
C0G660 2005011213 -9999 -9999 -9999 0.0
C0G660 2005011214 -9999 -9999 -9999 0.0
C0G660 2005011215 -9999 -9999 -9999 0.0
C0G660 2005011216 -9999 -9999 -9999 0.0
C0G660 2005011217 -9999 -9999 -9999 0.0
C0G660 2005011218 -9999 -9999 -9999 0.0
C0G660 2005011219 -9999 -9999 -9999 0.0
C0G660 2005011220 -9999 -9999 -9999 0.0
C0G660 2005011221 -9999 -9999 -9999 0.0
C0G660 2005011222 -9999 -9999 -9999 0.0
C0G660 2005011223 -9999 -9999 -9999 0.0
C0G660 2005011224 -9999 -9999 -9999 0.0
C0G660 2005011301 -9999 -9999 -9999 0.0
C0G660 2005011302 -9999 -9999 -9999 0.0
C0G660 2005011303 -9999 -9999 -9999 0.0
C0G660 2005011304 -9999 -9999 -9999 0.0
C0G660 2005011305 -9999 -9999 -9999 0.0
C0G660 2005011306 -9999 -9999 -9999 0.0
C0G660 2005011307 -9999 -9999 -9999 0.0
C0G660 2005011308 -9999 -9999 -9999 0.5
C0G660 2005011309 -9999 -9999 -9999 0.0
C0G660 2005011310 -9999 -9999 -9999 0.0
C0G660 2005011311 -9999 -9999 -9999 0.0
C0G660 2005011312 -9999 -9999 -9999 2.0
C0G660 2005011313 -9999 -9999 -9999 2.0
C0G660 2005011314 -9999 -9999 -9999 0.0
C0G660 2005011315 -9999 -9999 -9999 1.5
C0G660 2005011316 -9999 -9999 -9999 0.5
C0G660 2005011317 -9999 -9999 -9999 2.0
C0G660 2005011318 -9999 -9999 -9999 2.0
C0G660 2005011319 -9999 -9999 -9999 0.0
C0G660 2005011320 -9999 -9999 -9999 0.0
C0G660 2005011321 -9999 -9999 -9999 0.5
C0G660 2005011322 -9999 -9999 -9999 0.0
C0G660 2005011323 -9999 -9999 -9999 0.0
C0G660 2005011324 -9999 -9999 -9999 0.0
C0G660 2005011401 -9999 -9999 -9999 0.0
C0G660 2005011402 -9999 -9999 -9999 0.0
C0G660 2005011403 -9999 -9999 -9999 0.0
C0G660 2005011404 -9999 -9999 -9999 0.0
C0G660 2005011405 -9999 -9999 -9999 0.0
C0G660 2005011406 -9999 -9999 -9999 0.0
C0G660 2005011407 -9999 -9999 -9999 0.0
C0G660 2005011408 -9999 -9999 -9999 0.0
C0G660 2005011409 -9999 -9999 -9999 0.0
C0G660 2005011410 -9999 -9999 -9999 0.0
C0G660 2005011411 -9999 -9999 -9999 0.0
C0G660 2005011412 -9999 -9999 -9999 0.0
C0G660 2005011413 -9999 -9999 -9999 0.0
C0G660 2005011414 -9999 -9999 -9999 0.0
C0G660 2005011415 -9999 -9999 -9999 0.0
C0G660 2005011416 -9999 -9999 -9999 0.0
C0G660 2005011417 -9999 -9999 -9999 0.0
C0G660 2005011418 -9999 -9999 -9999 0.0
C0G660 2005011419 -9999 -9999 -9999 0.0
C0G660 2005011420 -9999 -9999 -9999 0.0
C0G660 2005011421 -9999 -9999 -9999 0.0
C0G660 2005011422 -9999 -9999 -9999 0.0
C0G660 2005011423 -9999 -9999 -9999 0.0
C0G660 2005011424 -9999 -9999 -9999 0.0
C0G660 2005011501 -9999 -9999 -9999 0.0
C0G660 2005011502 -9999 -9999 -9999 0.0
C0G660 2005011503 -9999 -9999 -9999 0.0
C0G660 2005011504 -9999 -9999 -9999 0.0
C0G660 2005011505 -9999 -9999 -9999 0.0
C0G660 2005011506 -9999 -9999 -9999 0.0
C0G660 2005011507 -9999 -9999 -9999 0.0
C0G660 2005011508 -9999 -9999 -9999 0.0
C0G660 2005011509 -9999 -9999 -9999 0.0
C0G660 2005011510 -9999 -9999 -9999 0.0
C0G660 2005011511 -9999 -9999 -9999 0.0
C0G660 2005011512 -9999 -9999 -9999 0.0
C0G660 2005011513 -9999 -9999 -9999 0.0
C0G660 2005011514 -9999 -9999 -9999 0.0
C0G660 2005011515 -9999 -9999 -9999 0.0
C0G660 2005011516 -9999 -9999 -9999 0.0
C0G660 2005011517 -9999 -9999 -9999 0.0
C0G660 2005011518 -9999 -9999 -9999 0.0
C0G660 2005011519 -9999 -9999 -9999 0.0
C0G660 2005011520 -9999 -9999 -9999 0.0
C0G660 2005011521 -9999 -9999 -9999 0.0
C0G660 2005011522 -9999 -9999 -9999 0.0
C0G660 2005011523 -9999 -9999 -9999 0.0
C0G660 2005011524 -9999 -9999 -9999 0.0
C0G660 2005011601 -9999 -9999 -9999 -9996
C0G660 2005011602 -9999 -9999 -9999 0.0
C0G660 2005011603 -9999 -9999 -9999 0.0
C0G660 2005011604 -9999 -9999 -9999 0.0
C0G660 2005011605 -9999 -9999 -9999 0.0
C0G660 2005011606 -9999 -9999 -9999 0.0
C0G660 2005011607 -9999 -9999 -9999 0.0
C0G660 2005011608 -9999 -9999 -9999 0.0
C0G660 2005011609 -9999 -9999 -9999 0.0
C0G660 2005011610 -9999 -9999 -9999 0.0
C0G660 2005011611 -9999 -9999 -9999 0.0
C0G660 2005011612 -9999 -9999 -9999 0.0
C0G660 2005011613 -9999 -9999 -9999 0.0
C0G660 2005011614 -9999 -9999 -9999 0.0
C0G660 2005011615 -9999 -9999 -9999 0.0
C0G660 2005011616 -9999 -9999 -9999 0.0
C0G660 2005011617 -9999 -9999 -9999 0.0
C0G660 2005011618 -9999 -9999 -9999 0.0
C0G660 2005011619 -9999 -9999 -9999 0.0
C0G660 2005011620 -9999 -9999 -9999 0.0
C0G660 2005011621 -9999 -9999 -9999 0.0
C0G660 2005011622 -9999 -9999 -9999 0.0
C0G660 2005011623 -9999 -9999 -9999 0.0
C0G660 2005011624 -9999 -9999 -9999 0.0
C0G660 2005011701 -9999 -9999 -9999 0.0
C0G660 2005011702 -9999 -9999 -9999 0.0
C0G660 2005011703 -9999 -9999 -9999 0.0
C0G660 2005011704 -9999 -9999 -9999 0.0
C0G660 2005011705 -9999 -9999 -9999 0.0
C0G660 2005011706 -9999 -9999 -9999 0.0
C0G660 2005011707 -9999 -9999 -9999 0.0
C0G660 2005011708 -9999 -9999 -9999 0.0
C0G660 2005011709 -9999 -9999 -9999 0.0
C0G660 2005011710 -9999 -9999 -9999 0.0
C0G660 2005011711 -9999 -9999 -9999 0.0
C0G660 2005011712 -9999 -9999 -9999 0.0
C0G660 2005011713 -9999 -9999 -9999 0.0
C0G660 2005011714 -9999 -9999 -9999 0.0
C0G660 2005011715 -9999 -9999 -9999 0.0
C0G660 2005011716 -9999 -9999 -9999 0.0
C0G660 2005011717 -9999 -9999 -9999 0.0
C0G660 2005011718 -9999 -9999 -9999 0.0
C0G660 2005011719 -9999 -9999 -9999 0.0
C0G660 2005011720 -9999 -9999 -9999 0.0
C0G660 2005011721 -9999 -9999 -9999 0.0
C0G660 2005011722 -9999 -9999 -9999 0.0
C0G660 2005011723 -9999 -9999 -9999 0.0
C0G660 2005011724 -9999 -9999 -9999 0.0
C0G660 2005011801 -9999 -9999 -9999 0.0
C0G660 2005011802 -9999 -9999 -9999 0.0
C0G660 2005011803 -9999 -9999 -9999 0.0
C0G660 2005011804 -9999 -9999 -9999 0.0
C0G660 2005011805 -9999 -9999 -9999 0.0
C0G660 2005011806 -9999 -9999 -9999 0.0
C0G660 2005011807 -9999 -9999 -9999 0.0
C0G660 2005011808 -9999 -9999 -9999 0.0
C0G660 2005011809 -9999 -9999 -9999 0.0
C0G660 2005011810 -9999 -9999 -9999 0.0
C0G660 2005011811 -9999 -9999 -9999 0.0
C0G660 2005011812 -9999 -9999 -9999 0.0
C0G660 2005011813 -9999 -9999 -9999 0.0
C0G660 2005011814 -9999 -9999 -9999 0.0
C0G660 2005011815 -9999 -9999 -9999 0.0
C0G660 2005011816 -9999 -9999 -9999 0.0
C0G660 2005011817 -9999 -9999 -9999 0.0
C0G660 2005011818 -9999 -9999 -9999 0.0
C0G660 2005011819 -9999 -9999 -9999 0.0
C0G660 2005011820 -9999 -9999 -9999 0.0
C0G660 2005011821 -9999 -9999 -9999 0.0
C0G660 2005011822 -9999 -9999 -9999 0.0
C0G660 2005011823 -9999 -9999 -9999 0.0
C0G660 2005011824 -9999 -9999 -9999 0.0
C0G660 2005011901 -9999 -9999 -9999 0.0
C0G660 2005011902 -9999 -9999 -9999 0.0
C0G660 2005011903 -9999 -9999 -9999 0.0
C0G660 2005011904 -9999 -9999 -9999 0.0
C0G660 2005011905 -9999 -9999 -9999 0.0
C0G660 2005011906 -9999 -9999 -9999 0.0
C0G660 2005011907 -9999 -9999 -9999 0.0
C0G660 2005011908 -9999 -9999 -9999 0.0
C0G660 2005011909 -9999 -9999 -9999 0.0
C0G660 2005011910 -9999 -9999 -9999 0.0
C0G660 2005011911 -9999 -9999 -9999 0.0
C0G660 2005011912 -9999 -9999 -9999 0.0
C0G660 2005011913 -9999 -9999 -9999 0.0
C0G660 2005011914 -9999 -9999 -9999 0.0
C0G660 2005011915 -9999 -9999 -9999 0.0
C0G660 2005011916 -9999 -9999 -9999 0.0
C0G660 2005011917 -9999 -9999 -9999 0.0
C0G660 2005011918 -9999 -9999 -9999 0.0
C0G660 2005011919 -9999 -9999 -9999 0.0
C0G660 2005011920 -9999 -9999 -9999 0.0
C0G660 2005011921 -9999 -9999 -9999 0.0
C0G660 2005011922 -9999 -9999 -9999 0.0
C0G660 2005011923 -9999 -9999 -9999 0.0
C0G660 2005011924 -9999 -9999 -9999 0.0
C0G660 2005012001 -9999 -9999 -9999 0.0
C0G660 2005012002 -9999 -9999 -9999 0.0
C0G660 2005012003 -9999 -9999 -9999 0.0
C0G660 2005012004 -9999 -9999 -9999 0.0
C0G660 2005012005 -9999 -9999 -9999 0.0
C0G660 2005012006 -9999 -9999 -9999 0.0
C0G660 2005012007 -9999 -9999 -9999 0.0
C0G660 2005012008 -9999 -9999 -9999 0.0
C0G660 2005012009 -9999 -9999 -9999 0.0
C0G660 2005012010 -9999 -9999 -9999 0.0
C0G660 2005012011 -9999 -9999 -9999 0.0
C0G660 2005012012 -9999 -9999 -9999 0.0
C0G660 2005012013 -9999 -9999 -9999 0.0
C0G660 2005012014 -9999 -9999 -9999 0.0
C0G660 2005012015 -9999 -9999 -9999 0.0
C0G660 2005012016 -9999 -9999 -9999 0.0
C0G660 2005012017 -9999 -9999 -9999 0.0
C0G660 2005012018 -9999 -9999 -9999 0.0
C0G660 2005012019 -9999 -9999 -9999 0.0
C0G660 2005012020 -9999 -9999 -9999 0.0
C0G660 2005012021 -9999 -9999 -9999 0.0
C0G660 2005012022 -9999 -9999 -9999 0.0
C0G660 2005012023 -9999 -9999 -9999 0.0
C0G660 2005012024 -9999 -9999 -9999 0.0
C0G660 2005012101 -9999 -9999 -9999 0.0
C0G660 2005012102 -9999 -9999 -9999 0.0
C0G660 2005012103 -9999 -9999 -9999 0.0
C0G660 2005012104 -9999 -9999 -9999 0.0
C0G660 2005012105 -9999 -9999 -9999 0.0
C0G660 2005012106 -9999 -9999 -9999 0.0
C0G660 2005012107 -9999 -9999 -9999 0.0
C0G660 2005012108 -9999 -9999 -9999 0.0
C0G660 2005012109 -9999 -9999 -9999 0.0
C0G660 2005012110 -9999 -9999 -9999 0.0
C0G660 2005012111 -9999 -9999 -9999 0.0
C0G660 2005012112 -9999 -9999 -9999 0.0
C0G660 2005012113 -9999 -9999 -9999 0.0
C0G660 2005012114 -9999 -9999 -9999 0.0
C0G660 2005012115 -9999 -9999 -9999 0.0
C0G660 2005012116 -9999 -9999 -9999 0.0
C0G660 2005012117 -9999 -9999 -9999 0.0
C0G660 2005012118 -9999 -9999 -9999 0.0
C0G660 2005012119 -9999 -9999 -9999 0.0
C0G660 2005012120 -9999 -9999 -9999 0.0
C0G660 2005012121 -9999 -9999 -9999 0.0
C0G660 2005012122 -9999 -9999 -9999 0.0
C0G660 2005012123 -9999 -9999 -9999 0.0
C0G660 2005012124 -9999 -9999 -9999 0.0
C0G660 2005012201 -9999 -9999 -9999 -9996
C0G660 2005012202 -9999 -9999 -9999 0.0
C0G660 2005012203 -9999 -9999 -9999 0.0
C0G660 2005012204 -9999 -9999 -9999 0.0
C0G660 2005012205 -9999 -9999 -9999 0.0
C0G660 2005012206 -9999 -9999 -9999 0.0
C0G660 2005012207 -9999 -9999 -9999 0.0
C0G660 2005012208 -9999 -9999 -9999 0.0
C0G660 2005012209 -9999 -9999 -9999 0.0
C0G660 2005012210 -9999 -9999 -9999 0.0
C0G660 2005012211 -9999 -9999 -9999 0.0
C0G660 2005012212 -9999 -9999 -9999 0.0
C0G660 2005012213 -9999 -9999 -9999 0.0
C0G660 2005012214 -9999 -9999 -9999 0.0
C0G660 2005012215 -9999 -9999 -9999 0.0
C0G660 2005012216 -9999 -9999 -9999 0.0
C0G660 2005012217 -9999 -9999 -9999 0.0
C0G660 2005012218 -9999 -9999 -9999 0.0
C0G660 2005012219 -9999 -9999 -9999 0.0
C0G660 2005012220 -9999 -9999 -9999 0.0
C0G660 2005012221 -9999 -9999 -9999 0.0
C0G660 2005012222 -9999 -9999 -9999 0.0
C0G660 2005012223 -9999 -9999 -9999 2.5
C0G660 2005012224 -9999 -9999 -9999 0.0
C0G660 2005012301 -9999 -9999 -9999 0.0
C0G660 2005012302 -9999 -9999 -9999 0.0
C0G660 2005012303 -9999 -9999 -9999 0.0
C0G660 2005012304 -9999 -9999 -9999 0.0
C0G660 2005012305 -9999 -9999 -9999 0.0
C0G660 2005012306 -9999 -9999 -9999 0.0
C0G660 2005012307 -9999 -9999 -9999 0.0
C0G660 2005012308 -9999 -9999 -9999 0.0
C0G660 2005012309 -9999 -9999 -9999 0.5
C0G660 2005012310 -9999 -9999 -9999 0.0
C0G660 2005012311 -9999 -9999 -9999 0.0
C0G660 2005012312 -9999 -9999 -9999 0.0
C0G660 2005012313 -9999 -9999 -9999 0.0
C0G660 2005012314 -9999 -9999 -9999 0.0
C0G660 2005012315 -9999 -9999 -9999 0.0
C0G660 2005012316 -9999 -9999 -9999 0.0
C0G660 2005012317 -9999 -9999 -9999 0.0
C0G660 2005012318 -9999 -9999 -9999 0.0
C0G660 2005012319 -9999 -9999 -9999 0.0
C0G660 2005012320 -9999 -9999 -9999 0.0
C0G660 2005012321 -9999 -9999 -9999 0.0
C0G660 2005012322 -9999 -9999 -9999 0.0
C0G660 2005012323 -9999 -9999 -9999 0.0
C0G660 2005012324 -9999 -9999 -9999 0.0
C0G660 2005012401 -9999 -9999 -9999 0.0
C0G660 2005012402 -9999 -9999 -9999 0.0
C0G660 2005012403 -9999 -9999 -9999 0.0
C0G660 2005012404 -9999 -9999 -9999 0.0
C0G660 2005012405 -9999 -9999 -9999 0.0
C0G660 2005012406 -9999 -9999 -9999 0.0
C0G660 2005012407 -9999 -9999 -9999 0.0
C0G660 2005012408 -9999 -9999 -9999 0.0
C0G660 2005012409 -9999 -9999 -9999 0.0
C0G660 2005012410 -9999 -9999 -9999 0.0
C0G660 2005012411 -9999 -9999 -9999 0.0
C0G660 2005012412 -9999 -9999 -9999 0.0
C0G660 2005012413 -9999 -9999 -9999 0.0
C0G660 2005012414 -9999 -9999 -9999 0.0
C0G660 2005012415 -9999 -9999 -9999 0.0
C0G660 2005012416 -9999 -9999 -9999 0.0
C0G660 2005012417 -9999 -9999 -9999 0.0
C0G660 2005012418 -9999 -9999 -9999 0.0
C0G660 2005012419 -9999 -9999 -9999 0.0
C0G660 2005012420 -9999 -9999 -9999 0.0
C0G660 2005012421 -9999 -9999 -9999 0.0
C0G660 2005012422 -9999 -9999 -9999 0.0
C0G660 2005012423 -9999 -9999 -9999 0.0
C0G660 2005012424 -9999 -9999 -9999 0.0
C0G660 2005012501 -9999 -9999 -9999 0.0
C0G660 2005012502 -9999 -9999 -9999 0.0
C0G660 2005012503 -9999 -9999 -9999 0.0
C0G660 2005012504 -9999 -9999 -9999 0.0
C0G660 2005012505 -9999 -9999 -9999 0.0
C0G660 2005012506 -9999 -9999 -9999 0.0
C0G660 2005012507 -9999 -9999 -9999 0.0
C0G660 2005012508 -9999 -9999 -9999 0.0
C0G660 2005012509 -9999 -9999 -9999 0.0
C0G660 2005012510 -9999 -9999 -9999 0.0
C0G660 2005012511 -9999 -9999 -9999 0.0
C0G660 2005012512 -9999 -9999 -9999 0.0
C0G660 2005012513 -9999 -9999 -9999 0.0
C0G660 2005012514 -9999 -9999 -9999 0.0
C0G660 2005012515 -9999 -9999 -9999 0.0
C0G660 2005012516 -9999 -9999 -9999 0.0
C0G660 2005012517 -9999 -9999 -9999 0.0
C0G660 2005012518 -9999 -9999 -9999 0.0
C0G660 2005012519 -9999 -9999 -9999 0.0
C0G660 2005012520 -9999 -9999 -9999 0.0
C0G660 2005012521 -9999 -9999 -9999 0.0
C0G660 2005012522 -9999 -9999 -9999 0.0
C0G660 2005012523 -9999 -9999 -9999 0.0
C0G660 2005012524 -9999 -9999 -9999 0.0
C0G660 2005012601 -9999 -9999 -9999 0.0
C0G660 2005012602 -9999 -9999 -9999 0.0
C0G660 2005012603 -9999 -9999 -9999 0.0
C0G660 2005012604 -9999 -9999 -9999 0.0
C0G660 2005012605 -9999 -9999 -9999 0.0
C0G660 2005012606 -9999 -9999 -9999 0.0
C0G660 2005012607 -9999 -9999 -9999 0.0
C0G660 2005012608 -9999 -9999 -9999 0.0
C0G660 2005012609 -9999 -9999 -9999 0.0
C0G660 2005012610 -9999 -9999 -9999 0.0
C0G660 2005012611 -9999 -9999 -9999 0.0
C0G660 2005012612 -9999 -9999 -9999 0.0
C0G660 2005012613 -9999 -9999 -9999 0.0
C0G660 2005012614 -9999 -9999 -9999 0.0
C0G660 2005012615 -9999 -9999 -9999 0.0
C0G660 2005012616 -9999 -9999 -9999 0.0
C0G660 2005012617 -9999 -9999 -9999 0.0
C0G660 2005012618 -9999 -9999 -9999 0.0
C0G660 2005012619 -9999 -9999 -9999 0.0
C0G660 2005012620 -9999 -9999 -9999 0.0
C0G660 2005012621 -9999 -9999 -9999 0.0
C0G660 2005012622 -9999 -9999 -9999 0.0
C0G660 2005012623 -9999 -9999 -9999 0.0
C0G660 2005012624 -9999 -9999 -9999 0.0
C0G660 2005012701 -9999 -9999 -9999 0.0
C0G660 2005012702 -9999 -9999 -9999 0.0
C0G660 2005012703 -9999 -9999 -9999 0.0
C0G660 2005012704 -9999 -9999 -9999 0.0
C0G660 2005012705 -9999 -9999 -9999 0.0
C0G660 2005012706 -9999 -9999 -9999 0.0
C0G660 2005012707 -9999 -9999 -9999 0.0
C0G660 2005012708 -9999 -9999 -9999 0.0
C0G660 2005012709 -9999 -9999 -9999 0.0
C0G660 2005012710 -9999 -9999 -9999 0.0
C0G660 2005012711 -9999 -9999 -9999 0.0
C0G660 2005012712 -9999 -9999 -9999 0.0
C0G660 2005012713 -9999 -9999 -9999 0.0
C0G660 2005012714 -9999 -9999 -9999 0.0
C0G660 2005012715 -9999 -9999 -9999 0.0
C0G660 2005012716 -9999 -9999 -9999 0.0
C0G660 2005012717 -9999 -9999 -9999 0.0
C0G660 2005012718 -9999 -9999 -9999 0.0
C0G660 2005012719 -9999 -9999 -9999 0.0
C0G660 2005012720 -9999 -9999 -9999 0.0
C0G660 2005012721 -9999 -9999 -9999 0.0
C0G660 2005012722 -9999 -9999 -9999 0.0
C0G660 2005012723 -9999 -9999 -9999 0.0
C0G660 2005012724 -9999 -9999 -9999 0.0
C0G660 2005012801 -9999 -9999 -9999 0.0
C0G660 2005012802 -9999 -9999 -9999 0.0
C0G660 2005012803 -9999 -9999 -9999 0.0
C0G660 2005012804 -9999 -9999 -9999 0.0
C0G660 2005012805 -9999 -9999 -9999 0.0
C0G660 2005012806 -9999 -9999 -9999 0.0
C0G660 2005012807 -9999 -9999 -9999 0.0
C0G660 2005012808 -9999 -9999 -9999 0.0
C0G660 2005012809 -9999 -9999 -9999 0.0
C0G660 2005012810 -9999 -9999 -9999 0.0
C0G660 2005012811 -9999 -9999 -9999 0.0
C0G660 2005012812 -9999 -9999 -9999 0.0
C0G660 2005012813 -9999 -9999 -9999 0.0
C0G660 2005012814 -9999 -9999 -9999 0.0
C0G660 2005012815 -9999 -9999 -9999 0.0
C0G660 2005012816 -9999 -9999 -9999 0.0
C0G660 2005012817 -9999 -9999 -9999 0.0
C0G660 2005012818 -9999 -9999 -9999 0.0
C0G660 2005012819 -9999 -9999 -9999 0.0
C0G660 2005012820 -9999 -9999 -9999 0.0
C0G660 2005012821 -9999 -9999 -9999 0.0
C0G660 2005012822 -9999 -9999 -9999 0.0
C0G660 2005012823 -9999 -9999 -9999 0.0
C0G660 2005012824 -9999 -9999 -9999 0.0
C0G660 2005012901 -9999 -9999 -9999 0.0
C0G660 2005012902 -9999 -9999 -9999 0.0
C0G660 2005012903 -9999 -9999 -9999 0.0
C0G660 2005012904 -9999 -9999 -9999 0.0
C0G660 2005012905 -9999 -9999 -9999 0.0
C0G660 2005012906 -9999 -9999 -9999 0.0
C0G660 2005012907 -9999 -9999 -9999 0.0
C0G660 2005012908 -9999 -9999 -9999 0.0
C0G660 2005012909 -9999 -9999 -9999 0.0
C0G660 2005012910 -9999 -9999 -9999 0.0
C0G660 2005012911 -9999 -9999 -9999 0.0
C0G660 2005012912 -9999 -9999 -9999 0.0
C0G660 2005012913 -9999 -9999 -9999 0.0
C0G660 2005012914 -9999 -9999 -9999 0.0
C0G660 2005012915 -9999 -9999 -9999 0.0
C0G660 2005012916 -9999 -9999 -9999 0.0
C0G660 2005012917 -9999 -9999 -9999 0.0
C0G660 2005012918 -9999 -9999 -9999 0.0
C0G660 2005012919 -9999 -9999 -9999 0.0
C0G660 2005012920 -9999 -9999 -9999 0.0
C0G660 2005012921 -9999 -9999 -9999 0.0
C0G660 2005012922 -9999 -9999 -9999 0.0
C0G660 2005012923 -9999 -9999 -9999 0.0
C0G660 2005012924 -9999 -9999 -9999 0.0
C0G660 2005013001 -9999 -9999 -9999 -9996
C0G660 2005013002 -9999 -9999 -9999 0.0
C0G660 2005013003 -9999 -9999 -9999 0.0
C0G660 2005013004 -9999 -9999 -9999 0.0
C0G660 2005013005 -9999 -9999 -9999 0.0
C0G660 2005013006 -9999 -9999 -9999 0.0
C0G660 2005013007 -9999 -9999 -9999 0.0
C0G660 2005013008 -9999 -9999 -9999 0.0
C0G660 2005013009 -9999 -9999 -9999 0.0
C0G660 2005013010 -9999 -9999 -9999 0.0
C0G660 2005013011 -9999 -9999 -9999 0.0
C0G660 2005013012 -9999 -9999 -9999 0.0
C0G660 2005013013 -9999 -9999 -9999 0.0
C0G660 2005013014 -9999 -9999 -9999 0.0
C0G660 2005013015 -9999 -9999 -9999 0.0
C0G660 2005013016 -9999 -9999 -9999 0.0
C0G660 2005013017 -9999 -9999 -9999 0.0
C0G660 2005013018 -9999 -9999 -9999 0.0
C0G660 2005013019 -9999 -9999 -9999 0.0
C0G660 2005013020 -9999 -9999 -9999 0.0
C0G660 2005013021 -9999 -9999 -9999 0.0
C0G660 2005013022 -9999 -9999 -9999 0.0
C0G660 2005013023 -9999 -9999 -9999 0.0
C0G660 2005013024 -9999 -9999 -9999 0.0
C0G660 2005013101 -9999 -9999 -9999 0.0
C0G660 2005013102 -9999 -9999 -9999 0.0
C0G660 2005013103 -9999 -9999 -9999 0.0
C0G660 2005013104 -9999 -9999 -9999 0.0
C0G660 2005013105 -9999 -9999 -9999 0.0
C0G660 2005013106 -9999 -9999 -9999 0.0
C0G660 2005013107 -9999 -9999 -9999 0.0
C0G660 2005013108 -9999 -9999 -9999 0.0
C0G660 2005013109 -9999 -9999 -9999 0.0
C0G660 2005013110 -9999 -9999 -9999 0.0
C0G660 2005013111 -9999 -9999 -9999 0.0
C0G660 2005013112 -9999 -9999 -9999 0.0
C0G660 2005013113 -9999 -9999 -9999 0.0
C0G660 2005013114 -9999 -9999 -9999 0.0
C0G660 2005013115 -9999 -9999 -9999 0.0
C0G660 2005013116 -9999 -9999 -9999 0.0
C0G660 2005013117 -9999 -9999 -9999 0.0
C0G660 2005013118 -9999 -9999 -9999 0.0
C0G660 2005013119 -9999 -9999 -9999 0.0
C0G660 2005013120 -9999 -9999 -9999 0.0
C0G660 2005013121 -9999 -9999 -9999 0.0
C0G660 2005013122 -9999 -9999 -9999 0.0
C0G660 2005013123 -9999 -9999 -9999 0.0
C0G660 2005013124 -9999 -9999 -9999 0.0
