C0G650 2006010101 18.3 -9997 0.0 0.0
C0G650 2006010102 18.4 -9997 -9997 0.0
C0G650 2006010103 18.5 -9997 0.6 0.0
C0G650 2006010104 17.8 -9997 0.0 0.0
C0G650 2006010105 18.1 -9997 0.2 0.0
C0G650 2006010106 18.4 -9997 0.9 0.0
C0G650 2006010107 18.4 -9997 0.4 0.0
C0G650 2006010108 18.9 -9997 1.1 0.0
C0G650 2006010109 22.0 -9997 1.4 0.0
C0G650 2006010110 25.5 -9997 0.1 0.0
C0G650 2006010111 26.3 -9997 0.7 0.0
C0G650 2006010112 25.6 -9997 0.1 0.0
C0G650 2006010113 24.5 -9997 0.6 0.0
C0G650 2006010114 24.4 -9997 0.8 0.0
C0G650 2006010115 24.3 -9997 0.5 0.0
C0G650 2006010116 23.3 -9997 0.5 0.0
C0G650 2006010117 21.1 -9997 0.0 0.0
C0G650 2006010118 19.0 -9997 0.6 0.0
C0G650 2006010119 18.4 -9997 0.6 0.0
C0G650 2006010120 18.1 -9997 1.0 0.0
C0G650 2006010121 17.4 -9997 0.0 0.0
C0G650 2006010122 17.1 -9997 0.0 0.0
C0G650 2006010123 17.1 -9997 0.1 0.0
C0G650 2006010124 16.2 -9997 0.0 0.0
C0G650 2006010201 15.5 -9997 0.0 -9996
C0G650 2006010202 15.1 -9997 0.0 0.0
C0G650 2006010203 14.5 -9997 0.0 0.0
C0G650 2006010204 15.4 -9997 0.0 0.0
C0G650 2006010205 16.0 -9997 0.0 0.0
C0G650 2006010206 16.4 -9997 0.0 0.0
C0G650 2006010207 15.1 -9997 0.0 0.0
C0G650 2006010208 16.7 -9997 1.0 0.0
C0G650 2006010209 17.1 -9997 1.1 0.0
C0G650 2006010210 19.3 -9997 1.9 0.0
C0G650 2006010211 20.7 -9997 2.0 0.0
C0G650 2006010212 22.3 -9997 0.9 0.0
C0G650 2006010213 22.5 -9997 0.8 0.0
C0G650 2006010214 23.8 -9997 0.2 0.0
C0G650 2006010215 21.7 -9997 0.5 0.0
C0G650 2006010216 20.9 -9997 0.1 0.0
C0G650 2006010217 19.7 -9997 0.0 0.0
C0G650 2006010218 19.1 -9997 0.0 0.0
C0G650 2006010219 18.7 -9997 0.0 0.0
C0G650 2006010220 18.2 -9997 0.0 0.0
C0G650 2006010221 17.1 -9997 0.0 0.0
C0G650 2006010222 17.1 -9997 0.0 0.0
C0G650 2006010223 16.4 -9997 -9997 0.0
C0G650 2006010224 15.8 -9997 0.0 0.0
C0G650 2006010301 15.2 -9997 0.0 0.0
C0G650 2006010302 15.5 -9997 0.0 0.0
C0G650 2006010303 15.8 -9997 0.0 0.0
C0G650 2006010304 16.4 -9997 0.0 0.0
C0G650 2006010305 15.3 -9997 0.0 0.0
C0G650 2006010306 14.5 -9997 0.0 0.0
C0G650 2006010307 13.7 -9997 0.0 0.0
C0G650 2006010308 15.2 -9997 0.0 0.0
C0G650 2006010309 17.8 -9997 0.0 0.0
C0G650 2006010310 21.3 -9997 0.0 0.0
C0G650 2006010311 24.1 -9997 0.0 0.0
C0G650 2006010312 23.1 -9997 0.7 0.0
C0G650 2006010313 -9997 -9997 0.5 0.0
C0G650 2006010314 23.0 -9997 0.7 0.0
C0G650 2006010315 22.2 -9997 -9997 0.0
C0G650 2006010316 21.8 -9997 0.0 0.0
C0G650 2006010317 20.6 -9997 0.0 0.0
C0G650 2006010318 19.4 -9997 0.2 0.0
C0G650 2006010319 18.1 -9997 0.0 0.0
C0G650 2006010320 16.4 -9997 0.0 0.0
C0G650 2006010321 15.3 -9997 0.0 0.0
C0G650 2006010322 14.8 -9997 0.0 0.0
C0G650 2006010323 14.2 -9997 0.0 0.0
C0G650 2006010324 13.5 -9997 0.0 0.0
C0G650 2006010401 13.2 -9997 0.0 0.0
C0G650 2006010402 13.4 -9997 0.0 0.0
C0G650 2006010403 12.8 -9997 0.0 0.0
C0G650 2006010404 12.3 -9997 0.0 0.0
C0G650 2006010405 12.2 -9997 0.0 0.0
C0G650 2006010406 12.2 -9997 0.0 0.0
C0G650 2006010407 12.1 -9997 0.0 0.0
C0G650 2006010408 14.3 -9997 0.0 0.0
C0G650 2006010409 18.6 -9997 0.0 0.0
C0G650 2006010410 23.1 -9997 0.0 0.0
C0G650 2006010411 25.0 -9997 0.0 0.0
C0G650 2006010412 25.4 -9997 0.7 0.0
C0G650 2006010413 24.0 -9997 0.3 0.0
C0G650 2006010414 23.7 -9997 0.2 0.0
C0G650 2006010415 23.5 -9997 -9997 0.0
C0G650 2006010416 21.8 -9997 0.0 0.0
C0G650 2006010417 20.8 -9997 0.4 0.0
C0G650 2006010418 19.9 -9997 0.0 0.0
C0G650 2006010419 19.0 -9997 0.0 0.0
C0G650 2006010420 18.6 -9997 0.0 0.0
C0G650 2006010421 18.3 -9997 0.0 0.0
C0G650 2006010422 18.6 -9997 0.0 0.0
C0G650 2006010423 18.3 -9997 0.0 0.0
C0G650 2006010424 18.6 -9997 0.0 0.0
C0G650 2006010501 18.2 -9997 0.0 0.0
C0G650 2006010502 19.6 -9997 1.4 0.0
C0G650 2006010503 18.7 -9997 0.0 0.0
C0G650 2006010504 18.4 -9997 0.2 0.0
C0G650 2006010505 17.4 -9997 0.9 0.0
C0G650 2006010506 17.2 -9997 1.1 0.0
C0G650 2006010507 16.8 -9997 0.5 0.0
C0G650 2006010508 17.0 -9997 0.9 0.0
C0G650 2006010509 18.1 -9997 0.9 0.0
C0G650 2006010510 19.1 -9997 2.3 0.0
C0G650 2006010511 18.7 -9997 2.9 0.0
C0G650 2006010512 20.1 -9997 2.8 0.0
C0G650 2006010513 19.7 -9997 2.6 0.0
C0G650 2006010514 19.7 -9997 2.5 0.0
C0G650 2006010515 19.1 -9997 2.1 0.0
C0G650 2006010516 18.2 -9997 1.9 0.0
C0G650 2006010517 17.1 -9997 1.3 0.0
C0G650 2006010518 15.2 -9997 2.2 0.0
C0G650 2006010519 14.3 -9997 1.7 0.0
C0G650 2006010520 14.4 -9997 0.6 0.0
C0G650 2006010521 14.1 -9997 0.6 0.0
C0G650 2006010522 14.0 -9997 0.8 0.0
C0G650 2006010523 13.9 -9997 1.3 0.0
C0G650 2006010524 13.8 -9997 0.9 0.0
C0G650 2006010601 13.6 -9997 1.1 0.0
C0G650 2006010602 13.6 -9997 0.6 0.0
C0G650 2006010603 13.5 -9997 1.4 0.0
C0G650 2006010604 13.1 -9997 1.2 0.0
C0G650 2006010605 13.0 -9997 0.8 0.0
C0G650 2006010606 12.9 -9997 1.0 0.0
C0G650 2006010607 13.3 -9997 0.1 0.0
C0G650 2006010608 13.0 -9997 1.6 0.0
C0G650 2006010609 13.3 -9997 0.3 0.0
C0G650 2006010610 12.2 -9997 0.9 0.0
C0G650 2006010611 12.1 -9997 1.5 0.0
C0G650 2006010612 12.0 -9997 2.2 0.0
C0G650 2006010613 11.5 -9997 1.8 0.0
C0G650 2006010614 10.9 -9997 1.8 0.0
C0G650 2006010615 10.9 -9997 2.0 0.0
C0G650 2006010616 10.5 -9997 1.9 0.0
C0G650 2006010617 10.1 -9997 2.2 0.0
C0G650 2006010618 9.7 -9997 2.0 0.0
C0G650 2006010619 9.7 -9997 1.8 0.0
C0G650 2006010620 9.8 -9997 1.0 0.0
C0G650 2006010621 10.0 -9997 1.3 0.0
C0G650 2006010622 10.1 -9997 1.3 0.0
C0G650 2006010623 9.7 -9997 1.3 0.0
C0G650 2006010624 9.5 -9997 1.8 0.0
C0G650 2006010701 9.6 -9997 1.3 0.0
C0G650 2006010702 9.7 -9997 1.4 0.0
C0G650 2006010703 9.8 -9997 1.0 0.0
C0G650 2006010704 9.9 -9997 0.4 0.0
C0G650 2006010705 9.7 -9997 1.6 0.0
C0G650 2006010706 9.6 -9997 2.7 0.0
C0G650 2006010707 9.5 -9997 1.8 0.0
C0G650 2006010708 9.9 -9997 1.3 0.0
C0G650 2006010709 10.1 -9997 1.4 0.0
C0G650 2006010710 10.9 -9997 0.3 0.0
C0G650 2006010711 11.1 -9997 1.6 0.0
C0G650 2006010712 12.3 -9997 0.8 0.0
C0G650 2006010713 11.5 -9997 1.8 0.0
C0G650 2006010714 11.6 -9997 1.1 0.0
C0G650 2006010715 10.9 -9997 2.3 0.0
C0G650 2006010716 10.5 -9997 1.9 0.0
C0G650 2006010717 10.0 -9997 1.8 0.0
C0G650 2006010718 9.9 -9997 1.4 0.0
C0G650 2006010719 10.0 -9997 0.6 0.0
C0G650 2006010720 10.2 -9997 0.0 0.0
C0G650 2006010721 10.2 -9997 0.4 0.0
C0G650 2006010722 10.4 -9997 0.1 0.0
C0G650 2006010723 10.4 -9997 0.0 0.0
C0G650 2006010724 10.5 -9997 0.0 0.0
C0G650 2006010801 10.6 -9997 0.5 0.0
C0G650 2006010802 10.6 -9997 0.0 0.0
C0G650 2006010803 10.9 -9997 0.1 0.0
C0G650 2006010804 10.9 -9997 0.2 0.0
C0G650 2006010805 10.9 -9997 0.0 0.0
C0G650 2006010806 11.1 -9997 0.0 0.0
C0G650 2006010807 11.2 -9997 0.0 0.0
C0G650 2006010808 12.0 -9997 0.6 0.0
C0G650 2006010809 13.4 -9997 0.4 0.0
C0G650 2006010810 15.5 -9997 0.0 0.0
C0G650 2006010811 17.2 -9997 0.1 0.0
C0G650 2006010812 18.5 -9997 0.0 0.0
C0G650 2006010813 18.3 -9997 0.2 0.0
C0G650 2006010814 18.3 -9997 0.1 0.0
C0G650 2006010815 18.0 -9997 0.1 0.0
C0G650 2006010816 17.0 -9997 0.0 0.0
C0G650 2006010817 16.8 -9997 0.2 0.0
C0G650 2006010818 16.1 -9997 0.0 0.0
C0G650 2006010819 15.5 -9997 0.0 0.0
C0G650 2006010820 15.1 -9997 0.0 0.0
C0G650 2006010821 14.0 -9997 0.0 0.0
C0G650 2006010822 13.7 -9997 0.0 0.0
C0G650 2006010823 13.8 -9997 0.1 0.0
C0G650 2006010824 14.1 -9997 0.1 0.0
C0G650 2006010901 13.9 -9997 0.4 0.0
C0G650 2006010902 13.6 -9997 0.0 0.0
C0G650 2006010903 13.8 -9997 0.0 0.0
C0G650 2006010904 13.7 -9997 0.1 0.0
C0G650 2006010905 13.9 -9997 0.0 0.0
C0G650 2006010906 14.1 -9997 0.6 0.0
C0G650 2006010907 13.9 -9997 0.3 0.0
C0G650 2006010908 14.4 -9997 0.0 0.0
C0G650 2006010909 15.4 -9997 0.6 0.0
C0G650 2006010910 17.0 -9997 1.3 0.0
C0G650 2006010911 18.8 -9997 0.4 0.0
C0G650 2006010912 19.8 -9997 1.8 0.0
C0G650 2006010913 20.9 -9997 1.3 0.0
C0G650 2006010914 21.7 -9997 0.4 0.0
C0G650 2006010915 21.2 -9997 0.6 0.0
C0G650 2006010916 19.8 -9997 0.2 0.0
C0G650 2006010917 18.9 -9997 1.2 0.0
C0G650 2006010918 17.4 -9997 0.4 0.0
C0G650 2006010919 16.2 -9997 0.0 0.0
C0G650 2006010920 14.8 -9997 0.0 0.0
C0G650 2006010921 -9997 -9997 0.0 0.0
C0G650 2006010922 14.7 -9997 0.1 0.0
C0G650 2006010923 14.8 -9997 0.0 0.0
C0G650 2006010924 14.6 -9997 0.0 0.0
C0G650 2006011001 14.8 -9997 0.1 0.0
C0G650 2006011002 15.0 -9997 0.4 0.0
C0G650 2006011003 15.1 -9997 0.2 0.0
C0G650 2006011004 15.1 -9997 0.0 0.0
C0G650 2006011005 15.2 -9997 0.3 0.0
C0G650 2006011006 15.2 -9997 0.3 0.0
C0G650 2006011007 14.8 -9997 0.0 0.0
C0G650 2006011008 15.7 -9997 0.4 0.0
C0G650 2006011009 16.7 -9997 0.5 0.0
C0G650 2006011010 18.3 -9997 0.0 0.0
C0G650 2006011011 20.3 -9997 0.1 0.0
C0G650 2006011012 21.4 -9997 0.4 0.0
C0G650 2006011013 21.3 -9997 0.0 0.0
C0G650 2006011014 21.3 -9997 0.0 0.0
C0G650 2006011015 21.7 -9997 0.0 0.0
C0G650 2006011016 20.5 -9997 0.1 0.0
C0G650 2006011017 19.7 -9997 0.0 0.0
C0G650 2006011018 18.4 -9997 0.4 0.0
C0G650 2006011019 17.7 -9997 0.0 0.0
C0G650 2006011020 17.2 -9997 0.0 0.0
C0G650 2006011021 16.7 -9997 0.0 0.0
C0G650 2006011022 16.6 -9997 -9997 0.0
C0G650 2006011023 15.9 -9997 0.0 0.0
C0G650 2006011024 15.9 -9997 0.0 0.0
C0G650 2006011101 14.8 -9997 0.0 0.0
C0G650 2006011102 13.8 -9997 0.0 0.0
C0G650 2006011103 13.2 -9997 0.0 0.0
C0G650 2006011104 12.9 -9997 0.0 0.0
C0G650 2006011105 12.5 -9997 0.0 0.0
C0G650 2006011106 12.1 -9997 0.0 0.0
C0G650 2006011107 11.9 -9997 0.0 0.0
C0G650 2006011108 14.0 -9997 0.0 0.0
C0G650 2006011109 17.6 -9997 0.0 0.0
C0G650 2006011110 20.4 -9997 0.0 0.0
C0G650 2006011111 21.8 -9997 0.0 0.0
C0G650 2006011112 22.6 -9997 0.2 0.0
C0G650 2006011113 24.3 -9997 1.4 0.0
C0G650 2006011114 23.8 -9997 0.5 0.0
C0G650 2006011115 22.7 -9997 0.0 0.0
C0G650 2006011116 22.8 -9997 0.0 0.0
C0G650 2006011117 20.9 -9997 0.0 0.0
C0G650 2006011118 19.0 -9997 0.0 0.0
C0G650 2006011119 18.1 -9997 0.0 0.0
C0G650 2006011120 18.1 -9997 0.1 0.0
C0G650 2006011121 17.6 -9997 0.0 0.0
C0G650 2006011122 17.3 -9997 0.0 0.0
C0G650 2006011123 16.4 -9997 0.0 0.0
C0G650 2006011124 16.0 -9997 0.0 0.0
C0G650 2006011201 15.8 -9997 0.0 0.0
C0G650 2006011202 15.2 -9997 0.0 0.0
C0G650 2006011203 14.7 -9997 0.0 0.0
C0G650 2006011204 14.3 -9997 0.0 0.0
C0G650 2006011205 14.9 -9997 0.0 0.0
C0G650 2006011206 15.1 -9997 0.0 0.0
C0G650 2006011207 15.8 -9997 0.0 0.0
C0G650 2006011208 17.0 -9997 0.0 0.0
C0G650 2006011209 19.4 -9997 0.0 0.0
C0G650 2006011210 21.5 -9997 0.0 0.0
C0G650 2006011211 23.0 -9997 0.0 0.0
C0G650 2006011212 24.1 -9997 0.4 0.0
C0G650 2006011213 26.0 -9997 0.3 0.0
C0G650 2006011214 26.2 -9997 0.2 0.0
C0G650 2006011215 25.4 -9997 0.4 0.0
C0G650 2006011216 23.5 -9997 0.3 0.0
C0G650 2006011217 22.2 -9997 0.0 0.0
C0G650 2006011218 21.2 -9997 0.0 0.0
C0G650 2006011219 20.9 -9997 0.0 0.0
C0G650 2006011220 20.7 -9997 0.0 0.0
C0G650 2006011221 19.3 -9997 0.0 0.0
C0G650 2006011222 18.1 -9997 0.0 0.0
C0G650 2006011223 17.3 -9997 0.0 0.0
C0G650 2006011224 17.2 -9997 0.0 0.0
C0G650 2006011301 18.0 -9997 0.0 0.0
C0G650 2006011302 18.1 -9997 0.0 0.0
C0G650 2006011303 16.8 -9997 0.0 0.0
C0G650 2006011304 -9997 -9997 0.0 0.0
C0G650 2006011305 15.5 -9997 0.0 0.0
C0G650 2006011306 16.4 -9997 0.0 0.0
C0G650 2006011307 16.4 -9997 0.1 0.0
C0G650 2006011308 18.1 -9997 0.0 0.0
C0G650 2006011309 19.4 -9997 0.0 0.0
C0G650 2006011310 22.2 -9997 0.1 0.0
C0G650 2006011311 23.9 -9997 0.4 0.0
C0G650 2006011312 25.6 -9997 0.6 0.0
C0G650 2006011313 25.9 -9997 0.5 0.0
C0G650 2006011314 25.6 -9997 0.3 0.0
C0G650 2006011315 26.2 -9997 0.6 0.0
C0G650 2006011316 24.6 -9997 0.2 0.0
C0G650 2006011317 22.9 -9997 0.0 0.0
C0G650 2006011318 20.6 -9997 0.0 0.0
C0G650 2006011319 19.6 -9997 0.0 0.0
C0G650 2006011320 18.2 -9997 0.0 0.0
C0G650 2006011321 17.3 -9997 0.0 0.0
C0G650 2006011322 16.3 -9997 0.0 0.0
C0G650 2006011323 15.9 -9997 0.0 0.0
C0G650 2006011324 15.5 -9997 0.0 0.0
C0G650 2006011401 15.1 -9997 0.0 0.0
C0G650 2006011402 14.8 -9997 0.0 0.0
C0G650 2006011403 14.4 -9997 0.0 0.0
C0G650 2006011404 14.0 -9997 0.0 0.0
C0G650 2006011405 14.7 -9997 0.0 0.0
C0G650 2006011406 13.7 -9997 0.0 0.0
C0G650 2006011407 13.6 -9997 0.0 0.0
C0G650 2006011408 15.4 -9997 0.0 0.0
C0G650 2006011409 19.3 -9997 0.0 0.0
C0G650 2006011410 21.5 -9997 0.0 0.0
C0G650 2006011411 25.0 -9997 0.3 0.0
C0G650 2006011412 26.3 -9997 0.2 0.0
C0G650 2006011413 27.1 -9997 0.3 0.0
C0G650 2006011414 26.8 -9997 0.4 0.0
C0G650 2006011415 25.9 -9997 0.4 0.0
C0G650 2006011416 25.1 -9997 0.0 0.0
C0G650 2006011417 23.3 -9997 0.0 0.0
C0G650 2006011418 22.2 -9997 0.0 0.0
C0G650 2006011419 20.9 -9997 0.0 0.0
C0G650 2006011420 20.1 -9997 0.0 0.0
C0G650 2006011421 18.8 -9997 0.0 0.0
C0G650 2006011422 18.7 -9997 0.0 0.0
C0G650 2006011423 18.2 -9997 0.1 0.0
C0G650 2006011424 18.2 -9997 0.0 0.0
C0G650 2006011501 18.3 -9997 0.0 0.0
C0G650 2006011502 17.4 -9997 0.0 0.0
C0G650 2006011503 17.5 -9997 0.0 0.0
C0G650 2006011504 16.4 -9997 0.0 0.0
C0G650 2006011505 17.2 -9997 0.4 0.0
C0G650 2006011506 17.0 -9997 0.0 0.0
C0G650 2006011507 16.9 -9997 0.0 0.0
C0G650 2006011508 17.7 -9997 0.0 0.0
C0G650 2006011509 20.2 -9997 0.0 0.0
C0G650 2006011510 22.7 -9997 0.0 0.0
C0G650 2006011511 25.1 -9997 0.0 0.0
C0G650 2006011512 26.4 -9997 0.7 0.0
C0G650 2006011513 25.8 -9997 0.8 0.0
C0G650 2006011514 26.1 -9997 0.8 0.0
C0G650 2006011515 26.7 -9997 -9997 0.0
C0G650 2006011516 23.6 -9997 0.7 0.0
C0G650 2006011517 20.2 -9997 0.0 0.0
C0G650 2006011518 19.2 -9997 0.0 0.0
C0G650 2006011519 18.9 -9997 0.0 0.0
C0G650 2006011520 18.9 -9997 0.0 0.0
C0G650 2006011521 19.0 -9997 0.0 0.0
C0G650 2006011522 19.0 -9997 0.1 0.0
C0G650 2006011523 19.0 -9997 0.0 0.0
C0G650 2006011524 18.9 -9997 -9997 0.0
C0G650 2006011601 18.5 -9997 0.0 0.0
C0G650 2006011602 18.4 -9997 0.0 0.0
C0G650 2006011603 18.3 -9997 0.0 0.0
C0G650 2006011604 17.9 -9997 0.1 0.0
C0G650 2006011605 17.5 -9997 0.0 0.0
C0G650 2006011606 18.4 -9997 0.0 0.0
C0G650 2006011607 18.2 -9997 0.0 0.0
C0G650 2006011608 17.8 -9997 1.1 0.0
C0G650 2006011609 19.4 -9997 1.7 0.0
C0G650 2006011610 21.4 -9997 0.3 0.0
C0G650 2006011611 25.2 -9997 0.1 0.0
C0G650 2006011612 27.3 -9997 0.3 0.0
C0G650 2006011613 28.2 -9997 0.6 0.0
C0G650 2006011614 -9997 -9997 0.9 0.0
C0G650 2006011615 28.6 -9997 0.6 0.0
C0G650 2006011616 25.4 -9997 0.6 0.0
C0G650 2006011617 24.0 -9997 0.1 0.0
C0G650 2006011618 22.3 -9997 0.0 0.0
C0G650 2006011619 20.9 -9997 0.0 0.0
C0G650 2006011620 20.2 -9997 0.0 0.0
C0G650 2006011621 19.1 -9997 0.0 0.0
C0G650 2006011622 18.7 -9997 0.0 0.0
C0G650 2006011623 18.7 -9997 0.1 0.0
C0G650 2006011624 18.0 -9997 0.0 0.0
C0G650 2006011701 18.0 -9997 0.0 0.0
C0G650 2006011702 18.0 -9997 0.0 0.0
C0G650 2006011703 17.5 -9997 0.0 0.0
C0G650 2006011704 17.4 -9997 0.3 0.0
C0G650 2006011705 17.4 -9997 0.1 0.0
C0G650 2006011706 17.4 -9997 0.0 0.0
C0G650 2006011707 17.0 -9997 0.0 0.0
C0G650 2006011708 17.6 -9997 0.0 0.0
C0G650 2006011709 21.0 -9997 0.0 0.0
C0G650 2006011710 23.7 -9997 0.0 0.0
C0G650 2006011711 -9997 -9997 -9997 0.0
C0G650 2006011712 25.5 -9997 0.1 0.0
C0G650 2006011713 26.8 -9997 1.1 0.0
C0G650 2006011714 25.2 -9997 0.5 0.0
C0G650 2006011715 24.3 -9997 0.2 0.0
C0G650 2006011716 23.9 -9997 0.6 0.0
C0G650 2006011717 21.4 -9997 0.3 0.0
C0G650 2006011718 20.3 -9997 0.3 0.0
C0G650 2006011719 19.9 -9997 0.0 0.0
C0G650 2006011720 20.0 -9997 0.0 0.0
C0G650 2006011721 19.9 -9997 0.0 0.0
C0G650 2006011722 19.5 -9997 0.0 0.0
C0G650 2006011723 18.9 -9997 0.0 0.0
C0G650 2006011724 18.5 -9997 0.0 0.0
C0G650 2006011801 18.3 -9997 -9997 0.0
C0G650 2006011802 17.8 -9997 0.0 0.0
C0G650 2006011803 18.0 -9997 0.0 0.0
C0G650 2006011804 17.9 -9997 0.2 0.0
C0G650 2006011805 17.8 -9997 0.1 0.0
C0G650 2006011806 17.5 -9997 0.0 0.0
C0G650 2006011807 17.7 -9997 0.0 0.0
C0G650 2006011808 18.0 -9997 0.0 0.0
C0G650 2006011809 18.2 -9997 0.4 0.0
C0G650 2006011810 18.7 -9997 0.0 0.0
C0G650 2006011811 20.8 -9997 0.3 0.0
C0G650 2006011812 21.0 -9997 0.5 0.0
C0G650 2006011813 21.7 -9997 0.1 0.0
C0G650 2006011814 24.2 -9997 0.6 0.0
C0G650 2006011815 25.0 -9997 0.4 0.0
C0G650 2006011816 24.4 -9997 0.3 0.0
C0G650 2006011817 -9997 -9997 0.0 0.0
C0G650 2006011818 19.9 -9997 0.0 0.0
C0G650 2006011819 19.3 -9997 0.4 0.0
C0G650 2006011820 18.9 -9997 0.4 0.0
C0G650 2006011821 18.8 -9997 0.4 0.0
C0G650 2006011822 18.8 -9997 0.5 0.0
C0G650 2006011823 19.0 -9997 0.2 0.0
C0G650 2006011824 18.6 -9997 0.7 0.0
C0G650 2006011901 18.6 -9997 0.0 0.0
C0G650 2006011902 18.4 -9997 0.0 0.0
C0G650 2006011903 18.3 -9997 0.0 0.0
C0G650 2006011904 18.3 -9997 0.0 0.0
C0G650 2006011905 18.3 -9997 0.0 0.0
C0G650 2006011906 18.2 -9997 0.0 0.0
C0G650 2006011907 18.4 -9997 0.0 0.0
C0G650 2006011908 18.5 -9997 0.5 0.0
C0G650 2006011909 19.4 -9997 0.2 0.0
C0G650 2006011910 21.3 -9997 0.0 0.0
C0G650 2006011911 25.2 -9997 0.5 0.0
C0G650 2006011912 27.9 -9997 0.5 0.0
C0G650 2006011913 -9997 -9997 -9997 0.0
C0G650 2006011914 24.5 -9997 0.7 0.0
C0G650 2006011915 22.7 -9997 0.4 0.0
C0G650 2006011916 19.9 -9997 0.8 0.0
C0G650 2006011917 19.5 -9997 0.0 0.0
C0G650 2006011918 18.9 -9997 0.0 0.0
C0G650 2006011919 18.7 -9997 0.0 0.0
C0G650 2006011920 18.2 -9997 -9997 0.0
C0G650 2006011921 18.3 -9997 0.0 0.0
C0G650 2006011922 17.6 -9997 0.0 0.0
C0G650 2006011923 17.8 -9997 0.0 0.0
C0G650 2006011924 17.5 -9997 0.2 0.0
C0G650 2006012001 17.6 -9997 0.0 0.0
C0G650 2006012002 17.2 -9997 0.0 0.0
C0G650 2006012003 17.3 -9997 0.0 0.0
C0G650 2006012004 17.7 -9997 0.0 0.0
C0G650 2006012005 17.8 -9997 0.0 0.0
C0G650 2006012006 17.9 -9997 0.1 0.0
C0G650 2006012007 17.9 -9997 0.1 0.0
C0G650 2006012008 19.0 -9997 0.1 0.0
C0G650 2006012009 20.2 -9997 0.3 0.0
C0G650 2006012010 20.0 -9997 0.2 0.0
C0G650 2006012011 20.4 -9997 1.0 0.0
C0G650 2006012012 22.9 -9997 0.4 0.0
C0G650 2006012013 20.7 -9997 0.5 0.0
C0G650 2006012014 20.6 -9997 0.9 0.0
C0G650 2006012015 20.7 -9997 0.6 0.0
C0G650 2006012016 19.8 -9997 0.3 0.0
C0G650 2006012017 19.4 -9997 0.6 0.0
C0G650 2006012018 18.1 -9997 1.0 0.0
C0G650 2006012019 17.6 -9997 0.9 0.0
C0G650 2006012020 17.2 -9997 0.5 0.0
C0G650 2006012021 16.9 -9997 0.2 0.0
C0G650 2006012022 16.7 -9997 0.4 0.0
C0G650 2006012023 16.6 -9997 0.1 0.0
C0G650 2006012024 16.8 -9997 0.0 0.0
C0G650 2006012101 16.9 -9997 1.1 0.0
C0G650 2006012102 16.9 -9997 0.0 0.0
C0G650 2006012103 16.9 -9997 0.3 0.0
C0G650 2006012104 16.4 -9997 0.3 0.0
C0G650 2006012105 16.5 -9997 0.1 0.0
C0G650 2006012106 16.2 -9997 0.1 0.0
C0G650 2006012107 16.2 -9997 0.5 0.0
C0G650 2006012108 16.6 -9997 0.5 0.0
C0G650 2006012109 16.4 -9997 1.2 0.0
C0G650 2006012110 16.9 -9997 0.4 0.0
C0G650 2006012111 17.1 -9997 1.0 0.0
C0G650 2006012112 17.4 -9997 1.7 0.0
C0G650 2006012113 17.5 -9997 1.2 0.0
C0G650 2006012114 18.1 -9997 1.0 0.0
C0G650 2006012115 17.9 -9997 0.5 0.0
C0G650 2006012116 17.4 -9997 0.7 0.0
C0G650 2006012117 16.0 -9997 0.4 0.0
C0G650 2006012118 16.0 -9997 1.1 0.0
C0G650 2006012119 15.7 -9997 1.2 0.0
C0G650 2006012120 15.8 -9997 1.0 0.0
C0G650 2006012121 15.9 -9997 0.4 0.0
C0G650 2006012122 15.5 -9997 0.4 0.0
C0G650 2006012123 15.3 -9997 0.6 0.0
C0G650 2006012124 15.1 -9997 0.1 0.0
C0G650 2006012201 15.0 -9997 0.0 0.0
C0G650 2006012202 14.8 -9997 0.7 0.0
C0G650 2006012203 13.7 -9997 0.4 0.0
C0G650 2006012204 13.5 -9997 0.0 0.5
C0G650 2006012205 13.6 -9997 0.5 0.0
C0G650 2006012206 13.9 -9997 0.3 0.0
C0G650 2006012207 13.8 -9997 0.3 0.0
C0G650 2006012208 13.7 -9997 0.2 0.0
C0G650 2006012209 14.4 -9997 0.5 0.0
C0G650 2006012210 14.3 -9997 1.0 0.5
C0G650 2006012211 14.1 -9997 0.9 0.0
C0G650 2006012212 14.1 -9997 1.0 0.5
C0G650 2006012213 14.0 -9997 0.2 0.0
C0G650 2006012214 13.9 -9997 0.0 0.5
C0G650 2006012215 13.7 -9997 0.7 1.0
C0G650 2006012216 13.9 -9997 0.0 0.0
C0G650 2006012217 13.9 -9997 0.1 0.5
C0G650 2006012218 13.6 -9997 0.5 0.0
C0G650 2006012219 13.5 -9997 0.3 0.5
C0G650 2006012220 13.5 -9997 1.1 0.0
C0G650 2006012221 13.4 -9997 0.9 0.0
C0G650 2006012222 13.2 -9997 1.5 0.0
C0G650 2006012223 13.1 -9997 0.8 0.0
C0G650 2006012224 13.2 -9997 2.0 0.0
C0G650 2006012301 13.0 -9997 1.4 0.0
C0G650 2006012302 13.2 -9997 0.9 0.0
C0G650 2006012303 13.3 -9997 0.4 0.0
C0G650 2006012304 13.2 -9997 0.7 0.0
C0G650 2006012305 13.4 -9997 0.0 0.0
C0G650 2006012306 13.2 -9997 1.5 0.0
C0G650 2006012307 13.2 -9997 0.9 0.0
C0G650 2006012308 13.7 -9997 1.1 0.0
C0G650 2006012309 14.4 -9997 0.2 0.0
C0G650 2006012310 15.5 -9997 0.9 0.0
C0G650 2006012311 16.9 -9997 0.8 0.0
C0G650 2006012312 18.3 -9997 1.1 0.0
C0G650 2006012313 19.4 -9997 0.6 0.0
C0G650 2006012314 -9997 -9997 -9997 0.0
C0G650 2006012315 20.0 -9997 1.4 0.0
C0G650 2006012316 -9997 -9997 0.1 0.0
C0G650 2006012317 17.6 -9997 1.7 0.0
C0G650 2006012318 16.6 -9997 0.6 0.0
C0G650 2006012319 16.2 -9997 0.3 0.0
C0G650 2006012320 15.8 -9997 0.4 0.0
C0G650 2006012321 15.5 -9997 0.7 0.0
C0G650 2006012322 15.3 -9997 0.3 0.0
C0G650 2006012323 15.5 -9997 0.1 0.0
C0G650 2006012324 15.4 -9997 0.0 0.0
C0G650 2006012401 15.2 -9997 0.0 0.0
C0G650 2006012402 15.0 -9997 0.1 0.0
C0G650 2006012403 15.1 -9997 0.1 0.0
C0G650 2006012404 14.8 -9997 0.0 0.0
C0G650 2006012405 14.6 -9997 0.0 0.0
C0G650 2006012406 14.4 -9997 0.1 0.0
C0G650 2006012407 14.7 -9997 0.0 0.0
C0G650 2006012408 15.1 -9997 0.2 0.0
C0G650 2006012409 15.7 -9997 0.5 0.0
C0G650 2006012410 16.6 -9997 0.9 0.0
C0G650 2006012411 17.7 -9997 1.1 0.0
C0G650 2006012412 19.5 -9997 0.2 0.0
C0G650 2006012413 20.2 -9997 1.4 0.0
C0G650 2006012414 21.9 -9997 0.4 0.0
C0G650 2006012415 21.4 -9997 0.6 0.0
C0G650 2006012416 20.2 -9997 0.7 0.0
C0G650 2006012417 18.8 -9997 0.3 0.0
C0G650 2006012418 17.5 -9997 0.0 0.0
C0G650 2006012419 17.0 -9997 0.0 0.0
C0G650 2006012420 16.5 -9997 0.0 0.0
C0G650 2006012421 16.1 -9997 0.1 0.0
C0G650 2006012422 15.9 -9997 0.0 0.0
C0G650 2006012423 15.7 -9997 0.0 0.0
C0G650 2006012424 15.4 -9997 0.0 0.0
C0G650 2006012501 15.4 -9997 0.1 0.0
C0G650 2006012502 15.2 -9997 0.1 0.0
C0G650 2006012503 15.2 -9997 0.1 0.0
C0G650 2006012504 15.3 -9997 0.3 0.0
C0G650 2006012505 15.4 -9997 0.5 0.0
C0G650 2006012506 15.3 -9997 0.1 0.0
C0G650 2006012507 15.6 -9997 0.1 0.0
C0G650 2006012508 16.3 -9997 0.6 0.0
C0G650 2006012509 18.1 -9997 1.0 0.0
C0G650 2006012510 18.7 -9997 1.8 0.0
C0G650 2006012511 20.3 -9997 1.1 0.0
C0G650 2006012512 21.6 -9997 0.7 0.0
C0G650 2006012513 21.6 -9997 1.3 0.0
C0G650 2006012514 21.6 -9997 1.6 0.0
C0G650 2006012515 -9997 -9997 -9997 0.0
C0G650 2006012516 20.0 -9997 -9997 0.0
C0G650 2006012517 18.2 -9997 2.0 0.0
C0G650 2006012518 17.0 -9997 1.8 0.0
C0G650 2006012519 16.5 -9997 1.5 0.0
C0G650 2006012520 15.9 -9997 0.8 0.0
C0G650 2006012521 15.5 -9997 0.4 0.0
C0G650 2006012522 15.6 -9997 0.1 0.0
C0G650 2006012523 15.7 -9997 0.3 0.0
C0G650 2006012524 15.7 -9997 0.3 0.0
C0G650 2006012601 15.4 -9997 0.8 0.0
C0G650 2006012602 15.2 -9997 1.1 0.0
C0G650 2006012603 14.9 -9997 0.6 0.0
C0G650 2006012604 14.8 -9997 0.9 0.0
C0G650 2006012605 14.6 -9997 0.4 0.0
C0G650 2006012606 14.4 -9997 1.5 0.0
C0G650 2006012607 14.3 -9997 0.2 0.0
C0G650 2006012608 15.3 -9997 0.5 0.0
C0G650 2006012609 16.9 -9997 1.3 0.0
C0G650 2006012610 18.3 -9997 2.3 0.0
C0G650 2006012611 19.6 -9997 2.5 0.0
C0G650 2006012612 20.9 -9997 1.8 0.0
C0G650 2006012613 21.7 -9997 1.0 0.0
C0G650 2006012614 21.1 -9997 1.1 0.0
C0G650 2006012615 -9997 -9997 -9997 0.0
C0G650 2006012616 19.7 -9997 1.7 0.0
C0G650 2006012617 18.3 -9997 1.4 0.0
C0G650 2006012618 16.9 -9997 1.0 0.0
C0G650 2006012619 16.1 -9997 -9997 0.0
C0G650 2006012620 15.7 -9997 1.0 0.0
C0G650 2006012621 15.3 -9997 0.6 0.0
C0G650 2006012622 15.1 -9997 0.1 0.0
C0G650 2006012623 14.7 -9997 0.1 0.0
C0G650 2006012624 14.2 -9997 0.1 0.0
C0G650 2006012701 14.5 -9997 0.2 0.0
C0G650 2006012702 14.2 -9997 0.3 0.0
C0G650 2006012703 14.1 -9997 0.0 0.0
C0G650 2006012704 14.0 -9997 0.1 0.0
C0G650 2006012705 13.9 -9997 0.3 0.0
C0G650 2006012706 13.9 -9997 0.1 0.0
C0G650 2006012707 14.3 -9997 0.0 0.0
C0G650 2006012708 15.0 -9997 0.5 0.0
C0G650 2006012709 15.9 -9997 0.7 0.0
C0G650 2006012710 17.6 -9997 0.6 0.0
C0G650 2006012711 20.2 -9997 1.2 0.0
C0G650 2006012712 21.9 -9997 0.2 0.0
C0G650 2006012713 23.0 -9997 1.0 0.0
C0G650 2006012714 -9997 -9997 -9997 0.0
C0G650 2006012715 21.0 -9997 0.4 0.0
C0G650 2006012716 -9997 -9997 -9997 0.0
C0G650 2006012717 19.4 -9997 0.0 0.0
C0G650 2006012718 17.5 -9997 0.4 0.0
C0G650 2006012719 16.8 -9997 1.0 0.0
C0G650 2006012720 16.3 -9997 0.0 0.0
C0G650 2006012721 16.3 -9997 0.1 0.0
C0G650 2006012722 16.0 -9997 0.0 0.0
C0G650 2006012723 16.0 -9997 0.0 0.0
C0G650 2006012724 15.6 -9997 0.0 0.0
C0G650 2006012801 15.7 -9997 0.0 0.0
C0G650 2006012802 15.4 -9997 0.2 0.0
C0G650 2006012803 15.3 -9997 0.0 0.0
C0G650 2006012804 15.6 -9997 0.0 0.0
C0G650 2006012805 15.6 -9997 0.1 0.0
C0G650 2006012806 15.9 -9997 0.6 0.0
C0G650 2006012807 15.9 -9997 0.2 0.0
C0G650 2006012808 16.4 -9997 0.3 0.0
C0G650 2006012809 17.6 -9997 0.0 0.0
C0G650 2006012810 19.0 -9997 0.1 0.0
C0G650 2006012811 20.8 -9997 0.1 0.0
C0G650 2006012812 20.6 -9997 0.1 0.5
C0G650 2006012813 19.5 -9997 0.3 0.0
C0G650 2006012814 17.9 -9997 0.3 0.5
C0G650 2006012815 16.9 -9997 2.2 0.5
C0G650 2006012816 16.8 -9997 0.7 0.0
C0G650 2006012817 17.5 -9997 1.1 0.0
C0G650 2006012818 17.6 -9997 0.0 0.0
C0G650 2006012819 16.8 -9997 0.6 -9996
C0G650 2006012820 16.6 -9997 0.1 0.5
C0G650 2006012821 16.7 -9997 0.0 0.0
C0G650 2006012822 16.2 -9997 0.2 0.0
C0G650 2006012823 15.4 -9997 0.2 1.0
C0G650 2006012824 15.9 -9997 1.8 0.0
C0G650 2006012901 16.0 -9997 0.0 0.0
C0G650 2006012902 15.8 -9997 0.0 2.5
C0G650 2006012903 15.5 -9997 0.2 0.0
C0G650 2006012904 15.7 -9997 0.1 0.0
C0G650 2006012905 16.2 -9997 0.8 0.5
C0G650 2006012906 16.3 -9997 0.9 0.0
C0G650 2006012907 16.5 -9997 0.1 0.0
C0G650 2006012908 17.1 -9997 0.0 0.5
C0G650 2006012909 19.0 -9997 0.4 0.0
C0G650 2006012910 22.8 -9997 0.0 0.0
C0G650 2006012911 20.8 -9997 0.2 0.0
C0G650 2006012912 20.7 -9997 1.0 0.0
C0G650 2006012913 21.8 -9997 0.3 0.0
C0G650 2006012914 19.4 -9997 1.1 0.0
C0G650 2006012915 19.0 -9997 0.2 0.5
C0G650 2006012916 20.8 -9997 0.5 0.0
C0G650 2006012917 20.8 -9997 0.0 0.0
C0G650 2006012918 18.9 -9997 0.2 0.0
C0G650 2006012919 17.9 -9997 0.1 0.0
C0G650 2006012920 17.8 -9997 0.3 0.0
C0G650 2006012921 17.8 -9997 0.0 0.0
C0G650 2006012922 17.9 -9997 0.2 0.5
C0G650 2006012923 17.3 -9997 0.0 0.0
C0G650 2006012924 17.0 -9997 0.2 0.0
C0G650 2006013001 16.8 -9997 0.0 0.0
C0G650 2006013002 17.0 -9997 0.0 0.0
C0G650 2006013003 16.9 -9997 0.0 0.0
C0G650 2006013004 16.8 -9997 0.2 0.0
C0G650 2006013005 16.7 -9997 0.1 0.0
C0G650 2006013006 16.7 -9997 0.7 0.0
C0G650 2006013007 16.6 -9997 0.3 0.0
C0G650 2006013008 17.0 -9997 0.4 0.0
C0G650 2006013009 17.7 -9997 0.5 0.0
C0G650 2006013010 20.2 -9997 0.1 0.0
C0G650 2006013011 22.1 -9997 0.6 0.0
C0G650 2006013012 22.3 -9997 0.4 0.0
C0G650 2006013013 23.7 -9997 0.6 0.0
C0G650 2006013014 23.2 -9997 0.7 0.0
C0G650 2006013015 23.1 -9997 0.4 0.0
C0G650 2006013016 21.2 -9997 0.6 0.0
C0G650 2006013017 19.8 -9997 0.0 0.0
C0G650 2006013018 18.7 -9997 0.0 0.0
C0G650 2006013019 17.9 -9997 0.1 0.0
C0G650 2006013020 17.3 -9997 0.0 0.0
C0G650 2006013021 17.0 -9997 0.0 0.0
C0G650 2006013022 16.5 -9997 0.0 0.0
C0G650 2006013023 16.3 -9997 0.0 0.0
C0G650 2006013024 16.0 -9997 -9997 0.0
C0G650 2006013101 15.9 -9997 0.0 0.0
C0G650 2006013102 15.8 -9997 0.1 0.0
C0G650 2006013103 16.2 -9997 0.4 0.0
C0G650 2006013104 16.4 -9997 0.0 0.0
C0G650 2006013105 16.3 -9997 0.0 0.0
C0G650 2006013106 16.1 -9997 0.0 0.0
C0G650 2006013107 -9997 -9997 -9997 0.0
C0G650 2006013108 16.4 -9997 0.0 0.0
C0G650 2006013109 16.8 -9997 0.0 0.0
C0G650 2006013110 22.2 -9997 0.1 0.0
C0G650 2006013111 23.5 -9997 0.3 0.0
C0G650 2006013112 23.8 -9997 0.1 0.0
C0G650 2006013113 23.5 -9997 0.4 0.0
C0G650 2006013114 23.6 -9997 0.3 0.0
C0G650 2006013115 22.1 -9997 1.0 0.0
C0G650 2006013116 22.3 -9997 0.8 0.0
C0G650 2006013117 19.8 -9997 2.5 0.0
C0G650 2006013118 19.1 -9997 0.8 0.0
C0G650 2006013119 18.9 -9997 0.3 0.0
C0G650 2006013120 18.8 -9997 0.2 0.0
C0G650 2006013121 18.7 -9997 0.1 0.0
C0G650 2006013122 18.3 -9997 0.0 0.0
C0G650 2006013123 -9997 -9997 -9997 0.0
C0G650 2006013124 17.0 -9997 0.0 0.0
C0G660 2006010101 -9999 -9999 -9999 0.0
C0G660 2006010102 -9999 -9999 -9999 0.0
C0G660 2006010103 -9999 -9999 -9999 0.0
C0G660 2006010104 -9999 -9999 -9999 0.0
C0G660 2006010105 -9999 -9999 -9999 0.0
C0G660 2006010106 -9999 -9999 -9999 0.0
C0G660 2006010107 -9999 -9999 -9999 0.0
C0G660 2006010108 -9999 -9999 -9999 0.0
C0G660 2006010109 -9999 -9999 -9999 0.0
C0G660 2006010110 -9999 -9999 -9999 0.0
C0G660 2006010111 -9999 -9999 -9999 0.0
C0G660 2006010112 -9999 -9999 -9999 0.0
C0G660 2006010113 -9999 -9999 -9999 0.0
C0G660 2006010114 -9999 -9999 -9999 0.0
C0G660 2006010115 -9999 -9999 -9999 0.0
C0G660 2006010116 -9999 -9999 -9999 0.0
C0G660 2006010117 -9999 -9999 -9999 0.0
C0G660 2006010118 -9999 -9999 -9999 0.0
C0G660 2006010119 -9999 -9999 -9999 0.0
C0G660 2006010120 -9999 -9999 -9999 0.0
C0G660 2006010121 -9999 -9999 -9999 0.0
C0G660 2006010122 -9999 -9999 -9999 0.0
C0G660 2006010123 -9999 -9999 -9999 0.0
C0G660 2006010124 -9999 -9999 -9999 0.0
C0G660 2006010201 -9999 -9999 -9999 0.0
C0G660 2006010202 -9999 -9999 -9999 0.0
C0G660 2006010203 -9999 -9999 -9999 0.0
C0G660 2006010204 -9999 -9999 -9999 0.0
C0G660 2006010205 -9999 -9999 -9999 0.0
C0G660 2006010206 -9999 -9999 -9999 0.0
C0G660 2006010207 -9999 -9999 -9999 0.0
C0G660 2006010208 -9999 -9999 -9999 0.0
C0G660 2006010209 -9999 -9999 -9999 0.0
C0G660 2006010210 -9999 -9999 -9999 0.0
C0G660 2006010211 -9999 -9999 -9999 0.0
C0G660 2006010212 -9999 -9999 -9999 0.0
C0G660 2006010213 -9999 -9999 -9999 0.0
C0G660 2006010214 -9999 -9999 -9999 0.0
C0G660 2006010215 -9999 -9999 -9999 0.0
C0G660 2006010216 -9999 -9999 -9999 0.0
C0G660 2006010217 -9999 -9999 -9999 0.0
C0G660 2006010218 -9999 -9999 -9999 0.0
C0G660 2006010219 -9999 -9999 -9999 0.0
C0G660 2006010220 -9999 -9999 -9999 0.0
C0G660 2006010221 -9999 -9999 -9999 0.0
C0G660 2006010222 -9999 -9999 -9999 0.0
C0G660 2006010223 -9999 -9999 -9999 0.0
C0G660 2006010224 -9999 -9999 -9999 0.0
C0G660 2006010301 -9999 -9999 -9999 0.0
C0G660 2006010302 -9999 -9999 -9999 0.0
C0G660 2006010303 -9999 -9999 -9999 0.0
C0G660 2006010304 -9999 -9999 -9999 0.0
C0G660 2006010305 -9999 -9999 -9999 0.0
C0G660 2006010306 -9999 -9999 -9999 0.0
C0G660 2006010307 -9999 -9999 -9999 0.0
C0G660 2006010308 -9999 -9999 -9999 0.0
C0G660 2006010309 -9999 -9999 -9999 0.0
C0G660 2006010310 -9999 -9999 -9999 0.0
C0G660 2006010311 -9999 -9999 -9999 0.0
C0G660 2006010312 -9999 -9999 -9999 0.0
C0G660 2006010313 -9999 -9999 -9999 0.0
C0G660 2006010314 -9999 -9999 -9999 0.0
C0G660 2006010315 -9999 -9999 -9999 0.0
C0G660 2006010316 -9999 -9999 -9999 0.0
C0G660 2006010317 -9999 -9999 -9999 0.0
C0G660 2006010318 -9999 -9999 -9999 0.0
C0G660 2006010319 -9999 -9999 -9999 0.0
C0G660 2006010320 -9999 -9999 -9999 0.0
C0G660 2006010321 -9999 -9999 -9999 0.0
C0G660 2006010322 -9999 -9999 -9999 0.0
C0G660 2006010323 -9999 -9999 -9999 0.0
C0G660 2006010324 -9999 -9999 -9999 0.0
C0G660 2006010401 -9999 -9999 -9999 0.0
C0G660 2006010402 -9999 -9999 -9999 0.0
C0G660 2006010403 -9999 -9999 -9999 0.0
C0G660 2006010404 -9999 -9999 -9999 0.0
C0G660 2006010405 -9999 -9999 -9999 0.0
C0G660 2006010406 -9999 -9999 -9999 0.0
C0G660 2006010407 -9999 -9999 -9999 0.0
C0G660 2006010408 -9999 -9999 -9999 0.0
C0G660 2006010409 -9999 -9999 -9999 0.0
C0G660 2006010410 -9999 -9999 -9999 0.0
C0G660 2006010411 -9999 -9999 -9999 0.0
C0G660 2006010412 -9999 -9999 -9999 0.0
C0G660 2006010413 -9999 -9999 -9999 0.0
C0G660 2006010414 -9999 -9999 -9999 0.0
C0G660 2006010415 -9999 -9999 -9999 0.0
C0G660 2006010416 -9999 -9999 -9999 0.0
C0G660 2006010417 -9999 -9999 -9999 0.0
C0G660 2006010418 -9999 -9999 -9999 0.0
C0G660 2006010419 -9999 -9999 -9999 0.0
C0G660 2006010420 -9999 -9999 -9999 0.0
C0G660 2006010421 -9999 -9999 -9999 0.0
C0G660 2006010422 -9999 -9999 -9999 0.0
C0G660 2006010423 -9999 -9999 -9999 0.0
C0G660 2006010424 -9999 -9999 -9999 0.0
C0G660 2006010501 -9999 -9999 -9999 0.0
C0G660 2006010502 -9999 -9999 -9999 0.0
C0G660 2006010503 -9999 -9999 -9999 0.0
C0G660 2006010504 -9999 -9999 -9999 0.0
C0G660 2006010505 -9999 -9999 -9999 0.0
C0G660 2006010506 -9999 -9999 -9999 0.0
C0G660 2006010507 -9999 -9999 -9999 0.0
C0G660 2006010508 -9999 -9999 -9999 0.0
C0G660 2006010509 -9999 -9999 -9999 0.0
C0G660 2006010510 -9999 -9999 -9999 0.0
C0G660 2006010511 -9999 -9999 -9999 0.0
C0G660 2006010512 -9999 -9999 -9999 0.0
C0G660 2006010513 -9999 -9999 -9999 0.0
C0G660 2006010514 -9999 -9999 -9999 0.0
C0G660 2006010515 -9999 -9999 -9999 0.0
C0G660 2006010516 -9999 -9999 -9999 0.0
C0G660 2006010517 -9999 -9999 -9999 0.0
C0G660 2006010518 -9999 -9999 -9999 0.0
C0G660 2006010519 -9999 -9999 -9999 0.0
C0G660 2006010520 -9999 -9999 -9999 0.0
C0G660 2006010521 -9999 -9999 -9999 0.0
C0G660 2006010522 -9999 -9999 -9999 0.0
C0G660 2006010523 -9999 -9999 -9999 0.0
C0G660 2006010524 -9999 -9999 -9999 0.0
C0G660 2006010601 -9999 -9999 -9999 -9996
C0G660 2006010602 -9999 -9999 -9999 -9996
C0G660 2006010603 -9999 -9999 -9999 0.0
C0G660 2006010604 -9999 -9999 -9999 0.0
C0G660 2006010605 -9999 -9999 -9999 0.0
C0G660 2006010606 -9999 -9999 -9999 0.0
C0G660 2006010607 -9999 -9999 -9999 0.0
C0G660 2006010608 -9999 -9999 -9999 0.0
C0G660 2006010609 -9999 -9999 -9999 0.0
C0G660 2006010610 -9999 -9999 -9999 0.0
C0G660 2006010611 -9999 -9999 -9999 0.0
C0G660 2006010612 -9999 -9999 -9999 0.0
C0G660 2006010613 -9999 -9999 -9999 0.0
C0G660 2006010614 -9999 -9999 -9999 0.0
C0G660 2006010615 -9999 -9999 -9999 0.0
C0G660 2006010616 -9999 -9999 -9999 0.0
C0G660 2006010617 -9999 -9999 -9999 0.0
C0G660 2006010618 -9999 -9999 -9999 0.0
C0G660 2006010619 -9999 -9999 -9999 0.0
C0G660 2006010620 -9999 -9999 -9999 0.0
C0G660 2006010621 -9999 -9999 -9999 0.0
C0G660 2006010622 -9999 -9999 -9999 0.0
C0G660 2006010623 -9999 -9999 -9999 0.0
C0G660 2006010624 -9999 -9999 -9999 0.0
C0G660 2006010701 -9999 -9999 -9999 0.0
C0G660 2006010702 -9999 -9999 -9999 0.0
C0G660 2006010703 -9999 -9999 -9999 0.0
C0G660 2006010704 -9999 -9999 -9999 0.0
C0G660 2006010705 -9999 -9999 -9999 0.0
C0G660 2006010706 -9999 -9999 -9999 0.0
C0G660 2006010707 -9999 -9999 -9999 0.0
C0G660 2006010708 -9999 -9999 -9999 0.0
C0G660 2006010709 -9999 -9999 -9999 0.0
C0G660 2006010710 -9999 -9999 -9999 0.0
C0G660 2006010711 -9999 -9999 -9999 0.0
C0G660 2006010712 -9999 -9999 -9999 0.0
C0G660 2006010713 -9999 -9999 -9999 0.0
C0G660 2006010714 -9999 -9999 -9999 0.0
C0G660 2006010715 -9999 -9999 -9999 0.0
C0G660 2006010716 -9999 -9999 -9999 0.0
C0G660 2006010717 -9999 -9999 -9999 0.0
C0G660 2006010718 -9999 -9999 -9999 0.0
C0G660 2006010719 -9999 -9999 -9999 0.0
C0G660 2006010720 -9999 -9999 -9999 0.0
C0G660 2006010721 -9999 -9999 -9999 0.0
C0G660 2006010722 -9999 -9999 -9999 0.0
C0G660 2006010723 -9999 -9999 -9999 0.0
C0G660 2006010724 -9999 -9999 -9999 0.0
C0G660 2006010801 -9999 -9999 -9999 0.0
C0G660 2006010802 -9999 -9999 -9999 0.0
C0G660 2006010803 -9999 -9999 -9999 0.0
C0G660 2006010804 -9999 -9999 -9999 0.0
C0G660 2006010805 -9999 -9999 -9999 0.0
C0G660 2006010806 -9999 -9999 -9999 0.0
C0G660 2006010807 -9999 -9999 -9999 0.0
C0G660 2006010808 -9999 -9999 -9999 0.0
C0G660 2006010809 -9999 -9999 -9999 0.0
C0G660 2006010810 -9999 -9999 -9999 0.0
C0G660 2006010811 -9999 -9999 -9999 0.0
C0G660 2006010812 -9999 -9999 -9999 0.0
C0G660 2006010813 -9999 -9999 -9999 0.0
C0G660 2006010814 -9999 -9999 -9999 0.0
C0G660 2006010815 -9999 -9999 -9999 0.0
C0G660 2006010816 -9999 -9999 -9999 0.0
C0G660 2006010817 -9999 -9999 -9999 0.0
C0G660 2006010818 -9999 -9999 -9999 0.0
C0G660 2006010819 -9999 -9999 -9999 0.0
C0G660 2006010820 -9999 -9999 -9999 0.0
C0G660 2006010821 -9999 -9999 -9999 0.0
C0G660 2006010822 -9999 -9999 -9999 0.0
C0G660 2006010823 -9999 -9999 -9999 0.0
C0G660 2006010824 -9999 -9999 -9999 0.0
C0G660 2006010901 -9999 -9999 -9999 0.0
C0G660 2006010902 -9999 -9999 -9999 0.0
C0G660 2006010903 -9999 -9999 -9999 0.0
C0G660 2006010904 -9999 -9999 -9999 0.0
C0G660 2006010905 -9999 -9999 -9999 0.0
C0G660 2006010906 -9999 -9999 -9999 0.0
C0G660 2006010907 -9999 -9999 -9999 0.0
C0G660 2006010908 -9999 -9999 -9999 0.0
C0G660 2006010909 -9999 -9999 -9999 0.0
C0G660 2006010910 -9999 -9999 -9999 0.0
C0G660 2006010911 -9999 -9999 -9999 0.0
C0G660 2006010912 -9999 -9999 -9999 0.0
C0G660 2006010913 -9999 -9999 -9999 0.0
C0G660 2006010914 -9999 -9999 -9999 0.0
C0G660 2006010915 -9999 -9999 -9999 0.0
C0G660 2006010916 -9999 -9999 -9999 0.0
C0G660 2006010917 -9999 -9999 -9999 0.0
C0G660 2006010918 -9999 -9999 -9999 0.0
C0G660 2006010919 -9999 -9999 -9999 0.0
C0G660 2006010920 -9999 -9999 -9999 0.0
C0G660 2006010921 -9999 -9999 -9999 0.0
C0G660 2006010922 -9999 -9999 -9999 0.0
C0G660 2006010923 -9999 -9999 -9999 0.0
C0G660 2006010924 -9999 -9999 -9999 0.0
C0G660 2006011001 -9999 -9999 -9999 0.0
C0G660 2006011002 -9999 -9999 -9999 0.0
C0G660 2006011003 -9999 -9999 -9999 0.0
C0G660 2006011004 -9999 -9999 -9999 0.0
C0G660 2006011005 -9999 -9999 -9999 0.0
C0G660 2006011006 -9999 -9999 -9999 0.0
C0G660 2006011007 -9999 -9999 -9999 0.0
C0G660 2006011008 -9999 -9999 -9999 0.0
C0G660 2006011009 -9999 -9999 -9999 0.0
C0G660 2006011010 -9999 -9999 -9999 0.0
C0G660 2006011011 -9999 -9999 -9999 0.0
C0G660 2006011012 -9999 -9999 -9999 0.0
C0G660 2006011013 -9999 -9999 -9999 0.0
C0G660 2006011014 -9999 -9999 -9999 0.0
C0G660 2006011015 -9999 -9999 -9999 0.0
C0G660 2006011016 -9999 -9999 -9999 0.0
C0G660 2006011017 -9999 -9999 -9999 0.0
C0G660 2006011018 -9999 -9999 -9999 0.0
C0G660 2006011019 -9999 -9999 -9999 0.0
C0G660 2006011020 -9999 -9999 -9999 0.0
C0G660 2006011021 -9999 -9999 -9999 0.0
C0G660 2006011022 -9999 -9999 -9999 0.0
C0G660 2006011023 -9999 -9999 -9999 0.0
C0G660 2006011024 -9999 -9999 -9999 0.0
C0G660 2006011101 -9999 -9999 -9999 0.0
C0G660 2006011102 -9999 -9999 -9999 0.0
C0G660 2006011103 -9999 -9999 -9999 0.0
C0G660 2006011104 -9999 -9999 -9999 0.0
C0G660 2006011105 -9999 -9999 -9999 0.0
C0G660 2006011106 -9999 -9999 -9999 0.0
C0G660 2006011107 -9999 -9999 -9999 0.0
C0G660 2006011108 -9999 -9999 -9999 0.0
C0G660 2006011109 -9999 -9999 -9999 0.0
C0G660 2006011110 -9999 -9999 -9999 0.0
C0G660 2006011111 -9999 -9999 -9999 0.0
C0G660 2006011112 -9999 -9999 -9999 0.0
C0G660 2006011113 -9999 -9999 -9999 0.0
C0G660 2006011114 -9999 -9999 -9999 0.0
C0G660 2006011115 -9999 -9999 -9999 0.0
C0G660 2006011116 -9999 -9999 -9999 0.0
C0G660 2006011117 -9999 -9999 -9999 0.0
C0G660 2006011118 -9999 -9999 -9999 0.0
C0G660 2006011119 -9999 -9999 -9999 0.0
C0G660 2006011120 -9999 -9999 -9999 0.0
C0G660 2006011121 -9999 -9999 -9999 0.0
C0G660 2006011122 -9999 -9999 -9999 0.0
C0G660 2006011123 -9999 -9999 -9999 0.0
C0G660 2006011124 -9999 -9999 -9999 0.0
C0G660 2006011201 -9999 -9999 -9999 0.0
C0G660 2006011202 -9999 -9999 -9999 0.0
C0G660 2006011203 -9999 -9999 -9999 0.0
C0G660 2006011204 -9999 -9999 -9999 0.0
C0G660 2006011205 -9999 -9999 -9999 0.0
C0G660 2006011206 -9999 -9999 -9999 0.0
C0G660 2006011207 -9999 -9999 -9999 0.0
C0G660 2006011208 -9999 -9999 -9999 0.0
C0G660 2006011209 -9999 -9999 -9999 0.0
C0G660 2006011210 -9999 -9999 -9999 0.0
C0G660 2006011211 -9999 -9999 -9999 0.0
C0G660 2006011212 -9999 -9999 -9999 0.0
C0G660 2006011213 -9999 -9999 -9999 0.0
C0G660 2006011214 -9999 -9999 -9999 0.0
C0G660 2006011215 -9999 -9999 -9999 0.0
C0G660 2006011216 -9999 -9999 -9999 0.0
C0G660 2006011217 -9999 -9999 -9999 0.0
C0G660 2006011218 -9999 -9999 -9999 0.0
C0G660 2006011219 -9999 -9999 -9999 0.0
C0G660 2006011220 -9999 -9999 -9999 0.0
C0G660 2006011221 -9999 -9999 -9999 0.0
C0G660 2006011222 -9999 -9999 -9999 0.0
C0G660 2006011223 -9999 -9999 -9999 0.0
C0G660 2006011224 -9999 -9999 -9999 0.0
C0G660 2006011301 -9999 -9999 -9999 -9996
C0G660 2006011302 -9999 -9999 -9999 -9996
C0G660 2006011303 -9999 -9999 -9999 0.0
C0G660 2006011304 -9999 -9999 -9999 0.0
C0G660 2006011305 -9999 -9999 -9999 0.0
C0G660 2006011306 -9999 -9999 -9999 0.0
C0G660 2006011307 -9999 -9999 -9999 0.0
C0G660 2006011308 -9999 -9999 -9999 0.0
C0G660 2006011309 -9999 -9999 -9999 0.0
C0G660 2006011310 -9999 -9999 -9999 0.0
C0G660 2006011311 -9999 -9999 -9999 0.0
C0G660 2006011312 -9999 -9999 -9999 0.0
C0G660 2006011313 -9999 -9999 -9999 0.0
C0G660 2006011314 -9999 -9999 -9999 0.0
C0G660 2006011315 -9999 -9999 -9999 0.0
C0G660 2006011316 -9999 -9999 -9999 0.0
C0G660 2006011317 -9999 -9999 -9999 0.0
C0G660 2006011318 -9999 -9999 -9999 0.0
C0G660 2006011319 -9999 -9999 -9999 0.0
C0G660 2006011320 -9999 -9999 -9999 0.0
C0G660 2006011321 -9999 -9999 -9999 0.0
C0G660 2006011322 -9999 -9999 -9999 0.0
C0G660 2006011323 -9999 -9999 -9999 0.0
C0G660 2006011324 -9999 -9999 -9999 0.0
C0G660 2006011401 -9999 -9999 -9999 0.0
C0G660 2006011402 -9999 -9999 -9999 0.0
C0G660 2006011403 -9999 -9999 -9999 0.0
C0G660 2006011404 -9999 -9999 -9999 0.0
C0G660 2006011405 -9999 -9999 -9999 0.0
C0G660 2006011406 -9999 -9999 -9999 0.0
C0G660 2006011407 -9999 -9999 -9999 0.0
C0G660 2006011408 -9999 -9999 -9999 0.0
C0G660 2006011409 -9999 -9999 -9999 0.0
C0G660 2006011410 -9999 -9999 -9999 0.0
C0G660 2006011411 -9999 -9999 -9999 0.0
C0G660 2006011412 -9999 -9999 -9999 0.0
C0G660 2006011413 -9999 -9999 -9999 0.0
C0G660 2006011414 -9999 -9999 -9999 0.0
C0G660 2006011415 -9999 -9999 -9999 0.0
C0G660 2006011416 -9999 -9999 -9999 0.0
C0G660 2006011417 -9999 -9999 -9999 0.0
C0G660 2006011418 -9999 -9999 -9999 0.0
C0G660 2006011419 -9999 -9999 -9999 0.0
C0G660 2006011420 -9999 -9999 -9999 0.0
C0G660 2006011421 -9999 -9999 -9999 0.0
C0G660 2006011422 -9999 -9999 -9999 0.0
C0G660 2006011423 -9999 -9999 -9999 0.0
C0G660 2006011424 -9999 -9999 -9999 0.0
C0G660 2006011501 -9999 -9999 -9999 0.0
C0G660 2006011502 -9999 -9999 -9999 0.0
C0G660 2006011503 -9999 -9999 -9999 0.0
C0G660 2006011504 -9999 -9999 -9999 0.0
C0G660 2006011505 -9999 -9999 -9999 0.0
C0G660 2006011506 -9999 -9999 -9999 0.0
C0G660 2006011507 -9999 -9999 -9999 0.0
C0G660 2006011508 -9999 -9999 -9999 0.0
C0G660 2006011509 -9999 -9999 -9999 0.0
C0G660 2006011510 -9999 -9999 -9999 0.0
C0G660 2006011511 -9999 -9999 -9999 0.0
C0G660 2006011512 -9999 -9999 -9999 0.0
C0G660 2006011513 -9999 -9999 -9999 0.0
C0G660 2006011514 -9999 -9999 -9999 0.0
C0G660 2006011515 -9999 -9999 -9999 0.0
C0G660 2006011516 -9999 -9999 -9999 0.0
C0G660 2006011517 -9999 -9999 -9999 0.0
C0G660 2006011518 -9999 -9999 -9999 0.0
C0G660 2006011519 -9999 -9999 -9999 0.0
C0G660 2006011520 -9999 -9999 -9999 0.0
C0G660 2006011521 -9999 -9999 -9999 0.0
C0G660 2006011522 -9999 -9999 -9999 0.0
C0G660 2006011523 -9999 -9999 -9999 0.0
C0G660 2006011524 -9999 -9999 -9999 0.0
C0G660 2006011601 -9999 -9999 -9999 0.0
C0G660 2006011602 -9999 -9999 -9999 0.0
C0G660 2006011603 -9999 -9999 -9999 0.0
C0G660 2006011604 -9999 -9999 -9999 0.0
C0G660 2006011605 -9999 -9999 -9999 0.0
C0G660 2006011606 -9999 -9999 -9999 0.0
C0G660 2006011607 -9999 -9999 -9999 0.0
C0G660 2006011608 -9999 -9999 -9999 1.0
C0G660 2006011609 -9999 -9999 -9999 0.0
C0G660 2006011610 -9999 -9999 -9999 0.0
C0G660 2006011611 -9999 -9999 -9999 0.0
C0G660 2006011612 -9999 -9999 -9999 0.0
C0G660 2006011613 -9999 -9999 -9999 0.0
C0G660 2006011614 -9999 -9999 -9999 0.0
C0G660 2006011615 -9999 -9999 -9999 0.0
C0G660 2006011616 -9999 -9999 -9999 0.0
C0G660 2006011617 -9999 -9999 -9999 0.0
C0G660 2006011618 -9999 -9999 -9999 0.0
C0G660 2006011619 -9999 -9999 -9999 0.0
C0G660 2006011620 -9999 -9999 -9999 0.0
C0G660 2006011621 -9999 -9999 -9999 0.0
C0G660 2006011622 -9999 -9999 -9999 0.0
C0G660 2006011623 -9999 -9999 -9999 0.0
C0G660 2006011624 -9999 -9999 -9999 0.0
C0G660 2006011701 -9999 -9999 -9999 0.0
C0G660 2006011702 -9999 -9999 -9999 0.0
C0G660 2006011703 -9999 -9999 -9999 0.0
C0G660 2006011704 -9999 -9999 -9999 0.0
C0G660 2006011705 -9999 -9999 -9999 0.0
C0G660 2006011706 -9999 -9999 -9999 0.0
C0G660 2006011707 -9999 -9999 -9999 0.0
C0G660 2006011708 -9999 -9999 -9999 0.0
C0G660 2006011709 -9999 -9999 -9999 0.0
C0G660 2006011710 -9999 -9999 -9999 0.0
C0G660 2006011711 -9999 -9999 -9999 0.0
C0G660 2006011712 -9999 -9999 -9999 0.0
C0G660 2006011713 -9999 -9999 -9999 0.0
C0G660 2006011714 -9999 -9999 -9999 0.0
C0G660 2006011715 -9999 -9999 -9999 0.0
C0G660 2006011716 -9999 -9999 -9999 0.0
C0G660 2006011717 -9999 -9999 -9999 0.0
C0G660 2006011718 -9999 -9999 -9999 0.0
C0G660 2006011719 -9999 -9999 -9999 0.0
C0G660 2006011720 -9999 -9999 -9999 0.0
C0G660 2006011721 -9999 -9999 -9999 0.0
C0G660 2006011722 -9999 -9999 -9999 0.0
C0G660 2006011723 -9999 -9999 -9999 0.0
C0G660 2006011724 -9999 -9999 -9999 0.0
C0G660 2006011801 -9999 -9999 -9999 0.0
C0G660 2006011802 -9999 -9999 -9999 0.0
C0G660 2006011803 -9999 -9999 -9999 0.0
C0G660 2006011804 -9999 -9999 -9999 0.0
C0G660 2006011805 -9999 -9999 -9999 0.0
C0G660 2006011806 -9999 -9999 -9999 0.0
C0G660 2006011807 -9999 -9999 -9999 0.0
C0G660 2006011808 -9999 -9999 -9999 0.0
C0G660 2006011809 -9999 -9999 -9999 0.0
C0G660 2006011810 -9999 -9999 -9999 0.0
C0G660 2006011811 -9999 -9999 -9999 0.0
C0G660 2006011812 -9999 -9999 -9999 0.0
C0G660 2006011813 -9999 -9999 -9999 0.0
C0G660 2006011814 -9999 -9999 -9999 0.0
C0G660 2006011815 -9999 -9999 -9999 0.0
C0G660 2006011816 -9999 -9999 -9999 0.0
C0G660 2006011817 -9999 -9999 -9999 0.0
C0G660 2006011818 -9999 -9999 -9999 0.0
C0G660 2006011819 -9999 -9999 -9999 0.0
C0G660 2006011820 -9999 -9999 -9999 0.0
C0G660 2006011821 -9999 -9999 -9999 0.0
C0G660 2006011822 -9999 -9999 -9999 0.0
C0G660 2006011823 -9999 -9999 -9999 0.0
C0G660 2006011824 -9999 -9999 -9999 0.0
C0G660 2006011901 -9999 -9999 -9999 0.0
C0G660 2006011902 -9999 -9999 -9999 0.0
C0G660 2006011903 -9999 -9999 -9999 0.0
C0G660 2006011904 -9999 -9999 -9999 0.0
C0G660 2006011905 -9999 -9999 -9999 0.0
C0G660 2006011906 -9999 -9999 -9999 0.0
C0G660 2006011907 -9999 -9999 -9999 0.0
C0G660 2006011908 -9999 -9999 -9999 0.0
C0G660 2006011909 -9999 -9999 -9999 0.0
C0G660 2006011910 -9999 -9999 -9999 0.0
C0G660 2006011911 -9999 -9999 -9999 0.0
C0G660 2006011912 -9999 -9999 -9999 0.0
C0G660 2006011913 -9999 -9999 -9999 0.0
C0G660 2006011914 -9999 -9999 -9999 0.0
C0G660 2006011915 -9999 -9999 -9999 0.0
C0G660 2006011916 -9999 -9999 -9999 0.0
C0G660 2006011917 -9999 -9999 -9999 0.0
C0G660 2006011918 -9999 -9999 -9999 0.0
C0G660 2006011919 -9999 -9999 -9999 0.0
C0G660 2006011920 -9999 -9999 -9999 0.0
C0G660 2006011921 -9999 -9999 -9999 0.0
C0G660 2006011922 -9999 -9999 -9999 0.0
C0G660 2006011923 -9999 -9999 -9999 0.0
C0G660 2006011924 -9999 -9999 -9999 0.0
C0G660 2006012001 -9999 -9999 -9999 0.0
C0G660 2006012002 -9999 -9999 -9999 0.0
C0G660 2006012003 -9999 -9999 -9999 0.0
C0G660 2006012004 -9999 -9999 -9999 0.0
C0G660 2006012005 -9999 -9999 -9999 0.0
C0G660 2006012006 -9999 -9999 -9999 0.0
C0G660 2006012007 -9999 -9999 -9999 0.0
C0G660 2006012008 -9999 -9999 -9999 0.0
C0G660 2006012009 -9999 -9999 -9999 0.0
C0G660 2006012010 -9999 -9999 -9999 0.0
C0G660 2006012011 -9999 -9999 -9999 0.0
C0G660 2006012012 -9999 -9999 -9999 0.0
C0G660 2006012013 -9999 -9999 -9999 0.0
C0G660 2006012014 -9999 -9999 -9999 0.0
C0G660 2006012015 -9999 -9999 -9999 0.0
C0G660 2006012016 -9999 -9999 -9999 0.0
C0G660 2006012017 -9999 -9999 -9999 0.0
C0G660 2006012018 -9999 -9999 -9999 0.0
C0G660 2006012019 -9999 -9999 -9999 0.0
C0G660 2006012020 -9999 -9999 -9999 0.0
C0G660 2006012021 -9999 -9999 -9999 0.0
C0G660 2006012022 -9999 -9999 -9999 0.0
C0G660 2006012023 -9999 -9999 -9999 0.0
C0G660 2006012024 -9999 -9999 -9999 0.0
C0G660 2006012101 -9999 -9999 -9999 0.0
C0G660 2006012102 -9999 -9999 -9999 0.0
C0G660 2006012103 -9999 -9999 -9999 0.0
C0G660 2006012104 -9999 -9999 -9999 0.0
C0G660 2006012105 -9999 -9999 -9999 0.0
C0G660 2006012106 -9999 -9999 -9999 0.0
C0G660 2006012107 -9999 -9999 -9999 0.0
C0G660 2006012108 -9999 -9999 -9999 0.0
C0G660 2006012109 -9999 -9999 -9999 0.0
C0G660 2006012110 -9999 -9999 -9999 0.0
C0G660 2006012111 -9999 -9999 -9999 0.0
C0G660 2006012112 -9999 -9999 -9999 0.0
C0G660 2006012113 -9999 -9999 -9999 0.0
C0G660 2006012114 -9999 -9999 -9999 0.0
C0G660 2006012115 -9999 -9999 -9999 0.0
C0G660 2006012116 -9999 -9999 -9999 0.0
C0G660 2006012117 -9999 -9999 -9999 0.0
C0G660 2006012118 -9999 -9999 -9999 0.0
C0G660 2006012119 -9999 -9999 -9999 0.0
C0G660 2006012120 -9999 -9999 -9999 0.0
C0G660 2006012121 -9999 -9999 -9999 0.0
C0G660 2006012122 -9999 -9999 -9999 0.0
C0G660 2006012123 -9999 -9999 -9999 0.0
C0G660 2006012124 -9999 -9999 -9999 0.0
C0G660 2006012201 -9999 -9999 -9999 0.0
C0G660 2006012202 -9999 -9999 -9999 0.0
C0G660 2006012203 -9999 -9999 -9999 0.5
C0G660 2006012204 -9999 -9999 -9999 0.5
C0G660 2006012205 -9999 -9999 -9999 0.0
C0G660 2006012206 -9999 -9999 -9999 0.0
C0G660 2006012207 -9999 -9999 -9999 0.0
C0G660 2006012208 -9999 -9999 -9999 0.0
C0G660 2006012209 -9999 -9999 -9999 0.0
C0G660 2006012210 -9999 -9999 -9999 1.0
C0G660 2006012211 -9999 -9999 -9999 0.0
C0G660 2006012212 -9999 -9999 -9999 0.5
C0G660 2006012213 -9999 -9999 -9999 0.5
C0G660 2006012214 -9999 -9999 -9999 0.5
C0G660 2006012215 -9999 -9999 -9999 0.5
C0G660 2006012216 -9999 -9999 -9999 0.0
C0G660 2006012217 -9999 -9999 -9999 0.0
C0G660 2006012218 -9999 -9999 -9999 0.5
C0G660 2006012219 -9999 -9999 -9999 0.0
C0G660 2006012220 -9999 -9999 -9999 0.0
C0G660 2006012221 -9999 -9999 -9999 0.0
C0G660 2006012222 -9999 -9999 -9999 0.0
C0G660 2006012223 -9999 -9999 -9999 0.0
C0G660 2006012224 -9999 -9999 -9999 0.0
C0G660 2006012301 -9999 -9999 -9999 -9996
C0G660 2006012302 -9999 -9999 -9999 0.0
C0G660 2006012303 -9999 -9999 -9999 0.0
C0G660 2006012304 -9999 -9999 -9999 0.0
C0G660 2006012305 -9999 -9999 -9999 0.0
C0G660 2006012306 -9999 -9999 -9999 0.0
C0G660 2006012307 -9999 -9999 -9999 0.0
C0G660 2006012308 -9999 -9999 -9999 0.0
C0G660 2006012309 -9999 -9999 -9999 0.0
C0G660 2006012310 -9999 -9999 -9999 0.0
C0G660 2006012311 -9999 -9999 -9999 0.0
C0G660 2006012312 -9999 -9999 -9999 0.0
C0G660 2006012313 -9999 -9999 -9999 0.0
C0G660 2006012314 -9999 -9999 -9999 0.0
C0G660 2006012315 -9999 -9999 -9999 0.0
C0G660 2006012316 -9999 -9999 -9999 0.0
C0G660 2006012317 -9999 -9999 -9999 0.0
C0G660 2006012318 -9999 -9999 -9999 0.0
C0G660 2006012319 -9999 -9999 -9999 0.0
C0G660 2006012320 -9999 -9999 -9999 0.0
C0G660 2006012321 -9999 -9999 -9999 0.0
C0G660 2006012322 -9999 -9999 -9999 0.0
C0G660 2006012323 -9999 -9999 -9999 0.0
C0G660 2006012324 -9999 -9999 -9999 0.0
C0G660 2006012401 -9999 -9999 -9999 0.0
C0G660 2006012402 -9999 -9999 -9999 0.0
C0G660 2006012403 -9999 -9999 -9999 0.0
C0G660 2006012404 -9999 -9999 -9999 0.0
C0G660 2006012405 -9999 -9999 -9999 0.0
C0G660 2006012406 -9999 -9999 -9999 0.0
C0G660 2006012407 -9999 -9999 -9999 0.0
C0G660 2006012408 -9999 -9999 -9999 0.0
C0G660 2006012409 -9999 -9999 -9999 0.0
C0G660 2006012410 -9999 -9999 -9999 0.0
C0G660 2006012411 -9999 -9999 -9999 0.0
C0G660 2006012412 -9999 -9999 -9999 0.0
C0G660 2006012413 -9999 -9999 -9999 0.0
C0G660 2006012414 -9999 -9999 -9999 0.0
C0G660 2006012415 -9999 -9999 -9999 0.0
C0G660 2006012416 -9999 -9999 -9999 0.0
C0G660 2006012417 -9999 -9999 -9999 0.0
C0G660 2006012418 -9999 -9999 -9999 0.0
C0G660 2006012419 -9999 -9999 -9999 0.0
C0G660 2006012420 -9999 -9999 -9999 0.0
C0G660 2006012421 -9999 -9999 -9999 0.0
C0G660 2006012422 -9999 -9999 -9999 0.0
C0G660 2006012423 -9999 -9999 -9999 0.0
C0G660 2006012424 -9999 -9999 -9999 0.0
C0G660 2006012501 -9999 -9999 -9999 0.0
C0G660 2006012502 -9999 -9999 -9999 0.0
C0G660 2006012503 -9999 -9999 -9999 0.0
C0G660 2006012504 -9999 -9999 -9999 0.0
C0G660 2006012505 -9999 -9999 -9999 0.0
C0G660 2006012506 -9999 -9999 -9999 0.0
C0G660 2006012507 -9999 -9999 -9999 0.0
C0G660 2006012508 -9999 -9999 -9999 0.0
C0G660 2006012509 -9999 -9999 -9999 0.0
C0G660 2006012510 -9999 -9999 -9999 0.0
C0G660 2006012511 -9999 -9999 -9999 0.0
C0G660 2006012512 -9999 -9999 -9999 0.0
C0G660 2006012513 -9999 -9999 -9999 0.0
C0G660 2006012514 -9999 -9999 -9999 0.0
C0G660 2006012515 -9999 -9999 -9999 0.0
C0G660 2006012516 -9999 -9999 -9999 0.0
C0G660 2006012517 -9999 -9999 -9999 0.0
C0G660 2006012518 -9999 -9999 -9999 0.0
C0G660 2006012519 -9999 -9999 -9999 0.0
C0G660 2006012520 -9999 -9999 -9999 0.0
C0G660 2006012521 -9999 -9999 -9999 0.0
C0G660 2006012522 -9999 -9999 -9999 0.0
C0G660 2006012523 -9999 -9999 -9999 0.0
C0G660 2006012524 -9999 -9999 -9999 0.0
C0G660 2006012601 -9999 -9999 -9999 0.0
C0G660 2006012602 -9999 -9999 -9999 0.0
C0G660 2006012603 -9999 -9999 -9999 0.0
C0G660 2006012604 -9999 -9999 -9999 0.0
C0G660 2006012605 -9999 -9999 -9999 0.0
C0G660 2006012606 -9999 -9999 -9999 0.0
C0G660 2006012607 -9999 -9999 -9999 0.0
C0G660 2006012608 -9999 -9999 -9999 0.0
C0G660 2006012609 -9999 -9999 -9999 0.0
C0G660 2006012610 -9999 -9999 -9999 0.0
C0G660 2006012611 -9999 -9999 -9999 0.0
C0G660 2006012612 -9999 -9999 -9999 0.0
C0G660 2006012613 -9999 -9999 -9999 0.0
C0G660 2006012614 -9999 -9999 -9999 0.0
C0G660 2006012615 -9999 -9999 -9999 0.0
C0G660 2006012616 -9999 -9999 -9999 0.0
C0G660 2006012617 -9999 -9999 -9999 0.0
C0G660 2006012618 -9999 -9999 -9999 0.0
C0G660 2006012619 -9999 -9999 -9999 0.0
C0G660 2006012620 -9999 -9999 -9999 0.0
C0G660 2006012621 -9999 -9999 -9999 0.0
C0G660 2006012622 -9999 -9999 -9999 0.0
C0G660 2006012623 -9999 -9999 -9999 0.0
C0G660 2006012624 -9999 -9999 -9999 0.0
C0G660 2006012701 -9999 -9999 -9999 0.0
C0G660 2006012702 -9999 -9999 -9999 0.0
C0G660 2006012703 -9999 -9999 -9999 0.0
C0G660 2006012704 -9999 -9999 -9999 0.0
C0G660 2006012705 -9999 -9999 -9999 0.0
C0G660 2006012706 -9999 -9999 -9999 0.0
C0G660 2006012707 -9999 -9999 -9999 0.0
C0G660 2006012708 -9999 -9999 -9999 0.0
C0G660 2006012709 -9999 -9999 -9999 0.0
C0G660 2006012710 -9999 -9999 -9999 0.0
C0G660 2006012711 -9999 -9999 -9999 0.0
C0G660 2006012712 -9999 -9999 -9999 0.0
C0G660 2006012713 -9999 -9999 -9999 0.0
C0G660 2006012714 -9999 -9999 -9999 0.0
C0G660 2006012715 -9999 -9999 -9999 0.0
C0G660 2006012716 -9999 -9999 -9999 0.0
C0G660 2006012717 -9999 -9999 -9999 0.0
C0G660 2006012718 -9999 -9999 -9999 0.0
C0G660 2006012719 -9999 -9999 -9999 0.0
C0G660 2006012720 -9999 -9999 -9999 0.0
C0G660 2006012721 -9999 -9999 -9999 0.0
C0G660 2006012722 -9999 -9999 -9999 0.0
C0G660 2006012723 -9999 -9999 -9999 0.0
C0G660 2006012724 -9999 -9999 -9999 0.0
C0G660 2006012801 -9999 -9999 -9999 0.0
C0G660 2006012802 -9999 -9999 -9999 0.0
C0G660 2006012803 -9999 -9999 -9999 0.0
C0G660 2006012804 -9999 -9999 -9999 0.0
C0G660 2006012805 -9999 -9999 -9999 0.0
C0G660 2006012806 -9999 -9999 -9999 0.0
C0G660 2006012807 -9999 -9999 -9999 0.0
C0G660 2006012808 -9999 -9999 -9999 0.0
C0G660 2006012809 -9999 -9999 -9999 0.0
C0G660 2006012810 -9999 -9999 -9999 0.0
C0G660 2006012811 -9999 -9999 -9999 0.0
C0G660 2006012812 -9999 -9999 -9999 0.0
C0G660 2006012813 -9999 -9999 -9999 0.0
C0G660 2006012814 -9999 -9999 -9999 0.0
C0G660 2006012815 -9999 -9999 -9999 0.0
C0G660 2006012816 -9999 -9999 -9999 0.0
C0G660 2006012817 -9999 -9999 -9999 0.0
C0G660 2006012818 -9999 -9999 -9999 -9996
C0G660 2006012819 -9999 -9999 -9999 0.5
C0G660 2006012820 -9999 -9999 -9999 0.0
C0G660 2006012821 -9999 -9999 -9999 0.0
C0G660 2006012822 -9999 -9999 -9999 0.0
C0G660 2006012823 -9999 -9999 -9999 1.5
C0G660 2006012824 -9999 -9999 -9999 0.5
C0G660 2006012901 -9999 -9999 -9999 0.5
C0G660 2006012902 -9999 -9999 -9999 2.0
C0G660 2006012903 -9999 -9999 -9999 0.0
C0G660 2006012904 -9999 -9999 -9999 0.5
C0G660 2006012905 -9999 -9999 -9999 0.0
C0G660 2006012906 -9999 -9999 -9999 0.5
C0G660 2006012907 -9999 -9999 -9999 0.5
C0G660 2006012908 -9999 -9999 -9999 0.0
C0G660 2006012909 -9999 -9999 -9999 0.0
C0G660 2006012910 -9999 -9999 -9999 0.0
C0G660 2006012911 -9999 -9999 -9999 0.0
C0G660 2006012912 -9999 -9999 -9999 0.0
C0G660 2006012913 -9999 -9999 -9999 0.0
C0G660 2006012914 -9999 -9999 -9999 0.5
C0G660 2006012915 -9999 -9999 -9999 0.0
C0G660 2006012916 -9999 -9999 -9999 0.0
C0G660 2006012917 -9999 -9999 -9999 0.0
C0G660 2006012918 -9999 -9999 -9999 0.0
C0G660 2006012919 -9999 -9999 -9999 0.0
C0G660 2006012920 -9999 -9999 -9999 0.0
C0G660 2006012921 -9999 -9999 -9999 0.0
C0G660 2006012922 -9999 -9999 -9999 0.0
C0G660 2006012923 -9999 -9999 -9999 0.0
C0G660 2006012924 -9999 -9999 -9999 0.0
C0G660 2006013001 -9999 -9999 -9999 0.0
C0G660 2006013002 -9999 -9999 -9999 0.0
C0G660 2006013003 -9999 -9999 -9999 0.0
C0G660 2006013004 -9999 -9999 -9999 0.0
C0G660 2006013005 -9999 -9999 -9999 0.0
C0G660 2006013006 -9999 -9999 -9999 0.0
C0G660 2006013007 -9999 -9999 -9999 0.0
C0G660 2006013008 -9999 -9999 -9999 0.0
C0G660 2006013009 -9999 -9999 -9999 0.0
C0G660 2006013010 -9999 -9999 -9999 0.0
C0G660 2006013011 -9999 -9999 -9999 0.0
C0G660 2006013012 -9999 -9999 -9999 0.0
C0G660 2006013013 -9999 -9999 -9999 0.0
C0G660 2006013014 -9999 -9999 -9999 0.0
C0G660 2006013015 -9999 -9999 -9999 0.0
C0G660 2006013016 -9999 -9999 -9999 0.0
C0G660 2006013017 -9999 -9999 -9999 0.0
C0G660 2006013018 -9999 -9999 -9999 0.0
C0G660 2006013019 -9999 -9999 -9999 0.0
C0G660 2006013020 -9999 -9999 -9999 0.0
C0G660 2006013021 -9999 -9999 -9999 0.0
C0G660 2006013022 -9999 -9999 -9999 0.0
C0G660 2006013023 -9999 -9999 -9999 0.0
C0G660 2006013024 -9999 -9999 -9999 0.0
C0G660 2006013101 -9999 -9999 -9999 0.0
C0G660 2006013102 -9999 -9999 -9999 0.0
C0G660 2006013103 -9999 -9999 -9999 0.0
C0G660 2006013104 -9999 -9999 -9999 0.0
C0G660 2006013105 -9999 -9999 -9999 0.0
C0G660 2006013106 -9999 -9999 -9999 0.0
C0G660 2006013107 -9999 -9999 -9999 0.0
C0G660 2006013108 -9999 -9999 -9999 0.0
C0G660 2006013109 -9999 -9999 -9999 0.0
C0G660 2006013110 -9999 -9999 -9999 0.0
C0G660 2006013111 -9999 -9999 -9999 0.0
C0G660 2006013112 -9999 -9999 -9999 0.0
C0G660 2006013113 -9999 -9999 -9999 0.0
C0G660 2006013114 -9999 -9999 -9999 0.0
C0G660 2006013115 -9999 -9999 -9999 0.0
C0G660 2006013116 -9999 -9999 -9999 0.0
C0G660 2006013117 -9999 -9999 -9999 0.0
C0G660 2006013118 -9999 -9999 -9999 0.0
C0G660 2006013119 -9999 -9999 -9999 0.0
C0G660 2006013120 -9999 -9999 -9999 0.0
C0G660 2006013121 -9999 -9999 -9999 0.0
C0G660 2006013122 -9999 -9999 -9999 0.0
C0G660 2006013123 -9999 -9999 -9999 0.0
C0G660 2006013124 -9999 -9999 -9999 0.0
