C0G650 2006100101  -9997   25.7  -9997    0.0    0.0    0.0    0.0
C0G650 2006100102  -9997   25.0  -9997    0.0    0.0    0.0    0.0
C0G650 2006100103  -9997   24.9  -9997    0.0    0.0  -9996    0.0
C0G650 2006100104  -9997   25.0  -9997    0.0    0.0    0.0    0.0
C0G650 2006100105  -9997   24.9  -9997    0.0    0.0    0.0    0.0
C0G650 2006100106  -9997   24.7  -9997    0.0    0.0    0.0    0.0
C0G650 2006100107  -9997   24.9  -9997    0.0    0.0    0.0    0.0
C0G650 2006100108  -9997   26.3  -9997    0.7   30.0  -9996    0.3
C0G650 2006100109  -9997   28.3  -9997    0.1    0.0    0.0    1.0
C0G650 2006100110  -9997   29.9  -9997    0.2    0.0    0.0    1.0
C0G650 2006100111  -9997   31.3  -9997    0.6  280.0    0.0    1.0
C0G650 2006100112  -9997   31.0  -9997    0.2    0.0    0.0    0.8
C0G650 2006100113  -9997  -9997  -9997    0.1    0.0    0.0   -9.6
C0G650 2006100114  -9997   32.3  -9997    0.9  290.0    0.0    1.1
C0G650 2006100115  -9997  -9997  -9997    0.4   30.0    0.0   -9.6
C0G650 2006100116  -9997   29.3  -9997    0.6   20.0    0.0    1.8
C0G650 2006100117  -9997   28.3  -9997    0.4   30.0    0.0   -9.6
C0G650 2006100118  -9997   27.6  -9997    0.2    0.0    0.0    0.5
C0G650 2006100119  -9997   27.0  -9997    0.0    0.0    0.0    0.0
C0G650 2006100120  -9997   26.5  -9997    0.0    0.0    0.0    0.0
C0G650 2006100121  -9997   25.9  -9997    0.0    0.0    0.0    0.0
C0G650 2006100122  -9997   25.2  -9997    0.0    0.0  -9996    0.0
C0G650 2006100123  -9997  -9997  -9997    0.0    0.0    0.0    0.0
C0G650 2006100124  -9997   24.4  -9997    0.0    0.0    0.0    0.0
C0G650 2006100201  -9997   24.5  -9997    0.0    0.0  -9996    0.0
C0G650 2006100202  -9997   24.1  -9997    0.0    0.0    0.0    0.0
C0G650 2006100203  -9997   23.8  -9997    0.0    0.0    0.0    0.0
C0G650 2006100204  -9997   24.2  -9997    0.0    0.0    0.0    0.0
C0G650 2006100205  -9997   23.5  -9997    0.0    0.0    0.0    0.0
C0G650 2006100206  -9997   23.5  -9997    0.0    0.0    0.0    0.0
C0G650 2006100207  -9997   24.5  -9997    0.0    0.0    0.0    0.0
C0G650 2006100208  -9997   26.5  -9997    0.1    0.0  -9996    0.5
C0G650 2006100209  -9997   28.3  -9997    1.1   40.0    0.0    1.0
C0G650 2006100210  -9997   29.1  -9997    1.9   50.0    0.0    1.0
C0G650 2006100211  -9997   30.7  -9997    0.8   10.0    0.0    1.0
C0G650 2006100212  -9997   31.5  -9997    1.0  360.0    0.0    0.6
C0G650 2006100213  -9997  -9997  -9997    0.2    0.0    0.0   -9.6
C0G650 2006100214  -9997   32.3  -9997    0.7  -9997    0.0    1.8
C0G650 2006100215  -9997  -9997  -9997  -9997  -9997    0.0   -9.6
C0G650 2006100216  -9997  -9997  -9997  -9997  -9997  -9996   -9.6
C0G650 2006100217  -9997   29.5  -9997    0.1    0.0    0.0    2.6
C0G650 2006100218  -9997   28.5  -9997    0.1    0.0    0.0    0.0
C0G650 2006100219  -9997   27.6  -9997    0.0    0.0    0.0    0.0
C0G650 2006100220  -9997   26.6  -9997    0.0    0.0    0.0    0.0
C0G650 2006100221  -9997   26.5  -9997    0.0    0.0  -9996    0.0
C0G650 2006100222  -9997   25.9  -9997    0.1    0.0  -9996    0.0
C0G650 2006100223  -9997   25.5  -9997    0.0    0.0    0.0    0.0
C0G650 2006100224  -9997   25.0  -9997    0.1    0.0    0.0    0.0
C0G650 2006100301  -9997   24.9  -9997    0.1    0.0    0.0    0.0
C0G650 2006100302  -9997   24.8  -9997    0.0    0.0    0.0    0.0
C0G650 2006100303  -9997   24.1  -9997    0.0    0.0    0.0    0.0
C0G650 2006100304  -9997   24.4  -9997    0.0    0.0    0.0    0.0
C0G650 2006100305  -9997   24.4  -9997    0.0    0.0    0.0    0.0
C0G650 2006100306  -9997   23.9  -9997    0.0    0.0    0.0    0.0
C0G650 2006100307  -9997   25.6  -9997    0.0    0.0    0.0    0.0
C0G650 2006100308  -9997   26.6  -9997    0.4   70.0    0.0    0.1
C0G650 2006100309  -9997   29.3  -9997    0.0    0.0    0.0    0.9
C0G650 2006100310  -9997   30.0  -9997    0.2    0.0    0.0    1.0
C0G650 2006100311  -9997   31.7  -9997    0.2    0.0  -9996    1.0
C0G650 2006100312  -9997  -9997  -9997    0.5   20.0    0.0    1.0
C0G650 2006100313  -9997   31.8  -9997    0.6   10.0    0.0    1.0
C0G650 2006100314  -9997   31.7  -9997    1.5   30.0    0.0    1.0
C0G650 2006100315  -9997  -9997  -9997  -9997  -9997    0.0   -9.6
C0G650 2006100316  -9997   29.9  -9997    1.8  -9997    0.0   -9.6
C0G650 2006100317  -9997  -9997  -9997  -9997  -9997  -9996   -9.6
C0G650 2006100318  -9997   27.8  -9997    1.0   30.0    0.0    2.8
C0G650 2006100319  -9997   27.0  -9997    1.0   30.0    0.0    0.0
C0G650 2006100320  -9997   26.5  -9997    0.1    0.0    0.0    0.0
C0G650 2006100321  -9997   25.9  -9997    0.2    0.0    0.0    0.0
C0G650 2006100322  -9997   24.5  -9997    0.0    0.0    0.0    0.0
C0G650 2006100323  -9997   24.2  -9997    0.0    0.0    0.0    0.0
C0G650 2006100324  -9997   24.8  -9997    0.3   20.0    0.0    0.0
C0G650 2006100401  -9997   24.2  -9997    0.0    0.0    0.0    0.0
C0G650 2006100402  -9997   24.1  -9997    0.0    0.0    0.0    0.0
C0G650 2006100403  -9997   24.3  -9997    0.0    0.0    0.0    0.0
C0G650 2006100404  -9997   24.0  -9997    0.0    0.0    0.0    0.0
C0G650 2006100405  -9997   23.4  -9997    0.1    0.0  -9996    0.0
C0G650 2006100406  -9997   22.6  -9997    0.0    0.0    0.0    0.0
C0G650 2006100407  -9997   23.7  -9997    0.0    0.0    0.0    0.0
C0G650 2006100408  -9997   25.6  -9997    0.2    0.0    0.0    0.3
C0G650 2006100409  -9997   27.3  -9997    0.6   40.0    0.0    1.0
C0G650 2006100410  -9997   27.9  -9997    1.5   50.0  -9996    1.0
C0G650 2006100411  -9997   29.2  -9997    1.7   30.0    0.0    1.0
C0G650 2006100412  -9997   30.3  -9997    3.0   20.0    0.0    1.0
C0G650 2006100413  -9997   30.2  -9997    2.7   20.0    0.0    1.0
C0G650 2006100414  -9997   29.1  -9997    3.9   20.0    0.0    0.7
C0G650 2006100415  -9997   28.5  -9997    3.0   30.0    0.0    1.0
C0G650 2006100416  -9997   27.7  -9997    2.1   20.0    0.0    0.6
C0G650 2006100417  -9997   26.7  -9997    2.6   20.0    0.0    0.5
C0G650 2006100418  -9997   25.5  -9997    2.4   20.0    0.0    0.1
C0G650 2006100419  -9997   24.8  -9997    0.6   20.0  -9996    0.0
C0G650 2006100420  -9997   24.2  -9997    1.4   10.0    0.0    0.0
C0G650 2006100421  -9997   23.5  -9997    0.7   40.0    0.0    0.0
C0G650 2006100422  -9997   23.3  -9997    0.1    0.0  -9996    0.0
C0G650 2006100423  -9997   22.9  -9997    0.2    0.0    0.0    0.0
C0G650 2006100424  -9997   21.2  -9997    0.0    0.0    0.0    0.0
C0G650 2006100501  -9997  -9997  -9997  -9997    0.0  -9996    0.0
C0G650 2006100502  -9997   20.5  -9997    0.0    0.0    0.0    0.0
C0G650 2006100503  -9997   20.7  -9997    0.0    0.0    0.0    0.0
C0G650 2006100504  -9997   20.0  -9997    0.0    0.0    0.0    0.0
C0G650 2006100505  -9997   20.1  -9997    0.0    0.0    0.0    0.0
C0G650 2006100506  -9997   19.4  -9997    0.0    0.0    0.0    0.0
C0G650 2006100507  -9997   21.6  -9997    0.0    0.0    0.0    0.0
C0G650 2006100508  -9997   24.3  -9997    1.1   60.0    0.0    0.7
C0G650 2006100509  -9997   26.6  -9997    1.3   40.0    0.0    1.0
C0G650 2006100510  -9997   27.4  -9997    2.1   20.0    0.0    1.0
C0G650 2006100511  -9997   27.9  -9997    3.2   20.0    0.0    1.0
C0G650 2006100512  -9997   28.7  -9997    2.3   30.0    0.0    1.0
C0G650 2006100513  -9997  -9997  -9997  -9997  -9997  -9996   -9.6
C0G650 2006100514  -9997  -9997  -9997  -9997  -9997    0.0   -9.6
C0G650 2006100515  -9997  -9997  -9997  -9997  -9997    0.0   -9.6
C0G650 2006100516  -9997   27.3  -9997    2.7   30.0    0.0   -9.6
C0G650 2006100517  -9997   26.0  -9997    2.1   20.0    0.0    4.5
C0G650 2006100518  -9997   24.9  -9997    1.9   30.0    0.0    0.0
C0G650 2006100519  -9997   24.2  -9997    1.7   20.0    0.0    0.0
C0G650 2006100520  -9997   23.6  -9997    0.0    0.0    0.0    0.0
C0G650 2006100521  -9997   22.8  -9997    0.0    0.0    0.0    0.0
C0G650 2006100522  -9997   21.6  -9997    0.0    0.0  -9996    0.0
C0G650 2006100523  -9997   21.2  -9997    0.0    0.0    0.0    0.0
C0G650 2006100524  -9997   22.4  -9997    0.0    0.0    0.0    0.0
C0G650 2006100601  -9997   20.9  -9997    0.1    0.0    0.0    0.0
C0G650 2006100602  -9997   20.9  -9997    0.0    0.0    0.0    0.0
C0G650 2006100603  -9997   21.5  -9997    0.0    0.0    0.0    0.0
C0G650 2006100604  -9997   21.5  -9997    0.0    0.0  -9996    0.0
C0G650 2006100605  -9997   20.6  -9997    0.0    0.0    0.0    0.0
C0G650 2006100606  -9997   20.7  -9997    0.0    0.0    0.0    0.0
C0G650 2006100607  -9997   22.6  -9997    0.0    0.0    0.0    0.0
C0G650 2006100608  -9997   24.0  -9997    0.1    0.0    0.0    0.5
C0G650 2006100609  -9997   25.8  -9997    0.8   50.0    0.0    1.0
C0G650 2006100610  -9997   26.9  -9997    1.5   60.0    0.0    1.0
C0G650 2006100611  -9997   28.5  -9997    1.4   50.0    0.0    1.0
C0G650 2006100612  -9997   29.5  -9997    1.8   10.0    0.0    1.0
C0G650 2006100613  -9997   30.0  -9997    0.9   20.0    0.0    1.0
C0G650 2006100614  -9997   30.4  -9997    1.3   20.0    0.0    0.7
C0G650 2006100615  -9997   29.8  -9997    0.7   10.0    0.0    1.0
C0G650 2006100616  -9997   28.7  -9997    1.8   30.0    0.0    1.0
C0G650 2006100617  -9997   27.6  -9997    1.5   20.0    0.0    0.6
C0G650 2006100618  -9997   26.1  -9997    0.5   30.0    0.0    0.0
C0G650 2006100619  -9997   25.4  -9997    1.8   40.0    0.0    0.0
C0G650 2006100620  -9997   24.3  -9997    0.4   20.0  -9996    0.0
C0G650 2006100621  -9997   21.8  -9997    0.0    0.0    0.0    0.0
C0G650 2006100622  -9997   20.8  -9997    0.0    0.0    0.0    0.0
C0G650 2006100623  -9997   21.4  -9997    0.0    0.0    0.0    0.0
C0G650 2006100624  -9997   20.4  -9997    0.0    0.0    0.0    0.0
C0G650 2006100701  -9997   20.2  -9997    0.1    0.0    0.0    0.0
C0G650 2006100702  -9997   20.3  -9997    0.0    0.0    0.0    0.0
C0G650 2006100703  -9997   19.6  -9997    0.0    0.0    0.0    0.0
C0G650 2006100704  -9997   19.2  -9997    0.0    0.0    0.0    0.0
C0G650 2006100705  -9997   19.5  -9997    0.0    0.0    0.0    0.0
C0G650 2006100706  -9997   20.0  -9997  -9997    0.0    0.0    0.0
C0G650 2006100707  -9997   21.7  -9997    0.0    0.0    0.0    0.0
C0G650 2006100708  -9997   23.7  -9997    0.0    0.0    0.0    0.2
C0G650 2006100709  -9997   25.9  -9997    1.0   40.0    0.0    1.0
C0G650 2006100710  -9997   27.4  -9997    0.5   30.0    0.0    1.0
C0G650 2006100711  -9997   28.8  -9997    0.9   30.0    0.0    1.0
C0G650 2006100712  -9997   29.5  -9997    0.6   50.0    0.0    1.0
C0G650 2006100713  -9997   30.0  -9997    0.5  360.0    0.0    1.0
C0G650 2006100714  -9997   29.2  -9997    1.4   30.0    0.0    0.7
C0G650 2006100715  -9997   28.7  -9997    0.6   10.0    0.0    1.0
C0G650 2006100716  -9997   27.8  -9997    1.8   30.0    0.0    1.0
C0G650 2006100717  -9997   26.9  -9997    0.7   30.0    0.0    0.8
C0G650 2006100718  -9997   25.6  -9997    0.2    0.0    0.0    0.0
C0G650 2006100719  -9997   25.0  -9997    0.5   30.0    0.0    0.0
C0G650 2006100720  -9997   23.5  -9997    0.0    0.0    0.0    0.0
C0G650 2006100721  -9997   22.5  -9997    0.0    0.0    0.0    0.0
C0G650 2006100722  -9997   22.0  -9997    0.0    0.0  -9996    0.0
C0G650 2006100723  -9997   21.5  -9997    0.0    0.0    0.0    0.0
C0G650 2006100724  -9997   21.0  -9997    0.0    0.0    0.0    0.0
C0G650 2006100801  -9997   20.8  -9997    0.0    0.0    0.0    0.0
C0G650 2006100802  -9997   20.5  -9997    0.0    0.0    0.0    0.0
C0G650 2006100803  -9997   20.6  -9997    0.0    0.0    0.0    0.0
C0G650 2006100804  -9997   20.3  -9997    0.0    0.0    0.0    0.0
C0G650 2006100805  -9997   20.2  -9997    0.0    0.0  -9996    0.0
C0G650 2006100806  -9997   20.7  -9997    0.0    0.0    0.0    0.0
C0G650 2006100807  -9997   21.6  -9997    0.0    0.0    0.0    0.0
C0G650 2006100808  -9997   24.5  -9997    0.0    0.0    0.0    0.3
C0G650 2006100809  -9997   26.1  -9997    0.1    0.0    0.0    1.0
C0G650 2006100810  -9997   27.0  -9997    0.5   70.0    0.0    1.0
C0G650 2006100811  -9997   28.9  -9997    1.2  250.0    0.0    1.0
C0G650 2006100812  -9997   29.9  -9997  -9997  -9997    0.0    1.0
C0G650 2006100813  -9997   30.7  -9997  -9997  270.0    0.0    1.0
C0G650 2006100814  -9997   30.3  -9997    0.5  330.0    0.0    1.0
C0G650 2006100815  -9997  -9997  -9997  -9997  330.0  -9996    1.0
C0G650 2006100816  -9997   28.6  -9997    1.1   20.0    0.0    1.0
C0G650 2006100817  -9997   27.6  -9997    0.7   20.0    0.0    0.7
C0G650 2006100818  -9997   25.6  -9997    0.2    0.0    0.0    0.0
C0G650 2006100819  -9997   25.1  -9997    0.0    0.0    0.0    0.0
C0G650 2006100820  -9997   24.4  -9997    0.0    0.0    0.0    0.0
C0G650 2006100821  -9997   24.1  -9997    0.0    0.0    0.0    0.0
C0G650 2006100822  -9997   22.5  -9997    0.0    0.0    0.0    0.0
C0G650 2006100823  -9997   22.1  -9997    0.3  190.0  -9996    0.0
C0G650 2006100824  -9997   21.7  -9997    0.0    0.0    0.0    0.0
C0G650 2006100901  -9997   21.6  -9997    0.0    0.0    0.0    0.0
C0G650 2006100902  -9997   21.4  -9997    0.0    0.0    0.0    0.0
C0G650 2006100903  -9997   21.8  -9997    0.0    0.0    0.0    0.0
C0G650 2006100904  -9997   21.1  -9997    0.0    0.0    0.0    0.0
C0G650 2006100905  -9997   21.2  -9997    0.0    0.0    0.0    0.0
C0G650 2006100906  -9997   20.8  -9997    0.0    0.0    0.0    0.0
C0G650 2006100907  -9997   22.5  -9997    0.0    0.0    0.0    0.0
C0G650 2006100908  -9997   24.8  -9997    0.1    0.0    0.0    0.4
C0G650 2006100909  -9997   27.1  -9997    0.3  280.0    0.0    1.0
C0G650 2006100910  -9997   29.3  -9997    0.4  180.0  -9996    1.0
C0G650 2006100911  -9997   29.8  -9997    0.7  270.0    0.0    1.0
C0G650 2006100912  -9997   30.3  -9997    1.1  240.0    0.0    0.9
C0G650 2006100913  -9997   29.6  -9997    0.2    0.0    0.0    0.9
C0G650 2006100914  -9997   30.9  -9997    0.4  260.0    0.0    0.9
C0G650 2006100915  -9997   29.7  -9997    1.3   30.0    0.0    0.9
C0G650 2006100916  -9997   28.9  -9997    0.8   30.0    0.0    1.0
C0G650 2006100917  -9997   28.0  -9997    0.4   10.0    0.0    0.1
C0G650 2006100918  -9997   26.7  -9997    0.0    0.0    0.0    0.0
C0G650 2006100919  -9997   26.3  -9997    0.0    0.0    0.0    0.0
C0G650 2006100920  -9997   25.7  -9997    0.0    0.0    0.0    0.0
C0G650 2006100921  -9997   25.1  -9997    0.1    0.0    0.0    0.0
C0G650 2006100922  -9997   24.8  -9997    0.0    0.0    0.0    0.0
C0G650 2006100923  -9997   24.8  -9997    0.0    0.0    0.0    0.0
C0G650 2006100924  -9997   24.9  -9997    0.0    0.0    0.0    0.0
C0G650 2006101001  -9997   24.9  -9997    0.0    0.0    0.0    0.0
C0G650 2006101002  -9997   24.8  -9997    0.0    0.0  -9996    0.0
C0G650 2006101003  -9997   24.7  -9997    0.0    0.0  -9996    0.0
C0G650 2006101004  -9997   24.2  -9997    0.0    0.0    0.0    0.0
C0G650 2006101005  -9997   24.1  -9997    0.0    0.0    0.0    0.0
C0G650 2006101006  -9997   23.2  -9997    0.0    0.0    0.0    0.0
C0G650 2006101007  -9997   23.9  -9997    0.0    0.0  -9996    0.0
C0G650 2006101008  -9997   26.2  -9997    0.0    0.0    0.0    0.5
C0G650 2006101009  -9997   28.4  -9997    0.4  210.0    0.0    1.0
C0G650 2006101010  -9997   30.2  -9997    0.4  200.0    0.0    1.0
C0G650 2006101011  -9997   30.5  -9997    0.6  250.0    0.0    1.0
C0G650 2006101012  -9997   30.8  -9997    0.5  260.0    0.0    1.0
C0G650 2006101013  -9997   29.8  -9997    0.4  360.0    0.0    0.3
C0G650 2006101014  -9997   30.0  -9997    0.2    0.0    0.0    0.6
C0G650 2006101015  -9997   30.2  -9997    1.1  270.0    0.0    1.0
C0G650 2006101016  -9997   28.9  -9997    0.2    0.0    0.0    0.9
C0G650 2006101017  -9997   28.2  -9997    0.2    0.0    0.0    0.0
C0G650 2006101018  -9997   27.2  -9997    0.1    0.0    0.0    0.0
C0G650 2006101019  -9997   26.2  -9997    0.0    0.0    0.0    0.0
C0G650 2006101020  -9997   25.1  -9997    0.0    0.0    0.0    0.0
C0G650 2006101021  -9997   24.6  -9997    0.0    0.0    0.0    0.0
C0G650 2006101022  -9997   24.1  -9997    0.0    0.0  -9996    0.0
C0G650 2006101023  -9997   23.8  -9997    0.0    0.0    0.0    0.0
C0G650 2006101024  -9997   23.7  -9997    0.0    0.0  -9996    0.0
C0G650 2006101101  -9997   23.7  -9997    0.0    0.0  -9996    0.0
C0G650 2006101102  -9997   23.1  -9997    0.0    0.0    0.0    0.0
C0G650 2006101103  -9997   22.5  -9997    0.0    0.0    0.0    0.0
C0G650 2006101104  -9997   22.4  -9997    0.0    0.0    0.0    0.0
C0G650 2006101105  -9997   22.3  -9997    0.0    0.0    0.0    0.0
C0G650 2006101106  -9997   22.1  -9997    0.0    0.0  -9996    0.0
C0G650 2006101107  -9997   23.0  -9997    0.0    0.0    0.0    0.0
C0G650 2006101108  -9997   26.1  -9997    0.0    0.0    0.0    0.5
C0G650 2006101109  -9997   28.1  -9997    0.1    0.0    0.0    1.0
C0G650 2006101110  -9997   29.5  -9997    0.1    0.0    0.0    1.0
C0G650 2006101111  -9997   29.8  -9997    0.0    0.0    0.0    0.9
C0G650 2006101112  -9997   30.4  -9997    0.4  360.0    0.0    0.9
C0G650 2006101113  -9997   31.6  -9997    0.6  260.0    0.0    0.7
C0G650 2006101114  -9997   30.6  -9997  -9997   10.0    0.0    1.0
C0G650 2006101115  -9997   29.5  -9997    1.2   30.0    0.0    0.9
C0G650 2006101116  -9997   29.2  -9997    2.5   20.0    0.0   -9.6
C0G650 2006101117  -9997   28.2  -9997    1.5   20.0    0.0    1.0
C0G650 2006101118  -9997   26.7  -9997    0.1    0.0    0.0    0.0
C0G650 2006101119  -9997   26.5  -9997    0.1    0.0    0.0    0.0
C0G650 2006101120  -9997   26.1  -9997    0.0    0.0    0.0    0.0
C0G650 2006101121  -9997   24.5  -9997    0.0    0.0    0.0    0.0
C0G650 2006101122  -9997   24.0  -9997    0.0    0.0    0.0    0.0
C0G650 2006101123  -9997   23.9  -9997  -9997    0.0    0.0    0.0
C0G650 2006101124  -9997   23.8  -9997    0.0    0.0    0.0    0.0
C0G650 2006101201  -9997   23.4  -9997    0.0    0.0    0.0    0.0
C0G650 2006101202  -9997   23.2  -9997    0.0    0.0    0.0    0.0
C0G650 2006101203  -9997   22.8  -9997    0.0    0.0    0.0    0.0
C0G650 2006101204  -9997   22.8  -9997    0.0    0.0  -9996    0.0
C0G650 2006101205  -9997   22.7  -9997    0.0    0.0    0.0    0.0
C0G650 2006101206  -9997   22.4  -9997    0.0    0.0    0.0    0.0
C0G650 2006101207  -9997   24.2  -9997    0.0    0.0  -9996    0.0
C0G650 2006101208  -9997   26.3  -9997    0.3  170.0    0.0    0.4
C0G650 2006101209  -9997   28.4  -9997    1.3  -9997    0.0    1.0
C0G650 2006101210  -9997   30.2  -9997    0.0    0.0    0.0    1.0
C0G650 2006101211  -9997   29.7  -9997    0.6   30.0    0.0    1.0
C0G650 2006101212  -9997   30.7  -9997    0.1    0.0    0.0    1.0
C0G650 2006101213  -9997   30.9  -9997    0.9  360.0    0.0    1.0
C0G650 2006101214  -9997  -9997  -9997  -9997    0.0    0.0   -9.6
C0G650 2006101215  -9997   31.4  -9997    0.1  -9997    0.0    2.0
C0G650 2006101216  -9997   30.6  -9997    0.2    0.0    0.0    1.0
C0G650 2006101217  -9997   29.2  -9997    0.0    0.0    0.0    0.5
C0G650 2006101218  -9997   27.8  -9997    0.0    0.0  -9996    0.0
C0G650 2006101219  -9997   27.3  -9997    0.0    0.0    0.0    0.0
C0G650 2006101220  -9997   26.8  -9997    0.0    0.0    0.0    0.0
C0G650 2006101221  -9997   26.8  -9997    0.0    0.0    0.0    0.0
C0G650 2006101222  -9997   26.0  -9997    0.3   60.0    0.0    0.0
C0G650 2006101223  -9997   25.8  -9997    0.0    0.0    0.0    0.0
C0G650 2006101224  -9997   25.5  -9997    0.0    0.0  -9996    0.0
C0G650 2006101301  -9997   25.4  -9997    0.0    0.0    0.0    0.0
C0G650 2006101302  -9997   24.4  -9997    0.0    0.0  -9996    0.0
C0G650 2006101303  -9997   23.9  -9997    0.0    0.0  -9996    0.0
C0G650 2006101304  -9997   24.1  -9997    0.0    0.0    0.0    0.0
C0G650 2006101305  -9997   23.3  -9997    0.0    0.0  -9996    0.0
C0G650 2006101306  -9997   23.4  -9997    0.0    0.0    0.0    0.0
C0G650 2006101307  -9997   23.9  -9997    0.0    0.0    0.0    0.0
C0G650 2006101308  -9997   25.7  -9997    0.1    0.0    0.0    0.5
C0G650 2006101309  -9997   27.7  -9997    0.8  220.0    0.0    1.0
C0G650 2006101310  -9997   28.9  -9997    1.1  240.0    0.0    1.0
C0G650 2006101311  -9997   30.0  -9997    1.4  280.0    0.0    1.0
C0G650 2006101312  -9997   29.6  -9997    0.3  270.0    0.0    0.1
C0G650 2006101313  -9997   29.4  -9997    0.8   10.0    0.0    0.0
C0G650 2006101314  -9997   30.1  -9997    0.0    0.0    0.0    0.5
C0G650 2006101315  -9997   30.1  -9997    0.1    0.0  -9996    1.0
C0G650 2006101316  -9997   29.0  -9997    0.3   30.0    0.0    0.9
C0G650 2006101317  -9997   27.6  -9997    0.1    0.0    0.0    0.0
C0G650 2006101318  -9997   26.6  -9997    0.1    0.0    0.0    0.0
C0G650 2006101319  -9997   26.3  -9997    0.5   30.0    0.0    0.0
C0G650 2006101320  -9997   25.6  -9997    0.0    0.0    0.0    0.0
C0G650 2006101321  -9997   24.7  -9997    0.1    0.0  -9996    0.0
C0G650 2006101322  -9997   24.3  -9997    0.0    0.0    0.0    0.0
C0G650 2006101323  -9997   24.2  -9997    0.0    0.0  -9996    0.0
C0G650 2006101324  -9997   23.0  -9997    0.1    0.0    0.0    0.0
C0G650 2006101401  -9997   22.8  -9997    0.0    0.0    0.0    0.0
C0G650 2006101402  -9997   22.5  -9997    0.0    0.0    0.0    0.0
C0G650 2006101403  -9997   22.2  -9997    0.0    0.0    0.0    0.0
C0G650 2006101404  -9997   22.1  -9997    0.0    0.0    0.0    0.0
C0G650 2006101405  -9997   22.8  -9997    0.0    0.0    0.0    0.0
C0G650 2006101406  -9997   22.8  -9997    0.0    0.0    0.0    0.0
C0G650 2006101407  -9997  -9997  -9997    0.0    0.0    0.0    0.0
C0G650 2006101408  -9997   25.3  -9997    0.1    0.0  -9996    0.1
C0G650 2006101409  -9997   26.8  -9997    0.1    0.0    0.0    1.0
C0G650 2006101410  -9997   28.6  -9997    0.0    0.0    0.0    1.0
C0G650 2006101411  -9997   29.3  -9997    0.7   80.0    0.0    1.0
C0G650 2006101412  -9997   29.8  -9997    1.4   20.0    0.0    0.7
C0G650 2006101413  -9997   30.5  -9997    0.4   30.0    0.0   -9.6
C0G650 2006101414  -9997   30.0  -9997    0.8  360.0    0.0    1.9
C0G650 2006101415  -9997   30.2  -9997    0.5  330.0    0.0    1.0
C0G650 2006101416  -9997   29.0  -9997    0.3  350.0    0.0    1.0
C0G650 2006101417  -9997   27.6  -9997    0.6   30.0    0.0    0.3
C0G650 2006101418  -9997   26.3  -9997    0.1    0.0    0.0    0.0
C0G650 2006101419  -9997   25.8  -9997    0.0    0.0    0.0    0.0
C0G650 2006101420  -9997   25.1  -9997    0.0    0.0  -9996    0.0
C0G650 2006101421  -9997   23.5  -9997    0.0    0.0    0.0    0.0
C0G650 2006101422  -9997   23.4  -9997    0.0    0.0    0.0    0.0
C0G650 2006101423  -9997   23.0  -9997    0.0    0.0    0.0    0.0
C0G650 2006101424  -9997   22.5  -9997    0.0    0.0    0.0    0.0
C0G650 2006101501  -9997   22.6  -9997    0.0    0.0    0.0    0.0
C0G650 2006101502  -9997   22.1  -9997    0.0    0.0    0.0    0.0
C0G650 2006101503  -9997   22.7  -9997    0.0    0.0    0.0    0.0
C0G650 2006101504  -9997   22.2  -9997    0.0    0.0    0.0    0.0
C0G650 2006101505  -9997   22.5  -9997    0.1    0.0    0.0    0.0
C0G650 2006101506  -9997   21.8  -9997    0.0    0.0    0.0    0.0
C0G650 2006101507  -9997   22.5  -9997    0.0    0.0    0.0    0.0
C0G650 2006101508  -9997   24.8  -9997    0.1    0.0    0.0    0.0
C0G650 2006101509  -9997   26.4  -9997    0.7   50.0    0.0    1.0
C0G650 2006101510  -9997   27.8  -9997    0.4   40.0    0.0    1.0
C0G650 2006101511  -9997   29.1  -9997    0.4  310.0    0.0    0.9
C0G650 2006101512  -9997  -9997  -9997    0.0    0.0    0.0    0.3
C0G650 2006101513  -9997   30.6  -9997    0.1    0.0  -9996    0.6
C0G650 2006101514  -9997   30.0  -9997    0.3  360.0    0.0    0.2
C0G650 2006101515  -9997   29.3  -9997    1.9   20.0    0.0    1.0
C0G650 2006101516  -9997   28.8  -9997    1.3   20.0    0.0    1.0
C0G650 2006101517  -9997   27.6  -9997    0.0    0.0    0.0    0.1
C0G650 2006101518  -9997   26.6  -9997    0.2    0.0    0.0    0.0
C0G650 2006101519  -9997   25.9  -9997    0.0    0.0  -9996    0.0
C0G650 2006101520  -9997   24.4  -9997    0.0    0.0    0.0    0.0
C0G650 2006101521  -9997   23.6  -9997    0.0    0.0    0.0    0.0
C0G650 2006101522  -9997   23.0  -9997    0.0    0.0    0.0    0.0
C0G650 2006101523  -9997   22.6  -9997    0.0    0.0  -9996    0.0
C0G650 2006101524  -9997   22.4  -9997    0.0    0.0    0.0    0.0
C0G650 2006101601  -9997   22.5  -9997    0.0    0.0    0.0    0.0
C0G650 2006101602  -9997  -9997  -9997    0.0    0.0    0.0    0.0
C0G650 2006101603  -9997   21.7  -9997    0.0    0.0    0.0    0.0
C0G650 2006101604  -9997   21.6  -9997    0.0    0.0    0.0    0.0
C0G650 2006101605  -9997   21.5  -9997    0.0    0.0    0.0    0.0
C0G650 2006101606  -9997   21.6  -9997    0.0    0.0  -9996    0.0
C0G650 2006101607  -9997   22.8  -9997    0.0    0.0    0.0    0.0
C0G650 2006101608  -9997   25.4  -9997    0.5   60.0    0.0    0.4
C0G650 2006101609  -9997   27.6  -9997    0.1    0.0    0.0    1.0
C0G650 2006101610  -9997   28.8  -9997    0.0    0.0    0.0    1.0
C0G650 2006101611  -9997   29.1  -9997    1.3   80.0    0.0    1.0
C0G650 2006101612  -9997   29.9  -9997    0.0    0.0    0.0    1.0
C0G650 2006101613  -9997   31.0  -9997    1.0  280.0    0.0    0.5
C0G650 2006101614  -9997   30.0  -9997    0.9   20.0    0.0    0.5
C0G650 2006101615  -9997   30.1  -9997    0.7   10.0    0.0    1.0
C0G650 2006101616  -9997   29.5  -9997    1.5   20.0    0.0    1.0
C0G650 2006101617  -9997   28.5  -9997    0.2    0.0    0.0    0.2
C0G650 2006101618  -9997   27.0  -9997    0.1    0.0  -9996    0.0
C0G650 2006101619  -9997   25.8  -9997    0.0    0.0    0.0    0.0
C0G650 2006101620  -9997   24.5  -9997    0.0    0.0    0.0    0.0
C0G650 2006101621  -9997   23.9  -9997    0.0    0.0    0.0    0.0
C0G650 2006101622  -9997   23.4  -9997    0.0    0.0    0.0    0.0
C0G650 2006101623  -9997   23.3  -9997    0.0    0.0    0.0    0.0
C0G650 2006101624  -9997   23.1  -9997    0.0    0.0    0.0    0.0
C0G650 2006101701  -9997   23.5  -9997    0.0    0.0    0.0    0.0
C0G650 2006101702  -9997  -9997  -9997    0.0    0.0    0.0    0.0
C0G650 2006101703  -9997   24.2  -9997    0.0    0.0    0.0    0.0
C0G650 2006101704  -9997   24.2  -9997    0.0    0.0  -9996    0.0
C0G650 2006101705  -9997   23.5  -9997    0.0    0.0    0.0    0.0
C0G650 2006101706  -9997   22.7  -9997    0.0    0.0    0.0    0.0
C0G650 2006101707  -9997   23.7  -9997    0.0    0.0    0.0    0.0
C0G650 2006101708  -9997   25.9  -9997    0.0    0.0    0.0    0.0
C0G650 2006101709  -9997   28.3  -9997    0.0    0.0    0.0    0.8
C0G650 2006101710  -9997   29.9  -9997    0.2    0.0    0.0    1.0
C0G650 2006101711  -9997   30.5  -9997    1.5  200.0    0.0    1.0
C0G650 2006101712  -9997   30.5  -9997    0.5  250.0  -9996    1.0
C0G650 2006101713  -9997   31.5  -9997    0.9  210.0    0.0   -9.6
C0G650 2006101714  -9997   31.4  -9997    0.4  250.0    0.0    1.6
C0G650 2006101715  -9997   31.0  -9997    0.5  280.0    0.0    0.9
C0G650 2006101716  -9997   29.4  -9997    0.7  270.0    0.0    0.9
C0G650 2006101717  -9997   27.8  -9997    0.1    0.0    0.0    0.0
C0G650 2006101718  -9997   26.7  -9997    0.0    0.0    0.0    0.0
C0G650 2006101719  -9997   25.9  -9997    0.0    0.0    0.0    0.0
C0G650 2006101720  -9997   25.5  -9997    0.0    0.0    0.0    0.0
C0G650 2006101721  -9997  -9997  -9997    0.0    0.0    0.0    0.0
C0G650 2006101722  -9997   25.0  -9997    0.0    0.0  -9996    0.0
C0G650 2006101723  -9997   24.5  -9997    0.0    0.0  -9996    0.0
C0G650 2006101724  -9997   23.9  -9997    0.0    0.0    0.0    0.0
C0G650 2006101801  -9997   23.5  -9997    0.0    0.0    0.0    0.0
C0G650 2006101802  -9997   22.9  -9997    0.0    0.0    0.0    0.0
C0G650 2006101803  -9997   22.7  -9997    0.0    0.0    0.0    0.0
C0G650 2006101804  -9997   22.7  -9997    0.0    0.0  -9996    0.0
C0G650 2006101805  -9997  -9997  -9997  -9997    0.0    0.0    0.0
C0G650 2006101806  -9997   22.4  -9997    0.0    0.0    0.0    0.0
C0G650 2006101807  -9997   23.6  -9997    0.0    0.0    0.0    0.0
C0G650 2006101808  -9997   25.9  -9997    0.0    0.0    0.0    0.0
C0G650 2006101809  -9997   27.9  -9997    0.1    0.0    0.0    1.0
C0G650 2006101810  -9997   28.8  -9997    0.7  240.0    0.0    1.0
C0G650 2006101811  -9997   30.0  -9997    0.5  220.0    0.0    1.0
C0G650 2006101812  -9997   30.4  -9997    1.3  250.0    0.0    1.0
C0G650 2006101813  -9997   31.4  -9997    0.5  260.0    0.0    1.0
C0G650 2006101814  -9997   30.6  -9997    0.8  280.0    0.0    0.7
C0G650 2006101815  -9997   29.0  -9997    0.7   20.0    0.0    0.4
C0G650 2006101816  -9997   28.5  -9997    1.2   40.0    0.0    0.4
C0G650 2006101817  -9997   27.6  -9997    0.4   40.0    0.0    0.0
C0G650 2006101818  -9997   26.3  -9997    0.0    0.0    0.0    0.0
C0G650 2006101819  -9997   25.5  -9997    0.0    0.0    0.0    0.0
C0G650 2006101820  -9997   24.2  -9997    0.2    0.0    0.0    0.0
C0G650 2006101821  -9997   23.9  -9997    0.0    0.0    0.0    0.0
C0G650 2006101822  -9997   23.5  -9997    0.0    0.0    0.0    0.0
C0G650 2006101823  -9997   23.1  -9997    0.0    0.0    0.0    0.0
C0G650 2006101824  -9997   22.6  -9997    0.0    0.0    0.0    0.0
C0G650 2006101901  -9997   22.7  -9997    0.0    0.0    0.0    0.0
C0G650 2006101902  -9997   22.4  -9997    0.0    0.0    0.0    0.0
C0G650 2006101903  -9997   21.6  -9997    0.0    0.0  -9996    0.0
C0G650 2006101904  -9997   21.4  -9997    0.0    0.0    0.0    0.0
C0G650 2006101905  -9997   21.7  -9997    0.0    0.0    0.0    0.0
C0G650 2006101906  -9997   22.0  -9997    0.0    0.0    0.0    0.0
C0G650 2006101907  -9997   23.0  -9997    0.0    0.0    0.0    0.0
C0G650 2006101908  -9997   26.4  -9997    0.0    0.0  -9996    0.5
C0G650 2006101909  -9997   27.7  -9997    1.6  190.0    0.0    1.0
C0G650 2006101910  -9997   28.7  -9997    1.6  210.0    0.0    1.0
C0G650 2006101911  -9997   29.6  -9997    1.1  220.0    0.0    1.0
C0G650 2006101912  -9997   31.0  -9997    1.1  200.0    0.0    1.0
C0G650 2006101913  -9997   31.5  -9997    0.7  250.0    0.0    0.9
C0G650 2006101914  -9997   30.5  -9997    0.8  250.0    0.0    0.8
C0G650 2006101915  -9997   30.8  -9997    1.2  240.0    0.0    0.9
C0G650 2006101916  -9997   29.4  -9997    0.2    0.0    0.0    0.2
C0G650 2006101917  -9997   28.4  -9997    0.7   30.0    0.0    0.0
C0G650 2006101918  -9997   27.2  -9997    0.2    0.0    0.0    0.0
C0G650 2006101919  -9997   26.3  -9997    0.0    0.0    0.0    0.0
C0G650 2006101920  -9997   25.5  -9997    0.0    0.0    0.0    0.0
C0G650 2006101921  -9997   24.9  -9997    0.0    0.0  -9996    0.0
C0G650 2006101922  -9997   23.7  -9997    0.0    0.0  -9996    0.0
C0G650 2006101923  -9997   23.3  -9997    0.0    0.0    0.0    0.0
C0G650 2006101924  -9997   22.9  -9997    0.0    0.0    0.0    0.0
C0G650 2006102001  -9997   22.4  -9997    0.0    0.0    0.0    0.0
C0G650 2006102002  -9997   21.8  -9997    0.0    0.0    0.0    0.0
C0G650 2006102003  -9997   21.8  -9997    0.0    0.0    0.0    0.0
C0G650 2006102004  -9997   21.7  -9997    0.0    0.0    0.0    0.0
C0G650 2006102005  -9997   21.4  -9997    0.0    0.0    0.0    0.0
C0G650 2006102006  -9997   20.9  -9997    0.0    0.0    0.0    0.0
C0G650 2006102007  -9997   22.0  -9997    0.0    0.0  -9996    0.0
C0G650 2006102008  -9997   25.9  -9997    0.0    0.0  -9996    0.5
C0G650 2006102009  -9997   27.5  -9997    0.4  210.0    0.0    1.0
C0G650 2006102010  -9997   29.1  -9997    0.7  250.0    0.0    1.0
C0G650 2006102011  -9997   29.5  -9997    0.3  260.0    0.0    0.9
C0G650 2006102012  -9997   30.9  -9997    0.0    0.0    0.0    0.7
C0G650 2006102013  -9997   30.5  -9997    0.3  280.0    0.0    0.8
C0G650 2006102014  -9997  -9997  -9997  -9997  -9997    0.0   -9.6
C0G650 2006102015  -9997   29.7  -9997    0.5   10.0    0.0    1.8
C0G650 2006102016  -9997   28.7  -9997    0.6   20.0    0.0    0.8
C0G650 2006102017  -9997   27.7  -9997    0.5   30.0    0.0    0.0
C0G650 2006102018  -9997   26.6  -9997    0.2    0.0    0.0    0.0
C0G650 2006102019  -9997   26.0  -9997    0.0    0.0    0.0    0.0
C0G650 2006102020  -9997   25.1  -9997    0.0    0.0    0.0    0.0
C0G650 2006102021  -9997   24.8  -9997    0.0    0.0  -9996    0.0
C0G650 2006102022  -9997   24.4  -9997    0.3   60.0  -9996    0.0
C0G650 2006102023  -9997   23.7  -9997    0.0    0.0    0.0    0.0
C0G650 2006102024  -9997   23.2  -9997    0.0    0.0    0.0    0.0
C0G650 2006102101  -9997   22.5  -9997    0.0    0.0    0.0    0.0
C0G650 2006102102  -9997   22.2  -9997    0.0    0.0    0.0    0.0
C0G650 2006102103  -9997   22.2  -9997    0.0    0.0    0.0    0.0
C0G650 2006102104  -9997   22.0  -9997    0.0    0.0    0.0    0.0
C0G650 2006102105  -9997   21.9  -9997    0.0    0.0    0.0    0.0
C0G650 2006102106  -9997   22.2  -9997  -9997    0.0    0.0    0.0
C0G650 2006102107  -9997   22.6  -9997    0.0    0.0    0.0    0.0
C0G650 2006102108  -9997   24.5  -9997    0.3   60.0    0.0    0.0
C0G650 2006102109  -9997   27.7  -9997    0.0    0.0    0.0    0.4
C0G650 2006102110  -9997   29.0  -9997    0.2    0.0    0.0    1.0
C0G650 2006102111  -9997   30.3  -9997    0.6  200.0    0.0    1.0
C0G650 2006102112  -9997   30.0  -9997    0.3  250.0    0.0    0.6
C0G650 2006102113  -9997   30.7  -9997    0.0    0.0    0.0    0.6
C0G650 2006102114  -9997   30.0  -9997    0.6   10.0    0.0    0.3
C0G650 2006102115  -9997   30.0  -9997    0.0    0.0    0.0    0.0
C0G650 2006102116  -9997   29.7  -9997    0.5   30.0    0.0    0.0
C0G650 2006102117  -9997   28.2  -9997    0.2    0.0    0.0    0.0
C0G650 2006102118  -9997   27.4  -9997    0.1    0.0    0.0    0.0
C0G650 2006102119  -9997   26.5  -9997    0.0    0.0  -9996    0.0
C0G650 2006102120  -9997   25.8  -9997    0.0    0.0  -9996    0.0
C0G650 2006102121  -9997   25.4  -9997    0.0    0.0    0.0    0.0
C0G650 2006102122  -9997   24.6  -9997    0.0    0.0    0.0    0.0
C0G650 2006102123  -9997   24.2  -9997    0.0    0.0    0.0    0.0
C0G650 2006102124  -9997   23.8  -9997    0.0    0.0    0.0    0.0
C0G650 2006102201  -9997   23.8  -9997    0.0    0.0    0.0    0.0
C0G650 2006102202  -9997   23.6  -9997    0.0    0.0  -9996    0.0
C0G650 2006102203  -9997   22.9  -9997    0.0    0.0    0.0    0.0
C0G650 2006102204  -9997   23.0  -9997    0.0    0.0    0.0    0.0
C0G650 2006102205  -9997   22.8  -9997    0.0    0.0    0.0    0.0
C0G650 2006102206  -9997   22.6  -9997    0.0    0.0    0.0    0.0
C0G650 2006102207  -9997   23.4  -9997    0.0    0.0    0.0    0.0
C0G650 2006102208  -9997   25.6  -9997  -9997    0.0  -9996    0.0
C0G650 2006102209  -9997   27.4  -9997    0.0    0.0    0.0    0.8
C0G650 2006102210  -9997   28.8  -9997    0.2    0.0    0.0    0.0
C0G650 2006102211  -9997   28.7  -9997    0.0    0.0    0.0    0.0
C0G650 2006102212  -9997   30.1  -9997    0.2    0.0    0.0    0.5
C0G650 2006102213  -9997   30.7  -9997    0.2    0.0  -9996    1.0
C0G650 2006102214  -9997   30.3  -9997    0.3  350.0    0.0    0.8
C0G650 2006102215  -9997   29.9  -9997    0.1    0.0    0.0    1.0
C0G650 2006102216  -9997   28.7  -9997  -9997  260.0    0.0    1.0
C0G650 2006102217  -9997   27.2  -9997    0.1    0.0    0.0    0.2
C0G650 2006102218  -9997   26.5  -9997    0.1    0.0    0.0    0.0
C0G650 2006102219  -9997   25.6  -9997    0.0    0.0    0.0    0.0
C0G650 2006102220  -9997   25.3  -9997    0.0    0.0    0.0    0.0
C0G650 2006102221  -9997   24.3  -9997    0.0    0.0    0.0    0.0
C0G650 2006102222  -9997   23.7  -9997    0.0    0.0    0.0    0.0
C0G650 2006102223  -9997   23.1  -9997    0.0    0.0    0.0    0.0
C0G650 2006102224  -9997   22.6  -9997    0.0    0.0    0.0    0.0
C0G650 2006102301  -9997   23.1  -9997    0.0    0.0    0.0    0.0
C0G650 2006102302  -9997   22.3  -9997    0.0    0.0    0.0    0.0
C0G650 2006102303  -9997   22.0  -9997    0.0    0.0    0.0    0.0
C0G650 2006102304  -9997   22.0  -9997    0.0    0.0    0.0    0.0
C0G650 2006102305  -9997   22.0  -9997    0.0    0.0    0.0    0.0
C0G650 2006102306  -9997   21.7  -9997    0.0    0.0    0.0    0.0
C0G650 2006102307  -9997   22.4  -9997    0.0    0.0    0.0    0.0
C0G650 2006102308  -9997   25.2  -9997    0.0    0.0    0.0    0.4
C0G650 2006102309  -9997   28.1  -9997    0.0    0.0    0.0    1.0
C0G650 2006102310  -9997   28.1  -9997    0.0    0.0    0.0    0.6
C0G650 2006102311  -9997   29.2  -9997    0.2    0.0    0.0    0.7
C0G650 2006102312  -9997   29.6  -9997    0.1    0.0    0.0    0.5
C0G650 2006102313  -9997   30.6  -9997    0.3  240.0    0.0    0.5
C0G650 2006102314  -9997   32.0  -9997    0.0    0.0    0.0    0.6
C0G650 2006102315  -9997   31.0  -9997    0.1    0.0    0.0    1.0
C0G650 2006102316  -9997   30.1  -9997    0.1    0.0    0.0    0.6
C0G650 2006102317  -9997   29.0  -9997    0.7   50.0    0.0    0.0
C0G650 2006102318  -9997   27.3  -9997    0.5   50.0    0.0    0.0
C0G650 2006102319  -9997   26.3  -9997    0.0    0.0    0.0    0.0
C0G650 2006102320  -9997   26.0  -9997    0.0    0.0    0.0    0.0
C0G650 2006102321  -9997   24.9  -9997    0.0    0.0    0.0    0.0
C0G650 2006102322  -9997   24.2  -9997    0.0    0.0    0.0    0.0
C0G650 2006102323  -9997   23.7  -9997    0.0    0.0    0.0    0.0
C0G650 2006102324  -9997   23.3  -9997  -9997    0.0    0.0    0.0
C0G650 2006102401  -9997   23.2  -9997    0.0    0.0    0.0    0.0
C0G650 2006102402  -9997   23.5  -9997  -9997    0.0    0.0    0.0
C0G650 2006102403  -9997   23.4  -9997    0.0    0.0    0.0    0.0
C0G650 2006102404  -9997   23.5  -9997    0.0    0.0    0.0    0.0
C0G650 2006102405  -9997   24.2  -9997    0.0    0.0    0.0    0.0
C0G650 2006102406  -9997   24.0  -9997    0.0    0.0    0.0    0.0
C0G650 2006102407  -9997   24.7  -9997    0.0  -9997    0.0    0.0
C0G650 2006102408  -9997   25.7  -9997    0.0    0.0    0.0    0.0
C0G650 2006102409  -9997   28.0  -9997    0.3  250.0    0.0    0.6
C0G650 2006102410  -9997   29.5  -9997    0.2    0.0    0.0    1.0
C0G650 2006102411  -9997   29.8  -9997    0.2    0.0    0.0    1.0
C0G650 2006102412  -9997   30.5  -9997    0.3   40.0    0.0    1.0
C0G650 2006102413  -9997   31.7  -9997    0.2    0.0    0.0    1.0
C0G650 2006102414  -9997   30.8  -9997    0.3  310.0    0.0    0.9
C0G650 2006102415  -9997   29.9  -9997    1.2   20.0    0.0    1.0
C0G650 2006102416  -9997   29.3  -9997    1.4   20.0    0.0    1.0
C0G650 2006102417  -9997   27.4  -9997    1.5   30.0    0.0    0.4
C0G650 2006102418  -9997   26.3  -9997    0.1    0.0    0.0    0.0
C0G650 2006102419  -9997   25.1  -9997    0.1    0.0    0.0    0.0
C0G650 2006102420  -9997   24.4  -9997    0.0    0.0    0.0    0.0
C0G650 2006102421  -9997   23.9  -9997    0.0    0.0    0.0    0.0
C0G650 2006102422  -9997   23.3  -9997    0.2    0.0    0.0    0.0
C0G650 2006102423  -9997   23.0  -9997    0.0    0.0    0.0    0.0
C0G650 2006102424  -9997   22.6  -9997    0.0    0.0    0.0    0.0
C0G650 2006102501  -9997  -9997  -9997    0.1    0.0    0.0    0.0
C0G650 2006102502  -9997   22.2  -9997    0.1    0.0  -9996    0.0
C0G650 2006102503  -9997   21.9  -9997    0.0    0.0    0.0    0.0
C0G650 2006102504  -9997   21.9  -9997    0.0    0.0    0.0    0.0
C0G650 2006102505  -9997   21.7  -9997    0.1    0.0    0.0    0.0
C0G650 2006102506  -9997   21.6  -9997    0.1    0.0    0.0    0.0
C0G650 2006102507  -9997   22.2  -9997    0.0    0.0    0.0    0.0
C0G650 2006102508  -9997   23.8  -9997    0.1    0.0    0.0    0.6
C0G650 2006102509  -9997   25.2  -9997    0.6  360.0    0.0    1.0
C0G650 2006102510  -9997   26.6  -9997    1.1   40.0    0.0    1.0
C0G650 2006102511  -9997   28.1  -9997    0.7   60.0    0.0    1.0
C0G650 2006102512  -9997   29.0  -9997    0.9   70.0    0.0    1.0
C0G650 2006102513  -9997   29.9  -9997    1.0   90.0    0.0    1.0
C0G650 2006102514  -9997   29.6  -9997    0.3   10.0    0.0    0.9
C0G650 2006102515  -9997   29.2  -9997    0.3  250.0    0.0    1.0
C0G650 2006102516  -9997   28.3  -9997    0.4  320.0    0.0    1.0
C0G650 2006102517  -9997   26.9  -9997    1.1   20.0    0.0    0.3
C0G650 2006102518  -9997   25.8  -9997    0.1    0.0    0.0    0.0
C0G650 2006102519  -9997   25.0  -9997    0.0    0.0    0.0    0.0
C0G650 2006102520  -9997   24.5  -9997    0.0    0.0    0.0    0.0
C0G650 2006102521  -9997   23.4  -9997    0.0    0.0    0.0    0.0
C0G650 2006102522  -9997   24.0  -9997    0.0    0.0    0.0    0.0
C0G650 2006102523  -9997   23.6  -9997    0.0    0.0    0.0    0.0
C0G650 2006102524  -9997  -9997  -9997    0.0    0.0    0.0    0.0
C0G650 2006102601  -9997   23.8  -9997    0.0    0.0    0.0    0.0
C0G650 2006102602  -9997   23.0  -9997    0.0    0.0  -9996    0.0
C0G650 2006102603  -9997   22.5  -9997    0.0    0.0    0.0    0.0
C0G650 2006102604  -9997   21.7  -9997    0.0    0.0    0.0    0.0
C0G650 2006102605  -9997   22.0  -9997    0.0    0.0    0.0    0.0
C0G650 2006102606  -9997   22.3  -9997    0.0    0.0    0.0    0.0
C0G650 2006102607  -9997   22.7  -9997    0.0    0.0  -9996    0.0
C0G650 2006102608  -9997   24.4  -9997    0.0    0.0    0.0    0.0
C0G650 2006102609  -9997   25.3  -9997    0.1    0.0    0.0    0.0
C0G650 2006102610  -9997   26.6  -9997    0.2    0.0    0.0    0.0
C0G650 2006102611  -9997   28.8  -9997    0.7   10.0    0.0    0.8
C0G650 2006102612  -9997   28.8  -9997    1.5   40.0    0.0   -9.6
C0G650 2006102613  -9997   29.6  -9997    0.2    0.0    0.0    1.4
C0G650 2006102614  -9997   29.9  -9997    0.4   30.0    0.0    0.4
C0G650 2006102615  -9997  -9997  -9997  -9997  -9997    0.0   -9.6
C0G650 2006102616  -9997   29.8  -9997    0.0    0.0    0.0   -9.6
C0G650 2006102617  -9997   28.0  -9997    0.5   20.0    0.0    2.1
C0G650 2006102618  -9997   26.7  -9997    0.1    0.0    0.0    0.0
C0G650 2006102619  -9997   25.8  -9997    0.2    0.0    0.0    0.0
C0G650 2006102620  -9997   25.8  -9997    0.0    0.0    0.0    0.0
C0G650 2006102621  -9997   25.5  -9997    0.0    0.0    0.0    0.0
C0G650 2006102622  -9997   24.9  -9997    0.0    0.0    0.0    0.0
C0G650 2006102623  -9997   24.4  -9997    0.0    0.0    0.0    0.0
C0G650 2006102624  -9997   24.2  -9997    0.0    0.0    0.0    0.0
C0G650 2006102701  -9997   23.6  -9997    0.0    0.0    0.0    0.0
C0G650 2006102702  -9997   22.5  -9997  -9997    0.0    0.0    0.0
C0G650 2006102703  -9997   21.9  -9997    0.0    0.0  -9996    0.0
C0G650 2006102704  -9997   21.9  -9997    0.0    0.0    0.0    0.0
C0G650 2006102705  -9997   21.4  -9997    0.0    0.0    0.0    0.0
C0G650 2006102706  -9997   21.4  -9997    0.0    0.0    0.0    0.0
C0G650 2006102707  -9997   22.5  -9997    0.0    0.0    0.0    0.0
C0G650 2006102708  -9997   25.2  -9997    0.5   30.0    0.0    0.7
C0G650 2006102709  -9997   27.1  -9997    0.6   50.0    0.0    1.0
C0G650 2006102710  -9997   28.4  -9997    0.5   30.0    0.0    1.0
C0G650 2006102711  -9997   29.4  -9997    0.6  260.0    0.0    1.0
C0G650 2006102712  -9997   30.9  -9997    0.2    0.0    0.0    1.0
C0G650 2006102713  -9997  -9997  -9997    0.4  160.0  -9996    0.9
C0G650 2006102714  -9997   30.6  -9997    0.7   30.0    0.0    0.9
C0G650 2006102715  -9997   31.0  -9997    0.6  290.0    0.0    0.7
C0G650 2006102716  -9997   30.3  -9997    0.3  270.0    0.0    1.0
C0G650 2006102717  -9997   28.7  -9997    0.1    0.0    0.0    0.3
C0G650 2006102718  -9997   27.1  -9997    0.0    0.0  -9996    0.0
C0G650 2006102719  -9997   25.9  -9997    0.0    0.0    0.0    0.0
C0G650 2006102720  -9997   24.8  -9997    0.0    0.0    0.0    0.0
C0G650 2006102721  -9997  -9997  -9997  -9997    0.0    0.0    0.0
C0G650 2006102722  -9997   23.7  -9997    0.0    0.0    0.0    0.0
C0G650 2006102723  -9997   23.5  -9997    0.0    0.0    0.0    0.0
C0G650 2006102724  -9997   23.1  -9997    0.0    0.0    0.0    0.0
C0G650 2006102801  -9997   22.8  -9997    0.0    0.0    0.0    0.0
C0G650 2006102802  -9997   22.5  -9997    0.0    0.0    0.0    0.0
C0G650 2006102803  -9997   22.2  -9997    0.0    0.0    0.0    0.0
C0G650 2006102804  -9997   22.8  -9997    0.0    0.0    0.0    0.0
C0G650 2006102805  -9997   22.1  -9997    0.0    0.0    0.0    0.0
C0G650 2006102806  -9997   21.6  -9997    0.0    0.0    0.0    0.0
C0G650 2006102807  -9997   22.5  -9997    0.0    0.0    0.0    0.0
C0G650 2006102808  -9997   26.1  -9997    0.0    0.0    0.0    0.3
C0G650 2006102809  -9997   27.0  -9997    0.1    0.0    0.0    1.0
C0G650 2006102810  -9997   29.2  -9997    0.1    0.0  -9996    1.0
C0G650 2006102811  -9997   29.7  -9997    0.2    0.0    0.0    1.0
C0G650 2006102812  -9997   30.5  -9997    1.2  250.0    0.0    1.0
C0G650 2006102813  -9997  -9997  -9997    0.4  310.0    0.0    1.0
C0G650 2006102814  -9997   31.0  -9997    1.8  270.0    0.0    0.7
C0G650 2006102815  -9997   30.4  -9997  -9997    0.0    0.0    1.0
C0G650 2006102816  -9997   31.0  -9997    0.3  240.0    0.0   -9.6
C0G650 2006102817  -9997   29.2  -9997  -9997  -9997    0.0    1.5
C0G650 2006102818  -9997   27.6  -9997    0.0    0.0    0.0    0.0
C0G650 2006102819  -9997  -9997  -9997    0.0    0.0  -9996    0.0
C0G650 2006102820  -9997  -9997  -9997    0.0    0.0    0.0    0.0
C0G650 2006102821  -9997   24.3  -9997    0.0    0.0    0.0    0.0
C0G650 2006102822  -9997   24.4  -9997    0.0    0.0  -9996    0.0
C0G650 2006102823  -9997   23.8  -9997    0.0    0.0    0.0    0.0
C0G650 2006102824  -9997   23.7  -9997    0.0    0.0    0.0    0.0
C0G650 2006102901  -9997   23.1  -9997    0.0    0.0    0.0    0.0
C0G650 2006102902  -9997   22.7  -9997    0.0    0.0    0.0    0.0
C0G650 2006102903  -9997   23.0  -9997    0.0    0.0    0.0    0.0
C0G650 2006102904  -9997   22.9  -9997    0.0    0.0    0.0    0.0
C0G650 2006102905  -9997   22.6  -9997    0.0    0.0    0.0    0.0
C0G650 2006102906  -9997   22.1  -9997    0.0    0.0    0.0    0.0
C0G650 2006102907  -9997   23.0  -9997    0.0    0.0    0.0    0.0
C0G650 2006102908  -9997   24.9  -9997    0.3  220.0    0.0    0.4
C0G650 2006102909  -9997   27.5  -9997    0.0    0.0    0.0    1.0
C0G650 2006102910  -9997   29.0  -9997    0.0    0.0    0.0    1.0
C0G650 2006102911  -9997   30.2  -9997    0.3  250.0    0.0    1.0
C0G650 2006102912  -9997   30.9  -9997    0.1    0.0    0.0    1.0
C0G650 2006102913  -9997   32.1  -9997    0.2    0.0    0.0    0.8
C0G650 2006102914  -9997   31.6  -9997    0.2    0.0    0.0    0.5
C0G650 2006102915  -9997   30.9  -9997    1.1  -9997    0.0    1.0
C0G650 2006102916  -9997   29.8  -9997    1.8   20.0    0.0    1.0
C0G650 2006102917  -9997   28.2  -9997    1.2   30.0    0.0    0.4
C0G650 2006102918  -9997   26.8  -9997    1.1   20.0    0.0    0.0
C0G650 2006102919  -9997   26.1  -9997    0.4   20.0    0.0    0.0
C0G650 2006102920  -9997   24.9  -9997    0.0    0.0    0.0    0.0
C0G650 2006102921  -9997   24.2  -9997    0.0    0.0  -9996    0.0
C0G650 2006102922  -9997   23.9  -9997    0.0    0.0    0.0    0.0
C0G650 2006102923  -9997   23.7  -9997    0.0    0.0  -9996    0.0
C0G650 2006102924  -9997   22.5  -9997    0.0    0.0  -9996    0.0
C0G650 2006103001  -9997   22.1  -9997    0.0    0.0    0.0    0.0
C0G650 2006103002  -9997   21.7  -9997    0.0    0.0    0.0    0.0
C0G650 2006103003  -9997   22.4  -9997    0.0    0.0    0.0    0.0
C0G650 2006103004  -9997  -9997  -9997    0.0    0.0    0.0    0.0
C0G650 2006103005  -9997   21.7  -9997    0.0    0.0    0.0    0.0
C0G650 2006103006  -9997   20.9  -9997    0.0    0.0    0.0    0.0
C0G650 2006103007  -9997   21.8  -9997    0.0    0.0    0.0    0.0
C0G650 2006103008  -9997   24.8  -9997    0.0    0.0    0.0    0.4
C0G650 2006103009  -9997   26.8  -9997    0.0    0.0    0.0    1.0
C0G650 2006103010  -9997   28.1  -9997    0.0    0.0    0.0    1.0
C0G650 2006103011  -9997   28.3  -9997    1.5   50.0    0.0    1.0
C0G650 2006103012  -9997   30.6  -9997    0.1    0.0    0.0    1.0
C0G650 2006103013  -9997   30.5  -9997    0.5  340.0    0.0    1.0
C0G650 2006103014  -9997   29.7  -9997    0.9  350.0    0.0    0.7
C0G650 2006103015  -9997   28.5  -9997    0.9   20.0    0.0    0.6
C0G650 2006103016  -9997   27.3  -9997    1.3   20.0    0.0    0.1
C0G650 2006103017  -9997   26.0  -9997    1.3   20.0    0.0    0.0
C0G650 2006103018  -9997   25.0  -9997    1.2   40.0    0.0    0.0
C0G650 2006103019  -9997   24.3  -9997    0.3   10.0    0.0    0.0
C0G650 2006103020  -9997   23.9  -9997    0.6   20.0    0.0    0.0
C0G650 2006103021  -9997   23.5  -9997    0.3   20.0    0.0    0.0
C0G650 2006103022  -9997   23.4  -9997    0.1    0.0    0.0    0.0
C0G650 2006103023  -9997   23.3  -9997    0.0    0.0  -9996    0.0
C0G650 2006103024  -9997  -9997  -9997    0.1    0.0    0.0    0.0
C0G650 2006103101  -9997   22.9  -9997    0.2    0.0    0.0    0.0
C0G650 2006103102  -9997   22.5  -9997    0.0    0.0    0.0    0.0
C0G650 2006103103  -9997   22.4  -9997    0.1    0.0    0.0    0.0
C0G650 2006103104  -9997   22.2  -9997    0.0    0.0    0.0    0.0
C0G650 2006103105  -9997   22.1  -9997    0.0    0.0  -9996    0.0
C0G650 2006103106  -9997   21.9  -9997    0.0    0.0    0.0    0.0
C0G650 2006103107  -9997   23.2  -9997    0.1    0.0  -9996    0.0
C0G650 2006103108  -9997   24.3  -9997    1.2   20.0    0.0    0.0
C0G650 2006103109  -9997   26.1  -9997    0.8   20.0    0.0    0.8
C0G650 2006103110  -9997   27.4  -9997    0.6   20.0    0.0    0.3
C0G650 2006103111  -9997   27.9  -9997    1.5   40.0    0.0    0.9
C0G650 2006103112  -9997   28.3  -9997    1.6   30.0    0.0    1.0
C0G650 2006103113  -9997   29.1  -9997    1.2   40.0  -9996    1.0
C0G650 2006103114  -9997   27.6  -9997    0.4   20.0    0.0    0.1
C0G650 2006103115  -9997   26.1  -9997    0.5   20.0    0.0    0.0
C0G650 2006103116  -9997   25.5  -9997    0.7   30.0    0.0    0.0
C0G650 2006103117  -9997   25.1  -9997    0.1    0.0    0.0    0.0
C0G650 2006103118  -9997   24.4  -9997    0.0    0.0    0.0    0.0
C0G650 2006103119  -9997   24.5  -9997    0.0    0.0  -9996    0.0
C0G650 2006103120  -9997   24.1  -9997    0.3   40.0    0.0    0.0
C0G650 2006103121  -9997   24.1  -9997    1.2   40.0    0.0    0.0
C0G650 2006103122  -9997   24.1  -9997    0.0    0.0    0.0    0.0
C0G650 2006103123  -9997   23.7  -9997    0.3   20.0    0.0    0.0
C0G650 2006103124  -9997   23.2  -9997    0.2    0.0    0.0    0.0
C0G660 2006100101  -9999  -9999  -9999  -9999  -9999    0.0  -9999
C0G660 2006100102  -9999  -9999  -9999  -9999  -9999    0.0  -9999
C0G660 2006100103  -9999  -9999  -9999  -9999  -9999    0.0  -9999
C0G660 2006100104  -9999  -9999  -9999  -9999  -9999    0.0  -9999
C0G660 2006100105  -9999  -9999  -9999  -9999  -9999    0.0  -9999
C0G660 2006100106  -9999  -9999  -9999  -9999  -9999    0.0  -9999
C0G660 2006100107  -9999  -9999  -9999  -9999  -9999    0.0  -9999
C0G660 2006100108  -9999  -9999  -9999  -9999  -9999    0.0  -9999
C0G660 2006100109  -9999  -9999  -9999  -9999  -9999    0.0  -9999
C0G660 2006100110  -9999  -9999  -9999  -9999  -9999    0.0  -9999
C0G660 2006100111  -9999  -9999  -9999  -9999  -9999    0.0  -9999
C0G660 2006100112  -9999  -9999  -9999  -9999  -9999    0.0  -9999
C0G660 2006100113  -9999  -9999  -9999  -9999  -9999    0.0  -9999
C0G660 2006100114  -9999  -9999  -9999  -9999  -9999    0.0  -9999
C0G660 2006100115  -9999  -9999  -9999  -9999  -9999    0.0  -9999
C0G660 2006100116  -9999  -9999  -9999  -9999  -9999    0.0  -9999
C0G660 2006100117  -9999  -9999  -9999  -9999  -9999    0.0  -9999
C0G660 2006100118  -9999  -9999  -9999  -9999  -9999    0.0  -9999
C0G660 2006100119  -9999  -9999  -9999  -9999  -9999    0.0  -9999
C0G660 2006100120  -9999  -9999  -9999  -9999  -9999    0.0  -9999
C0G660 2006100121  -9999  -9999  -9999  -9999  -9999    0.0  -9999
C0G660 2006100122  -9999  -9999  -9999  -9999  -9999    0.0  -9999
C0G660 2006100123  -9999  -9999  -9999  -9999  -9999    0.0  -9999
C0G660 2006100124  -9999  -9999  -9999  -9999  -9999    0.0  -9999
C0G660 2006100201  -9999  -9999  -9999  -9999  -9999    0.0  -9999
C0G660 2006100202  -9999  -9999  -9999  -9999  -9999  -9996  -9999
C0G660 2006100203  -9999  -9999  -9999  -9999  -9999    0.0  -9999
C0G660 2006100204  -9999  -9999  -9999  -9999  -9999    0.0  -9999
C0G660 2006100205  -9999  -9999  -9999  -9999  -9999    0.0  -9999
C0G660 2006100206  -9999  -9999  -9999  -9999  -9999    0.0  -9999
C0G660 2006100207  -9999  -9999  -9999  -9999  -9999    0.0  -9999
C0G660 2006100208  -9999  -9999  -9999  -9999  -9999    0.0  -9999
C0G660 2006100209  -9999  -9999  -9999  -9999  -9999    0.0  -9999
C0G660 2006100210  -9999  -9999  -9999  -9999  -9999    0.0  -9999
C0G660 2006100211  -9999  -9999  -9999  -9999  -9999    0.0  -9999
C0G660 2006100212  -9999  -9999  -9999  -9999  -9999    0.0  -9999
C0G660 2006100213  -9999  -9999  -9999  -9999  -9999    0.0  -9999
C0G660 2006100214  -9999  -9999  -9999  -9999  -9999    0.0  -9999
C0G660 2006100215  -9999  -9999  -9999  -9999  -9999    0.0  -9999
C0G660 2006100216  -9999  -9999  -9999  -9999  -9999  -9996  -9999
C0G660 2006100217  -9999  -9999  -9999  -9999  -9999    0.0  -9999
C0G660 2006100218  -9999  -9999  -9999  -9999  -9999    0.0  -9999
C0G660 2006100219  -9999  -9999  -9999  -9999  -9999  -9996  -9999
C0G660 2006100220  -9999  -9999  -9999  -9999  -9999    0.0  -9999
C0G660 2006100221  -9999  -9999  -9999  -9999  -9999    0.0  -9999
C0G660 2006100222  -9999  -9999  -9999  -9999  -9999    0.0  -9999
C0G660 2006100223  -9999  -9999  -9999  -9999  -9999    0.0  -9999
C0G660 2006100224  -9999  -9999  -9999  -9999  -9999    0.0  -9999
C0G660 2006100301  -9999  -9999  -9999  -9999  -9999    0.0  -9999
C0G660 2006100302  -9999  -9999  -9999  -9999  -9999    0.0  -9999
C0G660 2006100303  -9999  -9999  -9999  -9999  -9999    0.0  -9999
C0G660 2006100304  -9999  -9999  -9999  -9999  -9999    0.0  -9999
C0G660 2006100305  -9999  -9999  -9999  -9999  -9999    0.0  -9999
C0G660 2006100306  -9999  -9999  -9999  -9999  -9999    0.0  -9999
C0G660 2006100307  -9999  -9999  -9999  -9999  -9999  -9996  -9999
C0G660 2006100308  -9999  -9999  -9999  -9999  -9999    0.0  -9999
C0G660 2006100309  -9999  -9999  -9999  -9999  -9999    0.0  -9999
C0G660 2006100310  -9999  -9999  -9999  -9999  -9999    0.0  -9999
C0G660 2006100311  -9999  -9999  -9999  -9999  -9999    0.0  -9999
C0G660 2006100312  -9999  -9999  -9999  -9999  -9999    0.0  -9999
C0G660 2006100313  -9999  -9999  -9999  -9999  -9999    0.0  -9999
C0G660 2006100314  -9999  -9999  -9999  -9999  -9999    0.0  -9999
C0G660 2006100315  -9999  -9999  -9999  -9999  -9999    0.0  -9999
C0G660 2006100316  -9999  -9999  -9999  -9999  -9999  -9996  -9999
C0G660 2006100317  -9999  -9999  -9999  -9999  -9999  -9996  -9999
C0G660 2006100318  -9999  -9999  -9999  -9999  -9999    0.0  -9999
C0G660 2006100319  -9999  -9999  -9999  -9999  -9999    0.0  -9999
C0G660 2006100320  -9999  -9999  -9999  -9999  -9999    0.0  -9999
C0G660 2006100321  -9999  -9999  -9999  -9999  -9999    0.0  -9999
C0G660 2006100322  -9999  -9999  -9999  -9999  -9999    0.0  -9999
C0G660 2006100323  -9999  -9999  -9999  -9999  -9999    0.0  -9999
C0G660 2006100324  -9999  -9999  -9999  -9999  -9999    0.0  -9999
C0G660 2006100401  -9999  -9999  -9999  -9999  -9999    0.0  -9999
C0G660 2006100402  -9999  -9999  -9999  -9999  -9999    0.0  -9999
C0G660 2006100403  -9999  -9999  -9999  -9999  -9999    0.0  -9999
C0G660 2006100404  -9999  -9999  -9999  -9999  -9999    0.0  -9999
C0G660 2006100405  -9999  -9999  -9999  -9999  -9999    0.0  -9999
C0G660 2006100406  -9999  -9999  -9999  -9999  -9999  -9996  -9999
C0G660 2006100407  -9999  -9999  -9999  -9999  -9999    0.0  -9999
C0G660 2006100408  -9999  -9999  -9999  -9999  -9999    0.0  -9999
C0G660 2006100409  -9999  -9999  -9999  -9999  -9999    0.0  -9999
C0G660 2006100410  -9999  -9999  -9999  -9999  -9999    0.0  -9999
C0G660 2006100411  -9999  -9999  -9999  -9999  -9999    0.0  -9999
C0G660 2006100412  -9999  -9999  -9999  -9999  -9999    0.0  -9999
C0G660 2006100413  -9999  -9999  -9999  -9999  -9999    0.0  -9999
C0G660 2006100414  -9999  -9999  -9999  -9999  -9999  -9996  -9999
C0G660 2006100415  -9999  -9999  -9999  -9999  -9999  -9996  -9999
C0G660 2006100416  -9999  -9999  -9999  -9999  -9999    0.0  -9999
C0G660 2006100417  -9999  -9999  -9999  -9999  -9999    0.0  -9999
C0G660 2006100418  -9999  -9999  -9999  -9999  -9999    0.0  -9999
C0G660 2006100419  -9999  -9999  -9999  -9999  -9999    0.0  -9999
C0G660 2006100420  -9999  -9999  -9999  -9999  -9999    0.0  -9999
C0G660 2006100421  -9999  -9999  -9999  -9999  -9999    0.0  -9999
C0G660 2006100422  -9999  -9999  -9999  -9999  -9999    0.0  -9999
C0G660 2006100423  -9999  -9999  -9999  -9999  -9999    0.0  -9999
C0G660 2006100424  -9999  -9999  -9999  -9999  -9999    0.0  -9999
C0G660 2006100501  -9999  -9999  -9999  -9999  -9999  -9996  -9999
C0G660 2006100502  -9999  -9999  -9999  -9999  -9999    0.0  -9999
C0G660 2006100503  -9999  -9999  -9999  -9999  -9999    0.0  -9999
C0G660 2006100504  -9999  -9999  -9999  -9999  -9999    0.0  -9999
C0G660 2006100505  -9999  -9999  -9999  -9999  -9999    0.0  -9999
C0G660 2006100506  -9999  -9999  -9999  -9999  -9999    0.0  -9999
C0G660 2006100507  -9999  -9999  -9999  -9999  -9999    0.0  -9999
C0G660 2006100508  -9999  -9999  -9999  -9999  -9999  -9996  -9999
C0G660 2006100509  -9999  -9999  -9999  -9999  -9999    0.0  -9999
C0G660 2006100510  -9999  -9999  -9999  -9999  -9999    0.0  -9999
C0G660 2006100511  -9999  -9999  -9999  -9999  -9999  -9996  -9999
C0G660 2006100512  -9999  -9999  -9999  -9999  -9999  -9996  -9999
C0G660 2006100513  -9999  -9999  -9999  -9999  -9999  -9996  -9999
C0G660 2006100514  -9999  -9999  -9999  -9999  -9999    0.0  -9999
C0G660 2006100515  -9999  -9999  -9999  -9999  -9999    0.0  -9999
C0G660 2006100516  -9999  -9999  -9999  -9999  -9999  -9996  -9999
C0G660 2006100517  -9999  -9999  -9999  -9999  -9999    0.0  -9999
C0G660 2006100518  -9999  -9999  -9999  -9999  -9999    0.0  -9999
C0G660 2006100519  -9999  -9999  -9999  -9999  -9999  -9996  -9999
C0G660 2006100520  -9999  -9999  -9999  -9999  -9999    0.0  -9999
C0G660 2006100521  -9999  -9999  -9999  -9999  -9999    0.0  -9999
C0G660 2006100522  -9999  -9999  -9999  -9999  -9999    0.0  -9999
C0G660 2006100523  -9999  -9999  -9999  -9999  -9999    0.0  -9999
C0G660 2006100524  -9999  -9999  -9999  -9999  -9999    0.0  -9999
C0G660 2006100601  -9999  -9999  -9999  -9999  -9999    0.0  -9999
C0G660 2006100602  -9999  -9999  -9999  -9999  -9999    0.0  -9999
C0G660 2006100603  -9999  -9999  -9999  -9999  -9999    0.0  -9999
C0G660 2006100604  -9999  -9999  -9999  -9999  -9999  -9996  -9999
C0G660 2006100605  -9999  -9999  -9999  -9999  -9999    0.0  -9999
C0G660 2006100606  -9999  -9999  -9999  -9999  -9999    0.0  -9999
C0G660 2006100607  -9999  -9999  -9999  -9999  -9999    0.0  -9999
C0G660 2006100608  -9999  -9999  -9999  -9999  -9999    0.0  -9999
C0G660 2006100609  -9999  -9999  -9999  -9999  -9999    0.0  -9999
C0G660 2006100610  -9999  -9999  -9999  -9999  -9999    0.0  -9999
C0G660 2006100611  -9999  -9999  -9999  -9999  -9999    0.0  -9999
C0G660 2006100612  -9999  -9999  -9999  -9999  -9999    0.0  -9999
C0G660 2006100613  -9999  -9999  -9999  -9999  -9999    0.0  -9999
C0G660 2006100614  -9999  -9999  -9999  -9999  -9999    0.0  -9999
C0G660 2006100615  -9999  -9999  -9999  -9999  -9999    0.0  -9999
C0G660 2006100616  -9999  -9999  -9999  -9999  -9999    0.0  -9999
C0G660 2006100617  -9999  -9999  -9999  -9999  -9999    0.0  -9999
C0G660 2006100618  -9999  -9999  -9999  -9999  -9999    0.0  -9999
C0G660 2006100619  -9999  -9999  -9999  -9999  -9999    0.0  -9999
C0G660 2006100620  -9999  -9999  -9999  -9999  -9999    0.0  -9999
C0G660 2006100621  -9999  -9999  -9999  -9999  -9999  -9996  -9999
C0G660 2006100622  -9999  -9999  -9999  -9999  -9999    0.0  -9999
C0G660 2006100623  -9999  -9999  -9999  -9999  -9999    0.0  -9999
C0G660 2006100624  -9999  -9999  -9999  -9999  -9999    0.0  -9999
C0G660 2006100701  -9999  -9999  -9999  -9999  -9999    0.0  -9999
C0G660 2006100702  -9999  -9999  -9999  -9999  -9999    0.0  -9999
C0G660 2006100703  -9999  -9999  -9999  -9999  -9999    0.0  -9999
C0G660 2006100704  -9999  -9999  -9999  -9999  -9999    0.0  -9999
C0G660 2006100705  -9999  -9999  -9999  -9999  -9999    0.0  -9999
C0G660 2006100706  -9999  -9999  -9999  -9999  -9999    0.0  -9999
C0G660 2006100707  -9999  -9999  -9999  -9999  -9999    0.0  -9999
C0G660 2006100708  -9999  -9999  -9999  -9999  -9999    0.0  -9999
C0G660 2006100709  -9999  -9999  -9999  -9999  -9999    0.0  -9999
C0G660 2006100710  -9999  -9999  -9999  -9999  -9999    0.0  -9999
C0G660 2006100711  -9999  -9999  -9999  -9999  -9999    0.0  -9999
C0G660 2006100712  -9999  -9999  -9999  -9999  -9999    0.0  -9999
C0G660 2006100713  -9999  -9999  -9999  -9999  -9999    0.0  -9999
C0G660 2006100714  -9999  -9999  -9999  -9999  -9999    0.0  -9999
C0G660 2006100715  -9999  -9999  -9999  -9999  -9999    0.0  -9999
C0G660 2006100716  -9999  -9999  -9999  -9999  -9999    0.0  -9999
C0G660 2006100717  -9999  -9999  -9999  -9999  -9999    0.0  -9999
C0G660 2006100718  -9999  -9999  -9999  -9999  -9999    0.0  -9999
C0G660 2006100719  -9999  -9999  -9999  -9999  -9999    0.0  -9999
C0G660 2006100720  -9999  -9999  -9999  -9999  -9999    0.0  -9999
C0G660 2006100721  -9999  -9999  -9999  -9999  -9999    0.0  -9999
C0G660 2006100722  -9999  -9999  -9999  -9999  -9999    0.0  -9999
C0G660 2006100723  -9999  -9999  -9999  -9999  -9999    0.0  -9999
C0G660 2006100724  -9999  -9999  -9999  -9999  -9999    0.0  -9999
C0G660 2006100801  -9999  -9999  -9999  -9999  -9999    0.0  -9999
C0G660 2006100802  -9999  -9999  -9999  -9999  -9999  -9996  -9999
C0G660 2006100803  -9999  -9999  -9999  -9999  -9999    0.0  -9999
C0G660 2006100804  -9999  -9999  -9999  -9999  -9999    0.0  -9999
C0G660 2006100805  -9999  -9999  -9999  -9999  -9999  -9996  -9999
C0G660 2006100806  -9999  -9999  -9999  -9999  -9999  -9996  -9999
C0G660 2006100807  -9999  -9999  -9999  -9999  -9999    0.0  -9999
C0G660 2006100808  -9999  -9999  -9999  -9999  -9999    0.0  -9999
C0G660 2006100809  -9999  -9999  -9999  -9999  -9999    0.0  -9999
C0G660 2006100810  -9999  -9999  -9999  -9999  -9999    0.0  -9999
C0G660 2006100811  -9999  -9999  -9999  -9999  -9999    0.0  -9999
C0G660 2006100812  -9999  -9999  -9999  -9999  -9999    0.0  -9999
C0G660 2006100813  -9999  -9999  -9999  -9999  -9999    0.0  -9999
C0G660 2006100814  -9999  -9999  -9999  -9999  -9999  -9996  -9999
C0G660 2006100815  -9999  -9999  -9999  -9999  -9999    0.0  -9999
C0G660 2006100816  -9999  -9999  -9999  -9999  -9999    0.0  -9999
C0G660 2006100817  -9999  -9999  -9999  -9999  -9999    0.0  -9999
C0G660 2006100818  -9999  -9999  -9999  -9999  -9999    0.0  -9999
C0G660 2006100819  -9999  -9999  -9999  -9999  -9999    0.0  -9999
C0G660 2006100820  -9999  -9999  -9999  -9999  -9999    0.0  -9999
C0G660 2006100821  -9999  -9999  -9999  -9999  -9999    0.0  -9999
C0G660 2006100822  -9999  -9999  -9999  -9999  -9999    0.0  -9999
C0G660 2006100823  -9999  -9999  -9999  -9999  -9999    0.0  -9999
C0G660 2006100824  -9999  -9999  -9999  -9999  -9999  -9996  -9999
C0G660 2006100901  -9999  -9999  -9999  -9999  -9999    0.0  -9999
C0G660 2006100902  -9999  -9999  -9999  -9999  -9999    0.0  -9999
C0G660 2006100903  -9999  -9999  -9999  -9999  -9999    0.0  -9999
C0G660 2006100904  -9999  -9999  -9999  -9999  -9999    0.0  -9999
C0G660 2006100905  -9999  -9999  -9999  -9999  -9999    0.0  -9999
C0G660 2006100906  -9999  -9999  -9999  -9999  -9999    0.0  -9999
C0G660 2006100907  -9999  -9999  -9999  -9999  -9999    0.0  -9999
C0G660 2006100908  -9999  -9999  -9999  -9999  -9999    0.0  -9999
C0G660 2006100909  -9999  -9999  -9999  -9999  -9999  -9996  -9999
C0G660 2006100910  -9999  -9999  -9999  -9999  -9999    0.0  -9999
C0G660 2006100911  -9999  -9999  -9999  -9999  -9999    0.0  -9999
C0G660 2006100912  -9999  -9999  -9999  -9999  -9999    0.0  -9999
C0G660 2006100913  -9999  -9999  -9999  -9999  -9999    0.0  -9999
C0G660 2006100914  -9999  -9999  -9999  -9999  -9999    0.0  -9999
C0G660 2006100915  -9999  -9999  -9999  -9999  -9999    0.0  -9999
C0G660 2006100916  -9999  -9999  -9999  -9999  -9999    0.0  -9999
C0G660 2006100917  -9999  -9999  -9999  -9999  -9999    0.0  -9999
C0G660 2006100918  -9999  -9999  -9999  -9999  -9999    0.0  -9999
C0G660 2006100919  -9999  -9999  -9999  -9999  -9999    0.0  -9999
C0G660 2006100920  -9999  -9999  -9999  -9999  -9999    0.0  -9999
C0G660 2006100921  -9999  -9999  -9999  -9999  -9999    0.0  -9999
C0G660 2006100922  -9999  -9999  -9999  -9999  -9999    0.0  -9999
C0G660 2006100923  -9999  -9999  -9999  -9999  -9999    0.0  -9999
C0G660 2006100924  -9999  -9999  -9999  -9999  -9999    0.0  -9999
C0G660 2006101001  -9999  -9999  -9999  -9999  -9999    0.0  -9999
C0G660 2006101002  -9999  -9999  -9999  -9999  -9999    0.0  -9999
C0G660 2006101003  -9999  -9999  -9999  -9999  -9999    0.0  -9999
C0G660 2006101004  -9999  -9999  -9999  -9999  -9999    0.0  -9999
C0G660 2006101005  -9999  -9999  -9999  -9999  -9999  -9996  -9999
C0G660 2006101006  -9999  -9999  -9999  -9999  -9999    0.0  -9999
C0G660 2006101007  -9999  -9999  -9999  -9999  -9999    0.0  -9999
C0G660 2006101008  -9999  -9999  -9999  -9999  -9999    0.0  -9999
C0G660 2006101009  -9999  -9999  -9999  -9999  -9999    0.0  -9999
C0G660 2006101010  -9999  -9999  -9999  -9999  -9999    0.0  -9999
C0G660 2006101011  -9999  -9999  -9999  -9999  -9999  -9996  -9999
C0G660 2006101012  -9999  -9999  -9999  -9999  -9999  -9996  -9999
C0G660 2006101013  -9999  -9999  -9999  -9999  -9999    0.0  -9999
C0G660 2006101014  -9999  -9999  -9999  -9999  -9999    0.0  -9999
C0G660 2006101015  -9999  -9999  -9999  -9999  -9999  -9996  -9999
C0G660 2006101016  -9999  -9999  -9999  -9999  -9999    0.0  -9999
C0G660 2006101017  -9999  -9999  -9999  -9999  -9999    0.0  -9999
C0G660 2006101018  -9999  -9999  -9999  -9999  -9999    0.0  -9999
C0G660 2006101019  -9999  -9999  -9999  -9999  -9999    0.0  -9999
C0G660 2006101020  -9999  -9999  -9999  -9999  -9999    0.0  -9999
C0G660 2006101021  -9999  -9999  -9999  -9999  -9999    0.0  -9999
C0G660 2006101022  -9999  -9999  -9999  -9999  -9999    0.0  -9999
C0G660 2006101023  -9999  -9999  -9999  -9999  -9999    0.0  -9999
C0G660 2006101024  -9999  -9999  -9999  -9999  -9999    0.0  -9999
C0G660 2006101101  -9999  -9999  -9999  -9999  -9999    0.0  -9999
C0G660 2006101102  -9999  -9999  -9999  -9999  -9999  -9996  -9999
C0G660 2006101103  -9999  -9999  -9999  -9999  -9999    0.0  -9999
C0G660 2006101104  -9999  -9999  -9999  -9999  -9999    0.0  -9999
C0G660 2006101105  -9999  -9999  -9999  -9999  -9999    0.0  -9999
C0G660 2006101106  -9999  -9999  -9999  -9999  -9999    0.0  -9999
C0G660 2006101107  -9999  -9999  -9999  -9999  -9999    0.0  -9999
C0G660 2006101108  -9999  -9999  -9999  -9999  -9999    0.0  -9999
C0G660 2006101109  -9999  -9999  -9999  -9999  -9999    0.0  -9999
C0G660 2006101110  -9999  -9999  -9999  -9999  -9999    0.0  -9999
C0G660 2006101111  -9999  -9999  -9999  -9999  -9999    0.0  -9999
C0G660 2006101112  -9999  -9999  -9999  -9999  -9999    0.0  -9999
C0G660 2006101113  -9999  -9999  -9999  -9999  -9999  -9996  -9999
C0G660 2006101114  -9999  -9999  -9999  -9999  -9999    0.0  -9999
C0G660 2006101115  -9999  -9999  -9999  -9999  -9999    0.0  -9999
C0G660 2006101116  -9999  -9999  -9999  -9999  -9999    0.0  -9999
C0G660 2006101117  -9999  -9999  -9999  -9999  -9999    0.0  -9999
C0G660 2006101118  -9999  -9999  -9999  -9999  -9999    0.0  -9999
C0G660 2006101119  -9999  -9999  -9999  -9999  -9999    0.0  -9999
C0G660 2006101120  -9999  -9999  -9999  -9999  -9999    0.0  -9999
C0G660 2006101121  -9999  -9999  -9999  -9999  -9999  -9996  -9999
C0G660 2006101122  -9999  -9999  -9999  -9999  -9999    0.0  -9999
C0G660 2006101123  -9999  -9999  -9999  -9999  -9999    0.0  -9999
C0G660 2006101124  -9999  -9999  -9999  -9999  -9999  -9996  -9999
C0G660 2006101201  -9999  -9999  -9999  -9999  -9999    0.0  -9999
C0G660 2006101202  -9999  -9999  -9999  -9999  -9999    0.0  -9999
C0G660 2006101203  -9999  -9999  -9999  -9999  -9999    0.0  -9999
C0G660 2006101204  -9999  -9999  -9999  -9999  -9999    0.0  -9999
C0G660 2006101205  -9999  -9999  -9999  -9999  -9999    0.0  -9999
C0G660 2006101206  -9999  -9999  -9999  -9999  -9999    0.0  -9999
C0G660 2006101207  -9999  -9999  -9999  -9999  -9999    0.0  -9999
C0G660 2006101208  -9999  -9999  -9999  -9999  -9999    0.0  -9999
C0G660 2006101209  -9999  -9999  -9999  -9999  -9999    0.0  -9999
C0G660 2006101210  -9999  -9999  -9999  -9999  -9999    0.0  -9999
C0G660 2006101211  -9999  -9999  -9999  -9999  -9999    0.0  -9999
C0G660 2006101212  -9999  -9999  -9999  -9999  -9999    0.0  -9999
C0G660 2006101213  -9999  -9999  -9999  -9999  -9999    0.0  -9999
C0G660 2006101214  -9999  -9999  -9999  -9999  -9999    0.0  -9999
C0G660 2006101215  -9999  -9999  -9999  -9999  -9999    0.0  -9999
C0G660 2006101216  -9999  -9999  -9999  -9999  -9999    0.0  -9999
C0G660 2006101217  -9999  -9999  -9999  -9999  -9999    0.0  -9999
C0G660 2006101218  -9999  -9999  -9999  -9999  -9999    0.0  -9999
C0G660 2006101219  -9999  -9999  -9999  -9999  -9999  -9996  -9999
C0G660 2006101220  -9999  -9999  -9999  -9999  -9999    0.0  -9999
C0G660 2006101221  -9999  -9999  -9999  -9999  -9999    0.0  -9999
C0G660 2006101222  -9999  -9999  -9999  -9999  -9999    0.0  -9999
C0G660 2006101223  -9999  -9999  -9999  -9999  -9999    0.0  -9999
C0G660 2006101224  -9999  -9999  -9999  -9999  -9999    0.0  -9999
C0G660 2006101301  -9999  -9999  -9999  -9999  -9999    0.0  -9999
C0G660 2006101302  -9999  -9999  -9999  -9999  -9999    0.0  -9999
C0G660 2006101303  -9999  -9999  -9999  -9999  -9999    0.0  -9999
C0G660 2006101304  -9999  -9999  -9999  -9999  -9999    0.0  -9999
C0G660 2006101305  -9999  -9999  -9999  -9999  -9999    0.0  -9999
C0G660 2006101306  -9999  -9999  -9999  -9999  -9999    0.0  -9999
C0G660 2006101307  -9999  -9999  -9999  -9999  -9999    0.0  -9999
C0G660 2006101308  -9999  -9999  -9999  -9999  -9999    0.0  -9999
C0G660 2006101309  -9999  -9999  -9999  -9999  -9999    0.0  -9999
C0G660 2006101310  -9999  -9999  -9999  -9999  -9999    0.0  -9999
C0G660 2006101311  -9999  -9999  -9999  -9999  -9999    0.0  -9999
C0G660 2006101312  -9999  -9999  -9999  -9999  -9999    0.0  -9999
C0G660 2006101313  -9999  -9999  -9999  -9999  -9999    0.0  -9999
C0G660 2006101314  -9999  -9999  -9999  -9999  -9999    0.0  -9999
C0G660 2006101315  -9999  -9999  -9999  -9999  -9999    0.0  -9999
C0G660 2006101316  -9999  -9999  -9999  -9999  -9999    0.0  -9999
C0G660 2006101317  -9999  -9999  -9999  -9999  -9999    0.0  -9999
C0G660 2006101318  -9999  -9999  -9999  -9999  -9999    0.0  -9999
C0G660 2006101319  -9999  -9999  -9999  -9999  -9999    0.0  -9999
C0G660 2006101320  -9999  -9999  -9999  -9999  -9999    0.0  -9999
C0G660 2006101321  -9999  -9999  -9999  -9999  -9999    0.0  -9999
C0G660 2006101322  -9999  -9999  -9999  -9999  -9999    0.0  -9999
C0G660 2006101323  -9999  -9999  -9999  -9999  -9999    0.0  -9999
C0G660 2006101324  -9999  -9999  -9999  -9999  -9999    0.0  -9999
C0G660 2006101401  -9999  -9999  -9999  -9999  -9999    0.0  -9999
C0G660 2006101402  -9999  -9999  -9999  -9999  -9999    0.0  -9999
C0G660 2006101403  -9999  -9999  -9999  -9999  -9999    0.0  -9999
C0G660 2006101404  -9999  -9999  -9999  -9999  -9999    0.0  -9999
C0G660 2006101405  -9999  -9999  -9999  -9999  -9999    0.0  -9999
C0G660 2006101406  -9999  -9999  -9999  -9999  -9999    0.0  -9999
C0G660 2006101407  -9999  -9999  -9999  -9999  -9999    0.0  -9999
C0G660 2006101408  -9999  -9999  -9999  -9999  -9999    0.0  -9999
C0G660 2006101409  -9999  -9999  -9999  -9999  -9999    0.0  -9999
C0G660 2006101410  -9999  -9999  -9999  -9999  -9999    0.0  -9999
C0G660 2006101411  -9999  -9999  -9999  -9999  -9999    0.0  -9999
C0G660 2006101412  -9999  -9999  -9999  -9999  -9999    0.0  -9999
C0G660 2006101413  -9999  -9999  -9999  -9999  -9999    0.0  -9999
C0G660 2006101414  -9999  -9999  -9999  -9999  -9999    0.0  -9999
C0G660 2006101415  -9999  -9999  -9999  -9999  -9999    0.0  -9999
C0G660 2006101416  -9999  -9999  -9999  -9999  -9999    0.0  -9999
C0G660 2006101417  -9999  -9999  -9999  -9999  -9999    0.0  -9999
C0G660 2006101418  -9999  -9999  -9999  -9999  -9999    0.0  -9999
C0G660 2006101419  -9999  -9999  -9999  -9999  -9999    0.0  -9999
C0G660 2006101420  -9999  -9999  -9999  -9999  -9999    0.0  -9999
C0G660 2006101421  -9999  -9999  -9999  -9999  -9999    0.0  -9999
C0G660 2006101422  -9999  -9999  -9999  -9999  -9999  -9996  -9999
C0G660 2006101423  -9999  -9999  -9999  -9999  -9999    0.0  -9999
C0G660 2006101424  -9999  -9999  -9999  -9999  -9999    0.0  -9999
C0G660 2006101501  -9999  -9999  -9999  -9999  -9999    0.0  -9999
C0G660 2006101502  -9999  -9999  -9999  -9999  -9999    0.0  -9999
C0G660 2006101503  -9999  -9999  -9999  -9999  -9999    0.0  -9999
C0G660 2006101504  -9999  -9999  -9999  -9999  -9999  -9996  -9999
C0G660 2006101505  -9999  -9999  -9999  -9999  -9999    0.0  -9999
C0G660 2006101506  -9999  -9999  -9999  -9999  -9999    0.0  -9999
C0G660 2006101507  -9999  -9999  -9999  -9999  -9999  -9996  -9999
C0G660 2006101508  -9999  -9999  -9999  -9999  -9999  -9996  -9999
C0G660 2006101509  -9999  -9999  -9999  -9999  -9999    0.0  -9999
C0G660 2006101510  -9999  -9999  -9999  -9999  -9999    0.0  -9999
C0G660 2006101511  -9999  -9999  -9999  -9999  -9999  -9996  -9999
C0G660 2006101512  -9999  -9999  -9999  -9999  -9999    0.0  -9999
C0G660 2006101513  -9999  -9999  -9999  -9999  -9999    0.0  -9999
C0G660 2006101514  -9999  -9999  -9999  -9999  -9999    0.0  -9999
C0G660 2006101515  -9999  -9999  -9999  -9999  -9999    0.0  -9999
C0G660 2006101516  -9999  -9999  -9999  -9999  -9999    0.0  -9999
C0G660 2006101517  -9999  -9999  -9999  -9999  -9999    0.0  -9999
C0G660 2006101518  -9999  -9999  -9999  -9999  -9999    0.0  -9999
C0G660 2006101519  -9999  -9999  -9999  -9999  -9999    0.0  -9999
C0G660 2006101520  -9999  -9999  -9999  -9999  -9999    0.0  -9999
C0G660 2006101521  -9999  -9999  -9999  -9999  -9999    0.0  -9999
C0G660 2006101522  -9999  -9999  -9999  -9999  -9999    0.0  -9999
C0G660 2006101523  -9999  -9999  -9999  -9999  -9999    0.0  -9999
C0G660 2006101524  -9999  -9999  -9999  -9999  -9999    0.0  -9999
C0G660 2006101601  -9999  -9999  -9999  -9999  -9999    0.0  -9999
C0G660 2006101602  -9999  -9999  -9999  -9999  -9999    0.0  -9999
C0G660 2006101603  -9999  -9999  -9999  -9999  -9999  -9996  -9999
C0G660 2006101604  -9999  -9999  -9999  -9999  -9999    0.0  -9999
C0G660 2006101605  -9999  -9999  -9999  -9999  -9999    0.0  -9999
C0G660 2006101606  -9999  -9999  -9999  -9999  -9999    0.0  -9999
C0G660 2006101607  -9999  -9999  -9999  -9999  -9999    0.0  -9999
C0G660 2006101608  -9999  -9999  -9999  -9999  -9999    0.0  -9999
C0G660 2006101609  -9999  -9999  -9999  -9999  -9999    0.0  -9999
C0G660 2006101610  -9999  -9999  -9999  -9999  -9999    0.0  -9999
C0G660 2006101611  -9999  -9999  -9999  -9999  -9999    0.0  -9999
C0G660 2006101612  -9999  -9999  -9999  -9999  -9999    0.0  -9999
C0G660 2006101613  -9999  -9999  -9999  -9999  -9999    0.0  -9999
C0G660 2006101614  -9999  -9999  -9999  -9999  -9999    0.0  -9999
C0G660 2006101615  -9999  -9999  -9999  -9999  -9999    0.0  -9999
C0G660 2006101616  -9999  -9999  -9999  -9999  -9999    0.0  -9999
C0G660 2006101617  -9999  -9999  -9999  -9999  -9999    0.0  -9999
C0G660 2006101618  -9999  -9999  -9999  -9999  -9999    0.0  -9999
C0G660 2006101619  -9999  -9999  -9999  -9999  -9999    0.0  -9999
C0G660 2006101620  -9999  -9999  -9999  -9999  -9999    0.0  -9999
C0G660 2006101621  -9999  -9999  -9999  -9999  -9999    0.0  -9999
C0G660 2006101622  -9999  -9999  -9999  -9999  -9999    0.0  -9999
C0G660 2006101623  -9999  -9999  -9999  -9999  -9999    0.0  -9999
C0G660 2006101624  -9999  -9999  -9999  -9999  -9999    0.0  -9999
C0G660 2006101701  -9999  -9999  -9999  -9999  -9999  -9996  -9999
C0G660 2006101702  -9999  -9999  -9999  -9999  -9999    0.0  -9999
C0G660 2006101703  -9999  -9999  -9999  -9999  -9999    0.0  -9999
C0G660 2006101704  -9999  -9999  -9999  -9999  -9999    0.0  -9999
C0G660 2006101705  -9999  -9999  -9999  -9999  -9999    0.0  -9999
C0G660 2006101706  -9999  -9999  -9999  -9999  -9999    0.0  -9999
C0G660 2006101707  -9999  -9999  -9999  -9999  -9999  -9996  -9999
C0G660 2006101708  -9999  -9999  -9999  -9999  -9999  -9996  -9999
C0G660 2006101709  -9999  -9999  -9999  -9999  -9999    0.0  -9999
C0G660 2006101710  -9999  -9999  -9999  -9999  -9999    0.0  -9999
C0G660 2006101711  -9999  -9999  -9999  -9999  -9999    0.0  -9999
C0G660 2006101712  -9999  -9999  -9999  -9999  -9999    0.0  -9999
C0G660 2006101713  -9999  -9999  -9999  -9999  -9999    0.0  -9999
C0G660 2006101714  -9999  -9999  -9999  -9999  -9999    0.0  -9999
C0G660 2006101715  -9999  -9999  -9999  -9999  -9999    0.0  -9999
C0G660 2006101716  -9999  -9999  -9999  -9999  -9999    0.0  -9999
C0G660 2006101717  -9999  -9999  -9999  -9999  -9999    0.0  -9999
C0G660 2006101718  -9999  -9999  -9999  -9999  -9999    0.0  -9999
C0G660 2006101719  -9999  -9999  -9999  -9999  -9999    0.0  -9999
C0G660 2006101720  -9999  -9999  -9999  -9999  -9999    0.0  -9999
C0G660 2006101721  -9999  -9999  -9999  -9999  -9999    0.0  -9999
C0G660 2006101722  -9999  -9999  -9999  -9999  -9999    0.0  -9999
C0G660 2006101723  -9999  -9999  -9999  -9999  -9999    0.0  -9999
C0G660 2006101724  -9999  -9999  -9999  -9999  -9999    0.0  -9999
C0G660 2006101801  -9999  -9999  -9999  -9999  -9999    0.0  -9999
C0G660 2006101802  -9999  -9999  -9999  -9999  -9999    0.0  -9999
C0G660 2006101803  -9999  -9999  -9999  -9999  -9999    0.0  -9999
C0G660 2006101804  -9999  -9999  -9999  -9999  -9999    0.0  -9999
C0G660 2006101805  -9999  -9999  -9999  -9999  -9999    0.0  -9999
C0G660 2006101806  -9999  -9999  -9999  -9999  -9999    0.0  -9999
C0G660 2006101807  -9999  -9999  -9999  -9999  -9999    0.0  -9999
C0G660 2006101808  -9999  -9999  -9999  -9999  -9999    0.0  -9999
C0G660 2006101809  -9999  -9999  -9999  -9999  -9999    0.0  -9999
C0G660 2006101810  -9999  -9999  -9999  -9999  -9999    0.0  -9999
C0G660 2006101811  -9999  -9999  -9999  -9999  -9999    0.0  -9999
C0G660 2006101812  -9999  -9999  -9999  -9999  -9999    0.0  -9999
C0G660 2006101813  -9999  -9999  -9999  -9999  -9999    0.0  -9999
C0G660 2006101814  -9999  -9999  -9999  -9999  -9999    0.0  -9999
C0G660 2006101815  -9999  -9999  -9999  -9999  -9999  -9996  -9999
C0G660 2006101816  -9999  -9999  -9999  -9999  -9999    0.0  -9999
C0G660 2006101817  -9999  -9999  -9999  -9999  -9999    0.0  -9999
C0G660 2006101818  -9999  -9999  -9999  -9999  -9999    0.0  -9999
C0G660 2006101819  -9999  -9999  -9999  -9999  -9999    0.0  -9999
C0G660 2006101820  -9999  -9999  -9999  -9999  -9999    0.0  -9999
C0G660 2006101821  -9999  -9999  -9999  -9999  -9999    0.0  -9999
C0G660 2006101822  -9999  -9999  -9999  -9999  -9999    0.0  -9999
C0G660 2006101823  -9999  -9999  -9999  -9999  -9999    0.0  -9999
C0G660 2006101824  -9999  -9999  -9999  -9999  -9999    0.0  -9999
C0G660 2006101901  -9999  -9999  -9999  -9999  -9999    0.0  -9999
C0G660 2006101902  -9999  -9999  -9999  -9999  -9999    0.0  -9999
C0G660 2006101903  -9999  -9999  -9999  -9999  -9999    0.0  -9999
C0G660 2006101904  -9999  -9999  -9999  -9999  -9999    0.0  -9999
C0G660 2006101905  -9999  -9999  -9999  -9999  -9999    0.0  -9999
C0G660 2006101906  -9999  -9999  -9999  -9999  -9999    0.0  -9999
C0G660 2006101907  -9999  -9999  -9999  -9999  -9999    0.0  -9999
C0G660 2006101908  -9999  -9999  -9999  -9999  -9999    0.0  -9999
C0G660 2006101909  -9999  -9999  -9999  -9999  -9999    0.0  -9999
C0G660 2006101910  -9999  -9999  -9999  -9999  -9999  -9996  -9999
C0G660 2006101911  -9999  -9999  -9999  -9999  -9999    0.0  -9999
C0G660 2006101912  -9999  -9999  -9999  -9999  -9999    0.0  -9999
C0G660 2006101913  -9999  -9999  -9999  -9999  -9999  -9996  -9999
C0G660 2006101914  -9999  -9999  -9999  -9999  -9999    0.0  -9999
C0G660 2006101915  -9999  -9999  -9999  -9999  -9999    0.0  -9999
C0G660 2006101916  -9999  -9999  -9999  -9999  -9999    0.0  -9999
C0G660 2006101917  -9999  -9999  -9999  -9999  -9999    0.0  -9999
C0G660 2006101918  -9999  -9999  -9999  -9999  -9999    0.0  -9999
C0G660 2006101919  -9999  -9999  -9999  -9999  -9999    0.0  -9999
C0G660 2006101920  -9999  -9999  -9999  -9999  -9999    0.0  -9999
C0G660 2006101921  -9999  -9999  -9999  -9999  -9999    0.0  -9999
C0G660 2006101922  -9999  -9999  -9999  -9999  -9999    0.0  -9999
C0G660 2006101923  -9999  -9999  -9999  -9999  -9999    0.0  -9999
C0G660 2006101924  -9999  -9999  -9999  -9999  -9999    0.0  -9999
C0G660 2006102001  -9999  -9999  -9999  -9999  -9999    0.0  -9999
C0G660 2006102002  -9999  -9999  -9999  -9999  -9999    0.0  -9999
C0G660 2006102003  -9999  -9999  -9999  -9999  -9999    0.0  -9999
C0G660 2006102004  -9999  -9999  -9999  -9999  -9999    0.0  -9999
C0G660 2006102005  -9999  -9999  -9999  -9999  -9999    0.0  -9999
C0G660 2006102006  -9999  -9999  -9999  -9999  -9999    0.0  -9999
C0G660 2006102007  -9999  -9999  -9999  -9999  -9999    0.0  -9999
C0G660 2006102008  -9999  -9999  -9999  -9999  -9999    0.0  -9999
C0G660 2006102009  -9999  -9999  -9999  -9999  -9999    0.0  -9999
C0G660 2006102010  -9999  -9999  -9999  -9999  -9999    0.0  -9999
C0G660 2006102011  -9999  -9999  -9999  -9999  -9999  -9996  -9999
C0G660 2006102012  -9999  -9999  -9999  -9999  -9999    0.0  -9999
C0G660 2006102013  -9999  -9999  -9999  -9999  -9999    0.0  -9999
C0G660 2006102014  -9999  -9999  -9999  -9999  -9999    0.0  -9999
C0G660 2006102015  -9999  -9999  -9999  -9999  -9999    0.0  -9999
C0G660 2006102016  -9999  -9999  -9999  -9999  -9999    0.0  -9999
C0G660 2006102017  -9999  -9999  -9999  -9999  -9999    0.0  -9999
C0G660 2006102018  -9999  -9999  -9999  -9999  -9999    0.0  -9999
C0G660 2006102019  -9999  -9999  -9999  -9999  -9999    0.0  -9999
C0G660 2006102020  -9999  -9999  -9999  -9999  -9999    0.0  -9999
C0G660 2006102021  -9999  -9999  -9999  -9999  -9999    0.0  -9999
C0G660 2006102022  -9999  -9999  -9999  -9999  -9999    0.0  -9999
C0G660 2006102023  -9999  -9999  -9999  -9999  -9999    0.0  -9999
C0G660 2006102024  -9999  -9999  -9999  -9999  -9999    0.0  -9999
C0G660 2006102101  -9999  -9999  -9999  -9999  -9999    0.0  -9999
C0G660 2006102102  -9999  -9999  -9999  -9999  -9999    0.0  -9999
C0G660 2006102103  -9999  -9999  -9999  -9999  -9999    0.0  -9999
C0G660 2006102104  -9999  -9999  -9999  -9999  -9999  -9996  -9999
C0G660 2006102105  -9999  -9999  -9999  -9999  -9999    0.0  -9999
C0G660 2006102106  -9999  -9999  -9999  -9999  -9999    0.0  -9999
C0G660 2006102107  -9999  -9999  -9999  -9999  -9999    0.0  -9999
C0G660 2006102108  -9999  -9999  -9999  -9999  -9999    0.0  -9999
C0G660 2006102109  -9999  -9999  -9999  -9999  -9999    0.0  -9999
C0G660 2006102110  -9999  -9999  -9999  -9999  -9999  -9996  -9999
C0G660 2006102111  -9999  -9999  -9999  -9999  -9999    0.0  -9999
C0G660 2006102112  -9999  -9999  -9999  -9999  -9999    0.0  -9999
C0G660 2006102113  -9999  -9999  -9999  -9999  -9999    0.0  -9999
C0G660 2006102114  -9999  -9999  -9999  -9999  -9999    0.0  -9999
C0G660 2006102115  -9999  -9999  -9999  -9999  -9999    0.0  -9999
C0G660 2006102116  -9999  -9999  -9999  -9999  -9999    0.0  -9999
C0G660 2006102117  -9999  -9999  -9999  -9999  -9999    0.0  -9999
C0G660 2006102118  -9999  -9999  -9999  -9999  -9999    0.0  -9999
C0G660 2006102119  -9999  -9999  -9999  -9999  -9999    0.0  -9999
C0G660 2006102120  -9999  -9999  -9999  -9999  -9999    0.0  -9999
C0G660 2006102121  -9999  -9999  -9999  -9999  -9999    0.0  -9999
C0G660 2006102122  -9999  -9999  -9999  -9999  -9999    0.0  -9999
C0G660 2006102123  -9999  -9999  -9999  -9999  -9999  -9996  -9999
C0G660 2006102124  -9999  -9999  -9999  -9999  -9999    0.0  -9999
C0G660 2006102201  -9999  -9999  -9999  -9999  -9999  -9996  -9999
C0G660 2006102202  -9999  -9999  -9999  -9999  -9999    0.0  -9999
C0G660 2006102203  -9999  -9999  -9999  -9999  -9999    0.0  -9999
C0G660 2006102204  -9999  -9999  -9999  -9999  -9999    0.0  -9999
C0G660 2006102205  -9999  -9999  -9999  -9999  -9999    0.0  -9999
C0G660 2006102206  -9999  -9999  -9999  -9999  -9999    0.0  -9999
C0G660 2006102207  -9999  -9999  -9999  -9999  -9999    0.0  -9999
C0G660 2006102208  -9999  -9999  -9999  -9999  -9999    0.0  -9999
C0G660 2006102209  -9999  -9999  -9999  -9999  -9999    0.0  -9999
C0G660 2006102210  -9999  -9999  -9999  -9999  -9999    0.0  -9999
C0G660 2006102211  -9999  -9999  -9999  -9999  -9999    0.0  -9999
C0G660 2006102212  -9999  -9999  -9999  -9999  -9999    0.0  -9999
C0G660 2006102213  -9999  -9999  -9999  -9999  -9999    0.0  -9999
C0G660 2006102214  -9999  -9999  -9999  -9999  -9999    0.0  -9999
C0G660 2006102215  -9999  -9999  -9999  -9999  -9999    0.0  -9999
C0G660 2006102216  -9999  -9999  -9999  -9999  -9999  -9996  -9999
C0G660 2006102217  -9999  -9999  -9999  -9999  -9999    0.0  -9999
C0G660 2006102218  -9999  -9999  -9999  -9999  -9999    0.0  -9999
C0G660 2006102219  -9999  -9999  -9999  -9999  -9999    0.0  -9999
C0G660 2006102220  -9999  -9999  -9999  -9999  -9999    0.0  -9999
C0G660 2006102221  -9999  -9999  -9999  -9999  -9999    0.0  -9999
C0G660 2006102222  -9999  -9999  -9999  -9999  -9999    0.0  -9999
C0G660 2006102223  -9999  -9999  -9999  -9999  -9999    0.0  -9999
C0G660 2006102224  -9999  -9999  -9999  -9999  -9999    0.0  -9999
C0G660 2006102301  -9999  -9999  -9999  -9999  -9999    0.0  -9999
C0G660 2006102302  -9999  -9999  -9999  -9999  -9999    0.0  -9999
C0G660 2006102303  -9999  -9999  -9999  -9999  -9999    0.0  -9999
C0G660 2006102304  -9999  -9999  -9999  -9999  -9999    0.0  -9999
C0G660 2006102305  -9999  -9999  -9999  -9999  -9999    0.0  -9999
C0G660 2006102306  -9999  -9999  -9999  -9999  -9999    0.0  -9999
C0G660 2006102307  -9999  -9999  -9999  -9999  -9999    0.0  -9999
C0G660 2006102308  -9999  -9999  -9999  -9999  -9999    0.0  -9999
C0G660 2006102309  -9999  -9999  -9999  -9999  -9999    0.0  -9999
C0G660 2006102310  -9999  -9999  -9999  -9999  -9999    0.0  -9999
C0G660 2006102311  -9999  -9999  -9999  -9999  -9999    0.0  -9999
C0G660 2006102312  -9999  -9999  -9999  -9999  -9999    0.0  -9999
C0G660 2006102313  -9999  -9999  -9999  -9999  -9999    0.0  -9999
C0G660 2006102314  -9999  -9999  -9999  -9999  -9999    0.0  -9999
C0G660 2006102315  -9999  -9999  -9999  -9999  -9999    0.0  -9999
C0G660 2006102316  -9999  -9999  -9999  -9999  -9999    0.0  -9999
C0G660 2006102317  -9999  -9999  -9999  -9999  -9999    0.0  -9999
C0G660 2006102318  -9999  -9999  -9999  -9999  -9999    0.0  -9999
C0G660 2006102319  -9999  -9999  -9999  -9999  -9999    0.0  -9999
C0G660 2006102320  -9999  -9999  -9999  -9999  -9999    0.0  -9999
C0G660 2006102321  -9999  -9999  -9999  -9999  -9999    0.0  -9999
C0G660 2006102322  -9999  -9999  -9999  -9999  -9999    0.0  -9999
C0G660 2006102323  -9999  -9999  -9999  -9999  -9999    0.0  -9999
C0G660 2006102324  -9999  -9999  -9999  -9999  -9999    0.0  -9999
C0G660 2006102401  -9999  -9999  -9999  -9999  -9999    0.0  -9999
C0G660 2006102402  -9999  -9999  -9999  -9999  -9999    0.0  -9999
C0G660 2006102403  -9999  -9999  -9999  -9999  -9999    0.0  -9999
C0G660 2006102404  -9999  -9999  -9999  -9999  -9999    0.0  -9999
C0G660 2006102405  -9999  -9999  -9999  -9999  -9999    0.0  -9999
C0G660 2006102406  -9999  -9999  -9999  -9999  -9999    0.0  -9999
C0G660 2006102407  -9999  -9999  -9999  -9999  -9999    0.0  -9999
C0G660 2006102408  -9999  -9999  -9999  -9999  -9999    0.0  -9999
C0G660 2006102409  -9999  -9999  -9999  -9999  -9999    0.0  -9999
C0G660 2006102410  -9999  -9999  -9999  -9999  -9999    0.0  -9999
C0G660 2006102411  -9999  -9999  -9999  -9999  -9999    0.0  -9999
C0G660 2006102412  -9999  -9999  -9999  -9999  -9999    0.0  -9999
C0G660 2006102413  -9999  -9999  -9999  -9999  -9999    0.0  -9999
C0G660 2006102414  -9999  -9999  -9999  -9999  -9999    0.0  -9999
C0G660 2006102415  -9999  -9999  -9999  -9999  -9999    0.0  -9999
C0G660 2006102416  -9999  -9999  -9999  -9999  -9999    0.0  -9999
C0G660 2006102417  -9999  -9999  -9999  -9999  -9999    0.0  -9999
C0G660 2006102418  -9999  -9999  -9999  -9999  -9999    0.0  -9999
C0G660 2006102419  -9999  -9999  -9999  -9999  -9999    0.0  -9999
C0G660 2006102420  -9999  -9999  -9999  -9999  -9999    0.0  -9999
C0G660 2006102421  -9999  -9999  -9999  -9999  -9999    0.0  -9999
C0G660 2006102422  -9999  -9999  -9999  -9999  -9999    0.0  -9999
C0G660 2006102423  -9999  -9999  -9999  -9999  -9999    0.0  -9999
C0G660 2006102424  -9999  -9999  -9999  -9999  -9999    0.0  -9999
C0G660 2006102501  -9999  -9999  -9999  -9999  -9999    0.0  -9999
C0G660 2006102502  -9999  -9999  -9999  -9999  -9999    0.0  -9999
C0G660 2006102503  -9999  -9999  -9999  -9999  -9999  -9996  -9999
C0G660 2006102504  -9999  -9999  -9999  -9999  -9999    0.0  -9999
C0G660 2006102505  -9999  -9999  -9999  -9999  -9999    0.0  -9999
C0G660 2006102506  -9999  -9999  -9999  -9999  -9999    0.0  -9999
C0G660 2006102507  -9999  -9999  -9999  -9999  -9999    0.0  -9999
C0G660 2006102508  -9999  -9999  -9999  -9999  -9999    0.0  -9999
C0G660 2006102509  -9999  -9999  -9999  -9999  -9999    0.0  -9999
C0G660 2006102510  -9999  -9999  -9999  -9999  -9999    0.0  -9999
C0G660 2006102511  -9999  -9999  -9999  -9999  -9999    0.0  -9999
C0G660 2006102512  -9999  -9999  -9999  -9999  -9999    0.0  -9999
C0G660 2006102513  -9999  -9999  -9999  -9999  -9999    0.0  -9999
C0G660 2006102514  -9999  -9999  -9999  -9999  -9999    0.0  -9999
C0G660 2006102515  -9999  -9999  -9999  -9999  -9999    0.0  -9999
C0G660 2006102516  -9999  -9999  -9999  -9999  -9999    0.0  -9999
C0G660 2006102517  -9999  -9999  -9999  -9999  -9999    0.0  -9999
C0G660 2006102518  -9999  -9999  -9999  -9999  -9999    0.0  -9999
C0G660 2006102519  -9999  -9999  -9999  -9999  -9999    0.0  -9999
C0G660 2006102520  -9999  -9999  -9999  -9999  -9999    0.0  -9999
C0G660 2006102521  -9999  -9999  -9999  -9999  -9999  -9996  -9999
C0G660 2006102522  -9999  -9999  -9999  -9999  -9999    0.0  -9999
C0G660 2006102523  -9999  -9999  -9999  -9999  -9999    0.0  -9999
C0G660 2006102524  -9999  -9999  -9999  -9999  -9999    0.0  -9999
C0G660 2006102601  -9999  -9999  -9999  -9999  -9999  -9996  -9999
C0G660 2006102602  -9999  -9999  -9999  -9999  -9999  -9996  -9999
C0G660 2006102603  -9999  -9999  -9999  -9999  -9999    0.0  -9999
C0G660 2006102604  -9999  -9999  -9999  -9999  -9999    0.0  -9999
C0G660 2006102605  -9999  -9999  -9999  -9999  -9999    0.0  -9999
C0G660 2006102606  -9999  -9999  -9999  -9999  -9999    0.0  -9999
C0G660 2006102607  -9999  -9999  -9999  -9999  -9999    0.0  -9999
C0G660 2006102608  -9999  -9999  -9999  -9999  -9999    0.0  -9999
C0G660 2006102609  -9999  -9999  -9999  -9999  -9999    0.0  -9999
C0G660 2006102610  -9999  -9999  -9999  -9999  -9999    0.0  -9999
C0G660 2006102611  -9999  -9999  -9999  -9999  -9999    0.0  -9999
C0G660 2006102612  -9999  -9999  -9999  -9999  -9999    0.0  -9999
C0G660 2006102613  -9999  -9999  -9999  -9999  -9999    0.0  -9999
C0G660 2006102614  -9999  -9999  -9999  -9999  -9999    0.0  -9999
C0G660 2006102615  -9999  -9999  -9999  -9999  -9999    0.0  -9999
C0G660 2006102616  -9999  -9999  -9999  -9999  -9999    0.0  -9999
C0G660 2006102617  -9999  -9999  -9999  -9999  -9999    0.0  -9999
C0G660 2006102618  -9999  -9999  -9999  -9999  -9999    0.0  -9999
C0G660 2006102619  -9999  -9999  -9999  -9999  -9999  -9996  -9999
C0G660 2006102620  -9999  -9999  -9999  -9999  -9999    0.0  -9999
C0G660 2006102621  -9999  -9999  -9999  -9999  -9999    0.0  -9999
C0G660 2006102622  -9999  -9999  -9999  -9999  -9999  -9996  -9999
C0G660 2006102623  -9999  -9999  -9999  -9999  -9999    0.0  -9999
C0G660 2006102624  -9999  -9999  -9999  -9999  -9999    0.0  -9999
C0G660 2006102701  -9999  -9999  -9999  -9999  -9999    0.0  -9999
C0G660 2006102702  -9999  -9999  -9999  -9999  -9999    0.0  -9999
C0G660 2006102703  -9999  -9999  -9999  -9999  -9999    0.0  -9999
C0G660 2006102704  -9999  -9999  -9999  -9999  -9999    0.0  -9999
C0G660 2006102705  -9999  -9999  -9999  -9999  -9999  -9996  -9999
C0G660 2006102706  -9999  -9999  -9999  -9999  -9999    0.0  -9999
C0G660 2006102707  -9999  -9999  -9999  -9999  -9999    0.0  -9999
C0G660 2006102708  -9999  -9999  -9999  -9999  -9999    0.0  -9999
C0G660 2006102709  -9999  -9999  -9999  -9999  -9999    0.0  -9999
C0G660 2006102710  -9999  -9999  -9999  -9999  -9999    0.0  -9999
C0G660 2006102711  -9999  -9999  -9999  -9999  -9999    0.0  -9999
C0G660 2006102712  -9999  -9999  -9999  -9999  -9999    0.0  -9999
C0G660 2006102713  -9999  -9999  -9999  -9999  -9999    0.0  -9999
C0G660 2006102714  -9999  -9999  -9999  -9999  -9999    0.0  -9999
C0G660 2006102715  -9999  -9999  -9999  -9999  -9999  -9996  -9999
C0G660 2006102716  -9999  -9999  -9999  -9999  -9999    0.0  -9999
C0G660 2006102717  -9999  -9999  -9999  -9999  -9999    0.0  -9999
C0G660 2006102718  -9999  -9999  -9999  -9999  -9999    0.0  -9999
C0G660 2006102719  -9999  -9999  -9999  -9999  -9999    0.0  -9999
C0G660 2006102720  -9999  -9999  -9999  -9999  -9999    0.0  -9999
C0G660 2006102721  -9999  -9999  -9999  -9999  -9999    0.0  -9999
C0G660 2006102722  -9999  -9999  -9999  -9999  -9999    0.0  -9999
C0G660 2006102723  -9999  -9999  -9999  -9999  -9999    0.0  -9999
C0G660 2006102724  -9999  -9999  -9999  -9999  -9999  -9996  -9999
C0G660 2006102801  -9999  -9999  -9999  -9999  -9999    0.0  -9999
C0G660 2006102802  -9999  -9999  -9999  -9999  -9999    0.0  -9999
C0G660 2006102803  -9999  -9999  -9999  -9999  -9999    0.0  -9999
C0G660 2006102804  -9999  -9999  -9999  -9999  -9999    0.0  -9999
C0G660 2006102805  -9999  -9999  -9999  -9999  -9999    0.0  -9999
C0G660 2006102806  -9999  -9999  -9999  -9999  -9999    0.0  -9999
C0G660 2006102807  -9999  -9999  -9999  -9999  -9999    0.0  -9999
C0G660 2006102808  -9999  -9999  -9999  -9999  -9999    0.0  -9999
C0G660 2006102809  -9999  -9999  -9999  -9999  -9999    0.0  -9999
C0G660 2006102810  -9999  -9999  -9999  -9999  -9999    0.0  -9999
C0G660 2006102811  -9999  -9999  -9999  -9999  -9999  -9996  -9999
C0G660 2006102812  -9999  -9999  -9999  -9999  -9999    0.0  -9999
C0G660 2006102813  -9999  -9999  -9999  -9999  -9999    0.0  -9999
C0G660 2006102814  -9999  -9999  -9999  -9999  -9999    0.0  -9999
C0G660 2006102815  -9999  -9999  -9999  -9999  -9999    0.0  -9999
C0G660 2006102816  -9999  -9999  -9999  -9999  -9999    0.0  -9999
C0G660 2006102817  -9999  -9999  -9999  -9999  -9999    0.0  -9999
C0G660 2006102818  -9999  -9999  -9999  -9999  -9999    0.0  -9999
C0G660 2006102819  -9999  -9999  -9999  -9999  -9999    0.0  -9999
C0G660 2006102820  -9999  -9999  -9999  -9999  -9999    0.0  -9999
C0G660 2006102821  -9999  -9999  -9999  -9999  -9999    0.0  -9999
C0G660 2006102822  -9999  -9999  -9999  -9999  -9999    0.0  -9999
C0G660 2006102823  -9999  -9999  -9999  -9999  -9999    0.0  -9999
C0G660 2006102824  -9999  -9999  -9999  -9999  -9999    0.0  -9999
C0G660 2006102901  -9999  -9999  -9999  -9999  -9999    0.0  -9999
C0G660 2006102902  -9999  -9999  -9999  -9999  -9999    0.0  -9999
C0G660 2006102903  -9999  -9999  -9999  -9999  -9999    0.0  -9999
C0G660 2006102904  -9999  -9999  -9999  -9999  -9999    0.0  -9999
C0G660 2006102905  -9999  -9999  -9999  -9999  -9999    0.0  -9999
C0G660 2006102906  -9999  -9999  -9999  -9999  -9999  -9996  -9999
C0G660 2006102907  -9999  -9999  -9999  -9999  -9999    0.0  -9999
C0G660 2006102908  -9999  -9999  -9999  -9999  -9999    0.0  -9999
C0G660 2006102909  -9999  -9999  -9999  -9999  -9999    0.0  -9999
C0G660 2006102910  -9999  -9999  -9999  -9999  -9999  -9996  -9999
C0G660 2006102911  -9999  -9999  -9999  -9999  -9999    0.0  -9999
C0G660 2006102912  -9999  -9999  -9999  -9999  -9999  -9996  -9999
C0G660 2006102913  -9999  -9999  -9999  -9999  -9999    0.0  -9999
C0G660 2006102914  -9999  -9999  -9999  -9999  -9999  -9996  -9999
C0G660 2006102915  -9999  -9999  -9999  -9999  -9999    0.0  -9999
C0G660 2006102916  -9999  -9999  -9999  -9999  -9999    0.0  -9999
C0G660 2006102917  -9999  -9999  -9999  -9999  -9999    0.0  -9999
C0G660 2006102918  -9999  -9999  -9999  -9999  -9999    0.0  -9999
C0G660 2006102919  -9999  -9999  -9999  -9999  -9999  -9996  -9999
C0G660 2006102920  -9999  -9999  -9999  -9999  -9999    0.0  -9999
C0G660 2006102921  -9999  -9999  -9999  -9999  -9999  -9996  -9999
C0G660 2006102922  -9999  -9999  -9999  -9999  -9999    0.0  -9999
C0G660 2006102923  -9999  -9999  -9999  -9999  -9999    0.0  -9999
C0G660 2006102924  -9999  -9999  -9999  -9999  -9999    0.0  -9999
C0G660 2006103001  -9999  -9999  -9999  -9999  -9999    0.0  -9999
C0G660 2006103002  -9999  -9999  -9999  -9999  -9999    0.0  -9999
C0G660 2006103003  -9999  -9999  -9999  -9999  -9999    0.0  -9999
C0G660 2006103004  -9999  -9999  -9999  -9999  -9999    0.0  -9999
C0G660 2006103005  -9999  -9999  -9999  -9999  -9999    0.0  -9999
C0G660 2006103006  -9999  -9999  -9999  -9999  -9999    0.0  -9999
C0G660 2006103007  -9999  -9999  -9999  -9999  -9999    0.0  -9999
C0G660 2006103008  -9999  -9999  -9999  -9999  -9999    0.0  -9999
C0G660 2006103009  -9999  -9999  -9999  -9999  -9999    0.0  -9999
C0G660 2006103010  -9999  -9999  -9999  -9999  -9999    0.0  -9999
C0G660 2006103011  -9999  -9999  -9999  -9999  -9999  -9996  -9999
C0G660 2006103012  -9999  -9999  -9999  -9999  -9999    0.0  -9999
C0G660 2006103013  -9999  -9999  -9999  -9999  -9999    0.0  -9999
C0G660 2006103014  -9999  -9999  -9999  -9999  -9999    0.0  -9999
C0G660 2006103015  -9999  -9999  -9999  -9999  -9999    0.0  -9999
C0G660 2006103016  -9999  -9999  -9999  -9999  -9999    0.0  -9999
C0G660 2006103017  -9999  -9999  -9999  -9999  -9999    0.0  -9999
C0G660 2006103018  -9999  -9999  -9999  -9999  -9999  -9996  -9999
C0G660 2006103019  -9999  -9999  -9999  -9999  -9999    0.0  -9999
C0G660 2006103020  -9999  -9999  -9999  -9999  -9999    0.0  -9999
C0G660 2006103021  -9999  -9999  -9999  -9999  -9999    0.0  -9999
C0G660 2006103022  -9999  -9999  -9999  -9999  -9999    0.0  -9999
C0G660 2006103023  -9999  -9999  -9999  -9999  -9999    0.0  -9999
C0G660 2006103024  -9999  -9999  -9999  -9999  -9999    0.0  -9999
C0G660 2006103101  -9999  -9999  -9999  -9999  -9999  -9996  -9999
C0G660 2006103102  -9999  -9999  -9999  -9999  -9999    0.0  -9999
C0G660 2006103103  -9999  -9999  -9999  -9999  -9999    0.0  -9999
C0G660 2006103104  -9999  -9999  -9999  -9999  -9999    0.0  -9999
C0G660 2006103105  -9999  -9999  -9999  -9999  -9999    0.0  -9999
C0G660 2006103106  -9999  -9999  -9999  -9999  -9999    0.0  -9999
C0G660 2006103107  -9999  -9999  -9999  -9999  -9999    0.0  -9999
C0G660 2006103108  -9999  -9999  -9999  -9999  -9999    0.0  -9999
C0G660 2006103109  -9999  -9999  -9999  -9999  -9999    0.0  -9999
C0G660 2006103110  -9999  -9999  -9999  -9999  -9999    0.0  -9999
C0G660 2006103111  -9999  -9999  -9999  -9999  -9999    0.0  -9999
C0G660 2006103112  -9999  -9999  -9999  -9999  -9999    0.0  -9999
C0G660 2006103113  -9999  -9999  -9999  -9999  -9999    0.0  -9999
C0G660 2006103114  -9999  -9999  -9999  -9999  -9999  -9996  -9999
C0G660 2006103115  -9999  -9999  -9999  -9999  -9999    0.0  -9999
C0G660 2006103116  -9999  -9999  -9999  -9999  -9999  -9996  -9999
C0G660 2006103117  -9999  -9999  -9999  -9999  -9999    0.0  -9999
C0G660 2006103118  -9999  -9999  -9999  -9999  -9999    0.0  -9999
C0G660 2006103119  -9999  -9999  -9999  -9999  -9999    0.0  -9999
C0G660 2006103120  -9999  -9999  -9999  -9999  -9999  -9996  -9999
C0G660 2006103121  -9999  -9999  -9999  -9999  -9999    0.0  -9999
C0G660 2006103122  -9999  -9999  -9999  -9999  -9999    0.0  -9999
C0G660 2006103123  -9999  -9999  -9999  -9999  -9999    0.0  -9999
C0G660 2006103124  -9999  -9999  -9999  -9999  -9999    0.0  -9999
