C0G650 2006090101 26.8 -9997 0.0 0.0
C0G650 2006090102 27.1 -9997 0.1 0.0
C0G650 2006090103 26.8 -9997 0.0 0.0
C0G650 2006090104 26.7 -9997 0.0 0.0
C0G650 2006090105 26.6 -9997 0.0 0.0
C0G650 2006090106 25.7 -9997 0.0 0.0
C0G650 2006090107 27.1 -9997 0.0 0.0
C0G650 2006090108 29.2 -9997 1.6 0.0
C0G650 2006090109 30.6 -9997 1.1 0.0
C0G650 2006090110 31.7 -9997 2.0 0.0
C0G650 2006090111 32.6 -9997 1.1 0.0
C0G650 2006090112 33.3 -9997 0.4 0.0
C0G650 2006090113 33.2 -9997 1.4 0.0
C0G650 2006090114 33.0 -9997 1.2 0.0
C0G650 2006090115 27.5 -9997 2.3 10.0
C0G650 2006090116 -9997 -9997 -9997 0.0
C0G650 2006090117 -9997 -9997 -9997 0.5
C0G650 2006090118 -9997 -9997 -9997 0.0
C0G650 2006090119 -9997 -9997 -9997 0.0
C0G650 2006090120 -9997 -9997 -9997 0.0
C0G650 2006090121 -9997 -9997 -9997 0.0
C0G650 2006090122 -9997 -9997 -9997 0.0
C0G650 2006090123 -9997 -9997 -9997 0.0
C0G650 2006090124 -9997 -9997 -9997 0.0
C0G650 2006090201 -9997 -9997 -9997 0.0
C0G650 2006090202 -9997 -9997 -9997 0.0
C0G650 2006090203 -9997 -9997 -9997 0.0
C0G650 2006090204 -9997 -9997 -9997 0.0
C0G650 2006090205 -9997 -9997 -9997 0.0
C0G650 2006090206 -9997 -9997 -9997 0.0
C0G650 2006090207 -9997 -9997 -9997 0.0
C0G650 2006090208 -9997 -9997 -9997 0.0
C0G650 2006090209 -9997 -9997 -9997 0.0
C0G650 2006090210 -9997 -9997 -9997 0.0
C0G650 2006090211 -9997 -9997 -9997 0.0
C0G650 2006090212 -9997 -9997 -9997 0.0
C0G650 2006090213 -9997 -9997 -9997 0.0
C0G650 2006090214 -9997 -9997 -9997 0.0
C0G650 2006090215 -9997 -9997 -9997 27.5
C0G650 2006090216 -9997 -9997 -9997 2.0
C0G650 2006090217 -9997 -9997 -9997 0.0
C0G650 2006090218 -9997 -9997 -9997 0.0
C0G650 2006090219 -9997 -9997 -9997 0.0
C0G650 2006090220 -9997 -9997 -9997 0.0
C0G650 2006090221 -9997 -9997 -9997 0.0
C0G650 2006090222 -9997 -9997 -9997 0.0
C0G650 2006090223 -9997 -9997 -9997 0.0
C0G650 2006090224 -9997 -9997 -9997 0.0
C0G650 2006090301 -9997 -9997 -9997 0.0
C0G650 2006090302 -9997 -9997 -9997 0.0
C0G650 2006090303 -9997 -9997 -9997 0.0
C0G650 2006090304 -9997 -9997 -9997 0.0
C0G650 2006090305 -9997 -9997 -9997 0.0
C0G650 2006090306 -9997 -9997 -9997 0.0
C0G650 2006090307 -9997 -9997 -9997 0.0
C0G650 2006090308 -9997 -9997 -9997 0.0
C0G650 2006090309 -9997 -9997 -9997 0.0
C0G650 2006090310 -9997 -9997 -9997 0.0
C0G650 2006090311 -9997 -9997 -9997 0.0
C0G650 2006090312 -9997 -9997 -9997 0.0
C0G650 2006090313 -9997 -9997 -9997 0.0
C0G650 2006090314 -9997 -9997 -9997 0.0
C0G650 2006090315 -9997 -9997 -9997 0.0
C0G650 2006090316 -9997 -9997 -9997 0.0
C0G650 2006090317 -9997 -9997 -9997 0.0
C0G650 2006090318 -9997 -9997 -9997 0.0
C0G650 2006090319 -9997 -9997 -9997 0.5
C0G650 2006090320 -9997 -9997 -9997 0.0
C0G650 2006090321 -9997 -9997 -9997 0.0
C0G650 2006090322 -9997 -9997 -9997 0.0
C0G650 2006090323 -9997 -9997 -9997 0.0
C0G650 2006090324 -9997 -9997 -9997 0.0
C0G650 2006090401 -9997 -9997 -9997 0.0
C0G650 2006090402 -9997 -9997 -9997 0.0
C0G650 2006090403 -9997 -9997 -9997 0.0
C0G650 2006090404 -9997 -9997 -9997 0.0
C0G650 2006090405 -9997 -9997 -9997 0.0
C0G650 2006090406 -9997 -9997 -9997 0.0
C0G650 2006090407 -9997 -9997 -9997 0.0
C0G650 2006090408 -9997 -9997 -9997 0.0
C0G650 2006090409 -9997 -9997 -9997 0.0
C0G650 2006090410 -9997 -9997 -9997 0.0
C0G650 2006090411 -9997 -9997 -9997 0.0
C0G650 2006090412 -9997 -9997 -9997 0.0
C0G650 2006090413 33.2 -9997 1.5 0.0
C0G650 2006090414 32.7 -9997 1.9 0.0
C0G650 2006090415 32.8 -9997 1.9 0.0
C0G650 2006090416 30.9 -9997 1.0 0.0
C0G650 2006090417 28.1 -9997 0.2 0.0
C0G650 2006090418 27.5 -9997 0.0 0.5
C0G650 2006090419 27.3 -9997 0.3 0.0
C0G650 2006090420 26.7 -9997 0.0 0.5
C0G650 2006090421 25.7 -9997 0.0 0.5
C0G650 2006090422 25.3 -9997 0.0 0.5
C0G650 2006090423 25.2 -9997 0.0 0.0
C0G650 2006090424 25.0 -9997 0.0 0.0
C0G650 2006090501 25.1 -9997 0.0 0.0
C0G650 2006090502 25.1 -9997 0.0 0.0
C0G650 2006090503 25.1 -9997 0.0 0.0
C0G650 2006090504 25.1 -9997 0.0 0.0
C0G650 2006090505 24.9 -9997 0.0 0.0
C0G650 2006090506 24.9 -9997 0.0 0.0
C0G650 2006090507 26.7 -9997 0.2 0.0
C0G650 2006090508 27.5 -9997 1.8 0.0
C0G650 2006090509 29.0 -9997 2.3 0.0
C0G650 2006090510 30.2 -9997 1.9 0.0
C0G650 2006090511 30.2 -9997 2.0 0.0
C0G650 2006090512 31.1 -9997 1.3 0.0
C0G650 2006090513 32.1 -9997 0.8 0.0
C0G650 2006090514 27.6 -9997 0.0 6.0
C0G650 2006090515 30.7 -9997 1.7 2.5
C0G650 2006090516 27.7 -9997 0.3 3.0
C0G650 2006090517 29.5 -9997 1.7 0.5
C0G650 2006090518 28.8 -9997 1.1 0.0
C0G650 2006090519 28.3 -9997 0.4 0.0
C0G650 2006090520 27.5 -9997 0.2 0.0
C0G650 2006090521 27.0 -9997 0.0 0.0
C0G650 2006090522 26.7 -9997 0.5 0.0
C0G650 2006090523 26.8 -9997 0.1 0.0
C0G650 2006090524 26.7 -9997 0.0 0.0
C0G650 2006090601 26.7 -9997 0.0 0.0
C0G650 2006090602 26.4 -9997 0.0 0.0
C0G650 2006090603 26.0 -9997 0.0 0.0
C0G650 2006090604 26.1 -9997 0.1 0.0
C0G650 2006090605 25.7 -9997 0.0 0.0
C0G650 2006090606 25.5 -9997 0.0 0.0
C0G650 2006090607 26.3 -9997 0.1 0.0
C0G650 2006090608 28.7 -9997 1.7 0.0
C0G650 2006090609 29.6 -9997 2.5 0.0
C0G650 2006090610 -9997 -9997 -9997 0.0
C0G650 2006090611 -9997 -9997 -9997 0.0
C0G650 2006090612 -9997 -9997 -9997 0.0
C0G650 2006090613 -9997 -9997 -9997 0.0
C0G650 2006090614 -9997 -9997 -9997 0.0
C0G650 2006090615 -9997 -9997 -9997 0.0
C0G650 2006090616 -9997 -9997 -9997 0.0
C0G650 2006090617 -9997 -9997 -9997 0.0
C0G650 2006090618 -9997 -9997 -9997 0.0
C0G650 2006090619 -9997 -9997 -9997 0.0
C0G650 2006090620 -9997 -9997 -9997 0.0
C0G650 2006090621 -9997 -9997 -9997 0.0
C0G650 2006090622 -9997 -9997 -9997 0.0
C0G650 2006090623 -9997 -9997 -9997 0.0
C0G650 2006090624 -9997 -9997 -9997 0.0
C0G650 2006090701 -9997 -9997 -9997 0.0
C0G650 2006090702 -9997 -9997 -9997 0.0
C0G650 2006090703 -9997 -9997 -9997 0.0
C0G650 2006090704 -9997 -9997 -9997 0.0
C0G650 2006090705 -9997 -9997 -9997 0.0
C0G650 2006090706 -9997 -9997 -9997 0.0
C0G650 2006090707 -9997 -9997 -9997 0.0
C0G650 2006090708 -9997 -9997 -9997 0.0
C0G650 2006090709 -9997 -9997 -9997 0.0
C0G650 2006090710 -9997 -9997 -9997 0.0
C0G650 2006090711 -9997 -9997 -9997 0.0
C0G650 2006090712 -9997 -9997 -9997 0.0
C0G650 2006090713 -9997 -9997 -9997 0.0
C0G650 2006090714 -9997 -9997 -9997 0.0
C0G650 2006090715 29.4 -9997 0.6 0.0
C0G650 2006090716 25.9 -9997 1.0 27.0
C0G650 2006090717 25.4 -9997 0.0 25.0
C0G650 2006090718 25.2 -9997 1.9 3.5
C0G650 2006090719 25.2 -9997 0.0 0.0
C0G650 2006090720 25.1 -9997 0.1 1.0
C0G650 2006090721 24.7 -9997 0.0 5.5
C0G650 2006090722 24.9 -9997 0.0 2.5
C0G650 2006090723 25.0 -9997 0.0 0.0
C0G650 2006090724 24.8 -9997 0.0 0.0
C0G650 2006090801 24.7 -9997 0.0 0.0
C0G650 2006090802 24.7 -9997 0.0 0.0
C0G650 2006090803 24.5 -9997 0.0 0.0
C0G650 2006090804 24.4 -9997 0.0 0.0
C0G650 2006090805 24.3 -9997 0.0 0.0
C0G650 2006090806 24.2 -9997 0.0 0.0
C0G650 2006090807 24.6 -9997 0.0 0.0
C0G650 2006090808 26.9 -9997 0.2 0.0
C0G650 2006090809 29.9 -9997 1.0 0.0
C0G650 2006090810 31.5 -9997 1.2 0.0
C0G650 2006090811 31.0 -9997 0.3 0.0
C0G650 2006090812 32.0 -9997 0.9 0.0
C0G650 2006090813 33.0 -9997 0.4 0.0
C0G650 2006090814 29.8 -9997 1.5 0.0
C0G650 2006090815 25.8 -9997 0.9 26.0
C0G650 2006090816 24.9 -9997 2.3 40.0
C0G650 2006090817 24.8 -9997 0.4 10.0
C0G650 2006090818 24.9 -9997 0.1 1.5
C0G650 2006090819 24.8 -9997 0.3 0.5
C0G650 2006090820 24.7 -9997 0.0 0.5
C0G650 2006090821 24.7 -9997 0.0 0.0
C0G650 2006090822 24.8 -9997 0.0 0.0
C0G650 2006090823 24.7 -9997 0.0 0.0
C0G650 2006090824 24.9 -9997 0.0 0.0
C0G650 2006090901 24.7 -9997 0.0 0.0
C0G650 2006090902 24.6 -9997 0.0 0.0
C0G650 2006090903 24.3 -9997 0.0 0.0
C0G650 2006090904 24.2 -9997 0.0 0.0
C0G650 2006090905 24.0 -9997 0.0 0.0
C0G650 2006090906 23.9 -9997 0.0 0.0
C0G650 2006090907 24.7 -9997 0.0 0.0
C0G650 2006090908 27.5 -9997 0.0 0.0
C0G650 2006090909 29.5 -9997 0.2 0.0
C0G650 2006090910 30.8 -9997 0.1 0.0
C0G650 2006090911 30.6 -9997 0.0 0.0
C0G650 2006090912 31.3 -9997 0.3 0.0
C0G650 2006090913 31.9 -9997 0.6 0.0
C0G650 2006090914 31.7 -9997 0.1 0.0
C0G650 2006090915 31.4 -9997 1.4 0.0
C0G650 2006090916 31.1 -9997 0.1 0.0
C0G650 2006090917 30.7 -9997 0.1 0.0
C0G650 2006090918 27.9 -9997 0.8 0.0
C0G650 2006090919 27.3 -9997 0.0 0.0
C0G650 2006090920 27.5 -9997 0.0 0.0
C0G650 2006090921 27.2 -9997 0.0 0.0
C0G650 2006090922 26.7 -9997 0.0 0.5
C0G650 2006090923 26.8 -9997 0.1 0.0
C0G650 2006090924 26.2 -9997 0.0 0.0
C0G650 2006091001 26.0 -9997 0.0 0.0
C0G650 2006091002 25.8 -9997 0.0 0.0
C0G650 2006091003 26.2 -9997 0.2 0.0
C0G650 2006091004 25.8 -9997 0.1 0.0
C0G650 2006091005 25.4 -9997 0.0 0.0
C0G650 2006091006 25.5 -9997 0.0 0.0
C0G650 2006091007 26.0 -9997 0.7 0.0
C0G650 2006091008 27.0 -9997 0.3 0.0
C0G650 2006091009 28.8 -9997 1.2 0.0
C0G650 2006091010 29.1 -9997 2.6 0.0
C0G650 2006091011 28.2 -9997 2.2 0.0
C0G650 2006091012 26.3 -9997 2.0 0.5
C0G650 2006091013 26.3 -9997 0.8 2.0
C0G650 2006091014 27.6 -9997 1.3 0.0
C0G650 2006091015 28.4 -9997 0.7 0.0
C0G650 2006091016 27.9 -9997 -9997 0.0
C0G650 2006091017 27.3 -9997 1.2 0.0
C0G650 2006091018 26.9 -9997 0.9 0.0
C0G650 2006091019 26.5 -9997 0.6 0.0
C0G650 2006091020 26.2 -9997 0.4 0.0
C0G650 2006091021 26.3 -9997 0.0 0.0
C0G650 2006091022 26.0 -9997 0.0 0.0
C0G650 2006091023 25.4 -9997 0.0 0.0
C0G650 2006091024 25.2 -9997 0.0 0.0
C0G650 2006091101 25.1 -9997 0.0 0.0
C0G650 2006091102 24.8 -9997 0.0 0.0
C0G650 2006091103 24.7 -9997 0.0 0.0
C0G650 2006091104 24.5 -9997 0.0 0.0
C0G650 2006091105 24.7 -9997 0.0 0.0
C0G650 2006091106 24.8 -9997 0.0 0.0
C0G650 2006091107 25.4 -9997 0.0 0.0
C0G650 2006091108 26.5 -9997 0.0 0.0
C0G650 2006091109 28.1 -9997 1.2 0.0
C0G650 2006091110 29.0 -9997 0.1 0.0
C0G650 2006091111 30.8 -9997 0.0 0.0
C0G650 2006091112 30.9 -9997 0.8 0.0
C0G650 2006091113 31.1 -9997 1.7 0.0
C0G650 2006091114 30.7 -9997 0.6 0.0
C0G650 2006091115 28.1 -9997 0.9 0.0
C0G650 2006091116 25.7 -9997 2.0 7.0
C0G650 2006091117 25.3 -9997 0.2 9.0
C0G650 2006091118 25.2 -9997 1.6 5.0
C0G650 2006091119 24.6 -9997 0.1 4.0
C0G650 2006091120 24.5 -9997 0.7 4.5
C0G650 2006091121 24.6 -9997 0.2 9.5
C0G650 2006091122 24.6 -9997 0.0 0.0
C0G650 2006091123 24.8 -9997 0.0 0.0
C0G650 2006091124 24.8 -9997 0.0 0.0
C0G650 2006091201 24.9 -9997 0.0 0.0
C0G650 2006091202 25.0 -9997 0.0 0.0
C0G650 2006091203 24.9 -9997 0.0 0.0
C0G650 2006091204 24.9 -9997 0.0 0.0
C0G650 2006091205 25.1 -9997 0.0 0.0
C0G650 2006091206 25.0 -9997 0.0 0.0
C0G650 2006091207 25.3 -9997 0.0 0.0
C0G650 2006091208 26.8 -9997 0.0 0.0
C0G650 2006091209 29.7 -9997 0.1 0.0
C0G650 2006091210 30.0 -9997 0.0 0.0
C0G650 2006091211 31.1 -9997 0.2 0.0
C0G650 2006091212 30.7 -9997 0.3 0.0
C0G650 2006091213 31.3 -9997 0.5 0.0
C0G650 2006091214 29.8 -9997 0.9 0.0
C0G650 2006091215 28.4 -9997 0.8 0.0
C0G650 2006091216 27.0 -9997 0.0 0.0
C0G650 2006091217 26.9 -9997 0.3 2.0
C0G650 2006091218 26.5 -9997 0.0 0.0
C0G650 2006091219 26.3 -9997 0.0 0.0
C0G650 2006091220 26.1 -9997 0.0 0.0
C0G650 2006091221 26.5 -9997 0.5 0.0
C0G650 2006091222 25.7 -9997 0.0 1.0
C0G650 2006091223 25.8 -9997 1.0 0.0
C0G650 2006091224 25.5 -9997 0.0 0.0
C0G650 2006091301 25.3 -9997 0.0 -9996
C0G650 2006091302 24.9 -9997 0.0 -9996
C0G650 2006091303 25.4 -9997 0.1 0.0
C0G650 2006091304 24.7 -9997 0.0 0.0
C0G650 2006091305 24.9 -9997 0.0 0.0
C0G650 2006091306 24.7 -9997 0.0 0.0
C0G650 2006091307 25.7 -9997 0.0 0.0
C0G650 2006091308 27.3 -9997 0.4 0.0
C0G650 2006091309 29.9 -9997 0.4 0.0
C0G650 2006091310 31.7 -9997 -9997 0.0
C0G650 2006091311 33.4 -9997 0.3 0.0
C0G650 2006091312 33.3 -9997 0.6 0.0
C0G650 2006091313 32.7 -9997 0.5 0.0
C0G650 2006091314 32.7 -9997 1.3 0.0
C0G650 2006091315 31.4 -9997 2.0 0.0
C0G650 2006091316 31.1 -9997 1.2 0.0
C0G650 2006091317 29.8 -9997 2.5 0.0
C0G650 2006091318 28.7 -9997 1.8 0.0
C0G650 2006091319 27.8 -9997 0.4 0.0
C0G650 2006091320 27.2 -9997 0.1 0.0
C0G650 2006091321 27.3 -9997 0.2 0.0
C0G650 2006091322 26.7 -9997 0.0 0.0
C0G650 2006091323 26.5 -9997 0.0 0.0
C0G650 2006091324 26.1 -9997 0.0 0.0
C0G650 2006091401 25.5 -9997 0.0 0.0
C0G650 2006091402 25.8 -9997 0.0 0.0
C0G650 2006091403 25.5 -9997 0.0 0.0
C0G650 2006091404 25.4 -9997 0.0 0.0
C0G650 2006091405 25.3 -9997 0.0 0.0
C0G650 2006091406 25.0 -9997 0.0 0.0
C0G650 2006091407 26.7 -9997 0.0 0.0
C0G650 2006091408 27.8 -9997 0.1 0.0
C0G650 2006091409 29.9 -9997 0.1 0.0
C0G650 2006091410 -9997 -9997 1.0 0.0
C0G650 2006091411 31.4 -9997 0.9 0.0
C0G650 2006091412 32.2 -9997 0.9 0.0
C0G650 2006091413 31.4 -9997 0.8 0.0
C0G650 2006091414 31.6 -9997 0.5 0.0
C0G650 2006091415 31.9 -9997 0.7 0.0
C0G650 2006091416 30.4 -9997 0.3 0.0
C0G650 2006091417 29.0 -9997 1.0 0.0
C0G650 2006091418 28.2 -9997 1.4 0.0
C0G650 2006091419 27.9 -9997 0.0 0.0
C0G650 2006091420 27.2 -9997 0.0 0.0
C0G650 2006091421 26.7 -9997 0.1 0.0
C0G650 2006091422 26.8 -9997 0.1 0.0
C0G650 2006091423 26.5 -9997 0.0 0.0
C0G650 2006091424 26.2 -9997 0.0 0.0
C0G650 2006091501 25.8 -9997 0.0 0.0
C0G650 2006091502 26.5 -9997 0.1 0.0
C0G650 2006091503 26.0 -9997 0.0 0.0
C0G650 2006091504 25.9 -9997 0.0 0.0
C0G650 2006091505 25.9 -9997 0.0 0.0
C0G650 2006091506 25.8 -9997 0.1 0.0
C0G650 2006091507 26.0 -9997 0.1 0.0
C0G650 2006091508 27.7 -9997 0.1 0.0
C0G650 2006091509 28.7 -9997 0.8 0.0
C0G650 2006091510 31.6 -9997 0.2 0.0
C0G650 2006091511 30.7 -9997 0.2 0.0
C0G650 2006091512 31.8 -9997 0.9 0.0
C0G650 2006091513 31.1 -9997 0.9 0.0
C0G650 2006091514 31.1 -9997 0.6 0.0
C0G650 2006091515 31.0 -9997 2.3 0.0
C0G650 2006091516 31.6 -9997 0.7 0.0
C0G650 2006091517 30.5 -9997 1.2 0.0
C0G650 2006091518 28.9 -9997 1.4 0.0
C0G650 2006091519 27.9 -9997 -9997 0.0
C0G650 2006091520 -9997 -9997 0.1 0.0
C0G650 2006091521 27.4 -9997 0.1 0.0
C0G650 2006091522 27.2 -9997 0.6 0.0
C0G650 2006091523 27.0 -9997 0.6 0.0
C0G650 2006091524 26.9 -9997 1.1 0.0
C0G650 2006091601 26.7 -9997 1.8 0.0
C0G650 2006091602 26.8 -9997 2.1 0.0
C0G650 2006091603 26.0 -9997 0.2 0.0
C0G650 2006091604 25.6 -9997 1.3 0.5
C0G650 2006091605 26.2 -9997 2.1 0.0
C0G650 2006091606 26.4 -9997 2.5 0.0
C0G650 2006091607 26.4 -9997 1.2 0.0
C0G650 2006091608 26.6 -9997 2.2 0.0
C0G650 2006091609 27.1 -9997 1.5 0.0
C0G650 2006091610 26.5 -9997 2.4 0.0
C0G650 2006091611 27.7 -9997 1.7 0.0
C0G650 2006091612 29.1 -9997 2.1 0.0
C0G650 2006091613 28.4 -9997 1.5 0.0
C0G650 2006091614 29.3 -9997 1.3 0.0
C0G650 2006091615 28.9 -9997 1.6 0.0
C0G650 2006091616 29.0 -9997 2.4 0.0
C0G650 2006091617 28.3 -9997 1.2 0.0
C0G650 2006091618 27.6 -9997 0.0 0.0
C0G650 2006091619 26.8 -9997 0.0 0.0
C0G650 2006091620 26.6 -9997 0.0 0.0
C0G650 2006091621 25.9 -9997 0.0 0.0
C0G650 2006091622 25.5 -9997 0.0 0.0
C0G650 2006091623 25.6 -9997 0.0 0.0
C0G650 2006091624 25.3 -9997 0.0 0.0
C0G650 2006091701 25.0 -9997 0.0 -9996
C0G650 2006091702 25.2 -9997 0.0 0.0
C0G650 2006091703 24.8 -9997 0.0 0.0
C0G650 2006091704 23.9 -9997 0.9 0.0
C0G650 2006091705 23.8 -9997 -9997 0.0
C0G650 2006091706 24.2 -9997 0.0 0.0
C0G650 2006091707 24.9 -9997 0.0 0.0
C0G650 2006091708 26.2 -9997 0.2 0.0
C0G650 2006091709 26.4 -9997 0.1 0.0
C0G650 2006091710 27.0 -9997 0.2 0.0
C0G650 2006091711 26.7 -9997 0.1 0.0
C0G650 2006091712 -9997 -9997 -9997 0.0
C0G650 2006091713 26.5 -9997 0.6 0.0
C0G650 2006091714 -9997 -9997 -9997 0.0
C0G650 2006091715 26.9 -9997 1.3 0.0
C0G650 2006091716 27.3 -9997 0.8 0.0
C0G650 2006091717 27.3 -9997 0.7 0.0
C0G650 2006091718 -9997 -9997 -9997 0.0
C0G650 2006091719 25.5 -9997 0.0 0.0
C0G650 2006091720 -9997 -9997 -9997 0.0
C0G650 2006091721 24.9 -9997 0.0 0.0
C0G650 2006091722 25.2 -9997 0.0 0.0
C0G650 2006091723 24.4 -9997 0.0 0.0
C0G650 2006091724 24.1 -9997 0.0 0.0
C0G650 2006091801 23.6 -9997 0.0 0.0
C0G650 2006091802 23.5 -9997 0.0 0.0
C0G650 2006091803 23.7 -9997 0.0 0.0
C0G650 2006091804 23.5 -9997 0.0 0.0
C0G650 2006091805 22.8 -9997 0.0 0.0
C0G650 2006091806 21.6 -9997 -9997 0.0
C0G650 2006091807 22.8 -9997 0.1 0.0
C0G650 2006091808 25.3 -9997 0.5 0.0
C0G650 2006091809 27.3 -9997 0.5 0.0
C0G650 2006091810 28.9 -9997 0.8 0.0
C0G650 2006091811 30.3 -9997 0.5 0.0
C0G650 2006091812 30.9 -9997 0.5 0.0
C0G650 2006091813 30.9 -9997 0.6 0.0
C0G650 2006091814 31.2 -9997 1.3 0.0
C0G650 2006091815 30.3 -9997 0.6 0.0
C0G650 2006091816 -9997 -9997 1.0 -9996
C0G650 2006091817 -9997 -9997 1.0 0.0
C0G650 2006091818 27.1 -9997 1.1 0.0
C0G650 2006091819 26.0 -9997 0.0 0.0
C0G650 2006091820 -9997 -9997 -9997 -9996
C0G650 2006091821 23.4 -9997 0.0 0.0
C0G650 2006091822 22.6 -9997 0.0 0.0
C0G650 2006091823 22.3 -9997 0.0 -9996
C0G650 2006091824 21.7 -9997 0.0 0.0
C0G650 2006091901 21.9 -9997 0.0 0.0
C0G650 2006091902 21.4 -9997 0.0 0.0
C0G650 2006091903 21.6 -9997 0.0 0.0
C0G650 2006091904 21.9 -9997 0.0 0.0
C0G650 2006091905 22.2 -9997 0.0 0.0
C0G650 2006091906 21.6 -9997 0.0 0.0
C0G650 2006091907 22.9 -9997 0.0 0.0
C0G650 2006091908 25.8 -9997 0.0 0.0
C0G650 2006091909 28.0 -9997 0.8 0.0
C0G650 2006091910 28.8 -9997 0.8 0.0
C0G650 2006091911 30.2 -9997 0.5 0.0
C0G650 2006091912 30.7 -9997 0.5 0.0
C0G650 2006091913 30.1 -9997 0.5 0.0
C0G650 2006091914 31.5 -9997 0.0 0.0
C0G650 2006091915 -9997 -9997 -9997 -9996
C0G650 2006091916 29.9 -9997 0.1 -9996
C0G650 2006091917 28.6 -9997 0.8 0.0
C0G650 2006091918 27.9 -9997 0.0 0.0
C0G650 2006091919 27.2 -9997 0.0 0.0
C0G650 2006091920 26.5 -9997 0.0 0.0
C0G650 2006091921 25.5 -9997 0.0 0.0
C0G650 2006091922 24.7 -9997 0.0 -9996
C0G650 2006091923 24.4 -9997 0.0 0.0
C0G650 2006091924 23.8 -9997 0.0 0.0
C0G650 2006092001 23.7 -9997 0.0 0.0
C0G650 2006092002 22.9 -9997 0.0 0.0
C0G650 2006092003 22.7 -9997 0.0 -9996
C0G650 2006092004 22.4 -9997 0.0 0.0
C0G650 2006092005 22.9 -9997 0.0 0.0
C0G650 2006092006 23.2 -9997 0.0 0.0
C0G650 2006092007 24.2 -9997 0.0 0.0
C0G650 2006092008 25.8 -9997 0.0 0.0
C0G650 2006092009 28.1 -9997 0.2 -9996
C0G650 2006092010 29.7 -9997 0.6 0.0
C0G650 2006092011 29.8 -9997 1.0 0.0
C0G650 2006092012 31.2 -9997 0.1 0.0
C0G650 2006092013 30.0 -9997 0.2 0.0
C0G650 2006092014 29.3 -9997 0.0 0.0
C0G650 2006092015 28.6 -9997 0.0 -9996
C0G650 2006092016 28.0 -9997 0.9 0.0
C0G650 2006092017 27.7 -9997 0.4 0.0
C0G650 2006092018 27.1 -9997 -9997 -9996
C0G650 2006092019 26.6 -9997 0.0 0.0
C0G650 2006092020 25.9 -9997 0.0 0.0
C0G650 2006092021 25.6 -9997 0.0 0.0
C0G650 2006092022 25.2 -9997 0.0 0.0
C0G650 2006092023 24.8 -9997 0.0 -9996
C0G650 2006092024 24.3 -9997 0.0 0.0
C0G650 2006092101 24.2 -9997 0.0 0.0
C0G650 2006092102 24.0 -9997 0.0 0.0
C0G650 2006092103 23.9 -9997 0.0 0.0
C0G650 2006092104 23.9 -9997 0.0 0.0
C0G650 2006092105 23.1 -9997 0.0 0.0
C0G650 2006092106 23.4 -9997 0.0 0.0
C0G650 2006092107 24.3 -9997 0.1 0.0
C0G650 2006092108 25.8 -9997 0.1 0.0
C0G650 2006092109 26.2 -9997 0.0 0.0
C0G650 2006092110 27.8 -9997 0.8 0.0
C0G650 2006092111 28.8 -9997 0.1 0.0
C0G650 2006092112 29.3 -9997 0.1 0.0
C0G650 2006092113 29.4 -9997 0.6 0.0
C0G650 2006092114 29.6 -9997 0.4 0.0
C0G650 2006092115 28.8 -9997 0.4 0.0
C0G650 2006092116 27.4 -9997 1.6 0.0
C0G650 2006092117 27.8 -9997 0.4 0.0
C0G650 2006092118 26.9 -9997 0.2 0.0
C0G650 2006092119 26.2 -9997 0.0 0.0
C0G650 2006092120 25.6 -9997 0.0 0.0
C0G650 2006092121 25.2 -9997 0.0 0.0
C0G650 2006092122 24.7 -9997 0.0 0.0
C0G650 2006092123 24.2 -9997 0.0 0.0
C0G650 2006092124 23.5 -9997 0.0 0.0
C0G650 2006092201 23.2 -9997 0.0 0.0
C0G650 2006092202 22.7 -9997 0.0 0.0
C0G650 2006092203 22.6 -9997 0.0 0.0
C0G650 2006092204 22.9 -9997 0.0 0.0
C0G650 2006092205 22.4 -9997 0.0 0.0
C0G650 2006092206 22.0 -9997 0.0 0.0
C0G650 2006092207 23.5 -9997 0.0 0.0
C0G650 2006092208 25.7 -9997 0.7 -9996
C0G650 2006092209 28.3 -9997 0.6 0.0
C0G650 2006092210 29.3 -9997 0.1 0.0
C0G650 2006092211 31.5 -9997 0.5 0.0
C0G650 2006092212 31.3 -9997 0.1 -9996
C0G650 2006092213 30.8 -9997 0.8 0.0
C0G650 2006092214 31.6 -9997 0.2 0.0
C0G650 2006092215 30.8 -9997 0.2 0.0
C0G650 2006092216 29.9 -9997 1.5 0.0
C0G650 2006092217 29.1 -9997 0.2 0.0
C0G650 2006092218 28.2 -9997 0.1 0.0
C0G650 2006092219 27.7 -9997 0.0 0.0
C0G650 2006092220 26.7 -9997 0.0 0.0
C0G650 2006092221 25.9 -9997 0.0 0.0
C0G650 2006092222 25.6 -9997 0.0 0.0
C0G650 2006092223 25.4 -9997 0.0 0.0
C0G650 2006092224 24.9 -9997 0.0 0.0
C0G650 2006092301 24.8 -9997 0.0 0.0
C0G650 2006092302 24.4 -9997 0.0 0.0
C0G650 2006092303 24.0 -9997 0.0 0.0
C0G650 2006092304 24.0 -9997 0.0 0.0
C0G650 2006092305 24.5 -9997 0.0 -9996
C0G650 2006092306 24.3 -9997 0.0 0.0
C0G650 2006092307 24.9 -9997 0.0 0.0
C0G650 2006092308 26.9 -9997 0.0 0.0
C0G650 2006092309 29.3 -9997 0.2 0.0
C0G650 2006092310 30.2 -9997 0.2 0.0
C0G650 2006092311 31.9 -9997 0.1 0.0
C0G650 2006092312 31.7 -9997 0.3 0.0
C0G650 2006092313 32.1 -9997 0.2 0.0
C0G650 2006092314 31.9 -9997 1.0 0.0
C0G650 2006092315 32.2 -9997 0.3 0.0
C0G650 2006092316 -9997 -9997 0.6 0.0
C0G650 2006092317 30.3 -9997 0.3 0.0
C0G650 2006092318 28.3 -9997 0.1 0.0
C0G650 2006092319 27.4 -9997 0.0 0.0
C0G650 2006092320 26.7 -9997 0.0 -9996
C0G650 2006092321 26.8 -9997 0.0 0.0
C0G650 2006092322 26.1 -9997 0.0 -9996
C0G650 2006092323 25.8 -9997 0.1 0.0
C0G650 2006092324 24.9 -9997 0.0 0.0
C0G650 2006092401 24.7 -9997 0.0 0.0
C0G650 2006092402 24.6 -9997 0.0 -9996
C0G650 2006092403 24.5 -9997 0.0 0.0
C0G650 2006092404 24.9 -9997 -9997 0.0
C0G650 2006092405 24.7 -9997 0.0 0.0
C0G650 2006092406 24.6 -9997 0.0 0.0
C0G650 2006092407 25.8 -9997 0.1 0.0
C0G650 2006092408 26.9 -9997 0.6 0.0
C0G650 2006092409 28.4 -9997 0.0 0.0
C0G650 2006092410 29.7 -9997 0.3 0.0
C0G650 2006092411 30.5 -9997 0.4 0.0
C0G650 2006092412 31.7 -9997 0.4 0.0
C0G650 2006092413 31.8 -9997 0.7 0.0
C0G650 2006092414 32.7 -9997 0.1 0.0
C0G650 2006092415 31.8 -9997 0.6 0.0
C0G650 2006092416 30.8 -9997 0.1 0.0
C0G650 2006092417 29.7 -9997 1.9 0.0
C0G650 2006092418 28.4 -9997 0.7 0.0
C0G650 2006092419 27.2 -9997 0.5 0.0
C0G650 2006092420 26.6 -9997 0.2 0.0
C0G650 2006092421 26.2 -9997 0.1 0.0
C0G650 2006092422 25.6 -9997 0.2 0.0
C0G650 2006092423 24.5 -9997 0.0 -9996
C0G650 2006092424 23.9 -9997 0.0 0.0
C0G650 2006092501 23.8 -9997 0.0 0.0
C0G650 2006092502 23.7 -9997 0.0 -9996
C0G650 2006092503 24.0 -9997 0.0 0.0
C0G650 2006092504 23.5 -9997 0.0 0.0
C0G650 2006092505 23.8 -9997 -9997 0.0
C0G650 2006092506 24.3 -9997 0.0 0.0
C0G650 2006092507 25.1 -9997 0.0 0.0
C0G650 2006092508 26.4 -9997 0.6 0.0
C0G650 2006092509 27.6 -9997 0.8 0.0
C0G650 2006092510 29.2 -9997 0.2 0.0
C0G650 2006092511 30.3 -9997 0.1 0.0
C0G650 2006092512 30.6 -9997 0.6 0.0
C0G650 2006092513 31.3 -9997 0.1 0.0
C0G650 2006092514 31.2 -9997 0.5 0.0
C0G650 2006092515 -9997 -9997 0.8 0.0
C0G650 2006092516 30.7 -9997 0.0 0.0
C0G650 2006092517 29.0 -9997 0.3 0.0
C0G650 2006092518 27.9 -9997 0.2 0.0
C0G650 2006092519 27.1 -9997 0.0 0.0
C0G650 2006092520 26.0 -9997 0.0 0.0
C0G650 2006092521 25.3 -9997 0.0 -9996
C0G650 2006092522 25.4 -9997 0.0 -9996
C0G650 2006092523 25.3 -9997 0.0 0.0
C0G650 2006092524 25.0 -9997 0.0 -9996
C0G650 2006092601 25.2 -9997 0.0 0.0
C0G650 2006092602 25.1 -9997 0.0 0.0
C0G650 2006092603 24.3 -9997 0.0 0.0
C0G650 2006092604 23.7 -9997 -9997 -9996
C0G650 2006092605 23.4 -9997 0.0 -9996
C0G650 2006092606 24.0 -9997 0.0 0.0
C0G650 2006092607 25.0 -9997 0.0 0.0
C0G650 2006092608 26.5 -9997 0.0 0.0
C0G650 2006092609 28.3 -9997 0.0 0.0
C0G650 2006092610 29.5 -9997 0.1 0.0
C0G650 2006092611 29.7 -9997 0.6 0.0
C0G650 2006092612 29.8 -9997 1.5 -9996
C0G650 2006092613 31.4 -9997 0.6 0.0
C0G650 2006092614 32.0 -9997 1.1 -9996
C0G650 2006092615 30.5 -9997 0.5 -9996
C0G650 2006092616 29.9 -9997 0.7 0.0
C0G650 2006092617 28.5 -9997 -9997 0.0
C0G650 2006092618 27.3 -9997 0.0 0.0
C0G650 2006092619 26.6 -9997 0.0 0.0
C0G650 2006092620 25.8 -9997 0.0 0.0
C0G650 2006092621 25.1 -9997 0.0 0.0
C0G650 2006092622 25.4 -9997 0.2 0.0
C0G650 2006092623 25.1 -9997 0.0 0.0
C0G650 2006092624 -9997 -9997 0.0 0.0
C0G650 2006092701 24.7 -9997 0.0 -9996
C0G650 2006092702 24.0 -9997 0.0 -9996
C0G650 2006092703 23.5 -9997 0.0 0.0
C0G650 2006092704 23.2 -9997 0.0 0.0
C0G650 2006092705 22.8 -9997 0.0 0.0
C0G650 2006092706 22.5 -9997 0.0 -9996
C0G650 2006092707 24.2 -9997 0.0 -9996
C0G650 2006092708 26.5 -9997 0.0 0.0
C0G650 2006092709 27.9 -9997 0.1 0.0
C0G650 2006092710 29.3 -9997 0.6 0.0
C0G650 2006092711 30.8 -9997 0.4 0.0
C0G650 2006092712 30.4 -9997 0.1 0.0
C0G650 2006092713 32.2 -9997 0.3 0.0
C0G650 2006092714 -9997 -9997 -9997 0.0
C0G650 2006092715 30.6 -9997 0.4 -9996
C0G650 2006092716 30.1 -9997 0.1 0.0
C0G650 2006092717 28.7 -9997 0.2 -9996
C0G650 2006092718 27.3 -9997 0.0 0.0
C0G650 2006092719 26.7 -9997 0.0 0.0
C0G650 2006092720 25.8 -9997 0.0 0.0
C0G650 2006092721 25.4 -9997 0.0 0.0
C0G650 2006092722 25.5 -9997 0.0 0.0
C0G650 2006092723 24.5 -9997 0.0 0.0
C0G650 2006092724 24.1 -9997 0.0 0.0
C0G650 2006092801 23.6 -9997 0.0 -9996
C0G650 2006092802 23.3 -9997 0.0 -9996
C0G650 2006092803 23.1 -9997 0.0 0.0
C0G650 2006092804 22.9 -9997 0.0 0.0
C0G650 2006092805 23.1 -9997 0.0 0.0
C0G650 2006092806 22.4 -9997 0.0 -9996
C0G650 2006092807 24.0 -9997 0.0 0.0
C0G650 2006092808 26.7 -9997 0.0 0.0
C0G650 2006092809 28.8 -9997 0.6 0.0
C0G650 2006092810 30.0 -9997 0.3 0.0
C0G650 2006092811 31.3 -9997 0.7 0.0
C0G650 2006092812 31.3 -9997 0.2 0.0
C0G650 2006092813 31.7 -9997 0.9 0.0
C0G650 2006092814 32.2 -9997 0.9 0.0
C0G650 2006092815 -9997 -9997 -9997 -9996
C0G650 2006092816 30.2 -9997 0.2 -9996
C0G650 2006092817 28.9 -9997 0.9 0.0
C0G650 2006092818 27.8 -9997 0.0 -9996
C0G650 2006092819 26.4 -9997 0.0 0.0
C0G650 2006092820 25.6 -9997 0.0 0.0
C0G650 2006092821 25.1 -9997 0.0 0.0
C0G650 2006092822 24.6 -9997 0.0 0.0
C0G650 2006092823 24.2 -9997 0.0 0.0
C0G650 2006092824 24.3 -9997 0.0 0.0
C0G650 2006092901 23.9 -9997 0.0 0.0
C0G650 2006092902 23.5 -9997 0.0 0.0
C0G650 2006092903 24.0 -9997 0.0 0.0
C0G650 2006092904 23.1 -9997 0.0 0.0
C0G650 2006092905 22.6 -9997 0.0 0.0
C0G650 2006092906 22.3 -9997 0.0 0.0
C0G650 2006092907 24.0 -9997 0.0 0.0
C0G650 2006092908 26.5 -9997 0.0 0.0
C0G650 2006092909 31.0 -9997 0.0 0.0
C0G650 2006092910 31.1 -9997 0.0 0.0
C0G650 2006092911 32.2 -9997 0.1 0.0
C0G650 2006092912 32.2 -9997 -9997 0.0
C0G650 2006092913 32.7 -9997 0.8 0.0
C0G650 2006092914 32.7 -9997 0.4 0.0
C0G650 2006092915 32.0 -9997 0.1 -9996
C0G650 2006092916 31.6 -9997 0.1 0.0
C0G650 2006092917 30.6 -9997 0.1 0.0
C0G650 2006092918 28.8 -9997 0.3 0.0
C0G650 2006092919 27.7 -9997 0.0 0.0
C0G650 2006092920 26.4 -9997 0.0 0.0
C0G650 2006092921 26.0 -9997 0.0 0.0
C0G650 2006092922 25.4 -9997 0.0 0.0
C0G650 2006092923 25.3 -9997 0.0 0.0
C0G650 2006092924 24.9 -9997 0.0 0.0
C0G650 2006093001 25.1 -9997 0.0 0.0
C0G650 2006093002 25.0 -9997 0.0 0.0
C0G650 2006093003 24.7 -9997 0.2 0.0
C0G650 2006093004 24.8 -9997 0.0 -9996
C0G650 2006093005 24.6 -9997 0.3 0.0
C0G650 2006093006 23.9 -9997 0.0 0.0
C0G650 2006093007 25.0 -9997 0.0 0.0
C0G650 2006093008 26.8 -9997 0.0 0.0
C0G650 2006093009 29.0 -9997 0.1 0.0
C0G650 2006093010 31.2 -9997 0.0 0.0
C0G650 2006093011 31.5 -9997 0.1 0.0
C0G650 2006093012 31.7 -9997 0.1 0.0
C0G650 2006093013 32.2 -9997 1.3 0.0
C0G650 2006093014 31.6 -9997 0.2 0.0
C0G650 2006093015 31.2 -9997 0.1 0.0
C0G650 2006093016 30.4 -9997 0.4 0.0
C0G650 2006093017 29.1 -9997 0.2 0.0
C0G650 2006093018 28.2 -9997 0.3 0.0
C0G650 2006093019 27.5 -9997 0.0 0.0
C0G650 2006093020 27.1 -9997 0.0 0.0
C0G650 2006093021 26.6 -9997 0.0 0.0
C0G650 2006093022 26.4 -9997 0.1 0.0
C0G650 2006093023 26.1 -9997 0.0 0.0
C0G650 2006093024 26.3 -9997 0.0 0.0
C0G660 2006090101 -9999 -9999 -9999 0.0
C0G660 2006090102 -9999 -9999 -9999 0.0
C0G660 2006090103 -9999 -9999 -9999 0.0
C0G660 2006090104 -9999 -9999 -9999 0.0
C0G660 2006090105 -9999 -9999 -9999 0.0
C0G660 2006090106 -9999 -9999 -9999 0.0
C0G660 2006090107 -9999 -9999 -9999 0.0
C0G660 2006090108 -9999 -9999 -9999 0.0
C0G660 2006090109 -9999 -9999 -9999 0.0
C0G660 2006090110 -9999 -9999 -9999 0.0
C0G660 2006090111 -9999 -9999 -9999 0.0
C0G660 2006090112 -9999 -9999 -9999 0.0
C0G660 2006090113 -9999 -9999 -9999 0.0
C0G660 2006090114 -9999 -9999 -9999 0.0
C0G660 2006090115 -9999 -9999 -9999 0.0
C0G660 2006090116 -9999 -9999 -9999 5.5
C0G660 2006090117 -9999 -9999 -9999 0.0
C0G660 2006090118 -9999 -9999 -9999 0.5
C0G660 2006090119 -9999 -9999 -9999 0.0
C0G660 2006090120 -9999 -9999 -9999 0.0
C0G660 2006090121 -9999 -9999 -9999 0.0
C0G660 2006090122 -9999 -9999 -9999 0.0
C0G660 2006090123 -9999 -9999 -9999 0.0
C0G660 2006090124 -9999 -9999 -9999 0.0
C0G660 2006090201 -9999 -9999 -9999 0.0
C0G660 2006090202 -9999 -9999 -9999 0.0
C0G660 2006090203 -9999 -9999 -9999 0.0
C0G660 2006090204 -9999 -9999 -9999 0.0
C0G660 2006090205 -9999 -9999 -9999 0.0
C0G660 2006090206 -9999 -9999 -9999 0.0
C0G660 2006090207 -9999 -9999 -9999 0.0
C0G660 2006090208 -9999 -9999 -9999 0.0
C0G660 2006090209 -9999 -9999 -9999 0.0
C0G660 2006090210 -9999 -9999 -9999 0.0
C0G660 2006090211 -9999 -9999 -9999 0.0
C0G660 2006090212 -9999 -9999 -9999 0.0
C0G660 2006090213 -9999 -9999 -9999 0.0
C0G660 2006090214 -9999 -9999 -9999 0.0
C0G660 2006090215 -9999 -9999 -9999 3.0
C0G660 2006090216 -9999 -9999 -9999 8.5
C0G660 2006090217 -9999 -9999 -9999 0.0
C0G660 2006090218 -9999 -9999 -9999 0.0
C0G660 2006090219 -9999 -9999 -9999 0.0
C0G660 2006090220 -9999 -9999 -9999 0.0
C0G660 2006090221 -9999 -9999 -9999 0.0
C0G660 2006090222 -9999 -9999 -9999 0.0
C0G660 2006090223 -9999 -9999 -9999 0.0
C0G660 2006090224 -9999 -9999 -9999 0.0
C0G660 2006090301 -9999 -9999 -9999 0.0
C0G660 2006090302 -9999 -9999 -9999 0.0
C0G660 2006090303 -9999 -9999 -9999 0.0
C0G660 2006090304 -9999 -9999 -9999 0.0
C0G660 2006090305 -9999 -9999 -9999 0.0
C0G660 2006090306 -9999 -9999 -9999 0.0
C0G660 2006090307 -9999 -9999 -9999 0.0
C0G660 2006090308 -9999 -9999 -9999 0.0
C0G660 2006090309 -9999 -9999 -9999 0.0
C0G660 2006090310 -9999 -9999 -9999 0.0
C0G660 2006090311 -9999 -9999 -9999 0.0
C0G660 2006090312 -9999 -9999 -9999 0.0
C0G660 2006090313 -9999 -9999 -9999 0.0
C0G660 2006090314 -9999 -9999 -9999 0.0
C0G660 2006090315 -9999 -9999 -9999 0.0
C0G660 2006090316 -9999 -9999 -9999 0.0
C0G660 2006090317 -9999 -9999 -9999 0.0
C0G660 2006090318 -9999 -9999 -9999 0.0
C0G660 2006090319 -9999 -9999 -9999 0.0
C0G660 2006090320 -9999 -9999 -9999 0.0
C0G660 2006090321 -9999 -9999 -9999 0.0
C0G660 2006090322 -9999 -9999 -9999 0.0
C0G660 2006090323 -9999 -9999 -9999 0.0
C0G660 2006090324 -9999 -9999 -9999 0.0
C0G660 2006090401 -9999 -9999 -9999 0.0
C0G660 2006090402 -9999 -9999 -9999 0.0
C0G660 2006090403 -9999 -9999 -9999 0.0
C0G660 2006090404 -9999 -9999 -9999 0.0
C0G660 2006090405 -9999 -9999 -9999 0.0
C0G660 2006090406 -9999 -9999 -9999 0.0
C0G660 2006090407 -9999 -9999 -9999 0.0
C0G660 2006090408 -9999 -9999 -9999 0.0
C0G660 2006090409 -9999 -9999 -9999 0.0
C0G660 2006090410 -9999 -9999 -9999 0.0
C0G660 2006090411 -9999 -9999 -9999 0.0
C0G660 2006090412 -9999 -9999 -9999 0.0
C0G660 2006090413 -9999 -9999 -9999 0.0
C0G660 2006090414 -9999 -9999 -9999 0.0
C0G660 2006090415 -9999 -9999 -9999 0.0
C0G660 2006090416 -9999 -9999 -9999 0.0
C0G660 2006090417 -9999 -9999 -9999 0.0
C0G660 2006090418 -9999 -9999 -9999 0.0
C0G660 2006090419 -9999 -9999 -9999 0.0
C0G660 2006090420 -9999 -9999 -9999 0.0
C0G660 2006090421 -9999 -9999 -9999 0.5
C0G660 2006090422 -9999 -9999 -9999 0.0
C0G660 2006090423 -9999 -9999 -9999 0.0
C0G660 2006090424 -9999 -9999 -9999 0.0
C0G660 2006090501 -9999 -9999 -9999 0.0
C0G660 2006090502 -9999 -9999 -9999 0.0
C0G660 2006090503 -9999 -9999 -9999 0.0
C0G660 2006090504 -9999 -9999 -9999 0.0
C0G660 2006090505 -9999 -9999 -9999 0.0
C0G660 2006090506 -9999 -9999 -9999 0.0
C0G660 2006090507 -9999 -9999 -9999 0.0
C0G660 2006090508 -9999 -9999 -9999 0.0
C0G660 2006090509 -9999 -9999 -9999 0.0
C0G660 2006090510 -9999 -9999 -9999 0.0
C0G660 2006090511 -9999 -9999 -9999 0.0
C0G660 2006090512 -9999 -9999 -9999 0.0
C0G660 2006090513 -9999 -9999 -9999 0.0
C0G660 2006090514 -9999 -9999 -9999 0.0
C0G660 2006090515 -9999 -9999 -9999 0.0
C0G660 2006090516 -9999 -9999 -9999 0.0
C0G660 2006090517 -9999 -9999 -9999 0.0
C0G660 2006090518 -9999 -9999 -9999 0.0
C0G660 2006090519 -9999 -9999 -9999 0.0
C0G660 2006090520 -9999 -9999 -9999 0.0
C0G660 2006090521 -9999 -9999 -9999 0.0
C0G660 2006090522 -9999 -9999 -9999 0.0
C0G660 2006090523 -9999 -9999 -9999 0.0
C0G660 2006090524 -9999 -9999 -9999 0.0
C0G660 2006090601 -9999 -9999 -9999 0.0
C0G660 2006090602 -9999 -9999 -9999 0.0
C0G660 2006090603 -9999 -9999 -9999 0.0
C0G660 2006090604 -9999 -9999 -9999 0.0
C0G660 2006090605 -9999 -9999 -9999 0.0
C0G660 2006090606 -9999 -9999 -9999 0.0
C0G660 2006090607 -9999 -9999 -9999 0.0
C0G660 2006090608 -9999 -9999 -9999 0.0
C0G660 2006090609 -9999 -9999 -9999 0.0
C0G660 2006090610 -9999 -9999 -9999 0.0
C0G660 2006090611 -9999 -9999 -9999 0.0
C0G660 2006090612 -9999 -9999 -9999 0.0
C0G660 2006090613 -9999 -9999 -9999 0.0
C0G660 2006090614 -9999 -9999 -9999 0.0
C0G660 2006090615 -9999 -9999 -9999 0.0
C0G660 2006090616 -9999 -9999 -9999 0.0
C0G660 2006090617 -9999 -9999 -9999 0.0
C0G660 2006090618 -9999 -9999 -9999 0.0
C0G660 2006090619 -9999 -9999 -9999 0.0
C0G660 2006090620 -9999 -9999 -9999 0.0
C0G660 2006090621 -9999 -9999 -9999 0.0
C0G660 2006090622 -9999 -9999 -9999 0.0
C0G660 2006090623 -9999 -9999 -9999 0.0
C0G660 2006090624 -9999 -9999 -9999 0.0
C0G660 2006090701 -9999 -9999 -9999 0.0
C0G660 2006090702 -9999 -9999 -9999 0.0
C0G660 2006090703 -9999 -9999 -9999 0.0
C0G660 2006090704 -9999 -9999 -9999 0.0
C0G660 2006090705 -9999 -9999 -9999 0.0
C0G660 2006090706 -9999 -9999 -9999 0.0
C0G660 2006090707 -9999 -9999 -9999 0.0
C0G660 2006090708 -9999 -9999 -9999 0.0
C0G660 2006090709 -9999 -9999 -9999 0.0
C0G660 2006090710 -9999 -9999 -9999 0.0
C0G660 2006090711 -9999 -9999 -9999 0.0
C0G660 2006090712 -9999 -9999 -9999 0.0
C0G660 2006090713 -9999 -9999 -9999 0.0
C0G660 2006090714 -9999 -9999 -9999 0.0
C0G660 2006090715 -9999 -9999 -9999 0.0
C0G660 2006090716 -9999 -9999 -9999 0.5
C0G660 2006090717 -9999 -9999 -9999 11.0
C0G660 2006090718 -9999 -9999 -9999 1.0
C0G660 2006090719 -9999 -9999 -9999 1.0
C0G660 2006090720 -9999 -9999 -9999 0.5
C0G660 2006090721 -9999 -9999 -9999 5.0
C0G660 2006090722 -9999 -9999 -9999 3.5
C0G660 2006090723 -9999 -9999 -9999 0.5
C0G660 2006090724 -9999 -9999 -9999 0.0
C0G660 2006090801 -9999 -9999 -9999 0.0
C0G660 2006090802 -9999 -9999 -9999 0.0
C0G660 2006090803 -9999 -9999 -9999 0.0
C0G660 2006090804 -9999 -9999 -9999 0.0
C0G660 2006090805 -9999 -9999 -9999 0.0
C0G660 2006090806 -9999 -9999 -9999 0.0
C0G660 2006090807 -9999 -9999 -9999 0.0
C0G660 2006090808 -9999 -9999 -9999 0.0
C0G660 2006090809 -9999 -9999 -9999 0.0
C0G660 2006090810 -9999 -9999 -9999 0.0
C0G660 2006090811 -9999 -9999 -9999 0.0
C0G660 2006090812 -9999 -9999 -9999 0.0
C0G660 2006090813 -9999 -9999 -9999 0.0
C0G660 2006090814 -9999 -9999 -9999 0.0
C0G660 2006090815 -9999 -9999 -9999 7.5
C0G660 2006090816 -9999 -9999 -9999 1.5
C0G660 2006090817 -9999 -9999 -9999 10.5
C0G660 2006090818 -9999 -9999 -9999 0.0
C0G660 2006090819 -9999 -9999 -9999 1.5
C0G660 2006090820 -9999 -9999 -9999 0.0
C0G660 2006090821 -9999 -9999 -9999 0.5
C0G660 2006090822 -9999 -9999 -9999 0.0
C0G660 2006090823 -9999 -9999 -9999 0.0
C0G660 2006090824 -9999 -9999 -9999 0.0
C0G660 2006090901 -9999 -9999 -9999 0.0
C0G660 2006090902 -9999 -9999 -9999 0.0
C0G660 2006090903 -9999 -9999 -9999 0.0
C0G660 2006090904 -9999 -9999 -9999 0.0
C0G660 2006090905 -9999 -9999 -9999 0.0
C0G660 2006090906 -9999 -9999 -9999 0.0
C0G660 2006090907 -9999 -9999 -9999 0.0
C0G660 2006090908 -9999 -9999 -9999 0.0
C0G660 2006090909 -9999 -9999 -9999 0.0
C0G660 2006090910 -9999 -9999 -9999 0.0
C0G660 2006090911 -9999 -9999 -9999 0.0
C0G660 2006090912 -9999 -9999 -9999 0.0
C0G660 2006090913 -9999 -9999 -9999 0.0
C0G660 2006090914 -9999 -9999 -9999 0.0
C0G660 2006090915 -9999 -9999 -9999 0.0
C0G660 2006090916 -9999 -9999 -9999 0.0
C0G660 2006090917 -9999 -9999 -9999 0.0
C0G660 2006090918 -9999 -9999 -9999 0.0
C0G660 2006090919 -9999 -9999 -9999 0.0
C0G660 2006090920 -9999 -9999 -9999 0.0
C0G660 2006090921 -9999 -9999 -9999 0.0
C0G660 2006090922 -9999 -9999 -9999 0.0
C0G660 2006090923 -9999 -9999 -9999 0.0
C0G660 2006090924 -9999 -9999 -9999 0.0
C0G660 2006091001 -9999 -9999 -9999 -9996
C0G660 2006091002 -9999 -9999 -9999 0.0
C0G660 2006091003 -9999 -9999 -9999 0.0
C0G660 2006091004 -9999 -9999 -9999 0.0
C0G660 2006091005 -9999 -9999 -9999 0.0
C0G660 2006091006 -9999 -9999 -9999 0.0
C0G660 2006091007 -9999 -9999 -9999 0.0
C0G660 2006091008 -9999 -9999 -9999 0.0
C0G660 2006091009 -9999 -9999 -9999 0.0
C0G660 2006091010 -9999 -9999 -9999 0.0
C0G660 2006091011 -9999 -9999 -9999 0.0
C0G660 2006091012 -9999 -9999 -9999 0.0
C0G660 2006091013 -9999 -9999 -9999 0.5
C0G660 2006091014 -9999 -9999 -9999 0.0
C0G660 2006091015 -9999 -9999 -9999 0.0
C0G660 2006091016 -9999 -9999 -9999 0.0
C0G660 2006091017 -9999 -9999 -9999 0.0
C0G660 2006091018 -9999 -9999 -9999 0.0
C0G660 2006091019 -9999 -9999 -9999 0.0
C0G660 2006091020 -9999 -9999 -9999 0.0
C0G660 2006091021 -9999 -9999 -9999 0.0
C0G660 2006091022 -9999 -9999 -9999 0.0
C0G660 2006091023 -9999 -9999 -9999 0.0
C0G660 2006091024 -9999 -9999 -9999 0.0
C0G660 2006091101 -9999 -9999 -9999 0.0
C0G660 2006091102 -9999 -9999 -9999 0.0
C0G660 2006091103 -9999 -9999 -9999 0.0
C0G660 2006091104 -9999 -9999 -9999 0.0
C0G660 2006091105 -9999 -9999 -9999 0.0
C0G660 2006091106 -9999 -9999 -9999 0.0
C0G660 2006091107 -9999 -9999 -9999 0.0
C0G660 2006091108 -9999 -9999 -9999 0.0
C0G660 2006091109 -9999 -9999 -9999 0.0
C0G660 2006091110 -9999 -9999 -9999 0.0
C0G660 2006091111 -9999 -9999 -9999 0.0
C0G660 2006091112 -9999 -9999 -9999 0.0
C0G660 2006091113 -9999 -9999 -9999 0.0
C0G660 2006091114 -9999 -9999 -9999 0.0
C0G660 2006091115 -9999 -9999 -9999 0.0
C0G660 2006091116 -9999 -9999 -9999 5.5
C0G660 2006091117 -9999 -9999 -9999 3.0
C0G660 2006091118 -9999 -9999 -9999 1.5
C0G660 2006091119 -9999 -9999 -9999 0.0
C0G660 2006091120 -9999 -9999 -9999 1.0
C0G660 2006091121 -9999 -9999 -9999 0.5
C0G660 2006091122 -9999 -9999 -9999 3.0
C0G660 2006091123 -9999 -9999 -9999 0.0
C0G660 2006091124 -9999 -9999 -9999 0.0
C0G660 2006091201 -9999 -9999 -9999 -9996
C0G660 2006091202 -9999 -9999 -9999 0.0
C0G660 2006091203 -9999 -9999 -9999 0.0
C0G660 2006091204 -9999 -9999 -9999 0.0
C0G660 2006091205 -9999 -9999 -9999 0.0
C0G660 2006091206 -9999 -9999 -9999 0.0
C0G660 2006091207 -9999 -9999 -9999 0.0
C0G660 2006091208 -9999 -9999 -9999 0.0
C0G660 2006091209 -9999 -9999 -9999 0.0
C0G660 2006091210 -9999 -9999 -9999 0.0
C0G660 2006091211 -9999 -9999 -9999 0.0
C0G660 2006091212 -9999 -9999 -9999 0.0
C0G660 2006091213 -9999 -9999 -9999 0.0
C0G660 2006091214 -9999 -9999 -9999 0.0
C0G660 2006091215 -9999 -9999 -9999 0.0
C0G660 2006091216 -9999 -9999 -9999 1.0
C0G660 2006091217 -9999 -9999 -9999 2.5
C0G660 2006091218 -9999 -9999 -9999 0.0
C0G660 2006091219 -9999 -9999 -9999 0.0
C0G660 2006091220 -9999 -9999 -9999 0.0
C0G660 2006091221 -9999 -9999 -9999 0.0
C0G660 2006091222 -9999 -9999 -9999 0.5
C0G660 2006091223 -9999 -9999 -9999 0.5
C0G660 2006091224 -9999 -9999 -9999 0.0
C0G660 2006091301 -9999 -9999 -9999 -9996
C0G660 2006091302 -9999 -9999 -9999 0.0
C0G660 2006091303 -9999 -9999 -9999 0.0
C0G660 2006091304 -9999 -9999 -9999 0.0
C0G660 2006091305 -9999 -9999 -9999 0.0
C0G660 2006091306 -9999 -9999 -9999 0.0
C0G660 2006091307 -9999 -9999 -9999 0.0
C0G660 2006091308 -9999 -9999 -9999 0.0
C0G660 2006091309 -9999 -9999 -9999 0.0
C0G660 2006091310 -9999 -9999 -9999 0.0
C0G660 2006091311 -9999 -9999 -9999 0.0
C0G660 2006091312 -9999 -9999 -9999 0.0
C0G660 2006091313 -9999 -9999 -9999 0.0
C0G660 2006091314 -9999 -9999 -9999 0.0
C0G660 2006091315 -9999 -9999 -9999 0.0
C0G660 2006091316 -9999 -9999 -9999 0.0
C0G660 2006091317 -9999 -9999 -9999 0.0
C0G660 2006091318 -9999 -9999 -9999 0.0
C0G660 2006091319 -9999 -9999 -9999 0.0
C0G660 2006091320 -9999 -9999 -9999 0.0
C0G660 2006091321 -9999 -9999 -9999 0.0
C0G660 2006091322 -9999 -9999 -9999 0.0
C0G660 2006091323 -9999 -9999 -9999 0.0
C0G660 2006091324 -9999 -9999 -9999 0.0
C0G660 2006091401 -9999 -9999 -9999 0.0
C0G660 2006091402 -9999 -9999 -9999 0.0
C0G660 2006091403 -9999 -9999 -9999 0.0
C0G660 2006091404 -9999 -9999 -9999 0.0
C0G660 2006091405 -9999 -9999 -9999 0.0
C0G660 2006091406 -9999 -9999 -9999 0.0
C0G660 2006091407 -9999 -9999 -9999 0.0
C0G660 2006091408 -9999 -9999 -9999 0.0
C0G660 2006091409 -9999 -9999 -9999 0.0
C0G660 2006091410 -9999 -9999 -9999 0.0
C0G660 2006091411 -9999 -9999 -9999 0.0
C0G660 2006091412 -9999 -9999 -9999 0.0
C0G660 2006091413 -9999 -9999 -9999 0.0
C0G660 2006091414 -9999 -9999 -9999 0.0
C0G660 2006091415 -9999 -9999 -9999 0.0
C0G660 2006091416 -9999 -9999 -9999 0.0
C0G660 2006091417 -9999 -9999 -9999 0.0
C0G660 2006091418 -9999 -9999 -9999 0.0
C0G660 2006091419 -9999 -9999 -9999 0.0
C0G660 2006091420 -9999 -9999 -9999 0.0
C0G660 2006091421 -9999 -9999 -9999 0.0
C0G660 2006091422 -9999 -9999 -9999 0.0
C0G660 2006091423 -9999 -9999 -9999 0.0
C0G660 2006091424 -9999 -9999 -9999 0.0
C0G660 2006091501 -9999 -9999 -9999 0.0
C0G660 2006091502 -9999 -9999 -9999 0.0
C0G660 2006091503 -9999 -9999 -9999 0.0
C0G660 2006091504 -9999 -9999 -9999 0.0
C0G660 2006091505 -9999 -9999 -9999 0.0
C0G660 2006091506 -9999 -9999 -9999 0.0
C0G660 2006091507 -9999 -9999 -9999 0.0
C0G660 2006091508 -9999 -9999 -9999 0.0
C0G660 2006091509 -9999 -9999 -9999 0.0
C0G660 2006091510 -9999 -9999 -9999 0.0
C0G660 2006091511 -9999 -9999 -9999 0.0
C0G660 2006091512 -9999 -9999 -9999 0.0
C0G660 2006091513 -9999 -9999 -9999 0.0
C0G660 2006091514 -9999 -9999 -9999 0.0
C0G660 2006091515 -9999 -9999 -9999 0.0
C0G660 2006091516 -9999 -9999 -9999 0.0
C0G660 2006091517 -9999 -9999 -9999 0.0
C0G660 2006091518 -9999 -9999 -9999 0.0
C0G660 2006091519 -9999 -9999 -9999 0.0
C0G660 2006091520 -9999 -9999 -9999 0.0
C0G660 2006091521 -9999 -9999 -9999 0.0
C0G660 2006091522 -9999 -9999 -9999 0.0
C0G660 2006091523 -9999 -9999 -9999 0.0
C0G660 2006091524 -9999 -9999 -9999 0.0
C0G660 2006091601 -9999 -9999 -9999 0.0
C0G660 2006091602 -9999 -9999 -9999 0.0
C0G660 2006091603 -9999 -9999 -9999 2.0
C0G660 2006091604 -9999 -9999 -9999 4.5
C0G660 2006091605 -9999 -9999 -9999 0.0
C0G660 2006091606 -9999 -9999 -9999 0.0
C0G660 2006091607 -9999 -9999 -9999 0.0
C0G660 2006091608 -9999 -9999 -9999 0.0
C0G660 2006091609 -9999 -9999 -9999 0.0
C0G660 2006091610 -9999 -9999 -9999 0.0
C0G660 2006091611 -9999 -9999 -9999 0.0
C0G660 2006091612 -9999 -9999 -9999 0.0
C0G660 2006091613 -9999 -9999 -9999 0.0
C0G660 2006091614 -9999 -9999 -9999 0.0
C0G660 2006091615 -9999 -9999 -9999 0.0
C0G660 2006091616 -9999 -9999 -9999 0.0
C0G660 2006091617 -9999 -9999 -9999 0.0
C0G660 2006091618 -9999 -9999 -9999 0.0
C0G660 2006091619 -9999 -9999 -9999 0.0
C0G660 2006091620 -9999 -9999 -9999 0.0
C0G660 2006091621 -9999 -9999 -9999 0.0
C0G660 2006091622 -9999 -9999 -9999 0.0
C0G660 2006091623 -9999 -9999 -9999 0.0
C0G660 2006091624 -9999 -9999 -9999 0.0
C0G660 2006091701 -9999 -9999 -9999 0.0
C0G660 2006091702 -9999 -9999 -9999 0.0
C0G660 2006091703 -9999 -9999 -9999 1.5
C0G660 2006091704 -9999 -9999 -9999 0.0
C0G660 2006091705 -9999 -9999 -9999 0.0
C0G660 2006091706 -9999 -9999 -9999 0.0
C0G660 2006091707 -9999 -9999 -9999 0.0
C0G660 2006091708 -9999 -9999 -9999 0.0
C0G660 2006091709 -9999 -9999 -9999 0.0
C0G660 2006091710 -9999 -9999 -9999 0.0
C0G660 2006091711 -9999 -9999 -9999 0.0
C0G660 2006091712 -9999 -9999 -9999 0.0
C0G660 2006091713 -9999 -9999 -9999 0.0
C0G660 2006091714 -9999 -9999 -9999 0.0
C0G660 2006091715 -9999 -9999 -9999 0.0
C0G660 2006091716 -9999 -9999 -9999 0.0
C0G660 2006091717 -9999 -9999 -9999 0.0
C0G660 2006091718 -9999 -9999 -9999 0.0
C0G660 2006091719 -9999 -9999 -9999 0.0
C0G660 2006091720 -9999 -9999 -9999 0.0
C0G660 2006091721 -9999 -9999 -9999 0.0
C0G660 2006091722 -9999 -9999 -9999 0.0
C0G660 2006091723 -9999 -9999 -9999 0.0
C0G660 2006091724 -9999 -9999 -9999 0.0
C0G660 2006091801 -9999 -9999 -9999 -9996
C0G660 2006091802 -9999 -9999 -9999 0.0
C0G660 2006091803 -9999 -9999 -9999 0.0
C0G660 2006091804 -9999 -9999 -9999 0.0
C0G660 2006091805 -9999 -9999 -9999 0.0
C0G660 2006091806 -9999 -9999 -9999 0.0
C0G660 2006091807 -9999 -9999 -9999 -9996
C0G660 2006091808 -9999 -9999 -9999 0.0
C0G660 2006091809 -9999 -9999 -9999 0.0
C0G660 2006091810 -9999 -9999 -9999 -9996
C0G660 2006091811 -9999 -9999 -9999 0.0
C0G660 2006091812 -9999 -9999 -9999 0.0
C0G660 2006091813 -9999 -9999 -9999 0.0
C0G660 2006091814 -9999 -9999 -9999 0.0
C0G660 2006091815 -9999 -9999 -9999 0.0
C0G660 2006091816 -9999 -9999 -9999 0.0
C0G660 2006091817 -9999 -9999 -9999 -9996
C0G660 2006091818 -9999 -9999 -9999 0.0
C0G660 2006091819 -9999 -9999 -9999 0.0
C0G660 2006091820 -9999 -9999 -9999 0.0
C0G660 2006091821 -9999 -9999 -9999 -9996
C0G660 2006091822 -9999 -9999 -9999 0.0
C0G660 2006091823 -9999 -9999 -9999 -9996
C0G660 2006091824 -9999 -9999 -9999 -9996
C0G660 2006091901 -9999 -9999 -9999 0.0
C0G660 2006091902 -9999 -9999 -9999 0.0
C0G660 2006091903 -9999 -9999 -9999 0.0
C0G660 2006091904 -9999 -9999 -9999 0.0
C0G660 2006091905 -9999 -9999 -9999 0.0
C0G660 2006091906 -9999 -9999 -9999 -9996
C0G660 2006091907 -9999 -9999 -9999 0.0
C0G660 2006091908 -9999 -9999 -9999 0.0
C0G660 2006091909 -9999 -9999 -9999 0.0
C0G660 2006091910 -9999 -9999 -9999 0.0
C0G660 2006091911 -9999 -9999 -9999 0.0
C0G660 2006091912 -9999 -9999 -9999 -9996
C0G660 2006091913 -9999 -9999 -9999 -9996
C0G660 2006091914 -9999 -9999 -9999 0.0
C0G660 2006091915 -9999 -9999 -9999 -9996
C0G660 2006091916 -9999 -9999 -9999 0.0
C0G660 2006091917 -9999 -9999 -9999 0.0
C0G660 2006091918 -9999 -9999 -9999 0.0
C0G660 2006091919 -9999 -9999 -9999 0.0
C0G660 2006091920 -9999 -9999 -9999 0.0
C0G660 2006091921 -9999 -9999 -9999 0.0
C0G660 2006091922 -9999 -9999 -9999 0.0
C0G660 2006091923 -9999 -9999 -9999 0.0
C0G660 2006091924 -9999 -9999 -9999 -9996
C0G660 2006092001 -9999 -9999 -9999 0.0
C0G660 2006092002 -9999 -9999 -9999 0.0
C0G660 2006092003 -9999 -9999 -9999 0.0
C0G660 2006092004 -9999 -9999 -9999 0.0
C0G660 2006092005 -9999 -9999 -9999 0.0
C0G660 2006092006 -9999 -9999 -9999 0.0
C0G660 2006092007 -9999 -9999 -9999 0.0
C0G660 2006092008 -9999 -9999 -9999 0.0
C0G660 2006092009 -9999 -9999 -9999 0.0
C0G660 2006092010 -9999 -9999 -9999 0.0
C0G660 2006092011 -9999 -9999 -9999 0.0
C0G660 2006092012 -9999 -9999 -9999 0.0
C0G660 2006092013 -9999 -9999 -9999 0.0
C0G660 2006092014 -9999 -9999 -9999 0.0
C0G660 2006092015 -9999 -9999 -9999 0.0
C0G660 2006092016 -9999 -9999 -9999 0.0
C0G660 2006092017 -9999 -9999 -9999 -9996
C0G660 2006092018 -9999 -9999 -9999 0.0
C0G660 2006092019 -9999 -9999 -9999 0.0
C0G660 2006092020 -9999 -9999 -9999 0.0
C0G660 2006092021 -9999 -9999 -9999 0.0
C0G660 2006092022 -9999 -9999 -9999 0.0
C0G660 2006092023 -9999 -9999 -9999 0.0
C0G660 2006092024 -9999 -9999 -9999 0.0
C0G660 2006092101 -9999 -9999 -9999 0.0
C0G660 2006092102 -9999 -9999 -9999 0.0
C0G660 2006092103 -9999 -9999 -9999 0.0
C0G660 2006092104 -9999 -9999 -9999 0.0
C0G660 2006092105 -9999 -9999 -9999 0.0
C0G660 2006092106 -9999 -9999 -9999 0.0
C0G660 2006092107 -9999 -9999 -9999 0.0
C0G660 2006092108 -9999 -9999 -9999 0.0
C0G660 2006092109 -9999 -9999 -9999 -9996
C0G660 2006092110 -9999 -9999 -9999 0.0
C0G660 2006092111 -9999 -9999 -9999 0.0
C0G660 2006092112 -9999 -9999 -9999 0.0
C0G660 2006092113 -9999 -9999 -9999 0.0
C0G660 2006092114 -9999 -9999 -9999 0.0
C0G660 2006092115 -9999 -9999 -9999 0.0
C0G660 2006092116 -9999 -9999 -9999 0.0
C0G660 2006092117 -9999 -9999 -9999 0.0
C0G660 2006092118 -9999 -9999 -9999 0.0
C0G660 2006092119 -9999 -9999 -9999 -9996
C0G660 2006092120 -9999 -9999 -9999 0.0
C0G660 2006092121 -9999 -9999 -9999 0.0
C0G660 2006092122 -9999 -9999 -9999 0.0
C0G660 2006092123 -9999 -9999 -9999 0.0
C0G660 2006092124 -9999 -9999 -9999 -9996
C0G660 2006092201 -9999 -9999 -9999 0.0
C0G660 2006092202 -9999 -9999 -9999 0.0
C0G660 2006092203 -9999 -9999 -9999 0.0
C0G660 2006092204 -9999 -9999 -9999 0.0
C0G660 2006092205 -9999 -9999 -9999 0.0
C0G660 2006092206 -9999 -9999 -9999 0.0
C0G660 2006092207 -9999 -9999 -9999 0.0
C0G660 2006092208 -9999 -9999 -9999 0.0
C0G660 2006092209 -9999 -9999 -9999 0.0
C0G660 2006092210 -9999 -9999 -9999 0.0
C0G660 2006092211 -9999 -9999 -9999 0.0
C0G660 2006092212 -9999 -9999 -9999 -9996
C0G660 2006092213 -9999 -9999 -9999 0.0
C0G660 2006092214 -9999 -9999 -9999 0.0
C0G660 2006092215 -9999 -9999 -9999 0.0
C0G660 2006092216 -9999 -9999 -9999 0.0
C0G660 2006092217 -9999 -9999 -9999 0.0
C0G660 2006092218 -9999 -9999 -9999 0.0
C0G660 2006092219 -9999 -9999 -9999 0.0
C0G660 2006092220 -9999 -9999 -9999 0.0
C0G660 2006092221 -9999 -9999 -9999 0.0
C0G660 2006092222 -9999 -9999 -9999 0.0
C0G660 2006092223 -9999 -9999 -9999 0.0
C0G660 2006092224 -9999 -9999 -9999 0.0
C0G660 2006092301 -9999 -9999 -9999 0.0
C0G660 2006092302 -9999 -9999 -9999 0.0
C0G660 2006092303 -9999 -9999 -9999 0.0
C0G660 2006092304 -9999 -9999 -9999 0.0
C0G660 2006092305 -9999 -9999 -9999 0.0
C0G660 2006092306 -9999 -9999 -9999 0.0
C0G660 2006092307 -9999 -9999 -9999 0.0
C0G660 2006092308 -9999 -9999 -9999 0.0
C0G660 2006092309 -9999 -9999 -9999 0.0
C0G660 2006092310 -9999 -9999 -9999 0.0
C0G660 2006092311 -9999 -9999 -9999 0.0
C0G660 2006092312 -9999 -9999 -9999 0.0
C0G660 2006092313 -9999 -9999 -9999 0.0
C0G660 2006092314 -9999 -9999 -9999 0.0
C0G660 2006092315 -9999 -9999 -9999 0.0
C0G660 2006092316 -9999 -9999 -9999 0.0
C0G660 2006092317 -9999 -9999 -9999 0.0
C0G660 2006092318 -9999 -9999 -9999 0.0
C0G660 2006092319 -9999 -9999 -9999 0.0
C0G660 2006092320 -9999 -9999 -9999 0.0
C0G660 2006092321 -9999 -9999 -9999 0.0
C0G660 2006092322 -9999 -9999 -9999 0.0
C0G660 2006092323 -9999 -9999 -9999 0.0
C0G660 2006092324 -9999 -9999 -9999 -9996
C0G660 2006092401 -9999 -9999 -9999 0.0
C0G660 2006092402 -9999 -9999 -9999 0.0
C0G660 2006092403 -9999 -9999 -9999 0.0
C0G660 2006092404 -9999 -9999 -9999 0.0
C0G660 2006092405 -9999 -9999 -9999 -9996
C0G660 2006092406 -9999 -9999 -9999 0.0
C0G660 2006092407 -9999 -9999 -9999 0.0
C0G660 2006092408 -9999 -9999 -9999 0.0
C0G660 2006092409 -9999 -9999 -9999 0.0
C0G660 2006092410 -9999 -9999 -9999 -9996
C0G660 2006092411 -9999 -9999 -9999 0.0
C0G660 2006092412 -9999 -9999 -9999 0.0
C0G660 2006092413 -9999 -9999 -9999 0.0
C0G660 2006092414 -9999 -9999 -9999 0.0
C0G660 2006092415 -9999 -9999 -9999 0.0
C0G660 2006092416 -9999 -9999 -9999 0.0
C0G660 2006092417 -9999 -9999 -9999 0.0
C0G660 2006092418 -9999 -9999 -9999 0.0
C0G660 2006092419 -9999 -9999 -9999 0.0
C0G660 2006092420 -9999 -9999 -9999 0.0
C0G660 2006092421 -9999 -9999 -9999 0.0
C0G660 2006092422 -9999 -9999 -9999 0.0
C0G660 2006092423 -9999 -9999 -9999 0.0
C0G660 2006092424 -9999 -9999 -9999 0.0
C0G660 2006092501 -9999 -9999 -9999 0.0
C0G660 2006092502 -9999 -9999 -9999 0.0
C0G660 2006092503 -9999 -9999 -9999 0.0
C0G660 2006092504 -9999 -9999 -9999 0.0
C0G660 2006092505 -9999 -9999 -9999 0.0
C0G660 2006092506 -9999 -9999 -9999 0.0
C0G660 2006092507 -9999 -9999 -9999 0.0
C0G660 2006092508 -9999 -9999 -9999 0.0
C0G660 2006092509 -9999 -9999 -9999 0.0
C0G660 2006092510 -9999 -9999 -9999 0.0
C0G660 2006092511 -9999 -9999 -9999 0.0
C0G660 2006092512 -9999 -9999 -9999 0.0
C0G660 2006092513 -9999 -9999 -9999 0.0
C0G660 2006092514 -9999 -9999 -9999 0.0
C0G660 2006092515 -9999 -9999 -9999 0.0
C0G660 2006092516 -9999 -9999 -9999 0.0
C0G660 2006092517 -9999 -9999 -9999 0.0
C0G660 2006092518 -9999 -9999 -9999 -9996
C0G660 2006092519 -9999 -9999 -9999 0.0
C0G660 2006092520 -9999 -9999 -9999 0.0
C0G660 2006092521 -9999 -9999 -9999 0.0
C0G660 2006092522 -9999 -9999 -9999 -9996
C0G660 2006092523 -9999 -9999 -9999 -9996
C0G660 2006092524 -9999 -9999 -9999 0.0
C0G660 2006092601 -9999 -9999 -9999 0.0
C0G660 2006092602 -9999 -9999 -9999 -9996
C0G660 2006092603 -9999 -9999 -9999 0.0
C0G660 2006092604 -9999 -9999 -9999 0.0
C0G660 2006092605 -9999 -9999 -9999 0.0
C0G660 2006092606 -9999 -9999 -9999 0.0
C0G660 2006092607 -9999 -9999 -9999 0.0
C0G660 2006092608 -9999 -9999 -9999 0.0
C0G660 2006092609 -9999 -9999 -9999 -9996
C0G660 2006092610 -9999 -9999 -9999 0.0
C0G660 2006092611 -9999 -9999 -9999 0.0
C0G660 2006092612 -9999 -9999 -9999 0.0
C0G660 2006092613 -9999 -9999 -9999 0.0
C0G660 2006092614 -9999 -9999 -9999 0.0
C0G660 2006092615 -9999 -9999 -9999 -9996
C0G660 2006092616 -9999 -9999 -9999 -9996
C0G660 2006092617 -9999 -9999 -9999 0.0
C0G660 2006092618 -9999 -9999 -9999 0.0
C0G660 2006092619 -9999 -9999 -9999 0.0
C0G660 2006092620 -9999 -9999 -9999 0.0
C0G660 2006092621 -9999 -9999 -9999 0.0
C0G660 2006092622 -9999 -9999 -9999 0.0
C0G660 2006092623 -9999 -9999 -9999 0.0
C0G660 2006092624 -9999 -9999 -9999 -9996
C0G660 2006092701 -9999 -9999 -9999 0.0
C0G660 2006092702 -9999 -9999 -9999 0.0
C0G660 2006092703 -9999 -9999 -9999 0.0
C0G660 2006092704 -9999 -9999 -9999 0.0
C0G660 2006092705 -9999 -9999 -9999 -9996
C0G660 2006092706 -9999 -9999 -9999 0.0
C0G660 2006092707 -9999 -9999 -9999 0.0
C0G660 2006092708 -9999 -9999 -9999 0.0
C0G660 2006092709 -9999 -9999 -9999 -9996
C0G660 2006092710 -9999 -9999 -9999 0.0
C0G660 2006092711 -9999 -9999 -9999 0.0
C0G660 2006092712 -9999 -9999 -9999 0.0
C0G660 2006092713 -9999 -9999 -9999 0.0
C0G660 2006092714 -9999 -9999 -9999 0.0
C0G660 2006092715 -9999 -9999 -9999 0.0
C0G660 2006092716 -9999 -9999 -9999 0.0
C0G660 2006092717 -9999 -9999 -9999 0.0
C0G660 2006092718 -9999 -9999 -9999 0.0
C0G660 2006092719 -9999 -9999 -9999 0.0
C0G660 2006092720 -9999 -9999 -9999 0.0
C0G660 2006092721 -9999 -9999 -9999 0.0
C0G660 2006092722 -9999 -9999 -9999 0.0
C0G660 2006092723 -9999 -9999 -9999 0.0
C0G660 2006092724 -9999 -9999 -9999 0.0
C0G660 2006092801 -9999 -9999 -9999 0.0
C0G660 2006092802 -9999 -9999 -9999 0.0
C0G660 2006092803 -9999 -9999 -9999 -9996
C0G660 2006092804 -9999 -9999 -9999 0.0
C0G660 2006092805 -9999 -9999 -9999 0.0
C0G660 2006092806 -9999 -9999 -9999 0.0
C0G660 2006092807 -9999 -9999 -9999 0.0
C0G660 2006092808 -9999 -9999 -9999 0.0
C0G660 2006092809 -9999 -9999 -9999 0.0
C0G660 2006092810 -9999 -9999 -9999 0.0
C0G660 2006092811 -9999 -9999 -9999 0.0
C0G660 2006092812 -9999 -9999 -9999 0.0
C0G660 2006092813 -9999 -9999 -9999 0.0
C0G660 2006092814 -9999 -9999 -9999 0.0
C0G660 2006092815 -9999 -9999 -9999 -9996
C0G660 2006092816 -9999 -9999 -9999 0.0
C0G660 2006092817 -9999 -9999 -9999 0.0
C0G660 2006092818 -9999 -9999 -9999 0.0
C0G660 2006092819 -9999 -9999 -9999 0.0
C0G660 2006092820 -9999 -9999 -9999 0.0
C0G660 2006092821 -9999 -9999 -9999 0.0
C0G660 2006092822 -9999 -9999 -9999 0.0
C0G660 2006092823 -9999 -9999 -9999 0.0
C0G660 2006092824 -9999 -9999 -9999 0.0
C0G660 2006092901 -9999 -9999 -9999 0.0
C0G660 2006092902 -9999 -9999 -9999 0.0
C0G660 2006092903 -9999 -9999 -9999 0.0
C0G660 2006092904 -9999 -9999 -9999 -9996
C0G660 2006092905 -9999 -9999 -9999 0.0
C0G660 2006092906 -9999 -9999 -9999 0.0
C0G660 2006092907 -9999 -9999 -9999 0.0
C0G660 2006092908 -9999 -9999 -9999 0.0
C0G660 2006092909 -9999 -9999 -9999 0.0
C0G660 2006092910 -9999 -9999 -9999 0.0
C0G660 2006092911 -9999 -9999 -9999 0.0
C0G660 2006092912 -9999 -9999 -9999 -9996
C0G660 2006092913 -9999 -9999 -9999 0.0
C0G660 2006092914 -9999 -9999 -9999 0.0
C0G660 2006092915 -9999 -9999 -9999 -9996
C0G660 2006092916 -9999 -9999 -9999 0.0
C0G660 2006092917 -9999 -9999 -9999 0.0
C0G660 2006092918 -9999 -9999 -9999 0.0
C0G660 2006092919 -9999 -9999 -9999 0.0
C0G660 2006092920 -9999 -9999 -9999 0.0
C0G660 2006092921 -9999 -9999 -9999 0.0
C0G660 2006092922 -9999 -9999 -9999 0.0
C0G660 2006092923 -9999 -9999 -9999 0.0
C0G660 2006092924 -9999 -9999 -9999 0.0
C0G660 2006093001 -9999 -9999 -9999 0.0
C0G660 2006093002 -9999 -9999 -9999 -9996
C0G660 2006093003 -9999 -9999 -9999 0.0
C0G660 2006093004 -9999 -9999 -9999 0.0
C0G660 2006093005 -9999 -9999 -9999 0.0
C0G660 2006093006 -9999 -9999 -9999 0.0
C0G660 2006093007 -9999 -9999 -9999 0.0
C0G660 2006093008 -9999 -9999 -9999 0.0
C0G660 2006093009 -9999 -9999 -9999 0.0
C0G660 2006093010 -9999 -9999 -9999 0.0
C0G660 2006093011 -9999 -9999 -9999 0.0
C0G660 2006093012 -9999 -9999 -9999 0.0
C0G660 2006093013 -9999 -9999 -9999 0.0
C0G660 2006093014 -9999 -9999 -9999 -9996
C0G660 2006093015 -9999 -9999 -9999 0.0
C0G660 2006093016 -9999 -9999 -9999 0.0
C0G660 2006093017 -9999 -9999 -9999 0.0
C0G660 2006093018 -9999 -9999 -9999 0.0
C0G660 2006093019 -9999 -9999 -9999 0.0
C0G660 2006093020 -9999 -9999 -9999 0.0
C0G660 2006093021 -9999 -9999 -9999 -9996
C0G660 2006093022 -9999 -9999 -9999 0.0
C0G660 2006093023 -9999 -9999 -9999 0.0
C0G660 2006093024 -9999 -9999 -9999 0.0
