C0G650 2006110101  -9997   23.2  -9997    0.3   40.0    0.0    0.0
C0G650 2006110102  -9997   23.1  -9997    0.0    0.0    0.0    0.0
C0G650 2006110103  -9997   23.1  -9997    0.1    0.0    0.0    0.0
C0G650 2006110104  -9997   22.6  -9997    0.5   50.0    0.0    0.0
C0G650 2006110105  -9997   22.8  -9997    0.3   10.0    0.0    0.0
C0G650 2006110106  -9997   22.6  -9997    1.0   20.0    0.0    0.0
C0G650 2006110107  -9997   22.6  -9997    0.6   20.0    0.0    0.0
C0G650 2006110108  -9997   22.6  -9997    0.6   40.0    0.0    0.0
C0G650 2006110109  -9997   22.9  -9997    1.1   30.0    0.0    0.0
C0G650 2006110110  -9997   23.4  -9997    0.1    0.0    0.0    0.0
C0G650 2006110111  -9997   23.7  -9997    0.1    0.0    0.0    0.0
C0G650 2006110112  -9997   24.0  -9997    0.5   20.0    0.0    0.0
C0G650 2006110113  -9997   24.2  -9997    0.2    0.0    0.0    0.0
C0G650 2006110114  -9997   23.5  -9997    0.0    0.0    0.5    0.0
C0G650 2006110115  -9997   22.3  -9997    0.0    0.0    0.5    0.0
C0G650 2006110116  -9997   22.6  -9997    0.1    0.0    0.0    0.0
C0G650 2006110117  -9997   22.5  -9997    0.1    0.0    0.5    0.0
C0G650 2006110118  -9997   22.4  -9997    0.1    0.0    0.0    0.0
C0G650 2006110119  -9997   22.5  -9997    0.0    0.0    0.0    0.0
C0G650 2006110120  -9997   22.4  -9997    0.2    0.0    0.0    0.0
C0G650 2006110121  -9997   21.9  -9997    0.0    0.0    0.0    0.0
C0G650 2006110122  -9997   21.9  -9997    0.2    0.0  -9996    0.0
C0G650 2006110123  -9997   21.8  -9997    0.0    0.0    0.0    0.0
C0G650 2006110124  -9997   21.6  -9997    0.1    0.0    0.0    0.0
C0G650 2006110201  -9997   21.6  -9997    0.0    0.0    0.0    0.0
C0G650 2006110202  -9997   21.4  -9997    0.5   70.0    0.0    0.0
C0G650 2006110203  -9997   21.3  -9997    0.1    0.0    0.0    0.0
C0G650 2006110204  -9997   20.8  -9997    0.1    0.0    0.0    0.0
C0G650 2006110205  -9997   20.9  -9997    0.7   20.0    0.0    0.0
C0G650 2006110206  -9997   20.6  -9997    0.0    0.0    0.0    0.0
C0G650 2006110207  -9997   21.0  -9997    0.2    0.0    0.0    0.0
C0G650 2006110208  -9997   21.2  -9997    0.7   20.0    0.0    0.0
C0G650 2006110209  -9997   22.1  -9997    0.7   50.0    0.0    0.0
C0G650 2006110210  -9997   22.9  -9997    1.0   50.0    0.0    0.0
C0G650 2006110211  -9997   24.4  -9997    0.0    0.0    0.0    0.4
C0G650 2006110212  -9997   25.0  -9997    0.8  -9997  -9996    0.7
C0G650 2006110213  -9997   25.0  -9997    0.2    0.0    0.0    0.1
C0G650 2006110214  -9997   24.8  -9997    0.9   20.0    0.0    0.0
C0G650 2006110215  -9997   25.0  -9997    0.3   10.0    0.0    0.0
C0G650 2006110216  -9997   24.5  -9997    1.0   30.0    0.0    0.0
C0G650 2006110217  -9997   23.7  -9997    0.3   40.0    0.0    0.0
C0G650 2006110218  -9997   22.5  -9997    1.4   20.0    0.0    0.0
C0G650 2006110219  -9997   21.3  -9997    0.2    0.0    0.0    0.0
C0G650 2006110220  -9997   21.0  -9997    0.2    0.0    0.0    0.0
C0G650 2006110221  -9997   20.8  -9997    0.0    0.0    0.0    0.0
C0G650 2006110222  -9997   20.7  -9997  -9997    0.0    0.0    0.0
C0G650 2006110223  -9997   21.1  -9997    0.1    0.0    0.5    0.0
C0G650 2006110224  -9997   20.2  -9997    0.1    0.0    0.5    0.0
C0G650 2006110301  -9997   20.6  -9997    0.1    0.0  -9996    0.0
C0G650 2006110302  -9997   21.1  -9997    0.6   60.0    0.0    0.0
C0G650 2006110303  -9997   21.0  -9997    0.6   30.0  -9996    0.0
C0G650 2006110304  -9997   21.2  -9997    0.4   20.0    0.0    0.0
C0G650 2006110305  -9997   21.3  -9997    0.3   10.0    0.0    0.0
C0G650 2006110306  -9997   21.0  -9997    0.0    0.0    0.0    0.0
C0G650 2006110307  -9997   21.6  -9997    0.0    0.0  -9996    0.0
C0G650 2006110308  -9997   21.5  -9997    0.0    0.0    0.0    0.0
C0G650 2006110309  -9997   22.7  -9997    0.0    0.0    0.0    0.0
C0G650 2006110310  -9997   21.1  -9997    0.0    0.0    4.0    0.0
C0G650 2006110311  -9997   21.5  -9997    0.0    0.0    0.0    0.0
C0G650 2006110312  -9997   22.1  -9997    0.2    0.0    0.0    0.0
C0G650 2006110313  -9997   22.7  -9997    0.2    0.0  -9996    0.0
C0G650 2006110314  -9997   23.3  -9997    0.4   20.0    0.0    0.0
C0G650 2006110315  -9997   22.0  -9997    0.6   20.0    0.0    0.0
C0G650 2006110316  -9997   22.0  -9997    0.2    0.0    0.0    0.0
C0G650 2006110317  -9997   21.6  -9997    0.4   50.0    0.0    0.0
C0G650 2006110318  -9997   21.1  -9997    0.2    0.0    1.0    0.0
C0G650 2006110319  -9997   19.1  -9997    0.1    0.0    1.5    0.0
C0G650 2006110320  -9997   20.1  -9997    0.2    0.0    0.0    0.0
C0G650 2006110321  -9997   20.1  -9997    0.0    0.0    0.0    0.0
C0G650 2006110322  -9997   19.8  -9997    0.0    0.0    0.0    0.0
C0G650 2006110323  -9997   20.1  -9997    0.0    0.0    0.0    0.0
C0G650 2006110324  -9997   19.9  -9997    0.0    0.0    0.0    0.0
C0G650 2006110401  -9997   19.8  -9997    0.0    0.0    0.5    0.0
C0G650 2006110402  -9997   19.6  -9997    0.0    0.0    0.5    0.0
C0G650 2006110403  -9997   19.9  -9997    0.1    0.0    0.0    0.0
C0G650 2006110404  -9997   20.0  -9997    0.0    0.0    0.0    0.0
C0G650 2006110405  -9997   20.2  -9997    0.0    0.0  -9996    0.0
C0G650 2006110406  -9997   19.6  -9997    0.0    0.0    0.0    0.0
C0G650 2006110407  -9997   20.6  -9997    0.0    0.0    0.0    0.0
C0G650 2006110408  -9997   21.9  -9997    0.0    0.0  -9996    0.1
C0G650 2006110409  -9997   23.1  -9997    0.0    0.0    0.0    0.0
C0G650 2006110410  -9997   23.6  -9997    1.5   30.0    0.0    0.3
C0G650 2006110411  -9997   25.8  -9997    0.6   20.0    0.0    0.9
C0G650 2006110412  -9997   27.3  -9997    0.8   60.0    0.0    0.9
C0G650 2006110413  -9997   29.1  -9997    0.0    0.0    0.0    0.9
C0G650 2006110414  -9997  -9997  -9997  -9997  -9997  -9996   -9.6
C0G650 2006110415  -9997   30.0  -9997    0.7  -9997    0.0    1.5
C0G650 2006110416  -9997   29.4  -9997    1.0  270.0    0.0    0.7
C0G650 2006110417  -9997   26.2  -9997    0.1    0.0    0.0    0.1
C0G650 2006110418  -9997   25.4  -9997    0.1    0.0    0.0    0.0
C0G650 2006110419  -9997   24.6  -9997    0.0    0.0    0.0    0.0
C0G650 2006110420  -9997   24.0  -9997    0.0    0.0    0.0    0.0
C0G650 2006110421  -9997   22.6  -9997    0.0    0.0    0.0    0.0
C0G650 2006110422  -9997   21.9  -9997    0.0    0.0    0.0    0.0
C0G650 2006110423  -9997   21.3  -9997    0.0    0.0  -9996    0.0
C0G650 2006110424  -9997   21.3  -9997    0.0    0.0    0.0    0.0
C0G650 2006110501  -9997   21.1  -9997    0.0    0.0    0.0    0.0
C0G650 2006110502  -9997   21.4  -9997    0.0    0.0    0.0    0.0
C0G650 2006110503  -9997   21.5  -9997    0.0    0.0    0.0    0.0
C0G650 2006110504  -9997   21.6  -9997    0.0    0.0    0.0    0.0
C0G650 2006110505  -9997   20.4  -9997    0.0    0.0    0.0    0.0
C0G650 2006110506  -9997   20.0  -9997    0.0    0.0    0.0    0.0
C0G650 2006110507  -9997   22.1  -9997    0.0    0.0    0.0    0.3
C0G650 2006110508  -9997   26.9  -9997    0.0    0.0    0.0    1.0
C0G650 2006110509  -9997   28.1  -9997    0.3   60.0    0.0    1.0
C0G650 2006110510  -9997   29.8  -9997    0.3  240.0    0.0    1.0
C0G650 2006110511  -9997  -9997  -9997  -9997  -9997    0.0    1.0
C0G650 2006110512  -9997   31.4  -9997    0.2    0.0    0.0    1.0
C0G650 2006110513  -9997  -9997  -9997  -9997  -9997    0.0   -9.6
C0G650 2006110514  -9997  -9997  -9997  -9997  -9997  -9996    1.6
C0G650 2006110515  -9997   29.7  -9997  -9997    0.0    0.0    0.9
C0G650 2006110516  -9997   29.0  -9997    0.1    0.0    0.0    0.8
C0G650 2006110517  -9997   27.7  -9997    0.1    0.0  -9996    0.1
C0G650 2006110518  -9997   26.4  -9997    0.0    0.0    0.0    0.0
C0G650 2006110519  -9997   25.0  -9997    0.0    0.0    0.0    0.0
C0G650 2006110520  -9997   24.9  -9997    0.0    0.0    0.0    0.0
C0G650 2006110521  -9997   23.6  -9997    0.0    0.0    0.0    0.0
C0G650 2006110522  -9997   23.1  -9997    0.0    0.0    0.0    0.0
C0G650 2006110523  -9997   23.3  -9997    0.0    0.0    0.0    0.0
C0G650 2006110524  -9997   23.7  -9997    0.0    0.0    0.0    0.0
C0G650 2006110601  -9997   23.4  -9997    0.0    0.0    0.0    0.0
C0G650 2006110602  -9997   23.5  -9997    0.0    0.0    0.0    0.0
C0G650 2006110603  -9997   23.5  -9997    0.0    0.0    0.0    0.0
C0G650 2006110604  -9997  -9997  -9997    0.0    0.0    0.0    0.0
C0G650 2006110605  -9997   22.7  -9997    0.0    0.0    0.0    0.0
C0G650 2006110606  -9997   22.8  -9997    0.0    0.0    0.0    0.0
C0G650 2006110607  -9997   22.5  -9997    0.0    0.0    0.0    0.0
C0G650 2006110608  -9997   23.4  -9997    0.0    0.0    0.0    0.1
C0G650 2006110609  -9997   24.7  -9997    0.5   50.0    0.0    0.4
C0G650 2006110610  -9997   27.4  -9997    0.2    0.0    0.0    1.0
C0G650 2006110611  -9997   28.3  -9997    0.9   70.0    0.0    1.0
C0G650 2006110612  -9997   31.0  -9997    0.9  250.0    0.0    1.0
C0G650 2006110613  -9997   30.5  -9997    0.3  280.0    0.0    1.0
C0G650 2006110614  -9997   30.2  -9997    0.5  350.0    0.0    0.6
C0G650 2006110615  -9997   30.2  -9997    1.1   20.0    0.0    1.0
C0G650 2006110616  -9997   28.7  -9997    1.4   20.0  -9996    1.0
C0G650 2006110617  -9997   27.7  -9997    1.2   40.0    0.0    0.6
C0G650 2006110618  -9997   26.2  -9997    0.1    0.0    0.0    0.0
C0G650 2006110619  -9997   23.1  -9997    0.0    0.0    0.0    0.0
C0G650 2006110620  -9997   22.8  -9997    0.1    0.0    0.0    0.0
C0G650 2006110621  -9997   21.3  -9997    0.0    0.0    0.0    0.0
C0G650 2006110622  -9997   20.7  -9997    0.0    0.0    0.0    0.0
C0G650 2006110623  -9997   20.2  -9997    0.0    0.0    0.0    0.0
C0G650 2006110624  -9997   21.0  -9997    0.0    0.0    0.0    0.0
C0G650 2006110701  -9997   20.0  -9997    0.0    0.0    0.0    0.0
C0G650 2006110702  -9997   19.1  -9997    0.0    0.0    0.0    0.0
C0G650 2006110703  -9997   18.9  -9997    0.0    0.0    0.0    0.0
C0G650 2006110704  -9997   19.6  -9997    0.1    0.0    0.0    0.0
C0G650 2006110705  -9997   19.0  -9997    0.0    0.0    0.0    0.0
C0G650 2006110706  -9997   18.3  -9997    0.0    0.0    0.0    0.0
C0G650 2006110707  -9997   18.9  -9997    0.0    0.0    0.0    0.0
C0G650 2006110708  -9997   21.7  -9997    0.0    0.0    0.0    0.5
C0G650 2006110709  -9997   23.8  -9997    0.0    0.0    0.0    1.0
C0G650 2006110710  -9997   25.7  -9997    0.1    0.0    0.0    1.0
C0G650 2006110711  -9997   26.5  -9997    0.7   50.0    0.0    1.0
C0G650 2006110712  -9997   28.4  -9997    0.3  190.0    0.0    1.0
C0G650 2006110713  -9997   29.4  -9997    0.6  310.0    0.0    1.0
C0G650 2006110714  -9997   28.2  -9997    0.4   30.0    0.0    0.7
C0G650 2006110715  -9997   27.1  -9997    0.6   20.0    0.0    0.7
C0G650 2006110716  -9997   25.8  -9997    0.3   10.0    0.0    0.3
C0G650 2006110717  -9997   24.7  -9997    0.3   30.0    0.0    0.0
C0G650 2006110718  -9997   23.2  -9997    0.0    0.0    0.0    0.0
C0G650 2006110719  -9997   22.0  -9997    0.0    0.0    0.0    0.0
C0G650 2006110720  -9997   21.6  -9997    0.0    0.0    0.0    0.0
C0G650 2006110721  -9997   21.0  -9997    0.0    0.0    0.0    0.0
C0G650 2006110722  -9997   20.3  -9997    0.0    0.0    0.0    0.0
C0G650 2006110723  -9997   19.2  -9997    0.0    0.0  -9996    0.0
C0G650 2006110724  -9997   18.8  -9997    0.0    0.0    0.0    0.0
C0G650 2006110801  -9997   18.7  -9997    0.0    0.0    0.0    0.0
C0G650 2006110802  -9997   18.3  -9997    0.0    0.0    0.0    0.0
C0G650 2006110803  -9997   18.6  -9997    0.0    0.0    0.0    0.0
C0G650 2006110804  -9997   18.2  -9997    0.0    0.0    0.0    0.0
C0G650 2006110805  -9997   18.5  -9997    0.0    0.0    0.0    0.0
C0G650 2006110806  -9997   18.2  -9997    0.0    0.0    0.0    0.0
C0G650 2006110807  -9997   18.3  -9997    0.0    0.0    0.0    0.0
C0G650 2006110808  -9997   21.9  -9997    0.0    0.0    0.0    0.5
C0G650 2006110809  -9997   24.9  -9997    0.0    0.0    0.0    1.0
C0G650 2006110810  -9997   26.8  -9997    0.0    0.0    0.0    1.0
C0G650 2006110811  -9997   27.5  -9997    0.1    0.0    0.0    1.0
C0G650 2006110812  -9997   28.9  -9997    0.3  280.0    0.0    1.0
C0G650 2006110813  -9997   29.5  -9997    0.2  -9997    0.0    1.0
C0G650 2006110814  -9997   28.7  -9997    0.2    0.0    0.0    0.9
C0G650 2006110815  -9997   27.6  -9997    0.2    0.0    0.0    1.0
C0G650 2006110816  -9997   27.2  -9997    0.3  280.0    0.0    1.0
C0G650 2006110817  -9997   25.3  -9997    0.0    0.0    0.0    0.3
C0G650 2006110818  -9997   24.1  -9997    0.3   30.0    0.0    0.0
C0G650 2006110819  -9997   22.5  -9997    0.0    0.0    0.0    0.0
C0G650 2006110820  -9997   21.3  -9997    0.0    0.0    0.0    0.0
C0G650 2006110821  -9997   20.5  -9997    0.0    0.0  -9996    0.0
C0G650 2006110822  -9997   19.9  -9997    0.0    0.0    0.0    0.0
C0G650 2006110823  -9997   19.5  -9997    0.0    0.0  -9996    0.0
C0G650 2006110824  -9997   19.1  -9997    0.0    0.0    0.0    0.0
C0G650 2006110901  -9997   18.7  -9997  -9997    0.0    0.0    0.0
C0G650 2006110902  -9997   18.6  -9997    0.0    0.0    0.0    0.0
C0G650 2006110903  -9997   17.4  -9997    0.0    0.0    0.0    0.0
C0G650 2006110904  -9997   18.0  -9997    0.0    0.0    0.0    0.0
C0G650 2006110905  -9997   17.8  -9997    0.0    0.0    0.0    0.0
C0G650 2006110906  -9997   17.4  -9997    0.0    0.0    0.0    0.0
C0G650 2006110907  -9997   18.0  -9997    0.0    0.0    0.0    0.0
C0G650 2006110908  -9997   22.9  -9997    0.0    0.0    0.0    0.8
C0G650 2006110909  -9997   24.6  -9997    1.0   60.0    0.0    1.0
C0G650 2006110910  -9997   25.7  -9997    0.6   30.0    0.0    1.0
C0G650 2006110911  -9997   26.9  -9997    0.3   40.0    0.0    1.0
C0G650 2006110912  -9997   28.8  -9997  -9997  250.0    0.0    1.0
C0G650 2006110913  -9997   29.8  -9997    1.3  290.0  -9996    1.0
C0G650 2006110914  -9997   28.6  -9997    0.2    0.0    0.0    0.6
C0G650 2006110915  -9997   28.0  -9997    0.2    0.0    0.0    1.0
C0G650 2006110916  -9997   26.7  -9997    0.3   30.0    0.0    1.0
C0G650 2006110917  -9997   25.2  -9997    0.5   20.0    0.0    0.5
C0G650 2006110918  -9997   24.0  -9997    0.1    0.0    0.0    0.0
C0G650 2006110919  -9997   22.3  -9997    0.0    0.0    0.0    0.0
C0G650 2006110920  -9997   21.3  -9997    0.0    0.0    0.0    0.0
C0G650 2006110921  -9997   20.7  -9997    0.0    0.0    0.0    0.0
C0G650 2006110922  -9997   20.6  -9997    0.0    0.0  -9996    0.0
C0G650 2006110923  -9997   20.1  -9997    0.0    0.0  -9996    0.0
C0G650 2006110924  -9997   19.9  -9997    0.0    0.0    0.0    0.0
C0G650 2006111001  -9997   19.5  -9997    0.0    0.0    0.0    0.0
C0G650 2006111002  -9997   19.1  -9997    0.0    0.0    0.0    0.0
C0G650 2006111003  -9997  -9997  -9997    0.0    0.0    0.0    0.0
C0G650 2006111004  -9997   18.6  -9997    0.0    0.0    0.0    0.0
C0G650 2006111005  -9997   18.1  -9997    0.0    0.0    0.0    0.0
C0G650 2006111006  -9997   18.8  -9997    0.0    0.0    0.0    0.0
C0G650 2006111007  -9997   19.1  -9997    0.0    0.0  -9996    0.0
C0G650 2006111008  -9997   22.1  -9997    0.0    0.0    0.0    0.2
C0G650 2006111009  -9997   24.4  -9997    0.5   40.0    0.0    1.0
C0G650 2006111010  -9997   27.2  -9997    0.0    0.0    0.0    1.0
C0G650 2006111011  -9997   28.4  -9997    0.0    0.0  -9996    1.0
C0G650 2006111012  -9997  -9997  -9997  -9997  -9997    0.0    1.0
C0G650 2006111013  -9997   29.2  -9997    0.6   10.0  -9996    1.0
C0G650 2006111014  -9997   30.3  -9997    0.1    0.0    0.0    0.6
C0G650 2006111015  -9997   28.5  -9997    0.3  -9997    0.0    1.0
C0G650 2006111016  -9997   27.2  -9997    0.0    0.0    0.0    1.0
C0G650 2006111017  -9997   26.1  -9997    0.5   20.0  -9996    0.3
C0G650 2006111018  -9997   24.4  -9997    0.0    0.0    0.0    0.0
C0G650 2006111019  -9997   22.8  -9997    0.0    0.0    0.0    0.0
C0G650 2006111020  -9997   22.6  -9997    0.0    0.0    0.0    0.0
C0G650 2006111021  -9997   22.0  -9997    0.0    0.0    0.0    0.0
C0G650 2006111022  -9997   21.4  -9997    0.0    0.0  -9996    0.0
C0G650 2006111023  -9997   21.1  -9997    0.0    0.0    0.0    0.0
C0G650 2006111024  -9997   20.7  -9997    0.0    0.0    0.0    0.0
C0G650 2006111101  -9997   20.1  -9997    0.0    0.0    0.0    0.0
C0G650 2006111102  -9997   19.9  -9997    0.0    0.0    0.0    0.0
C0G650 2006111103  -9997   20.1  -9997    0.0    0.0    0.0    0.0
C0G650 2006111104  -9997   21.4  -9997    0.2    0.0    0.0    0.0
C0G650 2006111105  -9997   20.5  -9997    0.0    0.0    0.0    0.0
C0G650 2006111106  -9997   20.5  -9997    0.1    0.0    0.0    0.0
C0G650 2006111107  -9997   20.7  -9997    0.1    0.0    0.0    0.0
C0G650 2006111108  -9997   22.7  -9997    0.2    0.0    0.0    0.6
C0G650 2006111109  -9997   24.5  -9997    0.5   30.0    0.0    1.0
C0G650 2006111110  -9997   26.7  -9997    1.9   30.0    0.0    1.0
C0G650 2006111111  -9997   28.0  -9997    2.5   20.0    0.0    1.0
C0G650 2006111112  -9997   28.8  -9997    2.5   20.0    0.0    1.0
C0G650 2006111113  -9997   28.6  -9997    2.9   20.0    0.0    1.0
C0G650 2006111114  -9997   28.2  -9997    2.5   20.0    0.0    0.6
C0G650 2006111115  -9997   27.3  -9997    2.5   20.0    0.0    1.0
C0G650 2006111116  -9997   26.5  -9997    1.8   30.0    0.0    0.9
C0G650 2006111117  -9997   24.8  -9997    1.5   30.0    0.0    0.0
C0G650 2006111118  -9997   23.8  -9997    1.4   20.0    0.0    0.0
C0G650 2006111119  -9997   23.0  -9997    0.5  360.0    0.0    0.0
C0G650 2006111120  -9997   21.2  -9997    0.0    0.0  -9996    0.0
C0G650 2006111121  -9997   20.0  -9997    0.0    0.0    0.0    0.0
C0G650 2006111122  -9997   22.6  -9997    0.7   20.0    0.0    0.0
C0G650 2006111123  -9997   22.8  -9997    0.7   30.0    0.0    0.0
C0G650 2006111124  -9997   19.1  -9997    0.0    0.0    0.0    0.0
C0G650 2006111201  -9997  -9997  -9997  -9997  -9997    0.0    0.0
C0G650 2006111202  -9997   19.0  -9997    0.0    0.0    0.0    0.0
C0G650 2006111203  -9997  -9997  -9997    0.0    0.0    0.0    0.0
C0G650 2006111204  -9997   18.7  -9997    0.2    0.0    0.0    0.0
C0G650 2006111205  -9997   18.0  -9997    0.1    0.0    0.0    0.0
C0G650 2006111206  -9997   19.3  -9997    0.1    0.0    0.0    0.0
C0G650 2006111207  -9997   19.8  -9997    0.0    0.0    0.0    0.0
C0G650 2006111208  -9997   21.7  -9997    0.5   40.0    0.0    0.0
C0G650 2006111209  -9997   21.1  -9997    1.2   30.0    0.0    0.7
C0G650 2006111210  -9997   22.7  -9997    1.0   60.0    0.0    0.8
C0G650 2006111211  -9997   24.9  -9997    0.5   10.0    0.0    1.0
C0G650 2006111212  -9997   26.5  -9997    0.5   10.0    0.0    1.0
C0G650 2006111213  -9997   27.5  -9997    0.7   50.0    0.0    1.0
C0G650 2006111214  -9997   28.9  -9997    0.0    0.0    0.0    0.6
C0G650 2006111215  -9997   28.4  -9997    0.0    0.0    0.0    1.0
C0G650 2006111216  -9997   26.4  -9997    0.0    0.0    0.0    0.9
C0G650 2006111217  -9997   25.1  -9997    0.0    0.0    0.0    0.0
C0G650 2006111218  -9997   22.7  -9997    0.0    0.0    0.0    0.0
C0G650 2006111219  -9997   21.8  -9997    0.0    0.0    0.0    0.0
C0G650 2006111220  -9997   20.8  -9997    0.0    0.0    0.0    0.0
C0G650 2006111221  -9997   20.3  -9997    0.0    0.0    0.0    0.0
C0G650 2006111222  -9997   19.7  -9997    0.0    0.0  -9996    0.0
C0G650 2006111223  -9997   19.3  -9997    0.0    0.0    0.0    0.0
C0G650 2006111224  -9997   18.8  -9997    0.0    0.0    0.0    0.0
C0G650 2006111301  -9997  -9997  -9997    0.0    0.0    0.0    0.0
C0G650 2006111302  -9997   20.4  -9997    0.0    0.0    0.0    0.0
C0G650 2006111303  -9997   20.3  -9997    0.0    0.0    0.0    0.0
C0G650 2006111304  -9997   20.3  -9997    0.0    0.0    0.0    0.0
C0G650 2006111305  -9997   19.1  -9997    0.0    0.0    0.0    0.0
C0G650 2006111306  -9997   18.3  -9997    0.0    0.0    0.0    0.0
C0G650 2006111307  -9997   18.1  -9997    0.0    0.0    0.0    0.0
C0G650 2006111308  -9997   22.6  -9997    0.0    0.0    0.0    0.3
C0G650 2006111309  -9997   25.5  -9997    0.0    0.0    0.0    1.0
C0G650 2006111310  -9997   26.0  -9997    0.0    0.0    0.0    1.0
C0G650 2006111311  -9997   26.9  -9997    0.8  240.0    0.0    1.0
C0G650 2006111312  -9997   27.7  -9997    0.1    0.0    0.0    1.0
C0G650 2006111313  -9997   27.3  -9997    0.0    0.0    0.0    0.9
C0G650 2006111314  -9997   26.8  -9997    0.5  280.0    0.0    0.1
C0G650 2006111315  -9997   26.3  -9997    0.0    0.0    0.0    0.1
C0G650 2006111316  -9997   25.9  -9997    0.0    0.0    0.0    0.2
C0G650 2006111317  -9997   25.1  -9997    0.0    0.0    0.0    0.0
C0G650 2006111318  -9997   24.4  -9997    0.0    0.0    0.0    0.0
C0G650 2006111319  -9997   23.7  -9997    0.0    0.0    0.0    0.0
C0G650 2006111320  -9997   23.7  -9997    0.0    0.0    0.0    0.0
C0G650 2006111321  -9997   22.9  -9997    0.0    0.0  -9996    0.0
C0G650 2006111322  -9997   22.7  -9997    0.0    0.0    0.0    0.0
C0G650 2006111323  -9997   22.4  -9997    0.0    0.0    0.0    0.0
C0G650 2006111324  -9997   21.8  -9997    0.0    0.0    0.0    0.0
C0G650 2006111401  -9997   21.9  -9997    0.0    0.0    0.0    0.0
C0G650 2006111402  -9997   21.5  -9997    0.0    0.0    0.0    0.0
C0G650 2006111403  -9997   21.4  -9997    0.0    0.0    0.0    0.0
C0G650 2006111404  -9997   21.2  -9997    0.0    0.0    0.0    0.0
C0G650 2006111405  -9997   20.7  -9997    0.0    0.0    0.5    0.0
C0G650 2006111406  -9997   20.3  -9997    0.0    0.0    0.0    0.0
C0G650 2006111407  -9997   20.6  -9997    0.0    0.0    0.0    0.0
C0G650 2006111408  -9997   22.3  -9997    0.4   50.0    0.0    0.0
C0G650 2006111409  -9997   24.1  -9997    0.3   10.0  -9996    0.0
C0G650 2006111410  -9997   24.8  -9997    0.3   30.0    0.0    0.2
C0G650 2006111411  -9997   24.8  -9997    0.9   60.0    0.0    0.0
C0G650 2006111412  -9997   24.0  -9997    0.1    0.0    0.0    0.0
C0G650 2006111413  -9997   25.1  -9997    1.2   40.0    0.0    0.0
C0G650 2006111414  -9997   24.6  -9997    0.8   10.0    0.0    0.0
C0G650 2006111415  -9997   25.5  -9997    0.0    0.0    0.0    0.3
C0G650 2006111416  -9997   24.3  -9997    0.3   20.0    0.0    0.0
C0G650 2006111417  -9997   23.2  -9997    0.1    0.0    0.0    0.0
C0G650 2006111418  -9997   23.0  -9997    0.2    0.0    0.0    0.0
C0G650 2006111419  -9997   23.0  -9997    0.5   20.0    0.0    0.0
C0G650 2006111420  -9997   22.9  -9997    0.0    0.0    0.0    0.0
C0G650 2006111421  -9997   22.6  -9997    0.0    0.0    0.0    0.0
C0G650 2006111422  -9997   21.4  -9997    0.0    0.0    0.0    0.0
C0G650 2006111423  -9997   21.2  -9997    0.0    0.0    0.0    0.0
C0G650 2006111424  -9997   20.9  -9997    0.1    0.0    0.0    0.0
C0G650 2006111501  -9997   20.6  -9997    0.1    0.0    0.0    0.0
C0G650 2006111502  -9997   20.5  -9997    0.2    0.0    0.0    0.0
C0G650 2006111503  -9997   20.3  -9997    0.1    0.0    0.0    0.0
C0G650 2006111504  -9997   20.1  -9997    0.0    0.0    0.0    0.0
C0G650 2006111505  -9997   19.4  -9997    0.1    0.0    0.0    0.0
C0G650 2006111506  -9997   18.5  -9997    0.4   40.0    1.5    0.0
C0G650 2006111507  -9997   18.6  -9997    0.2    0.0    0.5    0.0
C0G650 2006111508  -9997   18.8  -9997    0.0    0.0    0.5    0.0
C0G650 2006111509  -9997   19.1  -9997    0.0    0.0    0.0    0.0
C0G650 2006111510  -9997   19.5  -9997    0.7   20.0    0.5    0.0
C0G650 2006111511  -9997   20.2  -9997    0.0    0.0    1.0   -9.6
C0G650 2006111512  -9997   21.3  -9997    0.0    0.0    0.5    0.0
C0G650 2006111513  -9997   21.4  -9997    0.0    0.0    0.5    0.0
C0G650 2006111514  -9997   20.5  -9997    0.0    0.0    2.5    0.0
C0G650 2006111515  -9997   19.4  -9997    0.1    0.0    3.5    0.0
C0G650 2006111516  -9997   19.7  -9997    0.0    0.0    1.0    0.0
C0G650 2006111517  -9997   19.7  -9997    0.0    0.0    2.5    0.0
C0G650 2006111518  -9997   19.8  -9997    0.0    0.0    2.5    0.0
C0G650 2006111519  -9997   19.8  -9997    0.0    0.0    2.0    0.0
C0G650 2006111520  -9997   19.8  -9997    0.0    0.0    0.5    0.0
C0G650 2006111521  -9997   20.0  -9997  -9997    0.0    0.0    0.0
C0G650 2006111522  -9997   20.1  -9997  -9997    0.0    0.0    0.0
C0G650 2006111523  -9997   20.3  -9997    0.2    0.0    0.0    0.0
C0G650 2006111524  -9997   20.3  -9997    0.0    0.0  -9996    0.0
C0G650 2006111601  -9997   20.2  -9997    0.0    0.0    0.0    0.0
C0G650 2006111602  -9997   20.2  -9997    0.0    0.0    0.0    0.0
C0G650 2006111603  -9997   20.2  -9997    0.0    0.0    0.0    0.0
C0G650 2006111604  -9997   20.4  -9997    0.1    0.0    3.0    0.0
C0G650 2006111605  -9997   20.3  -9997    0.0    0.0    1.0    0.0
C0G650 2006111606  -9997   20.5  -9997    0.0    0.0    0.0    0.0
C0G650 2006111607  -9997   20.8  -9997    0.0    0.0    0.0    0.0
C0G650 2006111608  -9997   21.3  -9997    0.0    0.0    0.0    0.0
C0G650 2006111609  -9997   22.7  -9997    0.0    0.0  -9996    0.0
C0G650 2006111610  -9997   23.9  -9997    0.7   20.0    0.0    0.0
C0G650 2006111611  -9997  -9997  -9997  -9997  -9997    0.0   -9.6
C0G650 2006111612  -9997  -9997  -9997  -9997  -9997  -9996   -9.6
C0G650 2006111613  -9997  -9997  -9997  -9997  -9997  -9996   -9.6
C0G650 2006111614  -9997   26.1  -9997    0.0    0.0  -9996    0.3
C0G650 2006111615  -9997   26.3  -9997    0.0    0.0    0.0    0.0
C0G650 2006111616  -9997   25.2  -9997    0.1    0.0    0.0    0.3
C0G650 2006111617  -9997   24.4  -9997    0.0    0.0    0.0    0.0
C0G650 2006111618  -9997   23.7  -9997    0.6   40.0    0.0    0.0
C0G650 2006111619  -9997   23.1  -9997    0.1    0.0    0.0    0.0
C0G650 2006111620  -9997   22.7  -9997    0.0    0.0    0.0    0.0
C0G650 2006111621  -9997   22.5  -9997    0.0    0.0  -9996    0.0
C0G650 2006111622  -9997   21.5  -9997    0.0    0.0    0.0    0.0
C0G650 2006111623  -9997   21.2  -9997    0.0    0.0    0.0    0.0
C0G650 2006111624  -9997   20.9  -9997  -9997    0.0    0.0    0.0
C0G650 2006111701  -9997   20.5  -9997    0.0    0.0    0.0    0.0
C0G650 2006111702  -9997   20.2  -9997    0.0    0.0    0.0    0.0
C0G650 2006111703  -9997   20.8  -9997    0.0    0.0    0.0    0.0
C0G650 2006111704  -9997   21.5  -9997    0.6   40.0    0.0    0.0
C0G650 2006111705  -9997   20.5  -9997    0.0    0.0    0.0    0.0
C0G650 2006111706  -9997   20.2  -9997    0.0    0.0    0.0    0.0
C0G650 2006111707  -9997   20.2  -9997    0.0    0.0    0.0    0.2
C0G650 2006111708  -9997   23.7  -9997    0.0    0.0    0.0    1.0
C0G650 2006111709  -9997   26.3  -9997    0.0    0.0    0.0    1.0
C0G650 2006111710  -9997   27.7  -9997    0.5  270.0    0.0    1.0
C0G650 2006111711  -9997   28.2  -9997    0.9  230.0    0.0    1.0
C0G650 2006111712  -9997   29.7  -9997    1.0  240.0    0.0    1.0
C0G650 2006111713  -9997   29.5  -9997    0.7  280.0    0.0    1.0
C0G650 2006111714  -9997   29.5  -9997    0.4  340.0    0.0    0.7
C0G650 2006111715  -9997   28.5  -9997    0.0    0.0    0.0    0.9
C0G650 2006111716  -9997   27.8  -9997    0.0    0.0    0.0    1.0
C0G650 2006111717  -9997   26.6  -9997    0.0    0.0    0.0    0.4
C0G650 2006111718  -9997   25.1  -9997    0.0    0.0    0.0    0.0
C0G650 2006111719  -9997   24.3  -9997    0.0    0.0    0.0    0.0
C0G650 2006111720  -9997   24.3  -9997  -9997    0.0    0.0    0.0
C0G650 2006111721  -9997   23.6  -9997    0.0    0.0  -9996    0.0
C0G650 2006111722  -9997   22.9  -9997    0.0    0.0  -9996    0.0
C0G650 2006111723  -9997   22.3  -9997    0.0    0.0    0.0    0.0
C0G650 2006111724  -9997   22.0  -9997    0.0    0.0    0.0    0.0
C0G650 2006111801  -9997   21.6  -9997    0.0    0.0    0.0    0.0
C0G650 2006111802  -9997   21.3  -9997    0.0    0.0    0.0    0.0
C0G650 2006111803  -9997   21.3  -9997    0.0    0.0    0.0    0.0
C0G650 2006111804  -9997   21.6  -9997    0.0    0.0    0.0    0.0
C0G650 2006111805  -9997   21.6  -9997    0.0    0.0    0.0    0.0
C0G650 2006111806  -9997   21.7  -9997    0.0    0.0  -9996    0.0
C0G650 2006111807  -9997   22.5  -9997    0.0    0.0    0.0    0.0
C0G650 2006111808  -9997   24.3  -9997    0.0    0.0    0.0    0.0
C0G650 2006111809  -9997   26.9  -9997    0.0    0.0    0.0   -9.6
C0G650 2006111810  -9997   28.7  -9997    0.1    0.0    0.0    1.6
C0G650 2006111811  -9997   28.5  -9997    1.3   40.0    0.0    1.0
C0G650 2006111812  -9997   30.0  -9997    0.7  190.0    0.0    1.0
C0G650 2006111813  -9997   28.6  -9997    1.2   30.0    0.0    0.8
C0G650 2006111814  -9997   30.0  -9997    0.2    0.0    0.0    0.9
C0G650 2006111815  -9997   27.9  -9997    0.3  330.0    0.0    0.1
C0G650 2006111816  -9997   27.4  -9997    0.1    0.0    0.0    0.4
C0G650 2006111817  -9997   26.4  -9997    0.3   20.0    0.0    0.1
C0G650 2006111818  -9997   25.4  -9997    0.0    0.0    0.0    0.0
C0G650 2006111819  -9997   25.0  -9997    0.0    0.0    0.0    0.0
C0G650 2006111820  -9997   24.6  -9997    0.0    0.0    0.0    0.0
C0G650 2006111821  -9997   24.1  -9997    0.0    0.0    0.0    0.0
C0G650 2006111822  -9997   24.0  -9997    0.0    0.0    0.0    0.0
C0G650 2006111823  -9997   23.3  -9997    0.0    0.0    0.0    0.0
C0G650 2006111824  -9997   23.3  -9997    0.0    0.0    0.0    0.0
C0G650 2006111901  -9997   23.5  -9997    0.0    0.0    0.0    0.0
C0G650 2006111902  -9997   23.1  -9997    0.0    0.0    0.0    0.0
C0G650 2006111903  -9997   22.7  -9997    0.0    0.0    0.0    0.0
C0G650 2006111904  -9997   23.6  -9997    0.0    0.0    0.0    0.0
C0G650 2006111905  -9997   23.1  -9997    0.0    0.0    0.0    0.0
C0G650 2006111906  -9997   23.2  -9997    0.0    0.0  -9996    0.0
C0G650 2006111907  -9997   22.8  -9997    0.0    0.0    0.0    0.0
C0G650 2006111908  -9997   26.2  -9997    0.0    0.0  -9996    0.7
C0G650 2006111909  -9997   27.6  -9997    0.3   60.0    0.0    1.0
C0G650 2006111910  -9997   28.5  -9997    0.3   50.0    0.0    1.0
C0G650 2006111911  -9997   29.7  -9997    0.6   30.0    0.0    1.0
C0G650 2006111912  -9997   30.0  -9997    0.8   20.0    0.0    0.8
C0G650 2006111913  -9997   31.2  -9997    0.4  290.0    0.0    1.0
C0G650 2006111914  -9997   28.6  -9997    0.5  180.0    0.0    0.6
C0G650 2006111915  -9997   27.8  -9997    1.3   20.0    0.0    0.8
C0G650 2006111916  -9997   27.1  -9997    1.0   20.0    0.0    1.0
C0G650 2006111917  -9997   26.3  -9997    0.5   40.0    0.0    0.3
C0G650 2006111918  -9997   25.2  -9997    0.5   50.0    0.0    0.0
C0G650 2006111919  -9997   24.8  -9997    0.1    0.0    0.0    0.0
C0G650 2006111920  -9997   24.2  -9997    0.0    0.0  -9996    0.0
C0G650 2006111921  -9997   23.8  -9997    0.0    0.0    0.0    0.0
C0G650 2006111922  -9997   23.3  -9997    0.0    0.0    0.0    0.0
C0G650 2006111923  -9997   23.2  -9997    0.0    0.0    0.0    0.0
C0G650 2006111924  -9997   22.4  -9997    0.0    0.0    0.0    0.0
C0G650 2006112001  -9997   23.1  -9997    0.1    0.0    0.0    0.0
C0G650 2006112002  -9997   22.9  -9997    0.0    0.0    0.0    0.0
C0G650 2006112003  -9997   22.0  -9997    0.0    0.0    0.0    0.0
C0G650 2006112004  -9997   21.9  -9997    0.0    0.0    0.0    0.0
C0G650 2006112005  -9997   21.5  -9997    0.0    0.0    0.0    0.0
C0G650 2006112006  -9997   21.5  -9997    0.0    0.0    0.0    0.0
C0G650 2006112007  -9997   21.9  -9997    0.0    0.0    0.0    0.0
C0G650 2006112008  -9997   23.4  -9997    0.0    0.0    0.0   -9.6
C0G650 2006112009  -9997   25.0  -9997    0.2    0.0  -9996    0.3
C0G650 2006112010  -9997   26.7  -9997    0.2    0.0    0.0    0.5
C0G650 2006112011  -9997   28.3  -9997    0.1    0.0    0.0    0.9
C0G650 2006112012  -9997   29.4  -9997    0.7  350.0    0.0    0.8
C0G650 2006112013  -9997   28.9  -9997    0.6   20.0    0.0    0.7
C0G650 2006112014  -9997   28.3  -9997    0.2    0.0    0.0    0.3
C0G650 2006112015  -9997   26.4  -9997    1.2   30.0    0.0    0.0
C0G650 2006112016  -9997   25.6  -9997    0.7   10.0    0.0    0.0
C0G650 2006112017  -9997   25.0  -9997    0.0    0.0    0.0    0.0
C0G650 2006112018  -9997   24.6  -9997    0.3  100.0    0.0    0.0
C0G650 2006112019  -9997   23.5  -9997    0.0    0.0  -9996    0.0
C0G650 2006112020  -9997   22.8  -9997    0.4   40.0    0.5    0.0
C0G650 2006112021  -9997   21.6  -9997    0.0    0.0    3.5    0.0
C0G650 2006112022  -9997   21.6  -9997    0.2    0.0    1.0    0.0
C0G650 2006112023  -9997   21.6  -9997    0.0    0.0    0.5    0.0
C0G650 2006112024  -9997   21.0  -9997    0.0    0.0    3.0    0.0
C0G650 2006112101  -9997   21.3  -9997    0.4   40.0  -9996    0.0
C0G650 2006112102  -9997   21.6  -9997    0.9   20.0    0.0    0.0
C0G650 2006112103  -9997   21.6  -9997    0.3   60.0    0.0    0.0
C0G650 2006112104  -9997   21.2  -9997    0.0    0.0  -9996    0.0
C0G650 2006112105  -9997   20.9  -9997    0.0    0.0    0.0    0.0
C0G650 2006112106  -9997   20.8  -9997    0.0    0.0    0.0    0.0
C0G650 2006112107  -9997   21.4  -9997    0.0    0.0    0.0    0.0
C0G650 2006112108  -9997   22.4  -9997    0.2    0.0    0.0    0.0
C0G650 2006112109  -9997   23.4  -9997    0.0    0.0    0.0    0.1
C0G650 2006112110  -9997   24.5  -9997    0.0    0.0    0.0    0.4
C0G650 2006112111  -9997   26.5  -9997    0.0    0.0    0.0   -9.6
C0G650 2006112112  -9997  -9997  -9997    0.3  -9997    0.0    1.7
C0G650 2006112113  -9997   28.7  -9997    0.3  210.0    0.0    0.8
C0G650 2006112114  -9997   28.3  -9997    0.3  290.0    0.0   -9.6
C0G650 2006112115  -9997   27.4  -9997    0.3   30.0  -9996    0.8
C0G650 2006112116  -9997   26.5  -9997    0.0    0.0    0.0    0.1
C0G650 2006112117  -9997   25.7  -9997    0.0    0.0    0.0    0.0
C0G650 2006112118  -9997   24.7  -9997    0.0    0.0    0.0    0.0
C0G650 2006112119  -9997   24.0  -9997    0.0    0.0  -9996    0.0
C0G650 2006112120  -9997   23.3  -9997    0.0    0.0  -9996    0.0
C0G650 2006112121  -9997   22.9  -9997    0.3  200.0    0.0    0.0
C0G650 2006112122  -9997   22.9  -9997    0.0    0.0    0.0    0.0
C0G650 2006112123  -9997   22.8  -9997    0.0    0.0    0.0    0.0
C0G650 2006112124  -9997   23.1  -9997    0.0    0.0    0.0    0.0
C0G650 2006112201  -9997   22.9  -9997    0.0    0.0    0.0    0.0
C0G650 2006112202  -9997   22.8  -9997    0.0    0.0    0.0    0.0
C0G650 2006112203  -9997   23.0  -9997    0.0    0.0  -9996    0.0
C0G650 2006112204  -9997  -9997  -9997  -9997  -9997    4.0    0.0
C0G650 2006112205  -9997   20.4  -9997    1.2   30.0   31.0    0.0
C0G650 2006112206  -9997   20.6  -9997    0.3  330.0    5.5    0.0
C0G650 2006112207  -9997   20.3  -9997    0.4   40.0    6.0    0.0
C0G650 2006112208  -9997   20.8  -9997    0.4  120.0    2.0    0.0
C0G650 2006112209  -9997   23.0  -9997    0.1    0.0    0.5    0.2
C0G650 2006112210  -9997   26.4  -9997    0.3  180.0    0.0    0.5
C0G650 2006112211  -9997   27.4  -9997    0.4  260.0    0.0    0.3
C0G650 2006112212  -9997   29.2  -9997    0.2    0.0  -9996    1.0
C0G650 2006112213  -9997  -9997  -9997  -9997  -9997    0.0   -9.6
C0G650 2006112214  -9997   28.8  -9997    0.8  200.0    0.0    1.6
C0G650 2006112215  -9997   28.5  -9997    0.0    0.0    0.0    0.1
C0G650 2006112216  -9997   26.5  -9997    0.4  270.0    0.0    0.0
C0G650 2006112217  -9997   25.2  -9997    0.0    0.0  -9996    0.0
C0G650 2006112218  -9997   24.7  -9997    0.0    0.0    0.0    0.0
C0G650 2006112219  -9997   23.7  -9997    0.0    0.0    0.0    0.0
C0G650 2006112220  -9997   23.1  -9997    0.0    0.0    0.0    0.0
C0G650 2006112221  -9997   22.4  -9997    0.0    0.0  -9996    0.0
C0G650 2006112222  -9997   22.0  -9997    0.2    0.0    0.0    0.0
C0G650 2006112223  -9997   21.4  -9997    0.0    0.0    0.0    0.0
C0G650 2006112224  -9997   20.9  -9997    0.0    0.0    0.0    0.0
C0G650 2006112301  -9997   21.4  -9997    0.0    0.0    0.0    0.0
C0G650 2006112302  -9997   21.3  -9997    0.0    0.0    0.0    0.0
C0G650 2006112303  -9997   20.9  -9997    0.0    0.0    0.0    0.0
C0G650 2006112304  -9997   20.2  -9997    0.0    0.0    0.0    0.0
C0G650 2006112305  -9997   19.7  -9997    0.0    0.0    0.0    0.0
C0G650 2006112306  -9997   19.4  -9997    0.0    0.0    0.0    0.0
C0G650 2006112307  -9997   19.6  -9997    0.0    0.0    0.0    0.0
C0G650 2006112308  -9997   23.1  -9997    0.0    0.0    0.0    0.5
C0G650 2006112309  -9997   25.1  -9997    0.6   40.0    0.0    0.9
C0G650 2006112310  -9997   25.5  -9997    1.0   50.0    0.0    0.9
C0G650 2006112311  -9997   26.5  -9997    0.2    0.0    0.0    0.8
C0G650 2006112312  -9997   26.8  -9997    0.9   50.0    0.0    0.6
C0G650 2006112313  -9997   27.9  -9997    0.4  290.0    0.0    0.4
C0G650 2006112314  -9997   25.6  -9997    0.4   10.0    0.0    0.6
C0G650 2006112315  -9997   25.3  -9997    0.2    0.0    0.0    0.1
C0G650 2006112316  -9997   24.9  -9997    0.9   30.0    0.0    0.0
C0G650 2006112317  -9997   23.1  -9997    0.4   70.0    0.5    0.0
C0G650 2006112318  -9997   22.8  -9997    0.0    0.0    0.0    0.0
C0G650 2006112319  -9997   22.3  -9997    0.0    0.0    0.0    0.0
C0G650 2006112320  -9997   22.2  -9997    0.1    0.0    0.0    0.0
C0G650 2006112321  -9997   22.1  -9997    0.0    0.0    0.0    0.0
C0G650 2006112322  -9997   21.8  -9997    0.4   30.0  -9996    0.0
C0G650 2006112323  -9997   21.9  -9997    0.1    0.0    0.0    0.0
C0G650 2006112324  -9997   20.9  -9997    0.0    0.0    0.0    0.0
C0G650 2006112401  -9997   20.7  -9997    0.0    0.0    0.0    0.0
C0G650 2006112402  -9997   19.7  -9997    0.0    0.0  -9996    0.0
C0G650 2006112403  -9997   19.3  -9997    0.0    0.0    0.0    0.0
C0G650 2006112404  -9997   18.7  -9997    0.0    0.0  -9996    0.0
C0G650 2006112405  -9997   18.4  -9997    0.0    0.0    0.0    0.0
C0G650 2006112406  -9997   18.2  -9997    0.0    0.0    0.0    0.0
C0G650 2006112407  -9997   18.9  -9997    0.0    0.0    0.0    0.0
C0G650 2006112408  -9997   21.4  -9997    0.0    0.0    0.0    0.2
C0G650 2006112409  -9997   23.8  -9997    0.0    0.0    0.0    0.6
C0G650 2006112410  -9997   24.4  -9997    0.0    0.0    0.0    0.5
C0G650 2006112411  -9997   26.3  -9997    0.1    0.0    0.0    0.8
C0G650 2006112412  -9997   27.9  -9997    0.5  290.0    0.0    0.7
C0G650 2006112413  -9997  -9997  -9997  -9997    0.0    0.0   -9.6
C0G650 2006112414  -9997  -9997  -9997    0.0    0.0    0.0    1.0
C0G650 2006112415  -9997   28.3  -9997    0.0    0.0    0.0    0.6
C0G650 2006112416  -9997   25.8  -9997    0.2    0.0  -9996    0.1
C0G650 2006112417  -9997   24.3  -9997    0.0    0.0    0.0    0.0
C0G650 2006112418  -9997   23.5  -9997    0.0    0.0    0.0    0.0
C0G650 2006112419  -9997   23.1  -9997    0.1    0.0    0.0    0.0
C0G650 2006112420  -9997   22.0  -9997    0.4  360.0  -9996    0.0
C0G650 2006112421  -9997   21.4  -9997    0.0    0.0    0.0    0.0
C0G650 2006112422  -9997   21.1  -9997    0.0    0.0    0.0    0.0
C0G650 2006112423  -9997   20.5  -9997    0.0    0.0    0.0    0.0
C0G650 2006112424  -9997   20.6  -9997    0.0    0.0    0.0    0.0
C0G650 2006112501  -9997   19.8  -9997    0.0    0.0    0.0    0.0
C0G650 2006112502  -9997   19.4  -9997    0.0    0.0    0.0    0.0
C0G650 2006112503  -9997   19.4  -9997    0.0    0.0    0.0    0.0
C0G650 2006112504  -9997   19.4  -9997    0.0    0.0    0.0    0.0
C0G650 2006112505  -9997   19.4  -9997    0.0    0.0  -9996    0.0
C0G650 2006112506  -9997   19.2  -9997    0.0    0.0    0.0    0.0
C0G650 2006112507  -9997   19.7  -9997    0.0    0.0    0.0    0.0
C0G650 2006112508  -9997   22.3  -9997    0.0    0.0    0.0    0.2
C0G650 2006112509  -9997   24.4  -9997    0.0    0.0    0.0    0.8
C0G650 2006112510  -9997   26.1  -9997    0.0    0.0    0.0    0.9
C0G650 2006112511  -9997   28.5  -9997    0.1    0.0    0.0    1.0
C0G650 2006112512  -9997  -9997  -9997  -9997  -9997    0.0   -9.6
C0G650 2006112513  -9997  -9997  -9997  -9997  300.0    0.0   -9.6
C0G650 2006112514  -9997  -9997  -9997  -9997  -9997    0.0   -9.6
C0G650 2006112515  -9997  -9997  -9997  -9997  -9997    0.0   -9.6
C0G650 2006112516  -9997   27.0  -9997    0.0    0.0    0.0    4.5
C0G650 2006112517  -9997   24.7  -9997    0.8   10.0    0.0    0.4
C0G650 2006112518  -9997   23.7  -9997    1.1   30.0    0.0    0.0
C0G650 2006112519  -9997   23.5  -9997    0.0    0.0    0.0    0.0
C0G650 2006112520  -9997   23.1  -9997    0.0    0.0    0.0    0.0
C0G650 2006112521  -9997   22.5  -9997    0.0    0.0    0.0    0.0
C0G650 2006112522  -9997   22.5  -9997    0.0    0.0    0.0    0.0
C0G650 2006112523  -9997   21.5  -9997    0.0    0.0    0.0    0.0
C0G650 2006112524  -9997   21.0  -9997    0.0    0.0  -9996    0.0
C0G650 2006112601  -9997   21.3  -9997    0.0    0.0    0.0    0.0
C0G650 2006112602  -9997   21.2  -9997    0.0  -9997    0.0    0.0
C0G650 2006112603  -9997   21.1  -9997    0.0    0.0    0.0    0.0
C0G650 2006112604  -9997   21.1  -9997    0.0    0.0    0.0    0.0
C0G650 2006112605  -9997   21.0  -9997    0.0    0.0    0.0    0.0
C0G650 2006112606  -9997  -9997  -9997    0.0    0.0    0.0    0.0
C0G650 2006112607  -9997   20.9  -9997    0.0    0.0  -9996    0.0
C0G650 2006112608  -9997   24.9  -9997    0.0    0.0    0.0    0.6
C0G650 2006112609  -9997   27.2  -9997    0.0    0.0    0.0    1.0
C0G650 2006112610  -9997   29.5  -9997    0.0    0.0    0.0    1.0
C0G650 2006112611  -9997   30.1  -9997    1.3  210.0    0.0    1.0
C0G650 2006112612  -9997   30.7  -9997    1.4  230.0    0.0    1.0
C0G650 2006112613  -9997   31.0  -9997    1.0  -9997    0.0   -9.6
C0G650 2006112614  -9997   31.3  -9997    1.5  230.0    0.0    1.8
C0G650 2006112615  -9997   30.0  -9997    0.9  290.0    0.0    0.8
C0G650 2006112616  -9997   27.8  -9997    0.5  310.0    0.0    0.6
C0G650 2006112617  -9997   26.5  -9997    0.0    0.0    0.0    0.0
C0G650 2006112618  -9997   26.1  -9997    0.0    0.0    0.0    0.0
C0G650 2006112619  -9997   24.3  -9997    0.2    0.0    1.0    0.0
C0G650 2006112620  -9997   24.1  -9997    0.1    0.0    0.5    0.0
C0G650 2006112621  -9997   23.9  -9997    0.0    0.0    0.0    0.0
C0G650 2006112622  -9997   23.9  -9997    0.0    0.0    0.5    0.0
C0G650 2006112623  -9997   23.5  -9997    0.0    0.0    0.5    0.0
C0G650 2006112624  -9997   22.8  -9997    0.0    0.0    1.0    0.0
C0G650 2006112701  -9997   21.9  -9997    0.0    0.0    0.0    0.0
C0G650 2006112702  -9997   21.4  -9997    0.0    0.0    0.0    0.0
C0G650 2006112703  -9997   21.3  -9997    0.0    0.0  -9996    0.0
C0G650 2006112704  -9997   21.6  -9997    0.3   60.0    0.0    0.0
C0G650 2006112705  -9997   21.4  -9997    0.0    0.0    0.0    0.0
C0G650 2006112706  -9997   21.6  -9997    0.0    0.0    0.0    0.0
C0G650 2006112707  -9997   21.7  -9997    0.0    0.0    0.0    0.0
C0G650 2006112708  -9997   22.8  -9997    0.0    0.0  -9996    0.0
C0G650 2006112709  -9997   25.6  -9997    0.0    0.0    0.0    0.2
C0G650 2006112710  -9997   26.7  -9997    0.0    0.0    0.0    0.8
C0G650 2006112711  -9997   27.5  -9997    1.1   20.0    0.0    1.0
C0G650 2006112712  -9997   27.6  -9997    0.9   30.0    0.0    0.7
C0G650 2006112713  -9997   28.3  -9997    0.3  -9997    0.0   -9.6
C0G650 2006112714  -9997   28.0  -9997    1.4   20.0  -9996    1.7
C0G650 2006112715  -9997  -9997  -9997  -9997  -9997  -9996    0.7
C0G650 2006112716  -9997   27.2  -9997    0.7   20.0    0.0    1.0
C0G650 2006112717  -9997   26.0  -9997    0.2    0.0    0.0    0.5
C0G650 2006112718  -9997   24.7  -9997    0.2    0.0  -9996    0.0
C0G650 2006112719  -9997   23.7  -9997    0.1    0.0    0.0    0.0
C0G650 2006112720  -9997   23.0  -9997    0.1    0.0    0.0    0.0
C0G650 2006112721  -9997   22.7  -9997    0.1    0.0    0.0    0.0
C0G650 2006112722  -9997   21.9  -9997    0.0    0.0    0.0    0.0
C0G650 2006112723  -9997   21.9  -9997    0.0    0.0    0.0    0.0
C0G650 2006112724  -9997   21.9  -9997    0.0    0.0    0.0    0.0
C0G650 2006112801  -9997   21.9  -9997    0.3   50.0    0.0    0.0
C0G650 2006112802  -9997   21.9  -9997    0.0    0.0    0.0    0.0
C0G650 2006112803  -9997   21.6  -9997    0.0    0.0    0.0    0.0
C0G650 2006112804  -9997   21.7  -9997    0.0    0.0    0.0    0.0
C0G650 2006112805  -9997   21.5  -9997    0.0    0.0    0.0    0.0
C0G650 2006112806  -9997   21.5  -9997    0.0    0.0    0.0    0.0
C0G650 2006112807  -9997   21.3  -9997    0.2    0.0    0.0    0.0
C0G650 2006112808  -9997   21.7  -9997    0.5   40.0    0.0    0.0
C0G650 2006112809  -9997   21.8  -9997    0.3   30.0    0.0    0.0
C0G650 2006112810  -9997   20.7  -9997    1.6   50.0    0.0    0.0
C0G650 2006112811  -9997   21.4  -9997    0.9   50.0    0.5    0.1
C0G650 2006112812  -9997   22.5  -9997    0.3   50.0    0.0    0.4
C0G650 2006112813  -9997   20.7  -9997    0.0    0.0    0.5    0.0
C0G650 2006112814  -9997   20.1  -9997    0.5   30.0    2.0    0.0
C0G650 2006112815  -9997  -9997  -9997  -9997  -9997    0.0    0.0
C0G650 2006112816  -9997   21.4  -9997    0.1    0.0    0.0    0.0
C0G650 2006112817  -9997   21.2  -9997    0.0    0.0    0.0    0.0
C0G650 2006112818  -9997   20.8  -9997    0.5   60.0    0.0    0.0
C0G650 2006112819  -9997   21.0  -9997    0.0    0.0    0.0    0.0
C0G650 2006112820  -9997   20.9  -9997    0.0    0.0    0.0    0.0
C0G650 2006112821  -9997   20.6  -9997    0.0    0.0    0.0    0.0
C0G650 2006112822  -9997   20.8  -9997    0.0    0.0    0.0    0.0
C0G650 2006112823  -9997   20.4  -9997    0.0    0.0    0.0    0.0
C0G650 2006112824  -9997   20.4  -9997    0.0    0.0    0.0    0.0
C0G650 2006112901  -9997   20.0  -9997    0.0    0.0    0.0    0.0
C0G650 2006112902  -9997   19.7  -9997    0.0    0.0    0.0    0.0
C0G650 2006112903  -9997   19.9  -9997    0.0    0.0    0.0    0.0
C0G650 2006112904  -9997   19.7  -9997    0.0    0.0    0.0    0.0
C0G650 2006112905  -9997   19.7  -9997    0.0    0.0    0.0    0.0
C0G650 2006112906  -9997   19.6  -9997    0.0    0.0    0.0    0.0
C0G650 2006112907  -9997   19.5  -9997    0.0    0.0    0.0    0.0
C0G650 2006112908  -9997   21.6  -9997    0.1    0.0  -9996    0.4
C0G650 2006112909  -9997   22.3  -9997    0.0    0.0  -9996    0.1
C0G650 2006112910  -9997   25.4  -9997    0.1    0.0    0.0    0.8
C0G650 2006112911  -9997   26.1  -9997    0.1    0.0    0.0    1.0
C0G650 2006112912  -9997   27.1  -9997    0.8  300.0    0.0    0.6
C0G650 2006112913  -9997   26.4  -9997    0.3   20.0    0.0    1.0
C0G650 2006112914  -9997  -9997  -9997  -9997  -9997    0.0   -9.6
C0G650 2006112915  -9997   25.6  -9997    0.4  320.0    0.0    1.4
C0G650 2006112916  -9997   24.2  -9997    0.8   10.0    0.0    0.2
C0G650 2006112917  -9997   23.4  -9997    0.9   20.0    0.0    0.0
C0G650 2006112918  -9997  -9997  -9997  -9997  -9997  -9996  -9997
C0G650 2006112919  -9997  -9997  -9997  -9997  -9997  -9996  -9997
C0G650 2006112920  -9997  -9997  -9997  -9997  -9997  -9996  -9997
C0G650 2006112921  -9997  -9997  -9997  -9997  -9997  -9996  -9997
C0G650 2006112922  -9997  -9997  -9997  -9997  -9997  -9996  -9997
C0G650 2006112923  -9997  -9997  -9997  -9997  -9997  -9996  -9997
C0G650 2006112924  -9997  -9997  -9997  -9997  -9997  -9996    0.0
C0G650 2006113001  -9997  -9997  -9997  -9997  -9997  -9996   -9.6
C0G650 2006113002  -9997  -9997  -9997  -9997  -9997  -9996   -9.6
C0G650 2006113003  -9997  -9997  -9997  -9997  -9997  -9996   -9.6
C0G650 2006113004  -9997  -9997  -9997  -9997  -9997  -9996   -9.6
C0G650 2006113005  -9997  -9997  -9997  -9997  -9997  -9996   -9.6
C0G650 2006113006  -9997  -9997  -9997  -9997  -9997  -9996   -9.6
C0G650 2006113007  -9997  -9997  -9997  -9997  -9997  -9996   -9.6
C0G650 2006113008  -9997  -9997  -9997  -9997  -9997  -9996   -9.6
C0G650 2006113009  -9997   22.6  -9997    1.2   20.0  -9996    1.3
C0G650 2006113010  -9997   23.7  -9997    1.0   20.0    0.0    1.0
C0G650 2006113011  -9997  -9997  -9997  -9997  -9997  -9996   -9.6
C0G650 2006113012  -9997  -9997  -9997  -9997  -9997  -9996   -9.6
C0G650 2006113013  -9997  -9997  -9997  -9997  -9997  -9996   -9.6
C0G650 2006113014  -9997  -9997  -9997  -9997  -9997  -9996   -9.6
C0G650 2006113015  -9997  -9997  -9997  -9997  -9997  -9996   -9.6
C0G650 2006113016  -9997   22.9  -9997    1.4   20.0  -9996    7.8
C0G650 2006113017  -9997   21.8  -9997    1.2   20.0    0.0    0.0
C0G650 2006113018  -9997   21.1  -9997    1.4   20.0  -9996    0.0
C0G650 2006113019  -9997   20.6  -9997    0.0    0.0    0.0    0.0
C0G650 2006113020  -9997   20.3  -9997    0.0    0.0    0.0    0.0
C0G650 2006113021  -9997   19.6  -9997    0.2    0.0    0.0    0.0
C0G650 2006113022  -9997   19.5  -9997    0.1    0.0    0.0    0.0
C0G650 2006113023  -9997   19.0  -9997    0.0    0.0    0.0    0.0
C0G650 2006113024  -9997   18.3  -9997    0.0    0.0    0.0    0.0
C0G660 2006110101  -9999  -9999  -9999  -9999  -9999  -9996  -9999
C0G660 2006110102  -9999  -9999  -9999  -9999  -9999    0.0  -9999
C0G660 2006110103  -9999  -9999  -9999  -9999  -9999    0.0  -9999
C0G660 2006110104  -9999  -9999  -9999  -9999  -9999    0.0  -9999
C0G660 2006110105  -9999  -9999  -9999  -9999  -9999    0.0  -9999
C0G660 2006110106  -9999  -9999  -9999  -9999  -9999    0.0  -9999
C0G660 2006110107  -9999  -9999  -9999  -9999  -9999    0.0  -9999
C0G660 2006110108  -9999  -9999  -9999  -9999  -9999    0.0  -9999
C0G660 2006110109  -9999  -9999  -9999  -9999  -9999    0.0  -9999
C0G660 2006110110  -9999  -9999  -9999  -9999  -9999    0.0  -9999
C0G660 2006110111  -9999  -9999  -9999  -9999  -9999    0.0  -9999
C0G660 2006110112  -9999  -9999  -9999  -9999  -9999    0.0  -9999
C0G660 2006110113  -9999  -9999  -9999  -9999  -9999    0.0  -9999
C0G660 2006110114  -9999  -9999  -9999  -9999  -9999    0.0  -9999
C0G660 2006110115  -9999  -9999  -9999  -9999  -9999    0.0  -9999
C0G660 2006110116  -9999  -9999  -9999  -9999  -9999    0.0  -9999
C0G660 2006110117  -9999  -9999  -9999  -9999  -9999    0.0  -9999
C0G660 2006110118  -9999  -9999  -9999  -9999  -9999    0.0  -9999
C0G660 2006110119  -9999  -9999  -9999  -9999  -9999    0.5  -9999
C0G660 2006110120  -9999  -9999  -9999  -9999  -9999    0.0  -9999
C0G660 2006110121  -9999  -9999  -9999  -9999  -9999    0.0  -9999
C0G660 2006110122  -9999  -9999  -9999  -9999  -9999    0.0  -9999
C0G660 2006110123  -9999  -9999  -9999  -9999  -9999    0.0  -9999
C0G660 2006110124  -9999  -9999  -9999  -9999  -9999    0.0  -9999
C0G660 2006110201  -9999  -9999  -9999  -9999  -9999    0.0  -9999
C0G660 2006110202  -9999  -9999  -9999  -9999  -9999  -9996  -9999
C0G660 2006110203  -9999  -9999  -9999  -9999  -9999    0.0  -9999
C0G660 2006110204  -9999  -9999  -9999  -9999  -9999    0.0  -9999
C0G660 2006110205  -9999  -9999  -9999  -9999  -9999    0.0  -9999
C0G660 2006110206  -9999  -9999  -9999  -9999  -9999    0.0  -9999
C0G660 2006110207  -9999  -9999  -9999  -9999  -9999    0.0  -9999
C0G660 2006110208  -9999  -9999  -9999  -9999  -9999    0.0  -9999
C0G660 2006110209  -9999  -9999  -9999  -9999  -9999    0.0  -9999
C0G660 2006110210  -9999  -9999  -9999  -9999  -9999    0.0  -9999
C0G660 2006110211  -9999  -9999  -9999  -9999  -9999    0.0  -9999
C0G660 2006110212  -9999  -9999  -9999  -9999  -9999    0.0  -9999
C0G660 2006110213  -9999  -9999  -9999  -9999  -9999    0.0  -9999
C0G660 2006110214  -9999  -9999  -9999  -9999  -9999    0.0  -9999
C0G660 2006110215  -9999  -9999  -9999  -9999  -9999    0.0  -9999
C0G660 2006110216  -9999  -9999  -9999  -9999  -9999    0.0  -9999
C0G660 2006110217  -9999  -9999  -9999  -9999  -9999    0.0  -9999
C0G660 2006110218  -9999  -9999  -9999  -9999  -9999    0.0  -9999
C0G660 2006110219  -9999  -9999  -9999  -9999  -9999    0.0  -9999
C0G660 2006110220  -9999  -9999  -9999  -9999  -9999    0.0  -9999
C0G660 2006110221  -9999  -9999  -9999  -9999  -9999    0.5  -9999
C0G660 2006110222  -9999  -9999  -9999  -9999  -9999    1.5  -9999
C0G660 2006110223  -9999  -9999  -9999  -9999  -9999    1.0  -9999
C0G660 2006110224  -9999  -9999  -9999  -9999  -9999    0.5  -9999
C0G660 2006110301  -9999  -9999  -9999  -9999  -9999    0.0  -9999
C0G660 2006110302  -9999  -9999  -9999  -9999  -9999    0.0  -9999
C0G660 2006110303  -9999  -9999  -9999  -9999  -9999  -9996  -9999
C0G660 2006110304  -9999  -9999  -9999  -9999  -9999    0.0  -9999
C0G660 2006110305  -9999  -9999  -9999  -9999  -9999    0.0  -9999
C0G660 2006110306  -9999  -9999  -9999  -9999  -9999    0.0  -9999
C0G660 2006110307  -9999  -9999  -9999  -9999  -9999    0.0  -9999
C0G660 2006110308  -9999  -9999  -9999  -9999  -9999  -9996  -9999
C0G660 2006110309  -9999  -9999  -9999  -9999  -9999    0.0  -9999
C0G660 2006110310  -9999  -9999  -9999  -9999  -9999    9.5  -9999
C0G660 2006110311  -9999  -9999  -9999  -9999  -9999  -9996  -9999
C0G660 2006110312  -9999  -9999  -9999  -9999  -9999    0.0  -9999
C0G660 2006110313  -9999  -9999  -9999  -9999  -9999    0.0  -9999
C0G660 2006110314  -9999  -9999  -9999  -9999  -9999    0.0  -9999
C0G660 2006110315  -9999  -9999  -9999  -9999  -9999    0.0  -9999
C0G660 2006110316  -9999  -9999  -9999  -9999  -9999    0.0  -9999
C0G660 2006110317  -9999  -9999  -9999  -9999  -9999    0.5  -9999
C0G660 2006110318  -9999  -9999  -9999  -9999  -9999    0.5  -9999
C0G660 2006110319  -9999  -9999  -9999  -9999  -9999  -9996  -9999
C0G660 2006110320  -9999  -9999  -9999  -9999  -9999    0.0  -9999
C0G660 2006110321  -9999  -9999  -9999  -9999  -9999    0.0  -9999
C0G660 2006110322  -9999  -9999  -9999  -9999  -9999    0.0  -9999
C0G660 2006110323  -9999  -9999  -9999  -9999  -9999    0.0  -9999
C0G660 2006110324  -9999  -9999  -9999  -9999  -9999    0.0  -9999
C0G660 2006110401  -9999  -9999  -9999  -9999  -9999    0.5  -9999
C0G660 2006110402  -9999  -9999  -9999  -9999  -9999    0.0  -9999
C0G660 2006110403  -9999  -9999  -9999  -9999  -9999    0.0  -9999
C0G660 2006110404  -9999  -9999  -9999  -9999  -9999    0.0  -9999
C0G660 2006110405  -9999  -9999  -9999  -9999  -9999    0.0  -9999
C0G660 2006110406  -9999  -9999  -9999  -9999  -9999  -9996  -9999
C0G660 2006110407  -9999  -9999  -9999  -9999  -9999    0.0  -9999
C0G660 2006110408  -9999  -9999  -9999  -9999  -9999    0.0  -9999
C0G660 2006110409  -9999  -9999  -9999  -9999  -9999    0.0  -9999
C0G660 2006110410  -9999  -9999  -9999  -9999  -9999    0.0  -9999
C0G660 2006110411  -9999  -9999  -9999  -9999  -9999    0.0  -9999
C0G660 2006110412  -9999  -9999  -9999  -9999  -9999    0.0  -9999
C0G660 2006110413  -9999  -9999  -9999  -9999  -9999    0.0  -9999
C0G660 2006110414  -9999  -9999  -9999  -9999  -9999  -9996  -9999
C0G660 2006110415  -9999  -9999  -9999  -9999  -9999  -9996  -9999
C0G660 2006110416  -9999  -9999  -9999  -9999  -9999    0.0  -9999
C0G660 2006110417  -9999  -9999  -9999  -9999  -9999    0.0  -9999
C0G660 2006110418  -9999  -9999  -9999  -9999  -9999    0.0  -9999
C0G660 2006110419  -9999  -9999  -9999  -9999  -9999    0.0  -9999
C0G660 2006110420  -9999  -9999  -9999  -9999  -9999  -9996  -9999
C0G660 2006110421  -9999  -9999  -9999  -9999  -9999    0.0  -9999
C0G660 2006110422  -9999  -9999  -9999  -9999  -9999    0.0  -9999
C0G660 2006110423  -9999  -9999  -9999  -9999  -9999    0.0  -9999
C0G660 2006110424  -9999  -9999  -9999  -9999  -9999    0.0  -9999
C0G660 2006110501  -9999  -9999  -9999  -9999  -9999    0.0  -9999
C0G660 2006110502  -9999  -9999  -9999  -9999  -9999    0.0  -9999
C0G660 2006110503  -9999  -9999  -9999  -9999  -9999    0.0  -9999
C0G660 2006110504  -9999  -9999  -9999  -9999  -9999    0.0  -9999
C0G660 2006110505  -9999  -9999  -9999  -9999  -9999    0.0  -9999
C0G660 2006110506  -9999  -9999  -9999  -9999  -9999    0.0  -9999
C0G660 2006110507  -9999  -9999  -9999  -9999  -9999    0.0  -9999
C0G660 2006110508  -9999  -9999  -9999  -9999  -9999    0.0  -9999
C0G660 2006110509  -9999  -9999  -9999  -9999  -9999    0.0  -9999
C0G660 2006110510  -9999  -9999  -9999  -9999  -9999    0.0  -9999
C0G660 2006110511  -9999  -9999  -9999  -9999  -9999    0.0  -9999
C0G660 2006110512  -9999  -9999  -9999  -9999  -9999    0.0  -9999
C0G660 2006110513  -9999  -9999  -9999  -9999  -9999    0.0  -9999
C0G660 2006110514  -9999  -9999  -9999  -9999  -9999    0.0  -9999
C0G660 2006110515  -9999  -9999  -9999  -9999  -9999    0.0  -9999
C0G660 2006110516  -9999  -9999  -9999  -9999  -9999    0.0  -9999
C0G660 2006110517  -9999  -9999  -9999  -9999  -9999    0.0  -9999
C0G660 2006110518  -9999  -9999  -9999  -9999  -9999  -9996  -9999
C0G660 2006110519  -9999  -9999  -9999  -9999  -9999    0.0  -9999
C0G660 2006110520  -9999  -9999  -9999  -9999  -9999    0.0  -9999
C0G660 2006110521  -9999  -9999  -9999  -9999  -9999    0.0  -9999
C0G660 2006110522  -9999  -9999  -9999  -9999  -9999    0.0  -9999
C0G660 2006110523  -9999  -9999  -9999  -9999  -9999    0.0  -9999
C0G660 2006110524  -9999  -9999  -9999  -9999  -9999  -9996  -9999
C0G660 2006110601  -9999  -9999  -9999  -9999  -9999    0.0  -9999
C0G660 2006110602  -9999  -9999  -9999  -9999  -9999    0.0  -9999
C0G660 2006110603  -9999  -9999  -9999  -9999  -9999    0.0  -9999
C0G660 2006110604  -9999  -9999  -9999  -9999  -9999    0.0  -9999
C0G660 2006110605  -9999  -9999  -9999  -9999  -9999    0.0  -9999
C0G660 2006110606  -9999  -9999  -9999  -9999  -9999    0.0  -9999
C0G660 2006110607  -9999  -9999  -9999  -9999  -9999    0.0  -9999
C0G660 2006110608  -9999  -9999  -9999  -9999  -9999    0.0  -9999
C0G660 2006110609  -9999  -9999  -9999  -9999  -9999    0.0  -9999
C0G660 2006110610  -9999  -9999  -9999  -9999  -9999    0.0  -9999
C0G660 2006110611  -9999  -9999  -9999  -9999  -9999    0.0  -9999
C0G660 2006110612  -9999  -9999  -9999  -9999  -9999    0.0  -9999
C0G660 2006110613  -9999  -9999  -9999  -9999  -9999    0.0  -9999
C0G660 2006110614  -9999  -9999  -9999  -9999  -9999    0.0  -9999
C0G660 2006110615  -9999  -9999  -9999  -9999  -9999    0.0  -9999
C0G660 2006110616  -9999  -9999  -9999  -9999  -9999    0.0  -9999
C0G660 2006110617  -9999  -9999  -9999  -9999  -9999    0.0  -9999
C0G660 2006110618  -9999  -9999  -9999  -9999  -9999    0.0  -9999
C0G660 2006110619  -9999  -9999  -9999  -9999  -9999    0.0  -9999
C0G660 2006110620  -9999  -9999  -9999  -9999  -9999    0.0  -9999
C0G660 2006110621  -9999  -9999  -9999  -9999  -9999    0.0  -9999
C0G660 2006110622  -9999  -9999  -9999  -9999  -9999    0.0  -9999
C0G660 2006110623  -9999  -9999  -9999  -9999  -9999    0.0  -9999
C0G660 2006110624  -9999  -9999  -9999  -9999  -9999    0.0  -9999
C0G660 2006110701  -9999  -9999  -9999  -9999  -9999    0.0  -9999
C0G660 2006110702  -9999  -9999  -9999  -9999  -9999    0.0  -9999
C0G660 2006110703  -9999  -9999  -9999  -9999  -9999    0.0  -9999
C0G660 2006110704  -9999  -9999  -9999  -9999  -9999    0.0  -9999
C0G660 2006110705  -9999  -9999  -9999  -9999  -9999    0.0  -9999
C0G660 2006110706  -9999  -9999  -9999  -9999  -9999    0.0  -9999
C0G660 2006110707  -9999  -9999  -9999  -9999  -9999    0.0  -9999
C0G660 2006110708  -9999  -9999  -9999  -9999  -9999  -9996  -9999
C0G660 2006110709  -9999  -9999  -9999  -9999  -9999    0.0  -9999
C0G660 2006110710  -9999  -9999  -9999  -9999  -9999  -9996  -9999
C0G660 2006110711  -9999  -9999  -9999  -9999  -9999    0.0  -9999
C0G660 2006110712  -9999  -9999  -9999  -9999  -9999  -9996  -9999
C0G660 2006110713  -9999  -9999  -9999  -9999  -9999    0.0  -9999
C0G660 2006110714  -9999  -9999  -9999  -9999  -9999    0.0  -9999
C0G660 2006110715  -9999  -9999  -9999  -9999  -9999    0.0  -9999
C0G660 2006110716  -9999  -9999  -9999  -9999  -9999    0.0  -9999
C0G660 2006110717  -9999  -9999  -9999  -9999  -9999    0.0  -9999
C0G660 2006110718  -9999  -9999  -9999  -9999  -9999    0.0  -9999
C0G660 2006110719  -9999  -9999  -9999  -9999  -9999    0.0  -9999
C0G660 2006110720  -9999  -9999  -9999  -9999  -9999    0.0  -9999
C0G660 2006110721  -9999  -9999  -9999  -9999  -9999    0.0  -9999
C0G660 2006110722  -9999  -9999  -9999  -9999  -9999    0.0  -9999
C0G660 2006110723  -9999  -9999  -9999  -9999  -9999    0.0  -9999
C0G660 2006110724  -9999  -9999  -9999  -9999  -9999  -9996  -9999
C0G660 2006110801  -9999  -9999  -9999  -9999  -9999    0.0  -9999
C0G660 2006110802  -9999  -9999  -9999  -9999  -9999    0.0  -9999
C0G660 2006110803  -9999  -9999  -9999  -9999  -9999    0.0  -9999
C0G660 2006110804  -9999  -9999  -9999  -9999  -9999    0.0  -9999
C0G660 2006110805  -9999  -9999  -9999  -9999  -9999    0.0  -9999
C0G660 2006110806  -9999  -9999  -9999  -9999  -9999    0.0  -9999
C0G660 2006110807  -9999  -9999  -9999  -9999  -9999    0.0  -9999
C0G660 2006110808  -9999  -9999  -9999  -9999  -9999    0.0  -9999
C0G660 2006110809  -9999  -9999  -9999  -9999  -9999    0.0  -9999
C0G660 2006110810  -9999  -9999  -9999  -9999  -9999    0.0  -9999
C0G660 2006110811  -9999  -9999  -9999  -9999  -9999    0.0  -9999
C0G660 2006110812  -9999  -9999  -9999  -9999  -9999    0.0  -9999
C0G660 2006110813  -9999  -9999  -9999  -9999  -9999    0.0  -9999
C0G660 2006110814  -9999  -9999  -9999  -9999  -9999    0.0  -9999
C0G660 2006110815  -9999  -9999  -9999  -9999  -9999    0.0  -9999
C0G660 2006110816  -9999  -9999  -9999  -9999  -9999    0.0  -9999
C0G660 2006110817  -9999  -9999  -9999  -9999  -9999    0.0  -9999
C0G660 2006110818  -9999  -9999  -9999  -9999  -9999  -9996  -9999
C0G660 2006110819  -9999  -9999  -9999  -9999  -9999  -9996  -9999
C0G660 2006110820  -9999  -9999  -9999  -9999  -9999    0.0  -9999
C0G660 2006110821  -9999  -9999  -9999  -9999  -9999    0.0  -9999
C0G660 2006110822  -9999  -9999  -9999  -9999  -9999    0.0  -9999
C0G660 2006110823  -9999  -9999  -9999  -9999  -9999    0.0  -9999
C0G660 2006110824  -9999  -9999  -9999  -9999  -9999    0.0  -9999
C0G660 2006110901  -9999  -9999  -9999  -9999  -9999    0.0  -9999
C0G660 2006110902  -9999  -9999  -9999  -9999  -9999  -9996  -9999
C0G660 2006110903  -9999  -9999  -9999  -9999  -9999    0.0  -9999
C0G660 2006110904  -9999  -9999  -9999  -9999  -9999    0.0  -9999
C0G660 2006110905  -9999  -9999  -9999  -9999  -9999    0.0  -9999
C0G660 2006110906  -9999  -9999  -9999  -9999  -9999    0.0  -9999
C0G660 2006110907  -9999  -9999  -9999  -9999  -9999    0.0  -9999
C0G660 2006110908  -9999  -9999  -9999  -9999  -9999    0.0  -9999
C0G660 2006110909  -9999  -9999  -9999  -9999  -9999    0.0  -9999
C0G660 2006110910  -9999  -9999  -9999  -9999  -9999    0.0  -9999
C0G660 2006110911  -9999  -9999  -9999  -9999  -9999    0.0  -9999
C0G660 2006110912  -9999  -9999  -9999  -9999  -9999    0.0  -9999
C0G660 2006110913  -9999  -9999  -9999  -9999  -9999    0.0  -9999
C0G660 2006110914  -9999  -9999  -9999  -9999  -9999    0.0  -9999
C0G660 2006110915  -9999  -9999  -9999  -9999  -9999    0.0  -9999
C0G660 2006110916  -9999  -9999  -9999  -9999  -9999    0.0  -9999
C0G660 2006110917  -9999  -9999  -9999  -9999  -9999    0.0  -9999
C0G660 2006110918  -9999  -9999  -9999  -9999  -9999    0.0  -9999
C0G660 2006110919  -9999  -9999  -9999  -9999  -9999    0.0  -9999
C0G660 2006110920  -9999  -9999  -9999  -9999  -9999    0.0  -9999
C0G660 2006110921  -9999  -9999  -9999  -9999  -9999    0.0  -9999
C0G660 2006110922  -9999  -9999  -9999  -9999  -9999    0.0  -9999
C0G660 2006110923  -9999  -9999  -9999  -9999  -9999    0.0  -9999
C0G660 2006110924  -9999  -9999  -9999  -9999  -9999    0.0  -9999
C0G660 2006111001  -9999  -9999  -9999  -9999  -9999    0.0  -9999
C0G660 2006111002  -9999  -9999  -9999  -9999  -9999    0.0  -9999
C0G660 2006111003  -9999  -9999  -9999  -9999  -9999    0.0  -9999
C0G660 2006111004  -9999  -9999  -9999  -9999  -9999    0.0  -9999
C0G660 2006111005  -9999  -9999  -9999  -9999  -9999    0.0  -9999
C0G660 2006111006  -9999  -9999  -9999  -9999  -9999    0.0  -9999
C0G660 2006111007  -9999  -9999  -9999  -9999  -9999  -9996  -9999
C0G660 2006111008  -9999  -9999  -9999  -9999  -9999    0.0  -9999
C0G660 2006111009  -9999  -9999  -9999  -9999  -9999    0.0  -9999
C0G660 2006111010  -9999  -9999  -9999  -9999  -9999    0.0  -9999
C0G660 2006111011  -9999  -9999  -9999  -9999  -9999    0.0  -9999
C0G660 2006111012  -9999  -9999  -9999  -9999  -9999  -9996  -9999
C0G660 2006111013  -9999  -9999  -9999  -9999  -9999  -9996  -9999
C0G660 2006111014  -9999  -9999  -9999  -9999  -9999  -9996  -9999
C0G660 2006111015  -9999  -9999  -9999  -9999  -9999    0.0  -9999
C0G660 2006111016  -9999  -9999  -9999  -9999  -9999  -9996  -9999
C0G660 2006111017  -9999  -9999  -9999  -9999  -9999    0.0  -9999
C0G660 2006111018  -9999  -9999  -9999  -9999  -9999    0.0  -9999
C0G660 2006111019  -9999  -9999  -9999  -9999  -9999    0.0  -9999
C0G660 2006111020  -9999  -9999  -9999  -9999  -9999    0.0  -9999
C0G660 2006111021  -9999  -9999  -9999  -9999  -9999    0.0  -9999
C0G660 2006111022  -9999  -9999  -9999  -9999  -9999    0.0  -9999
C0G660 2006111023  -9999  -9999  -9999  -9999  -9999    0.0  -9999
C0G660 2006111024  -9999  -9999  -9999  -9999  -9999    0.0  -9999
C0G660 2006111101  -9999  -9999  -9999  -9999  -9999    0.0  -9999
C0G660 2006111102  -9999  -9999  -9999  -9999  -9999  -9996  -9999
C0G660 2006111103  -9999  -9999  -9999  -9999  -9999    0.0  -9999
C0G660 2006111104  -9999  -9999  -9999  -9999  -9999    0.0  -9999
C0G660 2006111105  -9999  -9999  -9999  -9999  -9999    0.0  -9999
C0G660 2006111106  -9999  -9999  -9999  -9999  -9999    0.0  -9999
C0G660 2006111107  -9999  -9999  -9999  -9999  -9999    0.0  -9999
C0G660 2006111108  -9999  -9999  -9999  -9999  -9999    0.0  -9999
C0G660 2006111109  -9999  -9999  -9999  -9999  -9999    0.0  -9999
C0G660 2006111110  -9999  -9999  -9999  -9999  -9999    0.0  -9999
C0G660 2006111111  -9999  -9999  -9999  -9999  -9999    0.0  -9999
C0G660 2006111112  -9999  -9999  -9999  -9999  -9999    0.0  -9999
C0G660 2006111113  -9999  -9999  -9999  -9999  -9999  -9996  -9999
C0G660 2006111114  -9999  -9999  -9999  -9999  -9999    0.0  -9999
C0G660 2006111115  -9999  -9999  -9999  -9999  -9999    0.0  -9999
C0G660 2006111116  -9999  -9999  -9999  -9999  -9999    0.0  -9999
C0G660 2006111117  -9999  -9999  -9999  -9999  -9999    0.0  -9999
C0G660 2006111118  -9999  -9999  -9999  -9999  -9999    0.0  -9999
C0G660 2006111119  -9999  -9999  -9999  -9999  -9999    0.0  -9999
C0G660 2006111120  -9999  -9999  -9999  -9999  -9999  -9996  -9999
C0G660 2006111121  -9999  -9999  -9999  -9999  -9999    0.0  -9999
C0G660 2006111122  -9999  -9999  -9999  -9999  -9999    0.0  -9999
C0G660 2006111123  -9999  -9999  -9999  -9999  -9999    0.0  -9999
C0G660 2006111124  -9999  -9999  -9999  -9999  -9999    0.0  -9999
C0G660 2006111201  -9999  -9999  -9999  -9999  -9999    0.0  -9999
C0G660 2006111202  -9999  -9999  -9999  -9999  -9999    0.0  -9999
C0G660 2006111203  -9999  -9999  -9999  -9999  -9999    0.0  -9999
C0G660 2006111204  -9999  -9999  -9999  -9999  -9999    0.0  -9999
C0G660 2006111205  -9999  -9999  -9999  -9999  -9999    0.0  -9999
C0G660 2006111206  -9999  -9999  -9999  -9999  -9999    0.0  -9999
C0G660 2006111207  -9999  -9999  -9999  -9999  -9999    0.0  -9999
C0G660 2006111208  -9999  -9999  -9999  -9999  -9999    0.0  -9999
C0G660 2006111209  -9999  -9999  -9999  -9999  -9999    0.0  -9999
C0G660 2006111210  -9999  -9999  -9999  -9999  -9999    0.0  -9999
C0G660 2006111211  -9999  -9999  -9999  -9999  -9999    0.0  -9999
C0G660 2006111212  -9999  -9999  -9999  -9999  -9999    0.0  -9999
C0G660 2006111213  -9999  -9999  -9999  -9999  -9999    0.0  -9999
C0G660 2006111214  -9999  -9999  -9999  -9999  -9999    0.0  -9999
C0G660 2006111215  -9999  -9999  -9999  -9999  -9999    0.0  -9999
C0G660 2006111216  -9999  -9999  -9999  -9999  -9999    0.0  -9999
C0G660 2006111217  -9999  -9999  -9999  -9999  -9999    0.0  -9999
C0G660 2006111218  -9999  -9999  -9999  -9999  -9999    0.0  -9999
C0G660 2006111219  -9999  -9999  -9999  -9999  -9999    0.0  -9999
C0G660 2006111220  -9999  -9999  -9999  -9999  -9999    0.0  -9999
C0G660 2006111221  -9999  -9999  -9999  -9999  -9999    0.0  -9999
C0G660 2006111222  -9999  -9999  -9999  -9999  -9999    0.0  -9999
C0G660 2006111223  -9999  -9999  -9999  -9999  -9999    0.0  -9999
C0G660 2006111224  -9999  -9999  -9999  -9999  -9999    0.0  -9999
C0G660 2006111301  -9999  -9999  -9999  -9999  -9999    0.0  -9999
C0G660 2006111302  -9999  -9999  -9999  -9999  -9999    0.0  -9999
C0G660 2006111303  -9999  -9999  -9999  -9999  -9999    0.0  -9999
C0G660 2006111304  -9999  -9999  -9999  -9999  -9999  -9996  -9999
C0G660 2006111305  -9999  -9999  -9999  -9999  -9999    0.0  -9999
C0G660 2006111306  -9999  -9999  -9999  -9999  -9999    0.0  -9999
C0G660 2006111307  -9999  -9999  -9999  -9999  -9999    0.0  -9999
C0G660 2006111308  -9999  -9999  -9999  -9999  -9999  -9996  -9999
C0G660 2006111309  -9999  -9999  -9999  -9999  -9999  -9996  -9999
C0G660 2006111310  -9999  -9999  -9999  -9999  -9999    0.0  -9999
C0G660 2006111311  -9999  -9999  -9999  -9999  -9999    0.0  -9999
C0G660 2006111312  -9999  -9999  -9999  -9999  -9999  -9996  -9999
C0G660 2006111313  -9999  -9999  -9999  -9999  -9999    0.0  -9999
C0G660 2006111314  -9999  -9999  -9999  -9999  -9999    0.0  -9999
C0G660 2006111315  -9999  -9999  -9999  -9999  -9999    0.0  -9999
C0G660 2006111316  -9999  -9999  -9999  -9999  -9999    0.0  -9999
C0G660 2006111317  -9999  -9999  -9999  -9999  -9999    0.0  -9999
C0G660 2006111318  -9999  -9999  -9999  -9999  -9999  -9996  -9999
C0G660 2006111319  -9999  -9999  -9999  -9999  -9999  -9996  -9999
C0G660 2006111320  -9999  -9999  -9999  -9999  -9999    0.0  -9999
C0G660 2006111321  -9999  -9999  -9999  -9999  -9999    0.0  -9999
C0G660 2006111322  -9999  -9999  -9999  -9999  -9999    0.0  -9999
C0G660 2006111323  -9999  -9999  -9999  -9999  -9999    0.0  -9999
C0G660 2006111324  -9999  -9999  -9999  -9999  -9999    0.0  -9999
C0G660 2006111401  -9999  -9999  -9999  -9999  -9999    0.0  -9999
C0G660 2006111402  -9999  -9999  -9999  -9999  -9999    0.0  -9999
C0G660 2006111403  -9999  -9999  -9999  -9999  -9999    0.0  -9999
C0G660 2006111404  -9999  -9999  -9999  -9999  -9999    0.0  -9999
C0G660 2006111405  -9999  -9999  -9999  -9999  -9999    0.0  -9999
C0G660 2006111406  -9999  -9999  -9999  -9999  -9999    0.0  -9999
C0G660 2006111407  -9999  -9999  -9999  -9999  -9999    0.0  -9999
C0G660 2006111408  -9999  -9999  -9999  -9999  -9999    0.0  -9999
C0G660 2006111409  -9999  -9999  -9999  -9999  -9999    0.0  -9999
C0G660 2006111410  -9999  -9999  -9999  -9999  -9999    0.0  -9999
C0G660 2006111411  -9999  -9999  -9999  -9999  -9999    0.0  -9999
C0G660 2006111412  -9999  -9999  -9999  -9999  -9999    0.0  -9999
C0G660 2006111413  -9999  -9999  -9999  -9999  -9999    0.0  -9999
C0G660 2006111414  -9999  -9999  -9999  -9999  -9999    0.0  -9999
C0G660 2006111415  -9999  -9999  -9999  -9999  -9999  -9996  -9999
C0G660 2006111416  -9999  -9999  -9999  -9999  -9999    0.0  -9999
C0G660 2006111417  -9999  -9999  -9999  -9999  -9999  -9996  -9999
C0G660 2006111418  -9999  -9999  -9999  -9999  -9999  -9996  -9999
C0G660 2006111419  -9999  -9999  -9999  -9999  -9999    0.0  -9999
C0G660 2006111420  -9999  -9999  -9999  -9999  -9999    0.0  -9999
C0G660 2006111421  -9999  -9999  -9999  -9999  -9999    0.0  -9999
C0G660 2006111422  -9999  -9999  -9999  -9999  -9999    0.0  -9999
C0G660 2006111423  -9999  -9999  -9999  -9999  -9999    0.0  -9999
C0G660 2006111424  -9999  -9999  -9999  -9999  -9999    0.0  -9999
C0G660 2006111501  -9999  -9999  -9999  -9999  -9999    0.0  -9999
C0G660 2006111502  -9999  -9999  -9999  -9999  -9999    0.0  -9999
C0G660 2006111503  -9999  -9999  -9999  -9999  -9999    0.0  -9999
C0G660 2006111504  -9999  -9999  -9999  -9999  -9999    0.0  -9999
C0G660 2006111505  -9999  -9999  -9999  -9999  -9999    0.0  -9999
C0G660 2006111506  -9999  -9999  -9999  -9999  -9999    1.5  -9999
C0G660 2006111507  -9999  -9999  -9999  -9999  -9999    1.5  -9999
C0G660 2006111508  -9999  -9999  -9999  -9999  -9999    0.5  -9999
C0G660 2006111509  -9999  -9999  -9999  -9999  -9999    0.0  -9999
C0G660 2006111510  -9999  -9999  -9999  -9999  -9999    0.5  -9999
C0G660 2006111511  -9999  -9999  -9999  -9999  -9999    0.0  -9999
C0G660 2006111512  -9999  -9999  -9999  -9999  -9999    1.0  -9999
C0G660 2006111513  -9999  -9999  -9999  -9999  -9999    0.5  -9999
C0G660 2006111514  -9999  -9999  -9999  -9999  -9999    5.5  -9999
C0G660 2006111515  -9999  -9999  -9999  -9999  -9999    3.5  -9999
C0G660 2006111516  -9999  -9999  -9999  -9999  -9999    1.5  -9999
C0G660 2006111517  -9999  -9999  -9999  -9999  -9999    3.5  -9999
C0G660 2006111518  -9999  -9999  -9999  -9999  -9999    2.5  -9999
C0G660 2006111519  -9999  -9999  -9999  -9999  -9999    1.5  -9999
C0G660 2006111520  -9999  -9999  -9999  -9999  -9999    0.5  -9999
C0G660 2006111521  -9999  -9999  -9999  -9999  -9999    0.0  -9999
C0G660 2006111522  -9999  -9999  -9999  -9999  -9999    0.0  -9999
C0G660 2006111523  -9999  -9999  -9999  -9999  -9999    0.0  -9999
C0G660 2006111524  -9999  -9999  -9999  -9999  -9999    0.0  -9999
C0G660 2006111601  -9999  -9999  -9999  -9999  -9999    0.0  -9999
C0G660 2006111602  -9999  -9999  -9999  -9999  -9999    0.0  -9999
C0G660 2006111603  -9999  -9999  -9999  -9999  -9999    0.0  -9999
C0G660 2006111604  -9999  -9999  -9999  -9999  -9999    1.5  -9999
C0G660 2006111605  -9999  -9999  -9999  -9999  -9999    0.0  -9999
C0G660 2006111606  -9999  -9999  -9999  -9999  -9999    0.5  -9999
C0G660 2006111607  -9999  -9999  -9999  -9999  -9999  -9996  -9999
C0G660 2006111608  -9999  -9999  -9999  -9999  -9999    0.0  -9999
C0G660 2006111609  -9999  -9999  -9999  -9999  -9999    0.0  -9999
C0G660 2006111610  -9999  -9999  -9999  -9999  -9999    0.0  -9999
C0G660 2006111611  -9999  -9999  -9999  -9999  -9999    0.0  -9999
C0G660 2006111612  -9999  -9999  -9999  -9999  -9999  -9996  -9999
C0G660 2006111613  -9999  -9999  -9999  -9999  -9999  -9996  -9999
C0G660 2006111614  -9999  -9999  -9999  -9999  -9999    0.0  -9999
C0G660 2006111615  -9999  -9999  -9999  -9999  -9999    0.0  -9999
C0G660 2006111616  -9999  -9999  -9999  -9999  -9999    0.0  -9999
C0G660 2006111617  -9999  -9999  -9999  -9999  -9999  -9996  -9999
C0G660 2006111618  -9999  -9999  -9999  -9999  -9999    0.0  -9999
C0G660 2006111619  -9999  -9999  -9999  -9999  -9999    0.0  -9999
C0G660 2006111620  -9999  -9999  -9999  -9999  -9999  -9996  -9999
C0G660 2006111621  -9999  -9999  -9999  -9999  -9999    0.0  -9999
C0G660 2006111622  -9999  -9999  -9999  -9999  -9999    0.0  -9999
C0G660 2006111623  -9999  -9999  -9999  -9999  -9999    0.0  -9999
C0G660 2006111624  -9999  -9999  -9999  -9999  -9999    0.0  -9999
C0G660 2006111701  -9999  -9999  -9999  -9999  -9999  -9996  -9999
C0G660 2006111702  -9999  -9999  -9999  -9999  -9999    0.0  -9999
C0G660 2006111703  -9999  -9999  -9999  -9999  -9999  -9996  -9999
C0G660 2006111704  -9999  -9999  -9999  -9999  -9999    0.0  -9999
C0G660 2006111705  -9999  -9999  -9999  -9999  -9999    0.0  -9999
C0G660 2006111706  -9999  -9999  -9999  -9999  -9999    0.0  -9999
C0G660 2006111707  -9999  -9999  -9999  -9999  -9999    0.0  -9999
C0G660 2006111708  -9999  -9999  -9999  -9999  -9999    0.0  -9999
C0G660 2006111709  -9999  -9999  -9999  -9999  -9999    0.0  -9999
C0G660 2006111710  -9999  -9999  -9999  -9999  -9999    0.0  -9999
C0G660 2006111711  -9999  -9999  -9999  -9999  -9999    0.0  -9999
C0G660 2006111712  -9999  -9999  -9999  -9999  -9999  -9996  -9999
C0G660 2006111713  -9999  -9999  -9999  -9999  -9999    0.0  -9999
C0G660 2006111714  -9999  -9999  -9999  -9999  -9999    0.0  -9999
C0G660 2006111715  -9999  -9999  -9999  -9999  -9999    0.0  -9999
C0G660 2006111716  -9999  -9999  -9999  -9999  -9999    0.0  -9999
C0G660 2006111717  -9999  -9999  -9999  -9999  -9999    0.0  -9999
C0G660 2006111718  -9999  -9999  -9999  -9999  -9999    0.0  -9999
C0G660 2006111719  -9999  -9999  -9999  -9999  -9999    0.0  -9999
C0G660 2006111720  -9999  -9999  -9999  -9999  -9999    0.0  -9999
C0G660 2006111721  -9999  -9999  -9999  -9999  -9999    0.0  -9999
C0G660 2006111722  -9999  -9999  -9999  -9999  -9999    0.0  -9999
C0G660 2006111723  -9999  -9999  -9999  -9999  -9999    0.0  -9999
C0G660 2006111724  -9999  -9999  -9999  -9999  -9999    0.0  -9999
C0G660 2006111801  -9999  -9999  -9999  -9999  -9999    0.0  -9999
C0G660 2006111802  -9999  -9999  -9999  -9999  -9999  -9996  -9999
C0G660 2006111803  -9999  -9999  -9999  -9999  -9999    0.0  -9999
C0G660 2006111804  -9999  -9999  -9999  -9999  -9999    0.0  -9999
C0G660 2006111805  -9999  -9999  -9999  -9999  -9999    0.0  -9999
C0G660 2006111806  -9999  -9999  -9999  -9999  -9999    0.0  -9999
C0G660 2006111807  -9999  -9999  -9999  -9999  -9999  -9996  -9999
C0G660 2006111808  -9999  -9999  -9999  -9999  -9999    0.0  -9999
C0G660 2006111809  -9999  -9999  -9999  -9999  -9999    0.0  -9999
C0G660 2006111810  -9999  -9999  -9999  -9999  -9999    0.0  -9999
C0G660 2006111811  -9999  -9999  -9999  -9999  -9999    0.0  -9999
C0G660 2006111812  -9999  -9999  -9999  -9999  -9999    0.0  -9999
C0G660 2006111813  -9999  -9999  -9999  -9999  -9999    0.0  -9999
C0G660 2006111814  -9999  -9999  -9999  -9999  -9999    0.0  -9999
C0G660 2006111815  -9999  -9999  -9999  -9999  -9999    0.0  -9999
C0G660 2006111816  -9999  -9999  -9999  -9999  -9999    0.0  -9999
C0G660 2006111817  -9999  -9999  -9999  -9999  -9999    0.0  -9999
C0G660 2006111818  -9999  -9999  -9999  -9999  -9999    0.0  -9999
C0G660 2006111819  -9999  -9999  -9999  -9999  -9999  -9996  -9999
C0G660 2006111820  -9999  -9999  -9999  -9999  -9999    0.0  -9999
C0G660 2006111821  -9999  -9999  -9999  -9999  -9999    0.0  -9999
C0G660 2006111822  -9999  -9999  -9999  -9999  -9999    0.0  -9999
C0G660 2006111823  -9999  -9999  -9999  -9999  -9999    0.0  -9999
C0G660 2006111824  -9999  -9999  -9999  -9999  -9999    0.0  -9999
C0G660 2006111901  -9999  -9999  -9999  -9999  -9999    0.0  -9999
C0G660 2006111902  -9999  -9999  -9999  -9999  -9999  -9996  -9999
C0G660 2006111903  -9999  -9999  -9999  -9999  -9999    0.0  -9999
C0G660 2006111904  -9999  -9999  -9999  -9999  -9999    0.0  -9999
C0G660 2006111905  -9999  -9999  -9999  -9999  -9999    0.0  -9999
C0G660 2006111906  -9999  -9999  -9999  -9999  -9999  -9996  -9999
C0G660 2006111907  -9999  -9999  -9999  -9999  -9999    0.0  -9999
C0G660 2006111908  -9999  -9999  -9999  -9999  -9999    0.0  -9999
C0G660 2006111909  -9999  -9999  -9999  -9999  -9999    0.0  -9999
C0G660 2006111910  -9999  -9999  -9999  -9999  -9999    0.0  -9999
C0G660 2006111911  -9999  -9999  -9999  -9999  -9999    0.0  -9999
C0G660 2006111912  -9999  -9999  -9999  -9999  -9999    0.0  -9999
C0G660 2006111913  -9999  -9999  -9999  -9999  -9999    0.0  -9999
C0G660 2006111914  -9999  -9999  -9999  -9999  -9999  -9996  -9999
C0G660 2006111915  -9999  -9999  -9999  -9999  -9999    0.0  -9999
C0G660 2006111916  -9999  -9999  -9999  -9999  -9999    0.0  -9999
C0G660 2006111917  -9999  -9999  -9999  -9999  -9999    0.0  -9999
C0G660 2006111918  -9999  -9999  -9999  -9999  -9999    0.0  -9999
C0G660 2006111919  -9999  -9999  -9999  -9999  -9999    0.0  -9999
C0G660 2006111920  -9999  -9999  -9999  -9999  -9999    0.0  -9999
C0G660 2006111921  -9999  -9999  -9999  -9999  -9999    0.0  -9999
C0G660 2006111922  -9999  -9999  -9999  -9999  -9999  -9996  -9999
C0G660 2006111923  -9999  -9999  -9999  -9999  -9999    0.0  -9999
C0G660 2006111924  -9999  -9999  -9999  -9999  -9999    0.0  -9999
C0G660 2006112001  -9999  -9999  -9999  -9999  -9999  -9996  -9999
C0G660 2006112002  -9999  -9999  -9999  -9999  -9999    0.0  -9999
C0G660 2006112003  -9999  -9999  -9999  -9999  -9999    0.0  -9999
C0G660 2006112004  -9999  -9999  -9999  -9999  -9999    0.0  -9999
C0G660 2006112005  -9999  -9999  -9999  -9999  -9999    0.0  -9999
C0G660 2006112006  -9999  -9999  -9999  -9999  -9999    0.0  -9999
C0G660 2006112007  -9999  -9999  -9999  -9999  -9999    0.0  -9999
C0G660 2006112008  -9999  -9999  -9999  -9999  -9999    0.0  -9999
C0G660 2006112009  -9999  -9999  -9999  -9999  -9999    0.0  -9999
C0G660 2006112010  -9999  -9999  -9999  -9999  -9999    0.0  -9999
C0G660 2006112011  -9999  -9999  -9999  -9999  -9999    0.0  -9999
C0G660 2006112012  -9999  -9999  -9999  -9999  -9999    0.0  -9999
C0G660 2006112013  -9999  -9999  -9999  -9999  -9999    0.0  -9999
C0G660 2006112014  -9999  -9999  -9999  -9999  -9999    0.0  -9999
C0G660 2006112015  -9999  -9999  -9999  -9999  -9999    0.0  -9999
C0G660 2006112016  -9999  -9999  -9999  -9999  -9999    0.5  -9999
C0G660 2006112017  -9999  -9999  -9999  -9999  -9999    0.0  -9999
C0G660 2006112018  -9999  -9999  -9999  -9999  -9999    0.0  -9999
C0G660 2006112019  -9999  -9999  -9999  -9999  -9999    0.5  -9999
C0G660 2006112020  -9999  -9999  -9999  -9999  -9999  -9996  -9999
C0G660 2006112021  -9999  -9999  -9999  -9999  -9999    2.0  -9999
C0G660 2006112022  -9999  -9999  -9999  -9999  -9999    1.0  -9999
C0G660 2006112023  -9999  -9999  -9999  -9999  -9999    1.5  -9999
C0G660 2006112024  -9999  -9999  -9999  -9999  -9999    2.5  -9999
C0G660 2006112101  -9999  -9999  -9999  -9999  -9999    0.0  -9999
C0G660 2006112102  -9999  -9999  -9999  -9999  -9999  -9996  -9999
C0G660 2006112103  -9999  -9999  -9999  -9999  -9999    0.0  -9999
C0G660 2006112104  -9999  -9999  -9999  -9999  -9999    0.0  -9999
C0G660 2006112105  -9999  -9999  -9999  -9999  -9999    0.0  -9999
C0G660 2006112106  -9999  -9999  -9999  -9999  -9999  -9996  -9999
C0G660 2006112107  -9999  -9999  -9999  -9999  -9999    0.0  -9999
C0G660 2006112108  -9999  -9999  -9999  -9999  -9999    0.0  -9999
C0G660 2006112109  -9999  -9999  -9999  -9999  -9999    0.0  -9999
C0G660 2006112110  -9999  -9999  -9999  -9999  -9999    0.0  -9999
C0G660 2006112111  -9999  -9999  -9999  -9999  -9999    0.0  -9999
C0G660 2006112112  -9999  -9999  -9999  -9999  -9999  -9996  -9999
C0G660 2006112113  -9999  -9999  -9999  -9999  -9999  -9996  -9999
C0G660 2006112114  -9999  -9999  -9999  -9999  -9999    0.0  -9999
C0G660 2006112115  -9999  -9999  -9999  -9999  -9999    0.0  -9999
C0G660 2006112116  -9999  -9999  -9999  -9999  -9999    0.0  -9999
C0G660 2006112117  -9999  -9999  -9999  -9999  -9999    0.0  -9999
C0G660 2006112118  -9999  -9999  -9999  -9999  -9999    0.0  -9999
C0G660 2006112119  -9999  -9999  -9999  -9999  -9999    0.0  -9999
C0G660 2006112120  -9999  -9999  -9999  -9999  -9999    0.0  -9999
C0G660 2006112121  -9999  -9999  -9999  -9999  -9999    0.0  -9999
C0G660 2006112122  -9999  -9999  -9999  -9999  -9999    0.0  -9999
C0G660 2006112123  -9999  -9999  -9999  -9999  -9999    0.0  -9999
C0G660 2006112124  -9999  -9999  -9999  -9999  -9999    0.0  -9999
C0G660 2006112201  -9999  -9999  -9999  -9999  -9999    0.0  -9999
C0G660 2006112202  -9999  -9999  -9999  -9999  -9999    0.0  -9999
C0G660 2006112203  -9999  -9999  -9999  -9999  -9999    0.0  -9999
C0G660 2006112204  -9999  -9999  -9999  -9999  -9999    9.5  -9999
C0G660 2006112205  -9999  -9999  -9999  -9999  -9999   17.5  -9999
C0G660 2006112206  -9999  -9999  -9999  -9999  -9999    6.5  -9999
C0G660 2006112207  -9999  -9999  -9999  -9999  -9999    5.5  -9999
C0G660 2006112208  -9999  -9999  -9999  -9999  -9999    2.0  -9999
C0G660 2006112209  -9999  -9999  -9999  -9999  -9999    0.0  -9999
C0G660 2006112210  -9999  -9999  -9999  -9999  -9999    0.0  -9999
C0G660 2006112211  -9999  -9999  -9999  -9999  -9999    0.5  -9999
C0G660 2006112212  -9999  -9999  -9999  -9999  -9999    0.0  -9999
C0G660 2006112213  -9999  -9999  -9999  -9999  -9999    0.0  -9999
C0G660 2006112214  -9999  -9999  -9999  -9999  -9999  -9996  -9999
C0G660 2006112215  -9999  -9999  -9999  -9999  -9999    0.0  -9999
C0G660 2006112216  -9999  -9999  -9999  -9999  -9999  -9996  -9999
C0G660 2006112217  -9999  -9999  -9999  -9999  -9999    0.0  -9999
C0G660 2006112218  -9999  -9999  -9999  -9999  -9999    0.0  -9999
C0G660 2006112219  -9999  -9999  -9999  -9999  -9999    0.0  -9999
C0G660 2006112220  -9999  -9999  -9999  -9999  -9999  -9996  -9999
C0G660 2006112221  -9999  -9999  -9999  -9999  -9999    0.0  -9999
C0G660 2006112222  -9999  -9999  -9999  -9999  -9999    0.0  -9999
C0G660 2006112223  -9999  -9999  -9999  -9999  -9999  -9996  -9999
C0G660 2006112224  -9999  -9999  -9999  -9999  -9999    0.0  -9999
C0G660 2006112301  -9999  -9999  -9999  -9999  -9999    0.0  -9999
C0G660 2006112302  -9999  -9999  -9999  -9999  -9999    0.0  -9999
C0G660 2006112303  -9999  -9999  -9999  -9999  -9999    0.0  -9999
C0G660 2006112304  -9999  -9999  -9999  -9999  -9999    0.0  -9999
C0G660 2006112305  -9999  -9999  -9999  -9999  -9999    0.0  -9999
C0G660 2006112306  -9999  -9999  -9999  -9999  -9999    0.0  -9999
C0G660 2006112307  -9999  -9999  -9999  -9999  -9999    0.0  -9999
C0G660 2006112308  -9999  -9999  -9999  -9999  -9999    0.0  -9999
C0G660 2006112309  -9999  -9999  -9999  -9999  -9999    0.0  -9999
C0G660 2006112310  -9999  -9999  -9999  -9999  -9999    0.0  -9999
C0G660 2006112311  -9999  -9999  -9999  -9999  -9999    0.0  -9999
C0G660 2006112312  -9999  -9999  -9999  -9999  -9999    0.0  -9999
C0G660 2006112313  -9999  -9999  -9999  -9999  -9999    0.0  -9999
C0G660 2006112314  -9999  -9999  -9999  -9999  -9999    0.0  -9999
C0G660 2006112315  -9999  -9999  -9999  -9999  -9999    0.0  -9999
C0G660 2006112316  -9999  -9999  -9999  -9999  -9999    0.0  -9999
C0G660 2006112317  -9999  -9999  -9999  -9999  -9999  -9996  -9999
C0G660 2006112318  -9999  -9999  -9999  -9999  -9999    0.0  -9999
C0G660 2006112319  -9999  -9999  -9999  -9999  -9999    0.0  -9999
C0G660 2006112320  -9999  -9999  -9999  -9999  -9999    0.0  -9999
C0G660 2006112321  -9999  -9999  -9999  -9999  -9999    0.0  -9999
C0G660 2006112322  -9999  -9999  -9999  -9999  -9999    0.0  -9999
C0G660 2006112323  -9999  -9999  -9999  -9999  -9999    0.0  -9999
C0G660 2006112324  -9999  -9999  -9999  -9999  -9999    0.0  -9999
C0G660 2006112401  -9999  -9999  -9999  -9999  -9999    0.0  -9999
C0G660 2006112402  -9999  -9999  -9999  -9999  -9999    0.0  -9999
C0G660 2006112403  -9999  -9999  -9999  -9999  -9999  -9996  -9999
C0G660 2006112404  -9999  -9999  -9999  -9999  -9999    0.0  -9999
C0G660 2006112405  -9999  -9999  -9999  -9999  -9999    0.0  -9999
C0G660 2006112406  -9999  -9999  -9999  -9999  -9999    0.0  -9999
C0G660 2006112407  -9999  -9999  -9999  -9999  -9999    0.0  -9999
C0G660 2006112408  -9999  -9999  -9999  -9999  -9999    0.0  -9999
C0G660 2006112409  -9999  -9999  -9999  -9999  -9999    0.0  -9999
C0G660 2006112410  -9999  -9999  -9999  -9999  -9999    0.0  -9999
C0G660 2006112411  -9999  -9999  -9999  -9999  -9999    0.0  -9999
C0G660 2006112412  -9999  -9999  -9999  -9999  -9999    0.0  -9999
C0G660 2006112413  -9999  -9999  -9999  -9999  -9999  -9996  -9999
C0G660 2006112414  -9999  -9999  -9999  -9999  -9999    0.0  -9999
C0G660 2006112415  -9999  -9999  -9999  -9999  -9999    0.0  -9999
C0G660 2006112416  -9999  -9999  -9999  -9999  -9999  -9996  -9999
C0G660 2006112417  -9999  -9999  -9999  -9999  -9999    0.0  -9999
C0G660 2006112418  -9999  -9999  -9999  -9999  -9999    0.0  -9999
C0G660 2006112419  -9999  -9999  -9999  -9999  -9999    0.0  -9999
C0G660 2006112420  -9999  -9999  -9999  -9999  -9999  -9996  -9999
C0G660 2006112421  -9999  -9999  -9999  -9999  -9999    0.0  -9999
C0G660 2006112422  -9999  -9999  -9999  -9999  -9999    0.0  -9999
C0G660 2006112423  -9999  -9999  -9999  -9999  -9999    0.0  -9999
C0G660 2006112424  -9999  -9999  -9999  -9999  -9999    0.0  -9999
C0G660 2006112501  -9999  -9999  -9999  -9999  -9999    0.0  -9999
C0G660 2006112502  -9999  -9999  -9999  -9999  -9999    0.0  -9999
C0G660 2006112503  -9999  -9999  -9999  -9999  -9999    0.0  -9999
C0G660 2006112504  -9999  -9999  -9999  -9999  -9999    0.0  -9999
C0G660 2006112505  -9999  -9999  -9999  -9999  -9999    0.0  -9999
C0G660 2006112506  -9999  -9999  -9999  -9999  -9999    0.0  -9999
C0G660 2006112507  -9999  -9999  -9999  -9999  -9999    0.0  -9999
C0G660 2006112508  -9999  -9999  -9999  -9999  -9999    0.0  -9999
C0G660 2006112509  -9999  -9999  -9999  -9999  -9999    0.0  -9999
C0G660 2006112510  -9999  -9999  -9999  -9999  -9999    0.0  -9999
C0G660 2006112511  -9999  -9999  -9999  -9999  -9999    0.0  -9999
C0G660 2006112512  -9999  -9999  -9999  -9999  -9999    0.0  -9999
C0G660 2006112513  -9999  -9999  -9999  -9999  -9999    0.0  -9999
C0G660 2006112514  -9999  -9999  -9999  -9999  -9999  -9996  -9999
C0G660 2006112515  -9999  -9999  -9999  -9999  -9999    0.0  -9999
C0G660 2006112516  -9999  -9999  -9999  -9999  -9999  -9996  -9999
C0G660 2006112517  -9999  -9999  -9999  -9999  -9999    0.0  -9999
C0G660 2006112518  -9999  -9999  -9999  -9999  -9999    0.0  -9999
C0G660 2006112519  -9999  -9999  -9999  -9999  -9999    0.0  -9999
C0G660 2006112520  -9999  -9999  -9999  -9999  -9999    0.0  -9999
C0G660 2006112521  -9999  -9999  -9999  -9999  -9999  -9996  -9999
C0G660 2006112522  -9999  -9999  -9999  -9999  -9999    0.0  -9999
C0G660 2006112523  -9999  -9999  -9999  -9999  -9999    0.0  -9999
C0G660 2006112524  -9999  -9999  -9999  -9999  -9999    0.0  -9999
C0G660 2006112601  -9999  -9999  -9999  -9999  -9999    0.0  -9999
C0G660 2006112602  -9999  -9999  -9999  -9999  -9999    0.0  -9999
C0G660 2006112603  -9999  -9999  -9999  -9999  -9999    0.0  -9999
C0G660 2006112604  -9999  -9999  -9999  -9999  -9999    0.0  -9999
C0G660 2006112605  -9999  -9999  -9999  -9999  -9999    0.0  -9999
C0G660 2006112606  -9999  -9999  -9999  -9999  -9999    0.0  -9999
C0G660 2006112607  -9999  -9999  -9999  -9999  -9999  -9996  -9999
C0G660 2006112608  -9999  -9999  -9999  -9999  -9999    0.0  -9999
C0G660 2006112609  -9999  -9999  -9999  -9999  -9999  -9996  -9999
C0G660 2006112610  -9999  -9999  -9999  -9999  -9999    0.0  -9999
C0G660 2006112611  -9999  -9999  -9999  -9999  -9999    0.0  -9999
C0G660 2006112612  -9999  -9999  -9999  -9999  -9999    0.0  -9999
C0G660 2006112613  -9999  -9999  -9999  -9999  -9999    0.0  -9999
C0G660 2006112614  -9999  -9999  -9999  -9999  -9999    0.0  -9999
C0G660 2006112615  -9999  -9999  -9999  -9999  -9999  -9996  -9999
C0G660 2006112616  -9999  -9999  -9999  -9999  -9999    0.0  -9999
C0G660 2006112617  -9999  -9999  -9999  -9999  -9999    0.0  -9999
C0G660 2006112618  -9999  -9999  -9999  -9999  -9999    0.0  -9999
C0G660 2006112619  -9999  -9999  -9999  -9999  -9999    0.5  -9999
C0G660 2006112620  -9999  -9999  -9999  -9999  -9999    0.0  -9999
C0G660 2006112621  -9999  -9999  -9999  -9999  -9999    0.0  -9999
C0G660 2006112622  -9999  -9999  -9999  -9999  -9999    0.0  -9999
C0G660 2006112623  -9999  -9999  -9999  -9999  -9999    2.0  -9999
C0G660 2006112624  -9999  -9999  -9999  -9999  -9999    0.0  -9999
C0G660 2006112701  -9999  -9999  -9999  -9999  -9999  -9996  -9999
C0G660 2006112702  -9999  -9999  -9999  -9999  -9999    0.0  -9999
C0G660 2006112703  -9999  -9999  -9999  -9999  -9999    0.0  -9999
C0G660 2006112704  -9999  -9999  -9999  -9999  -9999    0.0  -9999
C0G660 2006112705  -9999  -9999  -9999  -9999  -9999    0.0  -9999
C0G660 2006112706  -9999  -9999  -9999  -9999  -9999    0.0  -9999
C0G660 2006112707  -9999  -9999  -9999  -9999  -9999    0.0  -9999
C0G660 2006112708  -9999  -9999  -9999  -9999  -9999  -9996  -9999
C0G660 2006112709  -9999  -9999  -9999  -9999  -9999    0.0  -9999
C0G660 2006112710  -9999  -9999  -9999  -9999  -9999    0.0  -9999
C0G660 2006112711  -9999  -9999  -9999  -9999  -9999    0.0  -9999
C0G660 2006112712  -9999  -9999  -9999  -9999  -9999    0.0  -9999
C0G660 2006112713  -9999  -9999  -9999  -9999  -9999    0.0  -9999
C0G660 2006112714  -9999  -9999  -9999  -9999  -9999    0.0  -9999
C0G660 2006112715  -9999  -9999  -9999  -9999  -9999  -9996  -9999
C0G660 2006112716  -9999  -9999  -9999  -9999  -9999    0.0  -9999
C0G660 2006112717  -9999  -9999  -9999  -9999  -9999    0.0  -9999
C0G660 2006112718  -9999  -9999  -9999  -9999  -9999    0.0  -9999
C0G660 2006112719  -9999  -9999  -9999  -9999  -9999  -9996  -9999
C0G660 2006112720  -9999  -9999  -9999  -9999  -9999    0.0  -9999
C0G660 2006112721  -9999  -9999  -9999  -9999  -9999    0.0  -9999
C0G660 2006112722  -9999  -9999  -9999  -9999  -9999    0.0  -9999
C0G660 2006112723  -9999  -9999  -9999  -9999  -9999    0.0  -9999
C0G660 2006112724  -9999  -9999  -9999  -9999  -9999  -9996  -9999
C0G660 2006112801  -9999  -9999  -9999  -9999  -9999    0.0  -9999
C0G660 2006112802  -9999  -9999  -9999  -9999  -9999  -9996  -9999
C0G660 2006112803  -9999  -9999  -9999  -9999  -9999    0.0  -9999
C0G660 2006112804  -9999  -9999  -9999  -9999  -9999    0.0  -9999
C0G660 2006112805  -9999  -9999  -9999  -9999  -9999    0.0  -9999
C0G660 2006112806  -9999  -9999  -9999  -9999  -9999    0.0  -9999
C0G660 2006112807  -9999  -9999  -9999  -9999  -9999    0.0  -9999
C0G660 2006112808  -9999  -9999  -9999  -9999  -9999    0.0  -9999
C0G660 2006112809  -9999  -9999  -9999  -9999  -9999    0.0  -9999
C0G660 2006112810  -9999  -9999  -9999  -9999  -9999    0.0  -9999
C0G660 2006112811  -9999  -9999  -9999  -9999  -9999    0.5  -9999
C0G660 2006112812  -9999  -9999  -9999  -9999  -9999    0.0  -9999
C0G660 2006112813  -9999  -9999  -9999  -9999  -9999    0.0  -9999
C0G660 2006112814  -9999  -9999  -9999  -9999  -9999    0.5  -9999
C0G660 2006112815  -9999  -9999  -9999  -9999  -9999    0.0  -9999
C0G660 2006112816  -9999  -9999  -9999  -9999  -9999    0.0  -9999
C0G660 2006112817  -9999  -9999  -9999  -9999  -9999    0.0  -9999
C0G660 2006112818  -9999  -9999  -9999  -9999  -9999    0.0  -9999
C0G660 2006112819  -9999  -9999  -9999  -9999  -9999    0.0  -9999
C0G660 2006112820  -9999  -9999  -9999  -9999  -9999  -9996  -9999
C0G660 2006112821  -9999  -9999  -9999  -9999  -9999    0.0  -9999
C0G660 2006112822  -9999  -9999  -9999  -9999  -9999    0.0  -9999
C0G660 2006112823  -9999  -9999  -9999  -9999  -9999    0.0  -9999
C0G660 2006112824  -9999  -9999  -9999  -9999  -9999    0.0  -9999
C0G660 2006112901  -9999  -9999  -9999  -9999  -9999    0.0  -9999
C0G660 2006112902  -9999  -9999  -9999  -9999  -9999    0.0  -9999
C0G660 2006112903  -9999  -9999  -9999  -9999  -9999    0.0  -9999
C0G660 2006112904  -9999  -9999  -9999  -9999  -9999    0.0  -9999
C0G660 2006112905  -9999  -9999  -9999  -9999  -9999    0.0  -9999
C0G660 2006112906  -9999  -9999  -9999  -9999  -9999    0.0  -9999
C0G660 2006112907  -9999  -9999  -9999  -9999  -9999    0.0  -9999
C0G660 2006112908  -9999  -9999  -9999  -9999  -9999    0.0  -9999
C0G660 2006112909  -9999  -9999  -9999  -9999  -9999    0.0  -9999
C0G660 2006112910  -9999  -9999  -9999  -9999  -9999    0.0  -9999
C0G660 2006112911  -9999  -9999  -9999  -9999  -9999    0.0  -9999
C0G660 2006112912  -9999  -9999  -9999  -9999  -9999    0.0  -9999
C0G660 2006112913  -9999  -9999  -9999  -9999  -9999    0.0  -9999
C0G660 2006112914  -9999  -9999  -9999  -9999  -9999    0.0  -9999
C0G660 2006112915  -9999  -9999  -9999  -9999  -9999    0.0  -9999
C0G660 2006112916  -9999  -9999  -9999  -9999  -9999    0.0  -9999
C0G660 2006112917  -9999  -9999  -9999  -9999  -9999    0.0  -9999
C0G660 2006112918  -9999  -9999  -9999  -9999  -9999    0.0  -9999
C0G660 2006112919  -9999  -9999  -9999  -9999  -9999  -9996  -9999
C0G660 2006112920  -9999  -9999  -9999  -9999  -9999  -9996  -9999
C0G660 2006112921  -9999  -9999  -9999  -9999  -9999  -9996  -9999
C0G660 2006112922  -9999  -9999  -9999  -9999  -9999  -9996  -9999
C0G660 2006112923  -9999  -9999  -9999  -9999  -9999  -9996  -9999
C0G660 2006112924  -9999  -9999  -9999  -9999  -9999  -9996  -9999
C0G660 2006113001  -9999  -9999  -9999  -9999  -9999  -9996  -9999
C0G660 2006113002  -9999  -9999  -9999  -9999  -9999  -9996  -9999
C0G660 2006113003  -9999  -9999  -9999  -9999  -9999  -9996  -9999
C0G660 2006113004  -9999  -9999  -9999  -9999  -9999  -9996  -9999
C0G660 2006113005  -9999  -9999  -9999  -9999  -9999  -9996  -9999
C0G660 2006113006  -9999  -9999  -9999  -9999  -9999  -9996  -9999
C0G660 2006113007  -9999  -9999  -9999  -9999  -9999  -9996  -9999
C0G660 2006113008  -9999  -9999  -9999  -9999  -9999  -9996  -9999
C0G660 2006113009  -9999  -9999  -9999  -9999  -9999  -9996  -9999
C0G660 2006113010  -9999  -9999  -9999  -9999  -9999    0.0  -9999
C0G660 2006113011  -9999  -9999  -9999  -9999  -9999  -9996  -9999
C0G660 2006113012  -9999  -9999  -9999  -9999  -9999  -9996  -9999
C0G660 2006113013  -9999  -9999  -9999  -9999  -9999  -9996  -9999
C0G660 2006113014  -9999  -9999  -9999  -9999  -9999  -9996  -9999
C0G660 2006113015  -9999  -9999  -9999  -9999  -9999  -9996  -9999
C0G660 2006113016  -9999  -9999  -9999  -9999  -9999  -9996  -9999
C0G660 2006113017  -9999  -9999  -9999  -9999  -9999  -9996  -9999
C0G660 2006113018  -9999  -9999  -9999  -9999  -9999  -9996  -9999
C0G660 2006113019  -9999  -9999  -9999  -9999  -9999    0.0  -9999
C0G660 2006113020  -9999  -9999  -9999  -9999  -9999    0.0  -9999
C0G660 2006113021  -9999  -9999  -9999  -9999  -9999    0.0  -9999
C0G660 2006113022  -9999  -9999  -9999  -9999  -9999    0.0  -9999
C0G660 2006113023  -9999  -9999  -9999  -9999  -9999    0.0  -9999
C0G660 2006113024  -9999  -9999  -9999  -9999  -9999    0.0  -9999
