C0G650 2008070101 27.3 -9997 0.0 0.0
C0G650 2008070102 26.7 -9997 0.0 0.0
C0G650 2008070103 26.4 -9997 0.0 0.0
C0G650 2008070104 26.1 -9997 0.0 0.0
C0G650 2008070105 25.8 -9997 0.0 0.0
C0G650 2008070106 26.6 -9997 0.0 0.0
C0G650 2008070107 28.4 -9997 0.5 0.0
C0G650 2008070108 30.3 -9997 0.8 0.0
C0G650 2008070109 31.5 -9997 1.6 0.0
C0G650 2008070110 31.7 -9997 1.0 0.0
C0G650 2008070111 33.7 -9997 2.0 0.0
C0G650 2008070112 34.5 -9997 1.0 0.0
C0G650 2008070113 33.7 -9997 0.5 0.0
C0G650 2008070114 32.1 -9997 0.2 0.0
C0G650 2008070115 32.2 -9997 0.2 0.0
C0G650 2008070116 32.1 -9997 0.7 0.0
C0G650 2008070117 30.7 -9997 0.2 0.0
C0G650 2008070118 27.9 -9997 0.6 0.0
C0G650 2008070119 27.5 -9997 0.3 0.0
C0G650 2008070120 27.2 -9997 0.0 0.0
C0G650 2008070121 27.0 -9997 0.1 0.0
C0G650 2008070122 27.1 -9997 0.0 0.0
C0G650 2008070123 26.3 -9997 0.0 0.0
C0G650 2008070124 25.7 -9997 0.0 0.0
C0G650 2008070201 25.4 -9997 0.0 0.0
C0G650 2008070202 -9997 -9997 0.0 0.0
C0G650 2008070203 25.2 -9997 0.0 0.0
C0G650 2008070204 25.0 -9997 0.0 0.0
C0G650 2008070205 25.1 -9997 0.0 0.0
C0G650 2008070206 26.1 -9997 0.0 0.0
C0G650 2008070207 28.0 -9997 0.2 0.0
C0G650 2008070208 29.4 -9997 0.5 0.0
C0G650 2008070209 30.6 -9997 1.8 0.0
C0G650 2008070210 31.9 -9997 2.0 0.0
C0G650 2008070211 32.1 -9997 1.2 0.0
C0G650 2008070212 32.8 -9997 0.7 0.0
C0G650 2008070213 33.6 -9997 0.8 0.0
C0G650 2008070214 32.3 -9997 2.0 0.0
C0G650 2008070215 32.5 -9997 0.6 0.0
C0G650 2008070216 32.4 -9997 1.0 0.0
C0G650 2008070217 31.7 -9997 0.8 0.0
C0G650 2008070218 30.7 -9997 0.6 0.0
C0G650 2008070219 30.0 -9997 0.0 0.0
C0G650 2008070220 29.5 -9997 0.0 0.0
C0G650 2008070221 28.4 -9997 0.0 0.0
C0G650 2008070222 27.8 -9997 0.0 0.0
C0G650 2008070223 26.8 -9997 0.1 0.0
C0G650 2008070224 26.4 -9997 0.0 0.0
C0G650 2008070301 25.9 -9997 0.0 0.0
C0G650 2008070302 25.8 -9997 0.0 0.0
C0G650 2008070303 25.4 -9997 0.0 0.0
C0G650 2008070304 25.1 -9997 0.0 0.0
C0G650 2008070305 25.2 -9997 0.0 0.0
C0G650 2008070306 25.2 -9997 0.0 0.0
C0G650 2008070307 27.2 -9997 0.0 0.0
C0G650 2008070308 29.1 -9997 0.0 0.0
C0G650 2008070309 30.4 -9997 0.9 0.0
C0G650 2008070310 33.0 -9997 1.8 0.0
C0G650 2008070311 34.3 -9997 1.2 0.0
C0G650 2008070312 33.6 -9997 1.1 0.0
C0G650 2008070313 34.4 -9997 1.1 0.0
C0G650 2008070314 34.5 -9997 1.3 0.0
C0G650 2008070315 34.2 -9997 1.3 0.0
C0G650 2008070316 33.8 -9997 0.5 0.0
C0G650 2008070317 32.2 -9997 0.6 0.0
C0G650 2008070318 30.9 -9997 0.2 0.0
C0G650 2008070319 29.6 -9997 0.0 0.0
C0G650 2008070320 29.0 -9997 0.1 0.0
C0G650 2008070321 27.9 -9997 0.0 0.0
C0G650 2008070322 27.2 -9997 0.0 0.0
C0G650 2008070323 26.7 -9997 0.0 0.0
C0G650 2008070324 26.6 -9997 0.0 0.0
C0G650 2008070401 26.4 -9997 0.0 0.0
C0G650 2008070402 26.1 -9997 0.0 0.0
C0G650 2008070403 25.6 -9997 0.0 0.0
C0G650 2008070404 25.3 -9997 0.0 0.0
C0G650 2008070405 25.5 -9997 0.0 0.0
C0G650 2008070406 26.6 -9997 0.0 0.0
C0G650 2008070407 28.3 -9997 1.6 0.0
C0G650 2008070408 29.9 -9997 0.2 0.0
C0G650 2008070409 31.8 -9997 1.6 0.0
C0G650 2008070410 33.5 -9997 1.5 0.0
C0G650 2008070411 34.0 -9997 1.8 0.0
C0G650 2008070412 34.2 -9997 1.4 0.0
C0G650 2008070413 32.7 -9997 0.4 0.0
C0G650 2008070414 33.6 -9997 0.7 0.0
C0G650 2008070415 33.8 -9997 0.3 0.0
C0G650 2008070416 33.5 -9997 0.3 0.0
C0G650 2008070417 32.1 -9997 0.4 0.0
C0G650 2008070418 31.3 -9997 0.6 0.0
C0G650 2008070419 30.3 -9997 0.2 0.0
C0G650 2008070420 30.0 -9997 0.0 0.0
C0G650 2008070421 29.4 -9997 0.0 0.0
C0G650 2008070422 29.0 -9997 0.0 0.0
C0G650 2008070423 29.0 -9997 0.0 0.0
C0G650 2008070424 28.8 -9997 0.0 0.0
C0G650 2008070501 28.8 -9997 0.0 0.0
C0G650 2008070502 28.4 -9997 0.0 0.0
C0G650 2008070503 28.1 -9997 0.0 0.0
C0G650 2008070504 28.1 -9997 0.0 0.0
C0G650 2008070505 27.5 -9997 0.0 0.0
C0G650 2008070506 28.0 -9997 0.0 0.0
C0G650 2008070507 29.8 -9997 0.0 0.0
C0G650 2008070508 30.9 -9997 0.1 0.0
C0G650 2008070509 32.7 -9997 0.3 0.0
C0G650 2008070510 32.5 -9997 0.1 0.0
C0G650 2008070511 33.1 -9997 0.2 0.0
C0G650 2008070512 33.5 -9997 0.3 0.0
C0G650 2008070513 34.5 -9997 0.3 0.0
C0G650 2008070514 33.2 -9997 1.0 0.0
C0G650 2008070515 31.4 -9997 1.4 0.0
C0G650 2008070516 29.6 -9997 0.2 0.0
C0G650 2008070517 29.4 -9997 0.7 0.0
C0G650 2008070518 28.1 -9997 0.3 0.5
C0G650 2008070519 27.4 -9997 0.0 1.5
C0G650 2008070520 27.3 -9997 0.0 0.5
C0G650 2008070521 27.3 -9997 0.0 0.0
C0G650 2008070522 27.4 -9997 0.1 0.0
C0G650 2008070523 27.4 -9997 0.0 0.0
C0G650 2008070524 27.2 -9997 0.0 0.0
C0G650 2008070601 27.3 -9997 0.0 0.0
C0G650 2008070602 26.9 -9997 0.0 0.0
C0G650 2008070603 26.7 -9997 0.0 0.0
C0G650 2008070604 26.7 -9997 0.0 0.0
C0G650 2008070605 26.4 -9997 0.0 0.0
C0G650 2008070606 27.1 -9997 0.0 0.0
C0G650 2008070607 28.2 -9997 0.0 0.0
C0G650 2008070608 29.6 -9997 0.0 0.0
C0G650 2008070609 30.9 -9997 0.2 0.0
C0G650 2008070610 30.4 -9997 0.9 0.0
C0G650 2008070611 31.9 -9997 0.3 0.0
C0G650 2008070612 31.5 -9997 0.1 0.0
C0G650 2008070613 33.0 -9997 0.1 0.0
C0G650 2008070614 26.5 -9997 1.0 1.0
C0G650 2008070615 27.4 -9997 0.3 5.0
C0G650 2008070616 25.7 -9997 2.1 0.5
C0G650 2008070617 24.9 -9997 1.4 0.0
C0G650 2008070618 25.3 -9997 0.0 1.5
C0G650 2008070619 24.9 -9997 0.0 1.0
C0G650 2008070620 25.1 -9997 0.0 0.5
C0G650 2008070621 25.0 -9997 0.0 0.0
C0G650 2008070622 25.0 -9997 0.0 0.0
C0G650 2008070623 24.9 -9997 0.0 0.0
C0G650 2008070624 25.0 -9997 0.0 0.0
C0G650 2008070701 24.9 -9997 0.0 0.0
C0G650 2008070702 24.9 -9997 0.0 0.0
C0G650 2008070703 24.8 -9997 0.0 0.0
C0G650 2008070704 24.7 -9997 0.0 0.0
C0G650 2008070705 25.4 -9997 0.0 0.0
C0G650 2008070706 26.7 -9997 0.0 0.0
C0G650 2008070707 28.4 -9997 0.0 0.0
C0G650 2008070708 30.2 -9997 0.5 0.0
C0G650 2008070709 30.7 -9997 0.6 0.0
C0G650 2008070710 31.2 -9997 0.3 0.0
C0G650 2008070711 32.3 -9997 0.2 0.0
C0G650 2008070712 32.6 -9997 0.0 0.0
C0G650 2008070713 32.6 -9997 0.1 0.0
C0G650 2008070714 33.3 -9997 0.5 0.0
C0G650 2008070715 31.1 -9997 2.0 0.0
C0G650 2008070716 25.6 -9997 2.1 0.0
C0G650 2008070717 25.1 -9997 0.0 1.5
C0G650 2008070718 24.2 -9997 0.0 5.0
C0G650 2008070719 24.4 -9997 0.0 0.5
C0G650 2008070720 24.5 -9997 0.1 0.0
C0G650 2008070721 24.5 -9997 0.0 0.0
C0G650 2008070722 24.8 -9997 0.0 0.0
C0G650 2008070723 24.5 -9997 0.0 0.0
C0G650 2008070724 24.4 -9997 0.0 0.0
C0G650 2008070801 24.8 -9997 0.0 0.0
C0G650 2008070802 24.6 -9997 0.0 0.0
C0G650 2008070803 24.5 -9997 0.0 0.0
C0G650 2008070804 24.4 -9997 0.0 0.0
C0G650 2008070805 24.4 -9997 0.0 0.0
C0G650 2008070806 25.0 -9997 0.0 0.0
C0G650 2008070807 26.0 -9997 0.0 0.0
C0G650 2008070808 28.0 -9997 0.2 0.0
C0G650 2008070809 -9997 -9997 -9997 0.0
C0G650 2008070810 31.8 -9997 0.1 0.0
C0G650 2008070811 33.6 -9997 0.5 0.0
C0G650 2008070812 33.1 -9997 1.0 0.0
C0G650 2008070813 33.3 -9997 0.6 0.0
C0G650 2008070814 33.4 -9997 0.4 0.0
C0G650 2008070815 26.8 -9997 3.9 0.0
C0G650 2008070816 24.9 -9997 1.5 1.5
C0G650 2008070817 24.8 -9997 0.1 4.5
C0G650 2008070818 24.8 -9997 0.0 3.0
C0G650 2008070819 24.9 -9997 0.0 0.5
C0G650 2008070820 24.6 -9997 0.0 0.5
C0G650 2008070821 24.9 -9997 0.0 0.0
C0G650 2008070822 24.7 -9997 0.0 0.0
C0G650 2008070823 24.7 -9997 0.0 0.0
C0G650 2008070824 24.7 -9997 0.0 0.0
C0G650 2008070901 24.6 -9997 0.0 0.0
C0G650 2008070902 24.6 -9997 0.0 0.0
C0G650 2008070903 24.6 -9997 0.1 0.0
C0G650 2008070904 24.4 -9997 0.0 0.0
C0G650 2008070905 24.2 -9997 0.0 0.0
C0G650 2008070906 25.0 -9997 0.0 0.0
C0G650 2008070907 27.6 -9997 0.0 0.0
C0G650 2008070908 -9997 -9997 -9997 0.0
C0G650 2008070909 29.3 -9997 1.0 0.0
C0G650 2008070910 30.8 -9997 2.2 0.0
C0G650 2008070911 31.9 -9997 1.7 0.0
C0G650 2008070912 32.8 -9997 1.3 0.0
C0G650 2008070913 32.8 -9997 1.4 0.0
C0G650 2008070914 30.8 -9997 0.4 0.0
C0G650 2008070915 -9997 -9997 -9997 4.5
C0G650 2008070916 24.2 -9997 0.3 11.0
C0G650 2008070917 24.5 -9997 0.0 2.0
C0G650 2008070918 24.8 -9997 0.0 0.0
C0G650 2008070919 24.5 -9997 0.0 0.0
C0G650 2008070920 24.8 -9997 1.5 0.0
C0G650 2008070921 24.9 -9997 0.4 0.0
C0G650 2008070922 24.8 -9997 1.4 0.0
C0G650 2008070923 24.5 -9997 0.6 0.0
C0G650 2008070924 24.4 -9997 0.8 0.0
C0G650 2008071001 24.3 -9997 0.0 0.0
C0G650 2008071002 24.6 -9997 0.0 0.0
C0G650 2008071003 24.6 -9997 0.0 0.0
C0G650 2008071004 24.4 -9997 0.1 0.0
C0G650 2008071005 24.9 -9997 0.0 0.0
C0G650 2008071006 25.1 -9997 0.0 0.0
C0G650 2008071007 26.3 -9997 0.0 0.0
C0G650 2008071008 27.8 -9997 0.4 0.0
C0G650 2008071009 29.4 -9997 1.9 0.0
C0G650 2008071010 30.9 -9997 1.7 0.0
C0G650 2008071011 30.9 -9997 0.6 0.0
C0G650 2008071012 31.8 -9997 0.9 0.0
C0G650 2008071013 32.3 -9997 1.5 0.0
C0G650 2008071014 32.9 -9997 1.9 0.0
C0G650 2008071015 31.8 -9997 1.6 0.0
C0G650 2008071016 31.0 -9997 1.3 0.0
C0G650 2008071017 25.9 -9997 1.5 0.0
C0G650 2008071018 25.2 -9997 0.9 3.5
C0G650 2008071019 24.3 -9997 1.2 10.5
C0G650 2008071020 24.8 -9997 0.0 4.0
C0G650 2008071021 24.6 -9997 0.0 5.5
C0G650 2008071022 24.5 -9997 0.0 1.0
C0G650 2008071023 24.7 -9997 0.0 0.0
C0G650 2008071024 24.4 -9997 0.0 0.0
C0G650 2008071101 24.1 -9997 0.0 0.0
C0G650 2008071102 -9997 -9997 -9997 0.0
C0G650 2008071103 23.8 -9997 0.0 0.0
C0G650 2008071104 24.0 -9997 0.0 0.0
C0G650 2008071105 24.0 -9997 0.0 0.0
C0G650 2008071106 24.7 -9997 0.0 0.0
C0G650 2008071107 25.3 -9997 0.3 0.0
C0G650 2008071108 28.2 -9997 1.1 0.0
C0G650 2008071109 29.5 -9997 1.5 0.0
C0G650 2008071110 31.3 -9997 1.5 0.0
C0G650 2008071111 32.2 -9997 0.7 0.0
C0G650 2008071112 27.9 -9997 2.3 0.0
C0G650 2008071113 32.9 -9997 0.6 0.5
C0G650 2008071114 32.4 -9997 0.8 0.0
C0G650 2008071115 27.8 -9997 3.0 0.0
C0G650 2008071116 26.6 -9997 0.2 1.0
C0G650 2008071117 27.4 -9997 0.7 0.0
C0G650 2008071118 28.3 -9997 1.1 0.0
C0G650 2008071119 27.6 -9997 0.2 0.0
C0G650 2008071120 27.0 -9997 0.0 0.0
C0G650 2008071121 26.5 -9997 0.0 0.0
C0G650 2008071122 26.2 -9997 0.0 0.0
C0G650 2008071123 25.9 -9997 0.0 0.0
C0G650 2008071124 25.6 -9997 0.0 0.0
C0G650 2008071201 25.2 -9997 0.0 0.0
C0G650 2008071202 25.1 -9997 0.0 0.0
C0G650 2008071203 25.0 -9997 0.0 0.0
C0G650 2008071204 24.6 -9997 0.0 0.0
C0G650 2008071205 24.5 -9997 0.0 0.0
C0G650 2008071206 25.7 -9997 0.0 0.0
C0G650 2008071207 27.2 -9997 0.3 0.0
C0G650 2008071208 28.7 -9997 1.0 0.0
C0G650 2008071209 -9997 -9997 0.5 0.0
C0G650 2008071210 32.0 -9997 1.4 0.0
C0G650 2008071211 -9997 -9997 0.9 0.0
C0G650 2008071212 33.1 -9997 2.4 0.0
C0G650 2008071213 33.0 -9997 0.6 0.0
C0G650 2008071214 32.3 -9997 1.7 0.0
C0G650 2008071215 29.2 -9997 1.8 0.0
C0G650 2008071216 28.5 -9997 0.5 0.0
C0G650 2008071217 29.3 -9997 0.1 0.0
C0G650 2008071218 28.9 -9997 0.0 0.0
C0G650 2008071219 26.7 -9997 1.3 0.0
C0G650 2008071220 26.5 -9997 0.1 0.5
C0G650 2008071221 26.5 -9997 0.0 0.0
C0G650 2008071222 26.8 -9997 0.0 0.0
C0G650 2008071223 26.3 -9997 0.0 0.0
C0G650 2008071224 26.1 -9997 0.0 0.0
C0G650 2008071301 25.9 -9997 0.0 0.0
C0G650 2008071302 26.4 -9997 0.0 0.0
C0G650 2008071303 26.7 -9997 0.0 0.0
C0G650 2008071304 26.4 -9997 0.0 0.0
C0G650 2008071305 26.0 -9997 0.0 0.0
C0G650 2008071306 26.1 -9997 0.0 0.0
C0G650 2008071307 27.0 -9997 0.0 0.0
C0G650 2008071308 28.7 -9997 1.6 0.0
C0G650 2008071309 30.6 -9997 0.7 0.0
C0G650 2008071310 31.4 -9997 0.5 0.0
C0G650 2008071311 32.3 -9997 0.8 0.0
C0G650 2008071312 32.8 -9997 0.8 0.0
C0G650 2008071313 32.3 -9997 1.2 0.0
C0G650 2008071314 33.3 -9997 1.5 0.0
C0G650 2008071315 32.8 -9997 0.9 0.0
C0G650 2008071316 33.1 -9997 0.5 0.0
C0G650 2008071317 32.2 -9997 0.2 0.0
C0G650 2008071318 30.6 -9997 1.3 0.0
C0G650 2008071319 30.0 -9997 0.4 0.0
C0G650 2008071320 29.6 -9997 0.9 0.0
C0G650 2008071321 28.4 -9997 1.3 0.0
C0G650 2008071322 27.5 -9997 0.0 0.0
C0G650 2008071323 27.4 -9997 0.0 0.0
C0G650 2008071324 27.6 -9997 0.0 0.0
C0G650 2008071401 27.4 -9997 0.0 0.0
C0G650 2008071402 27.0 -9997 0.0 0.0
C0G650 2008071403 26.5 -9997 0.0 0.0
C0G650 2008071404 26.4 -9997 0.0 0.0
C0G650 2008071405 26.3 -9997 0.0 0.0
C0G650 2008071406 26.6 -9997 0.0 0.0
C0G650 2008071407 28.0 -9997 0.0 0.0
C0G650 2008071408 29.3 -9997 0.5 0.0
C0G650 2008071409 30.1 -9997 0.3 0.0
C0G650 2008071410 -9997 -9997 0.1 0.0
C0G650 2008071411 33.5 -9997 0.0 0.0
C0G650 2008071412 33.3 -9997 0.1 0.0
C0G650 2008071413 33.1 -9997 0.4 0.0
C0G650 2008071414 33.2 -9997 0.3 0.0
C0G650 2008071415 32.7 -9997 0.3 0.0
C0G650 2008071416 32.8 -9997 0.6 0.0
C0G650 2008071417 32.1 -9997 1.3 0.0
C0G650 2008071418 31.2 -9997 0.1 0.0
C0G650 2008071419 30.6 -9997 0.0 0.0
C0G650 2008071420 29.7 -9997 0.0 0.0
C0G650 2008071421 28.4 -9997 0.0 0.0
C0G650 2008071422 28.2 -9997 0.0 0.0
C0G650 2008071423 27.9 -9997 0.0 0.0
C0G650 2008071424 27.7 -9997 0.3 0.0
C0G650 2008071501 27.6 -9997 0.2 0.0
C0G650 2008071502 27.5 -9997 0.1 0.5
C0G650 2008071503 27.3 -9997 0.0 0.0
C0G650 2008071504 26.8 -9997 0.1 1.0
C0G650 2008071505 26.7 -9997 0.0 4.0
C0G650 2008071506 26.7 -9997 0.0 0.0
C0G650 2008071507 27.9 -9997 0.2 0.0
C0G650 2008071508 29.0 -9997 0.8 0.0
C0G650 2008071509 29.2 -9997 0.0 0.0
C0G650 2008071510 30.6 -9997 1.0 0.0
C0G650 2008071511 32.6 -9997 0.4 0.0
C0G650 2008071512 32.2 -9997 0.2 0.0
C0G650 2008071513 33.7 -9997 0.2 0.0
C0G650 2008071514 33.8 -9997 0.4 0.0
C0G650 2008071515 33.4 -9997 0.3 0.0
C0G650 2008071516 32.5 -9997 1.1 0.0
C0G650 2008071517 32.1 -9997 0.3 0.0
C0G650 2008071518 31.1 -9997 0.4 0.0
C0G650 2008071519 30.0 -9997 0.0 0.0
C0G650 2008071520 29.3 -9997 0.1 0.0
C0G650 2008071521 28.5 -9997 0.0 0.0
C0G650 2008071522 27.9 -9997 0.6 0.0
C0G650 2008071523 27.5 -9997 0.1 0.0
C0G650 2008071524 27.6 -9997 0.0 0.0
C0G650 2008071601 27.6 -9997 0.0 0.0
C0G650 2008071602 27.6 -9997 0.9 0.0
C0G650 2008071603 27.4 -9997 0.0 0.0
C0G650 2008071604 26.8 -9997 0.0 0.0
C0G650 2008071605 26.4 -9997 0.0 0.0
C0G650 2008071606 26.6 -9997 0.0 0.0
C0G650 2008071607 28.2 -9997 0.0 0.0
C0G650 2008071608 29.3 -9997 0.1 0.0
C0G650 2008071609 31.4 -9997 0.3 0.0
C0G650 2008071610 32.7 -9997 0.1 0.0
C0G650 2008071611 32.5 -9997 0.9 0.0
C0G650 2008071612 32.6 -9997 1.5 0.0
C0G650 2008071613 32.7 -9997 1.4 0.0
C0G650 2008071614 32.0 -9997 2.0 0.0
C0G650 2008071615 32.0 -9997 1.5 0.0
C0G650 2008071616 31.0 -9997 1.5 0.0
C0G650 2008071617 30.4 -9997 0.7 0.0
C0G650 2008071618 29.9 -9997 0.0 0.0
C0G650 2008071619 28.1 -9997 0.9 0.5
C0G650 2008071620 27.8 -9997 0.1 0.0
C0G650 2008071621 27.3 -9997 0.0 0.0
C0G650 2008071622 27.3 -9997 0.5 0.0
C0G650 2008071623 27.4 -9997 1.3 0.0
C0G650 2008071624 27.0 -9997 1.7 0.0
C0G650 2008071701 26.8 -9997 1.6 0.0
C0G650 2008071702 27.0 -9997 0.9 0.0
C0G650 2008071703 27.1 -9997 0.0 0.0
C0G650 2008071704 27.2 -9997 0.0 0.0
C0G650 2008071705 27.0 -9997 0.2 0.0
C0G650 2008071706 27.0 -9997 0.0 0.0
C0G650 2008071707 27.9 -9997 0.0 0.0
C0G650 2008071708 29.6 -9997 0.0 0.0
C0G650 2008071709 30.0 -9997 0.3 0.0
C0G650 2008071710 30.2 -9997 0.8 0.0
C0G650 2008071711 27.6 -9997 0.5 1.0
C0G650 2008071712 30.4 -9997 0.0 0.0
C0G650 2008071713 28.3 -9997 0.4 2.5
C0G650 2008071714 26.9 -9997 1.1 17.5
C0G650 2008071715 27.2 -9997 0.5 5.0
C0G650 2008071716 27.4 -9997 2.2 0.5
C0G650 2008071717 27.1 -9997 3.4 1.0
C0G650 2008071718 27.1 -9997 0.6 1.0
C0G650 2008071719 27.3 -9997 1.8 1.5
C0G650 2008071720 27.4 -9997 2.0 0.5
C0G650 2008071721 27.6 -9997 0.4 0.0
C0G650 2008071722 26.8 -9997 0.6 5.5
C0G650 2008071723 26.9 -9997 0.3 2.0
C0G650 2008071724 26.8 -9997 0.7 1.5
C0G650 2008071801 26.9 -9997 1.6 3.5
C0G650 2008071802 26.6 -9997 2.3 7.0
C0G650 2008071803 26.6 -9997 1.8 6.5
C0G650 2008071804 26.0 -9997 2.5 5.0
C0G650 2008071805 24.9 -9997 3.0 23.5
C0G650 2008071806 24.2 -9997 3.7 45.5
C0G650 2008071807 23.8 -9997 4.2 61.5
C0G650 2008071808 24.0 -9997 4.9 36.0
C0G650 2008071809 -9997 -9997 -9997 27.5
C0G650 2008071810 23.6 -9997 4.8 9.5
C0G650 2008071811 23.1 -9997 3.5 5.5
C0G650 2008071812 23.4 -9997 2.8 8.5
C0G650 2008071813 23.6 -9997 2.8 4.0
C0G650 2008071814 23.3 -9997 2.9 12.5
C0G650 2008071815 24.0 -9997 2.9 1.5
C0G650 2008071816 25.0 -9997 3.6 0.5
C0G650 2008071817 26.1 -9997 3.2 0.0
C0G650 2008071818 26.7 -9997 3.3 0.0
C0G650 2008071819 26.7 -9997 1.8 0.0
C0G650 2008071820 -9997 -9997 2.5 0.0
C0G650 2008071821 24.9 -9997 2.5 3.5
C0G650 2008071822 24.6 -9997 2.6 4.0
C0G650 2008071823 24.5 -9997 0.3 0.0
C0G650 2008071824 25.4 -9997 0.5 0.0
C0G650 2008071901 26.1 -9997 0.8 0.0
C0G650 2008071902 24.1 -9997 0.2 2.5
C0G650 2008071903 24.5 -9997 0.1 0.0
C0G650 2008071904 24.2 -9997 0.0 1.5
C0G650 2008071905 25.1 -9997 3.0 4.5
C0G650 2008071906 23.6 -9997 2.4 7.0
C0G650 2008071907 23.4 -9997 0.2 5.5
C0G650 2008071908 23.5 -9997 3.1 0.5
C0G650 2008071909 -9997 -9997 0.6 1.0
C0G650 2008071910 25.6 -9997 0.3 0.0
C0G650 2008071911 29.3 -9997 1.2 0.0
C0G650 2008071912 29.1 -9997 1.9 0.0
C0G650 2008071913 25.8 -9997 0.9 5.5
C0G650 2008071914 24.8 -9997 1.7 7.5
C0G650 2008071915 23.8 -9997 1.9 7.0
C0G650 2008071916 24.0 -9997 0.4 9.5
C0G650 2008071917 25.3 -9997 1.9 0.5
C0G650 2008071918 23.7 -9997 1.9 6.5
C0G650 2008071919 24.2 -9997 0.0 0.0
C0G650 2008071920 -9997 -9997 0.0 0.0
C0G650 2008071921 24.3 -9997 0.0 0.0
C0G650 2008071922 23.9 -9997 0.0 0.0
C0G650 2008071923 23.9 -9997 0.0 0.0
C0G650 2008071924 23.6 -9997 0.0 0.0
C0G650 2008072001 24.3 -9997 0.4 0.0
C0G650 2008072002 23.7 -9997 0.0 0.0
C0G650 2008072003 23.5 -9997 0.0 0.0
C0G650 2008072004 23.6 -9997 0.0 0.0
C0G650 2008072005 23.5 -9997 0.0 0.0
C0G650 2008072006 24.4 -9997 0.0 0.0
C0G650 2008072007 27.1 -9997 0.1 0.0
C0G650 2008072008 28.7 -9997 0.8 0.0
C0G650 2008072009 30.3 -9997 2.0 0.0
C0G650 2008072010 31.6 -9997 1.1 0.0
C0G650 2008072011 32.4 -9997 1.2 0.0
C0G650 2008072012 32.4 -9997 1.2 0.0
C0G650 2008072013 32.8 -9997 1.2 0.0
C0G650 2008072014 33.3 -9997 1.4 0.0
C0G650 2008072015 33.4 -9997 1.1 0.0
C0G650 2008072016 32.3 -9997 1.6 0.0
C0G650 2008072017 31.4 -9997 1.9 0.0
C0G650 2008072018 30.7 -9997 1.0 0.0
C0G650 2008072019 29.6 -9997 0.4 0.0
C0G650 2008072020 28.8 -9997 0.8 0.0
C0G650 2008072021 28.1 -9997 0.1 0.0
C0G650 2008072022 27.6 -9997 0.0 0.0
C0G650 2008072023 27.4 -9997 0.0 0.0
C0G650 2008072024 26.8 -9997 0.0 0.0
C0G650 2008072101 26.4 -9997 0.0 0.0
C0G650 2008072102 26.0 -9997 0.0 0.0
C0G650 2008072103 25.9 -9997 0.0 0.0
C0G650 2008072104 -9997 -9997 -9997 0.0
C0G650 2008072105 26.3 -9997 0.0 0.0
C0G650 2008072106 26.8 -9997 0.0 0.0
C0G650 2008072107 28.0 -9997 0.4 0.0
C0G650 2008072108 29.5 -9997 1.0 0.0
C0G650 2008072109 31.2 -9997 1.1 0.0
C0G650 2008072110 32.2 -9997 0.6 0.0
C0G650 2008072111 33.4 -9997 0.7 0.0
C0G650 2008072112 33.4 -9997 1.5 0.0
C0G650 2008072113 -9997 -9997 1.1 0.0
C0G650 2008072114 34.4 -9997 0.3 0.0
C0G650 2008072115 34.1 -9997 1.2 0.0
C0G650 2008072116 33.3 -9997 0.8 0.0
C0G650 2008072117 32.3 -9997 1.0 0.0
C0G650 2008072118 31.5 -9997 0.3 0.0
C0G650 2008072119 30.3 -9997 0.2 0.0
C0G650 2008072120 29.3 -9997 0.1 0.0
C0G650 2008072121 28.2 -9997 0.0 0.0
C0G650 2008072122 -9997 -9997 0.2 0.0
C0G650 2008072123 27.5 -9997 0.1 0.0
C0G650 2008072124 27.4 -9997 0.0 0.0
C0G650 2008072201 27.3 -9997 0.0 0.0
C0G650 2008072202 27.3 -9997 0.0 0.0
C0G650 2008072203 27.2 -9997 0.0 0.0
C0G650 2008072204 27.0 -9997 0.5 0.0
C0G650 2008072205 26.8 -9997 0.0 0.0
C0G650 2008072206 27.1 -9997 0.0 0.0
C0G650 2008072207 27.8 -9997 0.8 0.0
C0G650 2008072208 29.4 -9997 1.1 0.0
C0G650 2008072209 31.1 -9997 1.5 0.0
C0G650 2008072210 30.5 -9997 1.3 0.0
C0G650 2008072211 32.3 -9997 1.1 0.0
C0G650 2008072212 32.8 -9997 1.3 0.0
C0G650 2008072213 33.0 -9997 0.4 0.0
C0G650 2008072214 33.1 -9997 1.4 0.0
C0G650 2008072215 33.1 -9997 1.8 0.0
C0G650 2008072216 31.7 -9997 0.7 0.0
C0G650 2008072217 30.9 -9997 0.5 0.0
C0G650 2008072218 30.7 -9997 0.7 0.0
C0G650 2008072219 29.8 -9997 0.2 0.0
C0G650 2008072220 29.1 -9997 0.3 0.0
C0G650 2008072221 28.8 -9997 0.0 0.0
C0G650 2008072222 28.4 -9997 0.5 0.0
C0G650 2008072223 28.1 -9997 0.3 0.0
C0G650 2008072224 28.0 -9997 0.3 0.0
C0G650 2008072301 27.6 -9997 0.0 0.0
C0G650 2008072302 26.7 -9997 0.0 0.0
C0G650 2008072303 26.1 -9997 0.0 0.0
C0G650 2008072304 25.5 -9997 0.0 0.0
C0G650 2008072305 25.4 -9997 0.0 0.0
C0G650 2008072306 -9997 -9997 0.0 0.0
C0G650 2008072307 27.8 -9997 0.4 0.0
C0G650 2008072308 28.5 -9997 0.4 0.0
C0G650 2008072309 30.0 -9997 1.6 0.0
C0G650 2008072310 31.1 -9997 1.6 0.0
C0G650 2008072311 31.4 -9997 1.2 0.0
C0G650 2008072312 32.2 -9997 1.7 0.0
C0G650 2008072313 33.8 -9997 1.0 0.0
C0G650 2008072314 33.6 -9997 1.2 0.0
C0G650 2008072315 33.3 -9997 1.2 0.0
C0G650 2008072316 32.6 -9997 1.2 0.0
C0G650 2008072317 32.1 -9997 1.5 0.0
C0G650 2008072318 31.3 -9997 0.2 0.0
C0G650 2008072319 29.4 -9997 0.4 0.0
C0G650 2008072320 28.7 -9997 0.0 0.0
C0G650 2008072321 28.1 -9997 0.5 0.0
C0G650 2008072322 27.9 -9997 0.8 0.0
C0G650 2008072323 28.0 -9997 0.8 0.0
C0G650 2008072324 27.6 -9997 0.0 0.0
C0G650 2008072401 27.1 -9997 0.0 0.0
C0G650 2008072402 26.4 -9997 0.0 0.0
C0G650 2008072403 25.9 -9997 0.0 0.0
C0G650 2008072404 25.3 -9997 0.0 0.0
C0G650 2008072405 25.1 -9997 0.0 0.0
C0G650 2008072406 25.8 -9997 0.0 0.0
C0G650 2008072407 27.0 -9997 0.7 0.0
C0G650 2008072408 29.1 -9997 1.0 0.0
C0G650 2008072409 30.8 -9997 1.5 0.0
C0G650 2008072410 32.2 -9997 1.5 0.0
C0G650 2008072411 32.6 -9997 1.5 0.0
C0G650 2008072412 33.3 -9997 2.3 0.0
C0G650 2008072413 34.1 -9997 0.8 0.0
C0G650 2008072414 35.3 -9997 1.4 0.0
C0G650 2008072415 35.2 -9997 1.2 0.0
C0G650 2008072416 33.7 -9997 0.8 0.0
C0G650 2008072417 32.4 -9997 1.4 0.0
C0G650 2008072418 31.3 -9997 1.1 0.0
C0G650 2008072419 29.6 -9997 0.6 0.0
C0G650 2008072420 28.8 -9997 0.0 0.0
C0G650 2008072421 28.7 -9997 0.3 0.0
C0G650 2008072422 28.3 -9997 0.3 0.0
C0G650 2008072423 28.3 -9997 1.3 0.0
C0G650 2008072424 28.0 -9997 0.2 0.0
C0G650 2008072501 28.0 -9997 0.1 0.0
C0G650 2008072502 27.9 -9997 0.6 0.0
C0G650 2008072503 28.0 -9997 0.8 0.0
C0G650 2008072504 27.0 -9997 0.6 0.0
C0G650 2008072505 26.4 -9997 0.0 0.0
C0G650 2008072506 26.6 -9997 0.0 0.0
C0G650 2008072507 28.0 -9997 0.3 0.0
C0G650 2008072508 29.2 -9997 0.6 0.0
C0G650 2008072509 30.8 -9997 0.5 0.0
C0G650 2008072510 32.3 -9997 0.2 0.0
C0G650 2008072511 33.5 -9997 1.0 0.0
C0G650 2008072512 34.7 -9997 1.4 0.0
C0G650 2008072513 35.1 -9997 1.1 0.0
C0G650 2008072514 33.1 -9997 1.3 0.0
C0G650 2008072515 33.8 -9997 1.6 0.0
C0G650 2008072516 32.8 -9997 1.9 0.0
C0G650 2008072517 32.3 -9997 1.1 0.0
C0G650 2008072518 31.4 -9997 0.3 0.0
C0G650 2008072519 30.5 -9997 0.5 0.0
C0G650 2008072520 29.7 -9997 0.1 0.0
C0G650 2008072521 29.1 -9997 0.0 0.0
C0G650 2008072522 29.1 -9997 0.2 0.0
C0G650 2008072523 28.6 -9997 0.0 0.0
C0G650 2008072524 28.5 -9997 0.1 0.0
C0G650 2008072601 28.3 -9997 0.0 0.0
C0G650 2008072602 28.0 -9997 0.0 0.0
C0G650 2008072603 27.6 -9997 0.0 0.0
C0G650 2008072604 27.6 -9997 0.0 0.0
C0G650 2008072605 27.6 -9997 0.0 0.0
C0G650 2008072606 27.6 -9997 0.0 0.0
C0G650 2008072607 28.3 -9997 0.4 0.0
C0G650 2008072608 29.2 -9997 0.8 0.0
C0G650 2008072609 31.5 -9997 0.0 0.0
C0G650 2008072610 32.2 -9997 1.4 0.0
C0G650 2008072611 33.2 -9997 0.5 0.0
C0G650 2008072612 32.9 -9997 0.4 0.0
C0G650 2008072613 32.4 -9997 0.7 0.0
C0G650 2008072614 33.2 -9997 0.7 0.0
C0G650 2008072615 32.8 -9997 2.1 0.0
C0G650 2008072616 32.7 -9997 0.3 0.0
C0G650 2008072617 32.6 -9997 0.2 0.0
C0G650 2008072618 32.4 -9997 0.8 0.0
C0G650 2008072619 31.8 -9997 0.0 0.0
C0G650 2008072620 31.0 -9997 1.0 0.0
C0G650 2008072621 30.4 -9997 0.0 0.0
C0G650 2008072622 29.5 -9997 0.0 0.0
C0G650 2008072623 29.0 -9997 0.0 0.0
C0G650 2008072624 28.6 -9997 0.1 0.0
C0G650 2008072701 28.6 -9997 0.0 0.0
C0G650 2008072702 28.3 -9997 0.2 0.0
C0G650 2008072703 28.1 -9997 0.6 0.0
C0G650 2008072704 27.5 -9997 0.1 0.0
C0G650 2008072705 27.1 -9997 0.0 0.0
C0G650 2008072706 27.2 -9997 0.0 0.0
C0G650 2008072707 27.9 -9997 0.4 0.0
C0G650 2008072708 28.1 -9997 0.3 0.0
C0G650 2008072709 28.6 -9997 0.7 0.0
C0G650 2008072710 30.8 -9997 0.7 0.0
C0G650 2008072711 31.8 -9997 1.2 0.0
C0G650 2008072712 33.1 -9997 1.9 0.0
C0G650 2008072713 32.2 -9997 0.0 0.0
C0G650 2008072714 32.8 -9997 0.0 0.0
C0G650 2008072715 33.8 -9997 2.1 0.0
C0G650 2008072716 32.8 -9997 3.0 0.0
C0G650 2008072717 32.0 -9997 3.2 0.0
C0G650 2008072718 31.1 -9997 2.8 0.0
C0G650 2008072719 29.1 -9997 2.1 0.0
C0G650 2008072720 28.9 -9997 2.6 0.0
C0G650 2008072721 28.6 -9997 2.1 0.0
C0G650 2008072722 28.5 -9997 1.0 0.0
C0G650 2008072723 27.9 -9997 1.2 0.0
C0G650 2008072724 28.0 -9997 1.3 0.0
C0G650 2008072801 27.9 -9997 0.4 0.0
C0G650 2008072802 27.8 -9997 0.2 0.0
C0G650 2008072803 27.6 -9997 0.5 0.0
C0G650 2008072804 26.8 -9997 0.0 0.0
C0G650 2008072805 25.9 -9997 0.0 0.0
C0G650 2008072806 25.8 -9997 -9997 0.0
C0G650 2008072807 25.6 -9997 1.9 0.5
C0G650 2008072808 25.5 -9997 0.0 3.0
C0G650 2008072809 25.6 -9997 0.2 2.5
C0G650 2008072810 25.7 -9997 0.3 1.0
C0G650 2008072811 25.9 -9997 2.0 1.0
C0G650 2008072812 26.3 -9997 2.6 3.0
C0G650 2008072813 27.7 -9997 3.9 0.5
C0G650 2008072814 -9997 -9997 3.3 0.0
C0G650 2008072815 25.0 -9997 6.4 4.0
C0G650 2008072816 24.6 -9997 6.6 10.0
C0G650 2008072817 24.5 -9997 5.9 33.0
C0G650 2008072818 24.6 -9997 6.2 22.0
C0G650 2008072819 24.4 -9997 5.8 19.0
C0G650 2008072820 24.8 -9997 5.1 5.5
C0G650 2008072821 24.9 -9997 4.5 1.0
C0G650 2008072822 25.5 -9997 4.6 0.0
C0G650 2008072823 25.7 -9997 5.0 1.0
C0G650 2008072824 26.0 -9997 4.2 0.0
C0G650 2008072901 25.1 -9997 4.9 1.5
C0G650 2008072902 25.6 -9997 3.7 0.5
C0G650 2008072903 24.9 -9997 3.4 5.0
C0G650 2008072904 26.0 -9997 2.8 0.0
C0G650 2008072905 24.9 -9997 4.5 5.0
C0G650 2008072906 25.0 -9997 4.6 9.5
C0G650 2008072907 25.4 -9997 4.7 4.0
C0G650 2008072908 25.9 -9997 3.0 0.5
C0G650 2008072909 25.4 -9997 4.2 1.0
C0G650 2008072910 27.7 -9997 4.5 0.0
C0G650 2008072911 28.5 -9997 4.4 0.5
C0G650 2008072912 29.0 -9997 4.8 0.0
C0G650 2008072913 30.5 -9997 4.4 0.0
C0G650 2008072914 29.5 -9997 5.4 0.0
C0G650 2008072915 29.3 -9997 3.7 0.0
C0G650 2008072916 29.9 -9997 4.3 0.0
C0G650 2008072917 29.3 -9997 3.1 0.0
C0G650 2008072918 29.3 -9997 1.8 0.0
C0G650 2008072919 28.2 -9997 0.9 0.0
C0G650 2008072920 28.0 -9997 0.9 0.0
C0G650 2008072921 27.7 -9997 0.0 0.0
C0G650 2008072922 26.9 -9997 0.8 0.0
C0G650 2008072923 27.1 -9997 1.6 0.0
C0G650 2008072924 26.5 -9997 0.8 0.0
C0G650 2008073001 26.5 -9997 1.2 0.0
C0G650 2008073002 27.0 -9997 2.1 0.0
C0G650 2008073003 26.8 -9997 1.9 0.0
C0G650 2008073004 26.4 -9997 0.8 0.0
C0G650 2008073005 26.1 -9997 0.1 0.0
C0G650 2008073006 26.2 -9997 0.0 0.0
C0G650 2008073007 27.0 -9997 0.7 0.0
C0G650 2008073008 27.8 -9997 2.2 0.0
C0G650 2008073009 28.6 -9997 2.2 0.0
C0G650 2008073010 28.9 -9997 2.8 0.0
C0G650 2008073011 30.3 -9997 3.8 0.0
C0G650 2008073012 28.9 -9997 2.9 0.0
C0G650 2008073013 28.4 -9997 2.4 0.0
C0G650 2008073014 29.3 -9997 2.8 0.0
C0G650 2008073015 29.4 -9997 1.8 0.0
C0G650 2008073016 -9997 -9997 2.3 0.0
C0G650 2008073017 29.5 -9997 2.6 0.0
C0G650 2008073018 29.1 -9997 2.2 0.0
C0G650 2008073019 27.2 -9997 1.5 0.0
C0G650 2008073020 26.4 -9997 0.0 0.0
C0G650 2008073021 26.4 -9997 0.1 0.0
C0G650 2008073022 26.2 -9997 0.0 0.0
C0G650 2008073023 25.7 -9997 0.0 0.0
C0G650 2008073024 25.5 -9997 0.0 0.0
C0G650 2008073101 25.2 -9997 0.0 0.0
C0G650 2008073102 25.5 -9997 0.0 0.0
C0G650 2008073103 24.4 -9997 0.0 0.0
C0G650 2008073104 24.5 -9997 0.0 0.0
C0G650 2008073105 24.1 -9997 0.0 0.0
C0G650 2008073106 24.1 -9997 0.0 0.0
C0G650 2008073107 26.6 -9997 0.0 0.0
C0G650 2008073108 28.5 -9997 0.9 0.0
C0G650 2008073109 30.4 -9997 0.5 0.0
C0G650 2008073110 31.6 -9997 0.9 0.0
C0G650 2008073111 33.1 -9997 0.0 0.0
C0G650 2008073112 33.2 -9997 0.8 0.0
C0G650 2008073113 33.0 -9997 0.0 0.0
C0G650 2008073114 33.4 -9997 0.3 0.0
C0G650 2008073115 33.1 -9997 0.4 0.0
C0G650 2008073116 31.3 -9997 0.6 0.0
C0G650 2008073117 27.6 -9997 0.4 3.5
C0G650 2008073118 27.7 -9997 0.0 1.0
C0G650 2008073119 27.4 -9997 0.0 0.0
C0G650 2008073120 26.8 -9997 0.0 0.0
C0G650 2008073121 26.4 -9997 0.0 1.0
C0G650 2008073122 26.3 -9997 0.0 0.0
C0G650 2008073123 26.3 -9997 0.0 0.0
C0G650 2008073124 26.3 -9997 0.0 0.0
C0G660 2008070101 -9999 -9999 -9999 0.0
C0G660 2008070102 -9999 -9999 -9999 0.0
C0G660 2008070103 -9999 -9999 -9999 0.0
C0G660 2008070104 -9999 -9999 -9999 0.0
C0G660 2008070105 -9999 -9999 -9999 0.0
C0G660 2008070106 -9999 -9999 -9999 0.0
C0G660 2008070107 -9999 -9999 -9999 0.0
C0G660 2008070108 -9999 -9999 -9999 0.0
C0G660 2008070109 -9999 -9999 -9999 0.0
C0G660 2008070110 -9999 -9999 -9999 0.0
C0G660 2008070111 -9999 -9999 -9999 0.0
C0G660 2008070112 -9999 -9999 -9999 0.0
C0G660 2008070113 -9999 -9999 -9999 0.0
C0G660 2008070114 -9999 -9999 -9999 0.0
C0G660 2008070115 -9999 -9999 -9999 0.0
C0G660 2008070116 -9999 -9999 -9999 0.0
C0G660 2008070117 -9999 -9999 -9999 0.0
C0G660 2008070118 -9999 -9999 -9999 0.0
C0G660 2008070119 -9999 -9999 -9999 0.0
C0G660 2008070120 -9999 -9999 -9999 0.0
C0G660 2008070121 -9999 -9999 -9999 0.0
C0G660 2008070122 -9999 -9999 -9999 0.0
C0G660 2008070123 -9999 -9999 -9999 0.0
C0G660 2008070124 -9999 -9999 -9999 0.0
C0G660 2008070201 -9999 -9999 -9999 0.0
C0G660 2008070202 -9999 -9999 -9999 0.0
C0G660 2008070203 -9999 -9999 -9999 0.0
C0G660 2008070204 -9999 -9999 -9999 0.0
C0G660 2008070205 -9999 -9999 -9999 0.0
C0G660 2008070206 -9999 -9999 -9999 0.0
C0G660 2008070207 -9999 -9999 -9999 0.0
C0G660 2008070208 -9999 -9999 -9999 0.0
C0G660 2008070209 -9999 -9999 -9999 0.0
C0G660 2008070210 -9999 -9999 -9999 0.0
C0G660 2008070211 -9999 -9999 -9999 0.0
C0G660 2008070212 -9999 -9999 -9999 0.0
C0G660 2008070213 -9999 -9999 -9999 0.0
C0G660 2008070214 -9999 -9999 -9999 0.0
C0G660 2008070215 -9999 -9999 -9999 0.0
C0G660 2008070216 -9999 -9999 -9999 0.0
C0G660 2008070217 -9999 -9999 -9999 0.0
C0G660 2008070218 -9999 -9999 -9999 0.0
C0G660 2008070219 -9999 -9999 -9999 0.0
C0G660 2008070220 -9999 -9999 -9999 0.0
C0G660 2008070221 -9999 -9999 -9999 0.0
C0G660 2008070222 -9999 -9999 -9999 0.0
C0G660 2008070223 -9999 -9999 -9999 0.0
C0G660 2008070224 -9999 -9999 -9999 0.0
C0G660 2008070301 -9999 -9999 -9999 0.0
C0G660 2008070302 -9999 -9999 -9999 0.0
C0G660 2008070303 -9999 -9999 -9999 0.0
C0G660 2008070304 -9999 -9999 -9999 0.0
C0G660 2008070305 -9999 -9999 -9999 0.0
C0G660 2008070306 -9999 -9999 -9999 0.0
C0G660 2008070307 -9999 -9999 -9999 0.0
C0G660 2008070308 -9999 -9999 -9999 0.0
C0G660 2008070309 -9999 -9999 -9999 0.0
C0G660 2008070310 -9999 -9999 -9999 0.0
C0G660 2008070311 -9999 -9999 -9999 0.0
C0G660 2008070312 -9999 -9999 -9999 0.0
C0G660 2008070313 -9999 -9999 -9999 0.0
C0G660 2008070314 -9999 -9999 -9999 0.0
C0G660 2008070315 -9999 -9999 -9999 0.0
C0G660 2008070316 -9999 -9999 -9999 0.0
C0G660 2008070317 -9999 -9999 -9999 0.0
C0G660 2008070318 -9999 -9999 -9999 0.0
C0G660 2008070319 -9999 -9999 -9999 0.0
C0G660 2008070320 -9999 -9999 -9999 0.0
C0G660 2008070321 -9999 -9999 -9999 0.0
C0G660 2008070322 -9999 -9999 -9999 0.0
C0G660 2008070323 -9999 -9999 -9999 0.0
C0G660 2008070324 -9999 -9999 -9999 0.0
C0G660 2008070401 -9999 -9999 -9999 0.0
C0G660 2008070402 -9999 -9999 -9999 0.0
C0G660 2008070403 -9999 -9999 -9999 0.0
C0G660 2008070404 -9999 -9999 -9999 0.0
C0G660 2008070405 -9999 -9999 -9999 0.0
C0G660 2008070406 -9999 -9999 -9999 0.0
C0G660 2008070407 -9999 -9999 -9999 0.0
C0G660 2008070408 -9999 -9999 -9999 0.0
C0G660 2008070409 -9999 -9999 -9999 0.0
C0G660 2008070410 -9999 -9999 -9999 0.0
C0G660 2008070411 -9999 -9999 -9999 0.0
C0G660 2008070412 -9999 -9999 -9999 0.0
C0G660 2008070413 -9999 -9999 -9999 0.0
C0G660 2008070414 -9999 -9999 -9999 0.0
C0G660 2008070415 -9999 -9999 -9999 0.0
C0G660 2008070416 -9999 -9999 -9999 0.0
C0G660 2008070417 -9999 -9999 -9999 0.0
C0G660 2008070418 -9999 -9999 -9999 0.0
C0G660 2008070419 -9999 -9999 -9999 0.0
C0G660 2008070420 -9999 -9999 -9999 0.0
C0G660 2008070421 -9999 -9999 -9999 0.0
C0G660 2008070422 -9999 -9999 -9999 0.0
C0G660 2008070423 -9999 -9999 -9999 0.0
C0G660 2008070424 -9999 -9999 -9999 0.0
C0G660 2008070501 -9999 -9999 -9999 0.0
C0G660 2008070502 -9999 -9999 -9999 0.0
C0G660 2008070503 -9999 -9999 -9999 0.0
C0G660 2008070504 -9999 -9999 -9999 0.0
C0G660 2008070505 -9999 -9999 -9999 0.0
C0G660 2008070506 -9999 -9999 -9999 0.0
C0G660 2008070507 -9999 -9999 -9999 0.0
C0G660 2008070508 -9999 -9999 -9999 0.0
C0G660 2008070509 -9999 -9999 -9999 0.0
C0G660 2008070510 -9999 -9999 -9999 0.0
C0G660 2008070511 -9999 -9999 -9999 0.0
C0G660 2008070512 -9999 -9999 -9999 0.0
C0G660 2008070513 -9999 -9999 -9999 0.0
C0G660 2008070514 -9999 -9999 -9999 0.0
C0G660 2008070515 -9999 -9999 -9999 0.0
C0G660 2008070516 -9999 -9999 -9999 0.0
C0G660 2008070517 -9999 -9999 -9999 0.0
C0G660 2008070518 -9999 -9999 -9999 0.0
C0G660 2008070519 -9999 -9999 -9999 0.5
C0G660 2008070520 -9999 -9999 -9999 0.0
C0G660 2008070521 -9999 -9999 -9999 0.0
C0G660 2008070522 -9999 -9999 -9999 0.0
C0G660 2008070523 -9999 -9999 -9999 0.0
C0G660 2008070524 -9999 -9999 -9999 0.0
C0G660 2008070601 -9999 -9999 -9999 0.0
C0G660 2008070602 -9999 -9999 -9999 0.0
C0G660 2008070603 -9999 -9999 -9999 0.0
C0G660 2008070604 -9999 -9999 -9999 0.0
C0G660 2008070605 -9999 -9999 -9999 0.0
C0G660 2008070606 -9999 -9999 -9999 0.0
C0G660 2008070607 -9999 -9999 -9999 0.0
C0G660 2008070608 -9999 -9999 -9999 0.0
C0G660 2008070609 -9999 -9999 -9999 0.0
C0G660 2008070610 -9999 -9999 -9999 0.0
C0G660 2008070611 -9999 -9999 -9999 0.0
C0G660 2008070612 -9999 -9999 -9999 0.0
C0G660 2008070613 -9999 -9999 -9999 1.5
C0G660 2008070614 -9999 -9999 -9999 0.0
C0G660 2008070615 -9999 -9999 -9999 0.0
C0G660 2008070616 -9999 -9999 -9999 0.0
C0G660 2008070617 -9999 -9999 -9999 0.0
C0G660 2008070618 -9999 -9999 -9999 1.0
C0G660 2008070619 -9999 -9999 -9999 2.0
C0G660 2008070620 -9999 -9999 -9999 0.0
C0G660 2008070621 -9999 -9999 -9999 0.0
C0G660 2008070622 -9999 -9999 -9999 0.0
C0G660 2008070623 -9999 -9999 -9999 0.0
C0G660 2008070624 -9999 -9999 -9999 0.0
C0G660 2008070701 -9999 -9999 -9999 0.0
C0G660 2008070702 -9999 -9999 -9999 0.0
C0G660 2008070703 -9999 -9999 -9999 0.0
C0G660 2008070704 -9999 -9999 -9999 0.0
C0G660 2008070705 -9999 -9999 -9999 0.0
C0G660 2008070706 -9999 -9999 -9999 0.0
C0G660 2008070707 -9999 -9999 -9999 0.0
C0G660 2008070708 -9999 -9999 -9999 0.0
C0G660 2008070709 -9999 -9999 -9999 0.0
C0G660 2008070710 -9999 -9999 -9999 0.0
C0G660 2008070711 -9999 -9999 -9999 0.0
C0G660 2008070712 -9999 -9999 -9999 0.0
C0G660 2008070713 -9999 -9999 -9999 0.0
C0G660 2008070714 -9999 -9999 -9999 0.0
C0G660 2008070715 -9999 -9999 -9999 0.0
C0G660 2008070716 -9999 -9999 -9999 0.0
C0G660 2008070717 -9999 -9999 -9999 2.5
C0G660 2008070718 -9999 -9999 -9999 4.0
C0G660 2008070719 -9999 -9999 -9999 0.5
C0G660 2008070720 -9999 -9999 -9999 0.0
C0G660 2008070721 -9999 -9999 -9999 0.0
C0G660 2008070722 -9999 -9999 -9999 0.0
C0G660 2008070723 -9999 -9999 -9999 0.0
C0G660 2008070724 -9999 -9999 -9999 0.0
C0G660 2008070801 -9999 -9999 -9999 0.0
C0G660 2008070802 -9999 -9999 -9999 0.0
C0G660 2008070803 -9999 -9999 -9999 0.0
C0G660 2008070804 -9999 -9999 -9999 0.0
C0G660 2008070805 -9999 -9999 -9999 0.0
C0G660 2008070806 -9999 -9999 -9999 0.0
C0G660 2008070807 -9999 -9999 -9999 0.0
C0G660 2008070808 -9999 -9999 -9999 0.0
C0G660 2008070809 -9999 -9999 -9999 0.0
C0G660 2008070810 -9999 -9999 -9999 0.0
C0G660 2008070811 -9999 -9999 -9999 0.0
C0G660 2008070812 -9999 -9999 -9999 0.0
C0G660 2008070813 -9999 -9999 -9999 0.0
C0G660 2008070814 -9999 -9999 -9999 0.0
C0G660 2008070815 -9999 -9999 -9999 0.0
C0G660 2008070816 -9999 -9999 -9999 13.0
C0G660 2008070817 -9999 -9999 -9999 6.0
C0G660 2008070818 -9999 -9999 -9999 2.0
C0G660 2008070819 -9999 -9999 -9999 0.0
C0G660 2008070820 -9999 -9999 -9999 0.5
C0G660 2008070821 -9999 -9999 -9999 0.0
C0G660 2008070822 -9999 -9999 -9999 0.0
C0G660 2008070823 -9999 -9999 -9999 0.0
C0G660 2008070824 -9999 -9999 -9999 0.0
C0G660 2008070901 -9999 -9999 -9999 0.0
C0G660 2008070902 -9999 -9999 -9999 0.0
C0G660 2008070903 -9999 -9999 -9999 0.0
C0G660 2008070904 -9999 -9999 -9999 0.0
C0G660 2008070905 -9999 -9999 -9999 0.0
C0G660 2008070906 -9999 -9999 -9999 0.0
C0G660 2008070907 -9999 -9999 -9999 0.0
C0G660 2008070908 -9999 -9999 -9999 0.0
C0G660 2008070909 -9999 -9999 -9999 0.0
C0G660 2008070910 -9999 -9999 -9999 0.0
C0G660 2008070911 -9999 -9999 -9999 0.0
C0G660 2008070912 -9999 -9999 -9999 0.0
C0G660 2008070913 -9999 -9999 -9999 0.0
C0G660 2008070914 -9999 -9999 -9999 0.0
C0G660 2008070915 -9999 -9999 -9999 0.0
C0G660 2008070916 -9999 -9999 -9999 0.0
C0G660 2008070917 -9999 -9999 -9999 0.0
C0G660 2008070918 -9999 -9999 -9999 0.0
C0G660 2008070919 -9999 -9999 -9999 0.0
C0G660 2008070920 -9999 -9999 -9999 0.0
C0G660 2008070921 -9999 -9999 -9999 0.0
C0G660 2008070922 -9999 -9999 -9999 0.0
C0G660 2008070923 -9999 -9999 -9999 0.0
C0G660 2008070924 -9999 -9999 -9999 0.0
C0G660 2008071001 -9999 -9999 -9999 0.0
C0G660 2008071002 -9999 -9999 -9999 0.0
C0G660 2008071003 -9999 -9999 -9999 0.0
C0G660 2008071004 -9999 -9999 -9999 0.0
C0G660 2008071005 -9999 -9999 -9999 0.0
C0G660 2008071006 -9999 -9999 -9999 0.0
C0G660 2008071007 -9999 -9999 -9999 0.0
C0G660 2008071008 -9999 -9999 -9999 0.0
C0G660 2008071009 -9999 -9999 -9999 0.0
C0G660 2008071010 -9999 -9999 -9999 0.0
C0G660 2008071011 -9999 -9999 -9999 0.0
C0G660 2008071012 -9999 -9999 -9999 0.0
C0G660 2008071013 -9999 -9999 -9999 0.0
C0G660 2008071014 -9999 -9999 -9999 0.5
C0G660 2008071015 -9999 -9999 -9999 0.0
C0G660 2008071016 -9999 -9999 -9999 0.0
C0G660 2008071017 -9999 -9999 -9999 0.0
C0G660 2008071018 -9999 -9999 -9999 0.5
C0G660 2008071019 -9999 -9999 -9999 3.5
C0G660 2008071020 -9999 -9999 -9999 2.5
C0G660 2008071021 -9999 -9999 -9999 1.5
C0G660 2008071022 -9999 -9999 -9999 0.0
C0G660 2008071023 -9999 -9999 -9999 0.0
C0G660 2008071024 -9999 -9999 -9999 0.0
C0G660 2008071101 -9999 -9999 -9999 0.0
C0G660 2008071102 -9999 -9999 -9999 0.0
C0G660 2008071103 -9999 -9999 -9999 0.0
C0G660 2008071104 -9999 -9999 -9999 0.0
C0G660 2008071105 -9999 -9999 -9999 0.0
C0G660 2008071106 -9999 -9999 -9999 0.0
C0G660 2008071107 -9999 -9999 -9999 0.0
C0G660 2008071108 -9999 -9999 -9999 0.0
C0G660 2008071109 -9999 -9999 -9999 0.0
C0G660 2008071110 -9999 -9999 -9999 0.0
C0G660 2008071111 -9999 -9999 -9999 0.0
C0G660 2008071112 -9999 -9999 -9999 3.0
C0G660 2008071113 -9999 -9999 -9999 0.0
C0G660 2008071114 -9999 -9999 -9999 0.0
C0G660 2008071115 -9999 -9999 -9999 0.0
C0G660 2008071116 -9999 -9999 -9999 0.0
C0G660 2008071117 -9999 -9999 -9999 0.0
C0G660 2008071118 -9999 -9999 -9999 0.0
C0G660 2008071119 -9999 -9999 -9999 0.0
C0G660 2008071120 -9999 -9999 -9999 0.0
C0G660 2008071121 -9999 -9999 -9999 0.0
C0G660 2008071122 -9999 -9999 -9999 0.0
C0G660 2008071123 -9999 -9999 -9999 0.0
C0G660 2008071124 -9999 -9999 -9999 0.0
C0G660 2008071201 -9999 -9999 -9999 0.0
C0G660 2008071202 -9999 -9999 -9999 0.0
C0G660 2008071203 -9999 -9999 -9999 0.0
C0G660 2008071204 -9999 -9999 -9999 0.0
C0G660 2008071205 -9999 -9999 -9999 0.0
C0G660 2008071206 -9999 -9999 -9999 0.0
C0G660 2008071207 -9999 -9999 -9999 0.0
C0G660 2008071208 -9999 -9999 -9999 0.0
C0G660 2008071209 -9999 -9999 -9999 0.0
C0G660 2008071210 -9999 -9999 -9999 0.0
C0G660 2008071211 -9999 -9999 -9999 0.0
C0G660 2008071212 -9999 -9999 -9999 0.0
C0G660 2008071213 -9999 -9999 -9999 0.0
C0G660 2008071214 -9999 -9999 -9999 0.0
C0G660 2008071215 -9999 -9999 -9999 0.0
C0G660 2008071216 -9999 -9999 -9999 0.0
C0G660 2008071217 -9999 -9999 -9999 0.0
C0G660 2008071218 -9999 -9999 -9999 0.0
C0G660 2008071219 -9999 -9999 -9999 0.0
C0G660 2008071220 -9999 -9999 -9999 0.0
C0G660 2008071221 -9999 -9999 -9999 0.0
C0G660 2008071222 -9999 -9999 -9999 0.0
C0G660 2008071223 -9999 -9999 -9999 0.0
C0G660 2008071224 -9999 -9999 -9999 0.0
C0G660 2008071301 -9999 -9999 -9999 0.0
C0G660 2008071302 -9999 -9999 -9999 0.0
C0G660 2008071303 -9999 -9999 -9999 0.0
C0G660 2008071304 -9999 -9999 -9999 0.0
C0G660 2008071305 -9999 -9999 -9999 0.0
C0G660 2008071306 -9999 -9999 -9999 0.0
C0G660 2008071307 -9999 -9999 -9999 0.0
C0G660 2008071308 -9999 -9999 -9999 0.0
C0G660 2008071309 -9999 -9999 -9999 0.0
C0G660 2008071310 -9999 -9999 -9999 0.0
C0G660 2008071311 -9999 -9999 -9999 0.0
C0G660 2008071312 -9999 -9999 -9999 0.0
C0G660 2008071313 -9999 -9999 -9999 0.0
C0G660 2008071314 -9999 -9999 -9999 0.0
C0G660 2008071315 -9999 -9999 -9999 0.0
C0G660 2008071316 -9999 -9999 -9999 0.0
C0G660 2008071317 -9999 -9999 -9999 0.0
C0G660 2008071318 -9999 -9999 -9999 0.0
C0G660 2008071319 -9999 -9999 -9999 0.0
C0G660 2008071320 -9999 -9999 -9999 0.0
C0G660 2008071321 -9999 -9999 -9999 0.0
C0G660 2008071322 -9999 -9999 -9999 0.0
C0G660 2008071323 -9999 -9999 -9999 0.0
C0G660 2008071324 -9999 -9999 -9999 0.0
C0G660 2008071401 -9999 -9999 -9999 0.0
C0G660 2008071402 -9999 -9999 -9999 0.0
C0G660 2008071403 -9999 -9999 -9999 0.0
C0G660 2008071404 -9999 -9999 -9999 0.0
C0G660 2008071405 -9999 -9999 -9999 0.0
C0G660 2008071406 -9999 -9999 -9999 0.0
C0G660 2008071407 -9999 -9999 -9999 0.0
C0G660 2008071408 -9999 -9999 -9999 0.0
C0G660 2008071409 -9999 -9999 -9999 0.0
C0G660 2008071410 -9999 -9999 -9999 0.0
C0G660 2008071411 -9999 -9999 -9999 0.0
C0G660 2008071412 -9999 -9999 -9999 0.0
C0G660 2008071413 -9999 -9999 -9999 0.0
C0G660 2008071414 -9999 -9999 -9999 0.0
C0G660 2008071415 -9999 -9999 -9999 0.0
C0G660 2008071416 -9999 -9999 -9999 0.0
C0G660 2008071417 -9999 -9999 -9999 0.0
C0G660 2008071418 -9999 -9999 -9999 0.0
C0G660 2008071419 -9999 -9999 -9999 0.0
C0G660 2008071420 -9999 -9999 -9999 0.0
C0G660 2008071421 -9999 -9999 -9999 0.0
C0G660 2008071422 -9999 -9999 -9999 0.0
C0G660 2008071423 -9999 -9999 -9999 0.0
C0G660 2008071424 -9999 -9999 -9999 0.0
C0G660 2008071501 -9999 -9999 -9999 0.0
C0G660 2008071502 -9999 -9999 -9999 0.0
C0G660 2008071503 -9999 -9999 -9999 0.0
C0G660 2008071504 -9999 -9999 -9999 0.0
C0G660 2008071505 -9999 -9999 -9999 0.0
C0G660 2008071506 -9999 -9999 -9999 0.0
C0G660 2008071507 -9999 -9999 -9999 0.0
C0G660 2008071508 -9999 -9999 -9999 0.0
C0G660 2008071509 -9999 -9999 -9999 0.0
C0G660 2008071510 -9999 -9999 -9999 0.0
C0G660 2008071511 -9999 -9999 -9999 0.0
C0G660 2008071512 -9999 -9999 -9999 0.0
C0G660 2008071513 -9999 -9999 -9999 0.0
C0G660 2008071514 -9999 -9999 -9999 0.0
C0G660 2008071515 -9999 -9999 -9999 0.0
C0G660 2008071516 -9999 -9999 -9999 0.0
C0G660 2008071517 -9999 -9999 -9999 0.0
C0G660 2008071518 -9999 -9999 -9999 0.0
C0G660 2008071519 -9999 -9999 -9999 0.0
C0G660 2008071520 -9999 -9999 -9999 0.0
C0G660 2008071521 -9999 -9999 -9999 0.0
C0G660 2008071522 -9999 -9999 -9999 0.0
C0G660 2008071523 -9999 -9999 -9999 0.0
C0G660 2008071524 -9999 -9999 -9999 0.0
C0G660 2008071601 -9999 -9999 -9999 0.0
C0G660 2008071602 -9999 -9999 -9999 0.0
C0G660 2008071603 -9999 -9999 -9999 0.0
C0G660 2008071604 -9999 -9999 -9999 0.0
C0G660 2008071605 -9999 -9999 -9999 0.0
C0G660 2008071606 -9999 -9999 -9999 0.0
C0G660 2008071607 -9999 -9999 -9999 0.0
C0G660 2008071608 -9999 -9999 -9999 0.0
C0G660 2008071609 -9999 -9999 -9999 0.0
C0G660 2008071610 -9999 -9999 -9999 0.0
C0G660 2008071611 -9999 -9999 -9999 0.0
C0G660 2008071612 -9999 -9999 -9999 0.0
C0G660 2008071613 -9999 -9999 -9999 0.0
C0G660 2008071614 -9999 -9999 -9999 0.0
C0G660 2008071615 -9999 -9999 -9999 0.0
C0G660 2008071616 -9999 -9999 -9999 0.0
C0G660 2008071617 -9999 -9999 -9999 0.0
C0G660 2008071618 -9999 -9999 -9999 0.0
C0G660 2008071619 -9999 -9999 -9999 0.0
C0G660 2008071620 -9999 -9999 -9999 0.0
C0G660 2008071621 -9999 -9999 -9999 0.0
C0G660 2008071622 -9999 -9999 -9999 0.0
C0G660 2008071623 -9999 -9999 -9999 0.0
C0G660 2008071624 -9999 -9999 -9999 0.0
C0G660 2008071701 -9999 -9999 -9999 0.0
C0G660 2008071702 -9999 -9999 -9999 0.0
C0G660 2008071703 -9999 -9999 -9999 0.0
C0G660 2008071704 -9999 -9999 -9999 0.0
C0G660 2008071705 -9999 -9999 -9999 0.0
C0G660 2008071706 -9999 -9999 -9999 0.0
C0G660 2008071707 -9999 -9999 -9999 0.0
C0G660 2008071708 -9999 -9999 -9999 0.0
C0G660 2008071709 -9999 -9999 -9999 0.0
C0G660 2008071710 -9999 -9999 -9999 0.0
C0G660 2008071711 -9999 -9999 -9999 0.0
C0G660 2008071712 -9999 -9999 -9999 0.0
C0G660 2008071713 -9999 -9999 -9999 0.0
C0G660 2008071714 -9999 -9999 -9999 0.5
C0G660 2008071715 -9999 -9999 -9999 1.5
C0G660 2008071716 -9999 -9999 -9999 0.5
C0G660 2008071717 -9999 -9999 -9999 1.5
C0G660 2008071718 -9999 -9999 -9999 3.5
C0G660 2008071719 -9999 -9999 -9999 0.0
C0G660 2008071720 -9999 -9999 -9999 0.0
C0G660 2008071721 -9999 -9999 -9999 0.0
C0G660 2008071722 -9999 -9999 -9999 1.5
C0G660 2008071723 -9999 -9999 -9999 8.5
C0G660 2008071724 -9999 -9999 -9999 2.5
C0G660 2008071801 -9999 -9999 -9999 1.5
C0G660 2008071802 -9999 -9999 -9999 15.5
C0G660 2008071803 -9999 -9999 -9999 26.5
C0G660 2008071804 -9999 -9999 -9999 0.5
C0G660 2008071805 -9999 -9999 -9999 27.0
C0G660 2008071806 -9999 -9999 -9999 39.0
C0G660 2008071807 -9999 -9999 -9999 66.5
C0G660 2008071808 -9999 -9999 -9999 38.5
C0G660 2008071809 -9999 -9999 -9999 41.0
C0G660 2008071810 -9999 -9999 -9999 7.5
C0G660 2008071811 -9999 -9999 -9999 5.5
C0G660 2008071812 -9999 -9999 -9999 7.0
C0G660 2008071813 -9999 -9999 -9999 7.5
C0G660 2008071814 -9999 -9999 -9999 12.5
C0G660 2008071815 -9999 -9999 -9999 3.5
C0G660 2008071816 -9999 -9999 -9999 1.5
C0G660 2008071817 -9999 -9999 -9999 0.0
C0G660 2008071818 -9999 -9999 -9999 0.0
C0G660 2008071819 -9999 -9999 -9999 0.0
C0G660 2008071820 -9999 -9999 -9999 0.0
C0G660 2008071821 -9999 -9999 -9999 2.5
C0G660 2008071822 -9999 -9999 -9999 1.0
C0G660 2008071823 -9999 -9999 -9999 0.0
C0G660 2008071824 -9999 -9999 -9999 0.0
C0G660 2008071901 -9999 -9999 -9999 1.0
C0G660 2008071902 -9999 -9999 -9999 0.5
C0G660 2008071903 -9999 -9999 -9999 2.0
C0G660 2008071904 -9999 -9999 -9999 13.0
C0G660 2008071905 -9999 -9999 -9999 7.0
C0G660 2008071906 -9999 -9999 -9999 19.0
C0G660 2008071907 -9999 -9999 -9999 0.0
C0G660 2008071908 -9999 -9999 -9999 0.0
C0G660 2008071909 -9999 -9999 -9999 1.0
C0G660 2008071910 -9999 -9999 -9999 0.0
C0G660 2008071911 -9999 -9999 -9999 0.0
C0G660 2008071912 -9999 -9999 -9999 2.5
C0G660 2008071913 -9999 -9999 -9999 0.0
C0G660 2008071914 -9999 -9999 -9999 3.0
C0G660 2008071915 -9999 -9999 -9999 1.0
C0G660 2008071916 -9999 -9999 -9999 1.0
C0G660 2008071917 -9999 -9999 -9999 0.0
C0G660 2008071918 -9999 -9999 -9999 0.5
C0G660 2008071919 -9999 -9999 -9999 0.0
C0G660 2008071920 -9999 -9999 -9999 0.0
C0G660 2008071921 -9999 -9999 -9999 0.0
C0G660 2008071922 -9999 -9999 -9999 0.0
C0G660 2008071923 -9999 -9999 -9999 0.0
C0G660 2008071924 -9999 -9999 -9999 0.0
C0G660 2008072001 -9999 -9999 -9999 0.0
C0G660 2008072002 -9999 -9999 -9999 0.0
C0G660 2008072003 -9999 -9999 -9999 0.0
C0G660 2008072004 -9999 -9999 -9999 0.0
C0G660 2008072005 -9999 -9999 -9999 0.0
C0G660 2008072006 -9999 -9999 -9999 0.0
C0G660 2008072007 -9999 -9999 -9999 0.0
C0G660 2008072008 -9999 -9999 -9999 0.0
C0G660 2008072009 -9999 -9999 -9999 0.0
C0G660 2008072010 -9999 -9999 -9999 0.0
C0G660 2008072011 -9999 -9999 -9999 0.0
C0G660 2008072012 -9999 -9999 -9999 0.0
C0G660 2008072013 -9999 -9999 -9999 0.0
C0G660 2008072014 -9999 -9999 -9999 0.0
C0G660 2008072015 -9999 -9999 -9999 0.0
C0G660 2008072016 -9999 -9999 -9999 0.0
C0G660 2008072017 -9999 -9999 -9999 0.0
C0G660 2008072018 -9999 -9999 -9999 0.0
C0G660 2008072019 -9999 -9999 -9999 0.0
C0G660 2008072020 -9999 -9999 -9999 0.0
C0G660 2008072021 -9999 -9999 -9999 0.0
C0G660 2008072022 -9999 -9999 -9999 0.0
C0G660 2008072023 -9999 -9999 -9999 0.0
C0G660 2008072024 -9999 -9999 -9999 0.0
C0G660 2008072101 -9999 -9999 -9999 0.0
C0G660 2008072102 -9999 -9999 -9999 0.0
C0G660 2008072103 -9999 -9999 -9999 0.0
C0G660 2008072104 -9999 -9999 -9999 0.0
C0G660 2008072105 -9999 -9999 -9999 0.0
C0G660 2008072106 -9999 -9999 -9999 0.0
C0G660 2008072107 -9999 -9999 -9999 0.0
C0G660 2008072108 -9999 -9999 -9999 0.0
C0G660 2008072109 -9999 -9999 -9999 0.0
C0G660 2008072110 -9999 -9999 -9999 0.0
C0G660 2008072111 -9999 -9999 -9999 0.0
C0G660 2008072112 -9999 -9999 -9999 0.0
C0G660 2008072113 -9999 -9999 -9999 0.0
C0G660 2008072114 -9999 -9999 -9999 0.0
C0G660 2008072115 -9999 -9999 -9999 0.0
C0G660 2008072116 -9999 -9999 -9999 0.0
C0G660 2008072117 -9999 -9999 -9999 0.0
C0G660 2008072118 -9999 -9999 -9999 0.0
C0G660 2008072119 -9999 -9999 -9999 0.0
C0G660 2008072120 -9999 -9999 -9999 0.0
C0G660 2008072121 -9999 -9999 -9999 0.0
C0G660 2008072122 -9999 -9999 -9999 0.0
C0G660 2008072123 -9999 -9999 -9999 0.0
C0G660 2008072124 -9999 -9999 -9999 0.0
C0G660 2008072201 -9999 -9999 -9999 0.0
C0G660 2008072202 -9999 -9999 -9999 0.0
C0G660 2008072203 -9999 -9999 -9999 0.0
C0G660 2008072204 -9999 -9999 -9999 0.0
C0G660 2008072205 -9999 -9999 -9999 0.0
C0G660 2008072206 -9999 -9999 -9999 0.0
C0G660 2008072207 -9999 -9999 -9999 0.0
C0G660 2008072208 -9999 -9999 -9999 0.0
C0G660 2008072209 -9999 -9999 -9999 0.0
C0G660 2008072210 -9999 -9999 -9999 0.0
C0G660 2008072211 -9999 -9999 -9999 0.0
C0G660 2008072212 -9999 -9999 -9999 0.0
C0G660 2008072213 -9999 -9999 -9999 0.0
C0G660 2008072214 -9999 -9999 -9999 0.0
C0G660 2008072215 -9999 -9999 -9999 0.0
C0G660 2008072216 -9999 -9999 -9999 0.0
C0G660 2008072217 -9999 -9999 -9999 0.0
C0G660 2008072218 -9999 -9999 -9999 0.0
C0G660 2008072219 -9999 -9999 -9999 0.0
C0G660 2008072220 -9999 -9999 -9999 0.0
C0G660 2008072221 -9999 -9999 -9999 0.0
C0G660 2008072222 -9999 -9999 -9999 0.0
C0G660 2008072223 -9999 -9999 -9999 0.0
C0G660 2008072224 -9999 -9999 -9999 0.0
C0G660 2008072301 -9999 -9999 -9999 0.0
C0G660 2008072302 -9999 -9999 -9999 0.0
C0G660 2008072303 -9999 -9999 -9999 0.0
C0G660 2008072304 -9999 -9999 -9999 0.0
C0G660 2008072305 -9999 -9999 -9999 0.0
C0G660 2008072306 -9999 -9999 -9999 0.5
C0G660 2008072307 -9999 -9999 -9999 0.0
C0G660 2008072308 -9999 -9999 -9999 0.0
C0G660 2008072309 -9999 -9999 -9999 0.0
C0G660 2008072310 -9999 -9999 -9999 0.0
C0G660 2008072311 -9999 -9999 -9999 0.0
C0G660 2008072312 -9999 -9999 -9999 0.0
C0G660 2008072313 -9999 -9999 -9999 0.0
C0G660 2008072314 -9999 -9999 -9999 0.0
C0G660 2008072315 -9999 -9999 -9999 0.0
C0G660 2008072316 -9999 -9999 -9999 0.0
C0G660 2008072317 -9999 -9999 -9999 0.0
C0G660 2008072318 -9999 -9999 -9999 0.0
C0G660 2008072319 -9999 -9999 -9999 0.0
C0G660 2008072320 -9999 -9999 -9999 0.0
C0G660 2008072321 -9999 -9999 -9999 0.0
C0G660 2008072322 -9999 -9999 -9999 0.0
C0G660 2008072323 -9999 -9999 -9999 0.0
C0G660 2008072324 -9999 -9999 -9999 0.0
C0G660 2008072401 -9999 -9999 -9999 0.0
C0G660 2008072402 -9999 -9999 -9999 0.0
C0G660 2008072403 -9999 -9999 -9999 0.0
C0G660 2008072404 -9999 -9999 -9999 0.0
C0G660 2008072405 -9999 -9999 -9999 0.0
C0G660 2008072406 -9999 -9999 -9999 0.0
C0G660 2008072407 -9999 -9999 -9999 0.0
C0G660 2008072408 -9999 -9999 -9999 0.0
C0G660 2008072409 -9999 -9999 -9999 0.0
C0G660 2008072410 -9999 -9999 -9999 0.0
C0G660 2008072411 -9999 -9999 -9999 0.0
C0G660 2008072412 -9999 -9999 -9999 0.0
C0G660 2008072413 -9999 -9999 -9999 0.0
C0G660 2008072414 -9999 -9999 -9999 0.0
C0G660 2008072415 -9999 -9999 -9999 0.0
C0G660 2008072416 -9999 -9999 -9999 0.0
C0G660 2008072417 -9999 -9999 -9999 0.0
C0G660 2008072418 -9999 -9999 -9999 0.0
C0G660 2008072419 -9999 -9999 -9999 0.0
C0G660 2008072420 -9999 -9999 -9999 0.0
C0G660 2008072421 -9999 -9999 -9999 0.0
C0G660 2008072422 -9999 -9999 -9999 0.0
C0G660 2008072423 -9999 -9999 -9999 0.0
C0G660 2008072424 -9999 -9999 -9999 0.0
C0G660 2008072501 -9999 -9999 -9999 0.0
C0G660 2008072502 -9999 -9999 -9999 0.0
C0G660 2008072503 -9999 -9999 -9999 0.0
C0G660 2008072504 -9999 -9999 -9999 0.0
C0G660 2008072505 -9999 -9999 -9999 0.0
C0G660 2008072506 -9999 -9999 -9999 0.0
C0G660 2008072507 -9999 -9999 -9999 0.0
C0G660 2008072508 -9999 -9999 -9999 0.0
C0G660 2008072509 -9999 -9999 -9999 0.0
C0G660 2008072510 -9999 -9999 -9999 0.0
C0G660 2008072511 -9999 -9999 -9999 0.0
C0G660 2008072512 -9999 -9999 -9999 0.0
C0G660 2008072513 -9999 -9999 -9999 0.0
C0G660 2008072514 -9999 -9999 -9999 0.0
C0G660 2008072515 -9999 -9999 -9999 0.0
C0G660 2008072516 -9999 -9999 -9999 0.0
C0G660 2008072517 -9999 -9999 -9999 0.0
C0G660 2008072518 -9999 -9999 -9999 0.0
C0G660 2008072519 -9999 -9999 -9999 0.0
C0G660 2008072520 -9999 -9999 -9999 0.0
C0G660 2008072521 -9999 -9999 -9999 0.0
C0G660 2008072522 -9999 -9999 -9999 0.0
C0G660 2008072523 -9999 -9999 -9999 0.0
C0G660 2008072524 -9999 -9999 -9999 0.0
C0G660 2008072601 -9999 -9999 -9999 0.0
C0G660 2008072602 -9999 -9999 -9999 0.0
C0G660 2008072603 -9999 -9999 -9999 0.0
C0G660 2008072604 -9999 -9999 -9999 0.0
C0G660 2008072605 -9999 -9999 -9999 0.0
C0G660 2008072606 -9999 -9999 -9999 0.0
C0G660 2008072607 -9999 -9999 -9999 0.0
C0G660 2008072608 -9999 -9999 -9999 0.0
C0G660 2008072609 -9999 -9999 -9999 0.0
C0G660 2008072610 -9999 -9999 -9999 0.0
C0G660 2008072611 -9999 -9999 -9999 0.0
C0G660 2008072612 -9999 -9999 -9999 0.0
C0G660 2008072613 -9999 -9999 -9999 0.0
C0G660 2008072614 -9999 -9999 -9999 0.0
C0G660 2008072615 -9999 -9999 -9999 0.0
C0G660 2008072616 -9999 -9999 -9999 0.0
C0G660 2008072617 -9999 -9999 -9999 0.0
C0G660 2008072618 -9999 -9999 -9999 0.0
C0G660 2008072619 -9999 -9999 -9999 0.0
C0G660 2008072620 -9999 -9999 -9999 0.0
C0G660 2008072621 -9999 -9999 -9999 0.0
C0G660 2008072622 -9999 -9999 -9999 0.0
C0G660 2008072623 -9999 -9999 -9999 0.0
C0G660 2008072624 -9999 -9999 -9999 0.0
C0G660 2008072701 -9999 -9999 -9999 0.0
C0G660 2008072702 -9999 -9999 -9999 0.0
C0G660 2008072703 -9999 -9999 -9999 0.0
C0G660 2008072704 -9999 -9999 -9999 0.0
C0G660 2008072705 -9999 -9999 -9999 0.0
C0G660 2008072706 -9999 -9999 -9999 0.0
C0G660 2008072707 -9999 -9999 -9999 0.0
C0G660 2008072708 -9999 -9999 -9999 0.0
C0G660 2008072709 -9999 -9999 -9999 0.0
C0G660 2008072710 -9999 -9999 -9999 0.0
C0G660 2008072711 -9999 -9999 -9999 0.0
C0G660 2008072712 -9999 -9999 -9999 0.0
C0G660 2008072713 -9999 -9999 -9999 0.0
C0G660 2008072714 -9999 -9999 -9999 0.0
C0G660 2008072715 -9999 -9999 -9999 0.0
C0G660 2008072716 -9999 -9999 -9999 0.0
C0G660 2008072717 -9999 -9999 -9999 0.0
C0G660 2008072718 -9999 -9999 -9999 0.0
C0G660 2008072719 -9999 -9999 -9999 0.0
C0G660 2008072720 -9999 -9999 -9999 0.0
C0G660 2008072721 -9999 -9999 -9999 0.0
C0G660 2008072722 -9999 -9999 -9999 0.0
C0G660 2008072723 -9999 -9999 -9999 0.0
C0G660 2008072724 -9999 -9999 -9999 0.0
C0G660 2008072801 -9999 -9999 -9999 0.0
C0G660 2008072802 -9999 -9999 -9999 0.0
C0G660 2008072803 -9999 -9999 -9999 0.0
C0G660 2008072804 -9999 -9999 -9999 0.0
C0G660 2008072805 -9999 -9999 -9999 0.0
C0G660 2008072806 -9999 -9999 -9999 0.0
C0G660 2008072807 -9999 -9999 -9999 0.0
C0G660 2008072808 -9999 -9999 -9999 2.0
C0G660 2008072809 -9999 -9999 -9999 2.5
C0G660 2008072810 -9999 -9999 -9999 1.0
C0G660 2008072811 -9999 -9999 -9999 2.0
C0G660 2008072812 -9999 -9999 -9999 2.0
C0G660 2008072813 -9999 -9999 -9999 0.5
C0G660 2008072814 -9999 -9999 -9999 0.0
C0G660 2008072815 -9999 -9999 -9999 1.0
C0G660 2008072816 -9999 -9999 -9999 3.5
C0G660 2008072817 -9999 -9999 -9999 16.0
C0G660 2008072818 -9999 -9999 -9999 23.5
C0G660 2008072819 -9999 -9999 -9999 20.5
C0G660 2008072820 -9999 -9999 -9999 20.0
C0G660 2008072821 -9999 -9999 -9999 1.0
C0G660 2008072822 -9999 -9999 -9999 0.0
C0G660 2008072823 -9999 -9999 -9999 0.0
C0G660 2008072824 -9999 -9999 -9999 0.0
C0G660 2008072901 -9999 -9999 -9999 0.0
C0G660 2008072902 -9999 -9999 -9999 2.0
C0G660 2008072903 -9999 -9999 -9999 9.0
C0G660 2008072904 -9999 -9999 -9999 1.5
C0G660 2008072905 -9999 -9999 -9999 7.5
C0G660 2008072906 -9999 -9999 -9999 5.0
C0G660 2008072907 -9999 -9999 -9999 1.5
C0G660 2008072908 -9999 -9999 -9999 0.0
C0G660 2008072909 -9999 -9999 -9999 2.0
C0G660 2008072910 -9999 -9999 -9999 0.5
C0G660 2008072911 -9999 -9999 -9999 0.0
C0G660 2008072912 -9999 -9999 -9999 0.0
C0G660 2008072913 -9999 -9999 -9999 0.0
C0G660 2008072914 -9999 -9999 -9999 0.0
C0G660 2008072915 -9999 -9999 -9999 0.0
C0G660 2008072916 -9999 -9999 -9999 0.0
C0G660 2008072917 -9999 -9999 -9999 0.0
C0G660 2008072918 -9999 -9999 -9999 0.0
C0G660 2008072919 -9999 -9999 -9999 0.0
C0G660 2008072920 -9999 -9999 -9999 0.0
C0G660 2008072921 -9999 -9999 -9999 0.0
C0G660 2008072922 -9999 -9999 -9999 0.0
C0G660 2008072923 -9999 -9999 -9999 0.0
C0G660 2008072924 -9999 -9999 -9999 0.0
C0G660 2008073001 -9999 -9999 -9999 0.0
C0G660 2008073002 -9999 -9999 -9999 0.0
C0G660 2008073003 -9999 -9999 -9999 0.0
C0G660 2008073004 -9999 -9999 -9999 0.0
C0G660 2008073005 -9999 -9999 -9999 0.0
C0G660 2008073006 -9999 -9999 -9999 0.0
C0G660 2008073007 -9999 -9999 -9999 0.0
C0G660 2008073008 -9999 -9999 -9999 0.0
C0G660 2008073009 -9999 -9999 -9999 0.0
C0G660 2008073010 -9999 -9999 -9999 0.0
C0G660 2008073011 -9999 -9999 -9999 0.0
C0G660 2008073012 -9999 -9999 -9999 0.0
C0G660 2008073013 -9999 -9999 -9999 0.0
C0G660 2008073014 -9999 -9999 -9999 0.0
C0G660 2008073015 -9999 -9999 -9999 0.0
C0G660 2008073016 -9999 -9999 -9999 0.0
C0G660 2008073017 -9999 -9999 -9999 0.0
C0G660 2008073018 -9999 -9999 -9999 0.0
C0G660 2008073019 -9999 -9999 -9999 0.0
C0G660 2008073020 -9999 -9999 -9999 0.0
C0G660 2008073021 -9999 -9999 -9999 0.0
C0G660 2008073022 -9999 -9999 -9999 0.0
C0G660 2008073023 -9999 -9999 -9999 0.0
C0G660 2008073024 -9999 -9999 -9999 0.0
C0G660 2008073101 -9999 -9999 -9999 0.0
C0G660 2008073102 -9999 -9999 -9999 0.0
C0G660 2008073103 -9999 -9999 -9999 0.0
C0G660 2008073104 -9999 -9999 -9999 0.0
C0G660 2008073105 -9999 -9999 -9999 0.0
C0G660 2008073106 -9999 -9999 -9999 0.0
C0G660 2008073107 -9999 -9999 -9999 0.0
C0G660 2008073108 -9999 -9999 -9999 0.0
C0G660 2008073109 -9999 -9999 -9999 0.0
C0G660 2008073110 -9999 -9999 -9999 0.0
C0G660 2008073111 -9999 -9999 -9999 0.0
C0G660 2008073112 -9999 -9999 -9999 0.0
C0G660 2008073113 -9999 -9999 -9999 0.0
C0G660 2008073114 -9999 -9999 -9999 0.0
C0G660 2008073115 -9999 -9999 -9999 0.0
C0G660 2008073116 -9999 -9999 -9999 0.0
C0G660 2008073117 -9999 -9999 -9999 0.0
C0G660 2008073118 -9999 -9999 -9999 0.0
C0G660 2008073119 -9999 -9999 -9999 0.0
C0G660 2008073120 -9999 -9999 -9999 0.0
C0G660 2008073121 -9999 -9999 -9999 0.0
C0G660 2008073122 -9999 -9999 -9999 0.0
C0G660 2008073123 -9999 -9999 -9999 0.0
C0G660 2008073124 -9999 -9999 -9999 0.0
