C0G650 2008120101 12.5 -9997 0.0 0.0
C0G650 2008120102 -9997 -9997 -9997 0.0
C0G650 2008120103 11.8 -9997 0.0 0.0
C0G650 2008120104 11.5 -9997 0.0 0.0
C0G650 2008120105 10.9 -9997 0.0 0.0
C0G650 2008120106 11.0 -9997 0.0 0.0
C0G650 2008120107 12.1 -9997 0.0 0.0
C0G650 2008120108 16.9 -9997 0.0 0.0
C0G650 2008120109 20.5 -9997 0.0 0.0
C0G650 2008120110 20.9 -9997 1.3 0.0
C0G650 2008120111 22.6 -9997 0.6 0.0
C0G650 2008120112 24.3 -9997 0.5 0.0
C0G650 2008120113 24.7 -9997 0.3 0.0
C0G650 2008120114 24.1 -9997 1.0 0.0
C0G650 2008120115 23.6 -9997 0.5 0.0
C0G650 2008120116 22.3 -9997 0.8 0.0
C0G650 2008120117 20.9 -9997 -9997 0.0
C0G650 2008120118 19.4 -9997 0.8 0.0
C0G650 2008120119 18.7 -9997 0.6 0.0
C0G650 2008120120 17.3 -9997 0.0 0.0
C0G650 2008120121 16.5 -9997 0.0 0.0
C0G650 2008120122 16.5 -9997 -9997 0.0
C0G650 2008120123 14.6 -9997 0.0 0.0
C0G650 2008120124 13.6 -9997 0.0 0.0
C0G650 2008120201 12.6 -9997 0.0 0.0
C0G650 2008120202 12.3 -9997 0.0 0.0
C0G650 2008120203 12.1 -9997 0.0 0.0
C0G650 2008120204 11.2 -9997 0.0 0.0
C0G650 2008120205 10.5 -9997 0.0 0.0
C0G650 2008120206 10.2 -9997 0.0 0.0
C0G650 2008120207 10.4 -9997 0.0 0.0
C0G650 2008120208 14.6 -9997 0.0 0.0
C0G650 2008120209 18.4 -9997 0.0 0.0
C0G650 2008120210 20.4 -9997 0.1 0.0
C0G650 2008120211 22.3 -9997 0.2 0.0
C0G650 2008120212 23.4 -9997 0.6 0.0
C0G650 2008120213 25.7 -9997 0.5 0.0
C0G650 2008120214 25.5 -9997 0.2 0.0
C0G650 2008120215 24.5 -9997 0.8 0.0
C0G650 2008120216 24.5 -9997 0.3 0.0
C0G650 2008120217 21.7 -9997 0.0 0.0
C0G650 2008120218 -9997 -9997 -9997 0.0
C0G650 2008120219 17.7 -9997 0.0 0.0
C0G650 2008120220 16.2 -9997 0.0 0.0
C0G650 2008120221 15.4 -9997 -9997 0.0
C0G650 2008120222 14.8 -9997 0.0 0.0
C0G650 2008120223 14.3 -9997 0.0 0.0
C0G650 2008120224 13.9 -9997 0.0 0.0
C0G650 2008120301 13.7 -9997 0.0 0.0
C0G650 2008120302 13.3 -9997 0.0 0.0
C0G650 2008120303 12.8 -9997 0.0 0.0
C0G650 2008120304 12.4 -9997 0.0 0.0
C0G650 2008120305 12.4 -9997 0.0 0.0
C0G650 2008120306 12.1 -9997 0.0 0.0
C0G650 2008120307 12.2 -9997 0.0 0.0
C0G650 2008120308 -9997 -9997 -9997 0.0
C0G650 2008120309 -9997 -9997 -9997 0.0
C0G650 2008120310 23.5 -9997 1.5 0.0
C0G650 2008120311 25.4 -9997 0.7 0.0
C0G650 2008120312 25.2 -9997 0.4 0.0
C0G650 2008120313 25.5 -9997 0.5 0.0
C0G650 2008120314 27.8 -9997 0.8 0.0
C0G650 2008120315 25.3 -9997 0.4 0.0
C0G650 2008120316 24.1 -9997 0.3 0.0
C0G650 2008120317 22.5 -9997 0.0 0.0
C0G650 2008120318 19.6 -9997 0.0 0.0
C0G650 2008120319 17.9 -9997 0.0 0.0
C0G650 2008120320 17.6 -9997 0.0 0.0
C0G650 2008120321 16.7 -9997 0.0 0.0
C0G650 2008120322 15.8 -9997 0.0 0.0
C0G650 2008120323 14.7 -9997 0.0 0.0
C0G650 2008120324 14.3 -9997 0.0 0.0
C0G650 2008120401 14.9 -9997 0.0 0.0
C0G650 2008120402 17.0 -9997 0.0 0.0
C0G650 2008120403 17.4 -9997 0.0 0.0
C0G650 2008120404 -9997 -9997 0.1 0.0
C0G650 2008120405 16.2 -9997 0.0 0.0
C0G650 2008120406 15.0 -9997 0.0 0.0
C0G650 2008120407 14.2 -9997 0.0 0.0
C0G650 2008120408 -9997 -9997 0.0 0.0
C0G650 2008120409 23.7 -9997 0.0 0.0
C0G650 2008120410 25.9 -9997 0.0 0.0
C0G650 2008120411 27.5 -9997 1.0 0.0
C0G650 2008120412 27.1 -9997 0.8 0.0
C0G650 2008120413 25.5 -9997 0.6 0.0
C0G650 2008120414 25.6 -9997 1.1 0.0
C0G650 2008120415 24.8 -9997 0.6 0.0
C0G650 2008120416 -9997 -9997 1.6 0.0
C0G650 2008120417 23.0 -9997 1.4 0.0
C0G650 2008120418 21.5 -9997 0.4 0.0
C0G650 2008120419 20.9 -9997 0.4 0.0
C0G650 2008120420 20.2 -9997 0.0 0.0
C0G650 2008120421 20.2 -9997 0.5 0.0
C0G650 2008120422 19.8 -9997 0.7 0.0
C0G650 2008120423 19.5 -9997 0.6 0.0
C0G650 2008120424 19.6 -9997 1.2 0.0
C0G650 2008120501 19.3 -9997 2.4 0.0
C0G650 2008120502 18.8 -9997 1.7 0.0
C0G650 2008120503 17.6 -9997 2.2 0.0
C0G650 2008120504 16.9 -9997 3.4 0.0
C0G650 2008120505 16.4 -9997 2.5 0.0
C0G650 2008120506 16.2 -9997 1.8 0.0
C0G650 2008120507 15.8 -9997 1.9 0.0
C0G650 2008120508 17.3 -9997 -9997 0.0
C0G650 2008120509 19.1 -9997 1.4 0.0
C0G650 2008120510 -9997 -9997 1.5 0.0
C0G650 2008120511 20.9 -9997 1.5 0.0
C0G650 2008120512 21.8 -9997 1.2 0.0
C0G650 2008120513 22.0 -9997 1.6 0.0
C0G650 2008120514 21.1 -9997 2.6 0.0
C0G650 2008120515 19.3 -9997 2.4 0.0
C0G650 2008120516 17.3 -9997 3.0 0.0
C0G650 2008120517 -9997 -9997 1.7 0.0
C0G650 2008120518 14.6 -9997 0.9 0.0
C0G650 2008120519 14.4 -9997 0.7 0.0
C0G650 2008120520 14.2 -9997 0.1 0.0
C0G650 2008120521 -9997 -9997 -9997 0.0
C0G650 2008120522 -9997 -9997 -9997 0.0
C0G650 2008120523 -9997 -9997 0.0 0.0
C0G650 2008120524 -9997 -9997 -9997 0.0
C0G650 2008120601 15.2 -9997 0.0 0.0
C0G650 2008120602 15.2 -9997 0.9 0.0
C0G650 2008120603 15.0 -9997 0.5 0.0
C0G650 2008120604 15.1 -9997 0.3 0.0
C0G650 2008120605 15.0 -9997 0.2 0.0
C0G650 2008120606 14.7 -9997 0.5 0.0
C0G650 2008120607 14.7 -9997 0.6 0.0
C0G650 2008120608 14.9 -9997 0.8 0.0
C0G650 2008120609 15.1 -9997 0.6 0.0
C0G650 2008120610 15.9 -9997 0.4 0.0
C0G650 2008120611 16.4 -9997 0.9 0.0
C0G650 2008120612 17.2 -9997 2.1 0.0
C0G650 2008120613 18.1 -9997 1.5 0.0
C0G650 2008120614 18.6 -9997 1.4 0.0
C0G650 2008120615 18.8 -9997 1.4 0.0
C0G650 2008120616 17.8 -9997 1.7 0.0
C0G650 2008120617 16.6 -9997 1.8 0.0
C0G650 2008120618 15.0 -9997 0.8 0.0
C0G650 2008120619 14.2 -9997 1.6 0.0
C0G650 2008120620 13.8 -9997 0.3 0.0
C0G650 2008120621 13.4 -9997 0.0 0.0
C0G650 2008120622 12.7 -9997 0.0 0.0
C0G650 2008120623 12.3 -9997 0.1 0.0
C0G650 2008120624 12.0 -9997 0.1 0.0
C0G650 2008120701 12.0 -9997 0.0 0.0
C0G650 2008120702 11.0 -9997 0.1 0.0
C0G650 2008120703 10.9 -9997 0.0 0.0
C0G650 2008120704 11.7 -9997 1.0 0.0
C0G650 2008120705 10.8 -9997 0.1 0.0
C0G650 2008120706 11.1 -9997 0.2 0.0
C0G650 2008120707 11.0 -9997 1.1 0.0
C0G650 2008120708 -9997 -9997 -9997 0.0
C0G650 2008120709 15.3 -9997 0.3 0.0
C0G650 2008120710 -9997 -9997 0.1 0.0
C0G650 2008120711 18.6 -9997 0.6 0.0
C0G650 2008120712 21.9 -9997 0.0 0.0
C0G650 2008120713 22.6 -9997 0.2 0.0
C0G650 2008120714 24.1 -9997 1.3 0.0
C0G650 2008120715 22.0 -9997 1.1 0.0
C0G650 2008120716 21.5 -9997 0.0 0.0
C0G650 2008120717 20.1 -9997 0.0 0.0
C0G650 2008120718 17.5 -9997 0.0 0.0
C0G650 2008120719 -9997 -9997 -9997 0.0
C0G650 2008120720 15.0 -9997 0.0 0.0
C0G650 2008120721 14.6 -9997 0.0 0.0
C0G650 2008120722 13.8 -9997 0.0 0.0
C0G650 2008120723 -9997 -9997 -9997 0.0
C0G650 2008120724 12.8 -9997 0.0 0.0
C0G650 2008120801 -9997 -9997 -9997 0.0
C0G650 2008120802 12.7 -9997 0.0 0.0
C0G650 2008120803 12.2 -9997 0.0 0.0
C0G650 2008120804 13.1 -9997 0.0 0.0
C0G650 2008120805 12.5 -9997 0.0 0.0
C0G650 2008120806 12.3 -9997 0.0 0.0
C0G650 2008120807 14.1 -9997 0.0 0.0
C0G650 2008120808 17.9 -9997 0.0 0.0
C0G650 2008120809 19.8 -9997 0.2 0.0
C0G650 2008120810 20.5 -9997 0.1 0.0
C0G650 2008120811 21.0 -9997 1.1 0.0
C0G650 2008120812 -9997 -9997 2.1 0.0
C0G650 2008120813 23.5 -9997 1.2 0.0
C0G650 2008120814 23.9 -9997 0.3 0.0
C0G650 2008120815 22.4 -9997 0.7 0.0
C0G650 2008120816 20.5 -9997 1.5 0.0
C0G650 2008120817 19.3 -9997 2.1 0.0
C0G650 2008120818 18.9 -9997 1.1 0.0
C0G650 2008120819 18.6 -9997 -9997 0.0
C0G650 2008120820 18.3 -9997 0.4 0.0
C0G650 2008120821 18.0 -9997 0.0 0.0
C0G650 2008120822 18.3 -9997 0.5 0.0
C0G650 2008120823 -9997 -9997 0.7 0.0
C0G650 2008120824 17.7 -9997 -9997 0.0
C0G650 2008120901 17.6 -9997 0.5 0.0
C0G650 2008120902 17.1 -9997 0.0 0.0
C0G650 2008120903 16.8 -9997 0.5 0.0
C0G650 2008120904 17.2 -9997 0.8 0.0
C0G650 2008120905 17.3 -9997 0.0 0.0
C0G650 2008120906 16.8 -9997 0.1 0.0
C0G650 2008120907 17.7 -9997 1.6 0.0
C0G650 2008120908 18.3 -9997 0.1 0.0
C0G650 2008120909 19.0 -9997 0.6 0.0
C0G650 2008120910 20.5 -9997 0.7 0.0
C0G650 2008120911 21.3 -9997 0.5 0.0
C0G650 2008120912 23.8 -9997 0.3 0.0
C0G650 2008120913 24.1 -9997 1.4 0.0
C0G650 2008120914 25.0 -9997 1.6 0.0
C0G650 2008120915 24.7 -9997 0.2 0.0
C0G650 2008120916 23.2 -9997 0.6 0.0
C0G650 2008120917 21.0 -9997 0.2 0.0
C0G650 2008120918 19.3 -9997 0.0 0.0
C0G650 2008120919 18.9 -9997 0.1 0.0
C0G650 2008120920 -9997 -9997 -9997 0.0
C0G650 2008120921 16.7 -9997 0.0 0.0
C0G650 2008120922 14.9 -9997 0.0 0.0
C0G650 2008120923 -9997 -9997 -9997 0.0
C0G650 2008120924 -9997 -9997 -9997 0.0
C0G650 2008121001 13.6 -9997 0.0 0.0
C0G650 2008121002 13.1 -9997 0.0 0.0
C0G650 2008121003 12.7 -9997 0.0 0.0
C0G650 2008121004 12.5 -9997 0.0 0.0
C0G650 2008121005 12.1 -9997 0.0 0.0
C0G650 2008121006 11.8 -9997 0.0 0.0
C0G650 2008121007 11.6 -9997 0.0 0.0
C0G650 2008121008 17.0 -9997 0.0 0.0
C0G650 2008121009 21.3 -9997 0.0 0.0
C0G650 2008121010 -9997 -9997 -9997 0.0
C0G650 2008121011 -9997 -9997 0.9 0.0
C0G650 2008121012 25.3 -9997 0.3 0.0
C0G650 2008121013 26.1 -9997 0.0 0.0
C0G650 2008121014 27.2 -9997 0.2 0.0
C0G650 2008121015 26.4 -9997 0.3 0.0
C0G650 2008121016 24.6 -9997 0.2 0.0
C0G650 2008121017 22.8 -9997 0.5 0.0
C0G650 2008121018 20.7 -9997 0.0 0.0
C0G650 2008121019 18.7 -9997 0.0 0.0
C0G650 2008121020 17.6 -9997 0.0 0.0
C0G650 2008121021 16.2 -9997 0.0 0.0
C0G650 2008121022 15.4 -9997 0.0 0.0
C0G650 2008121023 15.3 -9997 0.0 0.0
C0G650 2008121024 14.5 -9997 0.0 0.0
C0G650 2008121101 14.1 -9997 0.0 0.0
C0G650 2008121102 13.7 -9997 0.0 0.0
C0G650 2008121103 -9997 -9997 -9997 0.0
C0G650 2008121104 14.7 -9997 0.4 0.0
C0G650 2008121105 13.7 -9997 0.0 0.0
C0G650 2008121106 13.7 -9997 0.0 0.0
C0G650 2008121107 15.9 -9997 0.0 0.0
C0G650 2008121108 -9997 -9997 -9997 0.0
C0G650 2008121109 21.1 -9997 0.4 0.0
C0G650 2008121110 23.0 -9997 1.5 0.0
C0G650 2008121111 24.0 -9997 1.4 0.0
C0G650 2008121112 25.9 -9997 1.2 0.0
C0G650 2008121113 26.8 -9997 0.6 0.0
C0G650 2008121114 26.4 -9997 0.7 0.0
C0G650 2008121115 25.5 -9997 1.1 0.0
C0G650 2008121116 24.6 -9997 0.4 0.0
C0G650 2008121117 23.0 -9997 1.0 0.0
C0G650 2008121118 21.1 -9997 0.4 0.0
C0G650 2008121119 -9997 -9997 0.1 0.0
C0G650 2008121120 18.9 -9997 0.0 0.0
C0G650 2008121121 16.8 -9997 0.0 0.0
C0G650 2008121122 16.0 -9997 0.0 0.0
C0G650 2008121123 15.0 -9997 0.0 0.0
C0G650 2008121124 14.4 -9997 0.0 0.0
C0G650 2008121201 13.9 -9997 0.0 0.0
C0G650 2008121202 13.6 -9997 0.0 0.0
C0G650 2008121203 13.6 -9997 0.0 0.0
C0G650 2008121204 13.0 -9997 -9997 0.0
C0G650 2008121205 17.0 -9997 0.5 0.0
C0G650 2008121206 15.8 -9997 0.0 0.0
C0G650 2008121207 17.2 -9997 0.2 0.0
C0G650 2008121208 19.9 -9997 0.0 0.0
C0G650 2008121209 -9997 -9997 -9997 0.0
C0G650 2008121210 24.7 -9997 0.1 0.0
C0G650 2008121211 26.8 -9997 0.1 0.0
C0G650 2008121212 27.9 -9997 0.3 0.0
C0G650 2008121213 28.4 -9997 0.5 0.0
C0G650 2008121214 28.3 -9997 0.8 0.0
C0G650 2008121215 27.6 -9997 2.2 0.0
C0G650 2008121216 26.8 -9997 1.5 0.0
C0G650 2008121217 24.8 -9997 0.1 0.0
C0G650 2008121218 22.9 -9997 0.0 0.0
C0G650 2008121219 22.5 -9997 0.0 0.0
C0G650 2008121220 21.3 -9997 0.0 0.0
C0G650 2008121221 20.8 -9997 0.0 0.0
C0G650 2008121222 20.2 -9997 0.1 0.0
C0G650 2008121223 19.4 -9997 0.0 0.0
C0G650 2008121224 18.6 -9997 0.0 0.0
C0G650 2008121301 18.6 -9997 0.0 0.0
C0G650 2008121302 17.9 -9997 0.0 0.0
C0G650 2008121303 18.7 -9997 0.0 0.0
C0G650 2008121304 17.9 -9997 0.0 0.0
C0G650 2008121305 18.2 -9997 0.0 0.0
C0G650 2008121306 18.2 -9997 0.0 0.0
C0G650 2008121307 19.0 -9997 0.2 0.0
C0G650 2008121308 20.1 -9997 0.7 0.0
C0G650 2008121309 21.6 -9997 0.5 0.0
C0G650 2008121310 23.3 -9997 0.6 0.0
C0G650 2008121311 25.2 -9997 0.6 0.0
C0G650 2008121312 26.6 -9997 1.1 0.0
C0G650 2008121313 27.2 -9997 0.5 0.0
C0G650 2008121314 26.5 -9997 1.9 0.0
C0G650 2008121315 25.8 -9997 0.6 0.0
C0G650 2008121316 24.8 -9997 1.8 0.0
C0G650 2008121317 22.4 -9997 1.9 0.0
C0G650 2008121318 21.1 -9997 1.3 0.0
C0G650 2008121319 20.2 -9997 1.4 0.0
C0G650 2008121320 19.9 -9997 1.1 0.0
C0G650 2008121321 19.4 -9997 0.3 0.0
C0G650 2008121322 19.2 -9997 0.3 0.0
C0G650 2008121323 18.8 -9997 1.5 0.0
C0G650 2008121324 18.5 -9997 1.8 0.0
C0G650 2008121401 18.2 -9997 1.3 0.0
C0G650 2008121402 18.6 -9997 1.5 0.0
C0G650 2008121403 17.4 -9997 2.3 0.0
C0G650 2008121404 17.1 -9997 2.5 0.0
C0G650 2008121405 16.7 -9997 1.5 0.0
C0G650 2008121406 16.5 -9997 1.1 0.0
C0G650 2008121407 16.5 -9997 0.3 0.0
C0G650 2008121408 17.2 -9997 1.9 0.0
C0G650 2008121409 18.2 -9997 1.8 0.0
C0G650 2008121410 -9997 -9997 -9997 0.0
C0G650 2008121411 19.2 -9997 2.4 0.0
C0G650 2008121412 20.8 -9997 1.8 0.0
C0G650 2008121413 21.6 -9997 0.4 0.0
C0G650 2008121414 22.5 -9997 1.0 0.0
C0G650 2008121415 21.1 -9997 2.3 0.0
C0G650 2008121416 18.8 -9997 3.1 0.0
C0G650 2008121417 17.3 -9997 1.9 0.0
C0G650 2008121418 16.7 -9997 2.2 0.0
C0G650 2008121419 16.0 -9997 1.5 0.0
C0G650 2008121420 15.3 -9997 0.7 0.0
C0G650 2008121421 15.0 -9997 1.0 0.0
C0G650 2008121422 14.6 -9997 1.3 0.0
C0G650 2008121423 14.5 -9997 0.9 0.0
C0G650 2008121424 14.6 -9997 1.6 0.0
C0G650 2008121501 14.9 -9997 0.5 0.0
C0G650 2008121502 14.9 -9997 1.0 0.0
C0G650 2008121503 15.0 -9997 0.3 0.0
C0G650 2008121504 14.6 -9997 0.8 0.0
C0G650 2008121505 14.3 -9997 0.9 0.0
C0G650 2008121506 14.2 -9997 1.2 0.0
C0G650 2008121507 14.2 -9997 1.3 0.0
C0G650 2008121508 15.1 -9997 1.4 0.0
C0G650 2008121509 -9997 -9997 -9997 0.0
C0G650 2008121510 18.1 -9997 1.4 0.0
C0G650 2008121511 -9997 -9997 -9997 0.0
C0G650 2008121512 20.9 -9997 1.9 0.0
C0G650 2008121513 20.7 -9997 2.4 0.0
C0G650 2008121514 20.7 -9997 2.8 0.0
C0G650 2008121515 20.5 -9997 2.4 0.0
C0G650 2008121516 19.3 -9997 1.9 0.0
C0G650 2008121517 -9997 -9997 -9997 0.0
C0G650 2008121518 -9997 -9997 -9997 0.0
C0G650 2008121519 15.7 -9997 0.3 0.0
C0G650 2008121520 -9997 -9997 -9997 0.0
C0G650 2008121521 14.0 -9997 0.1 0.0
C0G650 2008121522 13.7 -9997 0.0 0.0
C0G650 2008121523 13.6 -9997 0.0 0.0
C0G650 2008121524 13.6 -9997 0.1 0.0
C0G650 2008121601 -9997 -9997 0.0 0.0
C0G650 2008121602 13.0 -9997 0.0 0.0
C0G650 2008121603 12.1 -9997 0.0 0.0
C0G650 2008121604 11.6 -9997 0.0 0.0
C0G650 2008121605 -9997 -9997 -9997 0.0
C0G650 2008121606 -9997 -9997 -9997 0.0
C0G650 2008121607 11.3 -9997 0.0 0.0
C0G650 2008121608 14.1 -9997 1.3 0.0
C0G650 2008121609 17.0 -9997 0.0 0.0
C0G650 2008121610 19.2 -9997 0.0 0.0
C0G650 2008121611 22.6 -9997 -9997 0.0
C0G650 2008121612 24.0 -9997 -9997 0.0
C0G650 2008121613 24.3 -9997 0.1 0.0
C0G650 2008121614 24.1 -9997 0.1 0.0
C0G650 2008121615 23.5 -9997 0.9 0.0
C0G650 2008121616 21.8 -9997 0.1 0.0
C0G650 2008121617 20.7 -9997 -9997 0.0
C0G650 2008121618 19.4 -9997 0.0 0.0
C0G650 2008121619 18.5 -9997 0.0 0.0
C0G650 2008121620 -9997 -9997 -9997 0.0
C0G650 2008121621 -9997 -9997 -9997 0.0
C0G650 2008121622 15.0 -9997 0.0 0.0
C0G650 2008121623 14.3 -9997 0.0 0.0
C0G650 2008121624 14.0 -9997 -9997 0.0
C0G650 2008121701 13.7 -9997 0.0 0.0
C0G650 2008121702 13.4 -9997 0.0 0.0
C0G650 2008121703 13.1 -9997 0.0 0.0
C0G650 2008121704 -9997 -9997 -9997 0.0
C0G650 2008121705 -9997 -9997 -9997 0.0
C0G650 2008121706 12.6 -9997 0.0 0.0
C0G650 2008121707 12.4 -9997 0.0 0.0
C0G650 2008121708 15.1 -9997 0.0 0.0
C0G650 2008121709 -9997 -9997 0.0 0.0
C0G650 2008121710 19.8 -9997 0.9 0.0
C0G650 2008121711 21.3 -9997 1.4 0.0
C0G650 2008121712 23.3 -9997 0.2 0.0
C0G650 2008121713 23.9 -9997 0.7 0.0
C0G650 2008121714 26.0 -9997 0.2 0.0
C0G650 2008121715 24.3 -9997 0.6 0.0
C0G650 2008121716 22.6 -9997 1.8 0.0
C0G650 2008121717 -9997 -9997 -9997 0.0
C0G650 2008121718 -9997 -9997 -9997 0.0
C0G650 2008121719 19.0 -9997 0.0 0.0
C0G650 2008121720 17.1 -9997 0.0 0.0
C0G650 2008121721 16.4 -9997 0.0 0.0
C0G650 2008121722 15.0 -9997 0.0 0.0
C0G650 2008121723 -9997 -9997 -9997 0.0
C0G650 2008121724 -9997 -9997 -9997 0.0
C0G650 2008121801 -9997 -9997 -9997 0.0
C0G650 2008121802 12.6 -9997 0.0 0.0
C0G650 2008121803 12.1 -9997 0.0 0.0
C0G650 2008121804 11.9 -9997 0.0 0.0
C0G650 2008121805 11.4 -9997 0.0 0.0
C0G650 2008121806 11.7 -9997 0.0 0.0
C0G650 2008121807 11.4 -9997 0.0 0.0
C0G650 2008121808 15.8 -9997 0.0 0.0
C0G650 2008121809 19.4 -9997 0.0 0.0
C0G650 2008121810 20.5 -9997 0.3 0.0
C0G650 2008121811 22.8 -9997 0.1 0.0
C0G650 2008121812 -9997 -9997 -9997 0.0
C0G650 2008121813 25.0 -9997 0.2 0.0
C0G650 2008121814 25.9 -9997 0.1 0.0
C0G650 2008121815 24.8 -9997 0.6 0.0
C0G650 2008121816 23.7 -9997 0.0 0.0
C0G650 2008121817 21.4 -9997 0.0 0.0
C0G650 2008121818 -9997 -9997 0.0 0.0
C0G650 2008121819 17.7 -9997 -9997 0.0
C0G650 2008121820 -9997 -9997 -9997 0.0
C0G650 2008121821 -9997 -9997 -9997 0.0
C0G650 2008121822 14.8 -9997 -9997 0.0
C0G650 2008121823 -9997 -9997 -9997 0.0
C0G650 2008121824 13.4 -9997 0.0 0.0
C0G650 2008121901 13.1 -9997 0.0 0.0
C0G650 2008121902 12.5 -9997 0.0 0.0
C0G650 2008121903 12.1 -9997 0.0 0.0
C0G650 2008121904 12.1 -9997 0.0 0.0
C0G650 2008121905 11.5 -9997 0.0 0.0
C0G650 2008121906 11.5 -9997 0.0 0.0
C0G650 2008121907 11.6 -9997 0.0 0.0
C0G650 2008121908 14.4 -9997 0.0 0.0
C0G650 2008121909 19.2 -9997 0.0 0.0
C0G650 2008121910 23.0 -9997 0.0 0.0
C0G650 2008121911 -9997 -9997 -9997 0.0
C0G650 2008121912 24.5 -9997 0.3 0.0
C0G650 2008121913 25.9 -9997 2.2 0.0
C0G650 2008121914 25.6 -9997 0.8 0.0
C0G650 2008121915 25.1 -9997 1.3 0.0
C0G650 2008121916 23.6 -9997 0.1 0.0
C0G650 2008121917 -9997 -9997 -9997 0.0
C0G650 2008121918 -9997 -9997 -9997 0.0
C0G650 2008121919 17.3 -9997 -9997 0.0
C0G650 2008121920 -9997 -9997 -9997 0.0
C0G650 2008121921 15.4 -9997 0.0 0.0
C0G650 2008121922 -9997 -9997 -9997 0.0
C0G650 2008121923 -9997 -9997 -9997 0.0
C0G650 2008121924 -9997 -9997 -9997 0.0
C0G650 2008122001 13.6 -9997 0.0 0.0
C0G650 2008122002 13.3 -9997 0.0 0.0
C0G650 2008122003 13.1 -9997 0.0 0.0
C0G650 2008122004 12.3 -9997 0.0 0.0
C0G650 2008122005 12.1 -9997 0.0 0.0
C0G650 2008122006 11.7 -9997 0.0 0.0
C0G650 2008122007 11.9 -9997 0.0 0.0
C0G650 2008122008 15.2 -9997 0.0 0.0
C0G650 2008122009 19.7 -9997 0.0 0.0
C0G650 2008122010 22.7 -9997 0.0 0.0
C0G650 2008122011 -9997 -9997 0.2 0.0
C0G650 2008122012 25.5 -9997 0.7 0.0
C0G650 2008122013 25.0 -9997 1.3 0.0
C0G650 2008122014 -9997 -9997 0.5 0.0
C0G650 2008122015 25.0 -9997 0.1 0.0
C0G650 2008122016 23.2 -9997 0.5 0.0
C0G650 2008122017 21.4 -9997 0.0 0.0
C0G650 2008122018 20.2 -9997 0.0 0.0
C0G650 2008122019 18.1 -9997 -9997 0.0
C0G650 2008122020 16.8 -9997 0.0 0.0
C0G650 2008122021 16.0 -9997 0.0 0.0
C0G650 2008122022 -9997 -9997 -9997 0.0
C0G650 2008122023 14.5 -9997 0.0 0.0
C0G650 2008122024 13.9 -9997 0.0 0.0
C0G650 2008122101 13.3 -9997 0.0 0.0
C0G650 2008122102 12.9 -9997 0.0 0.0
C0G650 2008122103 12.7 -9997 0.0 0.0
C0G650 2008122104 12.4 -9997 0.0 0.0
C0G650 2008122105 13.2 -9997 0.0 0.0
C0G650 2008122106 12.1 -9997 0.0 0.0
C0G650 2008122107 11.3 -9997 0.0 0.0
C0G650 2008122108 15.6 -9997 0.0 0.0
C0G650 2008122109 19.4 -9997 0.0 0.0
C0G650 2008122110 -9997 -9997 -9997 0.0
C0G650 2008122111 24.6 -9997 0.6 0.0
C0G650 2008122112 26.7 -9997 0.6 0.0
C0G650 2008122113 26.5 -9997 0.2 0.0
C0G650 2008122114 26.5 -9997 0.3 0.0
C0G650 2008122115 24.9 -9997 1.0 0.0
C0G650 2008122116 24.0 -9997 0.7 0.0
C0G650 2008122117 22.5 -9997 0.2 0.0
C0G650 2008122118 20.5 -9997 0.0 0.0
C0G650 2008122119 19.0 -9997 0.0 0.0
C0G650 2008122120 17.1 -9997 0.0 0.0
C0G650 2008122121 16.6 -9997 0.0 0.0
C0G650 2008122122 -9997 -9997 -9997 0.0
C0G650 2008122123 15.3 -9997 0.0 0.0
C0G650 2008122124 15.4 -9997 0.0 0.0
C0G650 2008122201 -9997 -9997 0.0 0.0
C0G650 2008122202 15.0 -9997 0.0 0.0
C0G650 2008122203 15.2 -9997 0.0 0.0
C0G650 2008122204 -9997 -9997 -9997 0.0
C0G650 2008122205 15.8 -9997 0.1 0.0
C0G650 2008122206 -9997 -9997 -9997 0.0
C0G650 2008122207 15.2 -9997 0.6 0.0
C0G650 2008122208 16.0 -9997 1.2 0.0
C0G650 2008122209 17.1 -9997 2.7 0.0
C0G650 2008122210 19.0 -9997 2.3 0.0
C0G650 2008122211 -9997 -9997 3.7 0.0
C0G650 2008122212 -9997 -9997 -9997 0.0
C0G650 2008122213 20.6 -9997 3.7 0.0
C0G650 2008122214 18.7 -9997 2.6 0.0
C0G650 2008122215 17.5 -9997 3.5 0.0
C0G650 2008122216 15.8 -9997 3.5 0.0
C0G650 2008122217 -9997 -9997 2.7 0.0
C0G650 2008122218 14.2 -9997 1.3 0.0
C0G650 2008122219 13.8 -9997 1.6 0.0
C0G650 2008122220 -9997 -9997 -9997 0.0
C0G650 2008122221 13.4 -9997 1.4 0.0
C0G650 2008122222 13.3 -9997 1.5 0.0
C0G650 2008122223 13.5 -9997 0.7 0.0
C0G650 2008122224 13.4 -9997 0.4 0.0
C0G650 2008122301 -9997 -9997 -9997 0.0
C0G650 2008122302 13.3 -9997 0.2 0.0
C0G650 2008122303 -9997 -9997 -9997 0.0
C0G650 2008122304 -9997 -9997 -9997 0.0
C0G650 2008122305 -9997 -9997 -9997 0.0
C0G650 2008122306 12.4 -9997 0.0 0.0
C0G650 2008122307 12.3 -9997 0.0 0.0
C0G650 2008122308 -9997 -9997 -9997 0.0
C0G650 2008122309 -9997 -9997 -9997 0.0
C0G650 2008122310 17.6 -9997 1.5 0.0
C0G650 2008122311 19.7 -9997 -9997 0.0
C0G650 2008122312 20.5 -9997 1.6 0.0
C0G650 2008122313 22.1 -9997 0.4 0.0
C0G650 2008122314 22.0 -9997 1.0 0.0
C0G650 2008122315 22.4 -9997 0.6 0.0
C0G650 2008122316 21.4 -9997 0.3 0.0
C0G650 2008122317 19.9 -9997 0.1 0.0
C0G650 2008122318 18.3 -9997 0.2 0.0
C0G650 2008122319 17.2 -9997 0.0 0.0
C0G650 2008122320 16.6 -9997 0.0 0.0
C0G650 2008122321 16.3 -9997 0.0 0.0
C0G650 2008122322 15.4 -9997 0.0 0.0
C0G650 2008122323 15.4 -9997 0.0 0.0
C0G650 2008122324 15.2 -9997 0.0 0.0
C0G650 2008122401 15.5 -9997 0.0 0.0
C0G650 2008122402 15.2 -9997 0.0 0.0
C0G650 2008122403 15.5 -9997 0.0 0.0
C0G650 2008122404 15.5 -9997 0.0 0.0
C0G650 2008122405 15.8 -9997 0.0 0.0
C0G650 2008122406 15.7 -9997 0.0 0.0
C0G650 2008122407 16.1 -9997 0.0 0.0
C0G650 2008122408 17.3 -9997 0.0 0.0
C0G650 2008122409 19.3 -9997 0.6 0.0
C0G650 2008122410 21.2 -9997 0.7 0.0
C0G650 2008122411 22.8 -9997 0.2 0.0
C0G650 2008122412 24.3 -9997 0.6 0.0
C0G650 2008122413 24.2 -9997 0.5 0.0
C0G650 2008122414 24.1 -9997 0.7 0.0
C0G650 2008122415 22.8 -9997 0.5 0.0
C0G650 2008122416 22.7 -9997 0.3 0.0
C0G650 2008122417 20.9 -9997 0.7 0.0
C0G650 2008122418 19.8 -9997 0.0 0.0
C0G650 2008122419 19.2 -9997 0.0 0.0
C0G650 2008122420 18.6 -9997 0.0 0.0
C0G650 2008122421 17.9 -9997 0.0 0.0
C0G650 2008122422 17.9 -9997 0.0 0.0
C0G650 2008122423 17.4 -9997 0.0 0.0
C0G650 2008122424 17.5 -9997 0.0 0.0
C0G650 2008122501 17.7 -9997 0.5 0.0
C0G650 2008122502 18.4 -9997 1.1 0.0
C0G650 2008122503 18.7 -9997 0.3 0.0
C0G650 2008122504 19.2 -9997 0.1 0.0
C0G650 2008122505 18.0 -9997 0.0 0.0
C0G650 2008122506 18.8 -9997 0.6 0.0
C0G650 2008122507 18.3 -9997 0.2 0.0
C0G650 2008122508 -9997 -9997 -9997 0.0
C0G650 2008122509 20.8 -9997 1.7 0.0
C0G650 2008122510 22.8 -9997 1.2 0.0
C0G650 2008122511 24.0 -9997 1.9 0.0
C0G650 2008122512 25.3 -9997 1.9 0.0
C0G650 2008122513 26.6 -9997 2.2 0.0
C0G650 2008122514 25.4 -9997 0.8 0.0
C0G650 2008122515 24.5 -9997 0.2 0.0
C0G650 2008122516 22.0 -9997 2.7 0.0
C0G650 2008122517 20.1 -9997 1.6 0.0
C0G650 2008122518 18.2 -9997 1.1 0.0
C0G650 2008122519 17.2 -9997 0.8 0.0
C0G650 2008122520 17.0 -9997 1.3 0.0
C0G650 2008122521 16.9 -9997 0.7 0.0
C0G650 2008122522 16.6 -9997 1.0 0.0
C0G650 2008122523 16.5 -9997 0.9 0.0
C0G650 2008122524 16.5 -9997 0.4 0.0
C0G650 2008122601 16.6 -9997 0.3 0.0
C0G650 2008122602 16.7 -9997 0.6 0.0
C0G650 2008122603 16.4 -9997 0.0 0.0
C0G650 2008122604 16.7 -9997 0.5 0.0
C0G650 2008122605 16.5 -9997 0.4 0.0
C0G650 2008122606 16.4 -9997 0.5 0.0
C0G650 2008122607 16.4 -9997 0.3 0.0
C0G650 2008122608 17.1 -9997 0.0 0.0
C0G650 2008122609 18.2 -9997 0.5 0.0
C0G650 2008122610 19.3 -9997 0.3 0.0
C0G650 2008122611 21.2 -9997 0.7 0.0
C0G650 2008122612 22.6 -9997 0.8 0.0
C0G650 2008122613 23.8 -9997 0.0 0.0
C0G650 2008122614 23.4 -9997 0.4 0.0
C0G650 2008122615 23.5 -9997 0.2 0.0
C0G650 2008122616 23.0 -9997 0.0 0.0
C0G650 2008122617 21.9 -9997 0.0 0.0
C0G650 2008122618 19.9 -9997 0.4 0.0
C0G650 2008122619 18.5 -9997 0.1 0.0
C0G650 2008122620 17.8 -9997 0.0 0.0
C0G650 2008122621 16.8 -9997 0.0 0.0
C0G650 2008122622 16.2 -9997 0.0 0.0
C0G650 2008122623 15.1 -9997 0.0 0.0
C0G650 2008122624 15.2 -9997 0.0 0.0
C0G650 2008122701 15.6 -9997 0.0 0.0
C0G650 2008122702 15.5 -9997 0.0 0.0
C0G650 2008122703 15.0 -9997 0.0 0.0
C0G650 2008122704 16.3 -9997 0.0 0.0
C0G650 2008122705 15.9 -9997 0.0 0.0
C0G650 2008122706 14.8 -9997 0.0 0.0
C0G650 2008122707 14.5 -9997 0.0 0.0
C0G650 2008122708 17.0 -9997 0.0 0.0
C0G650 2008122709 18.7 -9997 0.0 0.0
C0G650 2008122710 21.4 -9997 0.1 0.0
C0G650 2008122711 -9997 -9997 0.2 0.0
C0G650 2008122712 25.9 -9997 1.0 0.0
C0G650 2008122713 26.1 -9997 0.1 0.0
C0G650 2008122714 -9997 -9997 0.3 0.0
C0G650 2008122715 24.3 -9997 0.6 0.0
C0G650 2008122716 23.1 -9997 0.6 0.0
C0G650 2008122717 21.8 -9997 0.3 0.0
C0G650 2008122718 20.8 -9997 0.0 0.0
C0G650 2008122719 -9997 -9997 0.1 0.0
C0G650 2008122720 19.8 -9997 0.0 0.0
C0G650 2008122721 19.4 -9997 0.0 0.0
C0G650 2008122722 19.1 -9997 0.0 0.0
C0G650 2008122723 18.6 -9997 0.0 0.0
C0G650 2008122724 18.5 -9997 0.0 0.0
C0G650 2008122801 18.5 -9997 0.0 0.0
C0G650 2008122802 17.6 -9997 0.0 0.0
C0G650 2008122803 18.2 -9997 0.0 0.0
C0G650 2008122804 18.1 -9997 0.0 0.0
C0G650 2008122805 18.4 -9997 0.0 0.0
C0G650 2008122806 18.4 -9997 0.0 0.0
C0G650 2008122807 18.3 -9997 0.0 0.0
C0G650 2008122808 19.4 -9997 0.0 0.0
C0G650 2008122809 20.4 -9997 0.0 0.0
C0G650 2008122810 22.2 -9997 0.3 0.0
C0G650 2008122811 23.8 -9997 0.0 0.0
C0G650 2008122812 24.8 -9997 0.2 0.0
C0G650 2008122813 21.8 -9997 0.3 0.0
C0G650 2008122814 21.8 -9997 0.4 0.0
C0G650 2008122815 21.7 -9997 1.1 0.0
C0G650 2008122816 21.1 -9997 0.3 0.0
C0G650 2008122817 19.9 -9997 0.6 0.0
C0G650 2008122818 19.6 -9997 0.0 0.0
C0G650 2008122819 19.4 -9997 -9997 0.0
C0G650 2008122820 19.4 -9997 0.2 0.0
C0G650 2008122821 19.2 -9997 0.0 0.0
C0G650 2008122822 19.1 -9997 0.0 0.0
C0G650 2008122823 18.9 -9997 0.2 0.0
C0G650 2008122824 18.7 -9997 0.0 0.0
C0G650 2008122901 18.8 -9997 0.0 0.0
C0G650 2008122902 18.4 -9997 0.0 0.0
C0G650 2008122903 18.1 -9997 0.0 0.0
C0G650 2008122904 19.5 -9997 0.8 0.0
C0G650 2008122905 20.6 -9997 1.3 0.0
C0G650 2008122906 19.5 -9997 0.6 0.0
C0G650 2008122907 19.5 -9997 0.4 0.0
C0G650 2008122908 19.9 -9997 0.5 0.0
C0G650 2008122909 20.8 -9997 1.0 0.0
C0G650 2008122910 22.3 -9997 0.3 0.0
C0G650 2008122911 23.4 -9997 0.1 0.0
C0G650 2008122912 23.3 -9997 0.3 0.0
C0G650 2008122913 23.3 -9997 0.2 0.0
C0G650 2008122914 23.4 -9997 0.0 0.0
C0G650 2008122915 21.8 -9997 0.3 0.0
C0G650 2008122916 21.7 -9997 0.2 0.0
C0G650 2008122917 21.3 -9997 0.1 0.0
C0G650 2008122918 20.4 -9997 0.0 0.0
C0G650 2008122919 19.6 -9997 0.0 0.0
C0G650 2008122920 19.5 -9997 0.1 0.0
C0G650 2008122921 -9997 -9997 0.0 0.0
C0G650 2008122922 18.1 -9997 0.0 0.5
C0G650 2008122923 17.6 -9997 0.7 0.0
C0G650 2008122924 17.6 -9997 1.0 0.0
C0G650 2008123001 17.2 -9997 0.3 0.5
C0G650 2008123002 17.2 -9997 0.7 0.0
C0G650 2008123003 16.9 -9997 0.7 0.5
C0G650 2008123004 17.0 -9997 1.0 0.0
C0G650 2008123005 17.0 -9997 0.9 0.5
C0G650 2008123006 16.8 -9997 0.1 0.0
C0G650 2008123007 16.7 -9997 0.1 1.0
C0G650 2008123008 16.5 -9997 0.5 2.0
C0G650 2008123009 16.8 -9997 0.8 0.5
C0G650 2008123010 17.5 -9997 1.6 0.5
C0G650 2008123011 18.6 -9997 0.7 0.0
C0G650 2008123012 18.6 -9997 1.4 0.0
C0G650 2008123013 19.2 -9997 2.1 0.0
C0G650 2008123014 18.7 -9997 1.7 0.0
C0G650 2008123015 18.3 -9997 2.3 0.0
C0G650 2008123016 18.0 -9997 0.3 0.0
C0G650 2008123017 17.7 -9997 0.1 0.0
C0G650 2008123018 17.3 -9997 0.1 0.0
C0G650 2008123019 17.2 -9997 0.3 0.0
C0G650 2008123020 16.8 -9997 0.0 0.0
C0G650 2008123021 16.7 -9997 0.7 0.0
C0G650 2008123022 16.4 -9997 0.5 0.0
C0G650 2008123023 15.7 -9997 0.3 0.0
C0G650 2008123024 14.9 -9997 1.7 0.5
C0G650 2008123101 14.6 -9997 0.9 1.0
C0G650 2008123102 14.5 -9997 1.2 1.0
C0G650 2008123103 14.1 -9997 0.8 1.5
C0G650 2008123104 14.0 -9997 1.7 0.5
C0G650 2008123105 14.1 -9997 1.1 0.5
C0G650 2008123106 14.1 -9997 2.9 0.0
C0G650 2008123107 -9997 -9997 2.0 0.0
C0G650 2008123108 14.5 -9997 1.9 0.0
C0G650 2008123109 14.8 -9997 1.9 0.0
C0G650 2008123110 15.2 -9997 1.2 0.0
C0G650 2008123111 15.6 -9997 2.8 0.0
C0G650 2008123112 16.1 -9997 1.6 0.0
C0G650 2008123113 15.3 -9997 2.1 0.0
C0G650 2008123114 15.3 -9997 2.2 0.0
C0G650 2008123115 14.6 -9997 2.9 0.0
C0G650 2008123116 14.7 -9997 1.2 0.0
C0G650 2008123117 14.0 -9997 2.0 0.0
C0G650 2008123118 13.8 -9997 1.0 0.0
C0G650 2008123119 13.5 -9997 0.4 0.0
C0G650 2008123120 13.3 -9997 0.1 0.0
C0G650 2008123121 13.3 -9997 2.4 0.0
C0G650 2008123122 13.2 -9997 0.6 0.0
C0G650 2008123123 13.0 -9997 0.2 0.0
C0G650 2008123124 12.7 -9997 0.3 0.0
C0G660 2008120101 -9999 -9999 -9999 0.0
C0G660 2008120102 -9999 -9999 -9999 0.0
C0G660 2008120103 -9999 -9999 -9999 0.0
C0G660 2008120104 -9999 -9999 -9999 0.0
C0G660 2008120105 -9999 -9999 -9999 0.0
C0G660 2008120106 -9999 -9999 -9999 0.0
C0G660 2008120107 -9999 -9999 -9999 0.0
C0G660 2008120108 -9999 -9999 -9999 0.0
C0G660 2008120109 -9999 -9999 -9999 0.0
C0G660 2008120110 -9999 -9999 -9999 0.0
C0G660 2008120111 -9999 -9999 -9999 0.0
C0G660 2008120112 -9999 -9999 -9999 0.0
C0G660 2008120113 -9999 -9999 -9999 0.0
C0G660 2008120114 -9999 -9999 -9999 0.0
C0G660 2008120115 -9999 -9999 -9999 0.0
C0G660 2008120116 -9999 -9999 -9999 0.0
C0G660 2008120117 -9999 -9999 -9999 0.0
C0G660 2008120118 -9999 -9999 -9999 0.0
C0G660 2008120119 -9999 -9999 -9999 0.0
C0G660 2008120120 -9999 -9999 -9999 0.0
C0G660 2008120121 -9999 -9999 -9999 0.0
C0G660 2008120122 -9999 -9999 -9999 0.0
C0G660 2008120123 -9999 -9999 -9999 0.0
C0G660 2008120124 -9999 -9999 -9999 0.0
C0G660 2008120201 -9999 -9999 -9999 0.0
C0G660 2008120202 -9999 -9999 -9999 0.0
C0G660 2008120203 -9999 -9999 -9999 0.0
C0G660 2008120204 -9999 -9999 -9999 0.0
C0G660 2008120205 -9999 -9999 -9999 0.0
C0G660 2008120206 -9999 -9999 -9999 0.0
C0G660 2008120207 -9999 -9999 -9999 0.0
C0G660 2008120208 -9999 -9999 -9999 0.0
C0G660 2008120209 -9999 -9999 -9999 0.0
C0G660 2008120210 -9999 -9999 -9999 0.0
C0G660 2008120211 -9999 -9999 -9999 0.0
C0G660 2008120212 -9999 -9999 -9999 0.0
C0G660 2008120213 -9999 -9999 -9999 0.0
C0G660 2008120214 -9999 -9999 -9999 0.0
C0G660 2008120215 -9999 -9999 -9999 0.0
C0G660 2008120216 -9999 -9999 -9999 0.0
C0G660 2008120217 -9999 -9999 -9999 0.0
C0G660 2008120218 -9999 -9999 -9999 0.0
C0G660 2008120219 -9999 -9999 -9999 0.0
C0G660 2008120220 -9999 -9999 -9999 0.0
C0G660 2008120221 -9999 -9999 -9999 0.0
C0G660 2008120222 -9999 -9999 -9999 0.0
C0G660 2008120223 -9999 -9999 -9999 0.0
C0G660 2008120224 -9999 -9999 -9999 0.0
C0G660 2008120301 -9999 -9999 -9999 0.0
C0G660 2008120302 -9999 -9999 -9999 0.0
C0G660 2008120303 -9999 -9999 -9999 0.0
C0G660 2008120304 -9999 -9999 -9999 0.0
C0G660 2008120305 -9999 -9999 -9999 0.0
C0G660 2008120306 -9999 -9999 -9999 0.0
C0G660 2008120307 -9999 -9999 -9999 0.0
C0G660 2008120308 -9999 -9999 -9999 0.0
C0G660 2008120309 -9999 -9999 -9999 0.0
C0G660 2008120310 -9999 -9999 -9999 0.0
C0G660 2008120311 -9999 -9999 -9999 0.0
C0G660 2008120312 -9999 -9999 -9999 0.0
C0G660 2008120313 -9999 -9999 -9999 0.0
C0G660 2008120314 -9999 -9999 -9999 0.0
C0G660 2008120315 -9999 -9999 -9999 0.0
C0G660 2008120316 -9999 -9999 -9999 0.0
C0G660 2008120317 -9999 -9999 -9999 0.0
C0G660 2008120318 -9999 -9999 -9999 0.0
C0G660 2008120319 -9999 -9999 -9999 0.0
C0G660 2008120320 -9999 -9999 -9999 0.0
C0G660 2008120321 -9999 -9999 -9999 0.0
C0G660 2008120322 -9999 -9999 -9999 0.0
C0G660 2008120323 -9999 -9999 -9999 0.0
C0G660 2008120324 -9999 -9999 -9999 0.0
C0G660 2008120401 -9999 -9999 -9999 0.0
C0G660 2008120402 -9999 -9999 -9999 0.0
C0G660 2008120403 -9999 -9999 -9999 0.0
C0G660 2008120404 -9999 -9999 -9999 0.0
C0G660 2008120405 -9999 -9999 -9999 0.0
C0G660 2008120406 -9999 -9999 -9999 0.0
C0G660 2008120407 -9999 -9999 -9999 0.0
C0G660 2008120408 -9999 -9999 -9999 0.0
C0G660 2008120409 -9999 -9999 -9999 0.0
C0G660 2008120410 -9999 -9999 -9999 0.0
C0G660 2008120411 -9999 -9999 -9999 0.0
C0G660 2008120412 -9999 -9999 -9999 0.0
C0G660 2008120413 -9999 -9999 -9999 0.0
C0G660 2008120414 -9999 -9999 -9999 0.0
C0G660 2008120415 -9999 -9999 -9999 0.0
C0G660 2008120416 -9999 -9999 -9999 0.0
C0G660 2008120417 -9999 -9999 -9999 0.0
C0G660 2008120418 -9999 -9999 -9999 0.0
C0G660 2008120419 -9999 -9999 -9999 0.0
C0G660 2008120420 -9999 -9999 -9999 0.0
C0G660 2008120421 -9999 -9999 -9999 0.0
C0G660 2008120422 -9999 -9999 -9999 0.0
C0G660 2008120423 -9999 -9999 -9999 0.0
C0G660 2008120424 -9999 -9999 -9999 0.0
C0G660 2008120501 -9999 -9999 -9999 0.0
C0G660 2008120502 -9999 -9999 -9999 0.0
C0G660 2008120503 -9999 -9999 -9999 0.0
C0G660 2008120504 -9999 -9999 -9999 0.0
C0G660 2008120505 -9999 -9999 -9999 0.0
C0G660 2008120506 -9999 -9999 -9999 0.0
C0G660 2008120507 -9999 -9999 -9999 0.0
C0G660 2008120508 -9999 -9999 -9999 0.0
C0G660 2008120509 -9999 -9999 -9999 0.0
C0G660 2008120510 -9999 -9999 -9999 0.0
C0G660 2008120511 -9999 -9999 -9999 0.0
C0G660 2008120512 -9999 -9999 -9999 0.0
C0G660 2008120513 -9999 -9999 -9999 0.0
C0G660 2008120514 -9999 -9999 -9999 0.0
C0G660 2008120515 -9999 -9999 -9999 0.0
C0G660 2008120516 -9999 -9999 -9999 0.0
C0G660 2008120517 -9999 -9999 -9999 0.0
C0G660 2008120518 -9999 -9999 -9999 0.0
C0G660 2008120519 -9999 -9999 -9999 0.0
C0G660 2008120520 -9999 -9999 -9999 0.0
C0G660 2008120521 -9999 -9999 -9999 0.0
C0G660 2008120522 -9999 -9999 -9999 0.0
C0G660 2008120523 -9999 -9999 -9999 0.0
C0G660 2008120524 -9999 -9999 -9999 0.0
C0G660 2008120601 -9999 -9999 -9999 0.0
C0G660 2008120602 -9999 -9999 -9999 0.0
C0G660 2008120603 -9999 -9999 -9999 0.0
C0G660 2008120604 -9999 -9999 -9999 0.0
C0G660 2008120605 -9999 -9999 -9999 0.0
C0G660 2008120606 -9999 -9999 -9999 0.0
C0G660 2008120607 -9999 -9999 -9999 0.0
C0G660 2008120608 -9999 -9999 -9999 0.0
C0G660 2008120609 -9999 -9999 -9999 0.0
C0G660 2008120610 -9999 -9999 -9999 0.0
C0G660 2008120611 -9999 -9999 -9999 0.0
C0G660 2008120612 -9999 -9999 -9999 0.0
C0G660 2008120613 -9999 -9999 -9999 0.0
C0G660 2008120614 -9999 -9999 -9999 0.0
C0G660 2008120615 -9999 -9999 -9999 0.0
C0G660 2008120616 -9999 -9999 -9999 0.0
C0G660 2008120617 -9999 -9999 -9999 0.0
C0G660 2008120618 -9999 -9999 -9999 0.0
C0G660 2008120619 -9999 -9999 -9999 0.0
C0G660 2008120620 -9999 -9999 -9999 0.0
C0G660 2008120621 -9999 -9999 -9999 0.0
C0G660 2008120622 -9999 -9999 -9999 0.0
C0G660 2008120623 -9999 -9999 -9999 0.0
C0G660 2008120624 -9999 -9999 -9999 0.0
C0G660 2008120701 -9999 -9999 -9999 0.0
C0G660 2008120702 -9999 -9999 -9999 0.0
C0G660 2008120703 -9999 -9999 -9999 0.0
C0G660 2008120704 -9999 -9999 -9999 0.0
C0G660 2008120705 -9999 -9999 -9999 0.0
C0G660 2008120706 -9999 -9999 -9999 0.0
C0G660 2008120707 -9999 -9999 -9999 0.0
C0G660 2008120708 -9999 -9999 -9999 0.0
C0G660 2008120709 -9999 -9999 -9999 0.0
C0G660 2008120710 -9999 -9999 -9999 0.0
C0G660 2008120711 -9999 -9999 -9999 0.0
C0G660 2008120712 -9999 -9999 -9999 0.0
C0G660 2008120713 -9999 -9999 -9999 0.0
C0G660 2008120714 -9999 -9999 -9999 0.0
C0G660 2008120715 -9999 -9999 -9999 0.0
C0G660 2008120716 -9999 -9999 -9999 0.0
C0G660 2008120717 -9999 -9999 -9999 0.0
C0G660 2008120718 -9999 -9999 -9999 0.0
C0G660 2008120719 -9999 -9999 -9999 0.0
C0G660 2008120720 -9999 -9999 -9999 0.0
C0G660 2008120721 -9999 -9999 -9999 0.0
C0G660 2008120722 -9999 -9999 -9999 0.0
C0G660 2008120723 -9999 -9999 -9999 0.0
C0G660 2008120724 -9999 -9999 -9999 0.0
C0G660 2008120801 -9999 -9999 -9999 0.0
C0G660 2008120802 -9999 -9999 -9999 0.0
C0G660 2008120803 -9999 -9999 -9999 0.0
C0G660 2008120804 -9999 -9999 -9999 0.0
C0G660 2008120805 -9999 -9999 -9999 0.0
C0G660 2008120806 -9999 -9999 -9999 0.0
C0G660 2008120807 -9999 -9999 -9999 0.0
C0G660 2008120808 -9999 -9999 -9999 0.0
C0G660 2008120809 -9999 -9999 -9999 0.0
C0G660 2008120810 -9999 -9999 -9999 0.0
C0G660 2008120811 -9999 -9999 -9999 0.0
C0G660 2008120812 -9999 -9999 -9999 0.0
C0G660 2008120813 -9999 -9999 -9999 0.0
C0G660 2008120814 -9999 -9999 -9999 0.0
C0G660 2008120815 -9999 -9999 -9999 0.0
C0G660 2008120816 -9999 -9999 -9999 0.0
C0G660 2008120817 -9999 -9999 -9999 0.0
C0G660 2008120818 -9999 -9999 -9999 0.0
C0G660 2008120819 -9999 -9999 -9999 0.0
C0G660 2008120820 -9999 -9999 -9999 0.0
C0G660 2008120821 -9999 -9999 -9999 0.0
C0G660 2008120822 -9999 -9999 -9999 0.0
C0G660 2008120823 -9999 -9999 -9999 0.0
C0G660 2008120824 -9999 -9999 -9999 0.0
C0G660 2008120901 -9999 -9999 -9999 0.0
C0G660 2008120902 -9999 -9999 -9999 0.0
C0G660 2008120903 -9999 -9999 -9999 0.0
C0G660 2008120904 -9999 -9999 -9999 0.0
C0G660 2008120905 -9999 -9999 -9999 0.0
C0G660 2008120906 -9999 -9999 -9999 0.0
C0G660 2008120907 -9999 -9999 -9999 0.0
C0G660 2008120908 -9999 -9999 -9999 0.0
C0G660 2008120909 -9999 -9999 -9999 0.0
C0G660 2008120910 -9999 -9999 -9999 0.0
C0G660 2008120911 -9999 -9999 -9999 0.0
C0G660 2008120912 -9999 -9999 -9999 0.0
C0G660 2008120913 -9999 -9999 -9999 0.0
C0G660 2008120914 -9999 -9999 -9999 0.0
C0G660 2008120915 -9999 -9999 -9999 0.0
C0G660 2008120916 -9999 -9999 -9999 0.0
C0G660 2008120917 -9999 -9999 -9999 0.0
C0G660 2008120918 -9999 -9999 -9999 0.0
C0G660 2008120919 -9999 -9999 -9999 0.0
C0G660 2008120920 -9999 -9999 -9999 0.0
C0G660 2008120921 -9999 -9999 -9999 0.0
C0G660 2008120922 -9999 -9999 -9999 0.0
C0G660 2008120923 -9999 -9999 -9999 0.0
C0G660 2008120924 -9999 -9999 -9999 0.0
C0G660 2008121001 -9999 -9999 -9999 0.0
C0G660 2008121002 -9999 -9999 -9999 0.0
C0G660 2008121003 -9999 -9999 -9999 0.0
C0G660 2008121004 -9999 -9999 -9999 0.0
C0G660 2008121005 -9999 -9999 -9999 0.0
C0G660 2008121006 -9999 -9999 -9999 0.0
C0G660 2008121007 -9999 -9999 -9999 0.0
C0G660 2008121008 -9999 -9999 -9999 0.0
C0G660 2008121009 -9999 -9999 -9999 0.0
C0G660 2008121010 -9999 -9999 -9999 0.0
C0G660 2008121011 -9999 -9999 -9999 0.0
C0G660 2008121012 -9999 -9999 -9999 0.0
C0G660 2008121013 -9999 -9999 -9999 0.0
C0G660 2008121014 -9999 -9999 -9999 0.0
C0G660 2008121015 -9999 -9999 -9999 0.0
C0G660 2008121016 -9999 -9999 -9999 0.0
C0G660 2008121017 -9999 -9999 -9999 0.0
C0G660 2008121018 -9999 -9999 -9999 0.0
C0G660 2008121019 -9999 -9999 -9999 0.0
C0G660 2008121020 -9999 -9999 -9999 0.0
C0G660 2008121021 -9999 -9999 -9999 0.0
C0G660 2008121022 -9999 -9999 -9999 0.0
C0G660 2008121023 -9999 -9999 -9999 0.0
C0G660 2008121024 -9999 -9999 -9999 0.0
C0G660 2008121101 -9999 -9999 -9999 0.0
C0G660 2008121102 -9999 -9999 -9999 0.0
C0G660 2008121103 -9999 -9999 -9999 0.0
C0G660 2008121104 -9999 -9999 -9999 0.0
C0G660 2008121105 -9999 -9999 -9999 0.0
C0G660 2008121106 -9999 -9999 -9999 0.0
C0G660 2008121107 -9999 -9999 -9999 0.0
C0G660 2008121108 -9999 -9999 -9999 0.0
C0G660 2008121109 -9999 -9999 -9999 0.0
C0G660 2008121110 -9999 -9999 -9999 0.0
C0G660 2008121111 -9999 -9999 -9999 0.0
C0G660 2008121112 -9999 -9999 -9999 0.0
C0G660 2008121113 -9999 -9999 -9999 0.0
C0G660 2008121114 -9999 -9999 -9999 0.0
C0G660 2008121115 -9999 -9999 -9999 0.0
C0G660 2008121116 -9999 -9999 -9999 0.0
C0G660 2008121117 -9999 -9999 -9999 0.0
C0G660 2008121118 -9999 -9999 -9999 0.0
C0G660 2008121119 -9999 -9999 -9999 0.0
C0G660 2008121120 -9999 -9999 -9999 0.0
C0G660 2008121121 -9999 -9999 -9999 0.0
C0G660 2008121122 -9999 -9999 -9999 0.0
C0G660 2008121123 -9999 -9999 -9999 0.0
C0G660 2008121124 -9999 -9999 -9999 0.0
C0G660 2008121201 -9999 -9999 -9999 0.0
C0G660 2008121202 -9999 -9999 -9999 0.0
C0G660 2008121203 -9999 -9999 -9999 0.0
C0G660 2008121204 -9999 -9999 -9999 0.0
C0G660 2008121205 -9999 -9999 -9999 0.0
C0G660 2008121206 -9999 -9999 -9999 0.0
C0G660 2008121207 -9999 -9999 -9999 0.0
C0G660 2008121208 -9999 -9999 -9999 0.0
C0G660 2008121209 -9999 -9999 -9999 0.0
C0G660 2008121210 -9999 -9999 -9999 0.0
C0G660 2008121211 -9999 -9999 -9999 0.0
C0G660 2008121212 -9999 -9999 -9999 0.0
C0G660 2008121213 -9999 -9999 -9999 0.0
C0G660 2008121214 -9999 -9999 -9999 0.0
C0G660 2008121215 -9999 -9999 -9999 0.0
C0G660 2008121216 -9999 -9999 -9999 0.0
C0G660 2008121217 -9999 -9999 -9999 0.0
C0G660 2008121218 -9999 -9999 -9999 0.0
C0G660 2008121219 -9999 -9999 -9999 0.0
C0G660 2008121220 -9999 -9999 -9999 0.0
C0G660 2008121221 -9999 -9999 -9999 0.0
C0G660 2008121222 -9999 -9999 -9999 0.0
C0G660 2008121223 -9999 -9999 -9999 0.0
C0G660 2008121224 -9999 -9999 -9999 0.0
C0G660 2008121301 -9999 -9999 -9999 0.0
C0G660 2008121302 -9999 -9999 -9999 0.0
C0G660 2008121303 -9999 -9999 -9999 0.0
C0G660 2008121304 -9999 -9999 -9999 0.0
C0G660 2008121305 -9999 -9999 -9999 0.0
C0G660 2008121306 -9999 -9999 -9999 0.0
C0G660 2008121307 -9999 -9999 -9999 0.0
C0G660 2008121308 -9999 -9999 -9999 0.0
C0G660 2008121309 -9999 -9999 -9999 0.0
C0G660 2008121310 -9999 -9999 -9999 0.0
C0G660 2008121311 -9999 -9999 -9999 0.0
C0G660 2008121312 -9999 -9999 -9999 0.0
C0G660 2008121313 -9999 -9999 -9999 0.0
C0G660 2008121314 -9999 -9999 -9999 0.0
C0G660 2008121315 -9999 -9999 -9999 0.0
C0G660 2008121316 -9999 -9999 -9999 0.0
C0G660 2008121317 -9999 -9999 -9999 0.0
C0G660 2008121318 -9999 -9999 -9999 0.0
C0G660 2008121319 -9999 -9999 -9999 0.0
C0G660 2008121320 -9999 -9999 -9999 0.0
C0G660 2008121321 -9999 -9999 -9999 0.0
C0G660 2008121322 -9999 -9999 -9999 0.0
C0G660 2008121323 -9999 -9999 -9999 0.0
C0G660 2008121324 -9999 -9999 -9999 0.0
C0G660 2008121401 -9999 -9999 -9999 0.0
C0G660 2008121402 -9999 -9999 -9999 0.0
C0G660 2008121403 -9999 -9999 -9999 0.0
C0G660 2008121404 -9999 -9999 -9999 0.0
C0G660 2008121405 -9999 -9999 -9999 0.0
C0G660 2008121406 -9999 -9999 -9999 0.0
C0G660 2008121407 -9999 -9999 -9999 0.0
C0G660 2008121408 -9999 -9999 -9999 0.0
C0G660 2008121409 -9999 -9999 -9999 0.0
C0G660 2008121410 -9999 -9999 -9999 0.0
C0G660 2008121411 -9999 -9999 -9999 0.0
C0G660 2008121412 -9999 -9999 -9999 0.0
C0G660 2008121413 -9999 -9999 -9999 0.0
C0G660 2008121414 -9999 -9999 -9999 0.0
C0G660 2008121415 -9999 -9999 -9999 0.0
C0G660 2008121416 -9999 -9999 -9999 0.0
C0G660 2008121417 -9999 -9999 -9999 0.0
C0G660 2008121418 -9999 -9999 -9999 0.0
C0G660 2008121419 -9999 -9999 -9999 0.0
C0G660 2008121420 -9999 -9999 -9999 0.0
C0G660 2008121421 -9999 -9999 -9999 0.0
C0G660 2008121422 -9999 -9999 -9999 0.0
C0G660 2008121423 -9999 -9999 -9999 0.0
C0G660 2008121424 -9999 -9999 -9999 0.0
C0G660 2008121501 -9999 -9999 -9999 0.0
C0G660 2008121502 -9999 -9999 -9999 0.0
C0G660 2008121503 -9999 -9999 -9999 0.0
C0G660 2008121504 -9999 -9999 -9999 0.0
C0G660 2008121505 -9999 -9999 -9999 0.0
C0G660 2008121506 -9999 -9999 -9999 0.0
C0G660 2008121507 -9999 -9999 -9999 0.0
C0G660 2008121508 -9999 -9999 -9999 0.0
C0G660 2008121509 -9999 -9999 -9999 0.0
C0G660 2008121510 -9999 -9999 -9999 0.0
C0G660 2008121511 -9999 -9999 -9999 0.0
C0G660 2008121512 -9999 -9999 -9999 0.0
C0G660 2008121513 -9999 -9999 -9999 0.0
C0G660 2008121514 -9999 -9999 -9999 0.0
C0G660 2008121515 -9999 -9999 -9999 0.0
C0G660 2008121516 -9999 -9999 -9999 0.0
C0G660 2008121517 -9999 -9999 -9999 0.0
C0G660 2008121518 -9999 -9999 -9999 0.0
C0G660 2008121519 -9999 -9999 -9999 0.0
C0G660 2008121520 -9999 -9999 -9999 0.0
C0G660 2008121521 -9999 -9999 -9999 0.0
C0G660 2008121522 -9999 -9999 -9999 0.0
C0G660 2008121523 -9999 -9999 -9999 0.0
C0G660 2008121524 -9999 -9999 -9999 0.0
C0G660 2008121601 -9999 -9999 -9999 0.0
C0G660 2008121602 -9999 -9999 -9999 0.0
C0G660 2008121603 -9999 -9999 -9999 0.0
C0G660 2008121604 -9999 -9999 -9999 0.0
C0G660 2008121605 -9999 -9999 -9999 0.0
C0G660 2008121606 -9999 -9999 -9999 0.0
C0G660 2008121607 -9999 -9999 -9999 0.0
C0G660 2008121608 -9999 -9999 -9999 0.0
C0G660 2008121609 -9999 -9999 -9999 0.0
C0G660 2008121610 -9999 -9999 -9999 0.0
C0G660 2008121611 -9999 -9999 -9999 0.0
C0G660 2008121612 -9999 -9999 -9999 0.0
C0G660 2008121613 -9999 -9999 -9999 0.0
C0G660 2008121614 -9999 -9999 -9999 0.0
C0G660 2008121615 -9999 -9999 -9999 0.0
C0G660 2008121616 -9999 -9999 -9999 0.0
C0G660 2008121617 -9999 -9999 -9999 0.0
C0G660 2008121618 -9999 -9999 -9999 0.0
C0G660 2008121619 -9999 -9999 -9999 0.0
C0G660 2008121620 -9999 -9999 -9999 0.0
C0G660 2008121621 -9999 -9999 -9999 0.0
C0G660 2008121622 -9999 -9999 -9999 0.0
C0G660 2008121623 -9999 -9999 -9999 0.0
C0G660 2008121624 -9999 -9999 -9999 0.0
C0G660 2008121701 -9999 -9999 -9999 0.0
C0G660 2008121702 -9999 -9999 -9999 0.0
C0G660 2008121703 -9999 -9999 -9999 0.0
C0G660 2008121704 -9999 -9999 -9999 0.0
C0G660 2008121705 -9999 -9999 -9999 0.0
C0G660 2008121706 -9999 -9999 -9999 0.0
C0G660 2008121707 -9999 -9999 -9999 0.0
C0G660 2008121708 -9999 -9999 -9999 0.0
C0G660 2008121709 -9999 -9999 -9999 0.0
C0G660 2008121710 -9999 -9999 -9999 0.0
C0G660 2008121711 -9999 -9999 -9999 0.0
C0G660 2008121712 -9999 -9999 -9999 0.0
C0G660 2008121713 -9999 -9999 -9999 0.0
C0G660 2008121714 -9999 -9999 -9999 0.0
C0G660 2008121715 -9999 -9999 -9999 0.0
C0G660 2008121716 -9999 -9999 -9999 0.0
C0G660 2008121717 -9999 -9999 -9999 0.0
C0G660 2008121718 -9999 -9999 -9999 0.0
C0G660 2008121719 -9999 -9999 -9999 0.0
C0G660 2008121720 -9999 -9999 -9999 0.0
C0G660 2008121721 -9999 -9999 -9999 0.0
C0G660 2008121722 -9999 -9999 -9999 0.0
C0G660 2008121723 -9999 -9999 -9999 0.0
C0G660 2008121724 -9999 -9999 -9999 0.0
C0G660 2008121801 -9999 -9999 -9999 0.0
C0G660 2008121802 -9999 -9999 -9999 0.0
C0G660 2008121803 -9999 -9999 -9999 0.0
C0G660 2008121804 -9999 -9999 -9999 0.0
C0G660 2008121805 -9999 -9999 -9999 0.0
C0G660 2008121806 -9999 -9999 -9999 0.0
C0G660 2008121807 -9999 -9999 -9999 0.0
C0G660 2008121808 -9999 -9999 -9999 0.0
C0G660 2008121809 -9999 -9999 -9999 0.0
C0G660 2008121810 -9999 -9999 -9999 0.0
C0G660 2008121811 -9999 -9999 -9999 0.0
C0G660 2008121812 -9999 -9999 -9999 0.0
C0G660 2008121813 -9999 -9999 -9999 0.0
C0G660 2008121814 -9999 -9999 -9999 0.0
C0G660 2008121815 -9999 -9999 -9999 0.0
C0G660 2008121816 -9999 -9999 -9999 0.0
C0G660 2008121817 -9999 -9999 -9999 0.0
C0G660 2008121818 -9999 -9999 -9999 0.0
C0G660 2008121819 -9999 -9999 -9999 0.0
C0G660 2008121820 -9999 -9999 -9999 0.0
C0G660 2008121821 -9999 -9999 -9999 0.0
C0G660 2008121822 -9999 -9999 -9999 0.0
C0G660 2008121823 -9999 -9999 -9999 0.0
C0G660 2008121824 -9999 -9999 -9999 0.0
C0G660 2008121901 -9999 -9999 -9999 0.0
C0G660 2008121902 -9999 -9999 -9999 0.0
C0G660 2008121903 -9999 -9999 -9999 0.0
C0G660 2008121904 -9999 -9999 -9999 0.0
C0G660 2008121905 -9999 -9999 -9999 0.0
C0G660 2008121906 -9999 -9999 -9999 0.0
C0G660 2008121907 -9999 -9999 -9999 0.0
C0G660 2008121908 -9999 -9999 -9999 0.0
C0G660 2008121909 -9999 -9999 -9999 0.0
C0G660 2008121910 -9999 -9999 -9999 0.0
C0G660 2008121911 -9999 -9999 -9999 0.0
C0G660 2008121912 -9999 -9999 -9999 0.0
C0G660 2008121913 -9999 -9999 -9999 0.0
C0G660 2008121914 -9999 -9999 -9999 0.0
C0G660 2008121915 -9999 -9999 -9999 0.0
C0G660 2008121916 -9999 -9999 -9999 0.0
C0G660 2008121917 -9999 -9999 -9999 0.0
C0G660 2008121918 -9999 -9999 -9999 0.0
C0G660 2008121919 -9999 -9999 -9999 0.0
C0G660 2008121920 -9999 -9999 -9999 0.0
C0G660 2008121921 -9999 -9999 -9999 0.0
C0G660 2008121922 -9999 -9999 -9999 0.0
C0G660 2008121923 -9999 -9999 -9999 0.0
C0G660 2008121924 -9999 -9999 -9999 0.0
C0G660 2008122001 -9999 -9999 -9999 0.0
C0G660 2008122002 -9999 -9999 -9999 0.0
C0G660 2008122003 -9999 -9999 -9999 0.0
C0G660 2008122004 -9999 -9999 -9999 0.0
C0G660 2008122005 -9999 -9999 -9999 0.0
C0G660 2008122006 -9999 -9999 -9999 0.0
C0G660 2008122007 -9999 -9999 -9999 0.0
C0G660 2008122008 -9999 -9999 -9999 0.0
C0G660 2008122009 -9999 -9999 -9999 0.0
C0G660 2008122010 -9999 -9999 -9999 0.0
C0G660 2008122011 -9999 -9999 -9999 0.0
C0G660 2008122012 -9999 -9999 -9999 0.0
C0G660 2008122013 -9999 -9999 -9999 0.0
C0G660 2008122014 -9999 -9999 -9999 0.0
C0G660 2008122015 -9999 -9999 -9999 0.0
C0G660 2008122016 -9999 -9999 -9999 0.0
C0G660 2008122017 -9999 -9999 -9999 0.0
C0G660 2008122018 -9999 -9999 -9999 0.0
C0G660 2008122019 -9999 -9999 -9999 0.0
C0G660 2008122020 -9999 -9999 -9999 0.0
C0G660 2008122021 -9999 -9999 -9999 0.0
C0G660 2008122022 -9999 -9999 -9999 0.0
C0G660 2008122023 -9999 -9999 -9999 0.0
C0G660 2008122024 -9999 -9999 -9999 0.0
C0G660 2008122101 -9999 -9999 -9999 0.0
C0G660 2008122102 -9999 -9999 -9999 0.0
C0G660 2008122103 -9999 -9999 -9999 0.0
C0G660 2008122104 -9999 -9999 -9999 0.0
C0G660 2008122105 -9999 -9999 -9999 0.0
C0G660 2008122106 -9999 -9999 -9999 0.0
C0G660 2008122107 -9999 -9999 -9999 0.0
C0G660 2008122108 -9999 -9999 -9999 0.0
C0G660 2008122109 -9999 -9999 -9999 0.0
C0G660 2008122110 -9999 -9999 -9999 0.0
C0G660 2008122111 -9999 -9999 -9999 0.0
C0G660 2008122112 -9999 -9999 -9999 0.0
C0G660 2008122113 -9999 -9999 -9999 0.0
C0G660 2008122114 -9999 -9999 -9999 0.0
C0G660 2008122115 -9999 -9999 -9999 0.0
C0G660 2008122116 -9999 -9999 -9999 0.0
C0G660 2008122117 -9999 -9999 -9999 0.0
C0G660 2008122118 -9999 -9999 -9999 0.0
C0G660 2008122119 -9999 -9999 -9999 0.0
C0G660 2008122120 -9999 -9999 -9999 0.0
C0G660 2008122121 -9999 -9999 -9999 0.0
C0G660 2008122122 -9999 -9999 -9999 0.0
C0G660 2008122123 -9999 -9999 -9999 0.0
C0G660 2008122124 -9999 -9999 -9999 0.0
C0G660 2008122201 -9999 -9999 -9999 0.0
C0G660 2008122202 -9999 -9999 -9999 0.0
C0G660 2008122203 -9999 -9999 -9999 0.0
C0G660 2008122204 -9999 -9999 -9999 0.0
C0G660 2008122205 -9999 -9999 -9999 0.0
C0G660 2008122206 -9999 -9999 -9999 0.0
C0G660 2008122207 -9999 -9999 -9999 0.0
C0G660 2008122208 -9999 -9999 -9999 0.0
C0G660 2008122209 -9999 -9999 -9999 0.0
C0G660 2008122210 -9999 -9999 -9999 0.0
C0G660 2008122211 -9999 -9999 -9999 0.0
C0G660 2008122212 -9999 -9999 -9999 0.0
C0G660 2008122213 -9999 -9999 -9999 0.0
C0G660 2008122214 -9999 -9999 -9999 0.0
C0G660 2008122215 -9999 -9999 -9999 0.0
C0G660 2008122216 -9999 -9999 -9999 0.0
C0G660 2008122217 -9999 -9999 -9999 0.0
C0G660 2008122218 -9999 -9999 -9999 0.0
C0G660 2008122219 -9999 -9999 -9999 0.0
C0G660 2008122220 -9999 -9999 -9999 0.0
C0G660 2008122221 -9999 -9999 -9999 0.0
C0G660 2008122222 -9999 -9999 -9999 0.0
C0G660 2008122223 -9999 -9999 -9999 0.0
C0G660 2008122224 -9999 -9999 -9999 0.0
C0G660 2008122301 -9999 -9999 -9999 0.0
C0G660 2008122302 -9999 -9999 -9999 0.0
C0G660 2008122303 -9999 -9999 -9999 0.0
C0G660 2008122304 -9999 -9999 -9999 0.0
C0G660 2008122305 -9999 -9999 -9999 0.0
C0G660 2008122306 -9999 -9999 -9999 0.0
C0G660 2008122307 -9999 -9999 -9999 0.0
C0G660 2008122308 -9999 -9999 -9999 0.0
C0G660 2008122309 -9999 -9999 -9999 0.0
C0G660 2008122310 -9999 -9999 -9999 0.0
C0G660 2008122311 -9999 -9999 -9999 0.0
C0G660 2008122312 -9999 -9999 -9999 0.0
C0G660 2008122313 -9999 -9999 -9999 0.0
C0G660 2008122314 -9999 -9999 -9999 0.0
C0G660 2008122315 -9999 -9999 -9999 0.0
C0G660 2008122316 -9999 -9999 -9999 0.0
C0G660 2008122317 -9999 -9999 -9999 0.0
C0G660 2008122318 -9999 -9999 -9999 0.0
C0G660 2008122319 -9999 -9999 -9999 0.0
C0G660 2008122320 -9999 -9999 -9999 0.0
C0G660 2008122321 -9999 -9999 -9999 0.0
C0G660 2008122322 -9999 -9999 -9999 0.0
C0G660 2008122323 -9999 -9999 -9999 0.0
C0G660 2008122324 -9999 -9999 -9999 0.0
C0G660 2008122401 -9999 -9999 -9999 0.0
C0G660 2008122402 -9999 -9999 -9999 0.0
C0G660 2008122403 -9999 -9999 -9999 0.0
C0G660 2008122404 -9999 -9999 -9999 0.0
C0G660 2008122405 -9999 -9999 -9999 0.0
C0G660 2008122406 -9999 -9999 -9999 0.0
C0G660 2008122407 -9999 -9999 -9999 0.0
C0G660 2008122408 -9999 -9999 -9999 0.0
C0G660 2008122409 -9999 -9999 -9999 0.0
C0G660 2008122410 -9999 -9999 -9999 0.0
C0G660 2008122411 -9999 -9999 -9999 0.0
C0G660 2008122412 -9999 -9999 -9999 0.0
C0G660 2008122413 -9999 -9999 -9999 0.0
C0G660 2008122414 -9999 -9999 -9999 0.0
C0G660 2008122415 -9999 -9999 -9999 0.0
C0G660 2008122416 -9999 -9999 -9999 0.0
C0G660 2008122417 -9999 -9999 -9999 0.0
C0G660 2008122418 -9999 -9999 -9999 0.0
C0G660 2008122419 -9999 -9999 -9999 0.0
C0G660 2008122420 -9999 -9999 -9999 0.0
C0G660 2008122421 -9999 -9999 -9999 0.0
C0G660 2008122422 -9999 -9999 -9999 0.0
C0G660 2008122423 -9999 -9999 -9999 0.0
C0G660 2008122424 -9999 -9999 -9999 0.0
C0G660 2008122501 -9999 -9999 -9999 0.0
C0G660 2008122502 -9999 -9999 -9999 0.0
C0G660 2008122503 -9999 -9999 -9999 0.0
C0G660 2008122504 -9999 -9999 -9999 0.0
C0G660 2008122505 -9999 -9999 -9999 0.0
C0G660 2008122506 -9999 -9999 -9999 0.0
C0G660 2008122507 -9999 -9999 -9999 0.0
C0G660 2008122508 -9999 -9999 -9999 0.0
C0G660 2008122509 -9999 -9999 -9999 0.0
C0G660 2008122510 -9999 -9999 -9999 0.0
C0G660 2008122511 -9999 -9999 -9999 0.0
C0G660 2008122512 -9999 -9999 -9999 0.0
C0G660 2008122513 -9999 -9999 -9999 0.0
C0G660 2008122514 -9999 -9999 -9999 0.0
C0G660 2008122515 -9999 -9999 -9999 0.0
C0G660 2008122516 -9999 -9999 -9999 0.0
C0G660 2008122517 -9999 -9999 -9999 0.0
C0G660 2008122518 -9999 -9999 -9999 0.0
C0G660 2008122519 -9999 -9999 -9999 0.0
C0G660 2008122520 -9999 -9999 -9999 0.0
C0G660 2008122521 -9999 -9999 -9999 0.0
C0G660 2008122522 -9999 -9999 -9999 0.0
C0G660 2008122523 -9999 -9999 -9999 0.0
C0G660 2008122524 -9999 -9999 -9999 0.0
C0G660 2008122601 -9999 -9999 -9999 0.0
C0G660 2008122602 -9999 -9999 -9999 0.0
C0G660 2008122603 -9999 -9999 -9999 0.0
C0G660 2008122604 -9999 -9999 -9999 0.0
C0G660 2008122605 -9999 -9999 -9999 0.0
C0G660 2008122606 -9999 -9999 -9999 0.0
C0G660 2008122607 -9999 -9999 -9999 0.0
C0G660 2008122608 -9999 -9999 -9999 0.0
C0G660 2008122609 -9999 -9999 -9999 0.0
C0G660 2008122610 -9999 -9999 -9999 0.0
C0G660 2008122611 -9999 -9999 -9999 0.0
C0G660 2008122612 -9999 -9999 -9999 0.0
C0G660 2008122613 -9999 -9999 -9999 0.0
C0G660 2008122614 -9999 -9999 -9999 0.0
C0G660 2008122615 -9999 -9999 -9999 0.0
C0G660 2008122616 -9999 -9999 -9999 0.0
C0G660 2008122617 -9999 -9999 -9999 0.0
C0G660 2008122618 -9999 -9999 -9999 0.0
C0G660 2008122619 -9999 -9999 -9999 0.0
C0G660 2008122620 -9999 -9999 -9999 0.0
C0G660 2008122621 -9999 -9999 -9999 0.0
C0G660 2008122622 -9999 -9999 -9999 0.0
C0G660 2008122623 -9999 -9999 -9999 0.0
C0G660 2008122624 -9999 -9999 -9999 0.0
C0G660 2008122701 -9999 -9999 -9999 0.0
C0G660 2008122702 -9999 -9999 -9999 0.0
C0G660 2008122703 -9999 -9999 -9999 0.0
C0G660 2008122704 -9999 -9999 -9999 0.0
C0G660 2008122705 -9999 -9999 -9999 0.0
C0G660 2008122706 -9999 -9999 -9999 0.0
C0G660 2008122707 -9999 -9999 -9999 0.0
C0G660 2008122708 -9999 -9999 -9999 0.0
C0G660 2008122709 -9999 -9999 -9999 0.0
C0G660 2008122710 -9999 -9999 -9999 0.0
C0G660 2008122711 -9999 -9999 -9999 0.0
C0G660 2008122712 -9999 -9999 -9999 0.0
C0G660 2008122713 -9999 -9999 -9999 0.0
C0G660 2008122714 -9999 -9999 -9999 0.0
C0G660 2008122715 -9999 -9999 -9999 0.0
C0G660 2008122716 -9999 -9999 -9999 0.0
C0G660 2008122717 -9999 -9999 -9999 0.0
C0G660 2008122718 -9999 -9999 -9999 0.0
C0G660 2008122719 -9999 -9999 -9999 0.0
C0G660 2008122720 -9999 -9999 -9999 0.0
C0G660 2008122721 -9999 -9999 -9999 0.0
C0G660 2008122722 -9999 -9999 -9999 0.0
C0G660 2008122723 -9999 -9999 -9999 0.0
C0G660 2008122724 -9999 -9999 -9999 0.0
C0G660 2008122801 -9999 -9999 -9999 0.0
C0G660 2008122802 -9999 -9999 -9999 0.0
C0G660 2008122803 -9999 -9999 -9999 0.0
C0G660 2008122804 -9999 -9999 -9999 0.0
C0G660 2008122805 -9999 -9999 -9999 0.0
C0G660 2008122806 -9999 -9999 -9999 0.0
C0G660 2008122807 -9999 -9999 -9999 0.0
C0G660 2008122808 -9999 -9999 -9999 0.0
C0G660 2008122809 -9999 -9999 -9999 0.0
C0G660 2008122810 -9999 -9999 -9999 0.0
C0G660 2008122811 -9999 -9999 -9999 0.0
C0G660 2008122812 -9999 -9999 -9999 0.0
C0G660 2008122813 -9999 -9999 -9999 0.0
C0G660 2008122814 -9999 -9999 -9999 0.0
C0G660 2008122815 -9999 -9999 -9999 0.0
C0G660 2008122816 -9999 -9999 -9999 0.0
C0G660 2008122817 -9999 -9999 -9999 0.0
C0G660 2008122818 -9999 -9999 -9999 0.0
C0G660 2008122819 -9999 -9999 -9999 0.0
C0G660 2008122820 -9999 -9999 -9999 0.0
C0G660 2008122821 -9999 -9999 -9999 0.0
C0G660 2008122822 -9999 -9999 -9999 0.0
C0G660 2008122823 -9999 -9999 -9999 0.0
C0G660 2008122824 -9999 -9999 -9999 0.0
C0G660 2008122901 -9999 -9999 -9999 0.0
C0G660 2008122902 -9999 -9999 -9999 0.0
C0G660 2008122903 -9999 -9999 -9999 0.0
C0G660 2008122904 -9999 -9999 -9999 0.0
C0G660 2008122905 -9999 -9999 -9999 0.0
C0G660 2008122906 -9999 -9999 -9999 0.0
C0G660 2008122907 -9999 -9999 -9999 0.0
C0G660 2008122908 -9999 -9999 -9999 0.0
C0G660 2008122909 -9999 -9999 -9999 0.0
C0G660 2008122910 -9999 -9999 -9999 0.0
C0G660 2008122911 -9999 -9999 -9999 0.0
C0G660 2008122912 -9999 -9999 -9999 0.0
C0G660 2008122913 -9999 -9999 -9999 0.0
C0G660 2008122914 -9999 -9999 -9999 0.0
C0G660 2008122915 -9999 -9999 -9999 0.0
C0G660 2008122916 -9999 -9999 -9999 0.0
C0G660 2008122917 -9999 -9999 -9999 0.0
C0G660 2008122918 -9999 -9999 -9999 0.0
C0G660 2008122919 -9999 -9999 -9999 0.0
C0G660 2008122920 -9999 -9999 -9999 0.0
C0G660 2008122921 -9999 -9999 -9999 0.0
C0G660 2008122922 -9999 -9999 -9999 0.0
C0G660 2008122923 -9999 -9999 -9999 0.5
C0G660 2008122924 -9999 -9999 -9999 0.0
C0G660 2008123001 -9999 -9999 -9999 0.0
C0G660 2008123002 -9999 -9999 -9999 0.0
C0G660 2008123003 -9999 -9999 -9999 1.0
C0G660 2008123004 -9999 -9999 -9999 0.0
C0G660 2008123005 -9999 -9999 -9999 0.5
C0G660 2008123006 -9999 -9999 -9999 0.0
C0G660 2008123007 -9999 -9999 -9999 1.5
C0G660 2008123008 -9999 -9999 -9999 1.5
C0G660 2008123009 -9999 -9999 -9999 0.5
C0G660 2008123010 -9999 -9999 -9999 0.0
C0G660 2008123011 -9999 -9999 -9999 0.0
C0G660 2008123012 -9999 -9999 -9999 0.0
C0G660 2008123013 -9999 -9999 -9999 0.0
C0G660 2008123014 -9999 -9999 -9999 0.0
C0G660 2008123015 -9999 -9999 -9999 0.0
C0G660 2008123016 -9999 -9999 -9999 0.0
C0G660 2008123017 -9999 -9999 -9999 0.0
C0G660 2008123018 -9999 -9999 -9999 0.0
C0G660 2008123019 -9999 -9999 -9999 0.0
C0G660 2008123020 -9999 -9999 -9999 0.0
C0G660 2008123021 -9999 -9999 -9999 0.0
C0G660 2008123022 -9999 -9999 -9999 0.0
C0G660 2008123023 -9999 -9999 -9999 0.0
C0G660 2008123024 -9999 -9999 -9999 0.5
C0G660 2008123101 -9999 -9999 -9999 0.5
C0G660 2008123102 -9999 -9999 -9999 1.0
C0G660 2008123103 -9999 -9999 -9999 1.5
C0G660 2008123104 -9999 -9999 -9999 1.0
C0G660 2008123105 -9999 -9999 -9999 0.0
C0G660 2008123106 -9999 -9999 -9999 0.0
C0G660 2008123107 -9999 -9999 -9999 0.0
C0G660 2008123108 -9999 -9999 -9999 0.0
C0G660 2008123109 -9999 -9999 -9999 0.0
C0G660 2008123110 -9999 -9999 -9999 0.0
C0G660 2008123111 -9999 -9999 -9999 0.0
C0G660 2008123112 -9999 -9999 -9999 0.0
C0G660 2008123113 -9999 -9999 -9999 0.0
C0G660 2008123114 -9999 -9999 -9999 0.0
C0G660 2008123115 -9999 -9999 -9999 0.0
C0G660 2008123116 -9999 -9999 -9999 0.0
C0G660 2008123117 -9999 -9999 -9999 0.0
C0G660 2008123118 -9999 -9999 -9999 0.0
C0G660 2008123119 -9999 -9999 -9999 0.0
C0G660 2008123120 -9999 -9999 -9999 0.0
C0G660 2008123121 -9999 -9999 -9999 0.0
C0G660 2008123122 -9999 -9999 -9999 0.0
C0G660 2008123123 -9999 -9999 -9999 0.0
C0G660 2008123124 -9999 -9999 -9999 0.0
