C0G650 2008060101  -9997   22.4  -9997    0.0    0.0    0.0    0.0
C0G650 2008060102  -9997   22.4  -9997    0.0    0.0    0.0    0.0
C0G650 2008060103  -9997   22.7  -9997    0.0    0.0    0.0    0.0
C0G650 2008060104  -9997   23.0  -9997    0.0    0.0    0.0    0.0
C0G650 2008060105  -9997   23.2  -9997    0.0    0.0    0.0    0.0
C0G650 2008060106  -9997   23.6  -9997    0.0    0.0    0.0    0.0
C0G650 2008060107  -9997   23.9  -9997    0.0    0.0    0.0    0.0
C0G650 2008060108  -9997   25.6  -9997    0.0    0.0    0.0    0.0
C0G650 2008060109  -9997   26.8  -9997    0.8  240.0    0.0    0.0
C0G650 2008060110  -9997   27.2  -9997    0.2    0.0    0.0    0.0
C0G650 2008060111  -9997   26.5  -9997    0.7  270.0    0.0    0.0
C0G650 2008060112  -9997   27.4  -9997    0.0    0.0    0.0    0.0
C0G650 2008060113  -9997   27.7  -9997    0.0    0.0    0.0    0.0
C0G650 2008060114  -9997   27.5  -9997    0.1    0.0    0.0    0.0
C0G650 2008060115  -9997   27.7  -9997    0.0    0.0    0.0    0.0
C0G650 2008060116  -9997   27.1  -9997    0.0    0.0    0.0    0.0
C0G650 2008060117  -9997   26.2  -9997    0.0    0.0    0.0    0.0
C0G650 2008060118  -9997   25.9  -9997    0.0    0.0    0.0    0.0
C0G650 2008060119  -9997   25.5  -9997    0.0    0.0    0.0    0.0
C0G650 2008060120  -9997   25.4  -9997    0.0    0.0    0.0    0.0
C0G650 2008060121  -9997   25.3  -9997    0.0    0.0    0.0    0.0
C0G650 2008060122  -9997   25.0  -9997  -9997    0.0    0.0    0.0
C0G650 2008060123  -9997   24.7  -9997    0.0    0.0    0.0    0.0
C0G650 2008060124  -9997   24.5  -9997    0.0    0.0    0.0    0.0
C0G650 2008060201  -9997   24.5  -9997    0.0    0.0    0.0    0.0
C0G650 2008060202  -9997   24.3  -9997    0.0    0.0    0.0    0.0
C0G650 2008060203  -9997   24.3  -9997    0.0    0.0    0.0    0.0
C0G650 2008060204  -9997   24.4  -9997    0.0    0.0    0.0    0.0
C0G650 2008060205  -9997   24.3  -9997    0.0  -9997    0.0    0.0
C0G650 2008060206  -9997   24.5  -9997    0.0    0.0    0.0    0.0
C0G650 2008060207  -9997   25.7  -9997    0.0    0.0    0.0    0.0
C0G650 2008060208  -9997   26.2  -9997    0.0    0.0    0.0    0.0
C0G650 2008060209  -9997   27.7  -9997    0.0    0.0    0.0    0.0
C0G650 2008060210  -9997   27.0  -9997    0.0    0.0    0.0    0.0
C0G650 2008060211  -9997   25.9  -9997    0.0    0.0    1.0    0.0
C0G650 2008060212  -9997   26.9  -9997    0.5  260.0    0.5    0.0
C0G650 2008060213  -9997   28.2  -9997    0.7   30.0    0.0    0.0
C0G650 2008060214  -9997   28.7  -9997    0.4   10.0    0.0    0.0
C0G650 2008060215  -9997   24.0  -9997    1.1  180.0   20.0    0.0
C0G650 2008060216  -9997   24.2  -9997    0.0    0.0    7.0    0.0
C0G650 2008060217  -9997   24.6  -9997    0.9  190.0    0.5    0.0
C0G650 2008060218  -9997   24.0  -9997    0.8  190.0    3.0    0.0
C0G650 2008060219  -9997   23.9  -9997    0.1    0.0   13.5    0.0
C0G650 2008060220  -9997   23.8  -9997    0.7  190.0    8.0    0.0
C0G650 2008060221  -9997   23.8  -9997    0.2    0.0    5.0    0.0
C0G650 2008060222  -9997   23.7  -9997    1.0  200.0    6.5    0.0
C0G650 2008060223  -9997   23.6  -9997    0.2    0.0    4.0    0.0
C0G650 2008060224  -9997   23.7  -9997    0.0    0.0    0.0    0.0
C0G650 2008060301  -9997   23.6  -9997    0.0    0.0    0.0    0.0
C0G650 2008060302  -9997   23.8  -9997    0.0    0.0    0.0    0.0
C0G650 2008060303  -9997  -9997  -9997  -9997    0.0    0.0    0.0
C0G650 2008060304  -9997   23.6  -9997    0.0    0.0    2.0    0.0
C0G650 2008060305  -9997   23.2  -9997    0.0    0.0    4.5    0.0
C0G650 2008060306  -9997   23.4  -9997    0.0    0.0    0.0    0.0
C0G650 2008060307  -9997   23.7  -9997    0.0    0.0    0.5    0.0
C0G650 2008060308  -9997   24.1  -9997    0.0    0.0    0.5    0.0
C0G650 2008060309  -9997   24.0  -9997    0.6  200.0    0.0    0.0
C0G650 2008060310  -9997   24.2  -9997    0.0    0.0    2.5    0.0
C0G650 2008060311  -9997   24.2  -9997    0.0    0.0    4.0    0.0
C0G650 2008060312  -9997   24.5  -9997    0.0    0.0    2.5    0.0
C0G650 2008060313  -9997  -9997  -9997    0.1  -9997    1.0    0.0
C0G650 2008060314  -9997   24.2  -9997    0.0    0.0    2.0    0.0
C0G650 2008060315  -9997   25.0  -9997    0.0    0.0    0.0    0.0
C0G650 2008060316  -9997   26.8  -9997    0.0    0.0    0.0    0.0
C0G650 2008060317  -9997   27.5  -9997    0.0    0.0    0.0    0.0
C0G650 2008060318  -9997   26.6  -9997    0.1    0.0    0.0    0.0
C0G650 2008060319  -9997   24.8  -9997    0.0    0.0    4.5    0.0
C0G650 2008060320  -9997   24.5  -9997    0.0    0.0    0.0    0.0
C0G650 2008060321  -9997   24.7  -9997    0.0    0.0    0.0    0.0
C0G650 2008060322  -9997   24.6  -9997    0.0    0.0    0.0    0.0
C0G650 2008060323  -9997   24.1  -9997    0.1    0.0    0.0    0.0
C0G650 2008060324  -9997   24.0  -9997    0.0    0.0    0.0    0.0
C0G650 2008060401  -9997   24.0  -9997    0.0    0.0    0.0    0.0
C0G650 2008060402  -9997   23.9  -9997    0.0    0.0    0.0    0.0
C0G650 2008060403  -9997   23.8  -9997    0.9  260.0    4.0    0.0
C0G650 2008060404  -9997   23.3  -9997    0.0    0.0    6.5    0.0
C0G650 2008060405  -9997   23.2  -9997    0.0    0.0    2.0    0.0
C0G650 2008060406  -9997   23.3  -9997    0.0    0.0    0.5    0.0
C0G650 2008060407  -9997   23.1  -9997    0.0    0.0    1.0    0.0
C0G650 2008060408  -9997   23.5  -9997    1.3  190.0    0.0    0.0
C0G650 2008060409  -9997   24.5  -9997    0.2    0.0    0.0    0.0
C0G650 2008060410  -9997   26.7  -9997    0.0    0.0    0.0    0.0
C0G650 2008060411  -9997   27.9  -9997    0.0    0.0    0.0    0.0
C0G650 2008060412  -9997   27.8  -9997    0.0    0.0    0.0    0.0
C0G650 2008060413  -9997   28.2  -9997    0.2    0.0    0.0    0.0
C0G650 2008060414  -9997   24.9  -9997    1.5  240.0    0.0    0.0
C0G650 2008060415  -9997   24.8  -9997    0.5  200.0    0.0    0.0
C0G650 2008060416  -9997   24.1  -9997    0.3  190.0    2.0    0.0
C0G650 2008060417  -9997   24.6  -9997    0.3  180.0    0.5    0.0
C0G650 2008060418  -9997   24.9  -9997    0.0    0.0    0.0    0.0
C0G650 2008060419  -9997   24.5  -9997    0.0    0.0    0.0    0.0
C0G650 2008060420  -9997   23.8  -9997    0.0    0.0    0.0    0.0
C0G650 2008060421  -9997   23.7  -9997    0.0    0.0    0.0    0.0
C0G650 2008060422  -9997   23.6  -9997    0.0    0.0    0.0    0.0
C0G650 2008060423  -9997   23.4  -9997    0.0    0.0    0.0    0.0
C0G650 2008060424  -9997   23.3  -9997    0.0    0.0    0.0    0.0
C0G650 2008060501  -9997   23.2  -9997    0.0    0.0    0.0    0.0
C0G650 2008060502  -9997   23.0  -9997    0.0    0.0    0.0    0.0
C0G650 2008060503  -9997   22.9  -9997    0.0    0.0    0.0    0.0
C0G650 2008060504  -9997   22.7  -9997    0.0    0.0    0.0    0.0
C0G650 2008060505  -9997   22.8  -9997    0.0    0.0    0.0    0.0
C0G650 2008060506  -9997   23.0  -9997    0.0    0.0    0.0    0.0
C0G650 2008060507  -9997   25.0  -9997    0.0    0.0    0.0    0.0
C0G650 2008060508  -9997   26.8  -9997    0.1    0.0    0.0    0.1
C0G650 2008060509  -9997   27.1  -9997    0.0    0.0    0.0    0.0
C0G650 2008060510  -9997   27.8  -9997    0.1    0.0    0.0    0.0
C0G650 2008060511  -9997   28.9  -9997    0.2    0.0    0.0    0.0
C0G650 2008060512  -9997   29.4  -9997    0.7  280.0    0.0    0.0
C0G650 2008060513  -9997   28.5  -9997    0.0    0.0    0.0    0.0
C0G650 2008060514  -9997   27.9  -9997    0.0    0.0    0.0    0.0
C0G650 2008060515  -9997   29.8  -9997    0.0    0.0    0.0    0.0
C0G650 2008060516  -9997   29.3  -9997    0.0    0.0    0.0    0.0
C0G650 2008060517  -9997   28.0  -9997    0.2    0.0    0.0    0.0
C0G650 2008060518  -9997   26.0  -9997    1.5  190.0    1.0    0.0
C0G650 2008060519  -9997   25.0  -9997    0.0    0.0    1.5    0.0
C0G650 2008060520  -9997   24.8  -9997    0.0    0.0    1.5    0.0
C0G650 2008060521  -9997   23.9  -9997    1.4  190.0    2.0    0.0
C0G650 2008060522  -9997   23.6  -9997    0.2    0.0    0.5    0.0
C0G650 2008060523  -9997   23.3  -9997    0.2    0.0    1.0    0.0
C0G650 2008060524  -9997   23.3  -9997    0.0    0.0    0.5    0.0
C0G650 2008060601  -9997   23.4  -9997    0.0    0.0    0.0    0.0
C0G650 2008060602  -9997   23.1  -9997    0.0    0.0    0.5    0.0
C0G650 2008060603  -9997   23.0  -9997    0.0    0.0    0.0    0.0
C0G650 2008060604  -9997   22.9  -9997    0.0    0.0    0.0    0.0
C0G650 2008060605  -9997   23.0  -9997    0.0    0.0    0.0    0.0
C0G650 2008060606  -9997   23.3  -9997    0.0    0.0    0.0    0.0
C0G650 2008060607  -9997   23.1  -9997    1.0  190.0    0.0    0.0
C0G650 2008060608  -9997   23.4  -9997    0.6  220.0    0.0    0.0
C0G650 2008060609  -9997   23.1  -9997    0.7  190.0    3.5    0.0
C0G650 2008060610  -9997   24.3  -9997    0.6  180.0    0.5    0.0
C0G650 2008060611  -9997   24.8  -9997    1.8  190.0    0.5    0.0
C0G650 2008060612  -9997   23.7  -9997    0.0    0.0    7.5    0.0
C0G650 2008060613  -9997   24.1  -9997    0.0    0.0    1.0    0.0
C0G650 2008060614  -9997   25.2  -9997    0.2    0.0    0.0    0.0
C0G650 2008060615  -9997   26.4  -9997    0.3  210.0    0.0    0.0
C0G650 2008060616  -9997   27.2  -9997    0.0    0.0    0.0    0.0
C0G650 2008060617  -9997   27.1  -9997    0.0    0.0    0.0    0.0
C0G650 2008060618  -9997   26.3  -9997    0.0    0.0    0.0    0.0
C0G650 2008060619  -9997   25.4  -9997    0.0    0.0    0.0    0.0
C0G650 2008060620  -9997   24.7  -9997    0.0    0.0    0.0    0.0
C0G650 2008060621  -9997  -9997  -9997  -9997  -9997    0.0  -9997
C0G650 2008060622  -9997  -9997  -9997  -9997  -9997    0.0  -9997
C0G650 2008060623  -9997  -9997  -9997  -9997  -9997    0.0  -9997
C0G650 2008060624  -9997  -9997  -9997  -9997  -9997    0.0    0.0
C0G650 2008060701  -9997  -9997  -9997  -9997  -9997    0.0   -9.6
C0G650 2008060702  -9997  -9997  -9997  -9997  -9997    0.0   -9.6
C0G650 2008060703  -9997  -9997  -9997  -9997  -9997    0.0   -9.6
C0G650 2008060704  -9997  -9997  -9997  -9997  -9997    0.0   -9.6
C0G650 2008060705  -9997  -9997  -9997  -9997  -9997    0.0   -9.6
C0G650 2008060706  -9997  -9997  -9997  -9997  -9997    0.0   -9.6
C0G650 2008060707  -9997  -9997  -9997  -9997  -9997    0.0   -9.6
C0G650 2008060708  -9997  -9997  -9997  -9997  -9997    0.0   -9.6
C0G650 2008060709  -9997  -9997  -9997  -9997  -9997    0.0   -9.6
C0G650 2008060710  -9997  -9997  -9997  -9997  -9997    0.0   -9.6
C0G650 2008060711  -9997  -9997  -9997  -9997  -9997    0.0   -9.6
C0G650 2008060712  -9997  -9997  -9997  -9997  -9997    0.0   -9.6
C0G650 2008060713  -9997  -9997  -9997  -9997  -9997    0.0   -9.6
C0G650 2008060714  -9997  -9997  -9997  -9997  -9997    0.0   -9.6
C0G650 2008060715  -9997  -9997  -9997  -9997  -9997    0.0   -9.6
C0G650 2008060716  -9997  -9997  -9997  -9997  -9997    0.0   -9.6
C0G650 2008060717  -9997   29.2  -9997    0.0    0.0    0.0    1.2
C0G650 2008060718  -9997   28.2  -9997    0.2    0.0    0.0    0.0
C0G650 2008060719  -9997   27.0  -9997    0.0    0.0    0.0    0.0
C0G650 2008060720  -9997   26.5  -9997    0.0    0.0    0.0    0.0
C0G650 2008060721  -9997   26.5  -9997    0.0    0.0    0.0    0.0
C0G650 2008060722  -9997   25.9  -9997    0.0    0.0    0.0    0.0
C0G650 2008060723  -9997   25.5  -9997    0.0    0.0    0.0    0.0
C0G650 2008060724  -9997   24.8  -9997    0.0    0.0    0.0    0.0
C0G650 2008060801  -9997   24.9  -9997    0.0    0.0    0.0    0.0
C0G650 2008060802  -9997   24.5  -9997    0.0    0.0    0.0    0.0
C0G650 2008060803  -9997   24.3  -9997    0.0    0.0    0.0    0.0
C0G650 2008060804  -9997   24.4  -9997    0.0    0.0    0.0    0.0
C0G650 2008060805  -9997   24.3  -9997    0.0    0.0    0.0    0.0
C0G650 2008060806  -9997   25.2  -9997    0.0    0.0    0.0    0.0
C0G650 2008060807  -9997   26.9  -9997    0.0    0.0    0.0    0.0
C0G650 2008060808  -9997  -9997  -9997  -9997  -9997    0.0    0.0
C0G650 2008060809  -9997   30.2  -9997    1.8  190.0    0.0    0.0
C0G650 2008060810  -9997   31.0  -9997    0.9  200.0    0.0    0.0
C0G650 2008060811  -9997   31.5  -9997    1.8  210.0    0.0    0.0
C0G650 2008060812  -9997   31.2  -9997    1.3  270.0    0.0    0.0
C0G650 2008060813  -9997   33.2  -9997    1.1  250.0    0.0    0.2
C0G650 2008060814  -9997   32.7  -9997    0.7  270.0    0.0    0.0
C0G650 2008060815  -9997   32.0  -9997    1.6  270.0    0.0    0.0
C0G650 2008060816  -9997   31.7  -9997    1.7  270.0    0.0    0.5
C0G650 2008060817  -9997   29.5  -9997    0.6  170.0    0.0    0.0
C0G650 2008060818  -9997   29.3  -9997    0.1    0.0    0.0    0.0
C0G650 2008060819  -9997   28.8  -9997    0.0    0.0    0.0    0.0
C0G650 2008060820  -9997   28.2  -9997    0.2    0.0    0.0    0.0
C0G650 2008060821  -9997   27.8  -9997    0.0    0.0    0.0    0.0
C0G650 2008060822  -9997   27.0  -9997    0.0    0.0    0.0    0.0
C0G650 2008060823  -9997   26.3  -9997    0.0    0.0    0.0    0.0
C0G650 2008060824  -9997   25.8  -9997    0.0    0.0    0.0    0.0
C0G650 2008060901  -9997   25.5  -9997    0.0    0.0    0.0    0.0
C0G650 2008060902  -9997   25.1  -9997    0.0    0.0    0.0    0.0
C0G650 2008060903  -9997   24.7  -9997    0.0    0.0    0.0    0.0
C0G650 2008060904  -9997   24.6  -9997    0.0    0.0    0.0    0.0
C0G650 2008060905  -9997   24.4  -9997    0.0    0.0    0.0    0.0
C0G650 2008060906  -9997   25.2  -9997    0.0    0.0    0.0    0.0
C0G650 2008060907  -9997   27.6  -9997    0.6  200.0    0.0    0.2
C0G650 2008060908  -9997   28.9  -9997    1.4  210.0    0.0    0.7
C0G650 2008060909  -9997   30.8  -9997    1.4  240.0    0.0    1.0
C0G650 2008060910  -9997   31.8  -9997    2.1  240.0    0.0    1.0
C0G650 2008060911  -9997   31.6  -9997    1.7  240.0    0.0    0.8
C0G650 2008060912  -9997   33.4  -9997    1.7  220.0    0.0    0.8
C0G650 2008060913  -9997   33.5  -9997    1.7  270.0    0.0    0.7
C0G650 2008060914  -9997   32.5  -9997    1.5  270.0    0.0    0.7
C0G650 2008060915  -9997   33.3  -9997    1.6  260.0    0.0    0.9
C0G650 2008060916  -9997   32.5  -9997    1.4  270.0    0.0    1.0
C0G650 2008060917  -9997   30.5  -9997    0.8  180.0    0.0    0.1
C0G650 2008060918  -9997   26.3  -9997    0.6  210.0    0.0    0.0
C0G650 2008060919  -9997   26.6  -9997    0.1    0.0    0.0    0.0
C0G650 2008060920  -9997   26.7  -9997    0.0    0.0    0.0    0.0
C0G650 2008060921  -9997  -9997  -9997    0.0    0.0    0.0    0.0
C0G650 2008060922  -9997   26.5  -9997    0.0    0.0    0.0    0.0
C0G650 2008060923  -9997   25.8  -9997    0.0    0.0    0.0    0.0
C0G650 2008060924  -9997   25.3  -9997    0.0    0.0    0.0    0.0
C0G650 2008061001  -9997   25.1  -9997    0.0    0.0    0.0    0.0
C0G650 2008061002  -9997   24.6  -9997    0.0    0.0    0.0    0.0
C0G650 2008061003  -9997   24.4  -9997    0.0    0.0    0.0    0.0
C0G650 2008061004  -9997   24.6  -9997    0.0    0.0    0.0    0.0
C0G650 2008061005  -9997   24.1  -9997    0.0    0.0    0.0    0.0
C0G650 2008061006  -9997   25.9  -9997    0.0    0.0    0.0    0.1
C0G650 2008061007  -9997   27.1  -9997    0.0    0.0    0.0    0.2
C0G650 2008061008  -9997  -9997  -9997  -9997  -9997    0.0    0.7
C0G650 2008061009  -9997   30.3  -9997    1.5  220.0    0.0    1.0
C0G650 2008061010  -9997   31.8  -9997    2.8  -9997    0.0    1.0
C0G650 2008061011  -9997   32.4  -9997    2.9  220.0    0.0    1.0
C0G650 2008061012  -9997   33.1  -9997    2.9  250.0    0.0    1.0
C0G650 2008061013  -9997   34.1  -9997    2.5  250.0    0.0   -9.6
C0G650 2008061014  -9997   34.2  -9997    1.7  260.0    0.0    2.0
C0G650 2008061015  -9997   32.8  -9997    2.9  260.0    0.0    1.0
C0G650 2008061016  -9997   32.0  -9997    2.2  270.0    0.0    1.0
C0G650 2008061017  -9997   30.8  -9997    1.7  250.0    0.0    0.0
C0G650 2008061018  -9997   29.4  -9997    0.9  240.0    0.0    0.0
C0G650 2008061019  -9997  -9997  -9997  -9997  -9997    0.0    0.0
C0G650 2008061020  -9997  -9997  -9997  -9997  -9997    0.0    0.0
C0G650 2008061021  -9997   27.0  -9997    0.0    0.0    0.0    0.0
C0G650 2008061022  -9997   26.5  -9997    0.7  190.0    0.0    0.0
C0G650 2008061023  -9997   26.4  -9997    0.0    0.0    0.0    0.0
C0G650 2008061024  -9997   26.0  -9997    0.0    0.0    0.0    0.0
C0G650 2008061101  -9997   25.7  -9997    0.0    0.0    0.0    0.0
C0G650 2008061102  -9997   25.7  -9997    0.0    0.0    0.0    0.0
C0G650 2008061103  -9997   25.2  -9997    0.0    0.0    0.0    0.0
C0G650 2008061104  -9997   24.7  -9997    0.0    0.0    0.0    0.0
C0G650 2008061105  -9997   24.4  -9997    0.0    0.0    0.0    0.0
C0G650 2008061106  -9997   24.9  -9997    0.0    0.0    0.0    0.0
C0G650 2008061107  -9997   27.2  -9997    1.2  180.0    0.0    0.0
C0G650 2008061108  -9997   28.8  -9997    2.2  210.0    0.0    0.6
C0G650 2008061109  -9997   29.9  -9997    1.8  210.0    0.0    0.7
C0G650 2008061110  -9997   31.2  -9997    2.2  230.0    0.0    1.0
C0G650 2008061111  -9997   31.8  -9997    1.9  220.0    0.0    0.9
C0G650 2008061112  -9997   31.9  -9997    2.7  220.0    0.0    0.6
C0G650 2008061113  -9997   32.4  -9997    2.0  230.0    0.0    0.7
C0G650 2008061114  -9997   33.0  -9997    1.8  260.0    0.0    0.4
C0G650 2008061115  -9997   32.5  -9997    2.4  260.0    0.0    0.0
C0G650 2008061116  -9997   32.5  -9997    1.8  250.0    0.0    0.6
C0G650 2008061117  -9997   31.8  -9997    1.6  250.0    0.0    0.1
C0G650 2008061118  -9997   29.9  -9997    1.8  250.0    0.0    0.0
C0G650 2008061119  -9997  -9997  -9997    1.1  220.0    0.0    0.0
C0G650 2008061120  -9997   28.0  -9997    0.4  180.0    0.0    0.0
C0G650 2008061121  -9997   27.5  -9997    0.7  190.0    0.0    0.0
C0G650 2008061122  -9997   27.2  -9997    0.3  190.0    0.0    0.0
C0G650 2008061123  -9997   26.3  -9997    0.0    0.0    0.0    0.0
C0G650 2008061124  -9997   26.1  -9997    0.0    0.0    0.0    0.0
C0G650 2008061201  -9997   26.0  -9997    0.3  190.0    0.0    0.0
C0G650 2008061202  -9997   26.2  -9997    0.3  180.0    0.0    0.0
C0G650 2008061203  -9997   26.3  -9997    0.6  180.0    0.0    0.0
C0G650 2008061204  -9997   26.3  -9997    0.2    0.0    0.0    0.0
C0G650 2008061205  -9997   26.4  -9997    0.1    0.0    0.0    0.0
C0G650 2008061206  -9997   25.9  -9997    0.0    0.0    0.0    0.0
C0G650 2008061207  -9997   26.6  -9997    0.2    0.0    0.0   -9.6
C0G650 2008061208  -9997   27.5  -9997    0.9  210.0    0.0    0.1
C0G650 2008061209  -9997   29.5  -9997    0.2    0.0    0.0    0.1
C0G650 2008061210  -9997   26.9  -9997    1.3  260.0    1.0    0.0
C0G650 2008061211  -9997   26.0  -9997    0.0    0.0    1.5    0.0
C0G650 2008061212  -9997   30.3  -9997    2.0  180.0    0.0    0.6
C0G650 2008061213  -9997   30.5  -9997    1.0  260.0    1.0    0.3
C0G650 2008061214  -9997   30.6  -9997    1.9  260.0    0.0    0.1
C0G650 2008061215  -9997   30.7  -9997    1.3  260.0    0.0    0.1
C0G650 2008061216  -9997   29.5  -9997    1.4  270.0    0.0    0.0
C0G650 2008061217  -9997   28.7  -9997    1.1  260.0    0.0    0.0
C0G650 2008061218  -9997   28.1  -9997    0.6  270.0    0.0    0.0
C0G650 2008061219  -9997   25.5  -9997    0.8   30.0    0.0    0.0
C0G650 2008061220  -9997   24.6  -9997    1.1   50.0    1.0    0.0
C0G650 2008061221  -9997   24.5  -9997    0.0    0.0    0.0    0.0
C0G650 2008061222  -9997   23.9  -9997    0.0    0.0    0.0    0.0
C0G650 2008061223  -9997   24.2  -9997    0.0    0.0    0.0    0.0
C0G650 2008061224  -9997   23.9  -9997    0.0    0.0    0.0    0.0
C0G650 2008061301  -9997   23.6  -9997    0.0    0.0    0.0    0.0
C0G650 2008061302  -9997   23.2  -9997    0.0    0.0    0.0    0.0
C0G650 2008061303  -9997   23.1  -9997    0.0    0.0    0.0    0.0
C0G650 2008061304  -9997   22.7  -9997    0.0    0.0    0.0    0.0
C0G650 2008061305  -9997   22.4  -9997    0.0    0.0    0.0    0.0
C0G650 2008061306  -9997   23.7  -9997    0.0    0.0    0.0    0.1
C0G650 2008061307  -9997   26.5  -9997    0.0    0.0    0.0    0.0
C0G650 2008061308  -9997   28.0  -9997    0.1    0.0    0.0   -9.6
C0G650 2008061309  -9997   30.1  -9997    0.2    0.0    0.0    1.6
C0G650 2008061310  -9997   31.0  -9997    0.8  250.0    0.0    0.8
C0G650 2008061311  -9997   31.8  -9997    0.9  190.0    0.0    0.6
C0G650 2008061312  -9997   32.0  -9997    0.5  230.0    0.0    0.1
C0G650 2008061313  -9997   31.4  -9997    1.1  270.0    0.0    0.0
C0G650 2008061314  -9997   30.4  -9997    0.5  270.0    0.0    0.0
C0G650 2008061315  -9997   30.3  -9997    0.0    0.0    0.0    0.0
C0G650 2008061316  -9997   30.5  -9997    0.1    0.0    0.0    0.0
C0G650 2008061317  -9997   27.6  -9997    1.0   80.0    0.0    0.0
C0G650 2008061318  -9997  -9997  -9997    0.0    0.0    0.0    0.0
C0G650 2008061319  -9997   26.8  -9997    0.0    0.0    0.0    0.0
C0G650 2008061320  -9997   27.2  -9997    0.0    0.0    0.0    0.0
C0G650 2008061321  -9997   26.9  -9997    0.0    0.0    0.0    0.0
C0G650 2008061322  -9997   26.4  -9997    0.0    0.0    0.0    0.0
C0G650 2008061323  -9997   26.4  -9997    0.0    0.0    0.0    0.0
C0G650 2008061324  -9997   26.2  -9997    0.0    0.0    0.0    0.0
C0G650 2008061401  -9997   26.2  -9997    0.0    0.0    0.0    0.0
C0G650 2008061402  -9997   26.1  -9997    0.0    0.0    0.0    0.0
C0G650 2008061403  -9997   25.7  -9997    0.0    0.0    0.0    0.0
C0G650 2008061404  -9997   25.8  -9997    0.0    0.0    0.0    0.0
C0G650 2008061405  -9997   25.8  -9997    0.0    0.0    0.0    0.0
C0G650 2008061406  -9997   26.1  -9997    0.6  190.0    0.0    0.0
C0G650 2008061407  -9997   26.1  -9997    0.0    0.0    0.0    0.0
C0G650 2008061408  -9997   26.3  -9997    0.8  200.0    0.0    0.0
C0G650 2008061409  -9997   25.6  -9997    0.0    0.0    0.0    0.0
C0G650 2008061410  -9997   23.7  -9997    0.1    0.0    3.5    0.0
C0G650 2008061411  -9997  -9997  -9997  -9997  -9997    8.5    0.0
C0G650 2008061412  -9997  -9997  -9997  -9997  -9997    5.5    0.0
C0G650 2008061413  -9997   23.8  -9997    0.1    0.0    4.0    0.0
C0G650 2008061414  -9997   24.0  -9997    1.0  220.0    0.5    0.0
C0G650 2008061415  -9997   23.9  -9997    0.1    0.0    3.0    0.0
C0G650 2008061416  -9997   24.0  -9997    0.0    0.0    2.0    0.0
C0G650 2008061417  -9997   23.8  -9997    0.0    0.0    2.0    0.0
C0G650 2008061418  -9997   23.1  -9997    0.8  210.0   12.0    0.0
C0G650 2008061419  -9997   22.8  -9997    0.1    0.0   19.5    0.0
C0G650 2008061420  -9997   23.0  -9997    0.3  180.0    2.5    0.0
C0G650 2008061421  -9997   22.8  -9997    0.0    0.0    3.0    0.0
C0G650 2008061422  -9997   23.1  -9997    0.5  190.0    0.0    0.0
C0G650 2008061423  -9997   23.6  -9997    0.1    0.0    0.5    0.0
C0G650 2008061424  -9997   23.9  -9997    0.0    0.0    0.0    0.0
C0G650 2008061501  -9997   24.4  -9997    0.0    0.0    0.0    0.0
C0G650 2008061502  -9997   24.6  -9997    0.5  210.0    0.0    0.0
C0G650 2008061503  -9997   24.0  -9997    0.0    0.0    0.0    0.0
C0G650 2008061504  -9997   23.7  -9997    0.0    0.0    0.0    0.0
C0G650 2008061505  -9997   23.5  -9997    0.0    0.0    0.0    0.0
C0G650 2008061506  -9997   24.1  -9997    0.0    0.0    0.0    0.0
C0G650 2008061507  -9997   25.4  -9997    0.0    0.0    0.0    0.0
C0G650 2008061508  -9997   27.7  -9997    0.0    0.0    0.0    0.0
C0G650 2008061509  -9997   27.3  -9997    1.1  220.0    0.0    0.0
C0G650 2008061510  -9997   27.3  -9997    1.1  210.0    0.0    0.0
C0G650 2008061511  -9997   29.8  -9997    0.6  240.0    0.0    0.0
C0G650 2008061512  -9997   28.8  -9997    0.8  230.0    0.0    0.0
C0G650 2008061513  -9997   29.2  -9997    2.1  220.0    0.0    0.0
C0G650 2008061514  -9997   29.2  -9997    1.7  230.0    0.0    0.0
C0G650 2008061515  -9997   28.4  -9997    2.3  190.0    0.0    0.0
C0G650 2008061516  -9997   29.0  -9997    2.1  230.0    0.0    0.0
C0G650 2008061517  -9997   28.1  -9997    1.3  180.0    0.0    0.0
C0G650 2008061518  -9997   27.9  -9997    0.0    0.0    0.0    0.0
C0G650 2008061519  -9997   26.7  -9997    0.6  250.0    0.0    0.0
C0G650 2008061520  -9997   26.1  -9997    0.9  200.0    0.0    0.0
C0G650 2008061521  -9997   26.2  -9997    0.3  220.0    0.0    0.0
C0G650 2008061522  -9997   25.8  -9997    1.6  200.0    0.0    0.0
C0G650 2008061523  -9997   24.9  -9997    0.0    0.0    0.0    0.0
C0G650 2008061524  -9997   25.2  -9997    0.0    0.0    0.0    0.0
C0G650 2008061601  -9997   24.8  -9997    0.0    0.0    0.0    0.0
C0G650 2008061602  -9997   24.0  -9997    0.0    0.0    0.0    0.0
C0G650 2008061603  -9997   23.6  -9997    0.0    0.0    0.0    0.0
C0G650 2008061604  -9997   23.9  -9997    0.0    0.0    0.0    0.0
C0G650 2008061605  -9997   23.3  -9997    0.0    0.0    0.0    0.0
C0G650 2008061606  -9997   24.0  -9997    0.0    0.0    0.0    0.0
C0G650 2008061607  -9997   26.1  -9997    0.0    0.0    0.0    0.0
C0G650 2008061608  -9997   26.8  -9997    0.2    0.0    0.0    0.5
C0G650 2008061609  -9997   29.0  -9997    0.8  210.0    0.0    0.6
C0G650 2008061610  -9997   29.7  -9997    1.8  200.0    0.0    0.9
C0G650 2008061611  -9997   28.0  -9997    2.3  190.0    0.0    0.2
C0G650 2008061612  -9997   27.6  -9997    2.8  200.0    0.0    0.0
C0G650 2008061613  -9997   26.7  -9997    1.9  240.0    0.0    0.0
C0G650 2008061614  -9997   27.1  -9997    2.6  220.0    0.0    0.0
C0G650 2008061615  -9997   26.1  -9997    2.5  240.0    0.0    0.0
C0G650 2008061616  -9997   27.2  -9997    1.7  240.0    0.0    0.0
C0G650 2008061617  -9997   26.9  -9997    2.8  240.0    0.0    0.0
C0G650 2008061618  -9997   26.1  -9997    1.8  220.0    0.0    0.0
C0G650 2008061619  -9997   25.8  -9997    2.7  200.0    0.0    0.0
C0G650 2008061620  -9997   25.3  -9997    1.7  220.0    0.0    0.0
C0G650 2008061621  -9997   24.4  -9997    2.0  180.0    0.0    0.0
C0G650 2008061622  -9997   23.8  -9997    0.6  160.0    1.5    0.0
C0G650 2008061623  -9997   23.6  -9997    0.0    0.0    0.5    0.0
C0G650 2008061624  -9997   23.7  -9997    0.0    0.0    0.0    0.0
C0G650 2008061701  -9997   23.5  -9997    0.0    0.0    0.5    0.0
C0G650 2008061702  -9997   23.5  -9997    0.0    0.0    0.0    0.0
C0G650 2008061703  -9997   23.3  -9997    0.0    0.0    0.0    0.0
C0G650 2008061704  -9997   23.0  -9997    0.0  -9997    0.0    0.0
C0G650 2008061705  -9997   23.2  -9997    0.0    0.0    0.0    0.0
C0G650 2008061706  -9997   24.0  -9997    0.1    0.0    0.0    0.0
C0G650 2008061707  -9997   25.6  -9997    0.1    0.0    0.0   -9.6
C0G650 2008061708  -9997   27.4  -9997    0.9  190.0    0.0    0.0
C0G650 2008061709  -9997   28.9  -9997    1.1  210.0    0.0    0.3
C0G650 2008061710  -9997   31.1  -9997    3.1  240.0    0.0    1.0
C0G650 2008061711  -9997   30.5  -9997    4.1  240.0    0.0    1.0
C0G650 2008061712  -9997   30.3  -9997    4.1  230.0    0.0    0.5
C0G650 2008061713  -9997   31.5  -9997    3.1  230.0    0.0    0.4
C0G650 2008061714  -9997   32.5  -9997    3.4  240.0    0.0    0.8
C0G650 2008061715  -9997   32.5  -9997    2.8  250.0    0.0    1.0
C0G650 2008061716  -9997   31.8  -9997    2.3  260.0    0.0    0.1
C0G650 2008061717  -9997   30.8  -9997    1.9  250.0    0.0    0.0
C0G650 2008061718  -9997   29.2  -9997    1.7  250.0    0.0    0.0
C0G650 2008061719  -9997   27.8  -9997    2.5  240.0    0.0    0.0
C0G650 2008061720  -9997   27.4  -9997    2.1  230.0    0.0    0.0
C0G650 2008061721  -9997   27.1  -9997    1.4  220.0    0.0    0.0
C0G650 2008061722  -9997   26.9  -9997    1.1  230.0    0.0    0.0
C0G650 2008061723  -9997   26.1  -9997    0.0    0.0    0.0    0.0
C0G650 2008061724  -9997   25.5  -9997    0.0    0.0    0.0    0.0
C0G650 2008061801  -9997   24.9  -9997    0.0    0.0    0.0    0.0
C0G650 2008061802  -9997   24.6  -9997    0.0    0.0    0.0    0.0
C0G650 2008061803  -9997   24.4  -9997    0.0    0.0    0.0    0.0
C0G650 2008061804  -9997   24.0  -9997    0.0    0.0    0.0    0.0
C0G650 2008061805  -9997   23.7  -9997    0.0    0.0    0.0    0.0
C0G650 2008061806  -9997   24.4  -9997    0.0    0.0    0.0    0.0
C0G650 2008061807  -9997   26.9  -9997    0.0    0.0    0.0    0.0
C0G650 2008061808  -9997   29.2  -9997    0.0    0.0    0.0    0.3
C0G650 2008061809  -9997   31.1  -9997    1.4  180.0    0.0    1.0
C0G650 2008061810  -9997   32.2  -9997    2.0  200.0    0.0    1.0
C0G650 2008061811  -9997   32.3  -9997    2.2  240.0    0.0    0.8
C0G650 2008061812  -9997   33.5  -9997    2.6  250.0    0.0    1.0
C0G650 2008061813  -9997   33.8  -9997    1.7  260.0    0.0    1.0
C0G650 2008061814  -9997   33.8  -9997    2.2  250.0    0.0    1.0
C0G650 2008061815  -9997   33.4  -9997    2.5  270.0    0.0    0.1
C0G650 2008061816  -9997   32.0  -9997    1.5  270.0    0.0    0.0
C0G650 2008061817  -9997   31.0  -9997    1.3  260.0    0.0    0.0
C0G650 2008061818  -9997   30.3  -9997    1.4  240.0    0.0    0.0
C0G650 2008061819  -9997   29.4  -9997    0.5  250.0    0.0    0.0
C0G650 2008061820  -9997   28.9  -9997    0.0    0.0    0.0    0.0
C0G650 2008061821  -9997   27.2  -9997    1.0  180.0    0.0    0.0
C0G650 2008061822  -9997   26.8  -9997    0.0    0.0    0.0    0.0
C0G650 2008061823  -9997   26.5  -9997    0.0    0.0    0.0    0.0
C0G650 2008061824  -9997   25.9  -9997    0.0    0.0    0.0    0.0
C0G650 2008061901  -9997   25.6  -9997    0.0    0.0    0.0    0.0
C0G650 2008061902  -9997   25.2  -9997    0.0    0.0    0.0    0.0
C0G650 2008061903  -9997   24.8  -9997    0.0    0.0    0.0    0.0
C0G650 2008061904  -9997   24.7  -9997    0.0    0.0    0.0    0.0
C0G650 2008061905  -9997   25.1  -9997    0.0    0.0    0.0    0.0
C0G650 2008061906  -9997   25.7  -9997    0.0    0.0    0.0    0.0
C0G650 2008061907  -9997   27.2  -9997    0.0    0.0    0.0    0.0
C0G650 2008061908  -9997   29.8  -9997    0.0    0.0    0.0    0.7
C0G650 2008061909  -9997   31.5  -9997    0.6  240.0    0.0    1.0
C0G650 2008061910  -9997   33.3  -9997    0.7  210.0    0.0    1.0
C0G650 2008061911  -9997   32.9  -9997    1.0  210.0    0.0    0.6
C0G650 2008061912  -9997   34.3  -9997    1.3  200.0    0.0    0.8
C0G650 2008061913  -9997   34.0  -9997    0.2    0.0    0.0    0.6
C0G650 2008061914  -9997   32.4  -9997    1.6  270.0    0.0    0.3
C0G650 2008061915  -9997   32.1  -9997    0.8  270.0    0.0    0.1
C0G650 2008061916  -9997   31.4  -9997    0.2    0.0    0.0    0.0
C0G650 2008061917  -9997   30.5  -9997    0.1    0.0    0.0    0.0
C0G650 2008061918  -9997   29.3  -9997    0.0    0.0    0.0    0.0
C0G650 2008061919  -9997   29.1  -9997    0.0    0.0    0.0    0.0
C0G650 2008061920  -9997   28.3  -9997    0.0    0.0    0.0    0.0
C0G650 2008061921  -9997   28.0  -9997    0.0    0.0    0.0    0.0
C0G650 2008061922  -9997   27.2  -9997    1.1  190.0    0.0    0.0
C0G650 2008061923  -9997   27.1  -9997    0.0    0.0    0.0    0.0
C0G650 2008061924  -9997   26.7  -9997    0.0    0.0    0.0    0.0
C0G650 2008062001  -9997   26.4  -9997    0.0    0.0    0.0    0.0
C0G650 2008062002  -9997   26.5  -9997    0.0    0.0    0.0    0.0
C0G650 2008062003  -9997   27.0  -9997    0.0    0.0    0.0    0.0
C0G650 2008062004  -9997   26.6  -9997    0.0    0.0    0.0    0.0
C0G650 2008062005  -9997   25.6  -9997    0.0    0.0    0.0    0.0
C0G650 2008062006  -9997   26.8  -9997    0.0    0.0    0.0    0.1
C0G650 2008062007  -9997   28.5  -9997    0.0    0.0    0.0    0.1
C0G650 2008062008  -9997   29.9  -9997    0.0    0.0    0.0    0.8
C0G650 2008062009  -9997   30.0  -9997    0.0    0.0    0.0    0.2
C0G650 2008062010  -9997   29.9  -9997    0.0    0.0    0.0    0.0
C0G650 2008062011  -9997   31.9  -9997    0.4   20.0    0.0    0.2
C0G650 2008062012  -9997   30.8  -9997    1.0  340.0    0.0    0.2
C0G650 2008062013  -9997   32.4  -9997    0.5  330.0    0.0    0.2
C0G650 2008062014  -9997   32.5  -9997    0.5  310.0    0.0    0.7
C0G650 2008062015  -9997   33.2  -9997    0.5   10.0    0.0    1.0
C0G650 2008062016  -9997   32.5  -9997    0.7  270.0    0.0    0.9
C0G650 2008062017  -9997   31.7  -9997    0.1    0.0    0.0    0.0
C0G650 2008062018  -9997   30.6  -9997    0.0    0.0    0.0    0.0
C0G650 2008062019  -9997   29.3  -9997    0.2    0.0    0.0    0.0
C0G650 2008062020  -9997   28.7  -9997    0.0    0.0    0.0    0.0
C0G650 2008062021  -9997   28.3  -9997    0.0    0.0    0.0    0.0
C0G650 2008062022  -9997   28.0  -9997    0.0    0.0    0.0    0.0
C0G650 2008062023  -9997   27.9  -9997    0.1    0.0    0.0    0.0
C0G650 2008062024  -9997   27.6  -9997    0.0    0.0    0.0    0.0
C0G650 2008062101  -9997   27.3  -9997    0.0    0.0    0.0    0.0
C0G650 2008062102  -9997   27.3  -9997    0.0    0.0    0.0    0.0
C0G650 2008062103  -9997   27.1  -9997  -9997    0.0    0.0    0.0
C0G650 2008062104  -9997   26.3  -9997    0.0    0.0    0.0    0.0
C0G650 2008062105  -9997   25.6  -9997    0.0    0.0    0.0    0.0
C0G650 2008062106  -9997   26.0  -9997    0.0    0.0    0.0    0.0
C0G650 2008062107  -9997   28.4  -9997    0.0    0.0    0.0    0.0
C0G650 2008062108  -9997   28.7  -9997    0.3  260.0    0.0    0.1
C0G650 2008062109  -9997   30.0  -9997    1.2  230.0    0.0    0.3
C0G650 2008062110  -9997   31.2  -9997    0.9  260.0    0.0    0.3
C0G650 2008062111  -9997   31.3  -9997    0.2    0.0    0.0    0.3
C0G650 2008062112  -9997   32.6  -9997    1.4  270.0    0.0    0.3
C0G650 2008062113  -9997   32.5  -9997    0.9  280.0    0.0    0.4
C0G650 2008062114  -9997   32.6  -9997    0.4  280.0    0.0    0.2
C0G650 2008062115  -9997   32.4  -9997    0.6  270.0    0.0    0.0
C0G650 2008062116  -9997   31.4  -9997    0.9  270.0    0.0    0.0
C0G650 2008062117  -9997   30.8  -9997    0.5  260.0    0.0    0.0
C0G650 2008062118  -9997   29.6  -9997    0.5  270.0    0.0    0.0
C0G650 2008062119  -9997   28.5  -9997  -9997    0.0    0.0    0.0
C0G650 2008062120  -9997   27.6  -9997    0.0    0.0    0.0    0.0
C0G650 2008062121  -9997   26.3  -9997    0.3  190.0    0.0    0.0
C0G650 2008062122  -9997   25.8  -9997    0.0    0.0    0.0    0.0
C0G650 2008062123  -9997   25.5  -9997    0.0    0.0    0.0    0.0
C0G650 2008062124  -9997   25.2  -9997    0.0    0.0    0.0    0.0
C0G650 2008062201  -9997   25.5  -9997    0.0    0.0    0.0    0.0
C0G650 2008062202  -9997   26.3  -9997    0.0    0.0    0.0    0.0
C0G650 2008062203  -9997   26.0  -9997    0.0    0.0    0.0    0.0
C0G650 2008062204  -9997   25.7  -9997    0.0    0.0    0.0    0.0
C0G650 2008062205  -9997   25.7  -9997    0.0    0.0    0.0    0.0
C0G650 2008062206  -9997   25.9  -9997    0.0    0.0    0.0    0.0
C0G650 2008062207  -9997   27.3  -9997    0.3  200.0    0.0    0.0
C0G650 2008062208  -9997   28.9  -9997    0.7  190.0    0.0    0.7
C0G650 2008062209  -9997   29.6  -9997    0.8  230.0    0.0    0.9
C0G650 2008062210  -9997   32.4  -9997    0.8  220.0    0.0    0.8
C0G650 2008062211  -9997   32.5  -9997    1.5  230.0    0.0    0.8
C0G650 2008062212  -9997   34.2  -9997    0.4  310.0    0.0    0.9
C0G650 2008062213  -9997   34.0  -9997    0.3   10.0    0.0    0.8
C0G650 2008062214  -9997   35.3  -9997    1.0  270.0    0.0    0.9
C0G650 2008062215  -9997   34.6  -9997    0.5  270.0    0.0    1.0
C0G650 2008062216  -9997   33.3  -9997    0.9  260.0    0.0    0.8
C0G650 2008062217  -9997   32.1  -9997    0.6  280.0    0.0    0.0
C0G650 2008062218  -9997   30.5  -9997    0.6  270.0    0.0    0.0
C0G650 2008062219  -9997   29.2  -9997    0.0    0.0    0.0    0.0
C0G650 2008062220  -9997   28.0  -9997    0.0    0.0    0.0    0.0
C0G650 2008062221  -9997   27.0  -9997    0.0    0.0    0.0    0.0
C0G650 2008062222  -9997   26.6  -9997    0.0    0.0    0.0    0.0
C0G650 2008062223  -9997   26.0  -9997    0.0    0.0    0.0    0.0
C0G650 2008062224  -9997   25.6  -9997    0.0    0.0    0.0    0.0
C0G650 2008062301  -9997   25.2  -9997    0.0    0.0    0.0    0.0
C0G650 2008062302  -9997   24.9  -9997    0.0    0.0    0.0    0.0
C0G650 2008062303  -9997   24.7  -9997    0.0    0.0    0.0    0.0
C0G650 2008062304  -9997   25.4  -9997    0.0    0.0    0.0    0.0
C0G650 2008062305  -9997   24.6  -9997    0.0    0.0    0.0    0.0
C0G650 2008062306  -9997   25.4  -9997    0.0    0.0    0.0    0.0
C0G650 2008062307  -9997   27.6  -9997    0.0    0.0    0.0    0.0
C0G650 2008062308  -9997   29.3  -9997    0.0    0.0    0.0    0.7
C0G650 2008062309  -9997   29.6  -9997    0.5   30.0    0.0    0.3
C0G650 2008062310  -9997   30.8  -9997    0.3   30.0    0.0   -9.6
C0G650 2008062311  -9997   33.0  -9997    1.4   40.0    0.0    0.5
C0G650 2008062312  -9997   33.7  -9997    0.4   50.0    0.0    1.0
C0G650 2008062313  -9997   32.9  -9997    0.4  350.0    0.0    1.0
C0G650 2008062314  -9997   34.0  -9997    1.1  290.0    0.0    1.0
C0G650 2008062315  -9997   33.1  -9997    0.5  270.0    0.0    1.0
C0G650 2008062316  -9997   32.4  -9997    0.4  310.0    0.0    1.0
C0G650 2008062317  -9997   30.5  -9997    0.6   20.0    0.0    0.0
C0G650 2008062318  -9997   30.3  -9997    0.3   50.0    0.0    0.0
C0G650 2008062319  -9997   29.2  -9997    0.0    0.0    0.0    0.0
C0G650 2008062320  -9997   28.2  -9997    0.3  260.0    0.0    0.0
C0G650 2008062321  -9997   28.2  -9997    0.0    0.0    0.0    0.0
C0G650 2008062322  -9997   27.4  -9997    0.0    0.0    0.0    0.0
C0G650 2008062323  -9997   27.8  -9997    0.0    0.0    0.0    0.0
C0G650 2008062324  -9997   27.8  -9997  -9997    0.0    0.0    0.0
C0G650 2008062401  -9997   28.3  -9997    0.0    0.0    0.0    0.0
C0G650 2008062402  -9997   28.2  -9997    0.0    0.0    0.0    0.0
C0G650 2008062403  -9997   28.1  -9997    0.0    0.0    0.0    0.0
C0G650 2008062404  -9997   28.2  -9997    0.0    0.0    0.0    0.0
C0G650 2008062405  -9997   27.6  -9997    0.0    0.0    0.0    0.0
C0G650 2008062406  -9997   27.7  -9997    0.0    0.0    0.0    0.0
C0G650 2008062407  -9997   29.0  -9997    0.0    0.0    0.0    0.0
C0G650 2008062408  -9997   31.0  -9997    0.1    0.0    0.0    0.5
C0G650 2008062409  -9997   32.1  -9997    1.2  260.0    0.0    1.0
C0G650 2008062410  -9997   34.5  -9997    2.0  210.0    0.0    0.9
C0G650 2008062411  -9997   34.2  -9997    2.5  200.0    0.0    0.5
C0G650 2008062412  -9997   35.8  -9997    1.8  240.0    0.0    0.5
C0G650 2008062413  -9997   36.8  -9997    2.3  240.0    0.0    0.7
C0G650 2008062414  -9997   34.9  -9997    2.6  260.0    0.0    0.2
C0G650 2008062415  -9997  -9997  -9997    2.1  240.0    0.0    0.0
C0G650 2008062416  -9997   34.8  -9997    3.4  250.0    0.0    0.0
C0G650 2008062417  -9997   33.8  -9997    2.5  240.0    0.0    0.0
C0G650 2008062418  -9997   31.8  -9997    1.4  270.0    0.0    0.0
C0G650 2008062419  -9997   28.7  -9997    2.8  210.0    0.0    0.0
C0G650 2008062420  -9997   28.7  -9997    0.0    0.0    0.0    0.0
C0G650 2008062421  -9997   29.0  -9997    0.1    0.0    0.0    0.0
C0G650 2008062422  -9997   28.0  -9997    0.0    0.0    0.0    0.0
C0G650 2008062423  -9997   28.2  -9997    0.2    0.0    0.0    0.0
C0G650 2008062424  -9997   28.2  -9997    0.0    0.0    0.0    0.0
C0G650 2008062501  -9997   27.4  -9997    0.0    0.0    0.0    0.0
C0G650 2008062502  -9997   27.2  -9997  -9997    0.0    0.0    0.0
C0G650 2008062503  -9997   27.1  -9997    0.0    0.0    0.0    0.0
C0G650 2008062504  -9997   27.1  -9997    0.1    0.0    0.0    0.0
C0G650 2008062505  -9997   26.7  -9997    0.0    0.0    0.0    0.0
C0G650 2008062506  -9997   27.7  -9997    0.0    0.0    0.0    0.0
C0G650 2008062507  -9997   29.4  -9997    0.8  200.0    0.0    0.1
C0G650 2008062508  -9997   30.3  -9997    2.2  180.0    0.0    0.7
C0G650 2008062509  -9997   32.2  -9997    0.6  160.0    0.0    0.4
C0G650 2008062510  -9997   32.7  -9997    2.0  260.0    0.0    0.2
C0G650 2008062511  -9997   32.1  -9997    2.8  240.0    0.0    0.2
C0G650 2008062512  -9997   33.2  -9997    2.0  260.0    0.0    0.1
C0G650 2008062513  -9997  -9997  -9997    3.6  250.0    0.0    0.6
C0G650 2008062514  -9997   34.2  -9997    2.9  210.0    0.0    0.5
C0G650 2008062515  -9997   33.8  -9997    3.7  250.0    0.0    1.0
C0G650 2008062516  -9997   33.0  -9997    2.7  230.0    0.0    0.3
C0G650 2008062517  -9997   32.5  -9997    3.2  220.0    0.0    0.2
C0G650 2008062518  -9997   31.0  -9997    1.7  230.0    0.0    0.0
C0G650 2008062519  -9997   30.1  -9997    2.2  240.0    0.0    0.0
C0G650 2008062520  -9997   29.5  -9997    0.9  240.0    0.0    0.0
C0G650 2008062521  -9997   28.9  -9997    0.9  210.0    0.0    0.0
C0G650 2008062522  -9997   28.4  -9997    0.3  210.0    0.0    0.0
C0G650 2008062523  -9997   28.2  -9997    1.7  200.0    0.0    0.0
C0G650 2008062524  -9997   27.5  -9997    1.1  180.0    0.0    0.0
C0G650 2008062601  -9997   27.0  -9997    0.0    0.0    0.0    0.0
C0G650 2008062602  -9997   27.2  -9997    0.7  190.0    0.0    0.0
C0G650 2008062603  -9997   26.7  -9997    0.6  190.0    0.0    0.0
C0G650 2008062604  -9997   26.4  -9997    0.0    0.0    0.0    0.0
C0G650 2008062605  -9997   26.2  -9997    0.0    0.0    0.0    0.0
C0G650 2008062606  -9997   27.0  -9997    0.7  190.0    0.0    0.0
C0G650 2008062607  -9997   28.7  -9997    0.4  170.0    0.0    0.0
C0G650 2008062608  -9997   30.9  -9997    2.6  200.0    0.0    0.7
C0G650 2008062609  -9997   32.9  -9997    1.8  220.0    0.0    1.0
C0G650 2008062610  -9997  -9997  -9997  -9997  -9997    0.0   -9.6
C0G650 2008062611  -9997   34.3  -9997    2.7  240.0    0.0    1.6
C0G650 2008062612  -9997   35.0  -9997    3.2  240.0    0.0    0.9
C0G650 2008062613  -9997   35.2  -9997    3.4  250.0    0.0    0.9
C0G650 2008062614  -9997   34.2  -9997    2.6  260.0    0.0    0.5
C0G650 2008062615  -9997   33.8  -9997    2.8  240.0    0.0    0.4
C0G650 2008062616  -9997   33.1  -9997    2.4  250.0    0.0    0.1
C0G650 2008062617  -9997   32.2  -9997    2.7  260.0    0.0    0.0
C0G650 2008062618  -9997   30.9  -9997    2.7  240.0    0.0    0.0
C0G650 2008062619  -9997   30.0  -9997    2.3  250.0    0.0    0.0
C0G650 2008062620  -9997   29.2  -9997    2.2  240.0    0.0    0.0
C0G650 2008062621  -9997   28.7  -9997    0.9  200.0    0.0    0.0
C0G650 2008062622  -9997   28.7  -9997    0.9  200.0    0.0    0.0
C0G650 2008062623  -9997   28.4  -9997    1.2  200.0    0.0    0.0
C0G650 2008062624  -9997   28.1  -9997    1.5  200.0    0.0    0.0
C0G650 2008062701  -9997   27.5  -9997    0.2    0.0    0.0    0.0
C0G650 2008062702  -9997   27.7  -9997    0.0    0.0    0.0    0.0
C0G650 2008062703  -9997   27.8  -9997    0.5  220.0    0.0    0.0
C0G650 2008062704  -9997   27.3  -9997    0.0    0.0    0.0    0.0
C0G650 2008062705  -9997   27.4  -9997    0.0    0.0    0.0    0.0
C0G650 2008062706  -9997   28.0  -9997    1.7  190.0    0.0    0.0
C0G650 2008062707  -9997   29.2  -9997    2.2  190.0    0.0    0.1
C0G650 2008062708  -9997   30.2  -9997    1.8  210.0    0.0    0.1
C0G650 2008062709  -9997   32.3  -9997    3.1  230.0    0.0    0.6
C0G650 2008062710  -9997   32.5  -9997    3.4  230.0    0.0    0.4
C0G650 2008062711  -9997   29.4  -9997    2.6  200.0    0.0    0.0
C0G650 2008062712  -9997   28.3  -9997    2.7  240.0    0.0    0.0
C0G650 2008062713  -9997   26.0  -9997    1.7  200.0    1.5    0.0
C0G650 2008062714  -9997   26.0  -9997    2.5  190.0    1.5    0.0
C0G650 2008062715  -9997   26.8  -9997    0.9  200.0    0.0    0.0
C0G650 2008062716  -9997   26.9  -9997    1.3  250.0    0.0    0.0
C0G650 2008062717  -9997   25.6  -9997    0.8  180.0    2.5    0.0
C0G650 2008062718  -9997   25.7  -9997    1.6  190.0    1.5    0.0
C0G650 2008062719  -9997  -9997  -9997    1.9  180.0    0.5    0.0
C0G650 2008062720  -9997   24.7  -9997    0.0    0.0    0.0    0.0
C0G650 2008062721  -9997   24.7  -9997    0.0    0.0    0.0    0.0
C0G650 2008062722  -9997   25.6  -9997    0.3  180.0    0.0    0.0
C0G650 2008062723  -9997   25.2  -9997    0.0    0.0    0.0    0.0
C0G650 2008062724  -9997   26.1  -9997    0.0    0.0    0.0    0.0
C0G650 2008062801  -9997   26.2  -9997    0.2    0.0    0.0    0.0
C0G650 2008062802  -9997   25.6  -9997    0.2    0.0    0.0    0.0
C0G650 2008062803  -9997   25.6  -9997    0.0    0.0    0.0    0.0
C0G650 2008062804  -9997   26.0  -9997    0.3  200.0    0.0    0.0
C0G650 2008062805  -9997   25.2  -9997    1.7  190.0    0.5    0.0
C0G650 2008062806  -9997   25.2  -9997    0.2    0.0    0.0    0.0
C0G650 2008062807  -9997   26.2  -9997    0.0    0.0    0.0    0.0
C0G650 2008062808  -9997   27.8  -9997    0.2    0.0    0.0    0.0
C0G650 2008062809  -9997   29.3  -9997    1.5  190.0    0.0    0.0
C0G650 2008062810  -9997   30.1  -9997    2.5  200.0    0.0    0.7
C0G650 2008062811  -9997   30.9  -9997    2.2  220.0    0.0   -9.6
C0G650 2008062812  -9997   31.6  -9997    2.4  210.0    0.0    1.8
C0G650 2008062813  -9997   31.2  -9997    1.9  230.0    0.0    0.5
C0G650 2008062814  -9997   32.2  -9997    2.8  230.0    0.0    0.8
C0G650 2008062815  -9997   33.0  -9997    2.8  240.0    0.0    0.7
C0G650 2008062816  -9997   31.4  -9997    2.6  220.0    0.0    0.9
C0G650 2008062817  -9997   29.0  -9997    2.2  210.0    0.0    0.3
C0G650 2008062818  -9997   28.4  -9997    3.1  200.0    0.0    0.0
C0G650 2008062819  -9997   27.9  -9997    1.5  200.0    0.0    0.0
C0G650 2008062820  -9997   27.5  -9997    0.1    0.0    0.0    0.0
C0G650 2008062821  -9997   27.4  -9997    0.0    0.0    0.0    0.0
C0G650 2008062822  -9997   27.2  -9997    0.0    0.0    0.0    0.0
C0G650 2008062823  -9997   26.7  -9997    0.0    0.0    0.0    0.0
C0G650 2008062824  -9997   26.4  -9997    0.0    0.0    0.0    0.0
C0G650 2008062901  -9997   26.2  -9997    0.0    0.0    0.0    0.0
C0G650 2008062902  -9997   27.2  -9997    0.7  200.0    0.0    0.0
C0G650 2008062903  -9997   27.0  -9997    0.0    0.0    0.0    0.0
C0G650 2008062904  -9997   26.2  -9997    0.0    0.0    0.0    0.0
C0G650 2008062905  -9997   25.4  -9997    0.0    0.0    0.0    0.0
C0G650 2008062906  -9997   26.4  -9997    0.2    0.0    0.0    0.0
C0G650 2008062907  -9997   28.7  -9997    0.2    0.0    0.0    0.1
C0G650 2008062908  -9997   29.6  -9997    1.6  210.0    0.0    0.6
C0G650 2008062909  -9997   31.7  -9997    1.4  240.0    0.0    1.0
C0G650 2008062910  -9997   32.6  -9997    3.3  200.0    0.0    0.9
C0G650 2008062911  -9997   32.8  -9997    2.3  230.0    0.0    0.4
C0G650 2008062912  -9997   35.1  -9997    2.3  230.0    0.0    1.0
C0G650 2008062913  -9997   35.3  -9997    2.5  260.0    0.0    0.9
C0G650 2008062914  -9997   34.3  -9997    2.9  270.0    0.0    1.0
C0G650 2008062915  -9997   33.8  -9997    3.0  240.0    0.0    0.6
C0G650 2008062916  -9997   33.5  -9997    1.8  260.0    0.0    0.2
C0G650 2008062917  -9997   31.8  -9997    2.0  240.0    0.0    0.0
C0G650 2008062918  -9997   30.7  -9997    1.0  240.0    0.0    0.0
C0G650 2008062919  -9997   29.8  -9997    1.1  260.0    0.0    0.0
C0G650 2008062920  -9997   28.3  -9997    0.2    0.0    0.0    0.0
C0G650 2008062921  -9997   27.6  -9997    0.0    0.0    0.0    0.0
C0G650 2008062922  -9997   27.4  -9997    1.0  200.0    0.0    0.0
C0G650 2008062923  -9997   27.3  -9997    0.0    0.0    0.0    0.0
C0G650 2008062924  -9997  -9997  -9997  -9997  -9997    0.0    0.0
C0G650 2008063001  -9997   26.9  -9997    0.4  180.0    0.0    0.0
C0G650 2008063002  -9997   26.6  -9997    0.0    0.0    0.0    0.0
C0G650 2008063003  -9997   26.6  -9997    0.0    0.0    0.0    0.0
C0G650 2008063004  -9997   26.2  -9997    0.0    0.0    0.0    0.0
C0G650 2008063005  -9997   25.7  -9997    0.0    0.0    0.0    0.0
C0G650 2008063006  -9997   26.6  -9997    0.0    0.0    0.0    0.0
C0G650 2008063007  -9997   28.9  -9997    0.2    0.0    0.0    0.2
C0G650 2008063008  -9997   30.5  -9997    1.1  210.0    0.0    0.6
C0G650 2008063009  -9997   32.7  -9997    1.5  170.0    0.0    1.0
C0G650 2008063010  -9997   33.9  -9997    1.1  200.0    0.0    1.0
C0G650 2008063011  -9997   33.9  -9997    1.3  250.0    0.0    0.8
C0G650 2008063012  -9997   35.0  -9997    1.5  250.0    0.0    0.8
C0G650 2008063013  -9997   34.8  -9997    1.0  260.0    0.0    0.6
C0G650 2008063014  -9997   35.3  -9997    1.7  260.0    0.0    0.6
C0G650 2008063015  -9997   31.3  -9997    1.7  260.0    0.0    0.0
C0G650 2008063016  -9997   30.3  -9997    0.4  210.0    0.0    0.0
C0G650 2008063017  -9997   29.2  -9997    0.0    0.0    0.0    0.0
C0G650 2008063018  -9997   28.4  -9997    0.4  190.0    0.0    0.0
C0G650 2008063019  -9997   28.0  -9997    0.0    0.0    0.0    0.0
C0G650 2008063020  -9997   27.2  -9997    0.0    0.0    0.0    0.0
C0G650 2008063021  -9997   26.7  -9997    0.0    0.0    0.0    0.0
C0G650 2008063022  -9997   27.3  -9997    0.0    0.0    0.0    0.0
C0G650 2008063023  -9997   27.4  -9997    0.0    0.0    0.0    0.0
C0G650 2008063024  -9997   27.3  -9997    0.0    0.0    0.0    0.0
C0G660 2008060101  -9999  -9999  -9999  -9999  -9999    0.0  -9999
C0G660 2008060102  -9999  -9999  -9999  -9999  -9999    0.0  -9999
C0G660 2008060103  -9999  -9999  -9999  -9999  -9999    0.0  -9999
C0G660 2008060104  -9999  -9999  -9999  -9999  -9999    0.0  -9999
C0G660 2008060105  -9999  -9999  -9999  -9999  -9999    0.0  -9999
C0G660 2008060106  -9999  -9999  -9999  -9999  -9999    0.0  -9999
C0G660 2008060107  -9999  -9999  -9999  -9999  -9999    0.0  -9999
C0G660 2008060108  -9999  -9999  -9999  -9999  -9999    0.0  -9999
C0G660 2008060109  -9999  -9999  -9999  -9999  -9999    0.0  -9999
C0G660 2008060110  -9999  -9999  -9999  -9999  -9999    0.0  -9999
C0G660 2008060111  -9999  -9999  -9999  -9999  -9999    0.0  -9999
C0G660 2008060112  -9999  -9999  -9999  -9999  -9999    0.0  -9999
C0G660 2008060113  -9999  -9999  -9999  -9999  -9999    0.0  -9999
C0G660 2008060114  -9999  -9999  -9999  -9999  -9999    0.0  -9999
C0G660 2008060115  -9999  -9999  -9999  -9999  -9999    0.0  -9999
C0G660 2008060116  -9999  -9999  -9999  -9999  -9999    0.0  -9999
C0G660 2008060117  -9999  -9999  -9999  -9999  -9999    0.0  -9999
C0G660 2008060118  -9999  -9999  -9999  -9999  -9999    0.0  -9999
C0G660 2008060119  -9999  -9999  -9999  -9999  -9999    0.0  -9999
C0G660 2008060120  -9999  -9999  -9999  -9999  -9999    0.0  -9999
C0G660 2008060121  -9999  -9999  -9999  -9999  -9999    0.0  -9999
C0G660 2008060122  -9999  -9999  -9999  -9999  -9999    0.0  -9999
C0G660 2008060123  -9999  -9999  -9999  -9999  -9999    0.0  -9999
C0G660 2008060124  -9999  -9999  -9999  -9999  -9999    0.5  -9999
C0G660 2008060201  -9999  -9999  -9999  -9999  -9999    0.0  -9999
C0G660 2008060202  -9999  -9999  -9999  -9999  -9999    0.0  -9999
C0G660 2008060203  -9999  -9999  -9999  -9999  -9999    0.0  -9999
C0G660 2008060204  -9999  -9999  -9999  -9999  -9999    0.0  -9999
C0G660 2008060205  -9999  -9999  -9999  -9999  -9999    0.0  -9999
C0G660 2008060206  -9999  -9999  -9999  -9999  -9999    0.0  -9999
C0G660 2008060207  -9999  -9999  -9999  -9999  -9999    0.0  -9999
C0G660 2008060208  -9999  -9999  -9999  -9999  -9999    0.0  -9999
C0G660 2008060209  -9999  -9999  -9999  -9999  -9999    0.0  -9999
C0G660 2008060210  -9999  -9999  -9999  -9999  -9999    0.0  -9999
C0G660 2008060211  -9999  -9999  -9999  -9999  -9999    3.5  -9999
C0G660 2008060212  -9999  -9999  -9999  -9999  -9999    0.0  -9999
C0G660 2008060213  -9999  -9999  -9999  -9999  -9999    0.0  -9999
C0G660 2008060214  -9999  -9999  -9999  -9999  -9999    0.0  -9999
C0G660 2008060215  -9999  -9999  -9999  -9999  -9999    0.0  -9999
C0G660 2008060216  -9999  -9999  -9999  -9999  -9999    0.0  -9999
C0G660 2008060217  -9999  -9999  -9999  -9999  -9999    0.0  -9999
C0G660 2008060218  -9999  -9999  -9999  -9999  -9999    5.5  -9999
C0G660 2008060219  -9999  -9999  -9999  -9999  -9999   29.5  -9999
C0G660 2008060220  -9999  -9999  -9999  -9999  -9999   33.5  -9999
C0G660 2008060221  -9999  -9999  -9999  -9999  -9999    6.0  -9999
C0G660 2008060222  -9999  -9999  -9999  -9999  -9999    7.0  -9999
C0G660 2008060223  -9999  -9999  -9999  -9999  -9999    2.5  -9999
C0G660 2008060224  -9999  -9999  -9999  -9999  -9999    0.0  -9999
C0G660 2008060301  -9999  -9999  -9999  -9999  -9999    0.0  -9999
C0G660 2008060302  -9999  -9999  -9999  -9999  -9999    0.0  -9999
C0G660 2008060303  -9999  -9999  -9999  -9999  -9999    0.0  -9999
C0G660 2008060304  -9999  -9999  -9999  -9999  -9999    1.5  -9999
C0G660 2008060305  -9999  -9999  -9999  -9999  -9999    2.5  -9999
C0G660 2008060306  -9999  -9999  -9999  -9999  -9999    0.0  -9999
C0G660 2008060307  -9999  -9999  -9999  -9999  -9999    0.0  -9999
C0G660 2008060308  -9999  -9999  -9999  -9999  -9999    1.0  -9999
C0G660 2008060309  -9999  -9999  -9999  -9999  -9999    0.5  -9999
C0G660 2008060310  -9999  -9999  -9999  -9999  -9999    4.0  -9999
C0G660 2008060311  -9999  -9999  -9999  -9999  -9999    3.0  -9999
C0G660 2008060312  -9999  -9999  -9999  -9999  -9999    3.0  -9999
C0G660 2008060313  -9999  -9999  -9999  -9999  -9999    5.5  -9999
C0G660 2008060314  -9999  -9999  -9999  -9999  -9999    2.0  -9999
C0G660 2008060315  -9999  -9999  -9999  -9999  -9999    0.0  -9999
C0G660 2008060316  -9999  -9999  -9999  -9999  -9999    0.0  -9999
C0G660 2008060317  -9999  -9999  -9999  -9999  -9999    0.0  -9999
C0G660 2008060318  -9999  -9999  -9999  -9999  -9999    0.0  -9999
C0G660 2008060319  -9999  -9999  -9999  -9999  -9999    0.0  -9999
C0G660 2008060320  -9999  -9999  -9999  -9999  -9999    0.0  -9999
C0G660 2008060321  -9999  -9999  -9999  -9999  -9999    0.0  -9999
C0G660 2008060322  -9999  -9999  -9999  -9999  -9999    0.0  -9999
C0G660 2008060323  -9999  -9999  -9999  -9999  -9999    0.0  -9999
C0G660 2008060324  -9999  -9999  -9999  -9999  -9999    0.0  -9999
C0G660 2008060401  -9999  -9999  -9999  -9999  -9999    0.0  -9999
C0G660 2008060402  -9999  -9999  -9999  -9999  -9999    3.5  -9999
C0G660 2008060403  -9999  -9999  -9999  -9999  -9999    9.5  -9999
C0G660 2008060404  -9999  -9999  -9999  -9999  -9999    1.0  -9999
C0G660 2008060405  -9999  -9999  -9999  -9999  -9999    0.0  -9999
C0G660 2008060406  -9999  -9999  -9999  -9999  -9999    0.0  -9999
C0G660 2008060407  -9999  -9999  -9999  -9999  -9999    0.0  -9999
C0G660 2008060408  -9999  -9999  -9999  -9999  -9999    0.5  -9999
C0G660 2008060409  -9999  -9999  -9999  -9999  -9999    0.0  -9999
C0G660 2008060410  -9999  -9999  -9999  -9999  -9999    0.0  -9999
C0G660 2008060411  -9999  -9999  -9999  -9999  -9999    0.0  -9999
C0G660 2008060412  -9999  -9999  -9999  -9999  -9999    0.0  -9999
C0G660 2008060413  -9999  -9999  -9999  -9999  -9999    0.0  -9999
C0G660 2008060414  -9999  -9999  -9999  -9999  -9999    0.0  -9999
C0G660 2008060415  -9999  -9999  -9999  -9999  -9999    0.0  -9999
C0G660 2008060416  -9999  -9999  -9999  -9999  -9999    0.0  -9999
C0G660 2008060417  -9999  -9999  -9999  -9999  -9999    0.0  -9999
C0G660 2008060418  -9999  -9999  -9999  -9999  -9999    0.0  -9999
C0G660 2008060419  -9999  -9999  -9999  -9999  -9999    0.0  -9999
C0G660 2008060420  -9999  -9999  -9999  -9999  -9999    0.0  -9999
C0G660 2008060421  -9999  -9999  -9999  -9999  -9999    0.0  -9999
C0G660 2008060422  -9999  -9999  -9999  -9999  -9999    0.0  -9999
C0G660 2008060423  -9999  -9999  -9999  -9999  -9999    0.0  -9999
C0G660 2008060424  -9999  -9999  -9999  -9999  -9999    0.0  -9999
C0G660 2008060501  -9999  -9999  -9999  -9999  -9999    0.0  -9999
C0G660 2008060502  -9999  -9999  -9999  -9999  -9999    0.0  -9999
C0G660 2008060503  -9999  -9999  -9999  -9999  -9999    0.0  -9999
C0G660 2008060504  -9999  -9999  -9999  -9999  -9999    0.0  -9999
C0G660 2008060505  -9999  -9999  -9999  -9999  -9999    0.0  -9999
C0G660 2008060506  -9999  -9999  -9999  -9999  -9999    0.0  -9999
C0G660 2008060507  -9999  -9999  -9999  -9999  -9999    0.0  -9999
C0G660 2008060508  -9999  -9999  -9999  -9999  -9999    0.0  -9999
C0G660 2008060509  -9999  -9999  -9999  -9999  -9999    0.0  -9999
C0G660 2008060510  -9999  -9999  -9999  -9999  -9999    0.0  -9999
C0G660 2008060511  -9999  -9999  -9999  -9999  -9999    0.0  -9999
C0G660 2008060512  -9999  -9999  -9999  -9999  -9999    0.0  -9999
C0G660 2008060513  -9999  -9999  -9999  -9999  -9999    0.0  -9999
C0G660 2008060514  -9999  -9999  -9999  -9999  -9999    0.0  -9999
C0G660 2008060515  -9999  -9999  -9999  -9999  -9999    0.0  -9999
C0G660 2008060516  -9999  -9999  -9999  -9999  -9999    0.0  -9999
C0G660 2008060517  -9999  -9999  -9999  -9999  -9999    0.0  -9999
C0G660 2008060518  -9999  -9999  -9999  -9999  -9999    0.5  -9999
C0G660 2008060519  -9999  -9999  -9999  -9999  -9999    1.0  -9999
C0G660 2008060520  -9999  -9999  -9999  -9999  -9999    1.0  -9999
C0G660 2008060521  -9999  -9999  -9999  -9999  -9999    1.0  -9999
C0G660 2008060522  -9999  -9999  -9999  -9999  -9999    2.0  -9999
C0G660 2008060523  -9999  -9999  -9999  -9999  -9999    2.5  -9999
C0G660 2008060524  -9999  -9999  -9999  -9999  -9999    1.0  -9999
C0G660 2008060601  -9999  -9999  -9999  -9999  -9999    0.0  -9999
C0G660 2008060602  -9999  -9999  -9999  -9999  -9999    0.5  -9999
C0G660 2008060603  -9999  -9999  -9999  -9999  -9999    0.0  -9999
C0G660 2008060604  -9999  -9999  -9999  -9999  -9999    0.0  -9999
C0G660 2008060605  -9999  -9999  -9999  -9999  -9999    0.0  -9999
C0G660 2008060606  -9999  -9999  -9999  -9999  -9999    0.0  -9999
C0G660 2008060607  -9999  -9999  -9999  -9999  -9999    0.0  -9999
C0G660 2008060608  -9999  -9999  -9999  -9999  -9999    0.0  -9999
C0G660 2008060609  -9999  -9999  -9999  -9999  -9999    0.0  -9999
C0G660 2008060610  -9999  -9999  -9999  -9999  -9999    0.0  -9999
C0G660 2008060611  -9999  -9999  -9999  -9999  -9999    0.0  -9999
C0G660 2008060612  -9999  -9999  -9999  -9999  -9999    4.5  -9999
C0G660 2008060613  -9999  -9999  -9999  -9999  -9999    0.0  -9999
C0G660 2008060614  -9999  -9999  -9999  -9999  -9999    0.0  -9999
C0G660 2008060615  -9999  -9999  -9999  -9999  -9999    0.0  -9999
C0G660 2008060616  -9999  -9999  -9999  -9999  -9999    0.0  -9999
C0G660 2008060617  -9999  -9999  -9999  -9999  -9999    0.0  -9999
C0G660 2008060618  -9999  -9999  -9999  -9999  -9999    0.0  -9999
C0G660 2008060619  -9999  -9999  -9999  -9999  -9999    0.0  -9999
C0G660 2008060620  -9999  -9999  -9999  -9999  -9999    0.0  -9999
C0G660 2008060621  -9999  -9999  -9999  -9999  -9999    0.0  -9999
C0G660 2008060622  -9999  -9999  -9999  -9999  -9999    0.0  -9999
C0G660 2008060623  -9999  -9999  -9999  -9999  -9999    0.0  -9999
C0G660 2008060624  -9999  -9999  -9999  -9999  -9999    0.0  -9999
C0G660 2008060701  -9999  -9999  -9999  -9999  -9999    0.0  -9999
C0G660 2008060702  -9999  -9999  -9999  -9999  -9999    0.0  -9999
C0G660 2008060703  -9999  -9999  -9999  -9999  -9999    0.0  -9999
C0G660 2008060704  -9999  -9999  -9999  -9999  -9999    0.0  -9999
C0G660 2008060705  -9999  -9999  -9999  -9999  -9999    0.0  -9999
C0G660 2008060706  -9999  -9999  -9999  -9999  -9999    0.0  -9999
C0G660 2008060707  -9999  -9999  -9999  -9999  -9999    0.0  -9999
C0G660 2008060708  -9999  -9999  -9999  -9999  -9999    0.0  -9999
C0G660 2008060709  -9999  -9999  -9999  -9999  -9999    0.0  -9999
C0G660 2008060710  -9999  -9999  -9999  -9999  -9999    0.0  -9999
C0G660 2008060711  -9999  -9999  -9999  -9999  -9999    0.0  -9999
C0G660 2008060712  -9999  -9999  -9999  -9999  -9999    0.0  -9999
C0G660 2008060713  -9999  -9999  -9999  -9999  -9999    0.0  -9999
C0G660 2008060714  -9999  -9999  -9999  -9999  -9999    0.0  -9999
C0G660 2008060715  -9999  -9999  -9999  -9999  -9999    0.0  -9999
C0G660 2008060716  -9999  -9999  -9999  -9999  -9999    0.0  -9999
C0G660 2008060717  -9999  -9999  -9999  -9999  -9999    0.0  -9999
C0G660 2008060718  -9999  -9999  -9999  -9999  -9999    0.0  -9999
C0G660 2008060719  -9999  -9999  -9999  -9999  -9999    0.0  -9999
C0G660 2008060720  -9999  -9999  -9999  -9999  -9999    0.0  -9999
C0G660 2008060721  -9999  -9999  -9999  -9999  -9999    0.0  -9999
C0G660 2008060722  -9999  -9999  -9999  -9999  -9999    0.0  -9999
C0G660 2008060723  -9999  -9999  -9999  -9999  -9999    0.0  -9999
C0G660 2008060724  -9999  -9999  -9999  -9999  -9999    0.0  -9999
C0G660 2008060801  -9999  -9999  -9999  -9999  -9999    0.0  -9999
C0G660 2008060802  -9999  -9999  -9999  -9999  -9999    0.0  -9999
C0G660 2008060803  -9999  -9999  -9999  -9999  -9999    0.0  -9999
C0G660 2008060804  -9999  -9999  -9999  -9999  -9999    0.0  -9999
C0G660 2008060805  -9999  -9999  -9999  -9999  -9999    0.0  -9999
C0G660 2008060806  -9999  -9999  -9999  -9999  -9999    0.0  -9999
C0G660 2008060807  -9999  -9999  -9999  -9999  -9999    0.0  -9999
C0G660 2008060808  -9999  -9999  -9999  -9999  -9999    0.0  -9999
C0G660 2008060809  -9999  -9999  -9999  -9999  -9999    0.0  -9999
C0G660 2008060810  -9999  -9999  -9999  -9999  -9999    0.0  -9999
C0G660 2008060811  -9999  -9999  -9999  -9999  -9999    0.0  -9999
C0G660 2008060812  -9999  -9999  -9999  -9999  -9999    0.0  -9999
C0G660 2008060813  -9999  -9999  -9999  -9999  -9999    0.0  -9999
C0G660 2008060814  -9999  -9999  -9999  -9999  -9999    0.0  -9999
C0G660 2008060815  -9999  -9999  -9999  -9999  -9999    0.0  -9999
C0G660 2008060816  -9999  -9999  -9999  -9999  -9999    0.0  -9999
C0G660 2008060817  -9999  -9999  -9999  -9999  -9999    0.0  -9999
C0G660 2008060818  -9999  -9999  -9999  -9999  -9999    0.0  -9999
C0G660 2008060819  -9999  -9999  -9999  -9999  -9999    0.0  -9999
C0G660 2008060820  -9999  -9999  -9999  -9999  -9999    0.0  -9999
C0G660 2008060821  -9999  -9999  -9999  -9999  -9999    0.0  -9999
C0G660 2008060822  -9999  -9999  -9999  -9999  -9999    0.0  -9999
C0G660 2008060823  -9999  -9999  -9999  -9999  -9999    0.0  -9999
C0G660 2008060824  -9999  -9999  -9999  -9999  -9999    0.0  -9999
C0G660 2008060901  -9999  -9999  -9999  -9999  -9999    0.0  -9999
C0G660 2008060902  -9999  -9999  -9999  -9999  -9999    0.0  -9999
C0G660 2008060903  -9999  -9999  -9999  -9999  -9999    0.0  -9999
C0G660 2008060904  -9999  -9999  -9999  -9999  -9999    0.0  -9999
C0G660 2008060905  -9999  -9999  -9999  -9999  -9999    0.0  -9999
C0G660 2008060906  -9999  -9999  -9999  -9999  -9999    0.0  -9999
C0G660 2008060907  -9999  -9999  -9999  -9999  -9999    0.0  -9999
C0G660 2008060908  -9999  -9999  -9999  -9999  -9999    0.0  -9999
C0G660 2008060909  -9999  -9999  -9999  -9999  -9999    0.0  -9999
C0G660 2008060910  -9999  -9999  -9999  -9999  -9999    0.0  -9999
C0G660 2008060911  -9999  -9999  -9999  -9999  -9999    0.0  -9999
C0G660 2008060912  -9999  -9999  -9999  -9999  -9999    0.0  -9999
C0G660 2008060913  -9999  -9999  -9999  -9999  -9999    0.0  -9999
C0G660 2008060914  -9999  -9999  -9999  -9999  -9999    0.0  -9999
C0G660 2008060915  -9999  -9999  -9999  -9999  -9999    0.0  -9999
C0G660 2008060916  -9999  -9999  -9999  -9999  -9999    0.0  -9999
C0G660 2008060917  -9999  -9999  -9999  -9999  -9999    0.0  -9999
C0G660 2008060918  -9999  -9999  -9999  -9999  -9999    0.0  -9999
C0G660 2008060919  -9999  -9999  -9999  -9999  -9999    0.0  -9999
C0G660 2008060920  -9999  -9999  -9999  -9999  -9999    0.0  -9999
C0G660 2008060921  -9999  -9999  -9999  -9999  -9999    0.0  -9999
C0G660 2008060922  -9999  -9999  -9999  -9999  -9999    0.0  -9999
C0G660 2008060923  -9999  -9999  -9999  -9999  -9999    0.0  -9999
C0G660 2008060924  -9999  -9999  -9999  -9999  -9999    0.0  -9999
C0G660 2008061001  -9999  -9999  -9999  -9999  -9999    0.0  -9999
C0G660 2008061002  -9999  -9999  -9999  -9999  -9999    0.0  -9999
C0G660 2008061003  -9999  -9999  -9999  -9999  -9999    0.0  -9999
C0G660 2008061004  -9999  -9999  -9999  -9999  -9999    0.0  -9999
C0G660 2008061005  -9999  -9999  -9999  -9999  -9999    0.0  -9999
C0G660 2008061006  -9999  -9999  -9999  -9999  -9999    0.0  -9999
C0G660 2008061007  -9999  -9999  -9999  -9999  -9999    0.0  -9999
C0G660 2008061008  -9999  -9999  -9999  -9999  -9999    0.0  -9999
C0G660 2008061009  -9999  -9999  -9999  -9999  -9999    0.0  -9999
C0G660 2008061010  -9999  -9999  -9999  -9999  -9999    0.0  -9999
C0G660 2008061011  -9999  -9999  -9999  -9999  -9999    0.0  -9999
C0G660 2008061012  -9999  -9999  -9999  -9999  -9999    0.0  -9999
C0G660 2008061013  -9999  -9999  -9999  -9999  -9999    0.0  -9999
C0G660 2008061014  -9999  -9999  -9999  -9999  -9999    0.0  -9999
C0G660 2008061015  -9999  -9999  -9999  -9999  -9999    0.0  -9999
C0G660 2008061016  -9999  -9999  -9999  -9999  -9999    0.0  -9999
C0G660 2008061017  -9999  -9999  -9999  -9999  -9999    0.0  -9999
C0G660 2008061018  -9999  -9999  -9999  -9999  -9999    0.0  -9999
C0G660 2008061019  -9999  -9999  -9999  -9999  -9999    0.0  -9999
C0G660 2008061020  -9999  -9999  -9999  -9999  -9999    0.0  -9999
C0G660 2008061021  -9999  -9999  -9999  -9999  -9999    0.0  -9999
C0G660 2008061022  -9999  -9999  -9999  -9999  -9999    0.0  -9999
C0G660 2008061023  -9999  -9999  -9999  -9999  -9999    0.0  -9999
C0G660 2008061024  -9999  -9999  -9999  -9999  -9999    0.0  -9999
C0G660 2008061101  -9999  -9999  -9999  -9999  -9999    0.0  -9999
C0G660 2008061102  -9999  -9999  -9999  -9999  -9999    0.0  -9999
C0G660 2008061103  -9999  -9999  -9999  -9999  -9999    0.0  -9999
C0G660 2008061104  -9999  -9999  -9999  -9999  -9999    0.0  -9999
C0G660 2008061105  -9999  -9999  -9999  -9999  -9999    0.0  -9999
C0G660 2008061106  -9999  -9999  -9999  -9999  -9999    0.0  -9999
C0G660 2008061107  -9999  -9999  -9999  -9999  -9999    0.0  -9999
C0G660 2008061108  -9999  -9999  -9999  -9999  -9999    0.0  -9999
C0G660 2008061109  -9999  -9999  -9999  -9999  -9999    0.0  -9999
C0G660 2008061110  -9999  -9999  -9999  -9999  -9999    0.0  -9999
C0G660 2008061111  -9999  -9999  -9999  -9999  -9999    0.0  -9999
C0G660 2008061112  -9999  -9999  -9999  -9999  -9999    0.0  -9999
C0G660 2008061113  -9999  -9999  -9999  -9999  -9999    0.0  -9999
C0G660 2008061114  -9999  -9999  -9999  -9999  -9999    0.0  -9999
C0G660 2008061115  -9999  -9999  -9999  -9999  -9999    0.0  -9999
C0G660 2008061116  -9999  -9999  -9999  -9999  -9999    0.0  -9999
C0G660 2008061117  -9999  -9999  -9999  -9999  -9999    0.0  -9999
C0G660 2008061118  -9999  -9999  -9999  -9999  -9999    0.0  -9999
C0G660 2008061119  -9999  -9999  -9999  -9999  -9999    0.0  -9999
C0G660 2008061120  -9999  -9999  -9999  -9999  -9999    0.0  -9999
C0G660 2008061121  -9999  -9999  -9999  -9999  -9999    0.0  -9999
C0G660 2008061122  -9999  -9999  -9999  -9999  -9999    0.0  -9999
C0G660 2008061123  -9999  -9999  -9999  -9999  -9999    0.0  -9999
C0G660 2008061124  -9999  -9999  -9999  -9999  -9999    0.0  -9999
C0G660 2008061201  -9999  -9999  -9999  -9999  -9999    0.0  -9999
C0G660 2008061202  -9999  -9999  -9999  -9999  -9999    0.0  -9999
C0G660 2008061203  -9999  -9999  -9999  -9999  -9999    0.0  -9999
C0G660 2008061204  -9999  -9999  -9999  -9999  -9999    0.0  -9999
C0G660 2008061205  -9999  -9999  -9999  -9999  -9999    0.5  -9999
C0G660 2008061206  -9999  -9999  -9999  -9999  -9999    0.5  -9999
C0G660 2008061207  -9999  -9999  -9999  -9999  -9999    6.0  -9999
C0G660 2008061208  -9999  -9999  -9999  -9999  -9999    0.0  -9999
C0G660 2008061209  -9999  -9999  -9999  -9999  -9999    0.0  -9999
C0G660 2008061210  -9999  -9999  -9999  -9999  -9999    4.5  -9999
C0G660 2008061211  -9999  -9999  -9999  -9999  -9999   16.5  -9999
C0G660 2008061212  -9999  -9999  -9999  -9999  -9999    0.0  -9999
C0G660 2008061213  -9999  -9999  -9999  -9999  -9999    0.0  -9999
C0G660 2008061214  -9999  -9999  -9999  -9999  -9999    0.0  -9999
C0G660 2008061215  -9999  -9999  -9999  -9999  -9999    0.0  -9999
C0G660 2008061216  -9999  -9999  -9999  -9999  -9999    0.0  -9999
C0G660 2008061217  -9999  -9999  -9999  -9999  -9999    0.0  -9999
C0G660 2008061218  -9999  -9999  -9999  -9999  -9999    0.0  -9999
C0G660 2008061219  -9999  -9999  -9999  -9999  -9999    0.0  -9999
C0G660 2008061220  -9999  -9999  -9999  -9999  -9999    0.0  -9999
C0G660 2008061221  -9999  -9999  -9999  -9999  -9999    0.0  -9999
C0G660 2008061222  -9999  -9999  -9999  -9999  -9999    0.0  -9999
C0G660 2008061223  -9999  -9999  -9999  -9999  -9999    0.0  -9999
C0G660 2008061224  -9999  -9999  -9999  -9999  -9999    0.0  -9999
C0G660 2008061301  -9999  -9999  -9999  -9999  -9999    0.0  -9999
C0G660 2008061302  -9999  -9999  -9999  -9999  -9999    0.0  -9999
C0G660 2008061303  -9999  -9999  -9999  -9999  -9999    0.0  -9999
C0G660 2008061304  -9999  -9999  -9999  -9999  -9999    0.0  -9999
C0G660 2008061305  -9999  -9999  -9999  -9999  -9999    0.0  -9999
C0G660 2008061306  -9999  -9999  -9999  -9999  -9999    0.0  -9999
C0G660 2008061307  -9999  -9999  -9999  -9999  -9999    0.0  -9999
C0G660 2008061308  -9999  -9999  -9999  -9999  -9999    0.0  -9999
C0G660 2008061309  -9999  -9999  -9999  -9999  -9999    0.0  -9999
C0G660 2008061310  -9999  -9999  -9999  -9999  -9999    0.0  -9999
C0G660 2008061311  -9999  -9999  -9999  -9999  -9999    0.0  -9999
C0G660 2008061312  -9999  -9999  -9999  -9999  -9999    0.0  -9999
C0G660 2008061313  -9999  -9999  -9999  -9999  -9999    0.0  -9999
C0G660 2008061314  -9999  -9999  -9999  -9999  -9999    0.0  -9999
C0G660 2008061315  -9999  -9999  -9999  -9999  -9999    0.0  -9999
C0G660 2008061316  -9999  -9999  -9999  -9999  -9999    0.0  -9999
C0G660 2008061317  -9999  -9999  -9999  -9999  -9999    0.0  -9999
C0G660 2008061318  -9999  -9999  -9999  -9999  -9999    0.0  -9999
C0G660 2008061319  -9999  -9999  -9999  -9999  -9999    0.0  -9999
C0G660 2008061320  -9999  -9999  -9999  -9999  -9999    0.0  -9999
C0G660 2008061321  -9999  -9999  -9999  -9999  -9999    0.0  -9999
C0G660 2008061322  -9999  -9999  -9999  -9999  -9999    0.0  -9999
C0G660 2008061323  -9999  -9999  -9999  -9999  -9999    0.0  -9999
C0G660 2008061324  -9999  -9999  -9999  -9999  -9999    0.0  -9999
C0G660 2008061401  -9999  -9999  -9999  -9999  -9999    0.0  -9999
C0G660 2008061402  -9999  -9999  -9999  -9999  -9999    0.0  -9999
C0G660 2008061403  -9999  -9999  -9999  -9999  -9999    0.0  -9999
C0G660 2008061404  -9999  -9999  -9999  -9999  -9999    0.0  -9999
C0G660 2008061405  -9999  -9999  -9999  -9999  -9999    0.0  -9999
C0G660 2008061406  -9999  -9999  -9999  -9999  -9999    0.0  -9999
C0G660 2008061407  -9999  -9999  -9999  -9999  -9999    0.0  -9999
C0G660 2008061408  -9999  -9999  -9999  -9999  -9999    0.0  -9999
C0G660 2008061409  -9999  -9999  -9999  -9999  -9999    0.5  -9999
C0G660 2008061410  -9999  -9999  -9999  -9999  -9999   16.0  -9999
C0G660 2008061411  -9999  -9999  -9999  -9999  -9999   15.0  -9999
C0G660 2008061412  -9999  -9999  -9999  -9999  -9999    7.5  -9999
C0G660 2008061413  -9999  -9999  -9999  -9999  -9999    4.5  -9999
C0G660 2008061414  -9999  -9999  -9999  -9999  -9999    1.0  -9999
C0G660 2008061415  -9999  -9999  -9999  -9999  -9999    4.5  -9999
C0G660 2008061416  -9999  -9999  -9999  -9999  -9999    3.0  -9999
C0G660 2008061417  -9999  -9999  -9999  -9999  -9999    5.5  -9999
C0G660 2008061418  -9999  -9999  -9999  -9999  -9999   10.5  -9999
C0G660 2008061419  -9999  -9999  -9999  -9999  -9999    6.0  -9999
C0G660 2008061420  -9999  -9999  -9999  -9999  -9999    5.0  -9999
C0G660 2008061421  -9999  -9999  -9999  -9999  -9999    1.0  -9999
C0G660 2008061422  -9999  -9999  -9999  -9999  -9999    0.0  -9999
C0G660 2008061423  -9999  -9999  -9999  -9999  -9999    0.0  -9999
C0G660 2008061424  -9999  -9999  -9999  -9999  -9999    0.0  -9999
C0G660 2008061501  -9999  -9999  -9999  -9999  -9999    0.0  -9999
C0G660 2008061502  -9999  -9999  -9999  -9999  -9999    0.0  -9999
C0G660 2008061503  -9999  -9999  -9999  -9999  -9999    1.0  -9999
C0G660 2008061504  -9999  -9999  -9999  -9999  -9999    0.0  -9999
C0G660 2008061505  -9999  -9999  -9999  -9999  -9999    0.0  -9999
C0G660 2008061506  -9999  -9999  -9999  -9999  -9999    0.0  -9999
C0G660 2008061507  -9999  -9999  -9999  -9999  -9999    0.0  -9999
C0G660 2008061508  -9999  -9999  -9999  -9999  -9999    0.0  -9999
C0G660 2008061509  -9999  -9999  -9999  -9999  -9999    0.0  -9999
C0G660 2008061510  -9999  -9999  -9999  -9999  -9999    0.0  -9999
C0G660 2008061511  -9999  -9999  -9999  -9999  -9999    0.0  -9999
C0G660 2008061512  -9999  -9999  -9999  -9999  -9999    0.0  -9999
C0G660 2008061513  -9999  -9999  -9999  -9999  -9999    0.0  -9999
C0G660 2008061514  -9999  -9999  -9999  -9999  -9999    0.0  -9999
C0G660 2008061515  -9999  -9999  -9999  -9999  -9999    0.0  -9999
C0G660 2008061516  -9999  -9999  -9999  -9999  -9999    0.0  -9999
C0G660 2008061517  -9999  -9999  -9999  -9999  -9999    0.0  -9999
C0G660 2008061518  -9999  -9999  -9999  -9999  -9999    0.0  -9999
C0G660 2008061519  -9999  -9999  -9999  -9999  -9999    0.0  -9999
C0G660 2008061520  -9999  -9999  -9999  -9999  -9999    0.0  -9999
C0G660 2008061521  -9999  -9999  -9999  -9999  -9999    0.0  -9999
C0G660 2008061522  -9999  -9999  -9999  -9999  -9999    0.0  -9999
C0G660 2008061523  -9999  -9999  -9999  -9999  -9999    0.0  -9999
C0G660 2008061524  -9999  -9999  -9999  -9999  -9999    0.0  -9999
C0G660 2008061601  -9999  -9999  -9999  -9999  -9999    0.0  -9999
C0G660 2008061602  -9999  -9999  -9999  -9999  -9999    0.0  -9999
C0G660 2008061603  -9999  -9999  -9999  -9999  -9999    0.0  -9999
C0G660 2008061604  -9999  -9999  -9999  -9999  -9999    0.0  -9999
C0G660 2008061605  -9999  -9999  -9999  -9999  -9999    0.0  -9999
C0G660 2008061606  -9999  -9999  -9999  -9999  -9999    0.0  -9999
C0G660 2008061607  -9999  -9999  -9999  -9999  -9999    0.0  -9999
C0G660 2008061608  -9999  -9999  -9999  -9999  -9999    0.0  -9999
C0G660 2008061609  -9999  -9999  -9999  -9999  -9999    0.0  -9999
C0G660 2008061610  -9999  -9999  -9999  -9999  -9999    0.0  -9999
C0G660 2008061611  -9999  -9999  -9999  -9999  -9999    0.0  -9999
C0G660 2008061612  -9999  -9999  -9999  -9999  -9999    0.0  -9999
C0G660 2008061613  -9999  -9999  -9999  -9999  -9999    0.0  -9999
C0G660 2008061614  -9999  -9999  -9999  -9999  -9999    0.0  -9999
C0G660 2008061615  -9999  -9999  -9999  -9999  -9999    0.0  -9999
C0G660 2008061616  -9999  -9999  -9999  -9999  -9999    0.5  -9999
C0G660 2008061617  -9999  -9999  -9999  -9999  -9999    0.0  -9999
C0G660 2008061618  -9999  -9999  -9999  -9999  -9999    0.0  -9999
C0G660 2008061619  -9999  -9999  -9999  -9999  -9999    0.0  -9999
C0G660 2008061620  -9999  -9999  -9999  -9999  -9999    0.0  -9999
C0G660 2008061621  -9999  -9999  -9999  -9999  -9999    0.0  -9999
C0G660 2008061622  -9999  -9999  -9999  -9999  -9999    0.5  -9999
C0G660 2008061623  -9999  -9999  -9999  -9999  -9999    0.0  -9999
C0G660 2008061624  -9999  -9999  -9999  -9999  -9999    0.0  -9999
C0G660 2008061701  -9999  -9999  -9999  -9999  -9999    0.0  -9999
C0G660 2008061702  -9999  -9999  -9999  -9999  -9999    0.0  -9999
C0G660 2008061703  -9999  -9999  -9999  -9999  -9999    0.0  -9999
C0G660 2008061704  -9999  -9999  -9999  -9999  -9999    0.0  -9999
C0G660 2008061705  -9999  -9999  -9999  -9999  -9999    0.0  -9999
C0G660 2008061706  -9999  -9999  -9999  -9999  -9999    0.0  -9999
C0G660 2008061707  -9999  -9999  -9999  -9999  -9999    0.0  -9999
C0G660 2008061708  -9999  -9999  -9999  -9999  -9999    0.0  -9999
C0G660 2008061709  -9999  -9999  -9999  -9999  -9999    0.0  -9999
C0G660 2008061710  -9999  -9999  -9999  -9999  -9999    0.0  -9999
C0G660 2008061711  -9999  -9999  -9999  -9999  -9999    0.0  -9999
C0G660 2008061712  -9999  -9999  -9999  -9999  -9999    0.0  -9999
C0G660 2008061713  -9999  -9999  -9999  -9999  -9999    0.0  -9999
C0G660 2008061714  -9999  -9999  -9999  -9999  -9999    0.0  -9999
C0G660 2008061715  -9999  -9999  -9999  -9999  -9999    0.0  -9999
C0G660 2008061716  -9999  -9999  -9999  -9999  -9999    0.0  -9999
C0G660 2008061717  -9999  -9999  -9999  -9999  -9999    0.0  -9999
C0G660 2008061718  -9999  -9999  -9999  -9999  -9999    0.0  -9999
C0G660 2008061719  -9999  -9999  -9999  -9999  -9999    0.0  -9999
C0G660 2008061720  -9999  -9999  -9999  -9999  -9999    0.0  -9999
C0G660 2008061721  -9999  -9999  -9999  -9999  -9999    0.0  -9999
C0G660 2008061722  -9999  -9999  -9999  -9999  -9999    0.0  -9999
C0G660 2008061723  -9999  -9999  -9999  -9999  -9999    0.0  -9999
C0G660 2008061724  -9999  -9999  -9999  -9999  -9999    0.0  -9999
C0G660 2008061801  -9999  -9999  -9999  -9999  -9999    0.0  -9999
C0G660 2008061802  -9999  -9999  -9999  -9999  -9999    0.0  -9999
C0G660 2008061803  -9999  -9999  -9999  -9999  -9999    0.0  -9999
C0G660 2008061804  -9999  -9999  -9999  -9999  -9999    0.0  -9999
C0G660 2008061805  -9999  -9999  -9999  -9999  -9999    0.0  -9999
C0G660 2008061806  -9999  -9999  -9999  -9999  -9999    0.0  -9999
C0G660 2008061807  -9999  -9999  -9999  -9999  -9999    0.0  -9999
C0G660 2008061808  -9999  -9999  -9999  -9999  -9999    0.0  -9999
C0G660 2008061809  -9999  -9999  -9999  -9999  -9999    0.0  -9999
C0G660 2008061810  -9999  -9999  -9999  -9999  -9999    0.0  -9999
C0G660 2008061811  -9999  -9999  -9999  -9999  -9999    0.0  -9999
C0G660 2008061812  -9999  -9999  -9999  -9999  -9999    0.0  -9999
C0G660 2008061813  -9999  -9999  -9999  -9999  -9999    0.0  -9999
C0G660 2008061814  -9999  -9999  -9999  -9999  -9999    0.0  -9999
C0G660 2008061815  -9999  -9999  -9999  -9999  -9999    0.0  -9999
C0G660 2008061816  -9999  -9999  -9999  -9999  -9999    0.0  -9999
C0G660 2008061817  -9999  -9999  -9999  -9999  -9999    0.0  -9999
C0G660 2008061818  -9999  -9999  -9999  -9999  -9999    0.0  -9999
C0G660 2008061819  -9999  -9999  -9999  -9999  -9999    0.0  -9999
C0G660 2008061820  -9999  -9999  -9999  -9999  -9999    0.0  -9999
C0G660 2008061821  -9999  -9999  -9999  -9999  -9999    0.0  -9999
C0G660 2008061822  -9999  -9999  -9999  -9999  -9999    0.0  -9999
C0G660 2008061823  -9999  -9999  -9999  -9999  -9999    0.0  -9999
C0G660 2008061824  -9999  -9999  -9999  -9999  -9999    0.0  -9999
C0G660 2008061901  -9999  -9999  -9999  -9999  -9999    0.0  -9999
C0G660 2008061902  -9999  -9999  -9999  -9999  -9999    0.0  -9999
C0G660 2008061903  -9999  -9999  -9999  -9999  -9999    0.0  -9999
C0G660 2008061904  -9999  -9999  -9999  -9999  -9999    0.0  -9999
C0G660 2008061905  -9999  -9999  -9999  -9999  -9999    0.0  -9999
C0G660 2008061906  -9999  -9999  -9999  -9999  -9999    0.0  -9999
C0G660 2008061907  -9999  -9999  -9999  -9999  -9999    0.0  -9999
C0G660 2008061908  -9999  -9999  -9999  -9999  -9999    0.0  -9999
C0G660 2008061909  -9999  -9999  -9999  -9999  -9999    0.0  -9999
C0G660 2008061910  -9999  -9999  -9999  -9999  -9999    0.0  -9999
C0G660 2008061911  -9999  -9999  -9999  -9999  -9999    0.0  -9999
C0G660 2008061912  -9999  -9999  -9999  -9999  -9999    0.0  -9999
C0G660 2008061913  -9999  -9999  -9999  -9999  -9999    0.0  -9999
C0G660 2008061914  -9999  -9999  -9999  -9999  -9999    0.0  -9999
C0G660 2008061915  -9999  -9999  -9999  -9999  -9999    0.0  -9999
C0G660 2008061916  -9999  -9999  -9999  -9999  -9999    0.0  -9999
C0G660 2008061917  -9999  -9999  -9999  -9999  -9999    0.0  -9999
C0G660 2008061918  -9999  -9999  -9999  -9999  -9999    0.0  -9999
C0G660 2008061919  -9999  -9999  -9999  -9999  -9999    0.0  -9999
C0G660 2008061920  -9999  -9999  -9999  -9999  -9999    0.0  -9999
C0G660 2008061921  -9999  -9999  -9999  -9999  -9999    0.0  -9999
C0G660 2008061922  -9999  -9999  -9999  -9999  -9999    0.0  -9999
C0G660 2008061923  -9999  -9999  -9999  -9999  -9999    0.0  -9999
C0G660 2008061924  -9999  -9999  -9999  -9999  -9999    0.0  -9999
C0G660 2008062001  -9999  -9999  -9999  -9999  -9999    0.0  -9999
C0G660 2008062002  -9999  -9999  -9999  -9999  -9999    0.0  -9999
C0G660 2008062003  -9999  -9999  -9999  -9999  -9999    0.0  -9999
C0G660 2008062004  -9999  -9999  -9999  -9999  -9999    0.0  -9999
C0G660 2008062005  -9999  -9999  -9999  -9999  -9999    0.0  -9999
C0G660 2008062006  -9999  -9999  -9999  -9999  -9999    0.0  -9999
C0G660 2008062007  -9999  -9999  -9999  -9999  -9999    0.0  -9999
C0G660 2008062008  -9999  -9999  -9999  -9999  -9999    0.0  -9999
C0G660 2008062009  -9999  -9999  -9999  -9999  -9999    0.0  -9999
C0G660 2008062010  -9999  -9999  -9999  -9999  -9999    0.0  -9999
C0G660 2008062011  -9999  -9999  -9999  -9999  -9999    0.0  -9999
C0G660 2008062012  -9999  -9999  -9999  -9999  -9999    0.0  -9999
C0G660 2008062013  -9999  -9999  -9999  -9999  -9999    0.0  -9999
C0G660 2008062014  -9999  -9999  -9999  -9999  -9999    0.0  -9999
C0G660 2008062015  -9999  -9999  -9999  -9999  -9999    0.0  -9999
C0G660 2008062016  -9999  -9999  -9999  -9999  -9999    0.0  -9999
C0G660 2008062017  -9999  -9999  -9999  -9999  -9999    0.0  -9999
C0G660 2008062018  -9999  -9999  -9999  -9999  -9999    0.0  -9999
C0G660 2008062019  -9999  -9999  -9999  -9999  -9999    0.0  -9999
C0G660 2008062020  -9999  -9999  -9999  -9999  -9999    0.0  -9999
C0G660 2008062021  -9999  -9999  -9999  -9999  -9999    0.0  -9999
C0G660 2008062022  -9999  -9999  -9999  -9999  -9999    0.0  -9999
C0G660 2008062023  -9999  -9999  -9999  -9999  -9999    0.0  -9999
C0G660 2008062024  -9999  -9999  -9999  -9999  -9999    0.0  -9999
C0G660 2008062101  -9999  -9999  -9999  -9999  -9999    0.0  -9999
C0G660 2008062102  -9999  -9999  -9999  -9999  -9999    0.0  -9999
C0G660 2008062103  -9999  -9999  -9999  -9999  -9999    0.0  -9999
C0G660 2008062104  -9999  -9999  -9999  -9999  -9999    0.0  -9999
C0G660 2008062105  -9999  -9999  -9999  -9999  -9999    0.0  -9999
C0G660 2008062106  -9999  -9999  -9999  -9999  -9999    0.0  -9999
C0G660 2008062107  -9999  -9999  -9999  -9999  -9999    0.0  -9999
C0G660 2008062108  -9999  -9999  -9999  -9999  -9999    0.0  -9999
C0G660 2008062109  -9999  -9999  -9999  -9999  -9999    0.0  -9999
C0G660 2008062110  -9999  -9999  -9999  -9999  -9999    0.0  -9999
C0G660 2008062111  -9999  -9999  -9999  -9999  -9999    0.0  -9999
C0G660 2008062112  -9999  -9999  -9999  -9999  -9999    0.0  -9999
C0G660 2008062113  -9999  -9999  -9999  -9999  -9999    0.0  -9999
C0G660 2008062114  -9999  -9999  -9999  -9999  -9999    0.0  -9999
C0G660 2008062115  -9999  -9999  -9999  -9999  -9999    0.0  -9999
C0G660 2008062116  -9999  -9999  -9999  -9999  -9999    0.0  -9999
C0G660 2008062117  -9999  -9999  -9999  -9999  -9999    0.0  -9999
C0G660 2008062118  -9999  -9999  -9999  -9999  -9999    0.0  -9999
C0G660 2008062119  -9999  -9999  -9999  -9999  -9999    0.0  -9999
C0G660 2008062120  -9999  -9999  -9999  -9999  -9999    0.0  -9999
C0G660 2008062121  -9999  -9999  -9999  -9999  -9999    0.0  -9999
C0G660 2008062122  -9999  -9999  -9999  -9999  -9999    0.0  -9999
C0G660 2008062123  -9999  -9999  -9999  -9999  -9999    0.0  -9999
C0G660 2008062124  -9999  -9999  -9999  -9999  -9999    0.0  -9999
C0G660 2008062201  -9999  -9999  -9999  -9999  -9999    0.0  -9999
C0G660 2008062202  -9999  -9999  -9999  -9999  -9999    0.0  -9999
C0G660 2008062203  -9999  -9999  -9999  -9999  -9999    0.0  -9999
C0G660 2008062204  -9999  -9999  -9999  -9999  -9999    0.0  -9999
C0G660 2008062205  -9999  -9999  -9999  -9999  -9999    0.0  -9999
C0G660 2008062206  -9999  -9999  -9999  -9999  -9999    0.0  -9999
C0G660 2008062207  -9999  -9999  -9999  -9999  -9999    0.0  -9999
C0G660 2008062208  -9999  -9999  -9999  -9999  -9999    0.0  -9999
C0G660 2008062209  -9999  -9999  -9999  -9999  -9999    0.0  -9999
C0G660 2008062210  -9999  -9999  -9999  -9999  -9999    0.0  -9999
C0G660 2008062211  -9999  -9999  -9999  -9999  -9999    0.0  -9999
C0G660 2008062212  -9999  -9999  -9999  -9999  -9999    0.0  -9999
C0G660 2008062213  -9999  -9999  -9999  -9999  -9999    0.0  -9999
C0G660 2008062214  -9999  -9999  -9999  -9999  -9999    0.0  -9999
C0G660 2008062215  -9999  -9999  -9999  -9999  -9999    0.0  -9999
C0G660 2008062216  -9999  -9999  -9999  -9999  -9999    0.0  -9999
C0G660 2008062217  -9999  -9999  -9999  -9999  -9999    0.0  -9999
C0G660 2008062218  -9999  -9999  -9999  -9999  -9999    0.0  -9999
C0G660 2008062219  -9999  -9999  -9999  -9999  -9999    0.0  -9999
C0G660 2008062220  -9999  -9999  -9999  -9999  -9999    0.0  -9999
C0G660 2008062221  -9999  -9999  -9999  -9999  -9999    0.0  -9999
C0G660 2008062222  -9999  -9999  -9999  -9999  -9999    0.0  -9999
C0G660 2008062223  -9999  -9999  -9999  -9999  -9999    0.0  -9999
C0G660 2008062224  -9999  -9999  -9999  -9999  -9999    0.0  -9999
C0G660 2008062301  -9999  -9999  -9999  -9999  -9999    0.0  -9999
C0G660 2008062302  -9999  -9999  -9999  -9999  -9999    0.0  -9999
C0G660 2008062303  -9999  -9999  -9999  -9999  -9999    0.0  -9999
C0G660 2008062304  -9999  -9999  -9999  -9999  -9999    0.0  -9999
C0G660 2008062305  -9999  -9999  -9999  -9999  -9999    0.0  -9999
C0G660 2008062306  -9999  -9999  -9999  -9999  -9999    0.0  -9999
C0G660 2008062307  -9999  -9999  -9999  -9999  -9999    0.0  -9999
C0G660 2008062308  -9999  -9999  -9999  -9999  -9999    0.0  -9999
C0G660 2008062309  -9999  -9999  -9999  -9999  -9999    0.0  -9999
C0G660 2008062310  -9999  -9999  -9999  -9999  -9999    0.0  -9999
C0G660 2008062311  -9999  -9999  -9999  -9999  -9999    0.0  -9999
C0G660 2008062312  -9999  -9999  -9999  -9999  -9999    0.0  -9999
C0G660 2008062313  -9999  -9999  -9999  -9999  -9999    0.0  -9999
C0G660 2008062314  -9999  -9999  -9999  -9999  -9999    0.0  -9999
C0G660 2008062315  -9999  -9999  -9999  -9999  -9999    0.0  -9999
C0G660 2008062316  -9999  -9999  -9999  -9999  -9999    0.0  -9999
C0G660 2008062317  -9999  -9999  -9999  -9999  -9999    0.0  -9999
C0G660 2008062318  -9999  -9999  -9999  -9999  -9999    0.0  -9999
C0G660 2008062319  -9999  -9999  -9999  -9999  -9999    0.0  -9999
C0G660 2008062320  -9999  -9999  -9999  -9999  -9999    0.0  -9999
C0G660 2008062321  -9999  -9999  -9999  -9999  -9999    0.0  -9999
C0G660 2008062322  -9999  -9999  -9999  -9999  -9999    0.0  -9999
C0G660 2008062323  -9999  -9999  -9999  -9999  -9999    0.0  -9999
C0G660 2008062324  -9999  -9999  -9999  -9999  -9999    0.0  -9999
C0G660 2008062401  -9999  -9999  -9999  -9999  -9999    0.0  -9999
C0G660 2008062402  -9999  -9999  -9999  -9999  -9999    0.0  -9999
C0G660 2008062403  -9999  -9999  -9999  -9999  -9999    0.0  -9999
C0G660 2008062404  -9999  -9999  -9999  -9999  -9999    0.0  -9999
C0G660 2008062405  -9999  -9999  -9999  -9999  -9999    0.0  -9999
C0G660 2008062406  -9999  -9999  -9999  -9999  -9999    0.0  -9999
C0G660 2008062407  -9999  -9999  -9999  -9999  -9999    0.0  -9999
C0G660 2008062408  -9999  -9999  -9999  -9999  -9999    0.0  -9999
C0G660 2008062409  -9999  -9999  -9999  -9999  -9999    0.0  -9999
C0G660 2008062410  -9999  -9999  -9999  -9999  -9999    0.0  -9999
C0G660 2008062411  -9999  -9999  -9999  -9999  -9999    0.0  -9999
C0G660 2008062412  -9999  -9999  -9999  -9999  -9999    0.0  -9999
C0G660 2008062413  -9999  -9999  -9999  -9999  -9999    0.0  -9999
C0G660 2008062414  -9999  -9999  -9999  -9999  -9999    0.0  -9999
C0G660 2008062415  -9999  -9999  -9999  -9999  -9999    0.0  -9999
C0G660 2008062416  -9999  -9999  -9999  -9999  -9999    0.0  -9999
C0G660 2008062417  -9999  -9999  -9999  -9999  -9999    0.0  -9999
C0G660 2008062418  -9999  -9999  -9999  -9999  -9999    0.0  -9999
C0G660 2008062419  -9999  -9999  -9999  -9999  -9999    0.0  -9999
C0G660 2008062420  -9999  -9999  -9999  -9999  -9999    0.0  -9999
C0G660 2008062421  -9999  -9999  -9999  -9999  -9999    0.0  -9999
C0G660 2008062422  -9999  -9999  -9999  -9999  -9999    0.0  -9999
C0G660 2008062423  -9999  -9999  -9999  -9999  -9999    0.0  -9999
C0G660 2008062424  -9999  -9999  -9999  -9999  -9999    0.0  -9999
C0G660 2008062501  -9999  -9999  -9999  -9999  -9999    0.0  -9999
C0G660 2008062502  -9999  -9999  -9999  -9999  -9999    0.0  -9999
C0G660 2008062503  -9999  -9999  -9999  -9999  -9999    0.0  -9999
C0G660 2008062504  -9999  -9999  -9999  -9999  -9999    0.0  -9999
C0G660 2008062505  -9999  -9999  -9999  -9999  -9999    0.0  -9999
C0G660 2008062506  -9999  -9999  -9999  -9999  -9999    0.0  -9999
C0G660 2008062507  -9999  -9999  -9999  -9999  -9999    0.0  -9999
C0G660 2008062508  -9999  -9999  -9999  -9999  -9999    0.0  -9999
C0G660 2008062509  -9999  -9999  -9999  -9999  -9999    0.0  -9999
C0G660 2008062510  -9999  -9999  -9999  -9999  -9999    0.0  -9999
C0G660 2008062511  -9999  -9999  -9999  -9999  -9999    0.0  -9999
C0G660 2008062512  -9999  -9999  -9999  -9999  -9999    0.0  -9999
C0G660 2008062513  -9999  -9999  -9999  -9999  -9999    0.0  -9999
C0G660 2008062514  -9999  -9999  -9999  -9999  -9999    0.0  -9999
C0G660 2008062515  -9999  -9999  -9999  -9999  -9999    0.0  -9999
C0G660 2008062516  -9999  -9999  -9999  -9999  -9999    0.0  -9999
C0G660 2008062517  -9999  -9999  -9999  -9999  -9999    0.0  -9999
C0G660 2008062518  -9999  -9999  -9999  -9999  -9999    0.0  -9999
C0G660 2008062519  -9999  -9999  -9999  -9999  -9999    0.0  -9999
C0G660 2008062520  -9999  -9999  -9999  -9999  -9999    0.0  -9999
C0G660 2008062521  -9999  -9999  -9999  -9999  -9999    0.0  -9999
C0G660 2008062522  -9999  -9999  -9999  -9999  -9999    0.0  -9999
C0G660 2008062523  -9999  -9999  -9999  -9999  -9999    0.0  -9999
C0G660 2008062524  -9999  -9999  -9999  -9999  -9999    0.0  -9999
C0G660 2008062601  -9999  -9999  -9999  -9999  -9999    0.0  -9999
C0G660 2008062602  -9999  -9999  -9999  -9999  -9999    0.0  -9999
C0G660 2008062603  -9999  -9999  -9999  -9999  -9999    0.0  -9999
C0G660 2008062604  -9999  -9999  -9999  -9999  -9999    0.0  -9999
C0G660 2008062605  -9999  -9999  -9999  -9999  -9999    0.0  -9999
C0G660 2008062606  -9999  -9999  -9999  -9999  -9999    0.0  -9999
C0G660 2008062607  -9999  -9999  -9999  -9999  -9999    0.0  -9999
C0G660 2008062608  -9999  -9999  -9999  -9999  -9999    0.0  -9999
C0G660 2008062609  -9999  -9999  -9999  -9999  -9999    0.0  -9999
C0G660 2008062610  -9999  -9999  -9999  -9999  -9999    0.0  -9999
C0G660 2008062611  -9999  -9999  -9999  -9999  -9999    0.0  -9999
C0G660 2008062612  -9999  -9999  -9999  -9999  -9999    0.0  -9999
C0G660 2008062613  -9999  -9999  -9999  -9999  -9999    0.0  -9999
C0G660 2008062614  -9999  -9999  -9999  -9999  -9999    0.0  -9999
C0G660 2008062615  -9999  -9999  -9999  -9999  -9999    0.0  -9999
C0G660 2008062616  -9999  -9999  -9999  -9999  -9999    0.0  -9999
C0G660 2008062617  -9999  -9999  -9999  -9999  -9999    0.0  -9999
C0G660 2008062618  -9999  -9999  -9999  -9999  -9999    0.0  -9999
C0G660 2008062619  -9999  -9999  -9999  -9999  -9999    0.0  -9999
C0G660 2008062620  -9999  -9999  -9999  -9999  -9999    0.0  -9999
C0G660 2008062621  -9999  -9999  -9999  -9999  -9999    0.0  -9999
C0G660 2008062622  -9999  -9999  -9999  -9999  -9999    0.0  -9999
C0G660 2008062623  -9999  -9999  -9999  -9999  -9999    0.0  -9999
C0G660 2008062624  -9999  -9999  -9999  -9999  -9999    0.0  -9999
C0G660 2008062701  -9999  -9999  -9999  -9999  -9999    0.0  -9999
C0G660 2008062702  -9999  -9999  -9999  -9999  -9999    0.0  -9999
C0G660 2008062703  -9999  -9999  -9999  -9999  -9999    0.0  -9999
C0G660 2008062704  -9999  -9999  -9999  -9999  -9999    0.0  -9999
C0G660 2008062705  -9999  -9999  -9999  -9999  -9999    0.0  -9999
C0G660 2008062706  -9999  -9999  -9999  -9999  -9999    0.0  -9999
C0G660 2008062707  -9999  -9999  -9999  -9999  -9999    0.0  -9999
C0G660 2008062708  -9999  -9999  -9999  -9999  -9999    0.0  -9999
C0G660 2008062709  -9999  -9999  -9999  -9999  -9999    0.0  -9999
C0G660 2008062710  -9999  -9999  -9999  -9999  -9999    0.0  -9999
C0G660 2008062711  -9999  -9999  -9999  -9999  -9999    0.5  -9999
C0G660 2008062712  -9999  -9999  -9999  -9999  -9999    0.5  -9999
C0G660 2008062713  -9999  -9999  -9999  -9999  -9999    3.0  -9999
C0G660 2008062714  -9999  -9999  -9999  -9999  -9999    3.5  -9999
C0G660 2008062715  -9999  -9999  -9999  -9999  -9999    0.0  -9999
C0G660 2008062716  -9999  -9999  -9999  -9999  -9999    2.5  -9999
C0G660 2008062717  -9999  -9999  -9999  -9999  -9999    2.5  -9999
C0G660 2008062718  -9999  -9999  -9999  -9999  -9999    0.0  -9999
C0G660 2008062719  -9999  -9999  -9999  -9999  -9999    0.0  -9999
C0G660 2008062720  -9999  -9999  -9999  -9999  -9999    0.0  -9999
C0G660 2008062721  -9999  -9999  -9999  -9999  -9999    0.0  -9999
C0G660 2008062722  -9999  -9999  -9999  -9999  -9999    0.0  -9999
C0G660 2008062723  -9999  -9999  -9999  -9999  -9999    0.0  -9999
C0G660 2008062724  -9999  -9999  -9999  -9999  -9999    0.0  -9999
C0G660 2008062801  -9999  -9999  -9999  -9999  -9999    0.0  -9999
C0G660 2008062802  -9999  -9999  -9999  -9999  -9999    0.0  -9999
C0G660 2008062803  -9999  -9999  -9999  -9999  -9999    0.0  -9999
C0G660 2008062804  -9999  -9999  -9999  -9999  -9999    0.0  -9999
C0G660 2008062805  -9999  -9999  -9999  -9999  -9999    1.0  -9999
C0G660 2008062806  -9999  -9999  -9999  -9999  -9999    1.5  -9999
C0G660 2008062807  -9999  -9999  -9999  -9999  -9999    0.5  -9999
C0G660 2008062808  -9999  -9999  -9999  -9999  -9999    0.0  -9999
C0G660 2008062809  -9999  -9999  -9999  -9999  -9999    0.0  -9999
C0G660 2008062810  -9999  -9999  -9999  -9999  -9999    0.0  -9999
C0G660 2008062811  -9999  -9999  -9999  -9999  -9999    0.0  -9999
C0G660 2008062812  -9999  -9999  -9999  -9999  -9999    0.0  -9999
C0G660 2008062813  -9999  -9999  -9999  -9999  -9999    0.0  -9999
C0G660 2008062814  -9999  -9999  -9999  -9999  -9999    0.0  -9999
C0G660 2008062815  -9999  -9999  -9999  -9999  -9999    0.0  -9999
C0G660 2008062816  -9999  -9999  -9999  -9999  -9999    0.0  -9999
C0G660 2008062817  -9999  -9999  -9999  -9999  -9999    0.0  -9999
C0G660 2008062818  -9999  -9999  -9999  -9999  -9999    0.0  -9999
C0G660 2008062819  -9999  -9999  -9999  -9999  -9999    0.0  -9999
C0G660 2008062820  -9999  -9999  -9999  -9999  -9999    0.0  -9999
C0G660 2008062821  -9999  -9999  -9999  -9999  -9999    0.0  -9999
C0G660 2008062822  -9999  -9999  -9999  -9999  -9999    0.0  -9999
C0G660 2008062823  -9999  -9999  -9999  -9999  -9999    0.0  -9999
C0G660 2008062824  -9999  -9999  -9999  -9999  -9999    0.0  -9999
C0G660 2008062901  -9999  -9999  -9999  -9999  -9999    0.0  -9999
C0G660 2008062902  -9999  -9999  -9999  -9999  -9999    0.0  -9999
C0G660 2008062903  -9999  -9999  -9999  -9999  -9999    0.0  -9999
C0G660 2008062904  -9999  -9999  -9999  -9999  -9999    0.0  -9999
C0G660 2008062905  -9999  -9999  -9999  -9999  -9999    0.0  -9999
C0G660 2008062906  -9999  -9999  -9999  -9999  -9999    0.0  -9999
C0G660 2008062907  -9999  -9999  -9999  -9999  -9999    0.0  -9999
C0G660 2008062908  -9999  -9999  -9999  -9999  -9999    0.0  -9999
C0G660 2008062909  -9999  -9999  -9999  -9999  -9999    0.0  -9999
C0G660 2008062910  -9999  -9999  -9999  -9999  -9999    0.0  -9999
C0G660 2008062911  -9999  -9999  -9999  -9999  -9999    0.0  -9999
C0G660 2008062912  -9999  -9999  -9999  -9999  -9999    0.0  -9999
C0G660 2008062913  -9999  -9999  -9999  -9999  -9999    0.0  -9999
C0G660 2008062914  -9999  -9999  -9999  -9999  -9999    0.0  -9999
C0G660 2008062915  -9999  -9999  -9999  -9999  -9999    0.0  -9999
C0G660 2008062916  -9999  -9999  -9999  -9999  -9999    0.0  -9999
C0G660 2008062917  -9999  -9999  -9999  -9999  -9999    0.0  -9999
C0G660 2008062918  -9999  -9999  -9999  -9999  -9999    0.0  -9999
C0G660 2008062919  -9999  -9999  -9999  -9999  -9999    0.0  -9999
C0G660 2008062920  -9999  -9999  -9999  -9999  -9999    0.0  -9999
C0G660 2008062921  -9999  -9999  -9999  -9999  -9999    0.0  -9999
C0G660 2008062922  -9999  -9999  -9999  -9999  -9999    0.0  -9999
C0G660 2008062923  -9999  -9999  -9999  -9999  -9999    0.0  -9999
C0G660 2008062924  -9999  -9999  -9999  -9999  -9999    0.0  -9999
C0G660 2008063001  -9999  -9999  -9999  -9999  -9999    0.0  -9999
C0G660 2008063002  -9999  -9999  -9999  -9999  -9999    0.0  -9999
C0G660 2008063003  -9999  -9999  -9999  -9999  -9999    0.0  -9999
C0G660 2008063004  -9999  -9999  -9999  -9999  -9999    0.0  -9999
C0G660 2008063005  -9999  -9999  -9999  -9999  -9999    0.0  -9999
C0G660 2008063006  -9999  -9999  -9999  -9999  -9999    0.0  -9999
C0G660 2008063007  -9999  -9999  -9999  -9999  -9999    0.0  -9999
C0G660 2008063008  -9999  -9999  -9999  -9999  -9999    0.0  -9999
C0G660 2008063009  -9999  -9999  -9999  -9999  -9999    0.0  -9999
C0G660 2008063010  -9999  -9999  -9999  -9999  -9999    0.0  -9999
C0G660 2008063011  -9999  -9999  -9999  -9999  -9999    0.0  -9999
C0G660 2008063012  -9999  -9999  -9999  -9999  -9999    0.0  -9999
C0G660 2008063013  -9999  -9999  -9999  -9999  -9999    0.0  -9999
C0G660 2008063014  -9999  -9999  -9999  -9999  -9999    0.0  -9999
C0G660 2008063015  -9999  -9999  -9999  -9999  -9999    0.0  -9999
C0G660 2008063016  -9999  -9999  -9999  -9999  -9999    0.0  -9999
C0G660 2008063017  -9999  -9999  -9999  -9999  -9999    0.0  -9999
C0G660 2008063018  -9999  -9999  -9999  -9999  -9999    0.0  -9999
C0G660 2008063019  -9999  -9999  -9999  -9999  -9999    0.0  -9999
C0G660 2008063020  -9999  -9999  -9999  -9999  -9999    0.0  -9999
C0G660 2008063021  -9999  -9999  -9999  -9999  -9999    0.0  -9999
C0G660 2008063022  -9999  -9999  -9999  -9999  -9999    0.0  -9999
C0G660 2008063023  -9999  -9999  -9999  -9999  -9999    0.0  -9999
C0G660 2008063024  -9999  -9999  -9999  -9999  -9999    0.0  -9999
