C0G650 2008110101  -9997   24.1  -9997    0.0    0.0    0.0    0.0
C0G650 2008110102  -9997   23.4  -9997    0.0    0.0    0.0    0.0
C0G650 2008110103  -9997   23.3  -9997    0.0    0.0    0.0    0.0
C0G650 2008110104  -9997   22.9  -9997    0.0    0.0    0.0    0.0
C0G650 2008110105  -9997   23.5  -9997    0.0    0.0    0.0    0.0
C0G650 2008110106  -9997   23.7  -9997    0.0    0.0    0.0    0.0
C0G650 2008110107  -9997   24.0  -9997    0.0    0.0    0.0    0.0
C0G650 2008110108  -9997   24.6  -9997    0.4   60.0    0.0    0.0
C0G650 2008110109  -9997   26.9  -9997    0.0    0.0    0.0    0.9
C0G650 2008110110  -9997   29.7  -9997    0.1    0.0    0.0    1.0
C0G650 2008110111  -9997   30.6  -9997    0.5  190.0    0.0    1.0
C0G650 2008110112  -9997   31.3  -9997    0.1    0.0    0.0    0.9
C0G650 2008110113  -9997   32.5  -9997    0.6  270.0    0.0    0.9
C0G650 2008110114  -9997   31.4  -9997    0.3   20.0    0.0    0.9
C0G650 2008110115  -9997   30.5  -9997    0.3  350.0    0.0    1.0
C0G650 2008110116  -9997   29.0  -9997    0.1    0.0    0.0    1.0
C0G650 2008110117  -9997   28.0  -9997    0.2    0.0    0.0    0.1
C0G650 2008110118  -9997   26.8  -9997    0.6   30.0    0.0    0.0
C0G650 2008110119  -9997   26.2  -9997    0.0    0.0    0.0    0.0
C0G650 2008110120  -9997   26.0  -9997  -9997    0.0    0.0    0.0
C0G650 2008110121  -9997   25.5  -9997    0.0    0.0    0.0    0.0
C0G650 2008110122  -9997   25.1  -9997    0.2    0.0    0.0    0.0
C0G650 2008110123  -9997   24.9  -9997    0.0    0.0    0.0    0.0
C0G650 2008110124  -9997   24.3  -9997    0.0    0.0    0.0    0.0
C0G650 2008110201  -9997   23.9  -9997    0.0    0.0    0.0    0.0
C0G650 2008110202  -9997   23.5  -9997    0.0    0.0    0.0    0.0
C0G650 2008110203  -9997   23.3  -9997    0.0    0.0    0.0    0.0
C0G650 2008110204  -9997   23.2  -9997    0.2    0.0    0.0    0.0
C0G650 2008110205  -9997   23.6  -9997    0.0    0.0    0.0    0.0
C0G650 2008110206  -9997   23.7  -9997    0.0    0.0    0.0    0.0
C0G650 2008110207  -9997   24.2  -9997    0.0    0.0    0.0    0.0
C0G650 2008110208  -9997   25.6  -9997    0.1    0.0    0.0    0.1
C0G650 2008110209  -9997   27.9  -9997    0.1    0.0    0.0    0.6
C0G650 2008110210  -9997   28.7  -9997    1.5  240.0    0.0   -9.6
C0G650 2008110211  -9997   29.7  -9997    1.3  250.0    0.0    1.8
C0G650 2008110212  -9997   31.5  -9997    0.2    0.0    0.0    0.7
C0G650 2008110213  -9997   31.5  -9997    0.2    0.0    0.0    0.4
C0G650 2008110214  -9997   31.1  -9997    0.3  300.0    0.0    0.3
C0G650 2008110215  -9997   30.1  -9997    0.1    0.0    0.0    0.3
C0G650 2008110216  -9997   29.4  -9997    0.0    0.0    0.0    0.0
C0G650 2008110217  -9997   28.7  -9997    0.0    0.0    0.0    0.0
C0G650 2008110218  -9997   27.5  -9997    0.0    0.0    0.0    0.0
C0G650 2008110219  -9997   26.9  -9997    0.3   40.0    0.0    0.0
C0G650 2008110220  -9997   26.9  -9997    0.2    0.0    0.0    0.0
C0G650 2008110221  -9997  -9997  -9997  -9997  -9997    0.0    0.0
C0G650 2008110222  -9997   26.7  -9997    0.0    0.0    0.0    0.0
C0G650 2008110223  -9997   26.5  -9997    0.0    0.0    0.0    0.0
C0G650 2008110224  -9997  -9997  -9997    0.0  -9997    0.0    0.0
C0G650 2008110301  -9997   26.1  -9997  -9997  -9997    0.0    0.0
C0G650 2008110302  -9997   26.2  -9997    0.0    0.0    0.0    0.0
C0G650 2008110303  -9997   26.2  -9997    0.0    0.0    0.0    0.0
C0G650 2008110304  -9997   25.2  -9997    0.0    0.0    0.0    0.0
C0G650 2008110305  -9997   25.1  -9997    0.0    0.0    0.0    0.0
C0G650 2008110306  -9997   24.6  -9997    0.0    0.0    0.0    0.0
C0G650 2008110307  -9997   24.9  -9997    0.0    0.0    0.0    0.0
C0G650 2008110308  -9997   27.4  -9997    0.3   30.0    0.0    0.5
C0G650 2008110309  -9997   29.0  -9997    0.3  350.0    0.0    1.0
C0G650 2008110310  -9997   30.0  -9997    0.4   30.0    0.0    1.0
C0G650 2008110311  -9997   31.3  -9997    0.2    0.0    0.0    1.0
C0G650 2008110312  -9997   31.5  -9997  -9997  -9997    0.0    1.0
C0G650 2008110313  -9997   31.5  -9997    0.6   10.0    0.0    1.0
C0G650 2008110314  -9997   30.4  -9997    2.2   20.0    0.0    0.6
C0G650 2008110315  -9997   29.3  -9997    1.0   30.0    0.0    1.0
C0G650 2008110316  -9997   27.2  -9997    1.4  -9997    0.0    0.0
C0G650 2008110317  -9997   25.5  -9997    1.5   20.0    0.0    0.0
C0G650 2008110318  -9997  -9997  -9997  -9997  -9997    0.0    0.0
C0G650 2008110319  -9997   24.4  -9997    1.6   30.0    0.0    0.0
C0G650 2008110320  -9997   24.0  -9997    0.8   30.0    0.0    0.0
C0G650 2008110321  -9997   23.7  -9997    0.0    0.0    0.0    0.0
C0G650 2008110322  -9997   23.4  -9997    0.3   20.0    0.0    0.0
C0G650 2008110323  -9997   23.0  -9997    0.0    0.0    0.0    0.0
C0G650 2008110324  -9997   22.8  -9997    0.0    0.0    0.0    0.0
C0G650 2008110401  -9997   22.4  -9997    0.0    0.0    0.0    0.0
C0G650 2008110402  -9997   22.0  -9997    0.0    0.0    0.0    0.0
C0G650 2008110403  -9997   21.8  -9997    0.0    0.0    0.0    0.0
C0G650 2008110404  -9997   21.9  -9997    0.0    0.0    0.0    0.0
C0G650 2008110405  -9997   22.2  -9997    0.1    0.0    0.0    0.0
C0G650 2008110406  -9997   21.9  -9997    0.0    0.0    0.0    0.0
C0G650 2008110407  -9997   22.8  -9997  -9997    0.0    0.0    0.0
C0G650 2008110408  -9997   24.8  -9997    0.3  -9997    0.0    0.6
C0G650 2008110409  -9997  -9997  -9997    0.0    0.0    0.0    1.0
C0G650 2008110410  -9997   29.6  -9997    0.1  -9997    0.0    1.0
C0G650 2008110411  -9997   30.4  -9997    0.2    0.0    0.0    1.0
C0G650 2008110412  -9997   30.0  -9997    0.7   30.0    0.0    1.0
C0G650 2008110413  -9997   31.5  -9997    0.2    0.0    0.0    1.0
C0G650 2008110414  -9997   31.9  -9997    0.2    0.0    0.0   -9.6
C0G650 2008110415  -9997   32.4  -9997    0.5  270.0    0.0    1.6
C0G650 2008110416  -9997   29.6  -9997    0.1    0.0    0.0    1.0
C0G650 2008110417  -9997   28.3  -9997    0.0    0.0    0.0    0.7
C0G650 2008110418  -9997   27.1  -9997    0.0    0.0    0.0    0.0
C0G650 2008110419  -9997   26.6  -9997    0.0    0.0    0.0    0.0
C0G650 2008110420  -9997   26.0  -9997    0.0    0.0    0.0    0.0
C0G650 2008110421  -9997   25.2  -9997    0.0    0.0    0.0    0.0
C0G650 2008110422  -9997   24.9  -9997    0.0    0.0    0.0    0.0
C0G650 2008110423  -9997   24.5  -9997    0.0    0.0    0.0    0.0
C0G650 2008110424  -9997   24.2  -9997    0.0    0.0    0.0    0.0
C0G650 2008110501  -9997   24.5  -9997    0.0    0.0    0.0    0.0
C0G650 2008110502  -9997   24.8  -9997    0.0    0.0    0.0    0.0
C0G650 2008110503  -9997   24.3  -9997    0.0    0.0    0.0    0.0
C0G650 2008110504  -9997   24.4  -9997    0.0    0.0    0.0    0.0
C0G650 2008110505  -9997   23.9  -9997    0.0    0.0    0.0    0.0
C0G650 2008110506  -9997   23.6  -9997    0.0    0.0    0.0    0.0
C0G650 2008110507  -9997   23.9  -9997    0.0    0.0    0.0    0.0
C0G650 2008110508  -9997   25.8  -9997    0.2    0.0    0.0    0.6
C0G650 2008110509  -9997   27.9  -9997    0.7  210.0    0.0    1.0
C0G650 2008110510  -9997   29.5  -9997    0.0    0.0    0.0    1.0
C0G650 2008110511  -9997   30.6  -9997    0.3  260.0    0.0    1.0
C0G650 2008110512  -9997  -9997  -9997  -9997  -9997    0.0   -9.6
C0G650 2008110513  -9997   30.7  -9997    0.4   20.0    0.0    1.9
C0G650 2008110514  -9997   31.9  -9997    0.3  290.0    0.0    0.5
C0G650 2008110515  -9997   30.5  -9997    0.3  320.0    0.0    1.0
C0G650 2008110516  -9997   29.1  -9997    0.1    0.0    0.0    1.0
C0G650 2008110517  -9997  -9997  -9997  -9997  -9997    0.0   -9.6
C0G650 2008110518  -9997   26.6  -9997    0.7   30.0    0.0    0.5
C0G650 2008110519  -9997   26.2  -9997  -9997   20.0    0.0    0.0
C0G650 2008110520  -9997   26.0  -9997    0.0    0.0    0.0    0.0
C0G650 2008110521  -9997   25.6  -9997    0.0    0.0    0.0    0.0
C0G650 2008110522  -9997   25.5  -9997    0.0    0.0    0.0    0.0
C0G650 2008110523  -9997   25.2  -9997    0.1    0.0    0.0    0.0
C0G650 2008110524  -9997   25.1  -9997    0.0    0.0    0.0    0.0
C0G650 2008110601  -9997   24.9  -9997    0.0    0.0    0.0    0.0
C0G650 2008110602  -9997   24.5  -9997    0.0    0.0    0.0    0.0
C0G650 2008110603  -9997   24.0  -9997    0.0    0.0    0.0    0.0
C0G650 2008110604  -9997   23.6  -9997    0.0    0.0    0.0    0.0
C0G650 2008110605  -9997   23.3  -9997    0.0    0.0    0.0    0.0
C0G650 2008110606  -9997   23.7  -9997    0.0    0.0    0.0    0.0
C0G650 2008110607  -9997   24.8  -9997    0.0    0.0    0.0    0.0
C0G650 2008110608  -9997   26.5  -9997  -9997    0.0    0.0   -9.6
C0G650 2008110609  -9997   27.6  -9997    0.9   40.0    0.0    1.6
C0G650 2008110610  -9997   29.2  -9997    0.3   50.0    0.0    1.0
C0G650 2008110611  -9997   31.6  -9997    0.4  260.0    0.0    1.0
C0G650 2008110612  -9997   32.6  -9997    0.3  270.0    0.0    1.0
C0G650 2008110613  -9997   31.5  -9997    0.1    0.0    0.0    1.0
C0G650 2008110614  -9997   30.4  -9997    0.1    0.0    0.0    0.6
C0G650 2008110615  -9997   29.4  -9997    0.2    0.0    0.0    1.0
C0G650 2008110616  -9997   28.4  -9997    0.6   40.0    0.0    0.9
C0G650 2008110617  -9997   27.3  -9997    0.0    0.0    0.0    0.7
C0G650 2008110618  -9997  -9997  -9997  -9997  -9997    0.0    0.0
C0G650 2008110619  -9997   26.0  -9997    0.0    0.0    0.0    0.0
C0G650 2008110620  -9997   25.8  -9997    0.0    0.0    0.0    0.0
C0G650 2008110621  -9997   25.3  -9997    0.2    0.0    0.0    0.0
C0G650 2008110622  -9997   25.0  -9997    0.0    0.0    0.0    0.0
C0G650 2008110623  -9997   24.6  -9997    0.0    0.0    0.0    0.0
C0G650 2008110624  -9997  -9997  -9997  -9997  -9997    0.0    0.0
C0G650 2008110701  -9997  -9997  -9997  -9997  -9997    0.0    0.0
C0G650 2008110702  -9997  -9997  -9997  -9997    0.0    0.0    0.0
C0G650 2008110703  -9997   23.9  -9997    0.0    0.0    0.0    0.0
C0G650 2008110704  -9997   23.2  -9997    0.0    0.0    0.0    0.0
C0G650 2008110705  -9997   23.0  -9997    0.0    0.0    0.0    0.0
C0G650 2008110706  -9997  -9997  -9997  -9997    0.0    0.0    0.0
C0G650 2008110707  -9997   24.7  -9997    0.0  -9997    0.0    0.0
C0G650 2008110708  -9997   25.9  -9997    0.2    0.0    0.0    0.0
C0G650 2008110709  -9997   27.2  -9997    0.7   40.0    0.0   -9.6
C0G650 2008110710  -9997   28.9  -9997    0.5   30.0    0.0    1.7
C0G650 2008110711  -9997   29.9  -9997    0.0  -9997    0.0    1.0
C0G650 2008110712  -9997   30.8  -9997    0.1  -9997    0.0    1.0
C0G650 2008110713  -9997   30.5  -9997    0.3  360.0    0.0    0.7
C0G650 2008110714  -9997   32.6  -9997    0.5  260.0    0.0    0.4
C0G650 2008110715  -9997   31.5  -9997    0.5   10.0    0.0    1.0
C0G650 2008110716  -9997   29.4  -9997    0.2    0.0    0.0    0.9
C0G650 2008110717  -9997   27.6  -9997    0.0    0.0    0.0    0.3
C0G650 2008110718  -9997   26.7  -9997    0.1    0.0    0.0    0.0
C0G650 2008110719  -9997  -9997  -9997    0.0    0.0    0.0    0.0
C0G650 2008110720  -9997   25.8  -9997    0.0    0.0    0.0    0.0
C0G650 2008110721  -9997   25.1  -9997    0.0    0.0    0.0    0.0
C0G650 2008110722  -9997   24.8  -9997    0.0    0.0    0.0    0.0
C0G650 2008110723  -9997   24.3  -9997    0.0    0.0    0.0    0.0
C0G650 2008110724  -9997   24.8  -9997    0.0    0.0    0.0    0.0
C0G650 2008110801  -9997   24.9  -9997    0.0    0.0    0.0    0.0
C0G650 2008110802  -9997   24.7  -9997    0.0    0.0    0.0    0.0
C0G650 2008110803  -9997   24.6  -9997    0.0    0.0    0.0    0.0
C0G650 2008110804  -9997   24.7  -9997    0.0    0.0    0.0    0.0
C0G650 2008110805  -9997   24.7  -9997    0.0    0.0    0.0    0.0
C0G650 2008110806  -9997   24.6  -9997    0.0    0.0    0.0    0.0
C0G650 2008110807  -9997   25.0  -9997  -9997    0.0    0.0    0.0
C0G650 2008110808  -9997   25.5  -9997    0.0    0.0    0.0    0.0
C0G650 2008110809  -9997  -9997  -9997  -9997  -9997    0.0    0.0
C0G650 2008110810  -9997   27.0  -9997    0.1    0.0    0.0    0.0
C0G650 2008110811  -9997  -9997  -9997  -9997  -9997    0.0    0.0
C0G650 2008110812  -9997   27.1  -9997    1.9   20.0    0.0    0.0
C0G650 2008110813  -9997   26.3  -9997    2.2   30.0    0.0    0.0
C0G650 2008110814  -9997  -9997  -9997    1.8  -9997    0.0    0.0
C0G650 2008110815  -9997  -9997  -9997  -9997  -9997    0.0    0.0
C0G650 2008110816  -9997   24.3  -9997    1.2   50.0    0.0    0.0
C0G650 2008110817  -9997   24.0  -9997    0.1    0.0    0.0    0.0
C0G650 2008110818  -9997   23.5  -9997    1.7   70.0    0.5    0.0
C0G650 2008110819  -9997  -9997  -9997  -9997  -9997    0.0    0.0
C0G650 2008110820  -9997   23.2  -9997    0.0    0.0    0.0    0.0
C0G650 2008110821  -9997   22.6  -9997    0.0    0.0    0.5    0.0
C0G650 2008110822  -9997   21.9  -9997    0.8   50.0    0.5    0.0
C0G650 2008110823  -9997   22.0  -9997    0.0    0.0    0.5    0.0
C0G650 2008110824  -9997   21.9  -9997    1.2   20.0    0.0    0.0
C0G650 2008110901  -9997   21.5  -9997    1.3   30.0    0.0    0.0
C0G650 2008110902  -9997   21.5  -9997    0.4   30.0    0.0    0.0
C0G650 2008110903  -9997   21.7  -9997    0.7   30.0    0.0    0.0
C0G650 2008110904  -9997   21.0  -9997    1.7   30.0    0.5    0.0
C0G650 2008110905  -9997   20.8  -9997    1.3   20.0    1.5    0.0
C0G650 2008110906  -9997   20.1  -9997    1.2   30.0    1.5    0.0
C0G650 2008110907  -9997   19.9  -9997    1.3   30.0    1.0    0.0
C0G650 2008110908  -9997   20.2  -9997    1.1   30.0    1.0    0.0
C0G650 2008110909  -9997   20.3  -9997    0.1    0.0    0.5    0.0
C0G650 2008110910  -9997   20.3  -9997    0.2    0.0    0.5    0.0
C0G650 2008110911  -9997   20.3  -9997    1.9   20.0    1.5    0.0
C0G650 2008110912  -9997   20.6  -9997    1.0   30.0    0.5    0.0
C0G650 2008110913  -9997   19.9  -9997    1.5   20.0    2.0    0.0
C0G650 2008110914  -9997   20.1  -9997    0.0    0.0    1.0    0.0
C0G650 2008110915  -9997   19.8  -9997    0.0    0.0    1.0    0.0
C0G650 2008110916  -9997   19.3  -9997    0.0    0.0    1.5    0.0
C0G650 2008110917  -9997   19.9  -9997    1.4   60.0    0.5    0.0
C0G650 2008110918  -9997  -9997  -9997    1.1  -9997    0.0    0.0
C0G650 2008110919  -9997   20.4  -9997    0.1    0.0    0.0    0.0
C0G650 2008110920  -9997   19.3  -9997    0.0    0.0    0.5    0.0
C0G650 2008110921  -9997   19.0  -9997    0.1    0.0    0.0    0.0
C0G650 2008110922  -9997   18.7  -9997    1.5   30.0    0.0    0.0
C0G650 2008110923  -9997   18.6  -9997  -9997   20.0    0.0    0.0
C0G650 2008110924  -9997   19.0  -9997    2.0   30.0    0.0    0.0
C0G650 2008111001  -9997  -9997  -9997  -9997  -9997    0.0    0.0
C0G650 2008111002  -9997   18.6  -9997    0.6   30.0    0.5    0.0
C0G650 2008111003  -9997   18.6  -9997    2.0   50.0    0.0    0.0
C0G650 2008111004  -9997  -9997  -9997  -9997   30.0    0.0    0.0
C0G650 2008111005  -9997   19.2  -9997    2.5   30.0    0.0    0.0
C0G650 2008111006  -9997  -9997  -9997    1.7   30.0    0.0    0.0
C0G650 2008111007  -9997   19.5  -9997    0.5   40.0    0.0    0.0
C0G650 2008111008  -9997   20.1  -9997    1.1  -9997    0.0    0.0
C0G650 2008111009  -9997  -9997  -9997  -9997  -9997    0.0    0.0
C0G650 2008111010  -9997  -9997  -9997  -9997  -9997    0.0    0.0
C0G650 2008111011  -9997   22.1  -9997  -9997   20.0    0.0    0.0
C0G650 2008111012  -9997   22.5  -9997    1.1   40.0    0.0    0.1
C0G650 2008111013  -9997   22.3  -9997  -9997  -9997    0.0   -9.6
C0G650 2008111014  -9997   22.3  -9997    0.8   20.0    0.0    0.1
C0G650 2008111015  -9997   21.7  -9997    2.2   30.0    0.0    0.0
C0G650 2008111016  -9997   21.7  -9997    1.9   20.0    0.0    0.3
C0G650 2008111017  -9997  -9997  -9997  -9997  -9997    0.0   -9.6
C0G650 2008111018  -9997  -9997  -9997    1.6   30.0    0.0    0.2
C0G650 2008111019  -9997   19.3  -9997  -9997  -9997    0.0    0.0
C0G650 2008111020  -9997  -9997  -9997  -9997  -9997    0.0    0.0
C0G650 2008111021  -9997   19.0  -9997  -9997   20.0    0.0    0.0
C0G650 2008111022  -9997  -9997  -9997  -9997  -9997    0.0    0.0
C0G650 2008111023  -9997   18.6  -9997    0.3   30.0    0.0    0.0
C0G650 2008111024  -9997   19.7  -9997    0.6   30.0    0.0    0.0
C0G650 2008111101  -9997  -9997  -9997    0.8   20.0    0.0    0.0
C0G650 2008111102  -9997  -9997  -9997  -9997  -9997    0.0    0.0
C0G650 2008111103  -9997   18.6  -9997    1.4   20.0    0.0    0.0
C0G650 2008111104  -9997   18.6  -9997    1.2   30.0    0.0    0.0
C0G650 2008111105  -9997   18.3  -9997    1.4   30.0    0.0    0.0
C0G650 2008111106  -9997   18.2  -9997    1.6   20.0    0.0    0.0
C0G650 2008111107  -9997  -9997  -9997  -9997  -9997    0.0   -9.6
C0G650 2008111108  -9997   19.9  -9997    1.3   30.0    0.0    0.2
C0G650 2008111109  -9997   20.8  -9997    2.3   20.0    0.0    1.0
C0G650 2008111110  -9997   21.7  -9997    2.5   20.0    0.0    1.0
C0G650 2008111111  -9997  -9997  -9997  -9997   20.0    0.0    1.0
C0G650 2008111112  -9997   22.4  -9997    3.5  -9997    0.0    1.0
C0G650 2008111113  -9997   22.8  -9997    3.0   30.0    0.0    1.0
C0G650 2008111114  -9997   22.5  -9997    3.3   20.0    0.0    0.6
C0G650 2008111115  -9997   22.6  -9997    1.7   30.0    0.0    0.9
C0G650 2008111116  -9997   21.7  -9997    2.1   20.0    0.0    1.0
C0G650 2008111117  -9997   20.6  -9997    1.0   30.0    0.0    0.7
C0G650 2008111118  -9997   19.7  -9997    0.3   10.0    0.0    0.0
C0G650 2008111119  -9997   19.2  -9997    0.1    0.0    0.0    0.0
C0G650 2008111120  -9997   19.1  -9997    0.5   20.0    0.0    0.0
C0G650 2008111121  -9997   19.0  -9997    0.0    0.0    0.0    0.0
C0G650 2008111122  -9997   17.8  -9997    0.0    0.0    0.0    0.0
C0G650 2008111123  -9997   18.1  -9997    0.3   30.0    0.0    0.0
C0G650 2008111124  -9997   17.9  -9997    0.1    0.0    0.0    0.0
C0G650 2008111201  -9997   17.8  -9997    0.5   10.0    0.0    0.0
C0G650 2008111202  -9997   17.1  -9997    0.0    0.0    0.0    0.0
C0G650 2008111203  -9997   15.7  -9997    0.0    0.0    0.0    0.0
C0G650 2008111204  -9997  -9997  -9997  -9997  -9997    0.0    0.0
C0G650 2008111205  -9997   14.9  -9997    0.0    0.0    0.0    0.0
C0G650 2008111206  -9997   15.6  -9997    0.3   70.0    0.0    0.0
C0G650 2008111207  -9997   17.4  -9997    0.0    0.0    0.0    0.2
C0G650 2008111208  -9997   20.1  -9997    0.0    0.0    0.0    0.9
C0G650 2008111209  -9997   21.8  -9997    0.2    0.0    0.0    1.0
C0G650 2008111210  -9997   24.2  -9997    1.1   20.0    0.0    1.0
C0G650 2008111211  -9997   25.8  -9997    0.0  -9997    0.0    1.0
C0G650 2008111212  -9997   27.3  -9997    0.1    0.0    0.0    1.0
C0G650 2008111213  -9997   27.6  -9997    0.1    0.0    0.0    1.0
C0G650 2008111214  -9997   28.5  -9997    0.3  210.0    0.0    0.6
C0G650 2008111215  -9997   27.2  -9997    1.0   40.0    0.0    0.9
C0G650 2008111216  -9997   26.3  -9997    0.9   40.0    0.0    1.0
C0G650 2008111217  -9997   24.2  -9997    0.6   40.0    0.0    0.7
C0G650 2008111218  -9997  -9997  -9997    0.3  -9997    0.0    0.0
C0G650 2008111219  -9997   22.6  -9997    0.2    0.0    0.0    0.0
C0G650 2008111220  -9997   21.5  -9997    0.0  -9997    0.0    0.0
C0G650 2008111221  -9997   20.2  -9997    0.1    0.0    0.0    0.0
C0G650 2008111222  -9997  -9997  -9997  -9997  -9997    0.0    0.0
C0G650 2008111223  -9997   19.0  -9997    0.0    0.0    0.0    0.0
C0G650 2008111224  -9997  -9997  -9997  -9997    0.0    0.0    0.0
C0G650 2008111301  -9997   16.6  -9997    0.0    0.0    0.0    0.0
C0G650 2008111302  -9997   16.6  -9997    0.0    0.0    0.0    0.0
C0G650 2008111303  -9997  -9997  -9997  -9997    0.0    0.0    0.0
C0G650 2008111304  -9997  -9997  -9997  -9997    0.0    0.0    0.0
C0G650 2008111305  -9997   15.4  -9997    0.0    0.0    0.0    0.0
C0G650 2008111306  -9997   16.0  -9997    0.0    0.0    0.0    0.0
C0G650 2008111307  -9997   18.6  -9997    0.0    0.0    0.0    0.1
C0G650 2008111308  -9997   22.0  -9997    0.0    0.0    0.0    0.9
C0G650 2008111309  -9997   24.3  -9997    0.3   20.0    0.0    1.0
C0G650 2008111310  -9997   25.3  -9997    1.2   20.0    0.0    1.0
C0G650 2008111311  -9997  -9997  -9997  -9997  -9997    0.0    1.0
C0G650 2008111312  -9997   27.0  -9997    0.6  360.0    0.0    1.0
C0G650 2008111313  -9997   26.5  -9997    2.4   30.0    0.0    1.0
C0G650 2008111314  -9997   27.2  -9997    1.8   30.0    0.0    0.7
C0G650 2008111315  -9997   26.5  -9997    2.2   20.0    0.0    0.9
C0G650 2008111316  -9997   26.0  -9997    0.8   30.0    0.0   -9.6
C0G650 2008111317  -9997   24.7  -9997    1.2   20.0    0.0    1.8
C0G650 2008111318  -9997   23.2  -9997    0.4  -9997    0.0    0.0
C0G650 2008111319  -9997   22.9  -9997    0.6   20.0    0.0    0.0
C0G650 2008111320  -9997   21.9  -9997    0.4   30.0    0.0    0.0
C0G650 2008111321  -9997   20.8  -9997    0.2    0.0    0.0    0.0
C0G650 2008111322  -9997   19.7  -9997    0.0    0.0    0.0    0.0
C0G650 2008111323  -9997   18.2  -9997    0.0    0.0    0.0    0.0
C0G650 2008111324  -9997   18.1  -9997    0.0    0.0    0.0    0.0
C0G650 2008111401  -9997   16.7  -9997    0.0    0.0    0.0    0.0
C0G650 2008111402  -9997   16.7  -9997    0.0    0.0    0.0    0.0
C0G650 2008111403  -9997   16.5  -9997    0.0    0.0    0.0    0.0
C0G650 2008111404  -9997   16.3  -9997    0.0    0.0    0.0    0.0
C0G650 2008111405  -9997   17.9  -9997    0.3   40.0    0.0    0.0
C0G650 2008111406  -9997   17.8  -9997    0.0    0.0    0.0    0.0
C0G650 2008111407  -9997  -9997  -9997    0.0    0.0    0.0    0.2
C0G650 2008111408  -9997   21.9  -9997    0.9   20.0    0.0    0.9
C0G650 2008111409  -9997   24.0  -9997    1.2   20.0    0.0    1.0
C0G650 2008111410  -9997   25.1  -9997    1.8   30.0    0.0    1.0
C0G650 2008111411  -9997   26.9  -9997    1.6   40.0    0.0    1.0
C0G650 2008111412  -9997   28.1  -9997    1.5   50.0    0.0    1.0
C0G650 2008111413  -9997   27.8  -9997    1.1   30.0    0.0    1.0
C0G650 2008111414  -9997   27.1  -9997    2.1   30.0    0.0    0.7
C0G650 2008111415  -9997   26.6  -9997    2.2   20.0    0.0    0.9
C0G650 2008111416  -9997   25.8  -9997    2.6   20.0    0.0    1.0
C0G650 2008111417  -9997   24.4  -9997    1.5   30.0    0.0    0.7
C0G650 2008111418  -9997   23.2  -9997    0.3   20.0    0.0    0.0
C0G650 2008111419  -9997   22.7  -9997    0.6   30.0    0.0    0.0
C0G650 2008111420  -9997   21.9  -9997    0.0    0.0    0.0    0.0
C0G650 2008111421  -9997   21.2  -9997    0.0    0.0    0.0    0.0
C0G650 2008111422  -9997   21.1  -9997    0.0    0.0    0.0    0.0
C0G650 2008111423  -9997   21.2  -9997    0.2    0.0    0.0    0.0
C0G650 2008111424  -9997   21.1  -9997    0.0    0.0    0.0    0.0
C0G650 2008111501  -9997   19.9  -9997    0.0    0.0    0.0    0.0
C0G650 2008111502  -9997   18.8  -9997    0.0    0.0    0.0    0.0
C0G650 2008111503  -9997   19.2  -9997    0.0    0.0    0.0    0.0
C0G650 2008111504  -9997   17.9  -9997    0.0    0.0    0.0    0.0
C0G650 2008111505  -9997   17.1  -9997    0.0    0.0    0.0    0.0
C0G650 2008111506  -9997   17.5  -9997    0.0    0.0    0.0    0.0
C0G650 2008111507  -9997   18.4  -9997  -9997    0.0    0.0    0.2
C0G650 2008111508  -9997   24.0  -9997    0.0    0.0    0.0    0.9
C0G650 2008111509  -9997   25.3  -9997    0.0    0.0    0.0    1.0
C0G650 2008111510  -9997   27.3  -9997    0.0    0.0    0.0    1.0
C0G650 2008111511  -9997   27.8  -9997    0.5   40.0    0.0    1.0
C0G650 2008111512  -9997   29.1  -9997    1.0   40.0    0.0    1.0
C0G650 2008111513  -9997   29.4  -9997    2.0   30.0    0.0    1.0
C0G650 2008111514  -9997   28.7  -9997    1.0   20.0    0.0    0.7
C0G650 2008111515  -9997   28.0  -9997    0.4   20.0    0.0    0.8
C0G650 2008111516  -9997   27.2  -9997    1.3   30.0    0.0    1.0
C0G650 2008111517  -9997   25.7  -9997    0.1    0.0    0.0    0.5
C0G650 2008111518  -9997  -9997  -9997  -9997  -9997    0.0    0.0
C0G650 2008111519  -9997   24.4  -9997  -9997    0.0    0.0    0.0
C0G650 2008111520  -9997   23.2  -9997    0.0    0.0    0.0    0.0
C0G650 2008111521  -9997   23.1  -9997    0.0    0.0    0.0    0.0
C0G650 2008111522  -9997  -9997  -9997  -9997  -9997    0.0    0.0
C0G650 2008111523  -9997   22.2  -9997    0.0    0.0    0.0    0.0
C0G650 2008111524  -9997   21.7  -9997    0.0    0.0    0.0    0.0
C0G650 2008111601  -9997   21.1  -9997    0.0    0.0    0.0    0.0
C0G650 2008111602  -9997   21.0  -9997    0.0    0.0    0.0    0.0
C0G650 2008111603  -9997   20.8  -9997    0.0    0.0    0.0    0.0
C0G650 2008111604  -9997   21.0  -9997    0.0    0.0    0.0    0.0
C0G650 2008111605  -9997   21.5  -9997    0.3   20.0    0.0    0.0
C0G650 2008111606  -9997   21.7  -9997    0.1    0.0    0.0    0.0
C0G650 2008111607  -9997   21.5  -9997    0.0  -9997    0.0    0.0
C0G650 2008111608  -9997   22.5  -9997    0.1    0.0    0.0    0.0
C0G650 2008111609  -9997   21.7  -9997    0.4   40.0    0.5    0.0
C0G650 2008111610  -9997   22.8  -9997    1.2   80.0    0.0    0.0
C0G650 2008111611  -9997   24.1  -9997    1.7   60.0    0.0    0.0
C0G650 2008111612  -9997   24.9  -9997    0.1    0.0    0.0    0.0
C0G650 2008111613  -9997   24.9  -9997    0.4   40.0    0.0    0.0
C0G650 2008111614  -9997   25.9  -9997    0.4   40.0    0.0    0.1
C0G650 2008111615  -9997   25.8  -9997    0.4  180.0    0.0    0.1
C0G650 2008111616  -9997   25.7  -9997    0.0    0.0    0.0    0.0
C0G650 2008111617  -9997   24.6  -9997    0.0    0.0    0.0    0.0
C0G650 2008111618  -9997   23.6  -9997    0.0    0.0    0.0    0.0
C0G650 2008111619  -9997   23.2  -9997    0.0    0.0    0.0    0.0
C0G650 2008111620  -9997   22.7  -9997    0.1    0.0    0.0    0.0
C0G650 2008111621  -9997   21.5  -9997    0.2    0.0    0.0    0.0
C0G650 2008111622  -9997   21.1  -9997    0.2    0.0    0.0    0.0
C0G650 2008111623  -9997   20.1  -9997    0.0    0.0    0.0    0.0
C0G650 2008111624  -9997   20.0  -9997    0.0    0.0    0.0    0.0
C0G650 2008111701  -9997   19.0  -9997    0.0    0.0    0.0    0.0
C0G650 2008111702  -9997   19.4  -9997    0.0    0.0    0.0    0.0
C0G650 2008111703  -9997   18.8  -9997    0.0    0.0    0.0    0.0
C0G650 2008111704  -9997   19.0  -9997    0.2    0.0    0.0    0.0
C0G650 2008111705  -9997   18.5  -9997    0.0    0.0    0.0    0.0
C0G650 2008111706  -9997   18.0  -9997    0.0    0.0    0.0    0.0
C0G650 2008111707  -9997   18.3  -9997    0.0    0.0    0.0    0.0
C0G650 2008111708  -9997   21.7  -9997    0.0    0.0    0.0    0.9
C0G650 2008111709  -9997  -9997  -9997  -9997   40.0    0.0   -9.6
C0G650 2008111710  -9997  -9997  -9997  -9997  -9997    0.0   -9.6
C0G650 2008111711  -9997   26.1  -9997    1.9   30.0    0.0    2.9
C0G650 2008111712  -9997   26.7  -9997    0.3   20.0    0.0    1.0
C0G650 2008111713  -9997   27.2  -9997    1.3   40.0    0.0    1.0
C0G650 2008111714  -9997   27.1  -9997    1.5   30.0    0.0    0.7
C0G650 2008111715  -9997   26.4  -9997    1.6   30.0    0.0    0.8
C0G650 2008111716  -9997   25.3  -9997    0.7   30.0    0.0    1.0
C0G650 2008111717  -9997   23.7  -9997    1.1   30.0    0.0    0.5
C0G650 2008111718  -9997   22.5  -9997    0.1    0.0    0.0    0.0
C0G650 2008111719  -9997   21.2  -9997    0.1    0.0    0.0    0.0
C0G650 2008111720  -9997   20.5  -9997    0.0    0.0    0.0    0.0
C0G650 2008111721  -9997   19.6  -9997    0.0    0.0    0.0    0.0
C0G650 2008111722  -9997   19.9  -9997    0.4   20.0    0.0    0.0
C0G650 2008111723  -9997   20.0  -9997    0.8   20.0    0.0    0.0
C0G650 2008111724  -9997   19.8  -9997    0.1    0.0    0.0    0.0
C0G650 2008111801  -9997   18.4  -9997    0.0    0.0    0.0    0.0
C0G650 2008111802  -9997   18.6  -9997    0.0    0.0    0.0    0.0
C0G650 2008111803  -9997   19.3  -9997    0.9   50.0    0.0    0.0
C0G650 2008111804  -9997   18.7  -9997    0.1    0.0    0.0    0.0
C0G650 2008111805  -9997   19.6  -9997    1.8   50.0    0.0    0.0
C0G650 2008111806  -9997   19.0  -9997    0.8   50.0    0.0    0.0
C0G650 2008111807  -9997   18.2  -9997    0.0    0.0    0.0    0.0
C0G650 2008111808  -9997   20.6  -9997  -9997   20.0    0.0   -9.6
C0G650 2008111809  -9997   22.3  -9997    0.6  -9997    0.0    1.8
C0G650 2008111810  -9997   23.6  -9997    1.1   60.0    0.0    1.0
C0G650 2008111811  -9997   25.1  -9997    1.2   50.0    0.0    1.0
C0G650 2008111812  -9997   25.6  -9997    2.0   40.0    0.0    1.0
C0G650 2008111813  -9997   24.9  -9997    3.0   20.0    0.0    1.0
C0G650 2008111814  -9997   24.5  -9997    3.3   20.0    0.0    0.7
C0G650 2008111815  -9997   23.7  -9997    3.0   30.0    0.0   -9.6
C0G650 2008111816  -9997   22.6  -9997    1.9   20.0    0.0    1.8
C0G650 2008111817  -9997   21.1  -9997    2.0   30.0    0.0    0.2
C0G650 2008111818  -9997   20.2  -9997    0.9   20.0    0.0    0.0
C0G650 2008111819  -9997   19.6  -9997    0.2    0.0    0.0    0.0
C0G650 2008111820  -9997   19.3  -9997    0.5   30.0    0.0    0.0
C0G650 2008111821  -9997   19.2  -9997    1.8   30.0    0.0    0.0
C0G650 2008111822  -9997   19.1  -9997    1.8   20.0    0.0    0.0
C0G650 2008111823  -9997   18.9  -9997    0.2    0.0    0.0    0.0
C0G650 2008111824  -9997   18.7  -9997    0.0    0.0    0.0    0.0
C0G650 2008111901  -9997   18.1  -9997    1.1   20.0    0.0    0.0
C0G650 2008111902  -9997   18.2  -9997    1.2   30.0    0.0    0.0
C0G650 2008111903  -9997   17.8  -9997    0.8   30.0    0.0    0.0
C0G650 2008111904  -9997   17.6  -9997    1.1   20.0    0.0    0.0
C0G650 2008111905  -9997   17.6  -9997    0.6   20.0    0.0    0.0
C0G650 2008111906  -9997   17.1  -9997    0.7   20.0    0.0    0.0
C0G650 2008111907  -9997   17.0  -9997    0.1    0.0    0.0    0.0
C0G650 2008111908  -9997   18.5  -9997    0.3   20.0    0.0   -9.6
C0G650 2008111909  -9997   20.9  -9997    1.4   30.0    0.0    1.5
C0G650 2008111910  -9997   20.9  -9997    2.4   20.0    0.0    1.0
C0G650 2008111911  -9997   21.7  -9997    2.5   20.0    0.0    1.0
C0G650 2008111912  -9997   22.7  -9997    1.7   40.0    0.0    1.0
C0G650 2008111913  -9997   23.1  -9997    1.0   20.0    0.0    1.0
C0G650 2008111914  -9997   22.0  -9997    2.4   20.0    0.0    0.8
C0G650 2008111915  -9997   20.9  -9997    2.0   30.0    0.0    0.8
C0G650 2008111916  -9997   19.3  -9997    2.4   20.0    0.0    0.8
C0G650 2008111917  -9997   17.5  -9997    2.9   20.0    0.0    0.0
C0G650 2008111918  -9997   16.4  -9997    2.3   20.0    0.0    0.0
C0G650 2008111919  -9997   15.8  -9997    1.1   30.0    0.0    0.0
C0G650 2008111920  -9997   15.5  -9997    0.6   30.0    0.0    0.0
C0G650 2008111921  -9997   15.1  -9997    0.2    0.0    0.0    0.0
C0G650 2008111922  -9997   14.8  -9997    1.1   40.0    0.0    0.0
C0G650 2008111923  -9997   15.2  -9997    1.1   10.0    0.0    0.0
C0G650 2008111924  -9997   15.1  -9997    1.0   20.0    0.0    0.0
C0G650 2008112001  -9997   15.0  -9997    0.2  -9997    0.0    0.0
C0G650 2008112002  -9997   15.1  -9997    0.3   20.0    0.0    0.0
C0G650 2008112003  -9997   15.0  -9997    0.2    0.0    0.0    0.0
C0G650 2008112004  -9997   15.0  -9997    0.4   30.0    0.0    0.0
C0G650 2008112005  -9997   15.0  -9997    0.3   30.0    0.0    0.0
C0G650 2008112006  -9997   15.2  -9997    0.3   10.0    0.0    0.0
C0G650 2008112007  -9997   15.8  -9997    0.2    0.0    0.0    0.0
C0G650 2008112008  -9997   17.0  -9997    0.1    0.0    0.0    0.0
C0G650 2008112009  -9997   17.6  -9997    0.8   30.0    0.0    0.4
C0G650 2008112010  -9997   19.0  -9997    1.3   40.0    0.0    0.6
C0G650 2008112011  -9997   20.3  -9997    1.7   40.0    0.0    0.8
C0G650 2008112012  -9997   21.7  -9997    1.3   40.0    0.0    1.0
C0G650 2008112013  -9997   22.9  -9997    0.6   20.0    0.0    1.0
C0G650 2008112014  -9997   22.0  -9997    2.4   20.0    0.0    0.7
C0G650 2008112015  -9997   21.4  -9997    1.3   30.0    0.0    0.2
C0G650 2008112016  -9997   20.6  -9997    1.0   40.0    0.0    0.1
C0G650 2008112017  -9997   19.4  -9997    1.2   30.0    0.0    0.0
C0G650 2008112018  -9997   18.2  -9997    0.1    0.0    0.0    0.0
C0G650 2008112019  -9997   17.6  -9997    0.2    0.0    0.0    0.0
C0G650 2008112020  -9997   17.3  -9997    0.1    0.0    0.0    0.0
C0G650 2008112021  -9997   16.3  -9997    0.0    0.0    0.0    0.0
C0G650 2008112022  -9997   16.1  -9997    0.0    0.0    0.0    0.0
C0G650 2008112023  -9997   15.5  -9997    0.0    0.0    0.0    0.0
C0G650 2008112024  -9997   15.0  -9997    0.0    0.0    0.0    0.0
C0G650 2008112101  -9997   14.9  -9997    0.0    0.0    0.0    0.0
C0G650 2008112102  -9997   14.1  -9997    0.0    0.0    0.0    0.0
C0G650 2008112103  -9997   14.1  -9997    0.0    0.0    0.0    0.0
C0G650 2008112104  -9997   13.5  -9997    0.0    0.0    0.0    0.0
C0G650 2008112105  -9997   13.3  -9997    0.0    0.0    0.0    0.0
C0G650 2008112106  -9997   13.6  -9997    0.0    0.0    0.0    0.0
C0G650 2008112107  -9997   15.5  -9997  -9997   20.0    0.0    0.0
C0G650 2008112108  -9997   17.7  -9997    0.5   20.0    0.0    0.8
C0G650 2008112109  -9997   19.6  -9997    0.7   40.0    0.0    1.0
C0G650 2008112110  -9997   21.1  -9997    1.3   10.0    0.0    1.0
C0G650 2008112111  -9997   24.4  -9997    0.0    0.0    0.0    1.0
C0G650 2008112112  -9997   25.5  -9997    0.1    0.0    0.0    1.0
C0G650 2008112113  -9997   25.6  -9997    0.6   30.0    0.0    1.0
C0G650 2008112114  -9997   25.3  -9997    0.6   10.0    0.0    0.8
C0G650 2008112115  -9997   24.3  -9997    1.0   30.0    0.0    0.7
C0G650 2008112116  -9997   22.8  -9997    2.6   30.0    0.0    1.0
C0G650 2008112117  -9997   21.8  -9997    0.3   20.0    0.0    0.6
C0G650 2008112118  -9997   20.5  -9997    0.0    0.0    0.0    0.0
C0G650 2008112119  -9997   19.7  -9997    0.0    0.0    0.0    0.0
C0G650 2008112120  -9997   18.8  -9997    0.1    0.0    0.0    0.0
C0G650 2008112121  -9997   18.1  -9997    0.0    0.0    0.0    0.0
C0G650 2008112122  -9997   17.6  -9997    0.0    0.0    0.0    0.0
C0G650 2008112123  -9997   16.5  -9997    0.0    0.0    0.0    0.0
C0G650 2008112124  -9997   15.7  -9997    0.0    0.0    0.0    0.0
C0G650 2008112201  -9997   16.0  -9997    0.0    0.0    0.0    0.0
C0G650 2008112202  -9997   16.1  -9997    0.0    0.0    0.0    0.0
C0G650 2008112203  -9997   15.3  -9997    0.0    0.0    0.0    0.0
C0G650 2008112204  -9997   15.2  -9997    0.0    0.0    0.0    0.0
C0G650 2008112205  -9997   14.8  -9997    0.0    0.0    0.0    0.0
C0G650 2008112206  -9997   14.8  -9997    0.0    0.0    0.0    0.0
C0G650 2008112207  -9997   15.9  -9997    0.0    0.0    0.0    0.0
C0G650 2008112208  -9997   21.3  -9997    0.0    0.0    0.0    0.7
C0G650 2008112209  -9997  -9997  -9997  -9997  -9997    0.0    0.9
C0G650 2008112210  -9997   25.1  -9997    0.2    0.0    0.0    1.0
C0G650 2008112211  -9997   25.9  -9997    0.5  310.0    0.0    1.0
C0G650 2008112212  -9997   26.0  -9997    0.4   60.0    0.0    1.0
C0G650 2008112213  -9997   26.9  -9997    0.8   20.0    0.0    1.0
C0G650 2008112214  -9997   26.6  -9997    1.0   10.0    0.0    0.8
C0G650 2008112215  -9997   27.5  -9997    0.6  310.0    0.0    0.7
C0G650 2008112216  -9997   25.1  -9997    0.1    0.0    0.0    1.0
C0G650 2008112217  -9997   23.3  -9997    0.4   30.0    0.0    0.3
C0G650 2008112218  -9997   22.2  -9997    0.1    0.0    0.0    0.0
C0G650 2008112219  -9997   21.8  -9997    0.1    0.0    0.0    0.0
C0G650 2008112220  -9997   21.5  -9997    0.0    0.0    0.0    0.0
C0G650 2008112221  -9997   21.4  -9997    0.0    0.0    0.0    0.0
C0G650 2008112222  -9997   21.6  -9997    0.0  -9997    0.0    0.0
C0G650 2008112223  -9997   21.3  -9997    0.0    0.0    0.0    0.0
C0G650 2008112224  -9997   21.5  -9997    0.0    0.0    0.0    0.0
C0G650 2008112301  -9997   21.5  -9997    0.0    0.0    0.0    0.0
C0G650 2008112302  -9997   21.5  -9997    0.0    0.0    0.0    0.0
C0G650 2008112303  -9997   21.1  -9997    0.1    0.0    0.0    0.0
C0G650 2008112304  -9997   21.2  -9997    0.0    0.0    0.0    0.0
C0G650 2008112305  -9997   21.3  -9997    0.0    0.0    0.0    0.0
C0G650 2008112306  -9997   21.1  -9997    0.0    0.0    0.0    0.0
C0G650 2008112307  -9997   21.5  -9997    0.0    0.0    0.0    0.0
C0G650 2008112308  -9997   22.4  -9997    0.3   30.0    0.0    0.0
C0G650 2008112309  -9997   23.3  -9997    0.9   30.0    0.0    0.0
C0G650 2008112310  -9997   24.7  -9997    0.6   60.0    0.0    0.3
C0G650 2008112311  -9997   25.4  -9997    0.1    0.0    0.0    0.1
C0G650 2008112312  -9997   26.4  -9997    0.4   20.0    0.0    0.3
C0G650 2008112313  -9997   26.2  -9997    0.3   30.0    0.0    0.5
C0G650 2008112314  -9997   25.7  -9997    0.1    0.0    0.0    0.0
C0G650 2008112315  -9997   24.7  -9997    1.3   20.0    0.0    0.0
C0G650 2008112316  -9997   24.9  -9997    1.0   20.0    0.0    0.0
C0G650 2008112317  -9997   24.2  -9997    0.0    0.0    0.0    0.0
C0G650 2008112318  -9997   23.3  -9997    0.0    0.0    0.0    0.0
C0G650 2008112319  -9997   23.0  -9997    0.0    0.0    0.0    0.0
C0G650 2008112320  -9997   22.9  -9997    0.0    0.0    0.0    0.0
C0G650 2008112321  -9997   22.3  -9997    0.0    0.0    0.0    0.0
C0G650 2008112322  -9997   22.0  -9997    0.0    0.0    0.0    0.0
C0G650 2008112323  -9997   21.7  -9997    0.0    0.0    0.0    0.0
C0G650 2008112324  -9997   21.7  -9997    0.0    0.0    0.0    0.0
C0G650 2008112401  -9997   21.8  -9997    0.0    0.0    0.0    0.0
C0G650 2008112402  -9997   22.1  -9997    0.2    0.0    0.0    0.0
C0G650 2008112403  -9997   22.1  -9997    0.0    0.0    0.0    0.0
C0G650 2008112404  -9997   21.7  -9997    0.1    0.0    0.0    0.0
C0G650 2008112405  -9997   21.6  -9997    0.1    0.0    0.0    0.0
C0G650 2008112406  -9997   21.6  -9997    0.2    0.0    0.0    0.0
C0G650 2008112407  -9997   22.1  -9997    0.5   30.0    0.0    0.0
C0G650 2008112408  -9997   23.8  -9997    2.0   20.0    0.0    0.3
C0G650 2008112409  -9997   24.7  -9997    3.0   30.0    0.0    0.8
C0G650 2008112410  -9997   24.7  -9997    2.3   40.0    0.0    0.8
C0G650 2008112411  -9997   24.5  -9997    2.1   20.0    0.0    0.0
C0G650 2008112412  -9997   23.4  -9997    1.8   30.0    0.0    0.0
C0G650 2008112413  -9997   23.3  -9997    1.4   30.0    0.0    0.0
C0G650 2008112414  -9997   23.5  -9997    1.2   40.0    0.0    0.0
C0G650 2008112415  -9997   23.4  -9997    0.9   10.0    0.0    0.0
C0G650 2008112416  -9997   23.3  -9997    0.7   30.0    0.0    0.0
C0G650 2008112417  -9997   22.6  -9997    0.6   20.0    0.0    0.1
C0G650 2008112418  -9997   21.4  -9997    0.0    0.0    0.0    0.0
C0G650 2008112419  -9997   21.1  -9997    0.2    0.0    0.0    0.0
C0G650 2008112420  -9997   20.4  -9997    0.0    0.0    0.0    0.0
C0G650 2008112421  -9997   19.6  -9997    0.0    0.0    0.0    0.0
C0G650 2008112422  -9997   19.3  -9997    0.4   30.0    0.0    0.0
C0G650 2008112423  -9997   18.5  -9997    0.0    0.0    0.0    0.0
C0G650 2008112424  -9997   18.8  -9997    0.1    0.0    0.0    0.0
C0G650 2008112501  -9997   18.9  -9997    0.0    0.0    0.0    0.0
C0G650 2008112502  -9997   19.1  -9997    0.1    0.0    0.0    0.0
C0G650 2008112503  -9997   19.2  -9997    0.8   30.0    0.0    0.0
C0G650 2008112504  -9997   19.2  -9997    0.4   20.0    0.0    0.0
C0G650 2008112505  -9997   19.3  -9997    0.3   20.0    0.0    0.0
C0G650 2008112506  -9997   19.3  -9997    0.8   30.0    0.0    0.0
C0G650 2008112507  -9997   19.4  -9997    0.3   30.0    0.0    0.0
C0G650 2008112508  -9997   19.7  -9997    0.1    0.0    0.0    0.0
C0G650 2008112509  -9997   20.4  -9997    0.3   30.0    0.0    0.0
C0G650 2008112510  -9997   21.6  -9997    1.0   40.0    0.0    0.2
C0G650 2008112511  -9997   22.6  -9997    1.2   30.0    0.0    0.4
C0G650 2008112512  -9997   24.7  -9997    1.9   20.0    0.0    1.0
C0G650 2008112513  -9997   25.6  -9997    0.9   30.0    0.0    0.4
C0G650 2008112514  -9997   25.7  -9997    1.1   30.0    0.0    0.8
C0G650 2008112515  -9997   24.8  -9997    0.7   30.0    0.0    0.0
C0G650 2008112516  -9997   23.1  -9997    0.7   30.0    0.0    0.0
C0G650 2008112517  -9997   22.5  -9997    0.6   20.0    0.0    0.0
C0G650 2008112518  -9997   22.0  -9997    0.2    0.0    0.0    0.0
C0G650 2008112519  -9997   21.4  -9997    0.1    0.0    0.0    0.0
C0G650 2008112520  -9997   21.2  -9997    0.0    0.0    0.0    0.0
C0G650 2008112521  -9997   20.4  -9997    0.0    0.0    0.0    0.0
C0G650 2008112522  -9997   20.2  -9997    0.0    0.0    0.0    0.0
C0G650 2008112523  -9997   19.5  -9997    0.0    0.0    0.0    0.0
C0G650 2008112524  -9997   19.5  -9997    0.0    0.0    0.0    0.0
C0G650 2008112601  -9997   19.7  -9997    0.1    0.0    0.0    0.0
C0G650 2008112602  -9997   19.7  -9997    0.1    0.0    0.0    0.0
C0G650 2008112603  -9997   20.0  -9997    0.0    0.0    0.0    0.0
C0G650 2008112604  -9997   19.8  -9997    0.0    0.0    0.0    0.0
C0G650 2008112605  -9997   19.1  -9997    0.0    0.0    0.0    0.0
C0G650 2008112606  -9997   18.9  -9997    0.0    0.0    0.0    0.0
C0G650 2008112607  -9997   19.6  -9997    0.0    0.0    0.0    0.0
C0G650 2008112608  -9997   20.6  -9997    0.1    0.0    0.0    0.0
C0G650 2008112609  -9997   21.3  -9997    0.8   20.0    0.0    0.0
C0G650 2008112610  -9997   22.2  -9997    0.2    0.0    0.0    0.0
C0G650 2008112611  -9997   23.2  -9997    0.6   20.0    0.0    0.0
C0G650 2008112612  -9997   23.8  -9997    0.0    0.0    0.0    0.0
C0G650 2008112613  -9997   24.4  -9997    0.9   30.0    0.0    0.0
C0G650 2008112614  -9997   24.7  -9997    0.4   30.0    0.0    0.0
C0G650 2008112615  -9997   24.8  -9997    0.2    0.0    0.0    0.0
C0G650 2008112616  -9997   23.2  -9997    0.6   10.0    0.0    0.0
C0G650 2008112617  -9997   22.9  -9997    0.0    0.0    0.0    0.0
C0G650 2008112618  -9997   22.7  -9997    0.0    0.0    0.0    0.0
C0G650 2008112619  -9997   22.3  -9997    0.1    0.0    0.0    0.0
C0G650 2008112620  -9997   21.9  -9997    0.0    0.0    0.0    0.0
C0G650 2008112621  -9997   21.8  -9997    0.5   30.0    0.0    0.0
C0G650 2008112622  -9997   21.3  -9997    1.1   40.0    0.0    0.0
C0G650 2008112623  -9997   21.3  -9997    0.6   20.0    0.0    0.0
C0G650 2008112624  -9997   21.3  -9997    1.1   30.0    0.0    0.0
C0G650 2008112701  -9997   20.9  -9997    0.1    0.0    0.0    0.0
C0G650 2008112702  -9997   20.7  -9997    1.7   20.0    0.0    0.0
C0G650 2008112703  -9997   20.4  -9997    1.9   30.0    0.0    0.0
C0G650 2008112704  -9997   20.5  -9997    2.3   20.0    0.0    0.0
C0G650 2008112705  -9997   20.0  -9997    2.7   20.0    0.0    0.0
C0G650 2008112706  -9997  -9997  -9997    2.4   30.0    0.0    0.0
C0G650 2008112707  -9997   19.2  -9997    2.6   20.0    0.0    0.0
C0G650 2008112708  -9997   19.7  -9997    2.1   30.0    0.0    0.0
C0G650 2008112709  -9997   20.1  -9997    2.5   30.0    0.0    0.0
C0G650 2008112710  -9997   20.6  -9997    2.2   30.0    0.0    0.0
C0G650 2008112711  -9997   21.9  -9997    1.6   20.0    0.0    0.1
C0G650 2008112712  -9997   22.4  -9997    2.9   30.0    0.0    0.9
C0G650 2008112713  -9997   21.5  -9997    3.4   20.0    0.0    0.4
C0G650 2008112714  -9997   22.1  -9997    3.8   30.0    0.0    0.7
C0G650 2008112715  -9997   21.3  -9997    3.9   20.0    0.0    0.6
C0G650 2008112716  -9997   20.0  -9997    3.0   30.0    0.0    0.8
C0G650 2008112717  -9997   18.7  -9997    3.7   30.0    0.0    0.5
C0G650 2008112718  -9997   17.7  -9997    3.0   30.0    0.0    0.0
C0G650 2008112719  -9997   17.0  -9997    2.5   20.0    0.0    0.0
C0G650 2008112720  -9997   16.6  -9997    3.0   20.0    0.0    0.0
C0G650 2008112721  -9997   16.3  -9997    1.7   30.0    0.0    0.0
C0G650 2008112722  -9997   16.1  -9997    1.0   40.0    0.0    0.0
C0G650 2008112723  -9997   15.9  -9997    1.2   30.0    0.0    0.0
C0G650 2008112724  -9997   15.4  -9997    0.6   30.0    0.0    0.0
C0G650 2008112801  -9997   14.2  -9997    0.3   30.0    0.0    0.0
C0G650 2008112802  -9997   14.5  -9997    1.1   20.0    0.0    0.0
C0G650 2008112803  -9997   15.1  -9997    1.1   20.0    0.0    0.0
C0G650 2008112804  -9997   14.9  -9997    0.6   40.0    0.0    0.0
C0G650 2008112805  -9997   15.0  -9997    1.0   30.0    0.0    0.0
C0G650 2008112806  -9997   14.8  -9997    0.7   40.0    0.0    0.0
C0G650 2008112807  -9997   14.3  -9997    2.1   50.0    0.0    0.0
C0G650 2008112808  -9997   15.1  -9997    0.9   30.0    0.0    0.2
C0G650 2008112809  -9997   16.7  -9997    1.2   30.0    0.0    1.0
C0G650 2008112810  -9997   17.7  -9997    1.7   30.0    0.0    1.0
C0G650 2008112811  -9997   19.7  -9997    1.8   30.0    0.0    1.0
C0G650 2008112812  -9997   20.8  -9997    1.4   30.0    0.0    1.0
C0G650 2008112813  -9997   21.2  -9997    1.4   20.0    0.0    1.0
C0G650 2008112814  -9997   21.3  -9997    2.0   40.0    0.0    0.9
C0G650 2008112815  -9997   20.7  -9997    0.5   30.0    0.0    0.6
C0G650 2008112816  -9997   19.2  -9997    1.6   40.0    0.0    1.0
C0G650 2008112817  -9997   17.8  -9997    0.2    0.0    0.0    0.4
C0G650 2008112818  -9997   16.6  -9997    0.7   30.0    0.0    0.0
C0G650 2008112819  -9997  -9997  -9997    0.0    0.0    0.0    0.0
C0G650 2008112820  -9997   14.6  -9997    0.0    0.0    0.0    0.0
C0G650 2008112821  -9997  -9997  -9997    0.1    0.0    0.0    0.0
C0G650 2008112822  -9997   13.4  -9997  -9997    0.0    0.0    0.0
C0G650 2008112823  -9997  -9997  -9997    0.0  -9997    0.0    0.0
C0G650 2008112824  -9997   12.2  -9997    0.0    0.0    0.0    0.0
C0G650 2008112901  -9997   12.1  -9997    0.1    0.0    0.0    0.0
C0G650 2008112902  -9997   12.0  -9997    0.0  -9997    0.0    0.0
C0G650 2008112903  -9997   12.4  -9997    0.1    0.0    0.0    0.0
C0G650 2008112904  -9997   12.5  -9997    0.0    0.0    0.0    0.0
C0G650 2008112905  -9997   12.1  -9997    0.1    0.0    0.0    0.0
C0G650 2008112906  -9997   12.1  -9997    0.4   10.0    0.0    0.0
C0G650 2008112907  -9997   11.7  -9997    0.0    0.0    0.0   -9.6
C0G650 2008112908  -9997   14.3  -9997    0.0    0.0    0.0    0.7
C0G650 2008112909  -9997   16.1  -9997    0.5   40.0    0.0    1.0
C0G650 2008112910  -9997  -9997  -9997    1.6   30.0    0.0    1.0
C0G650 2008112911  -9997   19.8  -9997    0.6   40.0    0.0    1.0
C0G650 2008112912  -9997   21.1  -9997    1.9   30.0    0.0    1.0
C0G650 2008112913  -9997   21.4  -9997    1.6   20.0    0.0    1.0
C0G650 2008112914  -9997   21.3  -9997    1.8   30.0    0.0    0.9
C0G650 2008112915  -9997   21.5  -9997    1.3   40.0    0.0    0.6
C0G650 2008112916  -9997   20.3  -9997    0.6   20.0    0.0    1.0
C0G650 2008112917  -9997   18.6  -9997    1.2   20.0    0.0    0.6
C0G650 2008112918  -9997   17.2  -9997    1.1   20.0    0.0    0.0
C0G650 2008112919  -9997   16.4  -9997    0.3   30.0    0.0    0.0
C0G650 2008112920  -9997   15.7  -9997    0.1    0.0    0.0    0.0
C0G650 2008112921  -9997   13.6  -9997    0.0    0.0    0.0    0.0
C0G650 2008112922  -9997   12.4  -9997    0.0    0.0    0.0    0.0
C0G650 2008112923  -9997   12.6  -9997    0.0    0.0    0.0    0.0
C0G650 2008112924  -9997   12.7  -9997    0.1    0.0    0.0    0.0
C0G650 2008113001  -9997   13.0  -9997    0.6   30.0    0.0    0.0
C0G650 2008113002  -9997   12.8  -9997    0.0    0.0    0.0    0.0
C0G650 2008113003  -9997   11.6  -9997    0.0    0.0    0.0    0.0
C0G650 2008113004  -9997   10.7  -9997    0.0    0.0    0.0    0.0
C0G650 2008113005  -9997   10.2  -9997    0.0    0.0    0.0    0.0
C0G650 2008113006  -9997    9.8  -9997    0.0    0.0    0.0    0.0
C0G650 2008113007  -9997   10.1  -9997    0.0    0.0    0.0    0.0
C0G650 2008113008  -9997  -9997  -9997  -9997  -9997    0.0   -9.6
C0G650 2008113009  -9997  -9997  -9997  -9997  -9997    0.0   -9.6
C0G650 2008113010  -9997   19.9  -9997    0.0    0.0    0.0    2.6
C0G650 2008113011  -9997   21.9  -9997    0.4   10.0    0.0    1.0
C0G650 2008113012  -9997   23.5  -9997    0.1    0.0    0.0    1.0
C0G650 2008113013  -9997   23.3  -9997    0.3   30.0    0.0    1.0
C0G650 2008113014  -9997   23.9  -9997  -9997    0.0    0.0    0.9
C0G650 2008113015  -9997   22.5  -9997    2.1   20.0    0.0    0.6
C0G650 2008113016  -9997   21.7  -9997    0.7   30.0    0.0    1.0
C0G650 2008113017  -9997  -9997  -9997  -9997   30.0    0.0   -9.6
C0G650 2008113018  -9997   19.3  -9997    0.8   20.0    0.0    0.1
C0G650 2008113019  -9997  -9997  -9997  -9997  -9997    0.0    0.0
C0G650 2008113020  -9997   16.9  -9997    0.0    0.0    0.0    0.0
C0G650 2008113021  -9997   15.3  -9997  -9997    0.0    0.0    0.0
C0G650 2008113022  -9997  -9997  -9997  -9997  -9997    0.0    0.0
C0G650 2008113023  -9997   14.8  -9997    0.0    0.0    0.0    0.0
C0G650 2008113024  -9997   13.5  -9997  -9997    0.0    0.0    0.0
C0G660 2008110101  -9999  -9999  -9999  -9999  -9999    0.0  -9999
C0G660 2008110102  -9999  -9999  -9999  -9999  -9999    0.0  -9999
C0G660 2008110103  -9999  -9999  -9999  -9999  -9999    0.0  -9999
C0G660 2008110104  -9999  -9999  -9999  -9999  -9999    0.0  -9999
C0G660 2008110105  -9999  -9999  -9999  -9999  -9999    0.0  -9999
C0G660 2008110106  -9999  -9999  -9999  -9999  -9999    0.0  -9999
C0G660 2008110107  -9999  -9999  -9999  -9999  -9999    0.0  -9999
C0G660 2008110108  -9999  -9999  -9999  -9999  -9999    0.0  -9999
C0G660 2008110109  -9999  -9999  -9999  -9999  -9999    0.0  -9999
C0G660 2008110110  -9999  -9999  -9999  -9999  -9999    0.0  -9999
C0G660 2008110111  -9999  -9999  -9999  -9999  -9999    0.0  -9999
C0G660 2008110112  -9999  -9999  -9999  -9999  -9999    0.0  -9999
C0G660 2008110113  -9999  -9999  -9999  -9999  -9999    0.0  -9999
C0G660 2008110114  -9999  -9999  -9999  -9999  -9999    0.0  -9999
C0G660 2008110115  -9999  -9999  -9999  -9999  -9999    0.0  -9999
C0G660 2008110116  -9999  -9999  -9999  -9999  -9999    0.0  -9999
C0G660 2008110117  -9999  -9999  -9999  -9999  -9999    0.0  -9999
C0G660 2008110118  -9999  -9999  -9999  -9999  -9999    0.0  -9999
C0G660 2008110119  -9999  -9999  -9999  -9999  -9999    0.0  -9999
C0G660 2008110120  -9999  -9999  -9999  -9999  -9999    0.0  -9999
C0G660 2008110121  -9999  -9999  -9999  -9999  -9999    0.0  -9999
C0G660 2008110122  -9999  -9999  -9999  -9999  -9999    0.0  -9999
C0G660 2008110123  -9999  -9999  -9999  -9999  -9999    0.0  -9999
C0G660 2008110124  -9999  -9999  -9999  -9999  -9999    0.0  -9999
C0G660 2008110201  -9999  -9999  -9999  -9999  -9999    0.0  -9999
C0G660 2008110202  -9999  -9999  -9999  -9999  -9999    0.0  -9999
C0G660 2008110203  -9999  -9999  -9999  -9999  -9999    0.0  -9999
C0G660 2008110204  -9999  -9999  -9999  -9999  -9999    0.0  -9999
C0G660 2008110205  -9999  -9999  -9999  -9999  -9999    0.0  -9999
C0G660 2008110206  -9999  -9999  -9999  -9999  -9999    0.0  -9999
C0G660 2008110207  -9999  -9999  -9999  -9999  -9999    0.0  -9999
C0G660 2008110208  -9999  -9999  -9999  -9999  -9999    0.0  -9999
C0G660 2008110209  -9999  -9999  -9999  -9999  -9999    0.0  -9999
C0G660 2008110210  -9999  -9999  -9999  -9999  -9999    0.0  -9999
C0G660 2008110211  -9999  -9999  -9999  -9999  -9999    0.0  -9999
C0G660 2008110212  -9999  -9999  -9999  -9999  -9999    0.0  -9999
C0G660 2008110213  -9999  -9999  -9999  -9999  -9999    0.0  -9999
C0G660 2008110214  -9999  -9999  -9999  -9999  -9999    0.0  -9999
C0G660 2008110215  -9999  -9999  -9999  -9999  -9999    0.0  -9999
C0G660 2008110216  -9999  -9999  -9999  -9999  -9999    0.0  -9999
C0G660 2008110217  -9999  -9999  -9999  -9999  -9999    0.0  -9999
C0G660 2008110218  -9999  -9999  -9999  -9999  -9999    0.0  -9999
C0G660 2008110219  -9999  -9999  -9999  -9999  -9999    0.0  -9999
C0G660 2008110220  -9999  -9999  -9999  -9999  -9999    0.0  -9999
C0G660 2008110221  -9999  -9999  -9999  -9999  -9999    0.0  -9999
C0G660 2008110222  -9999  -9999  -9999  -9999  -9999    0.0  -9999
C0G660 2008110223  -9999  -9999  -9999  -9999  -9999    0.0  -9999
C0G660 2008110224  -9999  -9999  -9999  -9999  -9999    0.0  -9999
C0G660 2008110301  -9999  -9999  -9999  -9999  -9999    0.0  -9999
C0G660 2008110302  -9999  -9999  -9999  -9999  -9999    0.0  -9999
C0G660 2008110303  -9999  -9999  -9999  -9999  -9999    0.0  -9999
C0G660 2008110304  -9999  -9999  -9999  -9999  -9999    0.0  -9999
C0G660 2008110305  -9999  -9999  -9999  -9999  -9999    0.0  -9999
C0G660 2008110306  -9999  -9999  -9999  -9999  -9999    0.0  -9999
C0G660 2008110307  -9999  -9999  -9999  -9999  -9999    0.0  -9999
C0G660 2008110308  -9999  -9999  -9999  -9999  -9999    0.0  -9999
C0G660 2008110309  -9999  -9999  -9999  -9999  -9999    0.0  -9999
C0G660 2008110310  -9999  -9999  -9999  -9999  -9999    0.0  -9999
C0G660 2008110311  -9999  -9999  -9999  -9999  -9999    0.0  -9999
C0G660 2008110312  -9999  -9999  -9999  -9999  -9999    0.0  -9999
C0G660 2008110313  -9999  -9999  -9999  -9999  -9999    0.0  -9999
C0G660 2008110314  -9999  -9999  -9999  -9999  -9999    0.0  -9999
C0G660 2008110315  -9999  -9999  -9999  -9999  -9999    0.0  -9999
C0G660 2008110316  -9999  -9999  -9999  -9999  -9999    0.0  -9999
C0G660 2008110317  -9999  -9999  -9999  -9999  -9999    0.0  -9999
C0G660 2008110318  -9999  -9999  -9999  -9999  -9999    0.0  -9999
C0G660 2008110319  -9999  -9999  -9999  -9999  -9999    0.0  -9999
C0G660 2008110320  -9999  -9999  -9999  -9999  -9999    0.0  -9999
C0G660 2008110321  -9999  -9999  -9999  -9999  -9999    0.0  -9999
C0G660 2008110322  -9999  -9999  -9999  -9999  -9999    0.0  -9999
C0G660 2008110323  -9999  -9999  -9999  -9999  -9999    0.0  -9999
C0G660 2008110324  -9999  -9999  -9999  -9999  -9999    0.0  -9999
C0G660 2008110401  -9999  -9999  -9999  -9999  -9999    0.0  -9999
C0G660 2008110402  -9999  -9999  -9999  -9999  -9999    0.0  -9999
C0G660 2008110403  -9999  -9999  -9999  -9999  -9999    0.0  -9999
C0G660 2008110404  -9999  -9999  -9999  -9999  -9999    0.0  -9999
C0G660 2008110405  -9999  -9999  -9999  -9999  -9999    0.0  -9999
C0G660 2008110406  -9999  -9999  -9999  -9999  -9999    0.0  -9999
C0G660 2008110407  -9999  -9999  -9999  -9999  -9999    0.0  -9999
C0G660 2008110408  -9999  -9999  -9999  -9999  -9999    0.0  -9999
C0G660 2008110409  -9999  -9999  -9999  -9999  -9999    0.0  -9999
C0G660 2008110410  -9999  -9999  -9999  -9999  -9999    0.0  -9999
C0G660 2008110411  -9999  -9999  -9999  -9999  -9999    0.0  -9999
C0G660 2008110412  -9999  -9999  -9999  -9999  -9999    0.0  -9999
C0G660 2008110413  -9999  -9999  -9999  -9999  -9999    0.0  -9999
C0G660 2008110414  -9999  -9999  -9999  -9999  -9999    0.0  -9999
C0G660 2008110415  -9999  -9999  -9999  -9999  -9999    0.0  -9999
C0G660 2008110416  -9999  -9999  -9999  -9999  -9999    0.0  -9999
C0G660 2008110417  -9999  -9999  -9999  -9999  -9999    0.0  -9999
C0G660 2008110418  -9999  -9999  -9999  -9999  -9999    0.0  -9999
C0G660 2008110419  -9999  -9999  -9999  -9999  -9999    0.0  -9999
C0G660 2008110420  -9999  -9999  -9999  -9999  -9999    0.0  -9999
C0G660 2008110421  -9999  -9999  -9999  -9999  -9999    0.0  -9999
C0G660 2008110422  -9999  -9999  -9999  -9999  -9999    0.0  -9999
C0G660 2008110423  -9999  -9999  -9999  -9999  -9999    0.0  -9999
C0G660 2008110424  -9999  -9999  -9999  -9999  -9999    0.0  -9999
C0G660 2008110501  -9999  -9999  -9999  -9999  -9999    0.0  -9999
C0G660 2008110502  -9999  -9999  -9999  -9999  -9999    0.0  -9999
C0G660 2008110503  -9999  -9999  -9999  -9999  -9999    0.0  -9999
C0G660 2008110504  -9999  -9999  -9999  -9999  -9999    0.0  -9999
C0G660 2008110505  -9999  -9999  -9999  -9999  -9999    0.0  -9999
C0G660 2008110506  -9999  -9999  -9999  -9999  -9999    0.0  -9999
C0G660 2008110507  -9999  -9999  -9999  -9999  -9999    0.0  -9999
C0G660 2008110508  -9999  -9999  -9999  -9999  -9999    0.0  -9999
C0G660 2008110509  -9999  -9999  -9999  -9999  -9999    0.0  -9999
C0G660 2008110510  -9999  -9999  -9999  -9999  -9999    0.0  -9999
C0G660 2008110511  -9999  -9999  -9999  -9999  -9999    0.0  -9999
C0G660 2008110512  -9999  -9999  -9999  -9999  -9999    0.0  -9999
C0G660 2008110513  -9999  -9999  -9999  -9999  -9999    0.0  -9999
C0G660 2008110514  -9999  -9999  -9999  -9999  -9999    0.0  -9999
C0G660 2008110515  -9999  -9999  -9999  -9999  -9999    0.0  -9999
C0G660 2008110516  -9999  -9999  -9999  -9999  -9999    0.0  -9999
C0G660 2008110517  -9999  -9999  -9999  -9999  -9999    0.0  -9999
C0G660 2008110518  -9999  -9999  -9999  -9999  -9999    0.0  -9999
C0G660 2008110519  -9999  -9999  -9999  -9999  -9999    0.0  -9999
C0G660 2008110520  -9999  -9999  -9999  -9999  -9999    0.0  -9999
C0G660 2008110521  -9999  -9999  -9999  -9999  -9999    0.0  -9999
C0G660 2008110522  -9999  -9999  -9999  -9999  -9999    0.0  -9999
C0G660 2008110523  -9999  -9999  -9999  -9999  -9999    0.0  -9999
C0G660 2008110524  -9999  -9999  -9999  -9999  -9999    0.0  -9999
C0G660 2008110601  -9999  -9999  -9999  -9999  -9999    0.0  -9999
C0G660 2008110602  -9999  -9999  -9999  -9999  -9999    0.0  -9999
C0G660 2008110603  -9999  -9999  -9999  -9999  -9999    0.0  -9999
C0G660 2008110604  -9999  -9999  -9999  -9999  -9999    0.0  -9999
C0G660 2008110605  -9999  -9999  -9999  -9999  -9999    0.0  -9999
C0G660 2008110606  -9999  -9999  -9999  -9999  -9999    0.0  -9999
C0G660 2008110607  -9999  -9999  -9999  -9999  -9999    0.0  -9999
C0G660 2008110608  -9999  -9999  -9999  -9999  -9999    0.0  -9999
C0G660 2008110609  -9999  -9999  -9999  -9999  -9999    0.0  -9999
C0G660 2008110610  -9999  -9999  -9999  -9999  -9999    0.0  -9999
C0G660 2008110611  -9999  -9999  -9999  -9999  -9999    0.0  -9999
C0G660 2008110612  -9999  -9999  -9999  -9999  -9999    0.0  -9999
C0G660 2008110613  -9999  -9999  -9999  -9999  -9999    0.0  -9999
C0G660 2008110614  -9999  -9999  -9999  -9999  -9999    0.0  -9999
C0G660 2008110615  -9999  -9999  -9999  -9999  -9999    0.0  -9999
C0G660 2008110616  -9999  -9999  -9999  -9999  -9999    0.0  -9999
C0G660 2008110617  -9999  -9999  -9999  -9999  -9999    0.0  -9999
C0G660 2008110618  -9999  -9999  -9999  -9999  -9999    0.0  -9999
C0G660 2008110619  -9999  -9999  -9999  -9999  -9999    0.0  -9999
C0G660 2008110620  -9999  -9999  -9999  -9999  -9999    0.0  -9999
C0G660 2008110621  -9999  -9999  -9999  -9999  -9999    0.0  -9999
C0G660 2008110622  -9999  -9999  -9999  -9999  -9999    0.0  -9999
C0G660 2008110623  -9999  -9999  -9999  -9999  -9999    0.0  -9999
C0G660 2008110624  -9999  -9999  -9999  -9999  -9999    0.0  -9999
C0G660 2008110701  -9999  -9999  -9999  -9999  -9999    0.0  -9999
C0G660 2008110702  -9999  -9999  -9999  -9999  -9999    0.0  -9999
C0G660 2008110703  -9999  -9999  -9999  -9999  -9999    0.0  -9999
C0G660 2008110704  -9999  -9999  -9999  -9999  -9999    0.0  -9999
C0G660 2008110705  -9999  -9999  -9999  -9999  -9999    0.0  -9999
C0G660 2008110706  -9999  -9999  -9999  -9999  -9999    0.0  -9999
C0G660 2008110707  -9999  -9999  -9999  -9999  -9999    0.0  -9999
C0G660 2008110708  -9999  -9999  -9999  -9999  -9999    0.0  -9999
C0G660 2008110709  -9999  -9999  -9999  -9999  -9999    0.0  -9999
C0G660 2008110710  -9999  -9999  -9999  -9999  -9999    0.0  -9999
C0G660 2008110711  -9999  -9999  -9999  -9999  -9999    0.0  -9999
C0G660 2008110712  -9999  -9999  -9999  -9999  -9999    0.0  -9999
C0G660 2008110713  -9999  -9999  -9999  -9999  -9999    0.0  -9999
C0G660 2008110714  -9999  -9999  -9999  -9999  -9999    0.0  -9999
C0G660 2008110715  -9999  -9999  -9999  -9999  -9999    0.0  -9999
C0G660 2008110716  -9999  -9999  -9999  -9999  -9999    0.0  -9999
C0G660 2008110717  -9999  -9999  -9999  -9999  -9999    0.0  -9999
C0G660 2008110718  -9999  -9999  -9999  -9999  -9999    0.0  -9999
C0G660 2008110719  -9999  -9999  -9999  -9999  -9999    0.0  -9999
C0G660 2008110720  -9999  -9999  -9999  -9999  -9999    0.0  -9999
C0G660 2008110721  -9999  -9999  -9999  -9999  -9999    0.0  -9999
C0G660 2008110722  -9999  -9999  -9999  -9999  -9999    0.0  -9999
C0G660 2008110723  -9999  -9999  -9999  -9999  -9999    0.0  -9999
C0G660 2008110724  -9999  -9999  -9999  -9999  -9999    0.0  -9999
C0G660 2008110801  -9999  -9999  -9999  -9999  -9999    0.0  -9999
C0G660 2008110802  -9999  -9999  -9999  -9999  -9999    0.0  -9999
C0G660 2008110803  -9999  -9999  -9999  -9999  -9999    0.0  -9999
C0G660 2008110804  -9999  -9999  -9999  -9999  -9999    0.0  -9999
C0G660 2008110805  -9999  -9999  -9999  -9999  -9999    0.0  -9999
C0G660 2008110806  -9999  -9999  -9999  -9999  -9999    0.0  -9999
C0G660 2008110807  -9999  -9999  -9999  -9999  -9999    0.0  -9999
C0G660 2008110808  -9999  -9999  -9999  -9999  -9999    0.0  -9999
C0G660 2008110809  -9999  -9999  -9999  -9999  -9999    0.0  -9999
C0G660 2008110810  -9999  -9999  -9999  -9999  -9999    0.0  -9999
C0G660 2008110811  -9999  -9999  -9999  -9999  -9999    0.0  -9999
C0G660 2008110812  -9999  -9999  -9999  -9999  -9999    0.0  -9999
C0G660 2008110813  -9999  -9999  -9999  -9999  -9999    0.0  -9999
C0G660 2008110814  -9999  -9999  -9999  -9999  -9999    0.0  -9999
C0G660 2008110815  -9999  -9999  -9999  -9999  -9999    0.0  -9999
C0G660 2008110816  -9999  -9999  -9999  -9999  -9999    0.0  -9999
C0G660 2008110817  -9999  -9999  -9999  -9999  -9999    0.5  -9999
C0G660 2008110818  -9999  -9999  -9999  -9999  -9999    0.0  -9999
C0G660 2008110819  -9999  -9999  -9999  -9999  -9999    0.0  -9999
C0G660 2008110820  -9999  -9999  -9999  -9999  -9999    0.0  -9999
C0G660 2008110821  -9999  -9999  -9999  -9999  -9999    0.5  -9999
C0G660 2008110822  -9999  -9999  -9999  -9999  -9999    0.5  -9999
C0G660 2008110823  -9999  -9999  -9999  -9999  -9999    0.0  -9999
C0G660 2008110824  -9999  -9999  -9999  -9999  -9999    0.0  -9999
C0G660 2008110901  -9999  -9999  -9999  -9999  -9999    0.0  -9999
C0G660 2008110902  -9999  -9999  -9999  -9999  -9999    0.0  -9999
C0G660 2008110903  -9999  -9999  -9999  -9999  -9999    0.5  -9999
C0G660 2008110904  -9999  -9999  -9999  -9999  -9999    0.0  -9999
C0G660 2008110905  -9999  -9999  -9999  -9999  -9999    1.0  -9999
C0G660 2008110906  -9999  -9999  -9999  -9999  -9999    2.0  -9999
C0G660 2008110907  -9999  -9999  -9999  -9999  -9999    1.0  -9999
C0G660 2008110908  -9999  -9999  -9999  -9999  -9999    1.5  -9999
C0G660 2008110909  -9999  -9999  -9999  -9999  -9999    1.0  -9999
C0G660 2008110910  -9999  -9999  -9999  -9999  -9999    2.5  -9999
C0G660 2008110911  -9999  -9999  -9999  -9999  -9999    3.5  -9999
C0G660 2008110912  -9999  -9999  -9999  -9999  -9999    1.5  -9999
C0G660 2008110913  -9999  -9999  -9999  -9999  -9999    2.0  -9999
C0G660 2008110914  -9999  -9999  -9999  -9999  -9999    1.5  -9999
C0G660 2008110915  -9999  -9999  -9999  -9999  -9999    1.5  -9999
C0G660 2008110916  -9999  -9999  -9999  -9999  -9999    1.0  -9999
C0G660 2008110917  -9999  -9999  -9999  -9999  -9999    1.0  -9999
C0G660 2008110918  -9999  -9999  -9999  -9999  -9999    0.0  -9999
C0G660 2008110919  -9999  -9999  -9999  -9999  -9999    0.0  -9999
C0G660 2008110920  -9999  -9999  -9999  -9999  -9999    0.5  -9999
C0G660 2008110921  -9999  -9999  -9999  -9999  -9999    0.0  -9999
C0G660 2008110922  -9999  -9999  -9999  -9999  -9999    0.0  -9999
C0G660 2008110923  -9999  -9999  -9999  -9999  -9999    0.0  -9999
C0G660 2008110924  -9999  -9999  -9999  -9999  -9999    0.0  -9999
C0G660 2008111001  -9999  -9999  -9999  -9999  -9999    0.0  -9999
C0G660 2008111002  -9999  -9999  -9999  -9999  -9999    0.0  -9999
C0G660 2008111003  -9999  -9999  -9999  -9999  -9999    0.0  -9999
C0G660 2008111004  -9999  -9999  -9999  -9999  -9999    0.0  -9999
C0G660 2008111005  -9999  -9999  -9999  -9999  -9999    0.0  -9999
C0G660 2008111006  -9999  -9999  -9999  -9999  -9999    0.0  -9999
C0G660 2008111007  -9999  -9999  -9999  -9999  -9999    0.0  -9999
C0G660 2008111008  -9999  -9999  -9999  -9999  -9999    0.0  -9999
C0G660 2008111009  -9999  -9999  -9999  -9999  -9999    0.0  -9999
C0G660 2008111010  -9999  -9999  -9999  -9999  -9999    0.0  -9999
C0G660 2008111011  -9999  -9999  -9999  -9999  -9999    0.0  -9999
C0G660 2008111012  -9999  -9999  -9999  -9999  -9999    0.0  -9999
C0G660 2008111013  -9999  -9999  -9999  -9999  -9999    0.0  -9999
C0G660 2008111014  -9999  -9999  -9999  -9999  -9999    0.0  -9999
C0G660 2008111015  -9999  -9999  -9999  -9999  -9999    0.0  -9999
C0G660 2008111016  -9999  -9999  -9999  -9999  -9999    0.0  -9999
C0G660 2008111017  -9999  -9999  -9999  -9999  -9999    0.0  -9999
C0G660 2008111018  -9999  -9999  -9999  -9999  -9999    0.0  -9999
C0G660 2008111019  -9999  -9999  -9999  -9999  -9999    0.0  -9999
C0G660 2008111020  -9999  -9999  -9999  -9999  -9999    0.0  -9999
C0G660 2008111021  -9999  -9999  -9999  -9999  -9999    0.0  -9999
C0G660 2008111022  -9999  -9999  -9999  -9999  -9999    0.0  -9999
C0G660 2008111023  -9999  -9999  -9999  -9999  -9999    0.0  -9999
C0G660 2008111024  -9999  -9999  -9999  -9999  -9999    0.0  -9999
C0G660 2008111101  -9999  -9999  -9999  -9999  -9999    0.0  -9999
C0G660 2008111102  -9999  -9999  -9999  -9999  -9999    0.0  -9999
C0G660 2008111103  -9999  -9999  -9999  -9999  -9999    0.0  -9999
C0G660 2008111104  -9999  -9999  -9999  -9999  -9999    0.0  -9999
C0G660 2008111105  -9999  -9999  -9999  -9999  -9999    0.0  -9999
C0G660 2008111106  -9999  -9999  -9999  -9999  -9999    0.0  -9999
C0G660 2008111107  -9999  -9999  -9999  -9999  -9999    0.0  -9999
C0G660 2008111108  -9999  -9999  -9999  -9999  -9999    0.0  -9999
C0G660 2008111109  -9999  -9999  -9999  -9999  -9999    0.0  -9999
C0G660 2008111110  -9999  -9999  -9999  -9999  -9999    0.0  -9999
C0G660 2008111111  -9999  -9999  -9999  -9999  -9999    0.0  -9999
C0G660 2008111112  -9999  -9999  -9999  -9999  -9999    0.0  -9999
C0G660 2008111113  -9999  -9999  -9999  -9999  -9999    0.0  -9999
C0G660 2008111114  -9999  -9999  -9999  -9999  -9999    0.0  -9999
C0G660 2008111115  -9999  -9999  -9999  -9999  -9999    0.0  -9999
C0G660 2008111116  -9999  -9999  -9999  -9999  -9999    0.0  -9999
C0G660 2008111117  -9999  -9999  -9999  -9999  -9999    0.0  -9999
C0G660 2008111118  -9999  -9999  -9999  -9999  -9999    0.0  -9999
C0G660 2008111119  -9999  -9999  -9999  -9999  -9999    0.0  -9999
C0G660 2008111120  -9999  -9999  -9999  -9999  -9999    0.0  -9999
C0G660 2008111121  -9999  -9999  -9999  -9999  -9999    0.0  -9999
C0G660 2008111122  -9999  -9999  -9999  -9999  -9999    0.0  -9999
C0G660 2008111123  -9999  -9999  -9999  -9999  -9999    0.0  -9999
C0G660 2008111124  -9999  -9999  -9999  -9999  -9999    0.0  -9999
C0G660 2008111201  -9999  -9999  -9999  -9999  -9999    0.0  -9999
C0G660 2008111202  -9999  -9999  -9999  -9999  -9999    0.0  -9999
C0G660 2008111203  -9999  -9999  -9999  -9999  -9999    0.0  -9999
C0G660 2008111204  -9999  -9999  -9999  -9999  -9999    0.0  -9999
C0G660 2008111205  -9999  -9999  -9999  -9999  -9999    0.0  -9999
C0G660 2008111206  -9999  -9999  -9999  -9999  -9999    0.0  -9999
C0G660 2008111207  -9999  -9999  -9999  -9999  -9999    0.0  -9999
C0G660 2008111208  -9999  -9999  -9999  -9999  -9999    0.0  -9999
C0G660 2008111209  -9999  -9999  -9999  -9999  -9999    0.0  -9999
C0G660 2008111210  -9999  -9999  -9999  -9999  -9999    0.0  -9999
C0G660 2008111211  -9999  -9999  -9999  -9999  -9999    0.0  -9999
C0G660 2008111212  -9999  -9999  -9999  -9999  -9999    0.0  -9999
C0G660 2008111213  -9999  -9999  -9999  -9999  -9999    0.0  -9999
C0G660 2008111214  -9999  -9999  -9999  -9999  -9999    0.0  -9999
C0G660 2008111215  -9999  -9999  -9999  -9999  -9999    0.0  -9999
C0G660 2008111216  -9999  -9999  -9999  -9999  -9999    0.0  -9999
C0G660 2008111217  -9999  -9999  -9999  -9999  -9999    0.0  -9999
C0G660 2008111218  -9999  -9999  -9999  -9999  -9999    0.0  -9999
C0G660 2008111219  -9999  -9999  -9999  -9999  -9999    0.0  -9999
C0G660 2008111220  -9999  -9999  -9999  -9999  -9999    0.0  -9999
C0G660 2008111221  -9999  -9999  -9999  -9999  -9999    0.0  -9999
C0G660 2008111222  -9999  -9999  -9999  -9999  -9999    0.0  -9999
C0G660 2008111223  -9999  -9999  -9999  -9999  -9999    0.0  -9999
C0G660 2008111224  -9999  -9999  -9999  -9999  -9999    0.0  -9999
C0G660 2008111301  -9999  -9999  -9999  -9999  -9999    0.0  -9999
C0G660 2008111302  -9999  -9999  -9999  -9999  -9999    0.0  -9999
C0G660 2008111303  -9999  -9999  -9999  -9999  -9999    0.0  -9999
C0G660 2008111304  -9999  -9999  -9999  -9999  -9999    0.0  -9999
C0G660 2008111305  -9999  -9999  -9999  -9999  -9999    0.0  -9999
C0G660 2008111306  -9999  -9999  -9999  -9999  -9999    0.0  -9999
C0G660 2008111307  -9999  -9999  -9999  -9999  -9999    0.0  -9999
C0G660 2008111308  -9999  -9999  -9999  -9999  -9999    0.0  -9999
C0G660 2008111309  -9999  -9999  -9999  -9999  -9999    0.0  -9999
C0G660 2008111310  -9999  -9999  -9999  -9999  -9999    0.0  -9999
C0G660 2008111311  -9999  -9999  -9999  -9999  -9999    0.0  -9999
C0G660 2008111312  -9999  -9999  -9999  -9999  -9999    0.0  -9999
C0G660 2008111313  -9999  -9999  -9999  -9999  -9999    0.0  -9999
C0G660 2008111314  -9999  -9999  -9999  -9999  -9999    0.0  -9999
C0G660 2008111315  -9999  -9999  -9999  -9999  -9999    0.0  -9999
C0G660 2008111316  -9999  -9999  -9999  -9999  -9999    0.0  -9999
C0G660 2008111317  -9999  -9999  -9999  -9999  -9999    0.0  -9999
C0G660 2008111318  -9999  -9999  -9999  -9999  -9999    0.0  -9999
C0G660 2008111319  -9999  -9999  -9999  -9999  -9999    0.0  -9999
C0G660 2008111320  -9999  -9999  -9999  -9999  -9999    0.0  -9999
C0G660 2008111321  -9999  -9999  -9999  -9999  -9999    0.0  -9999
C0G660 2008111322  -9999  -9999  -9999  -9999  -9999    0.0  -9999
C0G660 2008111323  -9999  -9999  -9999  -9999  -9999    0.0  -9999
C0G660 2008111324  -9999  -9999  -9999  -9999  -9999    0.0  -9999
C0G660 2008111401  -9999  -9999  -9999  -9999  -9999    0.0  -9999
C0G660 2008111402  -9999  -9999  -9999  -9999  -9999    0.0  -9999
C0G660 2008111403  -9999  -9999  -9999  -9999  -9999    0.0  -9999
C0G660 2008111404  -9999  -9999  -9999  -9999  -9999    0.0  -9999
C0G660 2008111405  -9999  -9999  -9999  -9999  -9999    0.0  -9999
C0G660 2008111406  -9999  -9999  -9999  -9999  -9999    0.0  -9999
C0G660 2008111407  -9999  -9999  -9999  -9999  -9999    0.0  -9999
C0G660 2008111408  -9999  -9999  -9999  -9999  -9999    0.0  -9999
C0G660 2008111409  -9999  -9999  -9999  -9999  -9999    0.0  -9999
C0G660 2008111410  -9999  -9999  -9999  -9999  -9999    0.0  -9999
C0G660 2008111411  -9999  -9999  -9999  -9999  -9999    0.0  -9999
C0G660 2008111412  -9999  -9999  -9999  -9999  -9999    0.0  -9999
C0G660 2008111413  -9999  -9999  -9999  -9999  -9999    0.0  -9999
C0G660 2008111414  -9999  -9999  -9999  -9999  -9999    0.0  -9999
C0G660 2008111415  -9999  -9999  -9999  -9999  -9999    0.0  -9999
C0G660 2008111416  -9999  -9999  -9999  -9999  -9999    0.0  -9999
C0G660 2008111417  -9999  -9999  -9999  -9999  -9999    0.0  -9999
C0G660 2008111418  -9999  -9999  -9999  -9999  -9999    0.0  -9999
C0G660 2008111419  -9999  -9999  -9999  -9999  -9999    0.0  -9999
C0G660 2008111420  -9999  -9999  -9999  -9999  -9999    0.0  -9999
C0G660 2008111421  -9999  -9999  -9999  -9999  -9999    0.0  -9999
C0G660 2008111422  -9999  -9999  -9999  -9999  -9999    0.0  -9999
C0G660 2008111423  -9999  -9999  -9999  -9999  -9999    0.0  -9999
C0G660 2008111424  -9999  -9999  -9999  -9999  -9999    0.0  -9999
C0G660 2008111501  -9999  -9999  -9999  -9999  -9999    0.0  -9999
C0G660 2008111502  -9999  -9999  -9999  -9999  -9999    0.0  -9999
C0G660 2008111503  -9999  -9999  -9999  -9999  -9999    0.0  -9999
C0G660 2008111504  -9999  -9999  -9999  -9999  -9999    0.0  -9999
C0G660 2008111505  -9999  -9999  -9999  -9999  -9999    0.0  -9999
C0G660 2008111506  -9999  -9999  -9999  -9999  -9999    0.0  -9999
C0G660 2008111507  -9999  -9999  -9999  -9999  -9999    0.0  -9999
C0G660 2008111508  -9999  -9999  -9999  -9999  -9999    0.0  -9999
C0G660 2008111509  -9999  -9999  -9999  -9999  -9999    0.0  -9999
C0G660 2008111510  -9999  -9999  -9999  -9999  -9999    0.0  -9999
C0G660 2008111511  -9999  -9999  -9999  -9999  -9999    0.0  -9999
C0G660 2008111512  -9999  -9999  -9999  -9999  -9999    0.0  -9999
C0G660 2008111513  -9999  -9999  -9999  -9999  -9999    0.0  -9999
C0G660 2008111514  -9999  -9999  -9999  -9999  -9999    0.0  -9999
C0G660 2008111515  -9999  -9999  -9999  -9999  -9999    0.0  -9999
C0G660 2008111516  -9999  -9999  -9999  -9999  -9999    0.0  -9999
C0G660 2008111517  -9999  -9999  -9999  -9999  -9999    0.0  -9999
C0G660 2008111518  -9999  -9999  -9999  -9999  -9999    0.0  -9999
C0G660 2008111519  -9999  -9999  -9999  -9999  -9999    0.0  -9999
C0G660 2008111520  -9999  -9999  -9999  -9999  -9999    0.0  -9999
C0G660 2008111521  -9999  -9999  -9999  -9999  -9999    0.0  -9999
C0G660 2008111522  -9999  -9999  -9999  -9999  -9999    0.0  -9999
C0G660 2008111523  -9999  -9999  -9999  -9999  -9999    0.0  -9999
C0G660 2008111524  -9999  -9999  -9999  -9999  -9999    0.0  -9999
C0G660 2008111601  -9999  -9999  -9999  -9999  -9999    0.0  -9999
C0G660 2008111602  -9999  -9999  -9999  -9999  -9999    0.0  -9999
C0G660 2008111603  -9999  -9999  -9999  -9999  -9999    0.0  -9999
C0G660 2008111604  -9999  -9999  -9999  -9999  -9999    0.0  -9999
C0G660 2008111605  -9999  -9999  -9999  -9999  -9999    0.0  -9999
C0G660 2008111606  -9999  -9999  -9999  -9999  -9999    0.0  -9999
C0G660 2008111607  -9999  -9999  -9999  -9999  -9999    0.0  -9999
C0G660 2008111608  -9999  -9999  -9999  -9999  -9999    0.5  -9999
C0G660 2008111609  -9999  -9999  -9999  -9999  -9999    0.5  -9999
C0G660 2008111610  -9999  -9999  -9999  -9999  -9999    0.0  -9999
C0G660 2008111611  -9999  -9999  -9999  -9999  -9999    0.0  -9999
C0G660 2008111612  -9999  -9999  -9999  -9999  -9999    0.0  -9999
C0G660 2008111613  -9999  -9999  -9999  -9999  -9999    0.0  -9999
C0G660 2008111614  -9999  -9999  -9999  -9999  -9999    0.0  -9999
C0G660 2008111615  -9999  -9999  -9999  -9999  -9999    0.0  -9999
C0G660 2008111616  -9999  -9999  -9999  -9999  -9999    0.0  -9999
C0G660 2008111617  -9999  -9999  -9999  -9999  -9999    0.0  -9999
C0G660 2008111618  -9999  -9999  -9999  -9999  -9999    0.0  -9999
C0G660 2008111619  -9999  -9999  -9999  -9999  -9999    0.0  -9999
C0G660 2008111620  -9999  -9999  -9999  -9999  -9999    0.0  -9999
C0G660 2008111621  -9999  -9999  -9999  -9999  -9999    0.0  -9999
C0G660 2008111622  -9999  -9999  -9999  -9999  -9999    0.0  -9999
C0G660 2008111623  -9999  -9999  -9999  -9999  -9999    0.0  -9999
C0G660 2008111624  -9999  -9999  -9999  -9999  -9999    0.0  -9999
C0G660 2008111701  -9999  -9999  -9999  -9999  -9999    0.0  -9999
C0G660 2008111702  -9999  -9999  -9999  -9999  -9999    0.0  -9999
C0G660 2008111703  -9999  -9999  -9999  -9999  -9999    0.0  -9999
C0G660 2008111704  -9999  -9999  -9999  -9999  -9999    0.0  -9999
C0G660 2008111705  -9999  -9999  -9999  -9999  -9999    0.0  -9999
C0G660 2008111706  -9999  -9999  -9999  -9999  -9999    0.0  -9999
C0G660 2008111707  -9999  -9999  -9999  -9999  -9999    0.0  -9999
C0G660 2008111708  -9999  -9999  -9999  -9999  -9999    0.0  -9999
C0G660 2008111709  -9999  -9999  -9999  -9999  -9999    0.0  -9999
C0G660 2008111710  -9999  -9999  -9999  -9999  -9999    0.0  -9999
C0G660 2008111711  -9999  -9999  -9999  -9999  -9999    0.0  -9999
C0G660 2008111712  -9999  -9999  -9999  -9999  -9999    0.0  -9999
C0G660 2008111713  -9999  -9999  -9999  -9999  -9999    0.0  -9999
C0G660 2008111714  -9999  -9999  -9999  -9999  -9999    0.0  -9999
C0G660 2008111715  -9999  -9999  -9999  -9999  -9999    0.0  -9999
C0G660 2008111716  -9999  -9999  -9999  -9999  -9999    0.0  -9999
C0G660 2008111717  -9999  -9999  -9999  -9999  -9999    0.0  -9999
C0G660 2008111718  -9999  -9999  -9999  -9999  -9999    0.0  -9999
C0G660 2008111719  -9999  -9999  -9999  -9999  -9999    0.0  -9999
C0G660 2008111720  -9999  -9999  -9999  -9999  -9999    0.0  -9999
C0G660 2008111721  -9999  -9999  -9999  -9999  -9999    0.0  -9999
C0G660 2008111722  -9999  -9999  -9999  -9999  -9999    0.0  -9999
C0G660 2008111723  -9999  -9999  -9999  -9999  -9999    0.0  -9999
C0G660 2008111724  -9999  -9999  -9999  -9999  -9999    0.0  -9999
C0G660 2008111801  -9999  -9999  -9999  -9999  -9999    0.0  -9999
C0G660 2008111802  -9999  -9999  -9999  -9999  -9999    0.0  -9999
C0G660 2008111803  -9999  -9999  -9999  -9999  -9999    0.0  -9999
C0G660 2008111804  -9999  -9999  -9999  -9999  -9999    0.0  -9999
C0G660 2008111805  -9999  -9999  -9999  -9999  -9999    0.0  -9999
C0G660 2008111806  -9999  -9999  -9999  -9999  -9999    0.0  -9999
C0G660 2008111807  -9999  -9999  -9999  -9999  -9999    0.0  -9999
C0G660 2008111808  -9999  -9999  -9999  -9999  -9999    0.0  -9999
C0G660 2008111809  -9999  -9999  -9999  -9999  -9999    0.0  -9999
C0G660 2008111810  -9999  -9999  -9999  -9999  -9999    0.0  -9999
C0G660 2008111811  -9999  -9999  -9999  -9999  -9999    0.0  -9999
C0G660 2008111812  -9999  -9999  -9999  -9999  -9999    0.0  -9999
C0G660 2008111813  -9999  -9999  -9999  -9999  -9999    0.0  -9999
C0G660 2008111814  -9999  -9999  -9999  -9999  -9999    0.0  -9999
C0G660 2008111815  -9999  -9999  -9999  -9999  -9999    0.0  -9999
C0G660 2008111816  -9999  -9999  -9999  -9999  -9999    0.0  -9999
C0G660 2008111817  -9999  -9999  -9999  -9999  -9999    0.0  -9999
C0G660 2008111818  -9999  -9999  -9999  -9999  -9999    0.0  -9999
C0G660 2008111819  -9999  -9999  -9999  -9999  -9999    0.0  -9999
C0G660 2008111820  -9999  -9999  -9999  -9999  -9999    0.0  -9999
C0G660 2008111821  -9999  -9999  -9999  -9999  -9999    0.0  -9999
C0G660 2008111822  -9999  -9999  -9999  -9999  -9999    0.0  -9999
C0G660 2008111823  -9999  -9999  -9999  -9999  -9999    0.0  -9999
C0G660 2008111824  -9999  -9999  -9999  -9999  -9999    0.0  -9999
C0G660 2008111901  -9999  -9999  -9999  -9999  -9999    0.0  -9999
C0G660 2008111902  -9999  -9999  -9999  -9999  -9999    0.0  -9999
C0G660 2008111903  -9999  -9999  -9999  -9999  -9999    0.0  -9999
C0G660 2008111904  -9999  -9999  -9999  -9999  -9999    0.0  -9999
C0G660 2008111905  -9999  -9999  -9999  -9999  -9999    0.0  -9999
C0G660 2008111906  -9999  -9999  -9999  -9999  -9999    0.0  -9999
C0G660 2008111907  -9999  -9999  -9999  -9999  -9999    0.0  -9999
C0G660 2008111908  -9999  -9999  -9999  -9999  -9999    0.0  -9999
C0G660 2008111909  -9999  -9999  -9999  -9999  -9999    0.0  -9999
C0G660 2008111910  -9999  -9999  -9999  -9999  -9999    0.0  -9999
C0G660 2008111911  -9999  -9999  -9999  -9999  -9999    0.0  -9999
C0G660 2008111912  -9999  -9999  -9999  -9999  -9999    0.0  -9999
C0G660 2008111913  -9999  -9999  -9999  -9999  -9999    0.0  -9999
C0G660 2008111914  -9999  -9999  -9999  -9999  -9999    0.0  -9999
C0G660 2008111915  -9999  -9999  -9999  -9999  -9999    0.0  -9999
C0G660 2008111916  -9999  -9999  -9999  -9999  -9999    0.0  -9999
C0G660 2008111917  -9999  -9999  -9999  -9999  -9999    0.0  -9999
C0G660 2008111918  -9999  -9999  -9999  -9999  -9999    0.0  -9999
C0G660 2008111919  -9999  -9999  -9999  -9999  -9999    0.0  -9999
C0G660 2008111920  -9999  -9999  -9999  -9999  -9999    0.0  -9999
C0G660 2008111921  -9999  -9999  -9999  -9999  -9999    0.0  -9999
C0G660 2008111922  -9999  -9999  -9999  -9999  -9999    0.0  -9999
C0G660 2008111923  -9999  -9999  -9999  -9999  -9999    0.0  -9999
C0G660 2008111924  -9999  -9999  -9999  -9999  -9999    0.0  -9999
C0G660 2008112001  -9999  -9999  -9999  -9999  -9999    0.0  -9999
C0G660 2008112002  -9999  -9999  -9999  -9999  -9999    0.0  -9999
C0G660 2008112003  -9999  -9999  -9999  -9999  -9999    0.0  -9999
C0G660 2008112004  -9999  -9999  -9999  -9999  -9999    0.0  -9999
C0G660 2008112005  -9999  -9999  -9999  -9999  -9999    0.0  -9999
C0G660 2008112006  -9999  -9999  -9999  -9999  -9999    0.0  -9999
C0G660 2008112007  -9999  -9999  -9999  -9999  -9999    0.0  -9999
C0G660 2008112008  -9999  -9999  -9999  -9999  -9999    0.0  -9999
C0G660 2008112009  -9999  -9999  -9999  -9999  -9999    0.0  -9999
C0G660 2008112010  -9999  -9999  -9999  -9999  -9999    0.0  -9999
C0G660 2008112011  -9999  -9999  -9999  -9999  -9999    0.0  -9999
C0G660 2008112012  -9999  -9999  -9999  -9999  -9999    0.0  -9999
C0G660 2008112013  -9999  -9999  -9999  -9999  -9999    0.0  -9999
C0G660 2008112014  -9999  -9999  -9999  -9999  -9999    0.0  -9999
C0G660 2008112015  -9999  -9999  -9999  -9999  -9999    0.0  -9999
C0G660 2008112016  -9999  -9999  -9999  -9999  -9999    0.0  -9999
C0G660 2008112017  -9999  -9999  -9999  -9999  -9999    0.0  -9999
C0G660 2008112018  -9999  -9999  -9999  -9999  -9999    0.0  -9999
C0G660 2008112019  -9999  -9999  -9999  -9999  -9999    0.0  -9999
C0G660 2008112020  -9999  -9999  -9999  -9999  -9999    0.0  -9999
C0G660 2008112021  -9999  -9999  -9999  -9999  -9999    0.0  -9999
C0G660 2008112022  -9999  -9999  -9999  -9999  -9999    0.0  -9999
C0G660 2008112023  -9999  -9999  -9999  -9999  -9999    0.0  -9999
C0G660 2008112024  -9999  -9999  -9999  -9999  -9999    0.0  -9999
C0G660 2008112101  -9999  -9999  -9999  -9999  -9999    0.0  -9999
C0G660 2008112102  -9999  -9999  -9999  -9999  -9999    0.0  -9999
C0G660 2008112103  -9999  -9999  -9999  -9999  -9999    0.0  -9999
C0G660 2008112104  -9999  -9999  -9999  -9999  -9999    0.0  -9999
C0G660 2008112105  -9999  -9999  -9999  -9999  -9999    0.0  -9999
C0G660 2008112106  -9999  -9999  -9999  -9999  -9999    0.0  -9999
C0G660 2008112107  -9999  -9999  -9999  -9999  -9999    0.0  -9999
C0G660 2008112108  -9999  -9999  -9999  -9999  -9999    0.0  -9999
C0G660 2008112109  -9999  -9999  -9999  -9999  -9999    0.0  -9999
C0G660 2008112110  -9999  -9999  -9999  -9999  -9999    0.0  -9999
C0G660 2008112111  -9999  -9999  -9999  -9999  -9999    0.0  -9999
C0G660 2008112112  -9999  -9999  -9999  -9999  -9999    0.0  -9999
C0G660 2008112113  -9999  -9999  -9999  -9999  -9999    0.0  -9999
C0G660 2008112114  -9999  -9999  -9999  -9999  -9999    0.0  -9999
C0G660 2008112115  -9999  -9999  -9999  -9999  -9999    0.0  -9999
C0G660 2008112116  -9999  -9999  -9999  -9999  -9999    0.0  -9999
C0G660 2008112117  -9999  -9999  -9999  -9999  -9999    0.0  -9999
C0G660 2008112118  -9999  -9999  -9999  -9999  -9999    0.0  -9999
C0G660 2008112119  -9999  -9999  -9999  -9999  -9999    0.0  -9999
C0G660 2008112120  -9999  -9999  -9999  -9999  -9999    0.0  -9999
C0G660 2008112121  -9999  -9999  -9999  -9999  -9999    0.0  -9999
C0G660 2008112122  -9999  -9999  -9999  -9999  -9999    0.0  -9999
C0G660 2008112123  -9999  -9999  -9999  -9999  -9999    0.0  -9999
C0G660 2008112124  -9999  -9999  -9999  -9999  -9999    0.0  -9999
C0G660 2008112201  -9999  -9999  -9999  -9999  -9999    0.0  -9999
C0G660 2008112202  -9999  -9999  -9999  -9999  -9999    0.0  -9999
C0G660 2008112203  -9999  -9999  -9999  -9999  -9999    0.0  -9999
C0G660 2008112204  -9999  -9999  -9999  -9999  -9999    0.0  -9999
C0G660 2008112205  -9999  -9999  -9999  -9999  -9999    0.0  -9999
C0G660 2008112206  -9999  -9999  -9999  -9999  -9999    0.0  -9999
C0G660 2008112207  -9999  -9999  -9999  -9999  -9999    0.0  -9999
C0G660 2008112208  -9999  -9999  -9999  -9999  -9999    0.0  -9999
C0G660 2008112209  -9999  -9999  -9999  -9999  -9999    0.0  -9999
C0G660 2008112210  -9999  -9999  -9999  -9999  -9999    0.0  -9999
C0G660 2008112211  -9999  -9999  -9999  -9999  -9999    0.0  -9999
C0G660 2008112212  -9999  -9999  -9999  -9999  -9999    0.0  -9999
C0G660 2008112213  -9999  -9999  -9999  -9999  -9999    0.0  -9999
C0G660 2008112214  -9999  -9999  -9999  -9999  -9999    0.0  -9999
C0G660 2008112215  -9999  -9999  -9999  -9999  -9999    0.0  -9999
C0G660 2008112216  -9999  -9999  -9999  -9999  -9999    0.0  -9999
C0G660 2008112217  -9999  -9999  -9999  -9999  -9999    0.0  -9999
C0G660 2008112218  -9999  -9999  -9999  -9999  -9999    0.0  -9999
C0G660 2008112219  -9999  -9999  -9999  -9999  -9999    0.0  -9999
C0G660 2008112220  -9999  -9999  -9999  -9999  -9999    0.0  -9999
C0G660 2008112221  -9999  -9999  -9999  -9999  -9999    0.0  -9999
C0G660 2008112222  -9999  -9999  -9999  -9999  -9999    0.0  -9999
C0G660 2008112223  -9999  -9999  -9999  -9999  -9999    0.0  -9999
C0G660 2008112224  -9999  -9999  -9999  -9999  -9999    0.0  -9999
C0G660 2008112301  -9999  -9999  -9999  -9999  -9999    0.0  -9999
C0G660 2008112302  -9999  -9999  -9999  -9999  -9999    0.0  -9999
C0G660 2008112303  -9999  -9999  -9999  -9999  -9999    0.0  -9999
C0G660 2008112304  -9999  -9999  -9999  -9999  -9999    0.0  -9999
C0G660 2008112305  -9999  -9999  -9999  -9999  -9999    0.0  -9999
C0G660 2008112306  -9999  -9999  -9999  -9999  -9999    0.0  -9999
C0G660 2008112307  -9999  -9999  -9999  -9999  -9999    0.0  -9999
C0G660 2008112308  -9999  -9999  -9999  -9999  -9999    0.0  -9999
C0G660 2008112309  -9999  -9999  -9999  -9999  -9999    0.0  -9999
C0G660 2008112310  -9999  -9999  -9999  -9999  -9999    0.0  -9999
C0G660 2008112311  -9999  -9999  -9999  -9999  -9999    0.0  -9999
C0G660 2008112312  -9999  -9999  -9999  -9999  -9999    0.0  -9999
C0G660 2008112313  -9999  -9999  -9999  -9999  -9999    0.0  -9999
C0G660 2008112314  -9999  -9999  -9999  -9999  -9999    0.0  -9999
C0G660 2008112315  -9999  -9999  -9999  -9999  -9999    0.0  -9999
C0G660 2008112316  -9999  -9999  -9999  -9999  -9999    0.0  -9999
C0G660 2008112317  -9999  -9999  -9999  -9999  -9999    0.0  -9999
C0G660 2008112318  -9999  -9999  -9999  -9999  -9999    0.0  -9999
C0G660 2008112319  -9999  -9999  -9999  -9999  -9999    0.0  -9999
C0G660 2008112320  -9999  -9999  -9999  -9999  -9999    0.0  -9999
C0G660 2008112321  -9999  -9999  -9999  -9999  -9999    0.0  -9999
C0G660 2008112322  -9999  -9999  -9999  -9999  -9999    0.0  -9999
C0G660 2008112323  -9999  -9999  -9999  -9999  -9999    0.0  -9999
C0G660 2008112324  -9999  -9999  -9999  -9999  -9999    0.0  -9999
C0G660 2008112401  -9999  -9999  -9999  -9999  -9999    0.0  -9999
C0G660 2008112402  -9999  -9999  -9999  -9999  -9999    0.0  -9999
C0G660 2008112403  -9999  -9999  -9999  -9999  -9999    0.0  -9999
C0G660 2008112404  -9999  -9999  -9999  -9999  -9999    0.0  -9999
C0G660 2008112405  -9999  -9999  -9999  -9999  -9999    0.0  -9999
C0G660 2008112406  -9999  -9999  -9999  -9999  -9999    0.0  -9999
C0G660 2008112407  -9999  -9999  -9999  -9999  -9999    0.0  -9999
C0G660 2008112408  -9999  -9999  -9999  -9999  -9999    0.0  -9999
C0G660 2008112409  -9999  -9999  -9999  -9999  -9999    0.0  -9999
C0G660 2008112410  -9999  -9999  -9999  -9999  -9999    0.0  -9999
C0G660 2008112411  -9999  -9999  -9999  -9999  -9999    0.0  -9999
C0G660 2008112412  -9999  -9999  -9999  -9999  -9999    0.0  -9999
C0G660 2008112413  -9999  -9999  -9999  -9999  -9999    0.0  -9999
C0G660 2008112414  -9999  -9999  -9999  -9999  -9999    0.0  -9999
C0G660 2008112415  -9999  -9999  -9999  -9999  -9999    0.0  -9999
C0G660 2008112416  -9999  -9999  -9999  -9999  -9999    0.0  -9999
C0G660 2008112417  -9999  -9999  -9999  -9999  -9999    0.0  -9999
C0G660 2008112418  -9999  -9999  -9999  -9999  -9999    0.0  -9999
C0G660 2008112419  -9999  -9999  -9999  -9999  -9999    0.0  -9999
C0G660 2008112420  -9999  -9999  -9999  -9999  -9999    0.0  -9999
C0G660 2008112421  -9999  -9999  -9999  -9999  -9999    0.0  -9999
C0G660 2008112422  -9999  -9999  -9999  -9999  -9999    0.0  -9999
C0G660 2008112423  -9999  -9999  -9999  -9999  -9999    0.0  -9999
C0G660 2008112424  -9999  -9999  -9999  -9999  -9999    0.0  -9999
C0G660 2008112501  -9999  -9999  -9999  -9999  -9999    0.0  -9999
C0G660 2008112502  -9999  -9999  -9999  -9999  -9999    0.0  -9999
C0G660 2008112503  -9999  -9999  -9999  -9999  -9999    0.0  -9999
C0G660 2008112504  -9999  -9999  -9999  -9999  -9999    0.0  -9999
C0G660 2008112505  -9999  -9999  -9999  -9999  -9999    0.0  -9999
C0G660 2008112506  -9999  -9999  -9999  -9999  -9999    0.0  -9999
C0G660 2008112507  -9999  -9999  -9999  -9999  -9999    0.0  -9999
C0G660 2008112508  -9999  -9999  -9999  -9999  -9999    0.0  -9999
C0G660 2008112509  -9999  -9999  -9999  -9999  -9999    0.0  -9999
C0G660 2008112510  -9999  -9999  -9999  -9999  -9999    0.0  -9999
C0G660 2008112511  -9999  -9999  -9999  -9999  -9999    0.0  -9999
C0G660 2008112512  -9999  -9999  -9999  -9999  -9999    0.0  -9999
C0G660 2008112513  -9999  -9999  -9999  -9999  -9999    0.0  -9999
C0G660 2008112514  -9999  -9999  -9999  -9999  -9999    0.0  -9999
C0G660 2008112515  -9999  -9999  -9999  -9999  -9999    0.0  -9999
C0G660 2008112516  -9999  -9999  -9999  -9999  -9999    0.0  -9999
C0G660 2008112517  -9999  -9999  -9999  -9999  -9999    0.0  -9999
C0G660 2008112518  -9999  -9999  -9999  -9999  -9999    0.0  -9999
C0G660 2008112519  -9999  -9999  -9999  -9999  -9999    0.0  -9999
C0G660 2008112520  -9999  -9999  -9999  -9999  -9999    0.0  -9999
C0G660 2008112521  -9999  -9999  -9999  -9999  -9999    0.0  -9999
C0G660 2008112522  -9999  -9999  -9999  -9999  -9999    0.0  -9999
C0G660 2008112523  -9999  -9999  -9999  -9999  -9999    0.0  -9999
C0G660 2008112524  -9999  -9999  -9999  -9999  -9999    0.0  -9999
C0G660 2008112601  -9999  -9999  -9999  -9999  -9999    0.0  -9999
C0G660 2008112602  -9999  -9999  -9999  -9999  -9999    0.0  -9999
C0G660 2008112603  -9999  -9999  -9999  -9999  -9999    0.0  -9999
C0G660 2008112604  -9999  -9999  -9999  -9999  -9999    0.0  -9999
C0G660 2008112605  -9999  -9999  -9999  -9999  -9999    0.0  -9999
C0G660 2008112606  -9999  -9999  -9999  -9999  -9999    0.0  -9999
C0G660 2008112607  -9999  -9999  -9999  -9999  -9999    0.0  -9999
C0G660 2008112608  -9999  -9999  -9999  -9999  -9999    0.0  -9999
C0G660 2008112609  -9999  -9999  -9999  -9999  -9999    0.0  -9999
C0G660 2008112610  -9999  -9999  -9999  -9999  -9999    0.0  -9999
C0G660 2008112611  -9999  -9999  -9999  -9999  -9999    0.0  -9999
C0G660 2008112612  -9999  -9999  -9999  -9999  -9999    0.0  -9999
C0G660 2008112613  -9999  -9999  -9999  -9999  -9999    0.0  -9999
C0G660 2008112614  -9999  -9999  -9999  -9999  -9999    0.0  -9999
C0G660 2008112615  -9999  -9999  -9999  -9999  -9999    0.0  -9999
C0G660 2008112616  -9999  -9999  -9999  -9999  -9999    0.0  -9999
C0G660 2008112617  -9999  -9999  -9999  -9999  -9999    0.0  -9999
C0G660 2008112618  -9999  -9999  -9999  -9999  -9999    0.0  -9999
C0G660 2008112619  -9999  -9999  -9999  -9999  -9999    0.0  -9999
C0G660 2008112620  -9999  -9999  -9999  -9999  -9999    0.0  -9999
C0G660 2008112621  -9999  -9999  -9999  -9999  -9999    0.0  -9999
C0G660 2008112622  -9999  -9999  -9999  -9999  -9999    0.0  -9999
C0G660 2008112623  -9999  -9999  -9999  -9999  -9999    0.0  -9999
C0G660 2008112624  -9999  -9999  -9999  -9999  -9999    0.0  -9999
C0G660 2008112701  -9999  -9999  -9999  -9999  -9999    0.0  -9999
C0G660 2008112702  -9999  -9999  -9999  -9999  -9999    0.0  -9999
C0G660 2008112703  -9999  -9999  -9999  -9999  -9999    0.0  -9999
C0G660 2008112704  -9999  -9999  -9999  -9999  -9999    0.0  -9999
C0G660 2008112705  -9999  -9999  -9999  -9999  -9999    0.0  -9999
C0G660 2008112706  -9999  -9999  -9999  -9999  -9999    0.0  -9999
C0G660 2008112707  -9999  -9999  -9999  -9999  -9999    0.0  -9999
C0G660 2008112708  -9999  -9999  -9999  -9999  -9999    0.0  -9999
C0G660 2008112709  -9999  -9999  -9999  -9999  -9999    0.0  -9999
C0G660 2008112710  -9999  -9999  -9999  -9999  -9999    0.0  -9999
C0G660 2008112711  -9999  -9999  -9999  -9999  -9999    0.0  -9999
C0G660 2008112712  -9999  -9999  -9999  -9999  -9999    0.0  -9999
C0G660 2008112713  -9999  -9999  -9999  -9999  -9999    0.0  -9999
C0G660 2008112714  -9999  -9999  -9999  -9999  -9999    0.0  -9999
C0G660 2008112715  -9999  -9999  -9999  -9999  -9999    0.0  -9999
C0G660 2008112716  -9999  -9999  -9999  -9999  -9999    0.0  -9999
C0G660 2008112717  -9999  -9999  -9999  -9999  -9999    0.0  -9999
C0G660 2008112718  -9999  -9999  -9999  -9999  -9999    0.0  -9999
C0G660 2008112719  -9999  -9999  -9999  -9999  -9999    0.0  -9999
C0G660 2008112720  -9999  -9999  -9999  -9999  -9999    0.0  -9999
C0G660 2008112721  -9999  -9999  -9999  -9999  -9999    0.0  -9999
C0G660 2008112722  -9999  -9999  -9999  -9999  -9999    0.0  -9999
C0G660 2008112723  -9999  -9999  -9999  -9999  -9999    0.0  -9999
C0G660 2008112724  -9999  -9999  -9999  -9999  -9999    0.0  -9999
C0G660 2008112801  -9999  -9999  -9999  -9999  -9999    0.0  -9999
C0G660 2008112802  -9999  -9999  -9999  -9999  -9999    0.0  -9999
C0G660 2008112803  -9999  -9999  -9999  -9999  -9999    0.0  -9999
C0G660 2008112804  -9999  -9999  -9999  -9999  -9999    0.0  -9999
C0G660 2008112805  -9999  -9999  -9999  -9999  -9999    0.0  -9999
C0G660 2008112806  -9999  -9999  -9999  -9999  -9999    0.0  -9999
C0G660 2008112807  -9999  -9999  -9999  -9999  -9999    0.0  -9999
C0G660 2008112808  -9999  -9999  -9999  -9999  -9999    0.0  -9999
C0G660 2008112809  -9999  -9999  -9999  -9999  -9999    0.0  -9999
C0G660 2008112810  -9999  -9999  -9999  -9999  -9999    0.0  -9999
C0G660 2008112811  -9999  -9999  -9999  -9999  -9999    0.0  -9999
C0G660 2008112812  -9999  -9999  -9999  -9999  -9999    0.0  -9999
C0G660 2008112813  -9999  -9999  -9999  -9999  -9999    0.0  -9999
C0G660 2008112814  -9999  -9999  -9999  -9999  -9999    0.0  -9999
C0G660 2008112815  -9999  -9999  -9999  -9999  -9999    0.0  -9999
C0G660 2008112816  -9999  -9999  -9999  -9999  -9999    0.0  -9999
C0G660 2008112817  -9999  -9999  -9999  -9999  -9999    0.0  -9999
C0G660 2008112818  -9999  -9999  -9999  -9999  -9999    0.0  -9999
C0G660 2008112819  -9999  -9999  -9999  -9999  -9999    0.0  -9999
C0G660 2008112820  -9999  -9999  -9999  -9999  -9999    0.0  -9999
C0G660 2008112821  -9999  -9999  -9999  -9999  -9999    0.0  -9999
C0G660 2008112822  -9999  -9999  -9999  -9999  -9999    0.0  -9999
C0G660 2008112823  -9999  -9999  -9999  -9999  -9999    0.0  -9999
C0G660 2008112824  -9999  -9999  -9999  -9999  -9999    0.0  -9999
C0G660 2008112901  -9999  -9999  -9999  -9999  -9999    0.0  -9999
C0G660 2008112902  -9999  -9999  -9999  -9999  -9999    0.0  -9999
C0G660 2008112903  -9999  -9999  -9999  -9999  -9999    0.0  -9999
C0G660 2008112904  -9999  -9999  -9999  -9999  -9999    0.0  -9999
C0G660 2008112905  -9999  -9999  -9999  -9999  -9999    0.0  -9999
C0G660 2008112906  -9999  -9999  -9999  -9999  -9999    0.0  -9999
C0G660 2008112907  -9999  -9999  -9999  -9999  -9999    0.0  -9999
C0G660 2008112908  -9999  -9999  -9999  -9999  -9999    0.0  -9999
C0G660 2008112909  -9999  -9999  -9999  -9999  -9999    0.0  -9999
C0G660 2008112910  -9999  -9999  -9999  -9999  -9999    0.0  -9999
C0G660 2008112911  -9999  -9999  -9999  -9999  -9999    0.0  -9999
C0G660 2008112912  -9999  -9999  -9999  -9999  -9999    0.0  -9999
C0G660 2008112913  -9999  -9999  -9999  -9999  -9999    0.0  -9999
C0G660 2008112914  -9999  -9999  -9999  -9999  -9999    0.0  -9999
C0G660 2008112915  -9999  -9999  -9999  -9999  -9999    0.0  -9999
C0G660 2008112916  -9999  -9999  -9999  -9999  -9999    0.0  -9999
C0G660 2008112917  -9999  -9999  -9999  -9999  -9999    0.0  -9999
C0G660 2008112918  -9999  -9999  -9999  -9999  -9999    0.0  -9999
C0G660 2008112919  -9999  -9999  -9999  -9999  -9999    0.0  -9999
C0G660 2008112920  -9999  -9999  -9999  -9999  -9999    0.0  -9999
C0G660 2008112921  -9999  -9999  -9999  -9999  -9999    0.0  -9999
C0G660 2008112922  -9999  -9999  -9999  -9999  -9999    0.0  -9999
C0G660 2008112923  -9999  -9999  -9999  -9999  -9999    0.0  -9999
C0G660 2008112924  -9999  -9999  -9999  -9999  -9999    0.0  -9999
C0G660 2008113001  -9999  -9999  -9999  -9999  -9999    0.0  -9999
C0G660 2008113002  -9999  -9999  -9999  -9999  -9999    0.0  -9999
C0G660 2008113003  -9999  -9999  -9999  -9999  -9999    0.0  -9999
C0G660 2008113004  -9999  -9999  -9999  -9999  -9999    0.0  -9999
C0G660 2008113005  -9999  -9999  -9999  -9999  -9999    0.0  -9999
C0G660 2008113006  -9999  -9999  -9999  -9999  -9999    0.0  -9999
C0G660 2008113007  -9999  -9999  -9999  -9999  -9999    0.0  -9999
C0G660 2008113008  -9999  -9999  -9999  -9999  -9999    0.0  -9999
C0G660 2008113009  -9999  -9999  -9999  -9999  -9999    0.0  -9999
C0G660 2008113010  -9999  -9999  -9999  -9999  -9999    0.0  -9999
C0G660 2008113011  -9999  -9999  -9999  -9999  -9999    0.0  -9999
C0G660 2008113012  -9999  -9999  -9999  -9999  -9999    0.0  -9999
C0G660 2008113013  -9999  -9999  -9999  -9999  -9999    0.0  -9999
C0G660 2008113014  -9999  -9999  -9999  -9999  -9999    0.0  -9999
C0G660 2008113015  -9999  -9999  -9999  -9999  -9999    0.0  -9999
C0G660 2008113016  -9999  -9999  -9999  -9999  -9999    0.0  -9999
C0G660 2008113017  -9999  -9999  -9999  -9999  -9999    0.0  -9999
C0G660 2008113018  -9999  -9999  -9999  -9999  -9999    0.0  -9999
C0G660 2008113019  -9999  -9999  -9999  -9999  -9999    0.0  -9999
C0G660 2008113020  -9999  -9999  -9999  -9999  -9999    0.0  -9999
C0G660 2008113021  -9999  -9999  -9999  -9999  -9999    0.0  -9999
C0G660 2008113022  -9999  -9999  -9999  -9999  -9999    0.0  -9999
C0G660 2008113023  -9999  -9999  -9999  -9999  -9999    0.0  -9999
C0G660 2008113024  -9999  -9999  -9999  -9999  -9999    0.0  -9999
