C0G650 2009070101  -9997  -9997  -9997  -9997    0.0    0.0    0.0
C0G650 2009070102  -9997   25.2  -9997    0.0    0.0    0.0    0.0
C0G650 2009070103  -9997   24.9  -9997    0.0    0.0    0.0    0.0
C0G650 2009070104  -9997   24.9  -9997    0.0    0.0    0.0    0.0
C0G650 2009070105  -9997   24.6  -9997    0.0    0.0    0.0    0.0
C0G650 2009070106  -9997   25.6  -9997    0.1    0.0    0.0    0.2
C0G650 2009070107  -9997   27.9  -9997    0.6  190.0    0.0    0.2
C0G650 2009070108  -9997   29.4  -9997    2.4  200.0    0.0    0.6
C0G650 2009070109  -9997   30.3  -9997    2.0  220.0    0.0    0.9
C0G650 2009070110  -9997   30.8  -9997    2.4  240.0    0.0    0.6
C0G650 2009070111  -9997  -9997  -9997    1.5  230.0    0.0    0.6
C0G650 2009070112  -9997   34.0  -9997    1.8  240.0    0.0    0.7
C0G650 2009070113  -9997   33.8  -9997    1.9  250.0    0.0   -9.6
C0G650 2009070114  -9997   34.7  -9997    1.7  -9997    0.0    1.5
C0G650 2009070115  -9997  -9997  -9997    2.0  230.0    0.0    1.0
C0G650 2009070116  -9997   34.2  -9997    1.3  240.0    0.0   -9.6
C0G650 2009070117  -9997   32.2  -9997    0.7  250.0    0.0    1.0
C0G650 2009070118  -9997   30.8  -9997    1.3  240.0    0.0    0.0
C0G650 2009070119  -9997   29.5  -9997    0.6  230.0    0.0    0.0
C0G650 2009070120  -9997  -9997  -9997  -9997  -9997    0.0    0.0
C0G650 2009070121  -9997  -9997  -9997  -9997  200.0    0.0    0.0
C0G650 2009070122  -9997  -9997  -9997  -9997  -9997    0.0    0.0
C0G650 2009070123  -9997  -9997  -9997    0.0    0.0    0.0    0.0
C0G650 2009070124  -9997  -9997  -9997  -9997  -9997    0.0    0.0
C0G650 2009070201  -9997   26.7  -9997    0.3  190.0    0.0    0.0
C0G650 2009070202  -9997   26.4  -9997    0.0    0.0    0.0    0.0
C0G650 2009070203  -9997   25.8  -9997    0.0    0.0    0.0    0.0
C0G650 2009070204  -9997   25.8  -9997    0.1    0.0    0.0    0.0
C0G650 2009070205  -9997   25.5  -9997    0.0    0.0    0.0    0.0
C0G650 2009070206  -9997  -9997  -9997    0.8  -9997    0.0    0.0
C0G650 2009070207  -9997  -9997  -9997  -9997  200.0    0.0    0.0
C0G650 2009070208  -9997   28.3  -9997    1.8  200.0    0.0    0.0
C0G650 2009070209  -9997   29.8  -9997    2.2  200.0    0.0    0.1
C0G650 2009070210  -9997   31.7  -9997    1.9  220.0    0.0    0.5
C0G650 2009070211  -9997   30.7  -9997    1.9  240.0    0.0    0.0
C0G650 2009070212  -9997   31.0  -9997    1.6  260.0    0.0    0.0
C0G650 2009070213  -9997  -9997  -9997  -9997  -9997    0.0    0.0
C0G650 2009070214  -9997  -9997  -9997  -9997  230.0    0.0    0.0
C0G650 2009070215  -9997  -9997  -9997  -9997  -9997    0.0    0.0
C0G650 2009070216  -9997  -9997  -9997  -9997  -9997    0.0    0.0
C0G650 2009070217  -9997   30.5  -9997  -9997  -9997    0.0    0.0
C0G650 2009070218  -9997  -9997  -9997    0.2    0.0    0.0    0.0
C0G650 2009070219  -9997   28.8  -9997    0.0  -9997    0.0    0.0
C0G650 2009070220  -9997   27.9  -9997    0.0  -9997    0.0    0.0
C0G650 2009070221  -9997   27.2  -9997  -9997    0.0    0.0    0.0
C0G650 2009070222  -9997  -9997  -9997    0.0    0.0    0.0    0.0
C0G650 2009070223  -9997   26.8  -9997    0.0    0.0    0.0    0.0
C0G650 2009070224  -9997  -9997  -9997  -9997  -9997    0.0    0.0
C0G650 2009070301  -9997   26.3  -9997    0.0    0.0    0.0    0.0
C0G650 2009070302  -9997   26.5  -9997    1.6  190.0    0.0    0.0
C0G650 2009070303  -9997   26.8  -9997    1.6  180.0    0.0    0.0
C0G650 2009070304  -9997   26.0  -9997    1.5  190.0    0.0    0.0
C0G650 2009070305  -9997   26.2  -9997    1.8  190.0    0.0    0.0
C0G650 2009070306  -9997   26.4  -9997    1.0  170.0    0.0    0.0
C0G650 2009070307  -9997   26.4  -9997    0.0  -9997    0.0    0.0
C0G650 2009070308  -9997   27.8  -9997    0.4  180.0    0.0    0.0
C0G650 2009070309  -9997   29.1  -9997    1.0  190.0    0.0    0.0
C0G650 2009070310  -9997   29.3  -9997    0.5  230.0    0.0    0.0
C0G650 2009070311  -9997   29.7  -9997    2.0  240.0    0.0    0.0
C0G650 2009070312  -9997   25.8  -9997    0.0    0.0    2.5    0.0
C0G650 2009070313  -9997  -9997  -9997    0.0  -9997    1.0    0.0
C0G650 2009070314  -9997   27.4  -9997    0.7  180.0    0.0    0.0
C0G650 2009070315  -9997  -9997  -9997  -9997  -9997    0.0    0.0
C0G650 2009070316  -9997   27.8  -9997    0.8  210.0    0.0    0.0
C0G650 2009070317  -9997   27.9  -9997    0.8  190.0    0.0    0.0
C0G650 2009070318  -9997   27.7  -9997    0.0    0.0    0.0    0.0
C0G650 2009070319  -9997  -9997  -9997    0.0    0.0    0.0    0.0
C0G650 2009070320  -9997   25.5  -9997  -9997    0.0    0.5    0.0
C0G650 2009070321  -9997   26.1  -9997    1.4  180.0    0.0    0.0
C0G650 2009070322  -9997   26.8  -9997    0.1    0.0    0.0    0.0
C0G650 2009070323  -9997  -9997  -9997  -9997  -9997    0.0    0.0
C0G650 2009070324  -9997   25.7  -9997    0.0    0.0    0.0    0.0
C0G650 2009070401  -9997   25.1  -9997    0.0    0.0    0.0    0.0
C0G650 2009070402  -9997   25.2  -9997    0.0    0.0    0.0    0.0
C0G650 2009070403  -9997   25.2  -9997    0.0    0.0    0.0    0.0
C0G650 2009070404  -9997   25.2  -9997    0.0    0.0    0.0    0.0
C0G650 2009070405  -9997   24.9  -9997    0.0    0.0    0.0    0.0
C0G650 2009070406  -9997   25.6  -9997    0.0    0.0    0.0    0.1
C0G650 2009070407  -9997   26.8  -9997    0.0    0.0    0.0    0.0
C0G650 2009070408  -9997  -9997  -9997    1.3  190.0    0.0    0.2
C0G650 2009070409  -9997   30.6  -9997    2.0  190.0    0.0    0.9
C0G650 2009070410  -9997   31.8  -9997    1.5  210.0    0.0    0.3
C0G650 2009070411  -9997   31.8  -9997    1.0  190.0    0.0    0.2
C0G650 2009070412  -9997   32.1  -9997    1.7  230.0    0.0    0.2
C0G650 2009070413  -9997  -9997  -9997  -9997  220.0    0.0    0.7
C0G650 2009070414  -9997   34.1  -9997    1.7  250.0    0.0    0.6
C0G650 2009070415  -9997   34.1  -9997    1.9  250.0    0.0    0.1
C0G650 2009070416  -9997  -9997  -9997  -9997  -9997    0.0    0.0
C0G650 2009070417  -9997   32.3  -9997    0.9  260.0    0.0    0.0
C0G650 2009070418  -9997  -9997  -9997    0.9  -9997    0.0    0.0
C0G650 2009070419  -9997   29.7  -9997  -9997  -9997    0.0    0.0
C0G650 2009070420  -9997  -9997  -9997    0.8  250.0    0.0    0.0
C0G650 2009070421  -9997   27.9  -9997    0.0    0.0    0.0    0.0
C0G650 2009070422  -9997  -9997  -9997  -9997  -9997    0.0    0.0
C0G650 2009070423  -9997   26.9  -9997    0.0    0.0    0.0    0.0
C0G650 2009070424  -9997   26.6  -9997    0.0    0.0    0.0    0.0
C0G650 2009070501  -9997   26.3  -9997    0.0    0.0    0.0    0.0
C0G650 2009070502  -9997   26.1  -9997    0.0    0.0    0.0    0.0
C0G650 2009070503  -9997   25.4  -9997    0.0    0.0    0.0    0.0
C0G650 2009070504  -9997   25.3  -9997    0.0    0.0    0.0    0.0
C0G650 2009070505  -9997  -9997  -9997  -9997  -9997    0.0   -9.6
C0G650 2009070506  -9997  -9997  -9997    0.0    0.0    0.0   -9.6
C0G650 2009070507  -9997   28.2  -9997    0.0    0.0    0.0    0.1
C0G650 2009070508  -9997   29.0  -9997    0.1    0.0    0.0    0.0
C0G650 2009070509  -9997   29.3  -9997  -9997  200.0    0.0    0.0
C0G650 2009070510  -9997   30.0  -9997    0.4  230.0    0.0    0.0
C0G650 2009070511  -9997   33.0  -9997    1.4  -9997    0.0    0.0
C0G650 2009070512  -9997   33.2  -9997    1.3  170.0    0.0    0.5
C0G650 2009070513  -9997   32.9  -9997    0.2    0.0    0.0   -9.6
C0G650 2009070514  -9997   32.0  -9997    0.5   50.0    0.0    0.3
C0G650 2009070515  -9997   31.4  -9997    0.2    0.0    0.0    0.0
C0G650 2009070516  -9997   33.8  -9997    1.4  240.0    0.0    0.1
C0G650 2009070517  -9997  -9997  -9997  -9997  250.0    0.0    0.0
C0G650 2009070518  -9997  -9997  -9997  -9997  -9997    0.0    0.0
C0G650 2009070519  -9997   29.6  -9997    1.0  270.0    0.0    0.0
C0G650 2009070520  -9997   28.9  -9997    0.1    0.0    0.0    0.0
C0G650 2009070521  -9997   28.6  -9997    0.0    0.0    0.0    0.0
C0G650 2009070522  -9997   28.2  -9997  -9997    0.0    0.0    0.0
C0G650 2009070523  -9997   27.6  -9997    0.0    0.0    0.0    0.0
C0G650 2009070524  -9997   27.5  -9997    0.0    0.0    0.0    0.0
C0G650 2009070601  -9997   27.1  -9997    0.0    0.0    0.0    0.0
C0G650 2009070602  -9997   26.6  -9997    0.0  -9997    0.0    0.0
C0G650 2009070603  -9997   26.4  -9997  -9997    0.0    0.0    0.0
C0G650 2009070604  -9997   26.0  -9997    0.0    0.0    0.0    0.0
C0G650 2009070605  -9997   25.7  -9997    0.0    0.0    0.0    0.0
C0G650 2009070606  -9997  -9997  -9997  -9997  -9997    0.0    0.0
C0G650 2009070607  -9997   27.8  -9997    0.0    0.0    0.0    0.0
C0G650 2009070608  -9997   30.0  -9997    1.0  250.0    0.0    0.5
C0G650 2009070609  -9997   31.6  -9997    1.3  190.0    0.0    0.8
C0G650 2009070610  -9997   32.0  -9997    1.0  190.0    0.0    0.0
C0G650 2009070611  -9997   32.9  -9997    0.7  170.0    0.0    0.0
C0G650 2009070612  -9997  -9997  -9997  -9997  -9997    0.0   -9.6
C0G650 2009070613  -9997   34.3  -9997    0.8  260.0    0.0    0.8
C0G650 2009070614  -9997  -9997  -9997  -9997  -9997    0.0   -9.6
C0G650 2009070615  -9997   33.8  -9997    0.7  -9997    0.0   -9.6
C0G650 2009070616  -9997  -9997  -9997    0.5  260.0    0.0    1.2
C0G650 2009070617  -9997  -9997  -9997  -9997  -9997    0.0   -9.6
C0G650 2009070618  -9997  -9997  -9997  -9997  -9997    0.5   -9.6
C0G650 2009070619  -9997   28.1  -9997    0.0    0.0    0.0   -9.6
C0G650 2009070620  -9997   27.7  -9997    0.0    0.0    0.0    0.1
C0G650 2009070621  -9997  -9997  -9997    0.0  -9997    0.0    0.0
C0G650 2009070622  -9997  -9997  -9997  -9997  -9997    0.0    0.0
C0G650 2009070623  -9997   26.4  -9997    0.0  -9997    0.0    0.0
C0G650 2009070624  -9997  -9997  -9997    0.0    0.0    0.0    0.0
C0G650 2009070701  -9997  -9997  -9997  -9997  -9997    0.0    0.0
C0G650 2009070702  -9997  -9997  -9997  -9997  -9997    0.0    0.0
C0G650 2009070703  -9997  -9997  -9997  -9997  -9997    0.0    0.0
C0G650 2009070704  -9997   25.2  -9997    0.0    0.0    0.0    0.0
C0G650 2009070705  -9997  -9997  -9997  -9997  -9997    0.0    0.0
C0G650 2009070706  -9997   25.8  -9997    0.0    0.0    0.0    0.0
C0G650 2009070707  -9997  -9997  -9997    0.0    0.0    0.0   -9.6
C0G650 2009070708  -9997   28.9  -9997    0.3  180.0    0.0    0.6
C0G650 2009070709  -9997   30.9  -9997    0.1    0.0    0.0    1.0
C0G650 2009070710  -9997   32.9  -9997    1.1  200.0    0.0    1.0
C0G650 2009070711  -9997   32.8  -9997    0.4  290.0    0.0    0.7
C0G650 2009070712  -9997   34.5  -9997    0.7  230.0    0.0    0.6
C0G650 2009070713  -9997   31.9  -9997    1.1  270.0    0.0    0.1
C0G650 2009070714  -9997  -9997  -9997  -9997  -9997    0.0   -9.6
C0G650 2009070715  -9997  -9997  -9997  -9997  -9997    0.0   -9.6
C0G650 2009070716  -9997   32.3  -9997    0.2    0.0    0.0    0.6
C0G650 2009070717  -9997   30.7  -9997    0.4  290.0    0.0    0.0
C0G650 2009070718  -9997   30.2  -9997    0.0    0.0    0.0    0.0
C0G650 2009070719  -9997   29.4  -9997    0.0    0.0    0.0    0.0
C0G650 2009070720  -9997  -9997  -9997  -9997  -9997    0.0    0.0
C0G650 2009070721  -9997  -9997  -9997    0.0    0.0    0.0    0.0
C0G650 2009070722  -9997   27.6  -9997    0.0    0.0    0.0    0.0
C0G650 2009070723  -9997   27.2  -9997    0.0    0.0    0.0    0.0
C0G650 2009070724  -9997   27.0  -9997    0.0    0.0    0.0    0.0
C0G650 2009070801  -9997   26.7  -9997    0.0    0.0    0.0    0.0
C0G650 2009070802  -9997   26.8  -9997    0.0    0.0    0.0    0.0
C0G650 2009070803  -9997   27.0  -9997    0.0    0.0    0.0    0.0
C0G650 2009070804  -9997   27.1  -9997    0.0    0.0    0.0    0.0
C0G650 2009070805  -9997   27.2  -9997    0.0    0.0    0.0    0.0
C0G650 2009070806  -9997   27.1  -9997    0.0    0.0    0.0    0.0
C0G650 2009070807  -9997   29.0  -9997    0.0    0.0    0.0    0.0
C0G650 2009070808  -9997   29.5  -9997  -9997  210.0    0.0    0.5
C0G650 2009070809  -9997   31.5  -9997    0.3   70.0    0.0    0.9
C0G650 2009070810  -9997   31.8  -9997    0.2    0.0    0.0    0.3
C0G650 2009070811  -9997   33.1  -9997    0.6  240.0    0.0    0.2
C0G650 2009070812  -9997   33.1  -9997    0.2    0.0    0.0    0.8
C0G650 2009070813  -9997   35.1  -9997    0.8  260.0    0.0    0.5
C0G650 2009070814  -9997   34.5  -9997  -9997  -9997    0.0    0.4
C0G650 2009070815  -9997  -9997  -9997  -9997  -9997    0.0   -9.6
C0G650 2009070816  -9997   33.4  -9997    0.5  280.0    0.0    2.0
C0G650 2009070817  -9997   32.2  -9997    0.8  300.0    0.0   -9.6
C0G650 2009070818  -9997  -9997  -9997  -9997  -9997    0.0   -9.6
C0G650 2009070819  -9997   29.9  -9997    0.2    0.0    0.0    0.3
C0G650 2009070820  -9997   29.2  -9997    0.0    0.0    0.0    0.0
C0G650 2009070821  -9997   28.3  -9997    0.0    0.0    0.0    0.0
C0G650 2009070822  -9997   27.8  -9997  -9997    0.0    0.0    0.0
C0G650 2009070823  -9997   27.4  -9997    0.0    0.0    0.0    0.0
C0G650 2009070824  -9997  -9997  -9997  -9997  -9997    0.0    0.0
C0G650 2009070901  -9997  -9997  -9997  -9997  -9997    0.0    0.0
C0G650 2009070902  -9997   27.2  -9997    0.0    0.0    0.0    0.0
C0G650 2009070903  -9997   27.4  -9997    0.0    0.0    0.0    0.0
C0G650 2009070904  -9997   27.4  -9997    0.0    0.0    0.0    0.0
C0G650 2009070905  -9997  -9997  -9997  -9997  -9997    0.0    0.0
C0G650 2009070906  -9997   27.5  -9997    0.0    0.0    0.0    0.0
C0G650 2009070907  -9997   28.1  -9997    0.0    0.0    0.0    0.0
C0G650 2009070908  -9997  -9997  -9997  -9997    0.0    0.0    0.0
C0G650 2009070909  -9997  -9997  -9997  -9997  -9997    0.0    0.0
C0G650 2009070910  -9997   30.8  -9997    0.3  330.0    0.0    0.0
C0G650 2009070911  -9997   31.8  -9997    0.0    0.0    0.0    0.0
C0G650 2009070912  -9997   32.1  -9997    0.2    0.0    0.0    0.0
C0G650 2009070913  -9997   32.8  -9997  -9997  -9997    0.0   -9.6
C0G650 2009070914  -9997   35.0  -9997    0.1    0.0    0.0    0.9
C0G650 2009070915  -9997   34.3  -9997    0.6   30.0    0.0    1.0
C0G650 2009070916  -9997  -9997  -9997    0.2    0.0    0.0    1.0
C0G650 2009070917  -9997  -9997  -9997  -9997  -9997    0.0   -9.6
C0G650 2009070918  -9997  -9997  -9997  -9997  -9997    0.0   -9.6
C0G650 2009070919  -9997   31.2  -9997    0.0    0.0    0.0    0.2
C0G650 2009070920  -9997  -9997  -9997  -9997  -9997    0.0    0.0
C0G650 2009070921  -9997  -9997  -9997  -9997  -9997    0.0    0.0
C0G650 2009070922  -9997  -9997  -9997  -9997  -9997    0.0    0.0
C0G650 2009070923  -9997   27.7  -9997    0.2    0.0    0.0    0.0
C0G650 2009070924  -9997   27.3  -9997    0.0    0.0    0.0    0.0
C0G650 2009071001  -9997   27.1  -9997    0.0    0.0    0.0    0.0
C0G650 2009071002  -9997   26.7  -9997    0.0    0.0    0.0    0.0
C0G650 2009071003  -9997   26.8  -9997    0.0    0.0    0.0    0.0
C0G650 2009071004  -9997   26.7  -9997    0.3  190.0    0.0    0.0
C0G650 2009071005  -9997   26.8  -9997    0.0    0.0    0.0    0.0
C0G650 2009071006  -9997   27.2  -9997    0.0    0.0    0.0    0.0
C0G650 2009071007  -9997  -9997  -9997    0.0    0.0    0.0    0.0
C0G650 2009071008  -9997   29.1  -9997    0.0    0.0    0.0    0.1
C0G650 2009071009  -9997   30.1  -9997    0.0    0.0    0.0    0.4
C0G650 2009071010  -9997   32.7  -9997    1.4  170.0    0.0    0.8
C0G650 2009071011  -9997   33.7  -9997    0.8  250.0    0.0    0.9
C0G650 2009071012  -9997   33.2  -9997    0.2    0.0    0.0    0.4
C0G650 2009071013  -9997  -9997  -9997  -9997  -9997    0.0   -9.6
C0G650 2009071014  -9997  -9997  -9997  -9997  -9997    0.0   -9.6
C0G650 2009071015  -9997   33.8  -9997    0.1    0.0    0.0    0.7
C0G650 2009071016  -9997   34.4  -9997    0.6  -9997    0.0    0.1
C0G650 2009071017  -9997  -9997  -9997  -9997  -9997    0.0    0.0
C0G650 2009071018  -9997   32.4  -9997    0.5  230.0    0.0    0.0
C0G650 2009071019  -9997   31.5  -9997    0.0    0.0    0.0    0.0
C0G650 2009071020  -9997   30.8  -9997    0.0    0.0    0.0    0.0
C0G650 2009071021  -9997   29.6  -9997    0.0    0.0    0.0    0.0
C0G650 2009071022  -9997   29.1  -9997    0.0    0.0    0.0    0.0
C0G650 2009071023  -9997   28.6  -9997    0.0  -9997    0.0    0.0
C0G650 2009071024  -9997   28.7  -9997    0.3  200.0    0.0    0.0
C0G650 2009071101  -9997   28.3  -9997    0.0    0.0    0.0    0.0
C0G650 2009071102  -9997   28.1  -9997    0.0    0.0    0.0    0.0
C0G650 2009071103  -9997   27.8  -9997    0.0    0.0    0.0    0.0
C0G650 2009071104  -9997   27.5  -9997    0.0    0.0    0.0    0.0
C0G650 2009071105  -9997   27.1  -9997    0.0    0.0    0.0    0.0
C0G650 2009071106  -9997   27.2  -9997    0.0    0.0    0.0    0.0
C0G650 2009071107  -9997   29.3  -9997    0.0    0.0    0.0    0.0
C0G650 2009071108  -9997   30.7  -9997    1.1  220.0    0.0    0.5
C0G650 2009071109  -9997   31.6  -9997    0.1    0.0    0.0    0.7
C0G650 2009071110  -9997   32.0  -9997    0.2    0.0    0.0    0.2
C0G650 2009071111  -9997  -9997  -9997    0.4  320.0    0.0    0.2
C0G650 2009071112  -9997  -9997  -9997  -9997  -9997    0.0   -9.6
C0G650 2009071113  -9997  -9997  -9997    0.4   30.0    0.0    0.4
C0G650 2009071114  -9997   32.7  -9997    0.7  -9997    0.0   -9.6
C0G650 2009071115  -9997  -9997  -9997  -9997   40.0    0.0   -9.6
C0G650 2009071116  -9997  -9997  -9997  -9997  -9997    0.0   -9.6
C0G650 2009071117  -9997   32.4  -9997    0.4  350.0    0.0    0.1
C0G650 2009071118  -9997   32.0  -9997    0.1  -9997    0.0    0.0
C0G650 2009071119  -9997   31.0  -9997    0.0    0.0    0.0    0.0
C0G650 2009071120  -9997   29.9  -9997    0.0    0.0    0.0    0.0
C0G650 2009071121  -9997   30.0  -9997  -9997  -9997    0.0    0.0
C0G650 2009071122  -9997   29.0  -9997    0.0    0.0    0.0    0.0
C0G650 2009071123  -9997   28.5  -9997    0.1    0.0    0.0    0.0
C0G650 2009071124  -9997   28.6  -9997    0.1    0.0    0.0    0.0
C0G650 2009071201  -9997   28.6  -9997    0.0    0.0    0.0    0.0
C0G650 2009071202  -9997   28.4  -9997    0.0    0.0    0.0    0.0
C0G650 2009071203  -9997   28.2  -9997    0.0    0.0    0.0    0.0
C0G650 2009071204  -9997   28.1  -9997    0.0    0.0    0.0    0.0
C0G650 2009071205  -9997   28.1  -9997    0.0    0.0    0.0    0.0
C0G650 2009071206  -9997   28.2  -9997    0.0    0.0    0.0    0.0
C0G650 2009071207  -9997   29.0  -9997    0.9   70.0    0.0    0.0
C0G650 2009071208  -9997   29.9  -9997    1.7   60.0    0.0    0.5
C0G650 2009071209  -9997   30.3  -9997    1.3   30.0    0.0   -9.6
C0G650 2009071210  -9997   32.0  -9997    1.2   30.0    0.0    0.6
C0G650 2009071211  -9997   32.6  -9997    0.5  350.0    0.0   -9.6
C0G650 2009071212  -9997   32.7  -9997    0.3  250.0    0.0    0.3
C0G650 2009071213  -9997   33.3  -9997    0.6  300.0    0.0    0.2
C0G650 2009071214  -9997   33.3  -9997    0.5   10.0    0.0    0.2
C0G650 2009071215  -9997   32.2  -9997    1.1   20.0    0.0    0.2
C0G650 2009071216  -9997   32.5  -9997    0.9   20.0    0.0    0.1
C0G650 2009071217  -9997   32.5  -9997    0.4  190.0    0.0    0.0
C0G650 2009071218  -9997   31.3  -9997    0.3  -9997    0.0    0.0
C0G650 2009071219  -9997   30.0  -9997    0.5  270.0    0.0    0.0
C0G650 2009071220  -9997   29.3  -9997    0.1    0.0    0.0    0.0
C0G650 2009071221  -9997   29.0  -9997    0.2    0.0    0.0    0.0
C0G650 2009071222  -9997   28.8  -9997    0.2    0.0    0.0    0.0
C0G650 2009071223  -9997   28.6  -9997    0.8  190.0    0.0    0.0
C0G650 2009071224  -9997   28.3  -9997    0.4  190.0    0.0    0.0
C0G650 2009071301  -9997   28.1  -9997    0.2    0.0    0.0    0.0
C0G650 2009071302  -9997   28.2  -9997    0.2    0.0    0.0    0.0
C0G650 2009071303  -9997   28.2  -9997    0.0    0.0    0.0    0.0
C0G650 2009071304  -9997   27.8  -9997    0.0    0.0    0.0    0.0
C0G650 2009071305  -9997   27.3  -9997    0.0    0.0    0.0    0.0
C0G650 2009071306  -9997   27.5  -9997    0.0    0.0    0.0    0.0
C0G650 2009071307  -9997   28.1  -9997    0.0    0.0    0.0    0.0
C0G650 2009071308  -9997   29.9  -9997    0.4  200.0    0.0    0.1
C0G650 2009071309  -9997  -9997  -9997    0.0    0.0    0.0   -9.6
C0G650 2009071310  -9997   29.3  -9997    0.4  220.0    0.0    0.0
C0G650 2009071311  -9997   28.8  -9997    0.2    0.0    0.0    0.0
C0G650 2009071312  -9997   28.4  -9997    0.6  210.0    0.5    0.0
C0G650 2009071313  -9997  -9997  -9997    0.8  220.0    0.0    0.0
C0G650 2009071314  -9997   28.5  -9997    0.0    0.0    0.0    0.0
C0G650 2009071315  -9997   28.1  -9997    0.0    0.0    0.5    0.0
C0G650 2009071316  -9997   26.0  -9997    2.5  -9997    1.5    0.0
C0G650 2009071317  -9997   25.7  -9997    1.9  200.0    1.0    0.0
C0G650 2009071318  -9997  -9997  -9997  -9997  -9997    0.0    0.0
C0G650 2009071319  -9997   25.7  -9997    0.9  200.0    0.0    0.0
C0G650 2009071320  -9997   24.6  -9997    0.0    0.0    2.0    0.0
C0G650 2009071321  -9997  -9997  -9997  -9997  -9997    0.5    0.0
C0G650 2009071322  -9997  -9997  -9997  -9997  -9997    0.0    0.0
C0G650 2009071323  -9997  -9997  -9997    0.1  -9997    0.0    0.0
C0G650 2009071324  -9997   24.7  -9997    0.0    0.0    0.0    0.0
C0G650 2009071401  -9997   25.2  -9997    0.1    0.0    0.0    0.0
C0G650 2009071402  -9997  -9997  -9997  -9997  -9997    0.0    0.0
C0G650 2009071403  -9997   25.6  -9997    0.0    0.0    0.0    0.0
C0G650 2009071404  -9997   26.4  -9997    0.6  210.0    0.0    0.0
C0G650 2009071405  -9997   26.0  -9997    0.1    0.0    0.0    0.0
C0G650 2009071406  -9997   26.2  -9997    0.0    0.0    0.0    0.0
C0G650 2009071407  -9997   28.2  -9997    0.0    0.0    0.0    0.0
C0G650 2009071408  -9997   29.6  -9997    1.3  220.0    0.0   -9.6
C0G650 2009071409  -9997   30.5  -9997    3.8  230.0    0.0    1.4
C0G650 2009071410  -9997   32.0  -9997    2.8  220.0    0.0    0.9
C0G650 2009071411  -9997   33.2  -9997    2.4  240.0    0.0    0.9
C0G650 2009071412  -9997   32.6  -9997    1.9  240.0    0.0    0.4
C0G650 2009071413  -9997  -9997  -9997  -9997  240.0    0.0    0.2
C0G650 2009071414  -9997   30.6  -9997    1.5  260.0    0.0    0.0
C0G650 2009071415  -9997   27.4  -9997    0.0    0.0    1.0    0.0
C0G650 2009071416  -9997   27.2  -9997    0.0    0.0    2.0    0.0
C0G650 2009071417  -9997   26.2  -9997    0.4  180.0    5.0    0.0
C0G650 2009071418  -9997   25.6  -9997    0.1    0.0    2.0    0.0
C0G650 2009071419  -9997   25.4  -9997    0.0    0.0    1.0    0.0
C0G650 2009071420  -9997   26.0  -9997    0.0    0.0    0.0    0.0
C0G650 2009071421  -9997   26.1  -9997    0.0    0.0    0.0    0.0
C0G650 2009071422  -9997   26.3  -9997    0.0    0.0    0.0    0.0
C0G650 2009071423  -9997   26.7  -9997    0.0    0.0    0.0    0.0
C0G650 2009071424  -9997   26.2  -9997    0.0    0.0    0.0    0.0
C0G650 2009071501  -9997   26.0  -9997    0.0    0.0    0.0    0.0
C0G650 2009071502  -9997   26.0  -9997    0.0    0.0    0.0    0.0
C0G650 2009071503  -9997   25.9  -9997    0.0    0.0    0.0    0.0
C0G650 2009071504  -9997   25.9  -9997    0.0    0.0    0.0    0.0
C0G650 2009071505  -9997  -9997  -9997    0.0    0.0    0.0    0.0
C0G650 2009071506  -9997   26.1  -9997    0.0    0.0    0.0   -9.6
C0G650 2009071507  -9997   28.6  -9997    0.6   20.0    0.0    0.1
C0G650 2009071508  -9997   29.5  -9997    1.0   40.0    0.0   -9.6
C0G650 2009071509  -9997   31.0  -9997    1.5   20.0    0.0    1.3
C0G650 2009071510  -9997   31.1  -9997    0.8  350.0    0.0   -9.6
C0G650 2009071511  -9997   32.6  -9997    1.5   20.0    0.0    0.9
C0G650 2009071512  -9997   32.7  -9997    2.1   40.0    0.0    0.5
C0G650 2009071513  -9997   33.2  -9997    3.1   20.0    0.0    0.9
C0G650 2009071514  -9997   34.0  -9997    1.7   40.0    0.0    0.9
C0G650 2009071515  -9997   33.3  -9997    0.7   30.0    0.0    0.6
C0G650 2009071516  -9997   32.7  -9997    2.5   30.0    0.0    1.0
C0G650 2009071517  -9997   31.8  -9997    1.9   30.0    0.0    1.0
C0G650 2009071518  -9997   30.8  -9997    0.8   40.0    0.0    0.0
C0G650 2009071519  -9997   29.8  -9997    0.6   30.0    0.0    0.0
C0G650 2009071520  -9997   29.5  -9997    0.5   20.0    0.0    0.0
C0G650 2009071521  -9997   29.4  -9997    0.4  360.0    0.0    0.0
C0G650 2009071522  -9997   29.4  -9997    0.0    0.0    0.0    0.0
C0G650 2009071523  -9997   29.2  -9997    0.0    0.0    0.0    0.0
C0G650 2009071524  -9997   29.0  -9997    0.1    0.0    0.0    0.0
C0G650 2009071601  -9997   28.8  -9997    0.1    0.0    0.0    0.0
C0G650 2009071602  -9997   28.4  -9997    0.1    0.0    0.0    0.0
C0G650 2009071603  -9997   28.3  -9997    0.0    0.0    0.0    0.0
C0G650 2009071604  -9997   28.3  -9997    0.0    0.0    0.0    0.0
C0G650 2009071605  -9997   27.8  -9997    0.0    0.0    0.0    0.0
C0G650 2009071606  -9997   27.7  -9997    0.0    0.0    0.0    0.0
C0G650 2009071607  -9997   29.0  -9997  -9997   40.0    0.0    0.0
C0G650 2009071608  -9997   30.6  -9997    1.1   20.0    0.0    0.3
C0G650 2009071609  -9997   31.2  -9997    0.6   20.0    0.0    0.5
C0G650 2009071610  -9997   32.4  -9997    2.6   20.0    0.0    0.5
C0G650 2009071611  -9997   32.7  -9997    1.7  -9997    0.0    0.6
C0G650 2009071612  -9997   33.1  -9997    1.6   30.0    0.0    0.7
C0G650 2009071613  -9997   32.3  -9997    2.2   30.0    0.0    0.8
C0G650 2009071614  -9997   32.8  -9997    2.1   20.0    0.0    0.8
C0G650 2009071615  -9997  -9997  -9997    1.8   30.0    0.0    1.0
C0G650 2009071616  -9997   32.7  -9997    0.6   20.0    0.0    0.9
C0G650 2009071617  -9997   31.8  -9997    1.2   40.0    0.0    1.0
C0G650 2009071618  -9997   30.8  -9997    0.6   40.0    0.0    0.1
C0G650 2009071619  -9997   30.1  -9997    0.9   30.0    0.0    0.0
C0G650 2009071620  -9997   29.5  -9997    0.0    0.0    0.0    0.0
C0G650 2009071621  -9997   28.4  -9997    0.0    0.0    0.0    0.0
C0G650 2009071622  -9997   27.8  -9997    0.0    0.0    0.0    0.0
C0G650 2009071623  -9997   27.6  -9997    0.0    0.0    0.0    0.0
C0G650 2009071624  -9997   27.6  -9997    0.5  190.0    0.0    0.0
C0G650 2009071701  -9997   27.7  -9997    0.0    0.0    0.0    0.0
C0G650 2009071702  -9997   27.8  -9997    0.0    0.0    0.0    0.0
C0G650 2009071703  -9997   27.9  -9997    0.0    0.0    0.0    0.0
C0G650 2009071704  -9997   27.7  -9997    0.0    0.0    0.0    0.0
C0G650 2009071705  -9997   27.6  -9997    0.0    0.0    0.0    0.0
C0G650 2009071706  -9997   27.4  -9997    0.0    0.0    0.0    0.0
C0G650 2009071707  -9997  -9997  -9997  -9997  -9997    0.0   -9.6
C0G650 2009071708  -9997   29.8  -9997    0.0    0.0    0.0    0.2
C0G650 2009071709  -9997   31.2  -9997  -9997  -9997    0.0   -9.6
C0G650 2009071710  -9997   32.6  -9997    0.1    0.0    0.0    1.6
C0G650 2009071711  -9997   32.4  -9997    0.1    0.0    0.0    0.1
C0G650 2009071712  -9997   33.6  -9997    0.3  280.0    0.0    0.2
C0G650 2009071713  -9997   33.6  -9997    1.3  330.0    0.0    0.5
C0G650 2009071714  -9997   34.8  -9997    0.3  290.0    0.0    0.6
C0G650 2009071715  -9997   34.8  -9997    0.2    0.0    0.0    0.6
C0G650 2009071716  -9997   33.5  -9997    0.7   10.0    0.0    0.9
C0G650 2009071717  -9997   33.4  -9997    0.0    0.0    0.0    0.0
C0G650 2009071718  -9997   31.9  -9997    0.8  280.0    0.0    0.0
C0G650 2009071719  -9997   31.0  -9997    0.0    0.0    0.0    0.0
C0G650 2009071720  -9997   30.2  -9997    0.0    0.0    0.0    0.0
C0G650 2009071721  -9997   29.5  -9997    0.2    0.0    0.0    0.0
C0G650 2009071722  -9997   28.9  -9997    0.5   60.0    0.0    0.0
C0G650 2009071723  -9997   28.8  -9997    0.1    0.0    0.0    0.0
C0G650 2009071724  -9997   28.7  -9997    0.4  230.0    0.0    0.0
C0G650 2009071801  -9997   28.5  -9997    0.0    0.0    0.0    0.0
C0G650 2009071802  -9997   28.7  -9997    0.9  190.0    0.0    0.0
C0G650 2009071803  -9997   28.7  -9997    0.0    0.0    0.0    0.0
C0G650 2009071804  -9997   28.7  -9997    0.5  210.0    0.0    0.0
C0G650 2009071805  -9997   28.5  -9997    0.0    0.0    0.0    0.0
C0G650 2009071806  -9997   28.3  -9997    0.0    0.0    0.0    0.0
C0G650 2009071807  -9997   29.8  -9997    0.1    0.0    0.0    0.0
C0G650 2009071808  -9997   30.2  -9997    0.6  270.0    0.0    0.0
C0G650 2009071809  -9997   30.4  -9997    0.3  260.0    0.0    0.1
C0G650 2009071810  -9997   31.4  -9997    0.2    0.0    0.0    0.0
C0G650 2009071811  -9997   33.3  -9997    0.7  260.0    0.0    0.2
C0G650 2009071812  -9997   32.2  -9997    0.8  280.0    0.0    0.1
C0G650 2009071813  -9997   31.6  -9997    0.2    0.0    0.0    0.1
C0G650 2009071814  -9997   31.1  -9997    0.7  360.0    0.0    0.0
C0G650 2009071815  -9997   30.4  -9997    0.2    0.0    0.0    0.0
C0G650 2009071816  -9997   27.8  -9997    0.1    0.0    0.0    0.0
C0G650 2009071817  -9997   27.6  -9997    1.0   30.0    2.0    0.0
C0G650 2009071818  -9997   28.6  -9997    0.0    0.0    0.0    0.0
C0G650 2009071819  -9997  -9997  -9997    0.0    0.0    0.0    0.0
C0G650 2009071820  -9997   28.6  -9997    0.0    0.0    0.0    0.0
C0G650 2009071821  -9997   28.9  -9997    0.0    0.0    0.0    0.0
C0G650 2009071822  -9997   28.4  -9997    0.0    0.0    0.0    0.0
C0G650 2009071823  -9997   28.0  -9997    0.0    0.0    0.0    0.0
C0G650 2009071824  -9997   27.9  -9997    0.0    0.0    0.0    0.0
C0G650 2009071901  -9997   27.7  -9997    0.0    0.0    0.0    0.0
C0G650 2009071902  -9997   27.5  -9997    0.0    0.0    0.0    0.0
C0G650 2009071903  -9997   27.5  -9997    0.0    0.0    0.0    0.0
C0G650 2009071904  -9997   27.3  -9997    0.0    0.0    0.0    0.0
C0G650 2009071905  -9997   26.9  -9997    0.0    0.0    0.0    0.0
C0G650 2009071906  -9997   27.1  -9997    0.0    0.0    0.0    0.0
C0G650 2009071907  -9997   28.1  -9997    0.0    0.0    0.0    0.0
C0G650 2009071908  -9997   30.0  -9997    0.2    0.0    0.0    0.1
C0G650 2009071909  -9997   31.6  -9997    0.0    0.0    0.0    1.0
C0G650 2009071910  -9997   32.8  -9997    0.5   80.0    0.0    1.0
C0G650 2009071911  -9997   33.8  -9997    0.4  250.0    0.0    0.7
C0G650 2009071912  -9997   33.6  -9997    0.3  330.0    0.0    0.3
C0G650 2009071913  -9997   33.4  -9997    0.8  270.0    0.0    0.4
C0G650 2009071914  -9997   30.0  -9997    0.5   20.0    0.0    0.0
C0G650 2009071915  -9997   30.3  -9997    1.0   30.0    0.0    0.0
C0G650 2009071916  -9997   28.7  -9997    1.8  -9997    0.0    0.0
C0G650 2009071917  -9997   28.3  -9997    0.0    0.0    0.5    0.0
C0G650 2009071918  -9997   26.9  -9997    0.0    0.0   11.5    0.0
C0G650 2009071919  -9997   26.8  -9997    0.0    0.0    0.0    0.0
C0G650 2009071920  -9997   26.8  -9997    0.0    0.0    0.0    0.0
C0G650 2009071921  -9997   26.5  -9997    0.0    0.0    0.0    0.0
C0G650 2009071922  -9997  -9997  -9997    0.0    0.0    0.0    0.0
C0G650 2009071923  -9997   26.6  -9997    0.0    0.0    0.0    0.0
C0G650 2009071924  -9997   26.6  -9997    0.0    0.0    0.0    0.0
C0G650 2009072001  -9997   27.1  -9997    0.0    0.0    0.0    0.0
C0G650 2009072002  -9997   27.0  -9997    0.0    0.0    0.0    0.0
C0G650 2009072003  -9997   26.8  -9997    0.0    0.0    0.0    0.0
C0G650 2009072004  -9997   27.1  -9997    0.0    0.0    0.0    0.0
C0G650 2009072005  -9997   26.8  -9997    0.0    0.0    0.0    0.0
C0G650 2009072006  -9997   27.2  -9997    0.0    0.0    0.0    0.0
C0G650 2009072007  -9997   27.9  -9997    0.0    0.0    0.0    0.0
C0G650 2009072008  -9997   29.2  -9997    0.4   40.0    0.0    0.0
C0G650 2009072009  -9997  -9997  -9997  -9997  -9997    0.0   -9.6
C0G650 2009072010  -9997  -9997  -9997    0.0    0.0    0.0    1.1
C0G650 2009072011  -9997   31.3  -9997    0.5   60.0    0.0   -9.6
C0G650 2009072012  -9997   31.9  -9997    0.7   40.0    0.0   -9.6
C0G650 2009072013  -9997   33.3  -9997    0.1    0.0    0.0    1.3
C0G650 2009072014  -9997   32.6  -9997    0.4  180.0    0.0    0.1
C0G650 2009072015  -9997   32.8  -9997    0.4  280.0    0.0    0.2
C0G650 2009072016  -9997   33.1  -9997    0.2    0.0    0.0    0.2
C0G650 2009072017  -9997   29.7  -9997    0.9  250.0    3.0    0.0
C0G650 2009072018  -9997  -9997  -9997    0.0    0.0    4.5    0.0
C0G650 2009072019  -9997   27.4  -9997    0.0    0.0   11.5    0.0
C0G650 2009072020  -9997   27.2  -9997    0.6  190.0    0.5    0.0
C0G650 2009072021  -9997   27.0  -9997    0.0    0.0    0.0    0.0
C0G650 2009072022  -9997   27.3  -9997    0.0    0.0    0.0    0.0
C0G650 2009072023  -9997  -9997  -9997    0.3  190.0    0.0    0.0
C0G650 2009072024  -9997   27.3  -9997    0.0    0.0    0.0    0.0
C0G650 2009072101  -9997  -9997  -9997    0.0    0.0    0.0    0.0
C0G650 2009072102  -9997   26.9  -9997    0.0    0.0    0.0    0.0
C0G650 2009072103  -9997  -9997  -9997  -9997  -9997    0.0    0.0
C0G650 2009072104  -9997   27.2  -9997    0.2    0.0    0.0    0.0
C0G650 2009072105  -9997   27.1  -9997    0.1    0.0    0.0    0.0
C0G650 2009072106  -9997   26.8  -9997    0.0    0.0    0.0    0.0
C0G650 2009072107  -9997   28.2  -9997  -9997  -9997    0.0    0.0
C0G650 2009072108  -9997  -9997  -9997  -9997  -9997    0.0   -9.6
C0G650 2009072109  -9997   30.5  -9997    0.0    0.0    0.0    0.5
C0G650 2009072110  -9997   32.9  -9997    1.2  180.0    0.0    0.9
C0G650 2009072111  -9997   33.3  -9997    0.1    0.0    0.0    0.8
C0G650 2009072112  -9997   34.2  -9997    0.1    0.0    0.0    1.0
C0G650 2009072113  -9997   34.8  -9997    1.3  -9997    0.0    0.7
C0G650 2009072114  -9997   34.3  -9997    0.4  320.0    0.0    0.7
C0G650 2009072115  -9997   33.9  -9997    0.7  260.0    0.0    0.4
C0G650 2009072116  -9997   33.4  -9997    0.9  270.0    0.0   -9.6
C0G650 2009072117  -9997   32.3  -9997    0.5  250.0    0.0    0.1
C0G650 2009072118  -9997   30.8  -9997    0.8  260.0    0.0    0.0
C0G650 2009072119  -9997   29.7  -9997    0.4  260.0    0.0    0.0
C0G650 2009072120  -9997  -9997  -9997  -9997  -9997    0.0    0.0
C0G650 2009072121  -9997   28.9  -9997    0.4  250.0    0.0    0.0
C0G650 2009072122  -9997   28.8  -9997    0.1    0.0    0.0    0.0
C0G650 2009072123  -9997   28.5  -9997    0.6  220.0    0.0    0.0
C0G650 2009072124  -9997   28.5  -9997    0.3  220.0    0.0    0.0
C0G650 2009072201  -9997   28.5  -9997    0.1    0.0    0.0    0.0
C0G650 2009072202  -9997   28.2  -9997    0.7  220.0    0.0    0.0
C0G650 2009072203  -9997   28.2  -9997    0.7  220.0    0.0    0.0
C0G650 2009072204  -9997   27.8  -9997    0.6  230.0    0.0    0.0
C0G650 2009072205  -9997   27.6  -9997    0.0    0.0    0.0    0.0
C0G650 2009072206  -9997   27.5  -9997    0.0    0.0    0.0    0.0
C0G650 2009072207  -9997   28.4  -9997    0.1    0.0    0.0    0.0
C0G650 2009072208  -9997  -9997  -9997  -9997  -9997    0.0   -9.6
C0G650 2009072209  -9997  -9997  -9997    1.1  230.0    0.0    0.8
C0G650 2009072210  -9997   29.9  -9997    0.8  -9997    0.0    0.3
C0G650 2009072211  -9997   32.0  -9997    0.7  -9997    0.0    0.9
C0G650 2009072212  -9997   32.8  -9997    1.7  200.0    0.0    0.7
C0G650 2009072213  -9997   33.1  -9997    1.6  260.0    0.0    0.5
C0G650 2009072214  -9997   33.3  -9997    1.9  240.0    0.0    0.7
C0G650 2009072215  -9997   33.5  -9997    2.1  260.0    0.0    1.0
C0G650 2009072216  -9997   33.3  -9997    1.3  230.0    0.0    1.0
C0G650 2009072217  -9997   32.5  -9997    0.9  230.0    0.0    0.9
C0G650 2009072218  -9997   31.2  -9997    1.5  260.0    0.0    0.0
C0G650 2009072219  -9997   30.2  -9997    1.1  260.0    0.0    0.0
C0G650 2009072220  -9997   29.5  -9997    0.3  260.0    0.0    0.0
C0G650 2009072221  -9997   29.0  -9997    0.8  240.0    0.0    0.0
C0G650 2009072222  -9997   28.5  -9997    1.4  -9997    0.0    0.0
C0G650 2009072223  -9997   28.1  -9997    0.5  240.0    0.0    0.0
C0G650 2009072224  -9997   28.1  -9997    0.3  200.0    0.0    0.0
C0G650 2009072301  -9997   27.8  -9997    0.9  190.0    0.0    0.0
C0G650 2009072302  -9997   27.3  -9997    0.0    0.0    0.0    0.0
C0G650 2009072303  -9997   27.0  -9997    0.2    0.0    0.0    0.0
C0G650 2009072304  -9997   27.0  -9997    0.2    0.0    0.0    0.0
C0G650 2009072305  -9997   26.6  -9997    0.0    0.0    0.0    0.0
C0G650 2009072306  -9997   26.7  -9997    0.0    0.0    0.0    0.0
C0G650 2009072307  -9997   28.2  -9997    1.3  180.0    0.0    0.0
C0G650 2009072308  -9997   29.2  -9997    1.4  210.0    0.0    0.1
C0G650 2009072309  -9997   31.1  -9997  -9997  190.0    0.0    0.8
C0G650 2009072310  -9997   32.6  -9997  -9997  -9997    0.0   -9.6
C0G650 2009072311  -9997   32.4  -9997    2.0  210.0    0.0    1.3
C0G650 2009072312  -9997   33.6  -9997  -9997  -9997    0.0   -9.6
C0G650 2009072313  -9997   34.0  -9997    2.5  260.0    0.0    1.3
C0G650 2009072314  -9997   31.9  -9997    2.9  250.0    0.0    0.2
C0G650 2009072315  -9997   32.1  -9997    2.1  250.0    0.0    0.2
C0G650 2009072316  -9997  -9997  -9997    1.2  250.0    0.0    0.0
C0G650 2009072317  -9997   31.5  -9997    0.7  -9997    0.0    0.5
C0G650 2009072318  -9997   30.9  -9997    1.0  260.0    0.0    0.4
C0G650 2009072319  -9997   29.9  -9997  -9997  220.0    0.0    0.0
C0G650 2009072320  -9997   29.6  -9997    0.7  210.0    0.0    0.0
C0G650 2009072321  -9997   28.8  -9997  -9997    0.0    0.0    0.0
C0G650 2009072322  -9997   28.2  -9997    0.0    0.0    0.0    0.0
C0G650 2009072323  -9997  -9997  -9997  -9997  -9997    0.0    0.0
C0G650 2009072324  -9997   27.4  -9997    0.3  180.0    0.0    0.0
C0G650 2009072401  -9997  -9997  -9997  -9997  -9997    0.0    0.0
C0G650 2009072402  -9997   27.1  -9997    0.7  190.0    0.0    0.0
C0G650 2009072403  -9997   26.8  -9997    0.9  180.0    0.0    0.0
C0G650 2009072404  -9997   26.6  -9997    0.0    0.0    0.0    0.0
C0G650 2009072405  -9997   26.6  -9997    0.2    0.0    0.0    0.0
C0G650 2009072406  -9997   26.9  -9997    0.5  180.0    0.0    0.0
C0G650 2009072407  -9997   28.0  -9997    1.4  190.0    0.0    0.0
C0G650 2009072408  -9997   29.3  -9997    2.1  210.0    0.0    0.1
C0G650 2009072409  -9997   30.5  -9997    2.2  210.0    0.0    0.6
C0G650 2009072410  -9997  -9997  -9997  -9997  -9997    0.0   -9.6
C0G650 2009072411  -9997   32.0  -9997    2.5  240.0    0.0    1.3
C0G650 2009072412  -9997   32.8  -9997    1.5  250.0    0.0    0.5
C0G650 2009072413  -9997   27.1  -9997    1.6  260.0    6.5   -9.6
C0G650 2009072414  -9997   29.2  -9997    1.5  210.0    0.0    0.1
C0G650 2009072415  -9997   29.6  -9997    2.5  200.0    0.0    0.3
C0G650 2009072416  -9997   29.4  -9997    1.6  210.0    0.0    0.1
C0G650 2009072417  -9997   29.2  -9997    1.0  180.0    0.0    0.0
C0G650 2009072418  -9997   29.4  -9997    0.9  190.0    0.0    0.0
C0G650 2009072419  -9997  -9997  -9997  -9997  -9997    0.0    0.0
C0G650 2009072420  -9997  -9997  -9997  -9997    0.0    0.0    0.0
C0G650 2009072421  -9997   27.5  -9997    0.0    0.0    0.0    0.0
C0G650 2009072422  -9997  -9997  -9997  -9997  -9997    0.0    0.0
C0G650 2009072423  -9997   27.3  -9997  -9997  -9997    0.0    0.0
C0G650 2009072424  -9997  -9997  -9997  -9997  -9997    0.0    0.0
C0G650 2009072501  -9997   27.3  -9997    0.9  200.0    0.0    0.0
C0G650 2009072502  -9997   26.8  -9997    0.7  190.0    0.0    0.0
C0G650 2009072503  -9997   26.3  -9997    0.2    0.0    0.0    0.0
C0G650 2009072504  -9997   26.1  -9997    0.0    0.0    0.0    0.0
C0G650 2009072505  -9997   25.8  -9997    0.0    0.0    0.0    0.0
C0G650 2009072506  -9997   26.1  -9997    0.0    0.0    0.0    0.0
C0G650 2009072507  -9997   28.8  -9997    0.0    0.0    0.0    0.0
C0G650 2009072508  -9997   29.5  -9997    1.7  220.0    0.0    0.1
C0G650 2009072509  -9997   30.9  -9997    1.8  230.0    0.0    1.0
C0G650 2009072510  -9997   32.1  -9997    2.1  210.0    0.0    0.7
C0G650 2009072511  -9997  -9997  -9997    2.1  220.0    0.0    0.7
C0G650 2009072512  -9997   32.2  -9997    2.8  260.0    0.0    0.8
C0G650 2009072513  -9997   30.3  -9997    2.4  260.0    0.0    0.2
C0G650 2009072514  -9997   29.5  -9997    1.5  250.0    0.0    0.3
C0G650 2009072515  -9997   27.5  -9997    1.6  220.0    1.5    0.0
C0G650 2009072516  -9997   28.1  -9997    2.4  210.0    0.0    0.1
C0G650 2009072517  -9997   28.2  -9997    2.7  220.0    0.0    0.1
C0G650 2009072518  -9997   27.4  -9997    2.3  210.0    0.0   -9.6
C0G650 2009072519  -9997   27.1  -9997    0.1    0.0    0.0    0.1
C0G650 2009072520  -9997   27.4  -9997    0.3  190.0    0.0    0.0
C0G650 2009072521  -9997   27.5  -9997    0.1    0.0    0.0    0.0
C0G650 2009072522  -9997   27.1  -9997    0.0    0.0    0.0    0.0
C0G650 2009072523  -9997   27.2  -9997    0.1    0.0    0.0    0.0
C0G650 2009072524  -9997   26.9  -9997    0.0  -9997    0.0    0.0
C0G650 2009072601  -9997   26.2  -9997    0.0    0.0    0.0    0.0
C0G650 2009072602  -9997   25.9  -9997    0.0    0.0    0.0    0.0
C0G650 2009072603  -9997   25.8  -9997    0.0    0.0    0.0    0.0
C0G650 2009072604  -9997   26.4  -9997    0.0    0.0    0.0    0.0
C0G650 2009072605  -9997   25.7  -9997    0.0    0.0    0.0    0.0
C0G650 2009072606  -9997   25.8  -9997    0.8  190.0    0.0    0.0
C0G650 2009072607  -9997  -9997  -9997  -9997  -9997    0.0    0.0
C0G650 2009072608  -9997  -9997  -9997  -9997  -9997    0.0   -9.6
C0G650 2009072609  -9997   31.0  -9997    1.5  210.0    0.0    0.7
C0G650 2009072610  -9997  -9997  -9997  -9997  240.0    0.0   -9.6
C0G650 2009072611  -9997   32.6  -9997    1.2  230.0    0.0    1.2
C0G650 2009072612  -9997   31.5  -9997    1.9  240.0    0.0    0.0
C0G650 2009072613  -9997   31.8  -9997    0.7  270.0    0.0    0.0
C0G650 2009072614  -9997   32.5  -9997    1.4  240.0    0.0    0.3
C0G650 2009072615  -9997   33.1  -9997    1.7  270.0    0.0    0.8
C0G650 2009072616  -9997   32.4  -9997  -9997  250.0    0.0   -9.6
C0G650 2009072617  -9997   30.5  -9997    0.6  160.0    0.0    0.5
C0G650 2009072618  -9997   30.0  -9997    1.1  200.0    0.0    0.0
C0G650 2009072619  -9997   28.8  -9997    0.0    0.0    0.0    0.0
C0G650 2009072620  -9997  -9997  -9997    2.2  180.0    0.0    0.0
C0G650 2009072621  -9997   27.4  -9997    0.5  180.0    0.0    0.0
C0G650 2009072622  -9997   27.5  -9997    0.0    0.0    0.0    0.0
C0G650 2009072623  -9997   27.7  -9997    0.0    0.0    0.0    0.0
C0G650 2009072624  -9997   27.5  -9997    0.0    0.0    0.0    0.0
C0G650 2009072701  -9997   27.1  -9997    0.0    0.0    0.0    0.0
C0G650 2009072702  -9997   26.8  -9997    0.0    0.0    0.0    0.0
C0G650 2009072703  -9997   26.4  -9997    0.0    0.0    0.0    0.0
C0G650 2009072704  -9997   26.1  -9997    0.0    0.0    0.0    0.0
C0G650 2009072705  -9997   25.8  -9997    0.0    0.0    0.0    0.0
C0G650 2009072706  -9997   25.8  -9997    0.0    0.0    0.0    0.0
C0G650 2009072707  -9997   29.3  -9997    0.0    0.0    0.0    0.1
C0G650 2009072708  -9997   29.4  -9997    0.2    0.0    0.0    0.1
C0G650 2009072709  -9997   30.2  -9997    0.7  250.0    0.0    0.2
C0G650 2009072710  -9997   30.9  -9997    1.4  210.0    0.0    0.6
C0G650 2009072711  -9997   32.2  -9997    1.4  220.0    0.0    0.7
C0G650 2009072712  -9997  -9997  -9997  -9997  -9997    0.0   -9.6
C0G650 2009072713  -9997   33.9  -9997    1.8  250.0    0.0   -9.6
C0G650 2009072714  -9997   33.9  -9997    1.9  270.0    0.0    2.1
C0G650 2009072715  -9997   33.6  -9997    1.2  220.0    0.0    0.3
C0G650 2009072716  -9997   33.3  -9997    1.4  260.0    0.0    0.4
C0G650 2009072717  -9997   32.7  -9997    0.6  270.0    0.0    0.4
C0G650 2009072718  -9997   31.3  -9997    0.8  270.0    0.0    0.0
C0G650 2009072719  -9997   30.1  -9997    0.6  280.0    0.0    0.0
C0G650 2009072720  -9997  -9997  -9997  -9997  -9997    0.0    0.0
C0G650 2009072721  -9997   29.1  -9997    0.0    0.0    0.0    0.0
C0G650 2009072722  -9997   29.1  -9997  -9997  200.0    0.0    0.0
C0G650 2009072723  -9997   28.8  -9997    0.5  220.0    0.0    0.0
C0G650 2009072724  -9997   28.7  -9997    0.6  190.0    0.0    0.0
C0G650 2009072801  -9997   28.4  -9997    0.7  230.0    0.0    0.0
C0G650 2009072802  -9997   28.2  -9997    1.4  200.0    0.0    0.0
C0G650 2009072803  -9997   28.1  -9997    0.4  210.0    0.0    0.0
C0G650 2009072804  -9997   27.6  -9997    0.0    0.0    0.0    0.0
C0G650 2009072805  -9997   26.9  -9997    0.0    0.0    0.0    0.0
C0G650 2009072806  -9997   27.2  -9997    0.0    0.0    0.0    0.0
C0G650 2009072807  -9997  -9997  -9997  -9997  -9997    0.0    0.0
C0G650 2009072808  -9997   29.5  -9997    2.0  -9997    0.0    0.0
C0G650 2009072809  -9997   31.2  -9997    2.3  180.0    0.0    0.9
C0G650 2009072810  -9997   32.9  -9997    2.1  210.0    0.0    1.0
C0G650 2009072811  -9997   33.8  -9997    1.9  230.0    0.0  -9997
C0G650 2009072812  -9997  -9997  -9997  -9997  -9997    0.0    1.0
C0G650 2009072813  -9997   32.8  -9997    1.9  260.0    0.0    1.0
C0G650 2009072814  -9997   33.1  -9997  -9997  260.0    0.0    0.7
C0G650 2009072815  -9997   33.1  -9997    0.9  290.0    0.0    0.6
C0G650 2009072816  -9997   33.7  -9997    0.9  270.0    0.0    0.2
C0G650 2009072817  -9997   32.3  -9997    0.8  260.0    0.0    0.0
C0G650 2009072818  -9997   32.0  -9997    0.1    0.0    0.0    0.0
C0G650 2009072819  -9997   31.0  -9997    0.2    0.0    0.0    0.0
C0G650 2009072820  -9997   30.0  -9997    0.0    0.0    0.0    0.0
C0G650 2009072821  -9997   29.7  -9997    0.0    0.0    0.0    0.0
C0G650 2009072822  -9997  -9997  -9997    0.0  -9997    0.0    0.0
C0G650 2009072823  -9997   28.5  -9997    0.0    0.0    0.0    0.0
C0G650 2009072824  -9997  -9997  -9997  -9997    0.0    0.0    0.0
C0G650 2009072901  -9997   27.8  -9997    0.0    0.0    0.0    0.0
C0G650 2009072902  -9997   27.4  -9997    0.0    0.0    0.0    0.0
C0G650 2009072903  -9997   27.2  -9997    0.0    0.0    0.0    0.0
C0G650 2009072904  -9997   27.1  -9997    0.0    0.0    0.0    0.0
C0G650 2009072905  -9997   26.9  -9997    0.0    0.0    0.0    0.0
C0G650 2009072906  -9997  -9997  -9997  -9997  -9997    0.0    0.0
C0G650 2009072907  -9997   28.4  -9997    0.0    0.0    0.0    0.0
C0G650 2009072908  -9997   30.0  -9997    0.5  200.0    0.0    0.0
C0G650 2009072909  -9997   31.6  -9997    0.2    0.0    0.0    1.0
C0G650 2009072910  -9997   31.8  -9997    0.2    0.0    0.0    0.5
C0G650 2009072911  -9997   33.8  -9997    0.6  240.0    0.0    0.5
C0G650 2009072912  -9997  -9997  -9997  -9997  -9997    0.0   -9.6
C0G650 2009072913  -9997  -9997  -9997    0.1    0.0    0.0    0.6
C0G650 2009072914  -9997   33.5  -9997    0.7  270.0    0.0    0.3
C0G650 2009072915  -9997   33.7  -9997    1.1  300.0    0.0   -9.6
C0G650 2009072916  -9997  -9997  -9997    0.7  -9997    0.0   -9.6
C0G650 2009072917  -9997  -9997  -9997  -9997  -9997    0.0   -9.6
C0G650 2009072918  -9997  -9997  -9997    0.3  330.0    0.0   -9.6
C0G650 2009072919  -9997  -9997  -9997  -9997  -9997    0.0   -9.6
C0G650 2009072920  -9997  -9997  -9997  -9997    0.0    0.0   -9.6
C0G650 2009072921  -9997  -9997  -9997  -9997  -9997    0.0    1.8
C0G650 2009072922  -9997  -9997  -9997    0.0  -9997    0.0    0.0
C0G650 2009072923  -9997  -9997  -9997  -9997  -9997    0.0    0.0
C0G650 2009072924  -9997  -9997  -9997    0.1    0.0    0.0    0.0
C0G650 2009073001  -9997   28.1  -9997    0.0    0.0    0.0    0.0
C0G650 2009073002  -9997   28.5  -9997    0.0    0.0    0.0    0.0
C0G650 2009073003  -9997  -9997  -9997  -9997  -9997    0.0    0.0
C0G650 2009073004  -9997   28.5  -9997    0.0    0.0    0.0    0.0
C0G650 2009073005  -9997   28.4  -9997    0.0    0.0    0.0    0.0
C0G650 2009073006  -9997   28.3  -9997    0.0    0.0    0.0    0.0
C0G650 2009073007  -9997   29.4  -9997    0.2    0.0    0.0    0.0
C0G650 2009073008  -9997   30.5  -9997    1.1   40.0    0.0    0.1
C0G650 2009073009  -9997   30.8  -9997    0.8   30.0    0.0    0.3
C0G650 2009073010  -9997  -9997  -9997  -9997  -9997    0.0    0.0
C0G650 2009073011  -9997   31.9  -9997    0.2    0.0    0.0    0.0
C0G650 2009073012  -9997   32.5  -9997    0.1    0.0    0.0    0.0
C0G650 2009073013  -9997   32.9  -9997  -9997   10.0    0.0    0.2
C0G650 2009073014  -9997  -9997  -9997  -9997  -9997    0.0   -9.6
C0G650 2009073015  -9997   33.0  -9997    0.4   30.0    0.0    0.5
C0G650 2009073016  -9997   32.7  -9997    0.3   50.0    0.0    0.6
C0G650 2009073017  -9997   31.8  -9997  -9997  -9997    0.0   -9.6
C0G650 2009073018  -9997  -9997  -9997  -9997  -9997    0.0   -9.6
C0G650 2009073019  -9997  -9997  -9997    0.5   30.0    0.0    1.1
C0G650 2009073020  -9997   29.8  -9997    0.1    0.0    0.0    0.0
C0G650 2009073021  -9997   28.8  -9997    0.0    0.0    0.0    0.0
C0G650 2009073022  -9997   28.3  -9997  -9997    0.0    0.0    0.0
C0G650 2009073023  -9997   27.6  -9997    0.3  180.0    0.0    0.0
C0G650 2009073024  -9997   27.5  -9997    0.0    0.0    0.0    0.0
C0G650 2009073101  -9997   26.9  -9997    0.0    0.0    0.0    0.0
C0G650 2009073102  -9997   26.5  -9997    0.0    0.0    0.0    0.0
C0G650 2009073103  -9997   26.4  -9997    0.0    0.0    0.0    0.0
C0G650 2009073104  -9997   26.4  -9997    0.0    0.0    0.0    0.0
C0G650 2009073105  -9997   26.8  -9997    0.0    0.0    0.0    0.0
C0G650 2009073106  -9997   26.9  -9997    0.0    0.0    0.0    0.0
C0G650 2009073107  -9997   27.6  -9997    0.0    0.0    0.0    0.0
C0G650 2009073108  -9997   29.4  -9997    0.2    0.0    0.0    0.0
C0G650 2009073109  -9997   30.9  -9997    0.0    0.0    0.0    0.8
C0G650 2009073110  -9997   30.9  -9997    0.6   60.0    0.0    0.1
C0G650 2009073111  -9997   33.4  -9997  -9997  -9997    0.0    0.5
C0G650 2009073112  -9997   33.1  -9997    0.2    0.0    0.0    0.7
C0G650 2009073113  -9997   34.1  -9997    0.5  360.0    0.0    0.7
C0G650 2009073114  -9997  -9997  -9997  -9997  330.0    0.0    0.1
C0G650 2009073115  -9997   33.4  -9997    1.2   30.0    0.0    0.5
C0G650 2009073116  -9997   33.3  -9997    0.2  -9997    0.0    0.9
C0G650 2009073117  -9997   32.3  -9997  -9997   30.0    0.0    0.4
C0G650 2009073118  -9997  -9997  -9997  -9997   30.0    0.0    0.0
C0G650 2009073119  -9997   30.7  -9997  -9997    0.0    0.0    0.0
C0G650 2009073120  -9997   30.1  -9997    0.0    0.0    0.0    0.0
C0G650 2009073121  -9997   29.0  -9997    0.0    0.0    0.0    0.0
C0G650 2009073122  -9997  -9997  -9997  -9997  -9997    0.0    0.0
C0G650 2009073123  -9997   28.2  -9997    0.0    0.0    0.0    0.0
C0G650 2009073124  -9997  -9997  -9997  -9997  -9997    0.0    0.0
C0G660 2009070101  -9999  -9999  -9999  -9999  -9999    0.0  -9999
C0G660 2009070102  -9999  -9999  -9999  -9999  -9999    0.0  -9999
C0G660 2009070103  -9999  -9999  -9999  -9999  -9999    0.0  -9999
C0G660 2009070104  -9999  -9999  -9999  -9999  -9999    0.0  -9999
C0G660 2009070105  -9999  -9999  -9999  -9999  -9999    0.0  -9999
C0G660 2009070106  -9999  -9999  -9999  -9999  -9999    0.0  -9999
C0G660 2009070107  -9999  -9999  -9999  -9999  -9999    0.0  -9999
C0G660 2009070108  -9999  -9999  -9999  -9999  -9999    0.0  -9999
C0G660 2009070109  -9999  -9999  -9999  -9999  -9999    0.0  -9999
C0G660 2009070110  -9999  -9999  -9999  -9999  -9999    0.0  -9999
C0G660 2009070111  -9999  -9999  -9999  -9999  -9999    0.0  -9999
C0G660 2009070112  -9999  -9999  -9999  -9999  -9999    0.0  -9999
C0G660 2009070113  -9999  -9999  -9999  -9999  -9999    0.0  -9999
C0G660 2009070114  -9999  -9999  -9999  -9999  -9999    0.0  -9999
C0G660 2009070115  -9999  -9999  -9999  -9999  -9999    0.0  -9999
C0G660 2009070116  -9999  -9999  -9999  -9999  -9999    0.0  -9999
C0G660 2009070117  -9999  -9999  -9999  -9999  -9999    0.0  -9999
C0G660 2009070118  -9999  -9999  -9999  -9999  -9999    0.0  -9999
C0G660 2009070119  -9999  -9999  -9999  -9999  -9999    0.0  -9999
C0G660 2009070120  -9999  -9999  -9999  -9999  -9999    0.0  -9999
C0G660 2009070121  -9999  -9999  -9999  -9999  -9999    0.0  -9999
C0G660 2009070122  -9999  -9999  -9999  -9999  -9999    0.0  -9999
C0G660 2009070123  -9999  -9999  -9999  -9999  -9999    0.0  -9999
C0G660 2009070124  -9999  -9999  -9999  -9999  -9999    0.0  -9999
C0G660 2009070201  -9999  -9999  -9999  -9999  -9999    0.0  -9999
C0G660 2009070202  -9999  -9999  -9999  -9999  -9999    0.0  -9999
C0G660 2009070203  -9999  -9999  -9999  -9999  -9999    0.0  -9999
C0G660 2009070204  -9999  -9999  -9999  -9999  -9999    0.0  -9999
C0G660 2009070205  -9999  -9999  -9999  -9999  -9999    0.0  -9999
C0G660 2009070206  -9999  -9999  -9999  -9999  -9999    0.0  -9999
C0G660 2009070207  -9999  -9999  -9999  -9999  -9999    0.0  -9999
C0G660 2009070208  -9999  -9999  -9999  -9999  -9999    0.0  -9999
C0G660 2009070209  -9999  -9999  -9999  -9999  -9999    0.0  -9999
C0G660 2009070210  -9999  -9999  -9999  -9999  -9999    0.0  -9999
C0G660 2009070211  -9999  -9999  -9999  -9999  -9999    0.0  -9999
C0G660 2009070212  -9999  -9999  -9999  -9999  -9999    0.0  -9999
C0G660 2009070213  -9999  -9999  -9999  -9999  -9999    0.0  -9999
C0G660 2009070214  -9999  -9999  -9999  -9999  -9999    0.0  -9999
C0G660 2009070215  -9999  -9999  -9999  -9999  -9999    0.0  -9999
C0G660 2009070216  -9999  -9999  -9999  -9999  -9999    0.0  -9999
C0G660 2009070217  -9999  -9999  -9999  -9999  -9999    0.0  -9999
C0G660 2009070218  -9999  -9999  -9999  -9999  -9999    0.0  -9999
C0G660 2009070219  -9999  -9999  -9999  -9999  -9999    0.0  -9999
C0G660 2009070220  -9999  -9999  -9999  -9999  -9999    0.0  -9999
C0G660 2009070221  -9999  -9999  -9999  -9999  -9999    0.0  -9999
C0G660 2009070222  -9999  -9999  -9999  -9999  -9999    0.0  -9999
C0G660 2009070223  -9999  -9999  -9999  -9999  -9999    0.0  -9999
C0G660 2009070224  -9999  -9999  -9999  -9999  -9999    0.0  -9999
C0G660 2009070301  -9999  -9999  -9999  -9999  -9999    0.0  -9999
C0G660 2009070302  -9999  -9999  -9999  -9999  -9999    0.0  -9999
C0G660 2009070303  -9999  -9999  -9999  -9999  -9999    0.0  -9999
C0G660 2009070304  -9999  -9999  -9999  -9999  -9999    0.0  -9999
C0G660 2009070305  -9999  -9999  -9999  -9999  -9999    0.0  -9999
C0G660 2009070306  -9999  -9999  -9999  -9999  -9999    0.0  -9999
C0G660 2009070307  -9999  -9999  -9999  -9999  -9999    0.0  -9999
C0G660 2009070308  -9999  -9999  -9999  -9999  -9999    0.0  -9999
C0G660 2009070309  -9999  -9999  -9999  -9999  -9999    0.0  -9999
C0G660 2009070310  -9999  -9999  -9999  -9999  -9999    0.0  -9999
C0G660 2009070311  -9999  -9999  -9999  -9999  -9999    0.0  -9999
C0G660 2009070312  -9999  -9999  -9999  -9999  -9999    8.5  -9999
C0G660 2009070313  -9999  -9999  -9999  -9999  -9999    1.0  -9999
C0G660 2009070314  -9999  -9999  -9999  -9999  -9999    0.0  -9999
C0G660 2009070315  -9999  -9999  -9999  -9999  -9999    0.0  -9999
C0G660 2009070316  -9999  -9999  -9999  -9999  -9999    0.0  -9999
C0G660 2009070317  -9999  -9999  -9999  -9999  -9999    0.0  -9999
C0G660 2009070318  -9999  -9999  -9999  -9999  -9999    0.0  -9999
C0G660 2009070319  -9999  -9999  -9999  -9999  -9999    0.5  -9999
C0G660 2009070320  -9999  -9999  -9999  -9999  -9999    0.0  -9999
C0G660 2009070321  -9999  -9999  -9999  -9999  -9999    0.0  -9999
C0G660 2009070322  -9999  -9999  -9999  -9999  -9999    0.0  -9999
C0G660 2009070323  -9999  -9999  -9999  -9999  -9999    0.0  -9999
C0G660 2009070324  -9999  -9999  -9999  -9999  -9999    0.0  -9999
C0G660 2009070401  -9999  -9999  -9999  -9999  -9999    0.0  -9999
C0G660 2009070402  -9999  -9999  -9999  -9999  -9999    0.0  -9999
C0G660 2009070403  -9999  -9999  -9999  -9999  -9999    0.0  -9999
C0G660 2009070404  -9999  -9999  -9999  -9999  -9999    0.0  -9999
C0G660 2009070405  -9999  -9999  -9999  -9999  -9999    0.0  -9999
C0G660 2009070406  -9999  -9999  -9999  -9999  -9999    0.0  -9999
C0G660 2009070407  -9999  -9999  -9999  -9999  -9999    0.0  -9999
C0G660 2009070408  -9999  -9999  -9999  -9999  -9999    0.0  -9999
C0G660 2009070409  -9999  -9999  -9999  -9999  -9999    0.0  -9999
C0G660 2009070410  -9999  -9999  -9999  -9999  -9999    0.0  -9999
C0G660 2009070411  -9999  -9999  -9999  -9999  -9999    0.0  -9999
C0G660 2009070412  -9999  -9999  -9999  -9999  -9999    0.0  -9999
C0G660 2009070413  -9999  -9999  -9999  -9999  -9999    0.0  -9999
C0G660 2009070414  -9999  -9999  -9999  -9999  -9999    0.0  -9999
C0G660 2009070415  -9999  -9999  -9999  -9999  -9999    0.0  -9999
C0G660 2009070416  -9999  -9999  -9999  -9999  -9999    0.0  -9999
C0G660 2009070417  -9999  -9999  -9999  -9999  -9999    0.0  -9999
C0G660 2009070418  -9999  -9999  -9999  -9999  -9999    0.0  -9999
C0G660 2009070419  -9999  -9999  -9999  -9999  -9999    0.0  -9999
C0G660 2009070420  -9999  -9999  -9999  -9999  -9999    0.0  -9999
C0G660 2009070421  -9999  -9999  -9999  -9999  -9999    0.0  -9999
C0G660 2009070422  -9999  -9999  -9999  -9999  -9999    0.0  -9999
C0G660 2009070423  -9999  -9999  -9999  -9999  -9999    0.0  -9999
C0G660 2009070424  -9999  -9999  -9999  -9999  -9999    0.0  -9999
C0G660 2009070501  -9999  -9999  -9999  -9999  -9999    0.0  -9999
C0G660 2009070502  -9999  -9999  -9999  -9999  -9999    0.0  -9999
C0G660 2009070503  -9999  -9999  -9999  -9999  -9999    0.0  -9999
C0G660 2009070504  -9999  -9999  -9999  -9999  -9999    0.0  -9999
C0G660 2009070505  -9999  -9999  -9999  -9999  -9999    0.0  -9999
C0G660 2009070506  -9999  -9999  -9999  -9999  -9999    0.0  -9999
C0G660 2009070507  -9999  -9999  -9999  -9999  -9999    0.0  -9999
C0G660 2009070508  -9999  -9999  -9999  -9999  -9999    0.0  -9999
C0G660 2009070509  -9999  -9999  -9999  -9999  -9999    0.0  -9999
C0G660 2009070510  -9999  -9999  -9999  -9999  -9999    0.0  -9999
C0G660 2009070511  -9999  -9999  -9999  -9999  -9999    0.0  -9999
C0G660 2009070512  -9999  -9999  -9999  -9999  -9999    0.0  -9999
C0G660 2009070513  -9999  -9999  -9999  -9999  -9999    0.0  -9999
C0G660 2009070514  -9999  -9999  -9999  -9999  -9999    0.0  -9999
C0G660 2009070515  -9999  -9999  -9999  -9999  -9999    0.0  -9999
C0G660 2009070516  -9999  -9999  -9999  -9999  -9999    0.0  -9999
C0G660 2009070517  -9999  -9999  -9999  -9999  -9999    0.0  -9999
C0G660 2009070518  -9999  -9999  -9999  -9999  -9999    0.0  -9999
C0G660 2009070519  -9999  -9999  -9999  -9999  -9999    0.0  -9999
C0G660 2009070520  -9999  -9999  -9999  -9999  -9999    0.0  -9999
C0G660 2009070521  -9999  -9999  -9999  -9999  -9999    0.0  -9999
C0G660 2009070522  -9999  -9999  -9999  -9999  -9999    0.0  -9999
C0G660 2009070523  -9999  -9999  -9999  -9999  -9999    0.0  -9999
C0G660 2009070524  -9999  -9999  -9999  -9999  -9999    0.0  -9999
C0G660 2009070601  -9999  -9999  -9999  -9999  -9999    0.0  -9999
C0G660 2009070602  -9999  -9999  -9999  -9999  -9999    0.0  -9999
C0G660 2009070603  -9999  -9999  -9999  -9999  -9999    0.0  -9999
C0G660 2009070604  -9999  -9999  -9999  -9999  -9999    0.0  -9999
C0G660 2009070605  -9999  -9999  -9999  -9999  -9999    0.0  -9999
C0G660 2009070606  -9999  -9999  -9999  -9999  -9999    0.0  -9999
C0G660 2009070607  -9999  -9999  -9999  -9999  -9999    0.0  -9999
C0G660 2009070608  -9999  -9999  -9999  -9999  -9999    0.0  -9999
C0G660 2009070609  -9999  -9999  -9999  -9999  -9999    0.0  -9999
C0G660 2009070610  -9999  -9999  -9999  -9999  -9999    0.0  -9999
C0G660 2009070611  -9999  -9999  -9999  -9999  -9999    0.0  -9999
C0G660 2009070612  -9999  -9999  -9999  -9999  -9999    0.0  -9999
C0G660 2009070613  -9999  -9999  -9999  -9999  -9999    0.0  -9999
C0G660 2009070614  -9999  -9999  -9999  -9999  -9999    0.0  -9999
C0G660 2009070615  -9999  -9999  -9999  -9999  -9999    0.0  -9999
C0G660 2009070616  -9999  -9999  -9999  -9999  -9999    0.0  -9999
C0G660 2009070617  -9999  -9999  -9999  -9999  -9999    0.0  -9999
C0G660 2009070618  -9999  -9999  -9999  -9999  -9999    0.0  -9999
C0G660 2009070619  -9999  -9999  -9999  -9999  -9999    0.0  -9999
C0G660 2009070620  -9999  -9999  -9999  -9999  -9999    0.0  -9999
C0G660 2009070621  -9999  -9999  -9999  -9999  -9999    0.0  -9999
C0G660 2009070622  -9999  -9999  -9999  -9999  -9999    0.0  -9999
C0G660 2009070623  -9999  -9999  -9999  -9999  -9999    0.0  -9999
C0G660 2009070624  -9999  -9999  -9999  -9999  -9999    0.0  -9999
C0G660 2009070701  -9999  -9999  -9999  -9999  -9999    0.0  -9999
C0G660 2009070702  -9999  -9999  -9999  -9999  -9999    0.0  -9999
C0G660 2009070703  -9999  -9999  -9999  -9999  -9999    0.0  -9999
C0G660 2009070704  -9999  -9999  -9999  -9999  -9999    0.0  -9999
C0G660 2009070705  -9999  -9999  -9999  -9999  -9999    0.0  -9999
C0G660 2009070706  -9999  -9999  -9999  -9999  -9999    0.0  -9999
C0G660 2009070707  -9999  -9999  -9999  -9999  -9999    0.0  -9999
C0G660 2009070708  -9999  -9999  -9999  -9999  -9999    0.0  -9999
C0G660 2009070709  -9999  -9999  -9999  -9999  -9999    0.0  -9999
C0G660 2009070710  -9999  -9999  -9999  -9999  -9999    0.0  -9999
C0G660 2009070711  -9999  -9999  -9999  -9999  -9999    0.0  -9999
C0G660 2009070712  -9999  -9999  -9999  -9999  -9999    0.0  -9999
C0G660 2009070713  -9999  -9999  -9999  -9999  -9999    0.0  -9999
C0G660 2009070714  -9999  -9999  -9999  -9999  -9999    0.0  -9999
C0G660 2009070715  -9999  -9999  -9999  -9999  -9999    0.0  -9999
C0G660 2009070716  -9999  -9999  -9999  -9999  -9999    0.0  -9999
C0G660 2009070717  -9999  -9999  -9999  -9999  -9999    0.0  -9999
C0G660 2009070718  -9999  -9999  -9999  -9999  -9999    0.0  -9999
C0G660 2009070719  -9999  -9999  -9999  -9999  -9999    0.0  -9999
C0G660 2009070720  -9999  -9999  -9999  -9999  -9999    0.0  -9999
C0G660 2009070721  -9999  -9999  -9999  -9999  -9999    0.0  -9999
C0G660 2009070722  -9999  -9999  -9999  -9999  -9999    0.0  -9999
C0G660 2009070723  -9999  -9999  -9999  -9999  -9999    0.0  -9999
C0G660 2009070724  -9999  -9999  -9999  -9999  -9999    0.0  -9999
C0G660 2009070801  -9999  -9999  -9999  -9999  -9999    0.0  -9999
C0G660 2009070802  -9999  -9999  -9999  -9999  -9999    0.0  -9999
C0G660 2009070803  -9999  -9999  -9999  -9999  -9999    0.0  -9999
C0G660 2009070804  -9999  -9999  -9999  -9999  -9999    0.0  -9999
C0G660 2009070805  -9999  -9999  -9999  -9999  -9999    0.0  -9999
C0G660 2009070806  -9999  -9999  -9999  -9999  -9999    0.0  -9999
C0G660 2009070807  -9999  -9999  -9999  -9999  -9999    0.0  -9999
C0G660 2009070808  -9999  -9999  -9999  -9999  -9999    0.0  -9999
C0G660 2009070809  -9999  -9999  -9999  -9999  -9999    0.0  -9999
C0G660 2009070810  -9999  -9999  -9999  -9999  -9999    0.0  -9999
C0G660 2009070811  -9999  -9999  -9999  -9999  -9999    0.0  -9999
C0G660 2009070812  -9999  -9999  -9999  -9999  -9999    0.0  -9999
C0G660 2009070813  -9999  -9999  -9999  -9999  -9999    0.0  -9999
C0G660 2009070814  -9999  -9999  -9999  -9999  -9999    0.0  -9999
C0G660 2009070815  -9999  -9999  -9999  -9999  -9999    0.0  -9999
C0G660 2009070816  -9999  -9999  -9999  -9999  -9999    0.0  -9999
C0G660 2009070817  -9999  -9999  -9999  -9999  -9999    0.0  -9999
C0G660 2009070818  -9999  -9999  -9999  -9999  -9999    0.0  -9999
C0G660 2009070819  -9999  -9999  -9999  -9999  -9999    0.0  -9999
C0G660 2009070820  -9999  -9999  -9999  -9999  -9999    0.0  -9999
C0G660 2009070821  -9999  -9999  -9999  -9999  -9999    0.0  -9999
C0G660 2009070822  -9999  -9999  -9999  -9999  -9999    0.0  -9999
C0G660 2009070823  -9999  -9999  -9999  -9999  -9999    0.0  -9999
C0G660 2009070824  -9999  -9999  -9999  -9999  -9999    0.0  -9999
C0G660 2009070901  -9999  -9999  -9999  -9999  -9999    0.0  -9999
C0G660 2009070902  -9999  -9999  -9999  -9999  -9999    0.0  -9999
C0G660 2009070903  -9999  -9999  -9999  -9999  -9999    0.0  -9999
C0G660 2009070904  -9999  -9999  -9999  -9999  -9999    0.0  -9999
C0G660 2009070905  -9999  -9999  -9999  -9999  -9999    0.0  -9999
C0G660 2009070906  -9999  -9999  -9999  -9999  -9999    0.0  -9999
C0G660 2009070907  -9999  -9999  -9999  -9999  -9999    0.0  -9999
C0G660 2009070908  -9999  -9999  -9999  -9999  -9999    0.0  -9999
C0G660 2009070909  -9999  -9999  -9999  -9999  -9999    0.0  -9999
C0G660 2009070910  -9999  -9999  -9999  -9999  -9999    0.0  -9999
C0G660 2009070911  -9999  -9999  -9999  -9999  -9999    0.0  -9999
C0G660 2009070912  -9999  -9999  -9999  -9999  -9999    0.0  -9999
C0G660 2009070913  -9999  -9999  -9999  -9999  -9999    0.0  -9999
C0G660 2009070914  -9999  -9999  -9999  -9999  -9999    0.0  -9999
C0G660 2009070915  -9999  -9999  -9999  -9999  -9999    0.0  -9999
C0G660 2009070916  -9999  -9999  -9999  -9999  -9999    0.0  -9999
C0G660 2009070917  -9999  -9999  -9999  -9999  -9999    0.0  -9999
C0G660 2009070918  -9999  -9999  -9999  -9999  -9999    0.0  -9999
C0G660 2009070919  -9999  -9999  -9999  -9999  -9999    0.0  -9999
C0G660 2009070920  -9999  -9999  -9999  -9999  -9999    0.0  -9999
C0G660 2009070921  -9999  -9999  -9999  -9999  -9999    0.0  -9999
C0G660 2009070922  -9999  -9999  -9999  -9999  -9999    0.0  -9999
C0G660 2009070923  -9999  -9999  -9999  -9999  -9999    0.0  -9999
C0G660 2009070924  -9999  -9999  -9999  -9999  -9999    0.0  -9999
C0G660 2009071001  -9999  -9999  -9999  -9999  -9999    0.0  -9999
C0G660 2009071002  -9999  -9999  -9999  -9999  -9999    0.0  -9999
C0G660 2009071003  -9999  -9999  -9999  -9999  -9999    0.0  -9999
C0G660 2009071004  -9999  -9999  -9999  -9999  -9999    0.0  -9999
C0G660 2009071005  -9999  -9999  -9999  -9999  -9999    0.0  -9999
C0G660 2009071006  -9999  -9999  -9999  -9999  -9999    0.0  -9999
C0G660 2009071007  -9999  -9999  -9999  -9999  -9999    0.0  -9999
C0G660 2009071008  -9999  -9999  -9999  -9999  -9999    0.0  -9999
C0G660 2009071009  -9999  -9999  -9999  -9999  -9999    0.0  -9999
C0G660 2009071010  -9999  -9999  -9999  -9999  -9999    0.0  -9999
C0G660 2009071011  -9999  -9999  -9999  -9999  -9999    0.0  -9999
C0G660 2009071012  -9999  -9999  -9999  -9999  -9999    0.0  -9999
C0G660 2009071013  -9999  -9999  -9999  -9999  -9999    0.0  -9999
C0G660 2009071014  -9999  -9999  -9999  -9999  -9999    0.0  -9999
C0G660 2009071015  -9999  -9999  -9999  -9999  -9999    0.0  -9999
C0G660 2009071016  -9999  -9999  -9999  -9999  -9999    0.0  -9999
C0G660 2009071017  -9999  -9999  -9999  -9999  -9999    0.0  -9999
C0G660 2009071018  -9999  -9999  -9999  -9999  -9999    0.0  -9999
C0G660 2009071019  -9999  -9999  -9999  -9999  -9999    0.0  -9999
C0G660 2009071020  -9999  -9999  -9999  -9999  -9999    0.0  -9999
C0G660 2009071021  -9999  -9999  -9999  -9999  -9999    0.0  -9999
C0G660 2009071022  -9999  -9999  -9999  -9999  -9999    0.0  -9999
C0G660 2009071023  -9999  -9999  -9999  -9999  -9999    0.0  -9999
C0G660 2009071024  -9999  -9999  -9999  -9999  -9999    0.0  -9999
C0G660 2009071101  -9999  -9999  -9999  -9999  -9999    0.0  -9999
C0G660 2009071102  -9999  -9999  -9999  -9999  -9999    0.0  -9999
C0G660 2009071103  -9999  -9999  -9999  -9999  -9999    0.0  -9999
C0G660 2009071104  -9999  -9999  -9999  -9999  -9999    0.0  -9999
C0G660 2009071105  -9999  -9999  -9999  -9999  -9999    0.0  -9999
C0G660 2009071106  -9999  -9999  -9999  -9999  -9999    0.0  -9999
C0G660 2009071107  -9999  -9999  -9999  -9999  -9999    0.0  -9999
C0G660 2009071108  -9999  -9999  -9999  -9999  -9999    0.0  -9999
C0G660 2009071109  -9999  -9999  -9999  -9999  -9999    0.0  -9999
C0G660 2009071110  -9999  -9999  -9999  -9999  -9999    0.0  -9999
C0G660 2009071111  -9999  -9999  -9999  -9999  -9999    0.0  -9999
C0G660 2009071112  -9999  -9999  -9999  -9999  -9999    0.0  -9999
C0G660 2009071113  -9999  -9999  -9999  -9999  -9999    0.0  -9999
C0G660 2009071114  -9999  -9999  -9999  -9999  -9999    0.0  -9999
C0G660 2009071115  -9999  -9999  -9999  -9999  -9999    0.0  -9999
C0G660 2009071116  -9999  -9999  -9999  -9999  -9999    0.0  -9999
C0G660 2009071117  -9999  -9999  -9999  -9999  -9999    0.0  -9999
C0G660 2009071118  -9999  -9999  -9999  -9999  -9999    0.0  -9999
C0G660 2009071119  -9999  -9999  -9999  -9999  -9999    0.0  -9999
C0G660 2009071120  -9999  -9999  -9999  -9999  -9999    0.0  -9999
C0G660 2009071121  -9999  -9999  -9999  -9999  -9999    0.0  -9999
C0G660 2009071122  -9999  -9999  -9999  -9999  -9999    0.0  -9999
C0G660 2009071123  -9999  -9999  -9999  -9999  -9999    0.0  -9999
C0G660 2009071124  -9999  -9999  -9999  -9999  -9999    0.0  -9999
C0G660 2009071201  -9999  -9999  -9999  -9999  -9999    0.0  -9999
C0G660 2009071202  -9999  -9999  -9999  -9999  -9999    0.0  -9999
C0G660 2009071203  -9999  -9999  -9999  -9999  -9999    0.0  -9999
C0G660 2009071204  -9999  -9999  -9999  -9999  -9999    0.0  -9999
C0G660 2009071205  -9999  -9999  -9999  -9999  -9999    0.0  -9999
C0G660 2009071206  -9999  -9999  -9999  -9999  -9999    0.0  -9999
C0G660 2009071207  -9999  -9999  -9999  -9999  -9999    0.0  -9999
C0G660 2009071208  -9999  -9999  -9999  -9999  -9999    0.0  -9999
C0G660 2009071209  -9999  -9999  -9999  -9999  -9999    0.0  -9999
C0G660 2009071210  -9999  -9999  -9999  -9999  -9999    0.0  -9999
C0G660 2009071211  -9999  -9999  -9999  -9999  -9999    0.0  -9999
C0G660 2009071212  -9999  -9999  -9999  -9999  -9999    0.0  -9999
C0G660 2009071213  -9999  -9999  -9999  -9999  -9999    0.0  -9999
C0G660 2009071214  -9999  -9999  -9999  -9999  -9999    0.0  -9999
C0G660 2009071215  -9999  -9999  -9999  -9999  -9999    0.0  -9999
C0G660 2009071216  -9999  -9999  -9999  -9999  -9999    0.0  -9999
C0G660 2009071217  -9999  -9999  -9999  -9999  -9999    0.0  -9999
C0G660 2009071218  -9999  -9999  -9999  -9999  -9999    0.0  -9999
C0G660 2009071219  -9999  -9999  -9999  -9999  -9999    0.0  -9999
C0G660 2009071220  -9999  -9999  -9999  -9999  -9999    0.0  -9999
C0G660 2009071221  -9999  -9999  -9999  -9999  -9999    0.0  -9999
C0G660 2009071222  -9999  -9999  -9999  -9999  -9999    0.0  -9999
C0G660 2009071223  -9999  -9999  -9999  -9999  -9999    0.0  -9999
C0G660 2009071224  -9999  -9999  -9999  -9999  -9999    0.0  -9999
C0G660 2009071301  -9999  -9999  -9999  -9999  -9999    0.0  -9999
C0G660 2009071302  -9999  -9999  -9999  -9999  -9999    0.0  -9999
C0G660 2009071303  -9999  -9999  -9999  -9999  -9999    0.0  -9999
C0G660 2009071304  -9999  -9999  -9999  -9999  -9999    0.0  -9999
C0G660 2009071305  -9999  -9999  -9999  -9999  -9999    0.0  -9999
C0G660 2009071306  -9999  -9999  -9999  -9999  -9999    0.0  -9999
C0G660 2009071307  -9999  -9999  -9999  -9999  -9999    0.0  -9999
C0G660 2009071308  -9999  -9999  -9999  -9999  -9999    0.0  -9999
C0G660 2009071309  -9999  -9999  -9999  -9999  -9999    0.0  -9999
C0G660 2009071310  -9999  -9999  -9999  -9999  -9999    0.0  -9999
C0G660 2009071311  -9999  -9999  -9999  -9999  -9999    0.0  -9999
C0G660 2009071312  -9999  -9999  -9999  -9999  -9999    0.0  -9999
C0G660 2009071313  -9999  -9999  -9999  -9999  -9999    0.0  -9999
C0G660 2009071314  -9999  -9999  -9999  -9999  -9999    0.0  -9999
C0G660 2009071315  -9999  -9999  -9999  -9999  -9999    1.0  -9999
C0G660 2009071316  -9999  -9999  -9999  -9999  -9999    0.5  -9999
C0G660 2009071317  -9999  -9999  -9999  -9999  -9999    0.5  -9999
C0G660 2009071318  -9999  -9999  -9999  -9999  -9999    0.0  -9999
C0G660 2009071319  -9999  -9999  -9999  -9999  -9999    0.0  -9999
C0G660 2009071320  -9999  -9999  -9999  -9999  -9999    4.0  -9999
C0G660 2009071321  -9999  -9999  -9999  -9999  -9999    2.0  -9999
C0G660 2009071322  -9999  -9999  -9999  -9999  -9999    0.0  -9999
C0G660 2009071323  -9999  -9999  -9999  -9999  -9999    0.0  -9999
C0G660 2009071324  -9999  -9999  -9999  -9999  -9999    0.0  -9999
C0G660 2009071401  -9999  -9999  -9999  -9999  -9999    0.0  -9999
C0G660 2009071402  -9999  -9999  -9999  -9999  -9999    0.0  -9999
C0G660 2009071403  -9999  -9999  -9999  -9999  -9999    0.0  -9999
C0G660 2009071404  -9999  -9999  -9999  -9999  -9999    0.0  -9999
C0G660 2009071405  -9999  -9999  -9999  -9999  -9999    0.0  -9999
C0G660 2009071406  -9999  -9999  -9999  -9999  -9999    0.0  -9999
C0G660 2009071407  -9999  -9999  -9999  -9999  -9999    0.0  -9999
C0G660 2009071408  -9999  -9999  -9999  -9999  -9999    0.0  -9999
C0G660 2009071409  -9999  -9999  -9999  -9999  -9999    0.0  -9999
C0G660 2009071410  -9999  -9999  -9999  -9999  -9999    0.0  -9999
C0G660 2009071411  -9999  -9999  -9999  -9999  -9999    0.0  -9999
C0G660 2009071412  -9999  -9999  -9999  -9999  -9999    0.0  -9999
C0G660 2009071413  -9999  -9999  -9999  -9999  -9999    0.0  -9999
C0G660 2009071414  -9999  -9999  -9999  -9999  -9999    0.0  -9999
C0G660 2009071415  -9999  -9999  -9999  -9999  -9999    0.0  -9999
C0G660 2009071416  -9999  -9999  -9999  -9999  -9999    3.5  -9999
C0G660 2009071417  -9999  -9999  -9999  -9999  -9999    5.5  -9999
C0G660 2009071418  -9999  -9999  -9999  -9999  -9999    2.0  -9999
C0G660 2009071419  -9999  -9999  -9999  -9999  -9999    1.5  -9999
C0G660 2009071420  -9999  -9999  -9999  -9999  -9999    0.0  -9999
C0G660 2009071421  -9999  -9999  -9999  -9999  -9999    0.0  -9999
C0G660 2009071422  -9999  -9999  -9999  -9999  -9999    0.0  -9999
C0G660 2009071423  -9999  -9999  -9999  -9999  -9999    0.0  -9999
C0G660 2009071424  -9999  -9999  -9999  -9999  -9999    0.0  -9999
C0G660 2009071501  -9999  -9999  -9999  -9999  -9999    0.0  -9999
C0G660 2009071502  -9999  -9999  -9999  -9999  -9999    0.0  -9999
C0G660 2009071503  -9999  -9999  -9999  -9999  -9999    0.0  -9999
C0G660 2009071504  -9999  -9999  -9999  -9999  -9999    0.0  -9999
C0G660 2009071505  -9999  -9999  -9999  -9999  -9999    0.0  -9999
C0G660 2009071506  -9999  -9999  -9999  -9999  -9999    0.0  -9999
C0G660 2009071507  -9999  -9999  -9999  -9999  -9999    0.0  -9999
C0G660 2009071508  -9999  -9999  -9999  -9999  -9999    0.0  -9999
C0G660 2009071509  -9999  -9999  -9999  -9999  -9999    0.0  -9999
C0G660 2009071510  -9999  -9999  -9999  -9999  -9999    0.0  -9999
C0G660 2009071511  -9999  -9999  -9999  -9999  -9999    0.0  -9999
C0G660 2009071512  -9999  -9999  -9999  -9999  -9999    0.0  -9999
C0G660 2009071513  -9999  -9999  -9999  -9999  -9999    0.0  -9999
C0G660 2009071514  -9999  -9999  -9999  -9999  -9999    0.0  -9999
C0G660 2009071515  -9999  -9999  -9999  -9999  -9999    0.0  -9999
C0G660 2009071516  -9999  -9999  -9999  -9999  -9999    0.0  -9999
C0G660 2009071517  -9999  -9999  -9999  -9999  -9999    0.0  -9999
C0G660 2009071518  -9999  -9999  -9999  -9999  -9999    0.0  -9999
C0G660 2009071519  -9999  -9999  -9999  -9999  -9999    0.0  -9999
C0G660 2009071520  -9999  -9999  -9999  -9999  -9999    0.0  -9999
C0G660 2009071521  -9999  -9999  -9999  -9999  -9999    0.0  -9999
C0G660 2009071522  -9999  -9999  -9999  -9999  -9999    0.0  -9999
C0G660 2009071523  -9999  -9999  -9999  -9999  -9999    0.0  -9999
C0G660 2009071524  -9999  -9999  -9999  -9999  -9999    0.0  -9999
C0G660 2009071601  -9999  -9999  -9999  -9999  -9999    0.0  -9999
C0G660 2009071602  -9999  -9999  -9999  -9999  -9999    0.0  -9999
C0G660 2009071603  -9999  -9999  -9999  -9999  -9999    0.0  -9999
C0G660 2009071604  -9999  -9999  -9999  -9999  -9999    0.0  -9999
C0G660 2009071605  -9999  -9999  -9999  -9999  -9999    0.0  -9999
C0G660 2009071606  -9999  -9999  -9999  -9999  -9999    0.0  -9999
C0G660 2009071607  -9999  -9999  -9999  -9999  -9999    0.0  -9999
C0G660 2009071608  -9999  -9999  -9999  -9999  -9999    0.0  -9999
C0G660 2009071609  -9999  -9999  -9999  -9999  -9999    0.0  -9999
C0G660 2009071610  -9999  -9999  -9999  -9999  -9999    0.0  -9999
C0G660 2009071611  -9999  -9999  -9999  -9999  -9999    0.0  -9999
C0G660 2009071612  -9999  -9999  -9999  -9999  -9999    0.0  -9999
C0G660 2009071613  -9999  -9999  -9999  -9999  -9999    0.0  -9999
C0G660 2009071614  -9999  -9999  -9999  -9999  -9999    0.0  -9999
C0G660 2009071615  -9999  -9999  -9999  -9999  -9999    0.0  -9999
C0G660 2009071616  -9999  -9999  -9999  -9999  -9999    0.0  -9999
C0G660 2009071617  -9999  -9999  -9999  -9999  -9999    0.0  -9999
C0G660 2009071618  -9999  -9999  -9999  -9999  -9999    0.0  -9999
C0G660 2009071619  -9999  -9999  -9999  -9999  -9999    0.0  -9999
C0G660 2009071620  -9999  -9999  -9999  -9999  -9999    0.0  -9999
C0G660 2009071621  -9999  -9999  -9999  -9999  -9999    0.0  -9999
C0G660 2009071622  -9999  -9999  -9999  -9999  -9999    0.0  -9999
C0G660 2009071623  -9999  -9999  -9999  -9999  -9999    0.0  -9999
C0G660 2009071624  -9999  -9999  -9999  -9999  -9999    0.0  -9999
C0G660 2009071701  -9999  -9999  -9999  -9999  -9999    0.0  -9999
C0G660 2009071702  -9999  -9999  -9999  -9999  -9999    0.0  -9999
C0G660 2009071703  -9999  -9999  -9999  -9999  -9999    0.0  -9999
C0G660 2009071704  -9999  -9999  -9999  -9999  -9999    0.0  -9999
C0G660 2009071705  -9999  -9999  -9999  -9999  -9999    0.0  -9999
C0G660 2009071706  -9999  -9999  -9999  -9999  -9999    0.0  -9999
C0G660 2009071707  -9999  -9999  -9999  -9999  -9999    0.0  -9999
C0G660 2009071708  -9999  -9999  -9999  -9999  -9999    0.0  -9999
C0G660 2009071709  -9999  -9999  -9999  -9999  -9999    0.0  -9999
C0G660 2009071710  -9999  -9999  -9999  -9999  -9999    0.0  -9999
C0G660 2009071711  -9999  -9999  -9999  -9999  -9999    0.0  -9999
C0G660 2009071712  -9999  -9999  -9999  -9999  -9999    0.0  -9999
C0G660 2009071713  -9999  -9999  -9999  -9999  -9999    0.0  -9999
C0G660 2009071714  -9999  -9999  -9999  -9999  -9999    0.0  -9999
C0G660 2009071715  -9999  -9999  -9999  -9999  -9999    0.0  -9999
C0G660 2009071716  -9999  -9999  -9999  -9999  -9999    0.0  -9999
C0G660 2009071717  -9999  -9999  -9999  -9999  -9999    0.0  -9999
C0G660 2009071718  -9999  -9999  -9999  -9999  -9999    0.0  -9999
C0G660 2009071719  -9999  -9999  -9999  -9999  -9999    0.0  -9999
C0G660 2009071720  -9999  -9999  -9999  -9999  -9999    0.0  -9999
C0G660 2009071721  -9999  -9999  -9999  -9999  -9999    0.0  -9999
C0G660 2009071722  -9999  -9999  -9999  -9999  -9999    0.0  -9999
C0G660 2009071723  -9999  -9999  -9999  -9999  -9999    0.0  -9999
C0G660 2009071724  -9999  -9999  -9999  -9999  -9999    0.0  -9999
C0G660 2009071801  -9999  -9999  -9999  -9999  -9999    0.0  -9999
C0G660 2009071802  -9999  -9999  -9999  -9999  -9999    0.0  -9999
C0G660 2009071803  -9999  -9999  -9999  -9999  -9999    0.0  -9999
C0G660 2009071804  -9999  -9999  -9999  -9999  -9999    0.0  -9999
C0G660 2009071805  -9999  -9999  -9999  -9999  -9999    0.0  -9999
C0G660 2009071806  -9999  -9999  -9999  -9999  -9999    0.0  -9999
C0G660 2009071807  -9999  -9999  -9999  -9999  -9999    0.0  -9999
C0G660 2009071808  -9999  -9999  -9999  -9999  -9999    0.0  -9999
C0G660 2009071809  -9999  -9999  -9999  -9999  -9999    0.0  -9999
C0G660 2009071810  -9999  -9999  -9999  -9999  -9999    0.0  -9999
C0G660 2009071811  -9999  -9999  -9999  -9999  -9999    0.0  -9999
C0G660 2009071812  -9999  -9999  -9999  -9999  -9999    0.0  -9999
C0G660 2009071813  -9999  -9999  -9999  -9999  -9999    0.0  -9999
C0G660 2009071814  -9999  -9999  -9999  -9999  -9999    0.0  -9999
C0G660 2009071815  -9999  -9999  -9999  -9999  -9999    1.0  -9999
C0G660 2009071816  -9999  -9999  -9999  -9999  -9999    0.5  -9999
C0G660 2009071817  -9999  -9999  -9999  -9999  -9999    1.5  -9999
C0G660 2009071818  -9999  -9999  -9999  -9999  -9999    0.0  -9999
C0G660 2009071819  -9999  -9999  -9999  -9999  -9999    0.0  -9999
C0G660 2009071820  -9999  -9999  -9999  -9999  -9999    0.0  -9999
C0G660 2009071821  -9999  -9999  -9999  -9999  -9999    0.0  -9999
C0G660 2009071822  -9999  -9999  -9999  -9999  -9999    0.0  -9999
C0G660 2009071823  -9999  -9999  -9999  -9999  -9999    0.0  -9999
C0G660 2009071824  -9999  -9999  -9999  -9999  -9999    0.0  -9999
C0G660 2009071901  -9999  -9999  -9999  -9999  -9999    0.0  -9999
C0G660 2009071902  -9999  -9999  -9999  -9999  -9999    0.0  -9999
C0G660 2009071903  -9999  -9999  -9999  -9999  -9999    0.0  -9999
C0G660 2009071904  -9999  -9999  -9999  -9999  -9999    0.0  -9999
C0G660 2009071905  -9999  -9999  -9999  -9999  -9999    0.0  -9999
C0G660 2009071906  -9999  -9999  -9999  -9999  -9999    0.0  -9999
C0G660 2009071907  -9999  -9999  -9999  -9999  -9999    0.0  -9999
C0G660 2009071908  -9999  -9999  -9999  -9999  -9999    0.0  -9999
C0G660 2009071909  -9999  -9999  -9999  -9999  -9999    0.0  -9999
C0G660 2009071910  -9999  -9999  -9999  -9999  -9999    0.0  -9999
C0G660 2009071911  -9999  -9999  -9999  -9999  -9999    0.0  -9999
C0G660 2009071912  -9999  -9999  -9999  -9999  -9999    0.0  -9999
C0G660 2009071913  -9999  -9999  -9999  -9999  -9999    1.5  -9999
C0G660 2009071914  -9999  -9999  -9999  -9999  -9999    0.0  -9999
C0G660 2009071915  -9999  -9999  -9999  -9999  -9999    0.0  -9999
C0G660 2009071916  -9999  -9999  -9999  -9999  -9999   22.0  -9999
C0G660 2009071917  -9999  -9999  -9999  -9999  -9999    2.0  -9999
C0G660 2009071918  -9999  -9999  -9999  -9999  -9999    1.0  -9999
C0G660 2009071919  -9999  -9999  -9999  -9999  -9999    0.0  -9999
C0G660 2009071920  -9999  -9999  -9999  -9999  -9999    0.0  -9999
C0G660 2009071921  -9999  -9999  -9999  -9999  -9999    0.0  -9999
C0G660 2009071922  -9999  -9999  -9999  -9999  -9999    0.5  -9999
C0G660 2009071923  -9999  -9999  -9999  -9999  -9999    0.0  -9999
C0G660 2009071924  -9999  -9999  -9999  -9999  -9999    0.0  -9999
C0G660 2009072001  -9999  -9999  -9999  -9999  -9999    0.0  -9999
C0G660 2009072002  -9999  -9999  -9999  -9999  -9999    0.0  -9999
C0G660 2009072003  -9999  -9999  -9999  -9999  -9999    0.0  -9999
C0G660 2009072004  -9999  -9999  -9999  -9999  -9999    0.0  -9999
C0G660 2009072005  -9999  -9999  -9999  -9999  -9999    0.0  -9999
C0G660 2009072006  -9999  -9999  -9999  -9999  -9999    0.0  -9999
C0G660 2009072007  -9999  -9999  -9999  -9999  -9999    0.0  -9999
C0G660 2009072008  -9999  -9999  -9999  -9999  -9999    0.0  -9999
C0G660 2009072009  -9999  -9999  -9999  -9999  -9999    0.0  -9999
C0G660 2009072010  -9999  -9999  -9999  -9999  -9999    0.0  -9999
C0G660 2009072011  -9999  -9999  -9999  -9999  -9999    0.0  -9999
C0G660 2009072012  -9999  -9999  -9999  -9999  -9999    0.0  -9999
C0G660 2009072013  -9999  -9999  -9999  -9999  -9999    0.0  -9999
C0G660 2009072014  -9999  -9999  -9999  -9999  -9999    0.0  -9999
C0G660 2009072015  -9999  -9999  -9999  -9999  -9999    0.0  -9999
C0G660 2009072016  -9999  -9999  -9999  -9999  -9999    0.0  -9999
C0G660 2009072017  -9999  -9999  -9999  -9999  -9999    0.0  -9999
C0G660 2009072018  -9999  -9999  -9999  -9999  -9999    0.0  -9999
C0G660 2009072019  -9999  -9999  -9999  -9999  -9999    0.0  -9999
C0G660 2009072020  -9999  -9999  -9999  -9999  -9999    1.0  -9999
C0G660 2009072021  -9999  -9999  -9999  -9999  -9999    0.5  -9999
C0G660 2009072022  -9999  -9999  -9999  -9999  -9999    0.0  -9999
C0G660 2009072023  -9999  -9999  -9999  -9999  -9999    0.0  -9999
C0G660 2009072024  -9999  -9999  -9999  -9999  -9999    0.0  -9999
C0G660 2009072101  -9999  -9999  -9999  -9999  -9999    0.0  -9999
C0G660 2009072102  -9999  -9999  -9999  -9999  -9999    0.0  -9999
C0G660 2009072103  -9999  -9999  -9999  -9999  -9999    0.0  -9999
C0G660 2009072104  -9999  -9999  -9999  -9999  -9999    0.0  -9999
C0G660 2009072105  -9999  -9999  -9999  -9999  -9999    0.0  -9999
C0G660 2009072106  -9999  -9999  -9999  -9999  -9999    0.0  -9999
C0G660 2009072107  -9999  -9999  -9999  -9999  -9999    0.0  -9999
C0G660 2009072108  -9999  -9999  -9999  -9999  -9999    0.0  -9999
C0G660 2009072109  -9999  -9999  -9999  -9999  -9999    0.0  -9999
C0G660 2009072110  -9999  -9999  -9999  -9999  -9999    0.0  -9999
C0G660 2009072111  -9999  -9999  -9999  -9999  -9999    0.0  -9999
C0G660 2009072112  -9999  -9999  -9999  -9999  -9999    0.0  -9999
C0G660 2009072113  -9999  -9999  -9999  -9999  -9999    0.0  -9999
C0G660 2009072114  -9999  -9999  -9999  -9999  -9999    0.0  -9999
C0G660 2009072115  -9999  -9999  -9999  -9999  -9999    0.0  -9999
C0G660 2009072116  -9999  -9999  -9999  -9999  -9999    0.0  -9999
C0G660 2009072117  -9999  -9999  -9999  -9999  -9999    0.0  -9999
C0G660 2009072118  -9999  -9999  -9999  -9999  -9999    0.0  -9999
C0G660 2009072119  -9999  -9999  -9999  -9999  -9999    0.0  -9999
C0G660 2009072120  -9999  -9999  -9999  -9999  -9999    0.0  -9999
C0G660 2009072121  -9999  -9999  -9999  -9999  -9999    0.0  -9999
C0G660 2009072122  -9999  -9999  -9999  -9999  -9999    0.0  -9999
C0G660 2009072123  -9999  -9999  -9999  -9999  -9999    0.0  -9999
C0G660 2009072124  -9999  -9999  -9999  -9999  -9999    0.0  -9999
C0G660 2009072201  -9999  -9999  -9999  -9999  -9999    0.0  -9999
C0G660 2009072202  -9999  -9999  -9999  -9999  -9999    0.0  -9999
C0G660 2009072203  -9999  -9999  -9999  -9999  -9999    0.0  -9999
C0G660 2009072204  -9999  -9999  -9999  -9999  -9999    0.0  -9999
C0G660 2009072205  -9999  -9999  -9999  -9999  -9999    0.0  -9999
C0G660 2009072206  -9999  -9999  -9999  -9999  -9999    0.0  -9999
C0G660 2009072207  -9999  -9999  -9999  -9999  -9999    0.0  -9999
C0G660 2009072208  -9999  -9999  -9999  -9999  -9999    0.0  -9999
C0G660 2009072209  -9999  -9999  -9999  -9999  -9999    0.0  -9999
C0G660 2009072210  -9999  -9999  -9999  -9999  -9999    0.0  -9999
C0G660 2009072211  -9999  -9999  -9999  -9999  -9999    0.0  -9999
C0G660 2009072212  -9999  -9999  -9999  -9999  -9999    0.0  -9999
C0G660 2009072213  -9999  -9999  -9999  -9999  -9999    0.0  -9999
C0G660 2009072214  -9999  -9999  -9999  -9999  -9999    0.0  -9999
C0G660 2009072215  -9999  -9999  -9999  -9999  -9999    0.0  -9999
C0G660 2009072216  -9999  -9999  -9999  -9999  -9999    0.0  -9999
C0G660 2009072217  -9999  -9999  -9999  -9999  -9999    0.0  -9999
C0G660 2009072218  -9999  -9999  -9999  -9999  -9999    0.0  -9999
C0G660 2009072219  -9999  -9999  -9999  -9999  -9999    0.0  -9999
C0G660 2009072220  -9999  -9999  -9999  -9999  -9999    0.0  -9999
C0G660 2009072221  -9999  -9999  -9999  -9999  -9999    0.0  -9999
C0G660 2009072222  -9999  -9999  -9999  -9999  -9999    0.0  -9999
C0G660 2009072223  -9999  -9999  -9999  -9999  -9999    0.0  -9999
C0G660 2009072224  -9999  -9999  -9999  -9999  -9999    0.0  -9999
C0G660 2009072301  -9999  -9999  -9999  -9999  -9999    0.0  -9999
C0G660 2009072302  -9999  -9999  -9999  -9999  -9999    0.0  -9999
C0G660 2009072303  -9999  -9999  -9999  -9999  -9999    0.0  -9999
C0G660 2009072304  -9999  -9999  -9999  -9999  -9999    0.0  -9999
C0G660 2009072305  -9999  -9999  -9999  -9999  -9999    0.0  -9999
C0G660 2009072306  -9999  -9999  -9999  -9999  -9999    0.0  -9999
C0G660 2009072307  -9999  -9999  -9999  -9999  -9999    0.0  -9999
C0G660 2009072308  -9999  -9999  -9999  -9999  -9999    0.0  -9999
C0G660 2009072309  -9999  -9999  -9999  -9999  -9999    0.0  -9999
C0G660 2009072310  -9999  -9999  -9999  -9999  -9999    0.0  -9999
C0G660 2009072311  -9999  -9999  -9999  -9999  -9999    0.0  -9999
C0G660 2009072312  -9999  -9999  -9999  -9999  -9999    0.0  -9999
C0G660 2009072313  -9999  -9999  -9999  -9999  -9999    0.0  -9999
C0G660 2009072314  -9999  -9999  -9999  -9999  -9999    0.0  -9999
C0G660 2009072315  -9999  -9999  -9999  -9999  -9999    0.0  -9999
C0G660 2009072316  -9999  -9999  -9999  -9999  -9999    0.0  -9999
C0G660 2009072317  -9999  -9999  -9999  -9999  -9999    0.0  -9999
C0G660 2009072318  -9999  -9999  -9999  -9999  -9999    0.0  -9999
C0G660 2009072319  -9999  -9999  -9999  -9999  -9999    0.0  -9999
C0G660 2009072320  -9999  -9999  -9999  -9999  -9999    0.0  -9999
C0G660 2009072321  -9999  -9999  -9999  -9999  -9999    0.0  -9999
C0G660 2009072322  -9999  -9999  -9999  -9999  -9999    0.0  -9999
C0G660 2009072323  -9999  -9999  -9999  -9999  -9999    0.0  -9999
C0G660 2009072324  -9999  -9999  -9999  -9999  -9999    0.0  -9999
C0G660 2009072401  -9999  -9999  -9999  -9999  -9999    0.0  -9999
C0G660 2009072402  -9999  -9999  -9999  -9999  -9999    0.0  -9999
C0G660 2009072403  -9999  -9999  -9999  -9999  -9999    0.0  -9999
C0G660 2009072404  -9999  -9999  -9999  -9999  -9999    0.0  -9999
C0G660 2009072405  -9999  -9999  -9999  -9999  -9999    0.0  -9999
C0G660 2009072406  -9999  -9999  -9999  -9999  -9999    0.0  -9999
C0G660 2009072407  -9999  -9999  -9999  -9999  -9999    0.0  -9999
C0G660 2009072408  -9999  -9999  -9999  -9999  -9999    0.0  -9999
C0G660 2009072409  -9999  -9999  -9999  -9999  -9999    0.0  -9999
C0G660 2009072410  -9999  -9999  -9999  -9999  -9999    0.0  -9999
C0G660 2009072411  -9999  -9999  -9999  -9999  -9999    0.0  -9999
C0G660 2009072412  -9999  -9999  -9999  -9999  -9999    0.0  -9999
C0G660 2009072413  -9999  -9999  -9999  -9999  -9999    0.0  -9999
C0G660 2009072414  -9999  -9999  -9999  -9999  -9999    0.0  -9999
C0G660 2009072415  -9999  -9999  -9999  -9999  -9999    0.5  -9999
C0G660 2009072416  -9999  -9999  -9999  -9999  -9999    0.0  -9999
C0G660 2009072417  -9999  -9999  -9999  -9999  -9999    0.0  -9999
C0G660 2009072418  -9999  -9999  -9999  -9999  -9999    0.0  -9999
C0G660 2009072419  -9999  -9999  -9999  -9999  -9999    0.0  -9999
C0G660 2009072420  -9999  -9999  -9999  -9999  -9999    0.0  -9999
C0G660 2009072421  -9999  -9999  -9999  -9999  -9999    0.0  -9999
C0G660 2009072422  -9999  -9999  -9999  -9999  -9999    0.0  -9999
C0G660 2009072423  -9999  -9999  -9999  -9999  -9999    0.0  -9999
C0G660 2009072424  -9999  -9999  -9999  -9999  -9999    0.0  -9999
C0G660 2009072501  -9999  -9999  -9999  -9999  -9999    0.0  -9999
C0G660 2009072502  -9999  -9999  -9999  -9999  -9999    0.0  -9999
C0G660 2009072503  -9999  -9999  -9999  -9999  -9999    0.0  -9999
C0G660 2009072504  -9999  -9999  -9999  -9999  -9999    0.0  -9999
C0G660 2009072505  -9999  -9999  -9999  -9999  -9999    0.0  -9999
C0G660 2009072506  -9999  -9999  -9999  -9999  -9999    0.0  -9999
C0G660 2009072507  -9999  -9999  -9999  -9999  -9999    0.0  -9999
C0G660 2009072508  -9999  -9999  -9999  -9999  -9999    0.0  -9999
C0G660 2009072509  -9999  -9999  -9999  -9999  -9999    0.0  -9999
C0G660 2009072510  -9999  -9999  -9999  -9999  -9999    0.0  -9999
C0G660 2009072511  -9999  -9999  -9999  -9999  -9999    0.0  -9999
C0G660 2009072512  -9999  -9999  -9999  -9999  -9999    2.5  -9999
C0G660 2009072513  -9999  -9999  -9999  -9999  -9999    1.0  -9999
C0G660 2009072514  -9999  -9999  -9999  -9999  -9999    0.0  -9999
C0G660 2009072515  -9999  -9999  -9999  -9999  -9999    1.0  -9999
C0G660 2009072516  -9999  -9999  -9999  -9999  -9999    0.0  -9999
C0G660 2009072517  -9999  -9999  -9999  -9999  -9999    0.0  -9999
C0G660 2009072518  -9999  -9999  -9999  -9999  -9999    0.0  -9999
C0G660 2009072519  -9999  -9999  -9999  -9999  -9999    0.0  -9999
C0G660 2009072520  -9999  -9999  -9999  -9999  -9999    0.0  -9999
C0G660 2009072521  -9999  -9999  -9999  -9999  -9999    0.0  -9999
C0G660 2009072522  -9999  -9999  -9999  -9999  -9999    0.0  -9999
C0G660 2009072523  -9999  -9999  -9999  -9999  -9999    0.0  -9999
C0G660 2009072524  -9999  -9999  -9999  -9999  -9999    0.0  -9999
C0G660 2009072601  -9999  -9999  -9999  -9999  -9999    0.0  -9999
C0G660 2009072602  -9999  -9999  -9999  -9999  -9999    0.0  -9999
C0G660 2009072603  -9999  -9999  -9999  -9999  -9999    0.0  -9999
C0G660 2009072604  -9999  -9999  -9999  -9999  -9999    0.0  -9999
C0G660 2009072605  -9999  -9999  -9999  -9999  -9999    0.0  -9999
C0G660 2009072606  -9999  -9999  -9999  -9999  -9999    0.0  -9999
C0G660 2009072607  -9999  -9999  -9999  -9999  -9999    0.0  -9999
C0G660 2009072608  -9999  -9999  -9999  -9999  -9999    0.0  -9999
C0G660 2009072609  -9999  -9999  -9999  -9999  -9999    0.0  -9999
C0G660 2009072610  -9999  -9999  -9999  -9999  -9999    0.0  -9999
C0G660 2009072611  -9999  -9999  -9999  -9999  -9999    0.0  -9999
C0G660 2009072612  -9999  -9999  -9999  -9999  -9999    0.0  -9999
C0G660 2009072613  -9999  -9999  -9999  -9999  -9999    0.0  -9999
C0G660 2009072614  -9999  -9999  -9999  -9999  -9999    0.0  -9999
C0G660 2009072615  -9999  -9999  -9999  -9999  -9999    0.0  -9999
C0G660 2009072616  -9999  -9999  -9999  -9999  -9999    0.0  -9999
C0G660 2009072617  -9999  -9999  -9999  -9999  -9999    0.0  -9999
C0G660 2009072618  -9999  -9999  -9999  -9999  -9999    0.0  -9999
C0G660 2009072619  -9999  -9999  -9999  -9999  -9999    0.0  -9999
C0G660 2009072620  -9999  -9999  -9999  -9999  -9999    0.0  -9999
C0G660 2009072621  -9999  -9999  -9999  -9999  -9999    0.0  -9999
C0G660 2009072622  -9999  -9999  -9999  -9999  -9999    0.0  -9999
C0G660 2009072623  -9999  -9999  -9999  -9999  -9999    0.0  -9999
C0G660 2009072624  -9999  -9999  -9999  -9999  -9999    0.0  -9999
C0G660 2009072701  -9999  -9999  -9999  -9999  -9999    0.0  -9999
C0G660 2009072702  -9999  -9999  -9999  -9999  -9999    0.0  -9999
C0G660 2009072703  -9999  -9999  -9999  -9999  -9999    0.0  -9999
C0G660 2009072704  -9999  -9999  -9999  -9999  -9999    0.0  -9999
C0G660 2009072705  -9999  -9999  -9999  -9999  -9999    0.0  -9999
C0G660 2009072706  -9999  -9999  -9999  -9999  -9999    0.0  -9999
C0G660 2009072707  -9999  -9999  -9999  -9999  -9999    0.0  -9999
C0G660 2009072708  -9999  -9999  -9999  -9999  -9999    0.0  -9999
C0G660 2009072709  -9999  -9999  -9999  -9999  -9999    0.0  -9999
C0G660 2009072710  -9999  -9999  -9999  -9999  -9999    0.0  -9999
C0G660 2009072711  -9999  -9999  -9999  -9999  -9999    0.0  -9999
C0G660 2009072712  -9999  -9999  -9999  -9999  -9999    0.0  -9999
C0G660 2009072713  -9999  -9999  -9999  -9999  -9999    0.0  -9999
C0G660 2009072714  -9999  -9999  -9999  -9999  -9999    0.0  -9999
C0G660 2009072715  -9999  -9999  -9999  -9999  -9999    0.0  -9999
C0G660 2009072716  -9999  -9999  -9999  -9999  -9999    0.0  -9999
C0G660 2009072717  -9999  -9999  -9999  -9999  -9999    0.0  -9999
C0G660 2009072718  -9999  -9999  -9999  -9999  -9999    0.0  -9999
C0G660 2009072719  -9999  -9999  -9999  -9999  -9999    0.0  -9999
C0G660 2009072720  -9999  -9999  -9999  -9999  -9999    0.0  -9999
C0G660 2009072721  -9999  -9999  -9999  -9999  -9999    0.0  -9999
C0G660 2009072722  -9999  -9999  -9999  -9999  -9999    0.0  -9999
C0G660 2009072723  -9999  -9999  -9999  -9999  -9999    0.0  -9999
C0G660 2009072724  -9999  -9999  -9999  -9999  -9999    0.0  -9999
C0G660 2009072801  -9999  -9999  -9999  -9999  -9999    0.0  -9999
C0G660 2009072802  -9999  -9999  -9999  -9999  -9999    0.0  -9999
C0G660 2009072803  -9999  -9999  -9999  -9999  -9999    0.0  -9999
C0G660 2009072804  -9999  -9999  -9999  -9999  -9999    0.0  -9999
C0G660 2009072805  -9999  -9999  -9999  -9999  -9999    0.0  -9999
C0G660 2009072806  -9999  -9999  -9999  -9999  -9999    0.0  -9999
C0G660 2009072807  -9999  -9999  -9999  -9999  -9999    0.0  -9999
C0G660 2009072808  -9999  -9999  -9999  -9999  -9999    0.0  -9999
C0G660 2009072809  -9999  -9999  -9999  -9999  -9999    0.0  -9999
C0G660 2009072810  -9999  -9999  -9999  -9999  -9999    0.0  -9999
C0G660 2009072811  -9999  -9999  -9999  -9999  -9999    0.0  -9999
C0G660 2009072812  -9999  -9999  -9999  -9999  -9999    0.0  -9999
C0G660 2009072813  -9999  -9999  -9999  -9999  -9999    0.0  -9999
C0G660 2009072814  -9999  -9999  -9999  -9999  -9999    0.0  -9999
C0G660 2009072815  -9999  -9999  -9999  -9999  -9999    0.0  -9999
C0G660 2009072816  -9999  -9999  -9999  -9999  -9999    0.0  -9999
C0G660 2009072817  -9999  -9999  -9999  -9999  -9999    0.0  -9999
C0G660 2009072818  -9999  -9999  -9999  -9999  -9999    0.0  -9999
C0G660 2009072819  -9999  -9999  -9999  -9999  -9999    0.0  -9999
C0G660 2009072820  -9999  -9999  -9999  -9999  -9999    0.0  -9999
C0G660 2009072821  -9999  -9999  -9999  -9999  -9999    0.0  -9999
C0G660 2009072822  -9999  -9999  -9999  -9999  -9999    0.0  -9999
C0G660 2009072823  -9999  -9999  -9999  -9999  -9999    0.0  -9999
C0G660 2009072824  -9999  -9999  -9999  -9999  -9999    0.0  -9999
C0G660 2009072901  -9999  -9999  -9999  -9999  -9999    0.0  -9999
C0G660 2009072902  -9999  -9999  -9999  -9999  -9999    0.0  -9999
C0G660 2009072903  -9999  -9999  -9999  -9999  -9999    0.0  -9999
C0G660 2009072904  -9999  -9999  -9999  -9999  -9999    0.0  -9999
C0G660 2009072905  -9999  -9999  -9999  -9999  -9999    0.0  -9999
C0G660 2009072906  -9999  -9999  -9999  -9999  -9999    0.0  -9999
C0G660 2009072907  -9999  -9999  -9999  -9999  -9999    0.0  -9999
C0G660 2009072908  -9999  -9999  -9999  -9999  -9999    0.0  -9999
C0G660 2009072909  -9999  -9999  -9999  -9999  -9999    0.0  -9999
C0G660 2009072910  -9999  -9999  -9999  -9999  -9999    0.0  -9999
C0G660 2009072911  -9999  -9999  -9999  -9999  -9999    0.0  -9999
C0G660 2009072912  -9999  -9999  -9999  -9999  -9999    0.0  -9999
C0G660 2009072913  -9999  -9999  -9999  -9999  -9999    0.0  -9999
C0G660 2009072914  -9999  -9999  -9999  -9999  -9999    0.0  -9999
C0G660 2009072915  -9999  -9999  -9999  -9999  -9999    0.0  -9999
C0G660 2009072916  -9999  -9999  -9999  -9999  -9999    0.0  -9999
C0G660 2009072917  -9999  -9999  -9999  -9999  -9999    0.0  -9999
C0G660 2009072918  -9999  -9999  -9999  -9999  -9999    0.0  -9999
C0G660 2009072919  -9999  -9999  -9999  -9999  -9999    0.0  -9999
C0G660 2009072920  -9999  -9999  -9999  -9999  -9999    0.0  -9999
C0G660 2009072921  -9999  -9999  -9999  -9999  -9999    0.0  -9999
C0G660 2009072922  -9999  -9999  -9999  -9999  -9999    0.0  -9999
C0G660 2009072923  -9999  -9999  -9999  -9999  -9999    0.0  -9999
C0G660 2009072924  -9999  -9999  -9999  -9999  -9999    0.0  -9999
C0G660 2009073001  -9999  -9999  -9999  -9999  -9999    0.0  -9999
C0G660 2009073002  -9999  -9999  -9999  -9999  -9999    0.0  -9999
C0G660 2009073003  -9999  -9999  -9999  -9999  -9999    0.0  -9999
C0G660 2009073004  -9999  -9999  -9999  -9999  -9999    0.0  -9999
C0G660 2009073005  -9999  -9999  -9999  -9999  -9999    0.0  -9999
C0G660 2009073006  -9999  -9999  -9999  -9999  -9999    0.0  -9999
C0G660 2009073007  -9999  -9999  -9999  -9999  -9999    0.0  -9999
C0G660 2009073008  -9999  -9999  -9999  -9999  -9999    0.0  -9999
C0G660 2009073009  -9999  -9999  -9999  -9999  -9999    0.0  -9999
C0G660 2009073010  -9999  -9999  -9999  -9999  -9999    0.0  -9999
C0G660 2009073011  -9999  -9999  -9999  -9999  -9999    0.0  -9999
C0G660 2009073012  -9999  -9999  -9999  -9999  -9999    0.0  -9999
C0G660 2009073013  -9999  -9999  -9999  -9999  -9999    0.0  -9999
C0G660 2009073014  -9999  -9999  -9999  -9999  -9999    0.0  -9999
C0G660 2009073015  -9999  -9999  -9999  -9999  -9999    0.0  -9999
C0G660 2009073016  -9999  -9999  -9999  -9999  -9999    0.0  -9999
C0G660 2009073017  -9999  -9999  -9999  -9999  -9999    0.0  -9999
C0G660 2009073018  -9999  -9999  -9999  -9999  -9999    0.0  -9999
C0G660 2009073019  -9999  -9999  -9999  -9999  -9999    0.0  -9999
C0G660 2009073020  -9999  -9999  -9999  -9999  -9999    0.0  -9999
C0G660 2009073021  -9999  -9999  -9999  -9999  -9999    0.0  -9999
C0G660 2009073022  -9999  -9999  -9999  -9999  -9999    0.0  -9999
C0G660 2009073023  -9999  -9999  -9999  -9999  -9999    0.0  -9999
C0G660 2009073024  -9999  -9999  -9999  -9999  -9999    0.0  -9999
C0G660 2009073101  -9999  -9999  -9999  -9999  -9999    0.0  -9999
C0G660 2009073102  -9999  -9999  -9999  -9999  -9999    0.0  -9999
C0G660 2009073103  -9999  -9999  -9999  -9999  -9999    0.0  -9999
C0G660 2009073104  -9999  -9999  -9999  -9999  -9999    0.0  -9999
C0G660 2009073105  -9999  -9999  -9999  -9999  -9999    0.0  -9999
C0G660 2009073106  -9999  -9999  -9999  -9999  -9999    0.0  -9999
C0G660 2009073107  -9999  -9999  -9999  -9999  -9999    0.0  -9999
C0G660 2009073108  -9999  -9999  -9999  -9999  -9999    0.0  -9999
C0G660 2009073109  -9999  -9999  -9999  -9999  -9999    0.0  -9999
C0G660 2009073110  -9999  -9999  -9999  -9999  -9999    0.0  -9999
C0G660 2009073111  -9999  -9999  -9999  -9999  -9999    0.0  -9999
C0G660 2009073112  -9999  -9999  -9999  -9999  -9999    0.0  -9999
C0G660 2009073113  -9999  -9999  -9999  -9999  -9999    0.0  -9999
C0G660 2009073114  -9999  -9999  -9999  -9999  -9999    0.0  -9999
C0G660 2009073115  -9999  -9999  -9999  -9999  -9999    0.0  -9999
C0G660 2009073116  -9999  -9999  -9999  -9999  -9999    0.0  -9999
C0G660 2009073117  -9999  -9999  -9999  -9999  -9999    0.0  -9999
C0G660 2009073118  -9999  -9999  -9999  -9999  -9999    0.0  -9999
C0G660 2009073119  -9999  -9999  -9999  -9999  -9999    0.0  -9999
C0G660 2009073120  -9999  -9999  -9999  -9999  -9999    0.0  -9999
C0G660 2009073121  -9999  -9999  -9999  -9999  -9999    0.0  -9999
C0G660 2009073122  -9999  -9999  -9999  -9999  -9999    0.0  -9999
C0G660 2009073123  -9999  -9999  -9999  -9999  -9999    0.0  -9999
C0G660 2009073124  -9999  -9999  -9999  -9999  -9999    0.0  -9999
