C0G650 2009090101  -9997   26.2  -9997    0.0    0.0    0.0    0.0
C0G650 2009090102  -9997   26.1  -9997    0.0    0.0    0.0    0.0
C0G650 2009090103  -9997   26.4  -9997    0.0    0.0    0.0    0.0
C0G650 2009090104  -9997   25.8  -9997    0.0    0.0    0.0    0.0
C0G650 2009090105  -9997   25.5  -9997    0.0    0.0    0.0    0.0
C0G650 2009090106  -9997   25.5  -9997    0.0    0.0    0.0    0.0
C0G650 2009090107  -9997   27.6  -9997    0.0    0.0    0.0    0.0
C0G650 2009090108  -9997   29.9  -9997    0.0    0.0    0.0    0.0
C0G650 2009090109  -9997   31.8  -9997  -9997    0.0    0.0    0.8
C0G650 2009090110  -9997   33.3  -9997    0.0    0.0    0.0    1.0
C0G650 2009090111  -9997   33.7  -9997    0.2  -9997    0.0   -9.6
C0G650 2009090112  -9997   33.4  -9997    0.1    0.0    0.0    1.8
C0G650 2009090113  -9997   34.9  -9997    0.2    0.0    0.0    0.4
C0G650 2009090114  -9997   34.7  -9997    0.9  270.0    0.0    1.0
C0G650 2009090115  -9997   33.6  -9997    0.5  330.0    0.0    1.0
C0G650 2009090116  -9997   34.5  -9997    0.3  270.0    0.0    1.0
C0G650 2009090117  -9997   33.8  -9997    0.6  210.0    0.0    1.0
C0G650 2009090118  -9997   32.3  -9997    0.7  190.0    0.0    0.4
C0G650 2009090119  -9997   30.6  -9997    0.1    0.0    0.0    0.0
C0G650 2009090120  -9997   29.7  -9997    0.2    0.0    0.0    0.0
C0G650 2009090121  -9997   29.1  -9997    0.7  190.0    0.0    0.0
C0G650 2009090122  -9997   28.7  -9997    0.9  180.0    0.0    0.0
C0G650 2009090123  -9997   28.4  -9997    0.1    0.0    0.0    0.0
C0G650 2009090124  -9997   28.0  -9997    0.0    0.0    0.0    0.0
C0G650 2009090201  -9997   27.7  -9997    0.0    0.0    0.0    0.0
C0G650 2009090202  -9997   27.6  -9997    0.0    0.0    0.0    0.0
C0G650 2009090203  -9997   27.5  -9997    0.0    0.0    0.0    0.0
C0G650 2009090204  -9997   27.4  -9997    0.0    0.0    0.0    0.0
C0G650 2009090205  -9997   26.9  -9997    0.0    0.0    0.0    0.0
C0G650 2009090206  -9997  -9997  -9997  -9997  -9997    0.0    0.0
C0G650 2009090207  -9997   28.2  -9997    0.0    0.0    0.0    0.0
C0G650 2009090208  -9997   29.6  -9997    0.0    0.0    0.0    0.0
C0G650 2009090209  -9997   30.4  -9997    0.0    0.0    0.0    0.2
C0G650 2009090210  -9997  -9997  -9997  -9997  -9997    0.0   -9.6
C0G650 2009090211  -9997  -9997  -9997  -9997  -9997    0.0   -9.6
C0G650 2009090212  -9997   33.0  -9997  -9997  -9997    0.0    1.9
C0G650 2009090213  -9997   33.3  -9997    1.5  -9997    0.0   -9.6
C0G650 2009090214  -9997   34.0  -9997    0.3  320.0    0.0    0.6
C0G650 2009090215  -9997   34.4  -9997    0.6  140.0    0.0    0.8
C0G650 2009090216  -9997   34.1  -9997  -9997  310.0    0.0    1.0
C0G650 2009090217  -9997   33.7  -9997    0.6   20.0    0.0    0.9
C0G650 2009090218  -9997   32.0  -9997    0.5  -9997    0.0    0.0
C0G650 2009090219  -9997   31.4  -9997    0.0    0.0    0.0    0.0
C0G650 2009090220  -9997   30.8  -9997    0.3  230.0    0.0    0.0
C0G650 2009090221  -9997   29.7  -9997    1.4  190.0    0.0    0.0
C0G650 2009090222  -9997   29.1  -9997    0.0    0.0    0.0    0.0
C0G650 2009090223  -9997   28.7  -9997    0.0    0.0    0.0    0.0
C0G650 2009090224  -9997   28.2  -9997    0.0    0.0    0.0    0.0
C0G650 2009090301  -9997  -9997  -9997    0.0    0.0    0.0    0.0
C0G650 2009090302  -9997   27.7  -9997    0.0    0.0    0.0    0.0
C0G650 2009090303  -9997   27.2  -9997    0.0    0.0    0.0    0.0
C0G650 2009090304  -9997   27.5  -9997    0.0  -9997    0.0    0.0
C0G650 2009090305  -9997  -9997  -9997  -9997    0.0    0.0    0.0
C0G650 2009090306  -9997   26.9  -9997    0.0    0.0    0.0    0.0
C0G650 2009090307  -9997  -9997  -9997  -9997  -9997    0.0   -9.6
C0G650 2009090308  -9997  -9997  -9997  -9997  -9997    0.0   -9.6
C0G650 2009090309  -9997   31.2  -9997    0.9   50.0    0.0    0.9
C0G650 2009090310  -9997  -9997  -9997  -9997  -9997    0.0   -9.6
C0G650 2009090311  -9997  -9997  -9997  -9997  -9997    0.0   -9.6
C0G650 2009090312  -9997   34.3  -9997    0.2    0.0    0.0    2.5
C0G650 2009090313  -9997   33.6  -9997    0.1    0.0    0.0    0.3
C0G650 2009090314  -9997  -9997  -9997  -9997  -9997    0.0   -9.6
C0G650 2009090315  -9997   35.6  -9997    0.9  250.0    0.0    1.3
C0G650 2009090316  -9997   34.7  -9997    0.2    0.0    0.0    1.0
C0G650 2009090317  -9997   34.4  -9997    0.1    0.0    0.0    0.5
C0G650 2009090318  -9997   32.8  -9997    0.5  230.0    0.0    0.0
C0G650 2009090319  -9997   28.2  -9997    0.2    0.0    1.5    0.0
C0G650 2009090320  -9997   27.8  -9997    0.0    0.0    0.0    0.0
C0G650 2009090321  -9997   27.7  -9997    0.0    0.0    0.0    0.0
C0G650 2009090322  -9997   27.4  -9997    0.0    0.0    0.0    0.0
C0G650 2009090323  -9997   27.3  -9997    0.0    0.0    0.0    0.0
C0G650 2009090324  -9997   27.1  -9997    0.0    0.0    0.0    0.0
C0G650 2009090401  -9997  -9997  -9997  -9997    0.0    0.0    0.0
C0G650 2009090402  -9997   27.0  -9997    0.0    0.0    0.0    0.0
C0G650 2009090403  -9997   26.8  -9997    0.0    0.0    0.0    0.0
C0G650 2009090404  -9997   26.7  -9997    0.0    0.0    0.0    0.0
C0G650 2009090405  -9997   26.7  -9997    0.0    0.0    0.0    0.0
C0G650 2009090406  -9997   26.8  -9997    0.0    0.0    0.0    0.0
C0G650 2009090407  -9997   27.6  -9997    0.0    0.0    0.0    0.0
C0G650 2009090408  -9997   29.0  -9997    0.8  180.0    0.0    0.0
C0G650 2009090409  -9997   30.7  -9997    0.2    0.0    0.0    0.9
C0G650 2009090410  -9997   32.8  -9997    0.2    0.0    0.0    1.0
C0G650 2009090411  -9997  -9997  -9997    0.0    0.0    0.0    1.0
C0G650 2009090412  -9997   34.6  -9997    0.1    0.0    0.0   -9.6
C0G650 2009090413  -9997  -9997  -9997  -9997    0.0    0.0    1.0
C0G650 2009090414  -9997   34.8  -9997    0.1    0.0    0.0    0.6
C0G650 2009090415  -9997   33.9  -9997    0.5   20.0    0.0    1.0
C0G650 2009090416  -9997   33.8  -9997    0.6   20.0    0.0    1.0
C0G650 2009090417  -9997   32.8  -9997    0.8   30.0    0.0    1.0
C0G650 2009090418  -9997  -9997  -9997  -9997  -9997    0.0   -9.6
C0G650 2009090419  -9997  -9997  -9997  -9997  -9997    0.0   -9.6
C0G650 2009090420  -9997   29.2  -9997    0.3  220.0    0.0    0.3
C0G650 2009090421  -9997   27.9  -9997    0.0    0.0    0.0    0.0
C0G650 2009090422  -9997  -9997  -9997  -9997  -9997    0.0    0.0
C0G650 2009090423  -9997   27.5  -9997    0.0    0.0    0.0    0.0
C0G650 2009090424  -9997   27.7  -9997    0.0    0.0    0.0    0.0
C0G650 2009090501  -9997   27.6  -9997    0.0    0.0    0.0    0.0
C0G650 2009090502  -9997   27.7  -9997    0.0    0.0    0.0    0.0
C0G650 2009090503  -9997   27.6  -9997    0.0    0.0    0.0    0.0
C0G650 2009090504  -9997   27.8  -9997    0.0    0.0    0.0    0.0
C0G650 2009090505  -9997  -9997  -9997    0.0    0.0    0.0    0.0
C0G650 2009090506  -9997   27.6  -9997    0.0    0.0    0.0    0.0
C0G650 2009090507  -9997   28.0  -9997    0.0    0.0    0.0    0.0
C0G650 2009090508  -9997  -9997  -9997    0.2    0.0    0.0    0.0
C0G650 2009090509  -9997  -9997  -9997  -9997  -9997    0.0   -9.6
C0G650 2009090510  -9997   32.4  -9997    0.5  260.0    0.0   -9.6
C0G650 2009090511  -9997   31.9  -9997    0.2    0.0    0.0    1.3
C0G650 2009090512  -9997  -9997  -9997  -9997  -9997    0.0    0.2
C0G650 2009090513  -9997   33.2  -9997    1.1   40.0    0.0    0.7
C0G650 2009090514  -9997   33.4  -9997    2.2   20.0    0.0    0.9
C0G650 2009090515  -9997   33.9  -9997    1.6  -9997    0.0    1.0
C0G650 2009090516  -9997   33.0  -9997    2.0   30.0    0.0    1.0
C0G650 2009090517  -9997   32.1  -9997    1.2   40.0    0.0    1.0
C0G650 2009090518  -9997   31.0  -9997    0.6   30.0    0.0    0.4
C0G650 2009090519  -9997   30.0  -9997  -9997    0.0    0.0    0.0
C0G650 2009090520  -9997   29.4  -9997    0.0    0.0    0.0    0.0
C0G650 2009090521  -9997  -9997  -9997  -9997  -9997    0.0    0.0
C0G650 2009090522  -9997   28.0  -9997    0.1    0.0    0.0    0.0
C0G650 2009090523  -9997   27.6  -9997    0.0    0.0    0.0    0.0
C0G650 2009090524  -9997   27.4  -9997    0.0    0.0    0.0    0.0
C0G650 2009090601  -9997   27.5  -9997    0.0    0.0    0.0    0.0
C0G650 2009090602  -9997   26.9  -9997    0.0    0.0    0.0    0.0
C0G650 2009090603  -9997   27.1  -9997    0.0    0.0    0.0    0.0
C0G650 2009090604  -9997   27.6  -9997    0.0    0.0    0.0    0.0
C0G650 2009090605  -9997   27.6  -9997    0.0    0.0    0.0    0.0
C0G650 2009090606  -9997   26.9  -9997    0.0    0.0    0.0    0.0
C0G650 2009090607  -9997   28.4  -9997    0.0    0.0    0.0    0.0
C0G650 2009090608  -9997   29.7  -9997    0.0    0.0    0.0    0.0
C0G650 2009090609  -9997   31.2  -9997    0.7  150.0    0.0    0.8
C0G650 2009090610  -9997   32.9  -9997    0.2    0.0    0.0    0.2
C0G650 2009090611  -9997   31.9  -9997    0.7  270.0    0.0    0.6
C0G650 2009090612  -9997   32.7  -9997    0.5  270.0    0.0   -9.6
C0G650 2009090613  -9997   32.6  -9997    0.1    0.0    0.0    0.5
C0G650 2009090614  -9997   33.2  -9997    1.0   40.0    0.0    0.2
C0G650 2009090615  -9997   32.7  -9997    1.8   30.0    0.0    1.0
C0G650 2009090616  -9997   32.5  -9997    0.3   30.0    0.0    1.0
C0G650 2009090617  -9997   31.3  -9997    0.3   10.0    0.0    1.0
C0G650 2009090618  -9997   29.8  -9997  -9997  170.0    0.0    0.2
C0G650 2009090619  -9997   28.9  -9997    0.8  200.0    0.0    0.0
C0G650 2009090620  -9997   28.1  -9997    1.3  190.0    0.0    0.0
C0G650 2009090621  -9997  -9997  -9997  -9997  -9997    0.0    0.0
C0G650 2009090622  -9997   27.2  -9997    0.0  -9997    0.0    0.0
C0G650 2009090623  -9997   26.9  -9997    0.0    0.0    0.0    0.0
C0G650 2009090624  -9997   26.9  -9997    0.0    0.0    0.0    0.0
C0G650 2009090701  -9997   27.1  -9997    0.0    0.0    0.0    0.0
C0G650 2009090702  -9997   26.7  -9997    0.0    0.0    0.0    0.0
C0G650 2009090703  -9997   26.2  -9997    0.0    0.0    0.0    0.0
C0G650 2009090704  -9997   26.0  -9997    0.0    0.0    0.0    0.0
C0G650 2009090705  -9997   25.6  -9997    0.0    0.0    0.0    0.0
C0G650 2009090706  -9997   26.5  -9997    0.0    0.0    0.0    0.0
C0G650 2009090707  -9997   27.8  -9997    0.0    0.0    0.0    0.0
C0G650 2009090708  -9997   29.0  -9997    0.0    0.0    0.0    0.0
C0G650 2009090709  -9997   31.2  -9997    0.7  190.0    0.0    0.6
C0G650 2009090710  -9997   31.5  -9997    1.1   70.0    0.0    1.0
C0G650 2009090711  -9997   33.4  -9997    0.1    0.0    0.0    1.0
C0G650 2009090712  -9997   33.3  -9997    0.1    0.0    0.0    0.7
C0G650 2009090713  -9997   33.6  -9997    0.2    0.0    0.0    0.6
C0G650 2009090714  -9997   34.2  -9997    0.3  360.0    0.0   -9.6
C0G650 2009090715  -9997   33.5  -9997  -9997   20.0    0.0    2.0
C0G650 2009090716  -9997   32.9  -9997    0.8   30.0    0.0    1.0
C0G650 2009090717  -9997   31.8  -9997    0.8   30.0    0.0    1.0
C0G650 2009090718  -9997   30.8  -9997    0.4   20.0    0.0    0.4
C0G650 2009090719  -9997   29.8  -9997    0.1    0.0    0.0    0.0
C0G650 2009090720  -9997   29.0  -9997    0.0    0.0    0.0    0.0
C0G650 2009090721  -9997   28.0  -9997    0.0    0.0    0.0    0.0
C0G650 2009090722  -9997   27.0  -9997    0.0    0.0    0.0    0.0
C0G650 2009090723  -9997   26.5  -9997    0.0    0.0    0.0    0.0
C0G650 2009090724  -9997   26.4  -9997    0.0    0.0    0.0    0.0
C0G650 2009090801  -9997   25.9  -9997    0.0    0.0    0.0    0.0
C0G650 2009090802  -9997   25.9  -9997    0.0    0.0    0.0    0.0
C0G650 2009090803  -9997   25.8  -9997    0.0    0.0    0.0    0.0
C0G650 2009090804  -9997   26.5  -9997    0.0    0.0    0.0    0.0
C0G650 2009090805  -9997   26.4  -9997    0.0    0.0    0.0    0.0
C0G650 2009090806  -9997   26.1  -9997    0.0    0.0    0.0    0.0
C0G650 2009090807  -9997   27.7  -9997    0.0    0.0    0.0    0.0
C0G650 2009090808  -9997   28.7  -9997    0.4   60.0    0.0    0.0
C0G650 2009090809  -9997   29.5  -9997    0.2    0.0    0.0    0.5
C0G650 2009090810  -9997   31.6  -9997    0.2    0.0    0.0    0.1
C0G650 2009090811  -9997   31.7  -9997    1.0   10.0    0.0    0.6
C0G650 2009090812  -9997   32.6  -9997    0.1    0.0    0.0    1.0
C0G650 2009090813  -9997   32.9  -9997    1.4   20.0    0.0    0.8
C0G650 2009090814  -9997   33.3  -9997    0.8  350.0    0.0    0.9
C0G650 2009090815  -9997   33.3  -9997    0.9  360.0    0.0    1.0
C0G650 2009090816  -9997   32.7  -9997  -9997  -9997    0.0   -9.6
C0G650 2009090817  -9997   31.7  -9997    1.4   20.0    0.0    1.7
C0G650 2009090818  -9997   30.3  -9997    1.4   20.0    0.0    0.0
C0G650 2009090819  -9997   29.7  -9997    0.3   60.0    0.0    0.0
C0G650 2009090820  -9997   28.8  -9997    0.0    0.0    0.0    0.0
C0G650 2009090821  -9997  -9997  -9997  -9997  -9997    0.0    0.0
C0G650 2009090822  -9997   27.8  -9997    0.0  -9997    0.0    0.0
C0G650 2009090823  -9997   27.8  -9997    0.0    0.0    0.0    0.0
C0G650 2009090824  -9997   27.4  -9997    0.0    0.0    0.0    0.0
C0G650 2009090901  -9997   27.0  -9997    0.0    0.0    0.0    0.0
C0G650 2009090902  -9997   27.2  -9997    0.0    0.0    0.0    0.0
C0G650 2009090903  -9997   27.0  -9997    0.1    0.0    0.0    0.0
C0G650 2009090904  -9997   27.0  -9997    0.1    0.0    0.0    0.0
C0G650 2009090905  -9997   26.7  -9997    0.0    0.0    0.0    0.0
C0G650 2009090906  -9997  -9997  -9997  -9997  -9997    0.0    0.0
C0G650 2009090907  -9997   27.7  -9997    0.0    0.0    0.0    0.0
C0G650 2009090908  -9997   29.4  -9997    0.0    0.0    0.0    0.0
C0G650 2009090909  -9997   32.1  -9997    0.1    0.0    0.0    0.9
C0G650 2009090910  -9997   32.7  -9997    0.1    0.0    0.0    1.0
C0G650 2009090911  -9997   34.4  -9997    0.0    0.0    0.0    0.9
C0G650 2009090912  -9997   32.5  -9997    0.0    0.0    0.0    0.5
C0G650 2009090913  -9997   34.1  -9997    1.0  250.0    0.0    0.3
C0G650 2009090914  -9997   34.2  -9997    0.4  280.0    0.0    0.6
C0G650 2009090915  -9997   32.9  -9997  -9997  320.0    0.0   -9.6
C0G650 2009090916  -9997   32.2  -9997    1.3   30.0    0.0    0.3
C0G650 2009090917  -9997   31.5  -9997    0.8   20.0    0.0    0.0
C0G650 2009090918  -9997   30.5  -9997    0.0    0.0    0.0    0.0
C0G650 2009090919  -9997   29.8  -9997    0.0    0.0    0.0    0.0
C0G650 2009090920  -9997   28.9  -9997    0.2    0.0    0.0    0.0
C0G650 2009090921  -9997  -9997  -9997  -9997  -9997    0.0    0.0
C0G650 2009090922  -9997   27.9  -9997    0.7  190.0    0.0    0.0
C0G650 2009090923  -9997   27.5  -9997    0.0    0.0    0.0    0.0
C0G650 2009090924  -9997   27.4  -9997    0.0    0.0    0.0    0.0
C0G650 2009091001  -9997   26.9  -9997    0.0    0.0    0.0    0.0
C0G650 2009091002  -9997   26.5  -9997    0.0    0.0    0.0    0.0
C0G650 2009091003  -9997   26.2  -9997    0.0    0.0    0.0    0.0
C0G650 2009091004  -9997   25.9  -9997    0.0    0.0    0.0    0.0
C0G650 2009091005  -9997   25.9  -9997    0.0    0.0    0.0    0.0
C0G650 2009091006  -9997  -9997  -9997  -9997  -9997    0.0    0.0
C0G650 2009091007  -9997   27.5  -9997    0.0    0.0    0.0    0.0
C0G650 2009091008  -9997   29.7  -9997    0.0    0.0    0.0    0.0
C0G650 2009091009  -9997   32.0  -9997    0.2    0.0    0.0    0.9
C0G650 2009091010  -9997   33.4  -9997    1.6  170.0    0.0   -9.6
C0G650 2009091011  -9997   34.9  -9997    0.6  230.0    0.0   -9.6
C0G650 2009091012  -9997   33.0  -9997    0.1    0.0    0.0    2.3
C0G650 2009091013  -9997   32.2  -9997    0.1    0.0    0.0    0.0
C0G650 2009091014  -9997   34.3  -9997  -9997    0.0    0.0    0.7
C0G650 2009091015  -9997   33.0  -9997    0.4  290.0    0.0    0.7
C0G650 2009091016  -9997   32.3  -9997    0.1    0.0    0.0    0.1
C0G650 2009091017  -9997   31.7  -9997    0.0    0.0    0.0    0.0
C0G650 2009091018  -9997   31.0  -9997    0.0    0.0    0.0    0.0
C0G650 2009091019  -9997   29.6  -9997    1.1  190.0    0.0    0.0
C0G650 2009091020  -9997   28.8  -9997    0.1    0.0    0.0    0.0
C0G650 2009091021  -9997   28.3  -9997    0.0    0.0    0.0    0.0
C0G650 2009091022  -9997   27.9  -9997    0.0    0.0    0.0    0.0
C0G650 2009091023  -9997  -9997  -9997  -9997  -9997    0.0    0.0
C0G650 2009091024  -9997   27.4  -9997    0.0    0.0    0.0    0.0
C0G650 2009091101  -9997   26.9  -9997    0.7  190.0    0.0    0.0
C0G650 2009091102  -9997  -9997  -9997  -9997    0.0    0.0    0.0
C0G650 2009091103  -9997   26.7  -9997    0.0    0.0    0.0    0.0
C0G650 2009091104  -9997   26.5  -9997    0.0    0.0    0.0    0.0
C0G650 2009091105  -9997   26.3  -9997    0.0    0.0    0.0    0.0
C0G650 2009091106  -9997   26.5  -9997    0.0    0.0    0.0    0.0
C0G650 2009091107  -9997   27.9  -9997    0.0    0.0    0.0    0.0
C0G650 2009091108  -9997   29.5  -9997    0.3  180.0    0.0    0.0
C0G650 2009091109  -9997   30.2  -9997    1.4  220.0    0.0    0.8
C0G650 2009091110  -9997  -9997  -9997    1.2  -9997    0.0    1.0
C0G650 2009091111  -9997   33.1  -9997    1.0  200.0    0.0    1.0
C0G650 2009091112  -9997   34.2  -9997    2.2  190.0    0.0    0.7
C0G650 2009091113  -9997   33.2  -9997    0.2    0.0    0.0    0.6
C0G650 2009091114  -9997   32.3  -9997  -9997  -9997    0.0   -9.6
C0G650 2009091115  -9997   33.6  -9997    0.7  270.0    0.0    0.7
C0G650 2009091116  -9997   31.5  -9997    0.4  260.0    0.0    0.0
C0G650 2009091117  -9997   31.2  -9997    0.2    0.0    0.0    0.0
C0G650 2009091118  -9997   30.4  -9997    0.1    0.0    0.0    0.0
C0G650 2009091119  -9997   30.0  -9997    0.0    0.0    0.0    0.0
C0G650 2009091120  -9997   29.7  -9997    0.0    0.0    0.0    0.0
C0G650 2009091121  -9997   29.0  -9997    0.0  -9997    0.0    0.0
C0G650 2009091122  -9997  -9997  -9997  -9997    0.0    0.0    0.0
C0G650 2009091123  -9997   28.1  -9997    0.0    0.0    0.0    0.0
C0G650 2009091124  -9997   27.7  -9997    0.0    0.0    0.0    0.0
C0G650 2009091201  -9997   27.2  -9997    0.0    0.0    0.0    0.0
C0G650 2009091202  -9997   27.1  -9997    0.0  -9997    0.0    0.0
C0G650 2009091203  -9997   26.8  -9997    0.0    0.0    0.0    0.0
C0G650 2009091204  -9997   26.5  -9997    0.0    0.0    0.0    0.0
C0G650 2009091205  -9997   26.5  -9997    0.0    0.0    0.0    0.0
C0G650 2009091206  -9997   26.5  -9997    0.0    0.0    0.0    0.0
C0G650 2009091207  -9997   27.2  -9997    0.0    0.0    0.0    0.0
C0G650 2009091208  -9997   29.2  -9997    0.2    0.0    0.0    0.0
C0G650 2009091209  -9997   31.8  -9997  -9997  -9997    0.0   -9.6
C0G650 2009091210  -9997  -9997  -9997    0.3  -9997    0.0    1.7
C0G650 2009091211  -9997  -9997  -9997  -9997  -9997    0.0   -9.6
C0G650 2009091212  -9997  -9997  -9997  -9997  -9997    0.0   -9.6
C0G650 2009091213  -9997   33.4  -9997    1.5   30.0    0.0    1.3
C0G650 2009091214  -9997   33.7  -9997    0.7   30.0    0.0    1.0
C0G650 2009091215  -9997   33.1  -9997    2.3   30.0    0.0    1.0
C0G650 2009091216  -9997   32.7  -9997    1.3   20.0    0.0    1.0
C0G650 2009091217  -9997   32.2  -9997    1.2   20.0    0.0    1.0
C0G650 2009091218  -9997   31.4  -9997    1.1   30.0    0.0    0.0
C0G650 2009091219  -9997   30.5  -9997    0.0    0.0    0.0    0.0
C0G650 2009091220  -9997   29.3  -9997    0.0    0.0    0.0    0.0
C0G650 2009091221  -9997   28.7  -9997    0.0    0.0    0.0    0.0
C0G650 2009091222  -9997   27.9  -9997    0.4  190.0    0.0    0.0
C0G650 2009091223  -9997   27.6  -9997    0.2    0.0    0.0    0.0
C0G650 2009091224  -9997   27.5  -9997    0.0    0.0    0.0    0.0
C0G650 2009091301  -9997   27.1  -9997    0.0    0.0    0.0    0.0
C0G650 2009091302  -9997   26.8  -9997    0.0    0.0    0.0    0.0
C0G650 2009091303  -9997   26.4  -9997    0.0    0.0    0.0    0.0
C0G650 2009091304  -9997   26.9  -9997    0.0    0.0    0.0    0.0
C0G650 2009091305  -9997   26.7  -9997    0.0    0.0    0.0    0.0
C0G650 2009091306  -9997   26.3  -9997    0.0    0.0    0.0    0.0
C0G650 2009091307  -9997  -9997  -9997  -9997  -9997    0.0    0.0
C0G650 2009091308  -9997  -9997  -9997  -9997  -9997    0.0   -9.6
C0G650 2009091309  -9997  -9997  -9997    0.3  -9997    0.0    0.7
C0G650 2009091310  -9997  -9997  -9997  -9997  -9997    0.0   -9.6
C0G650 2009091311  -9997   33.0  -9997    1.0  240.0    0.0    1.1
C0G650 2009091312  -9997   33.6  -9997    1.6  210.0    0.0    0.9
C0G650 2009091313  -9997   32.1  -9997    2.0  210.0    0.0    0.2
C0G650 2009091314  -9997   32.2  -9997    1.4  230.0    0.0    0.1
C0G650 2009091315  -9997  -9997  -9997    0.7  210.0    0.0   -9.6
C0G650 2009091316  -9997   32.2  -9997    1.2  200.0    0.0   -9.6
C0G650 2009091317  -9997   31.4  -9997    1.2  200.0    0.0    0.2
C0G650 2009091318  -9997   30.7  -9997    0.7  210.0    0.0    0.0
C0G650 2009091319  -9997   29.7  -9997    0.2    0.0    0.0    0.0
C0G650 2009091320  -9997   29.0  -9997    0.3  180.0    0.0    0.0
C0G650 2009091321  -9997   28.6  -9997    0.0    0.0    0.0    0.0
C0G650 2009091322  -9997   28.5  -9997    0.0    0.0    0.0    0.0
C0G650 2009091323  -9997   28.9  -9997    0.8  190.0    0.0    0.0
C0G650 2009091324  -9997   28.3  -9997    0.0    0.0    0.0    0.0
C0G650 2009091401  -9997   28.0  -9997    0.0    0.0    0.0    0.0
C0G650 2009091402  -9997   27.5  -9997    0.0    0.0    0.0    0.0
C0G650 2009091403  -9997   27.4  -9997    0.0    0.0    0.0    0.0
C0G650 2009091404  -9997   27.2  -9997    0.0    0.0    0.0    0.0
C0G650 2009091405  -9997   27.6  -9997    0.0    0.0    0.0    0.0
C0G650 2009091406  -9997   28.3  -9997    0.0    0.0    0.0    0.0
C0G650 2009091407  -9997   28.6  -9997    0.1    0.0    0.0    0.0
C0G650 2009091408  -9997   30.0  -9997    0.3  180.0    0.0    0.0
C0G650 2009091409  -9997  -9997  -9997  -9997  -9997    0.0   -9.6
C0G650 2009091410  -9997   31.8  -9997    0.0    0.0    0.0    1.2
C0G650 2009091411  -9997   33.4  -9997    0.1    0.0    0.0    0.8
C0G650 2009091412  -9997   34.5  -9997    0.5  220.0    0.0    0.5
C0G650 2009091413  -9997   34.2  -9997    0.1    0.0    0.0    0.4
C0G650 2009091414  -9997   33.6  -9997    0.1    0.0    0.0    0.2
C0G650 2009091415  -9997  -9997  -9997  -9997  250.0    0.0   -9.6
C0G650 2009091416  -9997   31.5  -9997    0.1    0.0    0.0   -9.6
C0G650 2009091417  -9997   28.2  -9997    0.9  180.0    2.0    0.8
C0G650 2009091418  -9997   28.2  -9997    0.2    0.0    1.5    0.0
C0G650 2009091419  -9997   27.5  -9997    0.0    0.0    3.5    0.0
C0G650 2009091420  -9997  -9997  -9997  -9997  -9997    0.0    0.0
C0G650 2009091421  -9997   27.4  -9997    0.4  190.0    0.5    0.0
C0G650 2009091422  -9997   27.1  -9997    0.0    0.0    0.0    0.0
C0G650 2009091423  -9997   27.0  -9997    0.0    0.0    0.0    0.0
C0G650 2009091424  -9997   27.1  -9997    0.0    0.0    0.0    0.0
C0G650 2009091501  -9997   26.7  -9997    0.0    0.0    0.0    0.0
C0G650 2009091502  -9997   26.3  -9997    0.0    0.0    0.0    0.0
C0G650 2009091503  -9997   27.0  -9997    0.0    0.0    0.0    0.0
C0G650 2009091504  -9997   26.7  -9997    0.0    0.0    0.0    0.0
C0G650 2009091505  -9997   27.0  -9997    0.0    0.0    0.0    0.0
C0G650 2009091506  -9997  -9997  -9997  -9997  -9997    0.0    0.0
C0G650 2009091507  -9997   27.3  -9997    0.0    0.0    0.0    0.0
C0G650 2009091508  -9997  -9997  -9997  -9997  -9997    0.0   -9.6
C0G650 2009091509  -9997   31.4  -9997    0.0    0.0    0.0    0.8
C0G650 2009091510  -9997  -9997  -9997  -9997    0.0    0.0   -9.6
C0G650 2009091511  -9997   32.7  -9997    0.4   80.0    0.0   -9.6
C0G650 2009091512  -9997  -9997  -9997  -9997  -9997    0.0   -9.6
C0G650 2009091513  -9997   34.4  -9997    0.1    0.0    0.0    2.3
C0G650 2009091514  -9997   33.5  -9997    1.1  270.0    0.0    0.5
C0G650 2009091515  -9997   31.6  -9997    0.8  300.0    0.0    0.4
C0G650 2009091516  -9997  -9997  -9997  -9997  280.0    0.0    0.0
C0G650 2009091517  -9997  -9997  -9997  -9997  -9997    0.0    0.0
C0G650 2009091518  -9997   28.0  -9997    1.9  -9997    0.0    0.0
C0G650 2009091519  -9997   27.7  -9997    0.0    0.0    0.0    0.0
C0G650 2009091520  -9997   27.9  -9997    0.0    0.0    0.0    0.0
C0G650 2009091521  -9997   27.9  -9997    0.0    0.0    0.0    0.0
C0G650 2009091522  -9997   27.0  -9997    0.9  200.0    0.5    0.0
C0G650 2009091523  -9997   26.7  -9997    0.0  -9997    0.5    0.0
C0G650 2009091524  -9997   27.0  -9997    0.0  -9997    0.0    0.0
C0G650 2009091601  -9997   27.0  -9997    0.0    0.0    0.0    0.0
C0G650 2009091602  -9997   26.8  -9997    0.0    0.0    0.0    0.0
C0G650 2009091603  -9997   27.0  -9997    0.0    0.0    0.0    0.0
C0G650 2009091604  -9997  -9997  -9997  -9997  -9997    0.0    0.0
C0G650 2009091605  -9997   26.3  -9997    0.0    0.0    0.0    0.0
C0G650 2009091606  -9997   26.4  -9997    0.0    0.0    0.0    0.0
C0G650 2009091607  -9997   27.2  -9997    0.0    0.0    0.0    0.0
C0G650 2009091608  -9997  -9997  -9997  -9997  -9997    0.0   -9.6
C0G650 2009091609  -9997   30.5  -9997    0.3   30.0    0.0    0.8
C0G650 2009091610  -9997   32.2  -9997    0.3  360.0    0.0    0.8
C0G650 2009091611  -9997  -9997  -9997  -9997  -9997    0.0   -9.6
C0G650 2009091612  -9997   32.0  -9997    1.2  260.0    0.0    0.3
C0G650 2009091613  -9997   33.9  -9997    0.4  300.0    0.0    0.6
C0G650 2009091614  -9997   33.8  -9997    1.1  280.0    0.0    1.0
C0G650 2009091615  -9997  -9997  -9997  -9997  -9997    0.0   -9.6
C0G650 2009091616  -9997   31.5  -9997    0.5   20.0    0.0    0.6
C0G650 2009091617  -9997  -9997  -9997  -9997  -9997    0.0    0.0
C0G650 2009091618  -9997   30.2  -9997    0.0    0.0    0.0    0.0
C0G650 2009091619  -9997   29.5  -9997    0.0    0.0    0.0    0.0
C0G650 2009091620  -9997  -9997  -9997    0.0    0.0    0.0    0.0
C0G650 2009091621  -9997  -9997  -9997  -9997    0.0    0.0    0.0
C0G650 2009091622  -9997   28.2  -9997  -9997  -9997    0.0    0.0
C0G650 2009091623  -9997   27.8  -9997    0.0  -9997    0.0    0.0
C0G650 2009091624  -9997   27.9  -9997    0.0    0.0    0.0    0.0
C0G650 2009091701  -9997   28.0  -9997    0.0    0.0    0.0    0.0
C0G650 2009091702  -9997  -9997  -9997    0.0    0.0    0.0    0.0
C0G650 2009091703  -9997  -9997  -9997  -9997  -9997    0.0    0.0
C0G650 2009091704  -9997   26.7  -9997    0.0    0.0    0.0    0.0
C0G650 2009091705  -9997   26.3  -9997    0.0    0.0    0.0    0.0
C0G650 2009091706  -9997  -9997  -9997  -9997  -9997    0.0    0.0
C0G650 2009091707  -9997   27.4  -9997    0.0    0.0    0.0    0.0
C0G650 2009091708  -9997   29.1  -9997    0.1    0.0    0.0    0.0
C0G650 2009091709  -9997   31.4  -9997    0.6  230.0    0.0    1.0
C0G650 2009091710  -9997   31.7  -9997    0.1  -9997    0.0    0.9
C0G650 2009091711  -9997   32.2  -9997    1.8   70.0    0.0    0.9
C0G650 2009091712  -9997  -9997  -9997  -9997  -9997    0.0   -9.6
C0G650 2009091713  -9997   34.3  -9997    1.3  280.0    0.0    1.1
C0G650 2009091714  -9997   34.8  -9997    0.4  270.0    0.0    1.0
C0G650 2009091715  -9997   33.3  -9997    0.6  300.0    0.0    1.0
C0G650 2009091716  -9997   32.7  -9997    0.2    0.0    0.0    1.0
C0G650 2009091717  -9997   31.4  -9997    1.5   30.0    0.0    1.0
C0G650 2009091718  -9997   30.7  -9997    0.3   50.0    0.0    0.1
C0G650 2009091719  -9997   29.8  -9997    0.0    0.0    0.0    0.0
C0G650 2009091720  -9997  -9997  -9997  -9997  -9997    0.0    0.0
C0G650 2009091721  -9997   28.1  -9997    0.0    0.0    0.0    0.0
C0G650 2009091722  -9997   27.7  -9997    0.0    0.0    0.0    0.0
C0G650 2009091723  -9997   27.4  -9997    0.0    0.0    0.0    0.0
C0G650 2009091724  -9997   26.9  -9997    0.0    0.0    0.0    0.0
C0G650 2009091801  -9997   27.3  -9997    0.0    0.0    0.0    0.0
C0G650 2009091802  -9997   27.0  -9997    0.0    0.0    0.0    0.0
C0G650 2009091803  -9997   26.4  -9997    0.0    0.0    0.0    0.0
C0G650 2009091804  -9997   26.0  -9997    0.0    0.0    0.0    0.0
C0G650 2009091805  -9997   25.8  -9997    0.0    0.0    0.0    0.0
C0G650 2009091806  -9997   25.8  -9997    0.0    0.0    0.0    0.0
C0G650 2009091807  -9997   27.0  -9997    0.0    0.0    0.0    0.0
C0G650 2009091808  -9997   28.8  -9997    0.0    0.0    0.0    0.0
C0G650 2009091809  -9997   30.6  -9997    0.4   50.0    0.0    1.0
C0G650 2009091810  -9997   32.5  -9997    0.3   50.0    0.0   -9.6
C0G650 2009091811  -9997   32.7  -9997    0.5  360.0    0.0    1.8
C0G650 2009091812  -9997   33.4  -9997    0.2    0.0    0.0    0.6
C0G650 2009091813  -9997   34.0  -9997    0.7  280.0    0.0    0.9
C0G650 2009091814  -9997   33.6  -9997    0.2    0.0    0.0    0.9
C0G650 2009091815  -9997   33.7  -9997    0.6  320.0    0.0    1.0
C0G650 2009091816  -9997   32.7  -9997    0.5   20.0    0.0    1.0
C0G650 2009091817  -9997   31.7  -9997    0.4  290.0    0.0    1.0
C0G650 2009091818  -9997   30.6  -9997    0.0    0.0    0.0    0.2
C0G650 2009091819  -9997   29.9  -9997    0.0    0.0    0.0    0.0
C0G650 2009091820  -9997   29.2  -9997    0.0    0.0    0.0    0.0
C0G650 2009091821  -9997   28.5  -9997    0.0    0.0    0.0    0.0
C0G650 2009091822  -9997   28.0  -9997    0.0    0.0    0.0    0.0
C0G650 2009091823  -9997   27.9  -9997    0.0    0.0    0.0    0.0
C0G650 2009091824  -9997   27.7  -9997    0.0    0.0    0.0    0.0
C0G650 2009091901  -9997   27.8  -9997    0.0    0.0    0.0    0.0
C0G650 2009091902  -9997   27.6  -9997    0.0    0.0    0.0    0.0
C0G650 2009091903  -9997   27.3  -9997  -9997    0.0    0.0    0.0
C0G650 2009091904  -9997   27.3  -9997    0.0    0.0    0.0    0.0
C0G650 2009091905  -9997   27.2  -9997    0.0    0.0    0.0    0.0
C0G650 2009091906  -9997   27.1  -9997    0.0    0.0    0.0    0.0
C0G650 2009091907  -9997   27.9  -9997    0.0  -9997    0.0    0.0
C0G650 2009091908  -9997  -9997  -9997  -9997  -9997    0.0   -9.6
C0G650 2009091909  -9997  -9997  -9997  -9997  -9997    0.0   -9.6
C0G650 2009091910  -9997   31.9  -9997    0.7   10.0    0.0    1.0
C0G650 2009091911  -9997  -9997  -9997    0.0    0.0    0.0    0.4
C0G650 2009091912  -9997   31.9  -9997    0.7   30.0    0.0    0.0
C0G650 2009091913  -9997   32.7  -9997    0.2    0.0    0.0    0.5
C0G650 2009091914  -9997   33.5  -9997    0.1    0.0    0.0    0.4
C0G650 2009091915  -9997   33.7  -9997    0.6  330.0    0.0    0.9
C0G650 2009091916  -9997   32.9  -9997    0.4  320.0    0.0    1.0
C0G650 2009091917  -9997   31.9  -9997    0.9   20.0    0.0    0.9
C0G650 2009091918  -9997   30.3  -9997    0.4   30.0    0.0    0.0
C0G650 2009091919  -9997   29.5  -9997    0.1    0.0    0.0    0.0
C0G650 2009091920  -9997   29.1  -9997    0.2    0.0    0.0    0.0
C0G650 2009091921  -9997   28.6  -9997    0.2    0.0    0.0    0.0
C0G650 2009091922  -9997   28.1  -9997    0.1    0.0    0.0    0.0
C0G650 2009091923  -9997   26.7  -9997    0.3  190.0    0.0    0.0
C0G650 2009091924  -9997   26.1  -9997    0.0    0.0    0.0    0.0
C0G650 2009092001  -9997   26.0  -9997    0.0    0.0    0.0    0.0
C0G650 2009092002  -9997   25.4  -9997    0.0    0.0    0.0    0.0
C0G650 2009092003  -9997   25.1  -9997    0.0    0.0    0.0    0.0
C0G650 2009092004  -9997   25.4  -9997    0.0    0.0    0.0    0.0
C0G650 2009092005  -9997   24.9  -9997    0.0    0.0    0.0    0.0
C0G650 2009092006  -9997   24.8  -9997    0.0    0.0    0.0    0.0
C0G650 2009092007  -9997   26.2  -9997    0.0    0.0    0.0    0.0
C0G650 2009092008  -9997   27.5  -9997    0.0    0.0    0.0    0.1
C0G650 2009092009  -9997   28.9  -9997    0.9   80.0    0.0    1.0
C0G650 2009092010  -9997   30.1  -9997    0.6   60.0    0.0    1.0
C0G650 2009092011  -9997   32.5  -9997    0.0    0.0    0.0    1.0
C0G650 2009092012  -9997   33.1  -9997    0.1    0.0    0.0    1.0
C0G650 2009092013  -9997   33.0  -9997    0.1    0.0    0.0    1.0
C0G650 2009092014  -9997   33.8  -9997    0.6  280.0    0.0    0.8
C0G650 2009092015  -9997   32.7  -9997    2.1   30.0    0.0    1.0
C0G650 2009092016  -9997   32.2  -9997    1.3   10.0    0.0    1.0
C0G650 2009092017  -9997   31.4  -9997    0.2    0.0    0.0    1.0
C0G650 2009092018  -9997   30.2  -9997    0.2    0.0    0.0    0.0
C0G650 2009092019  -9997   29.1  -9997    0.0    0.0    0.0    0.0
C0G650 2009092020  -9997   28.2  -9997    0.0    0.0    0.0    0.0
C0G650 2009092021  -9997   27.7  -9997    0.0    0.0    0.0    0.0
C0G650 2009092022  -9997   26.9  -9997    0.2    0.0    0.0    0.0
C0G650 2009092023  -9997   26.6  -9997    0.0    0.0    0.0    0.0
C0G650 2009092024  -9997   26.1  -9997    0.0    0.0    0.0    0.0
C0G650 2009092101  -9997   25.9  -9997    0.1    0.0    0.0    0.0
C0G650 2009092102  -9997   25.9  -9997    0.0    0.0    0.0    0.0
C0G650 2009092103  -9997   25.9  -9997    0.0    0.0    0.0    0.0
C0G650 2009092104  -9997   25.7  -9997    0.0    0.0    0.0    0.0
C0G650 2009092105  -9997   25.5  -9997    0.0    0.0    0.0    0.0
C0G650 2009092106  -9997   25.5  -9997    0.0    0.0    0.0    0.0
C0G650 2009092107  -9997   26.6  -9997    0.1    0.0    0.0    0.0
C0G650 2009092108  -9997  -9997  -9997  -9997  -9997    0.0    0.1
C0G650 2009092109  -9997  -9997  -9997  -9997  -9997    0.0   -9.6
C0G650 2009092110  -9997  -9997  -9997  -9997  240.0    0.0    1.8
C0G650 2009092111  -9997  -9997  -9997  -9997  -9997    0.0   -9.6
C0G650 2009092112  -9997   32.9  -9997  -9997    0.0    0.0   -9.6
C0G650 2009092113  -9997   34.3  -9997    0.4  210.0    0.0   -9.6
C0G650 2009092114  -9997   31.9  -9997    0.1    0.0    0.0    2.7
C0G650 2009092115  -9997   31.3  -9997    1.0  360.0    0.0    0.9
C0G650 2009092116  -9997   31.4  -9997    1.2   30.0    0.0    1.0
C0G650 2009092117  -9997   30.9  -9997    0.1    0.0    0.0    0.4
C0G650 2009092118  -9997   30.1  -9997    0.3   30.0    0.0    0.0
C0G650 2009092119  -9997   29.4  -9997    0.1    0.0    0.0    0.0
C0G650 2009092120  -9997   28.8  -9997    0.0    0.0    0.0    0.0
C0G650 2009092121  -9997   27.8  -9997    0.0    0.0    0.0    0.0
C0G650 2009092122  -9997   27.2  -9997    0.0    0.0    0.0    0.0
C0G650 2009092123  -9997   26.5  -9997    0.0    0.0    0.0    0.0
C0G650 2009092124  -9997   26.3  -9997    0.0    0.0    0.0    0.0
C0G650 2009092201  -9997   26.3  -9997    0.0    0.0    0.0    0.0
C0G650 2009092202  -9997   25.9  -9997    0.0    0.0    0.0    0.0
C0G650 2009092203  -9997   25.7  -9997    0.0    0.0    0.0    0.0
C0G650 2009092204  -9997   25.6  -9997    0.0    0.0    0.0    0.0
C0G650 2009092205  -9997   25.4  -9997    0.0    0.0    0.0    0.0
C0G650 2009092206  -9997   25.5  -9997    0.0    0.0    0.0    0.0
C0G650 2009092207  -9997   26.5  -9997    0.0    0.0    0.0    0.0
C0G650 2009092208  -9997   28.4  -9997    1.3  250.0    0.0    0.1
C0G650 2009092209  -9997   29.7  -9997    0.4  250.0    0.0    1.0
C0G650 2009092210  -9997  -9997  -9997  -9997  200.0    0.0    1.0
C0G650 2009092211  -9997   32.8  -9997    1.1  200.0    0.0    1.0
C0G650 2009092212  -9997   34.3  -9997    1.3  200.0    0.0    1.0
C0G650 2009092213  -9997  -9997  -9997  -9997  -9997    0.0   -9.6
C0G650 2009092214  -9997   33.7  -9997    0.2  -9997    0.0   -9.6
C0G650 2009092215  -9997   34.3  -9997  -9997  260.0    0.0    2.2
C0G650 2009092216  -9997   33.3  -9997    0.8  270.0    0.0    1.0
C0G650 2009092217  -9997   31.6  -9997    0.1    0.0    0.0    0.4
C0G650 2009092218  -9997   30.7  -9997    0.0    0.0    0.0    0.0
C0G650 2009092219  -9997   30.7  -9997    0.0    0.0    0.0    0.0
C0G650 2009092220  -9997   29.8  -9997    0.0  -9997    0.0    0.0
C0G650 2009092221  -9997   29.6  -9997    0.0    0.0    0.0    0.0
C0G650 2009092222  -9997   29.0  -9997  -9997  -9997    0.0    0.0
C0G650 2009092223  -9997   28.7  -9997    0.0    0.0    0.0    0.0
C0G650 2009092224  -9997   27.9  -9997    0.0    0.0    0.0    0.0
C0G650 2009092301  -9997   28.1  -9997    0.1    0.0    0.0    0.0
C0G650 2009092302  -9997   27.7  -9997    0.0    0.0    0.0    0.0
C0G650 2009092303  -9997   27.3  -9997    0.0    0.0    0.0    0.0
C0G650 2009092304  -9997   27.6  -9997    0.0    0.0    0.0    0.0
C0G650 2009092305  -9997   27.2  -9997    0.0    0.0    0.0    0.0
C0G650 2009092306  -9997   26.5  -9997    0.0    0.0    0.0    0.0
C0G650 2009092307  -9997  -9997  -9997  -9997  -9997    0.0   -9.6
C0G650 2009092308  -9997   29.7  -9997    0.5  200.0    0.0   -9.6
C0G650 2009092309  -9997   31.1  -9997  -9997  -9997    0.0    1.1
C0G650 2009092310  -9997  -9997  -9997  -9997  -9997    0.0   -9.6
C0G650 2009092311  -9997   31.6  -9997    1.5  250.0    0.0    1.1
C0G650 2009092312  -9997   31.5  -9997    1.4  240.0    0.0    0.0
C0G650 2009092313  -9997   32.1  -9997    2.1  200.0    0.0    0.1
C0G650 2009092314  -9997   31.7  -9997    2.0  180.0    0.0    0.1
C0G650 2009092315  -9997   32.9  -9997    0.8  190.0    0.0    0.5
C0G650 2009092316  -9997  -9997  -9997  -9997  -9997    0.0   -9.6
C0G650 2009092317  -9997   31.5  -9997    0.1    0.0    0.0    0.0
C0G650 2009092318  -9997   30.8  -9997  -9997  -9997    0.0    0.0
C0G650 2009092319  -9997  -9997  -9997    0.0    0.0    0.0    0.0
C0G650 2009092320  -9997  -9997  -9997  -9997  -9997    0.0    0.0
C0G650 2009092321  -9997   28.5  -9997    0.0    0.0    0.0    0.0
C0G650 2009092322  -9997   28.0  -9997    0.0    0.0    0.0    0.0
C0G650 2009092323  -9997   28.0  -9997    0.0    0.0    0.0    0.0
C0G650 2009092324  -9997   28.2  -9997    0.0    0.0    0.0    0.0
C0G650 2009092401  -9997   28.3  -9997    0.0    0.0    0.0    0.0
C0G650 2009092402  -9997   27.4  -9997    0.0    0.0    0.0    0.0
C0G650 2009092403  -9997   27.0  -9997    0.0    0.0    0.0    0.0
C0G650 2009092404  -9997   26.9  -9997    0.0    0.0    0.0    0.0
C0G650 2009092405  -9997   26.8  -9997    0.0    0.0    0.0    0.0
C0G650 2009092406  -9997   26.5  -9997    0.0    0.0    0.0    0.0
C0G650 2009092407  -9997   28.2  -9997    0.0    0.0    0.0    0.0
C0G650 2009092408  -9997   29.5  -9997    0.5  210.0    0.0    0.0
C0G650 2009092409  -9997  -9997  -9997  -9997  -9997    0.0   -9.6
C0G650 2009092410  -9997  -9997  -9997    0.0    0.0    0.0    1.4
C0G650 2009092411  -9997   33.6  -9997    0.1    0.0    0.0    0.7
C0G650 2009092412  -9997   33.1  -9997    0.9  240.0    0.0    0.3
C0G650 2009092413  -9997   33.5  -9997    0.5   10.0    0.0    1.0
C0G650 2009092414  -9997   34.0  -9997    0.4  340.0    0.0    0.9
C0G650 2009092415  -9997   34.1  -9997    0.6  250.0    0.0    1.0
C0G650 2009092416  -9997   32.8  -9997    2.1   20.0    0.0    1.0
C0G650 2009092417  -9997   32.9  -9997    0.0    0.0    0.0    0.9
C0G650 2009092418  -9997   31.0  -9997    0.0    0.0    0.0    0.0
C0G650 2009092419  -9997   30.1  -9997    0.0    0.0    0.0    0.0
C0G650 2009092420  -9997   29.1  -9997    0.0    0.0    0.0    0.0
C0G650 2009092421  -9997   28.0  -9997    0.0    0.0    0.0    0.0
C0G650 2009092422  -9997   27.7  -9997    0.0    0.0    0.0    0.0
C0G650 2009092423  -9997   27.2  -9997    0.1    0.0    0.0    0.0
C0G650 2009092424  -9997   27.0  -9997    0.8  180.0    0.0    0.0
C0G650 2009092501  -9997   27.0  -9997    0.2    0.0    0.0    0.0
C0G650 2009092502  -9997   26.7  -9997    0.3  190.0    0.0    0.0
C0G650 2009092503  -9997   26.5  -9997    0.0    0.0    0.0    0.0
C0G650 2009092504  -9997   26.6  -9997    0.0    0.0    0.0    0.0
C0G650 2009092505  -9997   26.3  -9997    0.0    0.0    0.0    0.0
C0G650 2009092506  -9997   26.2  -9997    0.0    0.0    0.0    0.0
C0G650 2009092507  -9997   28.3  -9997    0.0    0.0    0.0    0.0
C0G650 2009092508  -9997   29.6  -9997    0.3   50.0    0.0    0.0
C0G650 2009092509  -9997   31.3  -9997    0.5  140.0    0.0    1.0
C0G650 2009092510  -9997   31.7  -9997    0.0    0.0    0.0    0.8
C0G650 2009092511  -9997   31.5  -9997    0.2    0.0    0.0    0.0
C0G650 2009092512  -9997   33.1  -9997    0.3  260.0    0.0    0.7
C0G650 2009092513  -9997   31.9  -9997    0.5  300.0    0.0    0.2
C0G650 2009092514  -9997   32.1  -9997    0.7   20.0    0.0    0.2
C0G650 2009092515  -9997   32.3  -9997    0.8   30.0    0.0    0.6
C0G650 2009092516  -9997   32.0  -9997    1.4   40.0    0.0    1.0
C0G650 2009092517  -9997   31.4  -9997    0.1    0.0    0.0    0.3
C0G650 2009092518  -9997   30.7  -9997    0.1    0.0    0.0    0.0
C0G650 2009092519  -9997   29.6  -9997    0.0    0.0    0.0    0.0
C0G650 2009092520  -9997   28.6  -9997    0.0    0.0    0.0    0.0
C0G650 2009092521  -9997   27.5  -9997    0.1    0.0    0.0    0.0
C0G650 2009092522  -9997   27.1  -9997    0.0    0.0    0.0    0.0
C0G650 2009092523  -9997   26.9  -9997    0.0    0.0    0.0    0.0
C0G650 2009092524  -9997   26.5  -9997    0.1    0.0    0.0    0.0
C0G650 2009092601  -9997   26.6  -9997    0.0    0.0    0.0    0.0
C0G650 2009092602  -9997   26.4  -9997    0.0    0.0    0.0    0.0
C0G650 2009092603  -9997   26.5  -9997    0.2    0.0    0.0    0.0
C0G650 2009092604  -9997   26.3  -9997    0.0    0.0    0.0    0.0
C0G650 2009092605  -9997   25.8  -9997    0.0    0.0    0.0    0.0
C0G650 2009092606  -9997   25.8  -9997    0.8   40.0    0.0    0.0
C0G650 2009092607  -9997   26.8  -9997    0.8   70.0    0.0    0.0
C0G650 2009092608  -9997   28.3  -9997  -9997  -9997    0.0   -9.6
C0G650 2009092609  -9997   29.4  -9997    0.5  -9997    0.0    1.1
C0G650 2009092610  -9997   30.8  -9997    0.2  -9997    0.0    0.9
C0G650 2009092611  -9997   32.4  -9997  -9997    0.0    0.0    0.8
C0G650 2009092612  -9997   33.5  -9997    1.0  250.0    0.0    0.8
C0G650 2009092613  -9997   34.0  -9997    0.3  300.0    0.0    1.0
C0G650 2009092614  -9997   34.9  -9997    0.5  290.0    0.0    0.8
C0G650 2009092615  -9997   34.5  -9997    0.0    0.0    0.0    1.0
C0G650 2009092616  -9997   33.5  -9997    0.5   60.0    0.0    1.0
C0G650 2009092617  -9997   32.9  -9997    0.6  220.0    0.0    0.9
C0G650 2009092618  -9997   31.3  -9997    0.4  260.0    0.0    0.1
C0G650 2009092619  -9997   29.8  -9997    0.0    0.0    0.0    0.0
C0G650 2009092620  -9997   28.6  -9997    0.0    0.0    0.0    0.0
C0G650 2009092621  -9997   28.1  -9997    0.0    0.0    0.0    0.0
C0G650 2009092622  -9997   27.7  -9997    0.0    0.0    0.0    0.0
C0G650 2009092623  -9997   27.7  -9997    0.0    0.0    0.0    0.0
C0G650 2009092624  -9997   27.6  -9997    0.0    0.0    0.0    0.0
C0G650 2009092701  -9997   27.9  -9997    0.0    0.0    0.0    0.0
C0G650 2009092702  -9997   27.7  -9997    0.0    0.0    0.0    0.0
C0G650 2009092703  -9997   27.2  -9997    0.0    0.0    0.0    0.0
C0G650 2009092704  -9997   27.5  -9997    0.0    0.0    0.0    0.0
C0G650 2009092705  -9997   26.3  -9997    0.1    0.0    0.0    0.0
C0G650 2009092706  -9997   25.2  -9997    0.0    0.0    0.5    0.0
C0G650 2009092707  -9997   26.1  -9997    0.8   30.0    1.0    0.0
C0G650 2009092708  -9997   26.2  -9997    1.6   60.0    0.0    0.0
C0G650 2009092709  -9997   27.9  -9997    1.3   70.0    0.0    0.0
C0G650 2009092710  -9997   27.2  -9997    0.7   90.0    0.5    0.0
C0G650 2009092711  -9997   28.0  -9997    0.7  100.0    0.0    0.0
C0G650 2009092712  -9997   29.3  -9997    0.7   40.0    0.0    0.0
C0G650 2009092713  -9997   29.6  -9997    0.1    0.0    0.0    0.0
C0G650 2009092714  -9997   28.8  -9997    0.2    0.0    0.0    0.0
C0G650 2009092715  -9997   30.6  -9997    0.5   20.0    0.0    0.0
C0G650 2009092716  -9997   30.2  -9997    0.2    0.0    0.0    0.1
C0G650 2009092717  -9997   28.6  -9997    0.0    0.0    0.0    0.0
C0G650 2009092718  -9997   28.4  -9997    0.0    0.0    0.0    0.0
C0G650 2009092719  -9997   27.1  -9997    0.0    0.0    0.0    0.0
C0G650 2009092720  -9997   26.5  -9997    0.0    0.0    0.0    0.0
C0G650 2009092721  -9997   26.6  -9997    0.0    0.0    0.0    0.0
C0G650 2009092722  -9997   26.4  -9997    0.0    0.0    0.0    0.0
C0G650 2009092723  -9997   26.0  -9997    0.0    0.0    0.0    0.0
C0G650 2009092724  -9997   25.5  -9997    0.0    0.0    0.0    0.0
C0G650 2009092801  -9997   25.6  -9997    0.0    0.0    0.0    0.0
C0G650 2009092802  -9997   25.6  -9997    0.0    0.0    0.0    0.0
C0G650 2009092803  -9997   25.9  -9997    0.0    0.0    0.0    0.0
C0G650 2009092804  -9997   26.0  -9997    0.0    0.0    0.0    0.0
C0G650 2009092805  -9997   25.5  -9997    0.0    0.0    0.0    0.0
C0G650 2009092806  -9997   25.1  -9997    0.0    0.0    0.0    0.0
C0G650 2009092807  -9997   26.4  -9997    0.0    0.0    0.0    0.0
C0G650 2009092808  -9997   27.5  -9997    0.1    0.0    0.0    0.0
C0G650 2009092809  -9997   27.8  -9997    0.5   40.0    0.0    0.0
C0G650 2009092810  -9997   28.2  -9997    1.0   50.0    0.0    0.0
C0G650 2009092811  -9997   29.7  -9997    0.2    0.0    0.0    0.0
C0G650 2009092812  -9997   30.8  -9997    0.3   60.0    0.0    0.0
C0G650 2009092813  -9997   32.3  -9997    0.0    0.0    0.0    0.0
C0G650 2009092814  -9997   32.0  -9997    1.8  180.0    0.0    0.0
C0G650 2009092815  -9997   31.1  -9997    0.3  180.0    0.0    0.1
C0G650 2009092816  -9997   31.1  -9997    0.2    0.0    0.0    0.0
C0G650 2009092817  -9997   30.4  -9997    0.1    0.0    0.0    0.0
C0G650 2009092818  -9997   29.3  -9997    0.0    0.0    0.0    0.0
C0G650 2009092819  -9997   28.4  -9997    0.0    0.0    0.0    0.0
C0G650 2009092820  -9997   28.0  -9997    0.0    0.0    0.0    0.0
C0G650 2009092821  -9997   27.5  -9997    0.0    0.0    0.0    0.0
C0G650 2009092822  -9997   27.7  -9997    0.0    0.0    0.0    0.0
C0G650 2009092823  -9997   27.4  -9997    0.0    0.0    0.0    0.0
C0G650 2009092824  -9997   27.1  -9997    0.0    0.0    0.0    0.0
C0G650 2009092901  -9997   26.8  -9997    0.0    0.0    0.0    0.0
C0G650 2009092902  -9997   26.6  -9997    0.0    0.0    0.0    0.0
C0G650 2009092903  -9997   26.1  -9997    0.0    0.0    0.5    0.0
C0G650 2009092904  -9997   25.2  -9997    0.0    0.0    0.0    0.0
C0G650 2009092905  -9997   25.5  -9997    0.0    0.0    0.0    0.0
C0G650 2009092906  -9997   25.7  -9997    0.2    0.0    0.0    0.0
C0G650 2009092907  -9997   26.2  -9997  -9997    0.0    0.0    0.0
C0G650 2009092908  -9997   28.5  -9997    0.0    0.0    0.0    0.1
C0G650 2009092909  -9997   29.3  -9997    0.1    0.0    0.0    0.4
C0G650 2009092910  -9997   31.3  -9997    0.3  240.0    0.0    0.8
C0G650 2009092911  -9997   32.1  -9997    1.5  240.0    0.0    1.0
C0G650 2009092912  -9997   33.7  -9997    1.8  210.0    0.0    1.0
C0G650 2009092913  -9997   33.8  -9997    1.3  260.0    0.0    1.0
C0G650 2009092914  -9997   33.6  -9997    1.0  240.0    0.0    0.5
C0G650 2009092915  -9997   32.9  -9997    0.6  220.0    0.0    0.8
C0G650 2009092916  -9997   32.1  -9997    1.1  270.0    0.0    0.2
C0G650 2009092917  -9997   28.2  -9997    2.1  200.0    0.0    0.0
C0G650 2009092918  -9997   27.1  -9997    1.2  180.0    1.0    0.0
C0G650 2009092919  -9997   26.6  -9997    0.9  190.0    2.0    0.0
C0G650 2009092920  -9997   26.4  -9997    0.0    0.0    3.0    0.0
C0G650 2009092921  -9997   26.4  -9997    0.2    0.0    1.0    0.0
C0G650 2009092922  -9997  -9997  -9997  -9997  -9997    0.5    0.0
C0G650 2009092923  -9997   25.9  -9997    0.0    0.0    0.0    0.0
C0G650 2009092924  -9997   25.8  -9997    0.0    0.0    0.0    0.0
C0G650 2009093001  -9997   26.2  -9997    0.0  -9997    0.0    0.0
C0G650 2009093002  -9997   25.5  -9997    0.7  190.0    1.5    0.0
C0G650 2009093003  -9997   25.3  -9997    0.0    0.0    2.0    0.0
C0G650 2009093004  -9997   25.5  -9997    0.0    0.0    1.0    0.0
C0G650 2009093005  -9997   25.4  -9997    0.0    0.0    0.5    0.0
C0G650 2009093006  -9997   25.5  -9997    0.0    0.0    0.0    0.0
C0G650 2009093007  -9997   26.0  -9997    0.0    0.0    0.0    0.0
C0G650 2009093008  -9997   27.9  -9997  -9997    0.0    0.0   -9.6
C0G650 2009093009  -9997  -9997  -9997  -9997  -9997    0.0   -9.6
C0G650 2009093010  -9997   30.9  -9997    0.0  -9997    0.0    1.7
C0G650 2009093011  -9997   31.7  -9997    0.0    0.0    0.0    0.8
C0G650 2009093012  -9997   30.8  -9997    0.7  240.0    0.0    0.2
C0G650 2009093013  -9997   28.2  -9997    0.0    0.0    4.0    0.0
C0G650 2009093014  -9997   26.0  -9997    0.3  360.0   14.5    0.0
C0G650 2009093015  -9997   26.3  -9997    0.0    0.0    0.5    0.0
C0G650 2009093016  -9997   26.4  -9997    0.0    0.0    0.0    0.0
C0G650 2009093017  -9997   26.8  -9997    0.0    0.0    0.0    0.0
C0G650 2009093018  -9997   26.1  -9997    0.0    0.0    0.0    0.0
C0G650 2009093019  -9997   25.9  -9997    0.3  200.0    0.0    0.0
C0G650 2009093020  -9997   26.0  -9997    0.1    0.0    0.0    0.0
C0G650 2009093021  -9997   25.9  -9997    0.0    0.0    0.0    0.0
C0G650 2009093022  -9997   25.8  -9997    0.0    0.0    1.0    0.0
C0G650 2009093023  -9997   25.8  -9997    0.0    0.0    0.0    0.0
C0G650 2009093024  -9997   25.5  -9997    0.0    0.0    0.5    0.0
C0G660 2009090101  -9999  -9999  -9999  -9999  -9999    0.0  -9999
C0G660 2009090102  -9999  -9999  -9999  -9999  -9999    0.0  -9999
C0G660 2009090103  -9999  -9999  -9999  -9999  -9999    0.0  -9999
C0G660 2009090104  -9999  -9999  -9999  -9999  -9999    0.0  -9999
C0G660 2009090105  -9999  -9999  -9999  -9999  -9999    0.0  -9999
C0G660 2009090106  -9999  -9999  -9999  -9999  -9999    0.0  -9999
C0G660 2009090107  -9999  -9999  -9999  -9999  -9999    0.0  -9999
C0G660 2009090108  -9999  -9999  -9999  -9999  -9999    0.0  -9999
C0G660 2009090109  -9999  -9999  -9999  -9999  -9999    0.0  -9999
C0G660 2009090110  -9999  -9999  -9999  -9999  -9999    0.0  -9999
C0G660 2009090111  -9999  -9999  -9999  -9999  -9999    0.0  -9999
C0G660 2009090112  -9999  -9999  -9999  -9999  -9999    0.0  -9999
C0G660 2009090113  -9999  -9999  -9999  -9999  -9999    0.0  -9999
C0G660 2009090114  -9999  -9999  -9999  -9999  -9999    0.0  -9999
C0G660 2009090115  -9999  -9999  -9999  -9999  -9999    0.0  -9999
C0G660 2009090116  -9999  -9999  -9999  -9999  -9999    0.0  -9999
C0G660 2009090117  -9999  -9999  -9999  -9999  -9999    0.0  -9999
C0G660 2009090118  -9999  -9999  -9999  -9999  -9999    0.0  -9999
C0G660 2009090119  -9999  -9999  -9999  -9999  -9999    0.0  -9999
C0G660 2009090120  -9999  -9999  -9999  -9999  -9999    0.0  -9999
C0G660 2009090121  -9999  -9999  -9999  -9999  -9999    0.0  -9999
C0G660 2009090122  -9999  -9999  -9999  -9999  -9999    0.0  -9999
C0G660 2009090123  -9999  -9999  -9999  -9999  -9999    0.0  -9999
C0G660 2009090124  -9999  -9999  -9999  -9999  -9999    0.0  -9999
C0G660 2009090201  -9999  -9999  -9999  -9999  -9999    0.0  -9999
C0G660 2009090202  -9999  -9999  -9999  -9999  -9999    0.0  -9999
C0G660 2009090203  -9999  -9999  -9999  -9999  -9999    0.0  -9999
C0G660 2009090204  -9999  -9999  -9999  -9999  -9999    0.0  -9999
C0G660 2009090205  -9999  -9999  -9999  -9999  -9999    0.0  -9999
C0G660 2009090206  -9999  -9999  -9999  -9999  -9999    0.0  -9999
C0G660 2009090207  -9999  -9999  -9999  -9999  -9999    0.0  -9999
C0G660 2009090208  -9999  -9999  -9999  -9999  -9999    0.0  -9999
C0G660 2009090209  -9999  -9999  -9999  -9999  -9999    0.0  -9999
C0G660 2009090210  -9999  -9999  -9999  -9999  -9999    0.0  -9999
C0G660 2009090211  -9999  -9999  -9999  -9999  -9999    0.0  -9999
C0G660 2009090212  -9999  -9999  -9999  -9999  -9999    0.0  -9999
C0G660 2009090213  -9999  -9999  -9999  -9999  -9999    0.0  -9999
C0G660 2009090214  -9999  -9999  -9999  -9999  -9999    0.0  -9999
C0G660 2009090215  -9999  -9999  -9999  -9999  -9999    0.0  -9999
C0G660 2009090216  -9999  -9999  -9999  -9999  -9999    0.0  -9999
C0G660 2009090217  -9999  -9999  -9999  -9999  -9999    0.0  -9999
C0G660 2009090218  -9999  -9999  -9999  -9999  -9999    0.0  -9999
C0G660 2009090219  -9999  -9999  -9999  -9999  -9999    0.0  -9999
C0G660 2009090220  -9999  -9999  -9999  -9999  -9999    0.0  -9999
C0G660 2009090221  -9999  -9999  -9999  -9999  -9999    0.0  -9999
C0G660 2009090222  -9999  -9999  -9999  -9999  -9999    0.0  -9999
C0G660 2009090223  -9999  -9999  -9999  -9999  -9999    0.0  -9999
C0G660 2009090224  -9999  -9999  -9999  -9999  -9999    0.0  -9999
C0G660 2009090301  -9999  -9999  -9999  -9999  -9999    0.0  -9999
C0G660 2009090302  -9999  -9999  -9999  -9999  -9999    0.0  -9999
C0G660 2009090303  -9999  -9999  -9999  -9999  -9999    0.0  -9999
C0G660 2009090304  -9999  -9999  -9999  -9999  -9999    0.0  -9999
C0G660 2009090305  -9999  -9999  -9999  -9999  -9999    0.0  -9999
C0G660 2009090306  -9999  -9999  -9999  -9999  -9999    0.0  -9999
C0G660 2009090307  -9999  -9999  -9999  -9999  -9999    0.0  -9999
C0G660 2009090308  -9999  -9999  -9999  -9999  -9999    0.0  -9999
C0G660 2009090309  -9999  -9999  -9999  -9999  -9999    0.0  -9999
C0G660 2009090310  -9999  -9999  -9999  -9999  -9999    0.0  -9999
C0G660 2009090311  -9999  -9999  -9999  -9999  -9999    0.0  -9999
C0G660 2009090312  -9999  -9999  -9999  -9999  -9999    0.0  -9999
C0G660 2009090313  -9999  -9999  -9999  -9999  -9999    0.0  -9999
C0G660 2009090314  -9999  -9999  -9999  -9999  -9999    0.0  -9999
C0G660 2009090315  -9999  -9999  -9999  -9999  -9999    0.0  -9999
C0G660 2009090316  -9999  -9999  -9999  -9999  -9999    0.0  -9999
C0G660 2009090317  -9999  -9999  -9999  -9999  -9999    0.0  -9999
C0G660 2009090318  -9999  -9999  -9999  -9999  -9999    0.0  -9999
C0G660 2009090319  -9999  -9999  -9999  -9999  -9999    0.0  -9999
C0G660 2009090320  -9999  -9999  -9999  -9999  -9999    0.0  -9999
C0G660 2009090321  -9999  -9999  -9999  -9999  -9999    0.0  -9999
C0G660 2009090322  -9999  -9999  -9999  -9999  -9999    0.0  -9999
C0G660 2009090323  -9999  -9999  -9999  -9999  -9999    0.0  -9999
C0G660 2009090324  -9999  -9999  -9999  -9999  -9999    0.0  -9999
C0G660 2009090401  -9999  -9999  -9999  -9999  -9999    0.0  -9999
C0G660 2009090402  -9999  -9999  -9999  -9999  -9999    0.0  -9999
C0G660 2009090403  -9999  -9999  -9999  -9999  -9999    0.0  -9999
C0G660 2009090404  -9999  -9999  -9999  -9999  -9999    0.0  -9999
C0G660 2009090405  -9999  -9999  -9999  -9999  -9999    0.0  -9999
C0G660 2009090406  -9999  -9999  -9999  -9999  -9999    0.0  -9999
C0G660 2009090407  -9999  -9999  -9999  -9999  -9999    0.0  -9999
C0G660 2009090408  -9999  -9999  -9999  -9999  -9999    0.0  -9999
C0G660 2009090409  -9999  -9999  -9999  -9999  -9999    0.0  -9999
C0G660 2009090410  -9999  -9999  -9999  -9999  -9999    0.0  -9999
C0G660 2009090411  -9999  -9999  -9999  -9999  -9999    0.0  -9999
C0G660 2009090412  -9999  -9999  -9999  -9999  -9999    0.0  -9999
C0G660 2009090413  -9999  -9999  -9999  -9999  -9999    0.0  -9999
C0G660 2009090414  -9999  -9999  -9999  -9999  -9999    0.0  -9999
C0G660 2009090415  -9999  -9999  -9999  -9999  -9999    0.0  -9999
C0G660 2009090416  -9999  -9999  -9999  -9999  -9999    0.0  -9999
C0G660 2009090417  -9999  -9999  -9999  -9999  -9999    0.0  -9999
C0G660 2009090418  -9999  -9999  -9999  -9999  -9999    0.0  -9999
C0G660 2009090419  -9999  -9999  -9999  -9999  -9999    0.0  -9999
C0G660 2009090420  -9999  -9999  -9999  -9999  -9999    0.0  -9999
C0G660 2009090421  -9999  -9999  -9999  -9999  -9999    0.0  -9999
C0G660 2009090422  -9999  -9999  -9999  -9999  -9999    0.0  -9999
C0G660 2009090423  -9999  -9999  -9999  -9999  -9999    0.0  -9999
C0G660 2009090424  -9999  -9999  -9999  -9999  -9999    0.0  -9999
C0G660 2009090501  -9999  -9999  -9999  -9999  -9999    0.0  -9999
C0G660 2009090502  -9999  -9999  -9999  -9999  -9999    0.0  -9999
C0G660 2009090503  -9999  -9999  -9999  -9999  -9999    0.0  -9999
C0G660 2009090504  -9999  -9999  -9999  -9999  -9999    0.0  -9999
C0G660 2009090505  -9999  -9999  -9999  -9999  -9999    0.0  -9999
C0G660 2009090506  -9999  -9999  -9999  -9999  -9999    0.0  -9999
C0G660 2009090507  -9999  -9999  -9999  -9999  -9999    0.0  -9999
C0G660 2009090508  -9999  -9999  -9999  -9999  -9999    0.0  -9999
C0G660 2009090509  -9999  -9999  -9999  -9999  -9999    0.0  -9999
C0G660 2009090510  -9999  -9999  -9999  -9999  -9999    0.0  -9999
C0G660 2009090511  -9999  -9999  -9999  -9999  -9999    0.0  -9999
C0G660 2009090512  -9999  -9999  -9999  -9999  -9999    0.0  -9999
C0G660 2009090513  -9999  -9999  -9999  -9999  -9999    0.0  -9999
C0G660 2009090514  -9999  -9999  -9999  -9999  -9999    0.0  -9999
C0G660 2009090515  -9999  -9999  -9999  -9999  -9999    0.0  -9999
C0G660 2009090516  -9999  -9999  -9999  -9999  -9999    0.0  -9999
C0G660 2009090517  -9999  -9999  -9999  -9999  -9999    0.0  -9999
C0G660 2009090518  -9999  -9999  -9999  -9999  -9999    0.0  -9999
C0G660 2009090519  -9999  -9999  -9999  -9999  -9999    0.0  -9999
C0G660 2009090520  -9999  -9999  -9999  -9999  -9999    0.0  -9999
C0G660 2009090521  -9999  -9999  -9999  -9999  -9999    0.0  -9999
C0G660 2009090522  -9999  -9999  -9999  -9999  -9999    0.0  -9999
C0G660 2009090523  -9999  -9999  -9999  -9999  -9999    0.0  -9999
C0G660 2009090524  -9999  -9999  -9999  -9999  -9999    0.0  -9999
C0G660 2009090601  -9999  -9999  -9999  -9999  -9999    0.0  -9999
C0G660 2009090602  -9999  -9999  -9999  -9999  -9999    0.0  -9999
C0G660 2009090603  -9999  -9999  -9999  -9999  -9999    0.0  -9999
C0G660 2009090604  -9999  -9999  -9999  -9999  -9999    0.0  -9999
C0G660 2009090605  -9999  -9999  -9999  -9999  -9999    0.0  -9999
C0G660 2009090606  -9999  -9999  -9999  -9999  -9999    0.0  -9999
C0G660 2009090607  -9999  -9999  -9999  -9999  -9999    0.0  -9999
C0G660 2009090608  -9999  -9999  -9999  -9999  -9999    0.0  -9999
C0G660 2009090609  -9999  -9999  -9999  -9999  -9999    0.0  -9999
C0G660 2009090610  -9999  -9999  -9999  -9999  -9999    0.0  -9999
C0G660 2009090611  -9999  -9999  -9999  -9999  -9999    0.0  -9999
C0G660 2009090612  -9999  -9999  -9999  -9999  -9999    0.0  -9999
C0G660 2009090613  -9999  -9999  -9999  -9999  -9999    0.0  -9999
C0G660 2009090614  -9999  -9999  -9999  -9999  -9999    0.0  -9999
C0G660 2009090615  -9999  -9999  -9999  -9999  -9999    0.0  -9999
C0G660 2009090616  -9999  -9999  -9999  -9999  -9999    0.0  -9999
C0G660 2009090617  -9999  -9999  -9999  -9999  -9999    0.0  -9999
C0G660 2009090618  -9999  -9999  -9999  -9999  -9999    0.0  -9999
C0G660 2009090619  -9999  -9999  -9999  -9999  -9999    0.0  -9999
C0G660 2009090620  -9999  -9999  -9999  -9999  -9999    0.0  -9999
C0G660 2009090621  -9999  -9999  -9999  -9999  -9999    0.0  -9999
C0G660 2009090622  -9999  -9999  -9999  -9999  -9999    0.0  -9999
C0G660 2009090623  -9999  -9999  -9999  -9999  -9999    0.0  -9999
C0G660 2009090624  -9999  -9999  -9999  -9999  -9999    0.0  -9999
C0G660 2009090701  -9999  -9999  -9999  -9999  -9999    0.0  -9999
C0G660 2009090702  -9999  -9999  -9999  -9999  -9999    0.0  -9999
C0G660 2009090703  -9999  -9999  -9999  -9999  -9999    0.0  -9999
C0G660 2009090704  -9999  -9999  -9999  -9999  -9999    0.0  -9999
C0G660 2009090705  -9999  -9999  -9999  -9999  -9999    0.0  -9999
C0G660 2009090706  -9999  -9999  -9999  -9999  -9999    0.0  -9999
C0G660 2009090707  -9999  -9999  -9999  -9999  -9999    0.0  -9999
C0G660 2009090708  -9999  -9999  -9999  -9999  -9999    0.0  -9999
C0G660 2009090709  -9999  -9999  -9999  -9999  -9999    0.0  -9999
C0G660 2009090710  -9999  -9999  -9999  -9999  -9999    0.0  -9999
C0G660 2009090711  -9999  -9999  -9999  -9999  -9999    0.0  -9999
C0G660 2009090712  -9999  -9999  -9999  -9999  -9999    0.0  -9999
C0G660 2009090713  -9999  -9999  -9999  -9999  -9999    0.0  -9999
C0G660 2009090714  -9999  -9999  -9999  -9999  -9999    0.0  -9999
C0G660 2009090715  -9999  -9999  -9999  -9999  -9999    0.0  -9999
C0G660 2009090716  -9999  -9999  -9999  -9999  -9999    0.0  -9999
C0G660 2009090717  -9999  -9999  -9999  -9999  -9999    0.0  -9999
C0G660 2009090718  -9999  -9999  -9999  -9999  -9999    0.0  -9999
C0G660 2009090719  -9999  -9999  -9999  -9999  -9999    0.0  -9999
C0G660 2009090720  -9999  -9999  -9999  -9999  -9999    0.0  -9999
C0G660 2009090721  -9999  -9999  -9999  -9999  -9999    0.0  -9999
C0G660 2009090722  -9999  -9999  -9999  -9999  -9999    0.0  -9999
C0G660 2009090723  -9999  -9999  -9999  -9999  -9999    0.0  -9999
C0G660 2009090724  -9999  -9999  -9999  -9999  -9999    0.0  -9999
C0G660 2009090801  -9999  -9999  -9999  -9999  -9999    0.0  -9999
C0G660 2009090802  -9999  -9999  -9999  -9999  -9999    0.0  -9999
C0G660 2009090803  -9999  -9999  -9999  -9999  -9999    0.0  -9999
C0G660 2009090804  -9999  -9999  -9999  -9999  -9999    0.0  -9999
C0G660 2009090805  -9999  -9999  -9999  -9999  -9999    0.0  -9999
C0G660 2009090806  -9999  -9999  -9999  -9999  -9999    0.0  -9999
C0G660 2009090807  -9999  -9999  -9999  -9999  -9999    0.0  -9999
C0G660 2009090808  -9999  -9999  -9999  -9999  -9999    0.0  -9999
C0G660 2009090809  -9999  -9999  -9999  -9999  -9999    0.0  -9999
C0G660 2009090810  -9999  -9999  -9999  -9999  -9999    0.0  -9999
C0G660 2009090811  -9999  -9999  -9999  -9999  -9999    0.0  -9999
C0G660 2009090812  -9999  -9999  -9999  -9999  -9999    0.0  -9999
C0G660 2009090813  -9999  -9999  -9999  -9999  -9999    0.0  -9999
C0G660 2009090814  -9999  -9999  -9999  -9999  -9999    0.0  -9999
C0G660 2009090815  -9999  -9999  -9999  -9999  -9999    0.0  -9999
C0G660 2009090816  -9999  -9999  -9999  -9999  -9999    0.0  -9999
C0G660 2009090817  -9999  -9999  -9999  -9999  -9999    0.0  -9999
C0G660 2009090818  -9999  -9999  -9999  -9999  -9999    0.0  -9999
C0G660 2009090819  -9999  -9999  -9999  -9999  -9999    0.0  -9999
C0G660 2009090820  -9999  -9999  -9999  -9999  -9999    0.0  -9999
C0G660 2009090821  -9999  -9999  -9999  -9999  -9999    0.0  -9999
C0G660 2009090822  -9999  -9999  -9999  -9999  -9999    0.0  -9999
C0G660 2009090823  -9999  -9999  -9999  -9999  -9999    0.0  -9999
C0G660 2009090824  -9999  -9999  -9999  -9999  -9999    0.0  -9999
C0G660 2009090901  -9999  -9999  -9999  -9999  -9999    0.0  -9999
C0G660 2009090902  -9999  -9999  -9999  -9999  -9999    0.0  -9999
C0G660 2009090903  -9999  -9999  -9999  -9999  -9999    0.0  -9999
C0G660 2009090904  -9999  -9999  -9999  -9999  -9999    0.0  -9999
C0G660 2009090905  -9999  -9999  -9999  -9999  -9999    0.0  -9999
C0G660 2009090906  -9999  -9999  -9999  -9999  -9999    0.0  -9999
C0G660 2009090907  -9999  -9999  -9999  -9999  -9999    0.0  -9999
C0G660 2009090908  -9999  -9999  -9999  -9999  -9999    0.0  -9999
C0G660 2009090909  -9999  -9999  -9999  -9999  -9999    0.0  -9999
C0G660 2009090910  -9999  -9999  -9999  -9999  -9999    0.0  -9999
C0G660 2009090911  -9999  -9999  -9999  -9999  -9999    0.0  -9999
C0G660 2009090912  -9999  -9999  -9999  -9999  -9999    0.0  -9999
C0G660 2009090913  -9999  -9999  -9999  -9999  -9999    0.0  -9999
C0G660 2009090914  -9999  -9999  -9999  -9999  -9999    0.0  -9999
C0G660 2009090915  -9999  -9999  -9999  -9999  -9999    0.0  -9999
C0G660 2009090916  -9999  -9999  -9999  -9999  -9999    0.0  -9999
C0G660 2009090917  -9999  -9999  -9999  -9999  -9999    0.0  -9999
C0G660 2009090918  -9999  -9999  -9999  -9999  -9999    0.0  -9999
C0G660 2009090919  -9999  -9999  -9999  -9999  -9999    0.0  -9999
C0G660 2009090920  -9999  -9999  -9999  -9999  -9999    0.0  -9999
C0G660 2009090921  -9999  -9999  -9999  -9999  -9999    0.0  -9999
C0G660 2009090922  -9999  -9999  -9999  -9999  -9999    0.0  -9999
C0G660 2009090923  -9999  -9999  -9999  -9999  -9999    0.0  -9999
C0G660 2009090924  -9999  -9999  -9999  -9999  -9999    0.0  -9999
C0G660 2009091001  -9999  -9999  -9999  -9999  -9999    0.0  -9999
C0G660 2009091002  -9999  -9999  -9999  -9999  -9999    0.0  -9999
C0G660 2009091003  -9999  -9999  -9999  -9999  -9999    0.0  -9999
C0G660 2009091004  -9999  -9999  -9999  -9999  -9999    0.0  -9999
C0G660 2009091005  -9999  -9999  -9999  -9999  -9999    0.0  -9999
C0G660 2009091006  -9999  -9999  -9999  -9999  -9999    0.0  -9999
C0G660 2009091007  -9999  -9999  -9999  -9999  -9999    0.0  -9999
C0G660 2009091008  -9999  -9999  -9999  -9999  -9999    0.0  -9999
C0G660 2009091009  -9999  -9999  -9999  -9999  -9999    0.0  -9999
C0G660 2009091010  -9999  -9999  -9999  -9999  -9999    0.0  -9999
C0G660 2009091011  -9999  -9999  -9999  -9999  -9999    0.0  -9999
C0G660 2009091012  -9999  -9999  -9999  -9999  -9999    0.0  -9999
C0G660 2009091013  -9999  -9999  -9999  -9999  -9999    0.0  -9999
C0G660 2009091014  -9999  -9999  -9999  -9999  -9999    0.0  -9999
C0G660 2009091015  -9999  -9999  -9999  -9999  -9999    0.0  -9999
C0G660 2009091016  -9999  -9999  -9999  -9999  -9999    0.0  -9999
C0G660 2009091017  -9999  -9999  -9999  -9999  -9999    0.0  -9999
C0G660 2009091018  -9999  -9999  -9999  -9999  -9999    0.0  -9999
C0G660 2009091019  -9999  -9999  -9999  -9999  -9999    0.0  -9999
C0G660 2009091020  -9999  -9999  -9999  -9999  -9999    0.0  -9999
C0G660 2009091021  -9999  -9999  -9999  -9999  -9999    0.0  -9999
C0G660 2009091022  -9999  -9999  -9999  -9999  -9999    0.0  -9999
C0G660 2009091023  -9999  -9999  -9999  -9999  -9999    0.0  -9999
C0G660 2009091024  -9999  -9999  -9999  -9999  -9999    0.0  -9999
C0G660 2009091101  -9999  -9999  -9999  -9999  -9999    0.0  -9999
C0G660 2009091102  -9999  -9999  -9999  -9999  -9999    0.0  -9999
C0G660 2009091103  -9999  -9999  -9999  -9999  -9999    0.0  -9999
C0G660 2009091104  -9999  -9999  -9999  -9999  -9999    0.0  -9999
C0G660 2009091105  -9999  -9999  -9999  -9999  -9999    0.0  -9999
C0G660 2009091106  -9999  -9999  -9999  -9999  -9999    0.0  -9999
C0G660 2009091107  -9999  -9999  -9999  -9999  -9999    0.0  -9999
C0G660 2009091108  -9999  -9999  -9999  -9999  -9999    0.0  -9999
C0G660 2009091109  -9999  -9999  -9999  -9999  -9999    0.0  -9999
C0G660 2009091110  -9999  -9999  -9999  -9999  -9999    0.0  -9999
C0G660 2009091111  -9999  -9999  -9999  -9999  -9999    0.0  -9999
C0G660 2009091112  -9999  -9999  -9999  -9999  -9999    0.0  -9999
C0G660 2009091113  -9999  -9999  -9999  -9999  -9999    0.0  -9999
C0G660 2009091114  -9999  -9999  -9999  -9999  -9999    0.0  -9999
C0G660 2009091115  -9999  -9999  -9999  -9999  -9999    0.0  -9999
C0G660 2009091116  -9999  -9999  -9999  -9999  -9999    0.0  -9999
C0G660 2009091117  -9999  -9999  -9999  -9999  -9999    0.0  -9999
C0G660 2009091118  -9999  -9999  -9999  -9999  -9999    0.0  -9999
C0G660 2009091119  -9999  -9999  -9999  -9999  -9999    0.0  -9999
C0G660 2009091120  -9999  -9999  -9999  -9999  -9999    0.0  -9999
C0G660 2009091121  -9999  -9999  -9999  -9999  -9999    0.0  -9999
C0G660 2009091122  -9999  -9999  -9999  -9999  -9999    0.0  -9999
C0G660 2009091123  -9999  -9999  -9999  -9999  -9999    0.0  -9999
C0G660 2009091124  -9999  -9999  -9999  -9999  -9999    0.0  -9999
C0G660 2009091201  -9999  -9999  -9999  -9999  -9999    0.0  -9999
C0G660 2009091202  -9999  -9999  -9999  -9999  -9999    0.0  -9999
C0G660 2009091203  -9999  -9999  -9999  -9999  -9999    0.0  -9999
C0G660 2009091204  -9999  -9999  -9999  -9999  -9999    0.0  -9999
C0G660 2009091205  -9999  -9999  -9999  -9999  -9999    0.0  -9999
C0G660 2009091206  -9999  -9999  -9999  -9999  -9999    0.0  -9999
C0G660 2009091207  -9999  -9999  -9999  -9999  -9999    0.0  -9999
C0G660 2009091208  -9999  -9999  -9999  -9999  -9999    0.0  -9999
C0G660 2009091209  -9999  -9999  -9999  -9999  -9999    0.0  -9999
C0G660 2009091210  -9999  -9999  -9999  -9999  -9999    0.0  -9999
C0G660 2009091211  -9999  -9999  -9999  -9999  -9999    0.0  -9999
C0G660 2009091212  -9999  -9999  -9999  -9999  -9999    0.0  -9999
C0G660 2009091213  -9999  -9999  -9999  -9999  -9999    0.0  -9999
C0G660 2009091214  -9999  -9999  -9999  -9999  -9999    0.0  -9999
C0G660 2009091215  -9999  -9999  -9999  -9999  -9999    0.0  -9999
C0G660 2009091216  -9999  -9999  -9999  -9999  -9999    0.0  -9999
C0G660 2009091217  -9999  -9999  -9999  -9999  -9999    0.0  -9999
C0G660 2009091218  -9999  -9999  -9999  -9999  -9999    0.0  -9999
C0G660 2009091219  -9999  -9999  -9999  -9999  -9999    0.0  -9999
C0G660 2009091220  -9999  -9999  -9999  -9999  -9999    0.0  -9999
C0G660 2009091221  -9999  -9999  -9999  -9999  -9999    0.0  -9999
C0G660 2009091222  -9999  -9999  -9999  -9999  -9999    0.0  -9999
C0G660 2009091223  -9999  -9999  -9999  -9999  -9999    0.0  -9999
C0G660 2009091224  -9999  -9999  -9999  -9999  -9999    0.0  -9999
C0G660 2009091301  -9999  -9999  -9999  -9999  -9999    0.0  -9999
C0G660 2009091302  -9999  -9999  -9999  -9999  -9999    0.0  -9999
C0G660 2009091303  -9999  -9999  -9999  -9999  -9999    0.0  -9999
C0G660 2009091304  -9999  -9999  -9999  -9999  -9999    0.0  -9999
C0G660 2009091305  -9999  -9999  -9999  -9999  -9999    0.0  -9999
C0G660 2009091306  -9999  -9999  -9999  -9999  -9999    0.0  -9999
C0G660 2009091307  -9999  -9999  -9999  -9999  -9999    0.0  -9999
C0G660 2009091308  -9999  -9999  -9999  -9999  -9999    0.0  -9999
C0G660 2009091309  -9999  -9999  -9999  -9999  -9999    0.0  -9999
C0G660 2009091310  -9999  -9999  -9999  -9999  -9999    0.0  -9999
C0G660 2009091311  -9999  -9999  -9999  -9999  -9999    0.0  -9999
C0G660 2009091312  -9999  -9999  -9999  -9999  -9999    0.0  -9999
C0G660 2009091313  -9999  -9999  -9999  -9999  -9999    0.0  -9999
C0G660 2009091314  -9999  -9999  -9999  -9999  -9999    0.0  -9999
C0G660 2009091315  -9999  -9999  -9999  -9999  -9999    0.0  -9999
C0G660 2009091316  -9999  -9999  -9999  -9999  -9999    0.0  -9999
C0G660 2009091317  -9999  -9999  -9999  -9999  -9999    0.0  -9999
C0G660 2009091318  -9999  -9999  -9999  -9999  -9999    0.0  -9999
C0G660 2009091319  -9999  -9999  -9999  -9999  -9999    0.0  -9999
C0G660 2009091320  -9999  -9999  -9999  -9999  -9999    0.0  -9999
C0G660 2009091321  -9999  -9999  -9999  -9999  -9999    0.0  -9999
C0G660 2009091322  -9999  -9999  -9999  -9999  -9999    0.0  -9999
C0G660 2009091323  -9999  -9999  -9999  -9999  -9999    0.0  -9999
C0G660 2009091324  -9999  -9999  -9999  -9999  -9999    0.0  -9999
C0G660 2009091401  -9999  -9999  -9999  -9999  -9999    0.0  -9999
C0G660 2009091402  -9999  -9999  -9999  -9999  -9999    0.0  -9999
C0G660 2009091403  -9999  -9999  -9999  -9999  -9999    0.0  -9999
C0G660 2009091404  -9999  -9999  -9999  -9999  -9999    0.0  -9999
C0G660 2009091405  -9999  -9999  -9999  -9999  -9999    0.0  -9999
C0G660 2009091406  -9999  -9999  -9999  -9999  -9999    0.0  -9999
C0G660 2009091407  -9999  -9999  -9999  -9999  -9999    0.0  -9999
C0G660 2009091408  -9999  -9999  -9999  -9999  -9999    0.0  -9999
C0G660 2009091409  -9999  -9999  -9999  -9999  -9999    0.0  -9999
C0G660 2009091410  -9999  -9999  -9999  -9999  -9999    0.0  -9999
C0G660 2009091411  -9999  -9999  -9999  -9999  -9999    0.0  -9999
C0G660 2009091412  -9999  -9999  -9999  -9999  -9999    0.0  -9999
C0G660 2009091413  -9999  -9999  -9999  -9999  -9999    0.0  -9999
C0G660 2009091414  -9999  -9999  -9999  -9999  -9999    0.0  -9999
C0G660 2009091415  -9999  -9999  -9999  -9999  -9999    0.0  -9999
C0G660 2009091416  -9999  -9999  -9999  -9999  -9999    0.0  -9999
C0G660 2009091417  -9999  -9999  -9999  -9999  -9999    1.0  -9999
C0G660 2009091418  -9999  -9999  -9999  -9999  -9999    0.0  -9999
C0G660 2009091419  -9999  -9999  -9999  -9999  -9999    0.0  -9999
C0G660 2009091420  -9999  -9999  -9999  -9999  -9999    0.0  -9999
C0G660 2009091421  -9999  -9999  -9999  -9999  -9999    4.0  -9999
C0G660 2009091422  -9999  -9999  -9999  -9999  -9999    0.0  -9999
C0G660 2009091423  -9999  -9999  -9999  -9999  -9999    0.0  -9999
C0G660 2009091424  -9999  -9999  -9999  -9999  -9999    0.0  -9999
C0G660 2009091501  -9999  -9999  -9999  -9999  -9999    0.0  -9999
C0G660 2009091502  -9999  -9999  -9999  -9999  -9999    0.0  -9999
C0G660 2009091503  -9999  -9999  -9999  -9999  -9999    0.0  -9999
C0G660 2009091504  -9999  -9999  -9999  -9999  -9999    0.0  -9999
C0G660 2009091505  -9999  -9999  -9999  -9999  -9999    0.0  -9999
C0G660 2009091506  -9999  -9999  -9999  -9999  -9999    0.0  -9999
C0G660 2009091507  -9999  -9999  -9999  -9999  -9999    0.0  -9999
C0G660 2009091508  -9999  -9999  -9999  -9999  -9999    0.0  -9999
C0G660 2009091509  -9999  -9999  -9999  -9999  -9999    0.0  -9999
C0G660 2009091510  -9999  -9999  -9999  -9999  -9999    0.0  -9999
C0G660 2009091511  -9999  -9999  -9999  -9999  -9999    0.0  -9999
C0G660 2009091512  -9999  -9999  -9999  -9999  -9999    0.0  -9999
C0G660 2009091513  -9999  -9999  -9999  -9999  -9999    0.0  -9999
C0G660 2009091514  -9999  -9999  -9999  -9999  -9999    0.0  -9999
C0G660 2009091515  -9999  -9999  -9999  -9999  -9999    0.0  -9999
C0G660 2009091516  -9999  -9999  -9999  -9999  -9999    0.0  -9999
C0G660 2009091517  -9999  -9999  -9999  -9999  -9999    0.0  -9999
C0G660 2009091518  -9999  -9999  -9999  -9999  -9999    0.0  -9999
C0G660 2009091519  -9999  -9999  -9999  -9999  -9999    0.0  -9999
C0G660 2009091520  -9999  -9999  -9999  -9999  -9999    0.0  -9999
C0G660 2009091521  -9999  -9999  -9999  -9999  -9999    0.0  -9999
C0G660 2009091522  -9999  -9999  -9999  -9999  -9999    0.0  -9999
C0G660 2009091523  -9999  -9999  -9999  -9999  -9999    0.0  -9999
C0G660 2009091524  -9999  -9999  -9999  -9999  -9999    0.0  -9999
C0G660 2009091601  -9999  -9999  -9999  -9999  -9999    0.0  -9999
C0G660 2009091602  -9999  -9999  -9999  -9999  -9999    0.0  -9999
C0G660 2009091603  -9999  -9999  -9999  -9999  -9999    0.0  -9999
C0G660 2009091604  -9999  -9999  -9999  -9999  -9999    0.0  -9999
C0G660 2009091605  -9999  -9999  -9999  -9999  -9999    0.0  -9999
C0G660 2009091606  -9999  -9999  -9999  -9999  -9999    0.0  -9999
C0G660 2009091607  -9999  -9999  -9999  -9999  -9999    0.0  -9999
C0G660 2009091608  -9999  -9999  -9999  -9999  -9999    0.0  -9999
C0G660 2009091609  -9999  -9999  -9999  -9999  -9999    0.0  -9999
C0G660 2009091610  -9999  -9999  -9999  -9999  -9999    0.0  -9999
C0G660 2009091611  -9999  -9999  -9999  -9999  -9999    0.0  -9999
C0G660 2009091612  -9999  -9999  -9999  -9999  -9999    0.0  -9999
C0G660 2009091613  -9999  -9999  -9999  -9999  -9999    0.0  -9999
C0G660 2009091614  -9999  -9999  -9999  -9999  -9999    0.0  -9999
C0G660 2009091615  -9999  -9999  -9999  -9999  -9999    0.0  -9999
C0G660 2009091616  -9999  -9999  -9999  -9999  -9999    0.0  -9999
C0G660 2009091617  -9999  -9999  -9999  -9999  -9999    0.0  -9999
C0G660 2009091618  -9999  -9999  -9999  -9999  -9999    0.0  -9999
C0G660 2009091619  -9999  -9999  -9999  -9999  -9999    0.0  -9999
C0G660 2009091620  -9999  -9999  -9999  -9999  -9999    0.0  -9999
C0G660 2009091621  -9999  -9999  -9999  -9999  -9999    0.0  -9999
C0G660 2009091622  -9999  -9999  -9999  -9999  -9999    0.0  -9999
C0G660 2009091623  -9999  -9999  -9999  -9999  -9999    0.0  -9999
C0G660 2009091624  -9999  -9999  -9999  -9999  -9999    0.0  -9999
C0G660 2009091701  -9999  -9999  -9999  -9999  -9999    0.0  -9999
C0G660 2009091702  -9999  -9999  -9999  -9999  -9999    0.0  -9999
C0G660 2009091703  -9999  -9999  -9999  -9999  -9999    0.0  -9999
C0G660 2009091704  -9999  -9999  -9999  -9999  -9999    0.0  -9999
C0G660 2009091705  -9999  -9999  -9999  -9999  -9999    0.0  -9999
C0G660 2009091706  -9999  -9999  -9999  -9999  -9999    0.0  -9999
C0G660 2009091707  -9999  -9999  -9999  -9999  -9999    0.0  -9999
C0G660 2009091708  -9999  -9999  -9999  -9999  -9999    0.0  -9999
C0G660 2009091709  -9999  -9999  -9999  -9999  -9999    0.0  -9999
C0G660 2009091710  -9999  -9999  -9999  -9999  -9999    0.0  -9999
C0G660 2009091711  -9999  -9999  -9999  -9999  -9999    0.0  -9999
C0G660 2009091712  -9999  -9999  -9999  -9999  -9999    0.0  -9999
C0G660 2009091713  -9999  -9999  -9999  -9999  -9999    0.0  -9999
C0G660 2009091714  -9999  -9999  -9999  -9999  -9999    0.0  -9999
C0G660 2009091715  -9999  -9999  -9999  -9999  -9999    0.0  -9999
C0G660 2009091716  -9999  -9999  -9999  -9999  -9999    0.0  -9999
C0G660 2009091717  -9999  -9999  -9999  -9999  -9999    0.0  -9999
C0G660 2009091718  -9999  -9999  -9999  -9999  -9999    0.0  -9999
C0G660 2009091719  -9999  -9999  -9999  -9999  -9999    0.0  -9999
C0G660 2009091720  -9999  -9999  -9999  -9999  -9999    0.0  -9999
C0G660 2009091721  -9999  -9999  -9999  -9999  -9999    0.0  -9999
C0G660 2009091722  -9999  -9999  -9999  -9999  -9999    0.0  -9999
C0G660 2009091723  -9999  -9999  -9999  -9999  -9999    0.0  -9999
C0G660 2009091724  -9999  -9999  -9999  -9999  -9999    0.0  -9999
C0G660 2009091801  -9999  -9999  -9999  -9999  -9999    0.0  -9999
C0G660 2009091802  -9999  -9999  -9999  -9999  -9999    0.0  -9999
C0G660 2009091803  -9999  -9999  -9999  -9999  -9999    0.0  -9999
C0G660 2009091804  -9999  -9999  -9999  -9999  -9999    0.0  -9999
C0G660 2009091805  -9999  -9999  -9999  -9999  -9999    0.0  -9999
C0G660 2009091806  -9999  -9999  -9999  -9999  -9999    0.0  -9999
C0G660 2009091807  -9999  -9999  -9999  -9999  -9999    0.0  -9999
C0G660 2009091808  -9999  -9999  -9999  -9999  -9999    0.0  -9999
C0G660 2009091809  -9999  -9999  -9999  -9999  -9999    0.0  -9999
C0G660 2009091810  -9999  -9999  -9999  -9999  -9999    0.0  -9999
C0G660 2009091811  -9999  -9999  -9999  -9999  -9999    0.0  -9999
C0G660 2009091812  -9999  -9999  -9999  -9999  -9999    0.0  -9999
C0G660 2009091813  -9999  -9999  -9999  -9999  -9999    0.0  -9999
C0G660 2009091814  -9999  -9999  -9999  -9999  -9999    0.0  -9999
C0G660 2009091815  -9999  -9999  -9999  -9999  -9999    0.0  -9999
C0G660 2009091816  -9999  -9999  -9999  -9999  -9999    0.0  -9999
C0G660 2009091817  -9999  -9999  -9999  -9999  -9999    0.0  -9999
C0G660 2009091818  -9999  -9999  -9999  -9999  -9999    0.0  -9999
C0G660 2009091819  -9999  -9999  -9999  -9999  -9999    0.0  -9999
C0G660 2009091820  -9999  -9999  -9999  -9999  -9999    0.0  -9999
C0G660 2009091821  -9999  -9999  -9999  -9999  -9999    0.0  -9999
C0G660 2009091822  -9999  -9999  -9999  -9999  -9999    0.0  -9999
C0G660 2009091823  -9999  -9999  -9999  -9999  -9999    0.0  -9999
C0G660 2009091824  -9999  -9999  -9999  -9999  -9999    0.0  -9999
C0G660 2009091901  -9999  -9999  -9999  -9999  -9999    0.0  -9999
C0G660 2009091902  -9999  -9999  -9999  -9999  -9999    0.0  -9999
C0G660 2009091903  -9999  -9999  -9999  -9999  -9999    0.0  -9999
C0G660 2009091904  -9999  -9999  -9999  -9999  -9999    0.0  -9999
C0G660 2009091905  -9999  -9999  -9999  -9999  -9999    0.0  -9999
C0G660 2009091906  -9999  -9999  -9999  -9999  -9999    0.0  -9999
C0G660 2009091907  -9999  -9999  -9999  -9999  -9999    0.0  -9999
C0G660 2009091908  -9999  -9999  -9999  -9999  -9999    0.0  -9999
C0G660 2009091909  -9999  -9999  -9999  -9999  -9999    0.0  -9999
C0G660 2009091910  -9999  -9999  -9999  -9999  -9999    0.0  -9999
C0G660 2009091911  -9999  -9999  -9999  -9999  -9999    0.0  -9999
C0G660 2009091912  -9999  -9999  -9999  -9999  -9999    0.0  -9999
C0G660 2009091913  -9999  -9999  -9999  -9999  -9999    0.0  -9999
C0G660 2009091914  -9999  -9999  -9999  -9999  -9999    0.0  -9999
C0G660 2009091915  -9999  -9999  -9999  -9999  -9999    0.0  -9999
C0G660 2009091916  -9999  -9999  -9999  -9999  -9999    0.0  -9999
C0G660 2009091917  -9999  -9999  -9999  -9999  -9999    0.0  -9999
C0G660 2009091918  -9999  -9999  -9999  -9999  -9999    0.0  -9999
C0G660 2009091919  -9999  -9999  -9999  -9999  -9999    0.0  -9999
C0G660 2009091920  -9999  -9999  -9999  -9999  -9999    0.0  -9999
C0G660 2009091921  -9999  -9999  -9999  -9999  -9999    0.0  -9999
C0G660 2009091922  -9999  -9999  -9999  -9999  -9999    0.0  -9999
C0G660 2009091923  -9999  -9999  -9999  -9999  -9999    0.0  -9999
C0G660 2009091924  -9999  -9999  -9999  -9999  -9999    0.0  -9999
C0G660 2009092001  -9999  -9999  -9999  -9999  -9999    0.0  -9999
C0G660 2009092002  -9999  -9999  -9999  -9999  -9999    0.0  -9999
C0G660 2009092003  -9999  -9999  -9999  -9999  -9999    0.0  -9999
C0G660 2009092004  -9999  -9999  -9999  -9999  -9999    0.0  -9999
C0G660 2009092005  -9999  -9999  -9999  -9999  -9999    0.0  -9999
C0G660 2009092006  -9999  -9999  -9999  -9999  -9999    0.0  -9999
C0G660 2009092007  -9999  -9999  -9999  -9999  -9999    0.0  -9999
C0G660 2009092008  -9999  -9999  -9999  -9999  -9999    0.0  -9999
C0G660 2009092009  -9999  -9999  -9999  -9999  -9999    0.0  -9999
C0G660 2009092010  -9999  -9999  -9999  -9999  -9999    0.0  -9999
C0G660 2009092011  -9999  -9999  -9999  -9999  -9999    0.0  -9999
C0G660 2009092012  -9999  -9999  -9999  -9999  -9999    0.0  -9999
C0G660 2009092013  -9999  -9999  -9999  -9999  -9999    0.0  -9999
C0G660 2009092014  -9999  -9999  -9999  -9999  -9999    0.0  -9999
C0G660 2009092015  -9999  -9999  -9999  -9999  -9999    0.0  -9999
C0G660 2009092016  -9999  -9999  -9999  -9999  -9999    0.0  -9999
C0G660 2009092017  -9999  -9999  -9999  -9999  -9999    0.0  -9999
C0G660 2009092018  -9999  -9999  -9999  -9999  -9999    0.0  -9999
C0G660 2009092019  -9999  -9999  -9999  -9999  -9999    0.0  -9999
C0G660 2009092020  -9999  -9999  -9999  -9999  -9999    0.0  -9999
C0G660 2009092021  -9999  -9999  -9999  -9999  -9999    0.0  -9999
C0G660 2009092022  -9999  -9999  -9999  -9999  -9999    0.0  -9999
C0G660 2009092023  -9999  -9999  -9999  -9999  -9999    0.0  -9999
C0G660 2009092024  -9999  -9999  -9999  -9999  -9999    0.0  -9999
C0G660 2009092101  -9999  -9999  -9999  -9999  -9999    0.0  -9999
C0G660 2009092102  -9999  -9999  -9999  -9999  -9999    0.0  -9999
C0G660 2009092103  -9999  -9999  -9999  -9999  -9999    0.0  -9999
C0G660 2009092104  -9999  -9999  -9999  -9999  -9999    0.0  -9999
C0G660 2009092105  -9999  -9999  -9999  -9999  -9999    0.0  -9999
C0G660 2009092106  -9999  -9999  -9999  -9999  -9999    0.0  -9999
C0G660 2009092107  -9999  -9999  -9999  -9999  -9999    0.0  -9999
C0G660 2009092108  -9999  -9999  -9999  -9999  -9999    0.0  -9999
C0G660 2009092109  -9999  -9999  -9999  -9999  -9999    0.0  -9999
C0G660 2009092110  -9999  -9999  -9999  -9999  -9999    0.0  -9999
C0G660 2009092111  -9999  -9999  -9999  -9999  -9999    0.0  -9999
C0G660 2009092112  -9999  -9999  -9999  -9999  -9999    0.0  -9999
C0G660 2009092113  -9999  -9999  -9999  -9999  -9999    0.0  -9999
C0G660 2009092114  -9999  -9999  -9999  -9999  -9999    0.0  -9999
C0G660 2009092115  -9999  -9999  -9999  -9999  -9999    0.0  -9999
C0G660 2009092116  -9999  -9999  -9999  -9999  -9999    0.0  -9999
C0G660 2009092117  -9999  -9999  -9999  -9999  -9999    0.0  -9999
C0G660 2009092118  -9999  -9999  -9999  -9999  -9999    0.0  -9999
C0G660 2009092119  -9999  -9999  -9999  -9999  -9999    0.0  -9999
C0G660 2009092120  -9999  -9999  -9999  -9999  -9999    0.0  -9999
C0G660 2009092121  -9999  -9999  -9999  -9999  -9999    0.0  -9999
C0G660 2009092122  -9999  -9999  -9999  -9999  -9999    0.0  -9999
C0G660 2009092123  -9999  -9999  -9999  -9999  -9999    0.0  -9999
C0G660 2009092124  -9999  -9999  -9999  -9999  -9999    0.0  -9999
C0G660 2009092201  -9999  -9999  -9999  -9999  -9999    0.0  -9999
C0G660 2009092202  -9999  -9999  -9999  -9999  -9999    0.0  -9999
C0G660 2009092203  -9999  -9999  -9999  -9999  -9999    0.0  -9999
C0G660 2009092204  -9999  -9999  -9999  -9999  -9999    0.0  -9999
C0G660 2009092205  -9999  -9999  -9999  -9999  -9999    0.0  -9999
C0G660 2009092206  -9999  -9999  -9999  -9999  -9999    0.0  -9999
C0G660 2009092207  -9999  -9999  -9999  -9999  -9999    0.0  -9999
C0G660 2009092208  -9999  -9999  -9999  -9999  -9999    0.0  -9999
C0G660 2009092209  -9999  -9999  -9999  -9999  -9999    0.0  -9999
C0G660 2009092210  -9999  -9999  -9999  -9999  -9999    0.0  -9999
C0G660 2009092211  -9999  -9999  -9999  -9999  -9999    0.0  -9999
C0G660 2009092212  -9999  -9999  -9999  -9999  -9999    0.0  -9999
C0G660 2009092213  -9999  -9999  -9999  -9999  -9999    0.0  -9999
C0G660 2009092214  -9999  -9999  -9999  -9999  -9999    0.0  -9999
C0G660 2009092215  -9999  -9999  -9999  -9999  -9999    0.0  -9999
C0G660 2009092216  -9999  -9999  -9999  -9999  -9999    0.0  -9999
C0G660 2009092217  -9999  -9999  -9999  -9999  -9999    0.0  -9999
C0G660 2009092218  -9999  -9999  -9999  -9999  -9999    0.0  -9999
C0G660 2009092219  -9999  -9999  -9999  -9999  -9999    0.0  -9999
C0G660 2009092220  -9999  -9999  -9999  -9999  -9999    0.0  -9999
C0G660 2009092221  -9999  -9999  -9999  -9999  -9999    0.0  -9999
C0G660 2009092222  -9999  -9999  -9999  -9999  -9999    0.0  -9999
C0G660 2009092223  -9999  -9999  -9999  -9999  -9999    0.0  -9999
C0G660 2009092224  -9999  -9999  -9999  -9999  -9999    0.0  -9999
C0G660 2009092301  -9999  -9999  -9999  -9999  -9999    0.0  -9999
C0G660 2009092302  -9999  -9999  -9999  -9999  -9999    0.0  -9999
C0G660 2009092303  -9999  -9999  -9999  -9999  -9999    0.0  -9999
C0G660 2009092304  -9999  -9999  -9999  -9999  -9999    0.0  -9999
C0G660 2009092305  -9999  -9999  -9999  -9999  -9999    0.0  -9999
C0G660 2009092306  -9999  -9999  -9999  -9999  -9999    0.0  -9999
C0G660 2009092307  -9999  -9999  -9999  -9999  -9999    0.0  -9999
C0G660 2009092308  -9999  -9999  -9999  -9999  -9999    0.0  -9999
C0G660 2009092309  -9999  -9999  -9999  -9999  -9999    0.0  -9999
C0G660 2009092310  -9999  -9999  -9999  -9999  -9999    0.0  -9999
C0G660 2009092311  -9999  -9999  -9999  -9999  -9999    0.0  -9999
C0G660 2009092312  -9999  -9999  -9999  -9999  -9999    0.0  -9999
C0G660 2009092313  -9999  -9999  -9999  -9999  -9999    0.0  -9999
C0G660 2009092314  -9999  -9999  -9999  -9999  -9999    0.0  -9999
C0G660 2009092315  -9999  -9999  -9999  -9999  -9999    0.0  -9999
C0G660 2009092316  -9999  -9999  -9999  -9999  -9999    0.0  -9999
C0G660 2009092317  -9999  -9999  -9999  -9999  -9999    0.0  -9999
C0G660 2009092318  -9999  -9999  -9999  -9999  -9999    0.0  -9999
C0G660 2009092319  -9999  -9999  -9999  -9999  -9999    0.0  -9999
C0G660 2009092320  -9999  -9999  -9999  -9999  -9999    0.0  -9999
C0G660 2009092321  -9999  -9999  -9999  -9999  -9999    0.0  -9999
C0G660 2009092322  -9999  -9999  -9999  -9999  -9999    0.0  -9999
C0G660 2009092323  -9999  -9999  -9999  -9999  -9999    0.0  -9999
C0G660 2009092324  -9999  -9999  -9999  -9999  -9999    0.0  -9999
C0G660 2009092401  -9999  -9999  -9999  -9999  -9999    0.0  -9999
C0G660 2009092402  -9999  -9999  -9999  -9999  -9999    0.0  -9999
C0G660 2009092403  -9999  -9999  -9999  -9999  -9999    0.0  -9999
C0G660 2009092404  -9999  -9999  -9999  -9999  -9999    0.0  -9999
C0G660 2009092405  -9999  -9999  -9999  -9999  -9999    0.0  -9999
C0G660 2009092406  -9999  -9999  -9999  -9999  -9999    0.0  -9999
C0G660 2009092407  -9999  -9999  -9999  -9999  -9999    0.0  -9999
C0G660 2009092408  -9999  -9999  -9999  -9999  -9999    0.0  -9999
C0G660 2009092409  -9999  -9999  -9999  -9999  -9999    0.0  -9999
C0G660 2009092410  -9999  -9999  -9999  -9999  -9999    0.0  -9999
C0G660 2009092411  -9999  -9999  -9999  -9999  -9999    0.0  -9999
C0G660 2009092412  -9999  -9999  -9999  -9999  -9999    0.0  -9999
C0G660 2009092413  -9999  -9999  -9999  -9999  -9999    0.0  -9999
C0G660 2009092414  -9999  -9999  -9999  -9999  -9999    0.0  -9999
C0G660 2009092415  -9999  -9999  -9999  -9999  -9999    0.0  -9999
C0G660 2009092416  -9999  -9999  -9999  -9999  -9999    0.0  -9999
C0G660 2009092417  -9999  -9999  -9999  -9999  -9999    0.0  -9999
C0G660 2009092418  -9999  -9999  -9999  -9999  -9999    0.0  -9999
C0G660 2009092419  -9999  -9999  -9999  -9999  -9999    0.0  -9999
C0G660 2009092420  -9999  -9999  -9999  -9999  -9999    0.0  -9999
C0G660 2009092421  -9999  -9999  -9999  -9999  -9999    0.0  -9999
C0G660 2009092422  -9999  -9999  -9999  -9999  -9999    0.0  -9999
C0G660 2009092423  -9999  -9999  -9999  -9999  -9999    0.0  -9999
C0G660 2009092424  -9999  -9999  -9999  -9999  -9999    0.0  -9999
C0G660 2009092501  -9999  -9999  -9999  -9999  -9999    0.0  -9999
C0G660 2009092502  -9999  -9999  -9999  -9999  -9999    0.0  -9999
C0G660 2009092503  -9999  -9999  -9999  -9999  -9999    0.0  -9999
C0G660 2009092504  -9999  -9999  -9999  -9999  -9999    0.0  -9999
C0G660 2009092505  -9999  -9999  -9999  -9999  -9999    0.0  -9999
C0G660 2009092506  -9999  -9999  -9999  -9999  -9999    0.0  -9999
C0G660 2009092507  -9999  -9999  -9999  -9999  -9999    0.0  -9999
C0G660 2009092508  -9999  -9999  -9999  -9999  -9999    0.0  -9999
C0G660 2009092509  -9999  -9999  -9999  -9999  -9999    0.0  -9999
C0G660 2009092510  -9999  -9999  -9999  -9999  -9999    0.0  -9999
C0G660 2009092511  -9999  -9999  -9999  -9999  -9999    0.0  -9999
C0G660 2009092512  -9999  -9999  -9999  -9999  -9999    0.0  -9999
C0G660 2009092513  -9999  -9999  -9999  -9999  -9999    0.0  -9999
C0G660 2009092514  -9999  -9999  -9999  -9999  -9999    0.0  -9999
C0G660 2009092515  -9999  -9999  -9999  -9999  -9999    0.0  -9999
C0G660 2009092516  -9999  -9999  -9999  -9999  -9999    0.0  -9999
C0G660 2009092517  -9999  -9999  -9999  -9999  -9999    0.0  -9999
C0G660 2009092518  -9999  -9999  -9999  -9999  -9999    0.0  -9999
C0G660 2009092519  -9999  -9999  -9999  -9999  -9999    0.0  -9999
C0G660 2009092520  -9999  -9999  -9999  -9999  -9999    0.0  -9999
C0G660 2009092521  -9999  -9999  -9999  -9999  -9999    0.0  -9999
C0G660 2009092522  -9999  -9999  -9999  -9999  -9999    0.0  -9999
C0G660 2009092523  -9999  -9999  -9999  -9999  -9999    0.0  -9999
C0G660 2009092524  -9999  -9999  -9999  -9999  -9999    0.0  -9999
C0G660 2009092601  -9999  -9999  -9999  -9999  -9999    0.0  -9999
C0G660 2009092602  -9999  -9999  -9999  -9999  -9999    0.0  -9999
C0G660 2009092603  -9999  -9999  -9999  -9999  -9999    0.0  -9999
C0G660 2009092604  -9999  -9999  -9999  -9999  -9999    0.0  -9999
C0G660 2009092605  -9999  -9999  -9999  -9999  -9999    0.0  -9999
C0G660 2009092606  -9999  -9999  -9999  -9999  -9999    0.0  -9999
C0G660 2009092607  -9999  -9999  -9999  -9999  -9999    0.0  -9999
C0G660 2009092608  -9999  -9999  -9999  -9999  -9999    0.0  -9999
C0G660 2009092609  -9999  -9999  -9999  -9999  -9999    0.0  -9999
C0G660 2009092610  -9999  -9999  -9999  -9999  -9999    0.0  -9999
C0G660 2009092611  -9999  -9999  -9999  -9999  -9999    0.0  -9999
C0G660 2009092612  -9999  -9999  -9999  -9999  -9999    0.0  -9999
C0G660 2009092613  -9999  -9999  -9999  -9999  -9999    0.0  -9999
C0G660 2009092614  -9999  -9999  -9999  -9999  -9999    0.0  -9999
C0G660 2009092615  -9999  -9999  -9999  -9999  -9999    0.0  -9999
C0G660 2009092616  -9999  -9999  -9999  -9999  -9999    0.0  -9999
C0G660 2009092617  -9999  -9999  -9999  -9999  -9999    0.0  -9999
C0G660 2009092618  -9999  -9999  -9999  -9999  -9999    0.0  -9999
C0G660 2009092619  -9999  -9999  -9999  -9999  -9999    0.0  -9999
C0G660 2009092620  -9999  -9999  -9999  -9999  -9999    0.0  -9999
C0G660 2009092621  -9999  -9999  -9999  -9999  -9999    0.0  -9999
C0G660 2009092622  -9999  -9999  -9999  -9999  -9999    0.0  -9999
C0G660 2009092623  -9999  -9999  -9999  -9999  -9999    0.0  -9999
C0G660 2009092624  -9999  -9999  -9999  -9999  -9999    0.0  -9999
C0G660 2009092701  -9999  -9999  -9999  -9999  -9999    0.0  -9999
C0G660 2009092702  -9999  -9999  -9999  -9999  -9999    0.0  -9999
C0G660 2009092703  -9999  -9999  -9999  -9999  -9999    0.0  -9999
C0G660 2009092704  -9999  -9999  -9999  -9999  -9999    0.0  -9999
C0G660 2009092705  -9999  -9999  -9999  -9999  -9999    0.0  -9999
C0G660 2009092706  -9999  -9999  -9999  -9999  -9999    0.0  -9999
C0G660 2009092707  -9999  -9999  -9999  -9999  -9999    1.0  -9999
C0G660 2009092708  -9999  -9999  -9999  -9999  -9999    0.5  -9999
C0G660 2009092709  -9999  -9999  -9999  -9999  -9999    0.0  -9999
C0G660 2009092710  -9999  -9999  -9999  -9999  -9999    0.0  -9999
C0G660 2009092711  -9999  -9999  -9999  -9999  -9999    0.0  -9999
C0G660 2009092712  -9999  -9999  -9999  -9999  -9999    0.0  -9999
C0G660 2009092713  -9999  -9999  -9999  -9999  -9999    0.0  -9999
C0G660 2009092714  -9999  -9999  -9999  -9999  -9999    0.0  -9999
C0G660 2009092715  -9999  -9999  -9999  -9999  -9999    0.0  -9999
C0G660 2009092716  -9999  -9999  -9999  -9999  -9999    0.0  -9999
C0G660 2009092717  -9999  -9999  -9999  -9999  -9999    0.0  -9999
C0G660 2009092718  -9999  -9999  -9999  -9999  -9999    0.0  -9999
C0G660 2009092719  -9999  -9999  -9999  -9999  -9999    0.0  -9999
C0G660 2009092720  -9999  -9999  -9999  -9999  -9999    0.0  -9999
C0G660 2009092721  -9999  -9999  -9999  -9999  -9999    0.0  -9999
C0G660 2009092722  -9999  -9999  -9999  -9999  -9999    0.0  -9999
C0G660 2009092723  -9999  -9999  -9999  -9999  -9999    0.0  -9999
C0G660 2009092724  -9999  -9999  -9999  -9999  -9999    0.0  -9999
C0G660 2009092801  -9999  -9999  -9999  -9999  -9999    0.0  -9999
C0G660 2009092802  -9999  -9999  -9999  -9999  -9999    0.0  -9999
C0G660 2009092803  -9999  -9999  -9999  -9999  -9999    0.0  -9999
C0G660 2009092804  -9999  -9999  -9999  -9999  -9999    0.0  -9999
C0G660 2009092805  -9999  -9999  -9999  -9999  -9999    0.0  -9999
C0G660 2009092806  -9999  -9999  -9999  -9999  -9999    0.0  -9999
C0G660 2009092807  -9999  -9999  -9999  -9999  -9999    0.0  -9999
C0G660 2009092808  -9999  -9999  -9999  -9999  -9999    0.0  -9999
C0G660 2009092809  -9999  -9999  -9999  -9999  -9999    0.0  -9999
C0G660 2009092810  -9999  -9999  -9999  -9999  -9999    0.0  -9999
C0G660 2009092811  -9999  -9999  -9999  -9999  -9999    0.0  -9999
C0G660 2009092812  -9999  -9999  -9999  -9999  -9999    0.0  -9999
C0G660 2009092813  -9999  -9999  -9999  -9999  -9999    0.0  -9999
C0G660 2009092814  -9999  -9999  -9999  -9999  -9999    0.0  -9999
C0G660 2009092815  -9999  -9999  -9999  -9999  -9999    0.0  -9999
C0G660 2009092816  -9999  -9999  -9999  -9999  -9999    0.0  -9999
C0G660 2009092817  -9999  -9999  -9999  -9999  -9999    0.0  -9999
C0G660 2009092818  -9999  -9999  -9999  -9999  -9999    0.0  -9999
C0G660 2009092819  -9999  -9999  -9999  -9999  -9999    0.0  -9999
C0G660 2009092820  -9999  -9999  -9999  -9999  -9999    0.0  -9999
C0G660 2009092821  -9999  -9999  -9999  -9999  -9999    0.0  -9999
C0G660 2009092822  -9999  -9999  -9999  -9999  -9999    0.0  -9999
C0G660 2009092823  -9999  -9999  -9999  -9999  -9999    0.0  -9999
C0G660 2009092824  -9999  -9999  -9999  -9999  -9999    0.0  -9999
C0G660 2009092901  -9999  -9999  -9999  -9999  -9999    0.0  -9999
C0G660 2009092902  -9999  -9999  -9999  -9999  -9999    0.0  -9999
C0G660 2009092903  -9999  -9999  -9999  -9999  -9999    0.0  -9999
C0G660 2009092904  -9999  -9999  -9999  -9999  -9999    0.0  -9999
C0G660 2009092905  -9999  -9999  -9999  -9999  -9999    0.0  -9999
C0G660 2009092906  -9999  -9999  -9999  -9999  -9999    0.0  -9999
C0G660 2009092907  -9999  -9999  -9999  -9999  -9999    0.0  -9999
C0G660 2009092908  -9999  -9999  -9999  -9999  -9999    0.0  -9999
C0G660 2009092909  -9999  -9999  -9999  -9999  -9999    0.0  -9999
C0G660 2009092910  -9999  -9999  -9999  -9999  -9999    0.0  -9999
C0G660 2009092911  -9999  -9999  -9999  -9999  -9999    0.0  -9999
C0G660 2009092912  -9999  -9999  -9999  -9999  -9999    0.0  -9999
C0G660 2009092913  -9999  -9999  -9999  -9999  -9999    0.0  -9999
C0G660 2009092914  -9999  -9999  -9999  -9999  -9999    0.0  -9999
C0G660 2009092915  -9999  -9999  -9999  -9999  -9999    0.0  -9999
C0G660 2009092916  -9999  -9999  -9999  -9999  -9999    0.0  -9999
C0G660 2009092917  -9999  -9999  -9999  -9999  -9999    0.0  -9999
C0G660 2009092918  -9999  -9999  -9999  -9999  -9999    0.5  -9999
C0G660 2009092919  -9999  -9999  -9999  -9999  -9999    0.0  -9999
C0G660 2009092920  -9999  -9999  -9999  -9999  -9999    1.0  -9999
C0G660 2009092921  -9999  -9999  -9999  -9999  -9999    1.5  -9999
C0G660 2009092922  -9999  -9999  -9999  -9999  -9999    1.5  -9999
C0G660 2009092923  -9999  -9999  -9999  -9999  -9999    0.0  -9999
C0G660 2009092924  -9999  -9999  -9999  -9999  -9999    0.0  -9999
C0G660 2009093001  -9999  -9999  -9999  -9999  -9999    0.0  -9999
C0G660 2009093002  -9999  -9999  -9999  -9999  -9999    0.0  -9999
C0G660 2009093003  -9999  -9999  -9999  -9999  -9999    1.0  -9999
C0G660 2009093004  -9999  -9999  -9999  -9999  -9999    0.5  -9999
C0G660 2009093005  -9999  -9999  -9999  -9999  -9999    0.0  -9999
C0G660 2009093006  -9999  -9999  -9999  -9999  -9999    0.5  -9999
C0G660 2009093007  -9999  -9999  -9999  -9999  -9999    0.0  -9999
C0G660 2009093008  -9999  -9999  -9999  -9999  -9999    0.0  -9999
C0G660 2009093009  -9999  -9999  -9999  -9999  -9999    0.0  -9999
C0G660 2009093010  -9999  -9999  -9999  -9999  -9999    0.0  -9999
C0G660 2009093011  -9999  -9999  -9999  -9999  -9999    0.0  -9999
C0G660 2009093012  -9999  -9999  -9999  -9999  -9999    0.0  -9999
C0G660 2009093013  -9999  -9999  -9999  -9999  -9999    0.0  -9999
C0G660 2009093014  -9999  -9999  -9999  -9999  -9999    0.0  -9999
C0G660 2009093015  -9999  -9999  -9999  -9999  -9999   11.5  -9999
C0G660 2009093016  -9999  -9999  -9999  -9999  -9999    0.5  -9999
C0G660 2009093017  -9999  -9999  -9999  -9999  -9999    0.0  -9999
C0G660 2009093018  -9999  -9999  -9999  -9999  -9999    0.0  -9999
C0G660 2009093019  -9999  -9999  -9999  -9999  -9999    0.0  -9999
C0G660 2009093020  -9999  -9999  -9999  -9999  -9999    0.0  -9999
C0G660 2009093021  -9999  -9999  -9999  -9999  -9999    0.0  -9999
C0G660 2009093022  -9999  -9999  -9999  -9999  -9999    0.0  -9999
C0G660 2009093023  -9999  -9999  -9999  -9999  -9999    0.0  -9999
C0G660 2009093024  -9999  -9999  -9999  -9999  -9999    1.0  -9999
