C0G620 2010100101 -9999 -9999 -9999 0.0
C0G620 2010100102 -9999 -9999 -9999 0.0
C0G620 2010100103 -9999 -9999 -9999 0.0
C0G620 2010100104 -9999 -9999 -9999 0.0
C0G620 2010100105 -9999 -9999 -9999 0.0
C0G620 2010100106 -9999 -9999 -9999 0.0
C0G620 2010100107 -9999 -9999 -9999 0.0
C0G620 2010100108 -9999 -9999 -9999 0.0
C0G620 2010100109 -9999 -9999 -9999 0.0
C0G620 2010100110 -9999 -9999 -9999 0.0
C0G620 2010100111 -9999 -9999 -9999 0.0
C0G620 2010100112 -9999 -9999 -9999 0.0
C0G620 2010100113 -9999 -9999 -9999 0.0
C0G620 2010100114 -9999 -9999 -9999 0.0
C0G620 2010100115 -9999 -9999 -9999 0.0
C0G620 2010100116 -9999 -9999 -9999 0.0
C0G620 2010100117 -9999 -9999 -9999 0.0
C0G620 2010100118 -9999 -9999 -9999 0.0
C0G620 2010100119 -9999 -9999 -9999 0.0
C0G620 2010100120 -9999 -9999 -9999 0.0
C0G620 2010100121 -9999 -9999 -9999 0.0
C0G620 2010100122 -9999 -9999 -9999 0.0
C0G620 2010100123 -9999 -9999 -9999 0.0
C0G620 2010100124 -9999 -9999 -9999 0.0
C0G620 2010100201 -9999 -9999 -9999 0.0
C0G620 2010100202 -9999 -9999 -9999 0.0
C0G620 2010100203 -9999 -9999 -9999 0.0
C0G620 2010100204 -9999 -9999 -9999 0.0
C0G620 2010100205 -9999 -9999 -9999 0.0
C0G620 2010100206 -9999 -9999 -9999 0.0
C0G620 2010100207 -9999 -9999 -9999 0.0
C0G620 2010100208 -9999 -9999 -9999 0.0
C0G620 2010100209 -9999 -9999 -9999 0.0
C0G620 2010100210 -9999 -9999 -9999 0.0
C0G620 2010100211 -9999 -9999 -9999 0.0
C0G620 2010100212 -9999 -9999 -9999 0.0
C0G620 2010100213 -9999 -9999 -9999 0.0
C0G620 2010100214 -9999 -9999 -9999 0.0
C0G620 2010100215 -9999 -9999 -9999 0.0
C0G620 2010100216 -9999 -9999 -9999 0.0
C0G620 2010100217 -9999 -9999 -9999 0.0
C0G620 2010100218 -9999 -9999 -9999 0.0
C0G620 2010100219 -9999 -9999 -9999 0.0
C0G620 2010100220 -9999 -9999 -9999 0.0
C0G620 2010100221 -9999 -9999 -9999 0.0
C0G620 2010100222 -9999 -9999 -9999 0.0
C0G620 2010100223 -9999 -9999 -9999 0.0
C0G620 2010100224 -9999 -9999 -9999 0.0
C0G620 2010100301 -9999 -9999 -9999 0.0
C0G620 2010100302 -9999 -9999 -9999 0.0
C0G620 2010100303 -9999 -9999 -9999 0.0
C0G620 2010100304 -9999 -9999 -9999 0.0
C0G620 2010100305 -9999 -9999 -9999 0.0
C0G620 2010100306 -9999 -9999 -9999 0.0
C0G620 2010100307 -9999 -9999 -9999 0.0
C0G620 2010100308 -9999 -9999 -9999 0.0
C0G620 2010100309 -9999 -9999 -9999 0.0
C0G620 2010100310 -9999 -9999 -9999 0.0
C0G620 2010100311 -9999 -9999 -9999 0.0
C0G620 2010100312 -9999 -9999 -9999 0.0
C0G620 2010100313 -9999 -9999 -9999 0.0
C0G620 2010100314 -9999 -9999 -9999 0.0
C0G620 2010100315 -9999 -9999 -9999 0.0
C0G620 2010100316 -9999 -9999 -9999 0.0
C0G620 2010100317 -9999 -9999 -9999 0.0
C0G620 2010100318 -9999 -9999 -9999 0.0
C0G620 2010100319 -9999 -9999 -9999 0.0
C0G620 2010100320 -9999 -9999 -9999 0.0
C0G620 2010100321 -9999 -9999 -9999 0.0
C0G620 2010100322 -9999 -9999 -9999 0.0
C0G620 2010100323 -9999 -9999 -9999 0.0
C0G620 2010100324 -9999 -9999 -9999 0.0
C0G620 2010100401 -9999 -9999 -9999 0.0
C0G620 2010100402 -9999 -9999 -9999 0.0
C0G620 2010100403 -9999 -9999 -9999 0.0
C0G620 2010100404 -9999 -9999 -9999 0.0
C0G620 2010100405 -9999 -9999 -9999 0.0
C0G620 2010100406 -9999 -9999 -9999 0.0
C0G620 2010100407 -9999 -9999 -9999 0.0
C0G620 2010100408 -9999 -9999 -9999 0.0
C0G620 2010100409 -9999 -9999 -9999 0.0
C0G620 2010100410 -9999 -9999 -9999 0.0
C0G620 2010100411 -9999 -9999 -9999 0.0
C0G620 2010100412 -9999 -9999 -9999 0.0
C0G620 2010100413 -9999 -9999 -9999 0.0
C0G620 2010100414 -9999 -9999 -9999 0.0
C0G620 2010100415 -9999 -9999 -9999 0.0
C0G620 2010100416 -9999 -9999 -9999 0.0
C0G620 2010100417 -9999 -9999 -9999 0.0
C0G620 2010100418 -9999 -9999 -9999 0.0
C0G620 2010100419 -9999 -9999 -9999 0.0
C0G620 2010100420 -9999 -9999 -9999 0.0
C0G620 2010100421 -9999 -9999 -9999 0.0
C0G620 2010100422 -9999 -9999 -9999 0.0
C0G620 2010100423 -9999 -9999 -9999 0.0
C0G620 2010100424 -9999 -9999 -9999 0.0
C0G620 2010100501 -9999 -9999 -9999 0.0
C0G620 2010100502 -9999 -9999 -9999 0.0
C0G620 2010100503 -9999 -9999 -9999 0.0
C0G620 2010100504 -9999 -9999 -9999 0.0
C0G620 2010100505 -9999 -9999 -9999 0.0
C0G620 2010100506 -9999 -9999 -9999 0.0
C0G620 2010100507 -9999 -9999 -9999 0.0
C0G620 2010100508 -9999 -9999 -9999 0.0
C0G620 2010100509 -9999 -9999 -9999 0.0
C0G620 2010100510 -9999 -9999 -9999 0.0
C0G620 2010100511 -9999 -9999 -9999 0.0
C0G620 2010100512 -9999 -9999 -9999 0.0
C0G620 2010100513 -9999 -9999 -9999 0.0
C0G620 2010100514 -9999 -9999 -9999 0.0
C0G620 2010100515 -9999 -9999 -9999 0.0
C0G620 2010100516 -9999 -9999 -9999 0.0
C0G620 2010100517 -9999 -9999 -9999 0.0
C0G620 2010100518 -9999 -9999 -9999 0.0
C0G620 2010100519 -9999 -9999 -9999 0.0
C0G620 2010100520 -9999 -9999 -9999 0.0
C0G620 2010100521 -9999 -9999 -9999 0.0
C0G620 2010100522 -9999 -9999 -9999 0.0
C0G620 2010100523 -9999 -9999 -9999 0.0
C0G620 2010100524 -9999 -9999 -9999 0.0
C0G620 2010100601 -9999 -9999 -9999 0.0
C0G620 2010100602 -9999 -9999 -9999 0.0
C0G620 2010100603 -9999 -9999 -9999 0.0
C0G620 2010100604 -9999 -9999 -9999 0.0
C0G620 2010100605 -9999 -9999 -9999 0.0
C0G620 2010100606 -9999 -9999 -9999 0.0
C0G620 2010100607 -9999 -9999 -9999 0.0
C0G620 2010100608 -9999 -9999 -9999 0.0
C0G620 2010100609 -9999 -9999 -9999 0.0
C0G620 2010100610 -9999 -9999 -9999 0.0
C0G620 2010100611 -9999 -9999 -9999 0.0
C0G620 2010100612 -9999 -9999 -9999 0.0
C0G620 2010100613 -9999 -9999 -9999 0.0
C0G620 2010100614 -9999 -9999 -9999 0.0
C0G620 2010100615 -9999 -9999 -9999 0.0
C0G620 2010100616 -9999 -9999 -9999 0.0
C0G620 2010100617 -9999 -9999 -9999 0.0
C0G620 2010100618 -9999 -9999 -9999 0.0
C0G620 2010100619 -9999 -9999 -9999 0.0
C0G620 2010100620 -9999 -9999 -9999 0.0
C0G620 2010100621 -9999 -9999 -9999 0.0
C0G620 2010100622 -9999 -9999 -9999 0.0
C0G620 2010100623 -9999 -9999 -9999 0.0
C0G620 2010100624 -9999 -9999 -9999 0.0
C0G620 2010100701 -9999 -9999 -9999 0.0
C0G620 2010100702 -9999 -9999 -9999 0.0
C0G620 2010100703 -9999 -9999 -9999 0.0
C0G620 2010100704 -9999 -9999 -9999 0.0
C0G620 2010100705 -9999 -9999 -9999 0.0
C0G620 2010100706 -9999 -9999 -9999 0.0
C0G620 2010100707 -9999 -9999 -9999 0.0
C0G620 2010100708 -9999 -9999 -9999 0.0
C0G620 2010100709 -9999 -9999 -9999 0.0
C0G620 2010100710 -9999 -9999 -9999 0.0
C0G620 2010100711 -9999 -9999 -9999 0.0
C0G620 2010100712 -9999 -9999 -9999 0.0
C0G620 2010100713 -9999 -9999 -9999 0.0
C0G620 2010100714 -9999 -9999 -9999 0.0
C0G620 2010100715 -9999 -9999 -9999 0.0
C0G620 2010100716 -9999 -9999 -9999 0.0
C0G620 2010100717 -9999 -9999 -9999 0.0
C0G620 2010100718 -9999 -9999 -9999 0.0
C0G620 2010100719 -9999 -9999 -9999 0.0
C0G620 2010100720 -9999 -9999 -9999 0.0
C0G620 2010100721 -9999 -9999 -9999 0.0
C0G620 2010100722 -9999 -9999 -9999 0.0
C0G620 2010100723 -9999 -9999 -9999 0.0
C0G620 2010100724 -9999 -9999 -9999 0.0
C0G620 2010100801 -9999 -9999 -9999 0.0
C0G620 2010100802 -9999 -9999 -9999 0.0
C0G620 2010100803 -9999 -9999 -9999 0.0
C0G620 2010100804 -9999 -9999 -9999 0.0
C0G620 2010100805 -9999 -9999 -9999 0.0
C0G620 2010100806 -9999 -9999 -9999 0.0
C0G620 2010100807 -9999 -9999 -9999 0.0
C0G620 2010100808 -9999 -9999 -9999 0.0
C0G620 2010100809 -9999 -9999 -9999 0.0
C0G620 2010100810 -9999 -9999 -9999 0.0
C0G620 2010100811 -9999 -9999 -9999 0.0
C0G620 2010100812 -9999 -9999 -9999 0.0
C0G620 2010100813 -9999 -9999 -9999 0.0
C0G620 2010100814 -9999 -9999 -9999 0.0
C0G620 2010100815 -9999 -9999 -9999 0.0
C0G620 2010100816 -9999 -9999 -9999 0.0
C0G620 2010100817 -9999 -9999 -9999 0.0
C0G620 2010100818 -9999 -9999 -9999 0.0
C0G620 2010100819 -9999 -9999 -9999 0.0
C0G620 2010100820 -9999 -9999 -9999 0.0
C0G620 2010100821 -9999 -9999 -9999 0.0
C0G620 2010100822 -9999 -9999 -9999 0.0
C0G620 2010100823 -9999 -9999 -9999 0.0
C0G620 2010100824 -9999 -9999 -9999 0.0
C0G620 2010100901 -9999 -9999 -9999 0.0
C0G620 2010100902 -9999 -9999 -9999 0.0
C0G620 2010100903 -9999 -9999 -9999 0.0
C0G620 2010100904 -9999 -9999 -9999 0.0
C0G620 2010100905 -9999 -9999 -9999 0.0
C0G620 2010100906 -9999 -9999 -9999 0.0
C0G620 2010100907 -9999 -9999 -9999 0.0
C0G620 2010100908 -9999 -9999 -9999 0.0
C0G620 2010100909 -9999 -9999 -9999 0.0
C0G620 2010100910 -9999 -9999 -9999 0.0
C0G620 2010100911 -9999 -9999 -9999 0.0
C0G620 2010100912 -9999 -9999 -9999 0.0
C0G620 2010100913 -9999 -9999 -9999 0.0
C0G620 2010100914 -9999 -9999 -9999 0.0
C0G620 2010100915 -9999 -9999 -9999 0.0
C0G620 2010100916 -9999 -9999 -9999 0.0
C0G620 2010100917 -9999 -9999 -9999 0.0
C0G620 2010100918 -9999 -9999 -9999 0.0
C0G620 2010100919 -9999 -9999 -9999 0.0
C0G620 2010100920 -9999 -9999 -9999 0.0
C0G620 2010100921 -9999 -9999 -9999 0.0
C0G620 2010100922 -9999 -9999 -9999 0.0
C0G620 2010100923 -9999 -9999 -9999 0.0
C0G620 2010100924 -9999 -9999 -9999 0.0
C0G620 2010101001 -9999 -9999 -9999 0.0
C0G620 2010101002 -9999 -9999 -9999 0.0
C0G620 2010101003 -9999 -9999 -9999 0.0
C0G620 2010101004 -9999 -9999 -9999 0.0
C0G620 2010101005 -9999 -9999 -9999 0.0
C0G620 2010101006 -9999 -9999 -9999 0.0
C0G620 2010101007 -9999 -9999 -9999 0.0
C0G620 2010101008 -9999 -9999 -9999 0.0
C0G620 2010101009 -9999 -9999 -9999 0.0
C0G620 2010101010 -9999 -9999 -9999 0.0
C0G620 2010101011 -9999 -9999 -9999 0.0
C0G620 2010101012 -9999 -9999 -9999 0.0
C0G620 2010101013 -9999 -9999 -9999 0.0
C0G620 2010101014 -9999 -9999 -9999 0.0
C0G620 2010101015 -9999 -9999 -9999 0.0
C0G620 2010101016 -9999 -9999 -9999 0.0
C0G620 2010101017 -9999 -9999 -9999 0.0
C0G620 2010101018 -9999 -9999 -9999 0.0
C0G620 2010101019 -9999 -9999 -9999 0.0
C0G620 2010101020 -9999 -9999 -9999 0.0
C0G620 2010101021 -9999 -9999 -9999 0.0
C0G620 2010101022 -9999 -9999 -9999 0.0
C0G620 2010101023 -9999 -9999 -9999 0.0
C0G620 2010101024 -9999 -9999 -9999 0.0
C0G620 2010101101 -9999 -9999 -9999 0.0
C0G620 2010101102 -9999 -9999 -9999 0.0
C0G620 2010101103 -9999 -9999 -9999 0.0
C0G620 2010101104 -9999 -9999 -9999 0.0
C0G620 2010101105 -9999 -9999 -9999 0.0
C0G620 2010101106 -9999 -9999 -9999 0.0
C0G620 2010101107 -9999 -9999 -9999 0.0
C0G620 2010101108 -9999 -9999 -9999 0.0
C0G620 2010101109 -9999 -9999 -9999 0.0
C0G620 2010101110 -9999 -9999 -9999 0.0
C0G620 2010101111 -9999 -9999 -9999 0.0
C0G620 2010101112 -9999 -9999 -9999 0.0
C0G620 2010101113 -9999 -9999 -9999 0.0
C0G620 2010101114 -9999 -9999 -9999 0.0
C0G620 2010101115 -9999 -9999 -9999 0.0
C0G620 2010101116 -9999 -9999 -9999 0.0
C0G620 2010101117 -9999 -9999 -9999 0.0
C0G620 2010101118 -9999 -9999 -9999 0.0
C0G620 2010101119 -9999 -9999 -9999 0.0
C0G620 2010101120 -9999 -9999 -9999 0.0
C0G620 2010101121 -9999 -9999 -9999 0.0
C0G620 2010101122 -9999 -9999 -9999 0.0
C0G620 2010101123 -9999 -9999 -9999 0.0
C0G620 2010101124 -9999 -9999 -9999 0.0
C0G620 2010101201 -9999 -9999 -9999 0.0
C0G620 2010101202 -9999 -9999 -9999 0.0
C0G620 2010101203 -9999 -9999 -9999 0.0
C0G620 2010101204 -9999 -9999 -9999 0.0
C0G620 2010101205 -9999 -9999 -9999 0.0
C0G620 2010101206 -9999 -9999 -9999 0.0
C0G620 2010101207 -9999 -9999 -9999 0.0
C0G620 2010101208 -9999 -9999 -9999 0.0
C0G620 2010101209 -9999 -9999 -9999 0.0
C0G620 2010101210 -9999 -9999 -9999 0.0
C0G620 2010101211 -9999 -9999 -9999 0.0
C0G620 2010101212 -9999 -9999 -9999 0.0
C0G620 2010101213 -9999 -9999 -9999 0.0
C0G620 2010101214 -9999 -9999 -9999 0.0
C0G620 2010101215 -9999 -9999 -9999 0.0
C0G620 2010101216 -9999 -9999 -9999 0.0
C0G620 2010101217 -9999 -9999 -9999 0.0
C0G620 2010101218 -9999 -9999 -9999 0.0
C0G620 2010101219 -9999 -9999 -9999 0.0
C0G620 2010101220 -9999 -9999 -9999 0.0
C0G620 2010101221 -9999 -9999 -9999 0.0
C0G620 2010101222 -9999 -9999 -9999 0.0
C0G620 2010101223 -9999 -9999 -9999 0.0
C0G620 2010101224 -9999 -9999 -9999 0.0
C0G620 2010101301 -9999 -9999 -9999 0.0
C0G620 2010101302 -9999 -9999 -9999 0.0
C0G620 2010101303 -9999 -9999 -9999 0.0
C0G620 2010101304 -9999 -9999 -9999 0.0
C0G620 2010101305 -9999 -9999 -9999 0.0
C0G620 2010101306 -9999 -9999 -9999 0.0
C0G620 2010101307 -9999 -9999 -9999 0.0
C0G620 2010101308 -9999 -9999 -9999 0.0
C0G620 2010101309 -9999 -9999 -9999 0.0
C0G620 2010101310 -9999 -9999 -9999 0.0
C0G620 2010101311 -9999 -9999 -9999 0.0
C0G620 2010101312 -9999 -9999 -9999 0.0
C0G620 2010101313 -9999 -9999 -9999 0.0
C0G620 2010101314 -9999 -9999 -9999 0.0
C0G620 2010101315 -9999 -9999 -9999 0.0
C0G620 2010101316 -9999 -9999 -9999 0.0
C0G620 2010101317 -9999 -9999 -9999 0.0
C0G620 2010101318 -9999 -9999 -9999 0.0
C0G620 2010101319 -9999 -9999 -9999 0.0
C0G620 2010101320 -9999 -9999 -9999 0.0
C0G620 2010101321 -9999 -9999 -9999 0.0
C0G620 2010101322 -9999 -9999 -9999 0.0
C0G620 2010101323 -9999 -9999 -9999 0.0
C0G620 2010101324 -9999 -9999 -9999 0.0
C0G620 2010101401 -9999 -9999 -9999 0.0
C0G620 2010101402 -9999 -9999 -9999 0.0
C0G620 2010101403 -9999 -9999 -9999 0.0
C0G620 2010101404 -9999 -9999 -9999 0.0
C0G620 2010101405 -9999 -9999 -9999 0.0
C0G620 2010101406 -9999 -9999 -9999 0.0
C0G620 2010101407 -9999 -9999 -9999 0.0
C0G620 2010101408 -9999 -9999 -9999 0.0
C0G620 2010101409 -9999 -9999 -9999 0.0
C0G620 2010101410 -9999 -9999 -9999 0.0
C0G620 2010101411 -9999 -9999 -9999 0.0
C0G620 2010101412 -9999 -9999 -9999 0.0
C0G620 2010101413 -9999 -9999 -9999 0.0
C0G620 2010101414 -9999 -9999 -9999 0.0
C0G620 2010101415 -9999 -9999 -9999 0.0
C0G620 2010101416 -9999 -9999 -9999 0.0
C0G620 2010101417 -9999 -9999 -9999 0.0
C0G620 2010101418 -9999 -9999 -9999 0.0
C0G620 2010101419 -9999 -9999 -9999 0.0
C0G620 2010101420 -9999 -9999 -9999 0.0
C0G620 2010101421 -9999 -9999 -9999 0.0
C0G620 2010101422 -9999 -9999 -9999 0.0
C0G620 2010101423 -9999 -9999 -9999 0.0
C0G620 2010101424 -9999 -9999 -9999 0.0
C0G620 2010101501 -9999 -9999 -9999 0.0
C0G620 2010101502 -9999 -9999 -9999 0.0
C0G620 2010101503 -9999 -9999 -9999 0.0
C0G620 2010101504 -9999 -9999 -9999 0.0
C0G620 2010101505 -9999 -9999 -9999 0.0
C0G620 2010101506 -9999 -9999 -9999 0.0
C0G620 2010101507 -9999 -9999 -9999 0.0
C0G620 2010101508 -9999 -9999 -9999 0.0
C0G620 2010101509 -9999 -9999 -9999 0.0
C0G620 2010101510 -9999 -9999 -9999 0.0
C0G620 2010101511 -9999 -9999 -9999 0.0
C0G620 2010101512 -9999 -9999 -9999 0.0
C0G620 2010101513 -9999 -9999 -9999 0.0
C0G620 2010101514 -9999 -9999 -9999 0.0
C0G620 2010101515 -9999 -9999 -9999 0.0
C0G620 2010101516 -9999 -9999 -9999 0.0
C0G620 2010101517 -9999 -9999 -9999 0.0
C0G620 2010101518 -9999 -9999 -9999 0.0
C0G620 2010101519 -9999 -9999 -9999 0.0
C0G620 2010101520 -9999 -9999 -9999 0.0
C0G620 2010101521 -9999 -9999 -9999 0.0
C0G620 2010101522 -9999 -9999 -9999 0.0
C0G620 2010101523 -9999 -9999 -9999 0.0
C0G620 2010101524 -9999 -9999 -9999 0.0
C0G620 2010101601 -9999 -9999 -9999 0.0
C0G620 2010101602 -9999 -9999 -9999 0.0
C0G620 2010101603 -9999 -9999 -9999 0.0
C0G620 2010101604 -9999 -9999 -9999 0.0
C0G620 2010101605 -9999 -9999 -9999 0.0
C0G620 2010101606 -9999 -9999 -9999 0.0
C0G620 2010101607 -9999 -9999 -9999 0.0
C0G620 2010101608 -9999 -9999 -9999 0.0
C0G620 2010101609 -9999 -9999 -9999 0.0
C0G620 2010101610 -9999 -9999 -9999 0.0
C0G620 2010101611 -9999 -9999 -9999 0.0
C0G620 2010101612 -9999 -9999 -9999 0.0
C0G620 2010101613 -9999 -9999 -9999 0.0
C0G620 2010101614 -9999 -9999 -9999 0.0
C0G620 2010101615 -9999 -9999 -9999 0.0
C0G620 2010101616 -9999 -9999 -9999 0.0
C0G620 2010101617 -9999 -9999 -9999 0.0
C0G620 2010101618 -9999 -9999 -9999 0.0
C0G620 2010101619 -9999 -9999 -9999 0.0
C0G620 2010101620 -9999 -9999 -9999 0.0
C0G620 2010101621 -9999 -9999 -9999 0.0
C0G620 2010101622 -9999 -9999 -9999 0.0
C0G620 2010101623 -9999 -9999 -9999 0.0
C0G620 2010101624 -9999 -9999 -9999 0.0
C0G620 2010101701 -9999 -9999 -9999 0.0
C0G620 2010101702 -9999 -9999 -9999 0.0
C0G620 2010101703 -9999 -9999 -9999 0.0
C0G620 2010101704 -9999 -9999 -9999 0.0
C0G620 2010101705 -9999 -9999 -9999 0.0
C0G620 2010101706 -9999 -9999 -9999 0.0
C0G620 2010101707 -9999 -9999 -9999 0.0
C0G620 2010101708 -9999 -9999 -9999 0.0
C0G620 2010101709 -9999 -9999 -9999 0.0
C0G620 2010101710 -9999 -9999 -9999 0.0
C0G620 2010101711 -9999 -9999 -9999 0.0
C0G620 2010101712 -9999 -9999 -9999 0.0
C0G620 2010101713 -9999 -9999 -9999 0.0
C0G620 2010101714 -9999 -9999 -9999 0.0
C0G620 2010101715 -9999 -9999 -9999 0.0
C0G620 2010101716 -9999 -9999 -9999 0.0
C0G620 2010101717 -9999 -9999 -9999 0.0
C0G620 2010101718 -9999 -9999 -9999 0.0
C0G620 2010101719 -9999 -9999 -9999 0.0
C0G620 2010101720 -9999 -9999 -9999 0.0
C0G620 2010101721 -9999 -9999 -9999 0.0
C0G620 2010101722 -9999 -9999 -9999 0.0
C0G620 2010101723 -9999 -9999 -9999 0.0
C0G620 2010101724 -9999 -9999 -9999 0.0
C0G620 2010101801 -9999 -9999 -9999 0.0
C0G620 2010101802 -9999 -9999 -9999 0.0
C0G620 2010101803 -9999 -9999 -9999 0.0
C0G620 2010101804 -9999 -9999 -9999 0.0
C0G620 2010101805 -9999 -9999 -9999 0.0
C0G620 2010101806 -9999 -9999 -9999 0.0
C0G620 2010101807 -9999 -9999 -9999 0.0
C0G620 2010101808 -9999 -9999 -9999 0.0
C0G620 2010101809 -9999 -9999 -9999 0.0
C0G620 2010101810 -9999 -9999 -9999 0.0
C0G620 2010101811 -9999 -9999 -9999 0.0
C0G620 2010101812 -9999 -9999 -9999 0.0
C0G620 2010101813 -9999 -9999 -9999 0.0
C0G620 2010101814 -9999 -9999 -9999 0.0
C0G620 2010101815 -9999 -9999 -9999 0.0
C0G620 2010101816 -9999 -9999 -9999 0.0
C0G620 2010101817 -9999 -9999 -9999 0.0
C0G620 2010101818 -9999 -9999 -9999 0.0
C0G620 2010101819 -9999 -9999 -9999 0.0
C0G620 2010101820 -9999 -9999 -9999 0.0
C0G620 2010101821 -9999 -9999 -9999 0.0
C0G620 2010101822 -9999 -9999 -9999 0.0
C0G620 2010101823 -9999 -9999 -9999 0.0
C0G620 2010101824 -9999 -9999 -9999 0.0
C0G620 2010101901 -9999 -9999 -9999 0.0
C0G620 2010101902 -9999 -9999 -9999 0.0
C0G620 2010101903 -9999 -9999 -9999 0.0
C0G620 2010101904 -9999 -9999 -9999 0.0
C0G620 2010101905 -9999 -9999 -9999 0.0
C0G620 2010101906 -9999 -9999 -9999 0.0
C0G620 2010101907 -9999 -9999 -9999 0.0
C0G620 2010101908 -9999 -9999 -9999 0.0
C0G620 2010101909 -9999 -9999 -9999 0.0
C0G620 2010101910 -9999 -9999 -9999 0.0
C0G620 2010101911 -9999 -9999 -9999 0.0
C0G620 2010101912 -9999 -9999 -9999 0.0
C0G620 2010101913 -9999 -9999 -9999 0.0
C0G620 2010101914 -9999 -9999 -9999 0.0
C0G620 2010101915 -9999 -9999 -9999 0.0
C0G620 2010101916 -9999 -9999 -9999 0.0
C0G620 2010101917 -9999 -9999 -9999 0.0
C0G620 2010101918 -9999 -9999 -9999 0.0
C0G620 2010101919 -9999 -9999 -9999 0.0
C0G620 2010101920 -9999 -9999 -9999 0.0
C0G620 2010101921 -9999 -9999 -9999 0.0
C0G620 2010101922 -9999 -9999 -9999 0.0
C0G620 2010101923 -9999 -9999 -9999 0.0
C0G620 2010101924 -9999 -9999 -9999 0.0
C0G620 2010102001 -9999 -9999 -9999 0.0
C0G620 2010102002 -9999 -9999 -9999 0.0
C0G620 2010102003 -9999 -9999 -9999 0.0
C0G620 2010102004 -9999 -9999 -9999 0.0
C0G620 2010102005 -9999 -9999 -9999 0.0
C0G620 2010102006 -9999 -9999 -9999 0.0
C0G620 2010102007 -9999 -9999 -9999 0.0
C0G620 2010102008 -9999 -9999 -9999 0.0
C0G620 2010102009 -9999 -9999 -9999 0.0
C0G620 2010102010 -9999 -9999 -9999 0.0
C0G620 2010102011 -9999 -9999 -9999 0.0
C0G620 2010102012 -9999 -9999 -9999 0.0
C0G620 2010102013 -9999 -9999 -9999 0.0
C0G620 2010102014 -9999 -9999 -9999 0.0
C0G620 2010102015 -9999 -9999 -9999 0.0
C0G620 2010102016 -9999 -9999 -9999 0.0
C0G620 2010102017 -9999 -9999 -9999 0.0
C0G620 2010102018 -9999 -9999 -9999 0.0
C0G620 2010102019 -9999 -9999 -9999 0.0
C0G620 2010102020 -9999 -9999 -9999 0.0
C0G620 2010102021 -9999 -9999 -9999 0.0
C0G620 2010102022 -9999 -9999 -9999 0.0
C0G620 2010102023 -9999 -9999 -9999 0.0
C0G620 2010102024 -9999 -9999 -9999 0.0
C0G620 2010102101 -9999 -9999 -9999 0.0
C0G620 2010102102 -9999 -9999 -9999 0.0
C0G620 2010102103 -9999 -9999 -9999 0.0
C0G620 2010102104 -9999 -9999 -9999 0.0
C0G620 2010102105 -9999 -9999 -9999 0.0
C0G620 2010102106 -9999 -9999 -9999 0.0
C0G620 2010102107 -9999 -9999 -9999 0.0
C0G620 2010102108 -9999 -9999 -9999 0.0
C0G620 2010102109 -9999 -9999 -9999 0.0
C0G620 2010102110 -9999 -9999 -9999 0.0
C0G620 2010102111 -9999 -9999 -9999 0.0
C0G620 2010102112 -9999 -9999 -9999 0.0
C0G620 2010102113 -9999 -9999 -9999 0.0
C0G620 2010102114 -9999 -9999 -9999 0.0
C0G620 2010102115 -9999 -9999 -9999 0.0
C0G620 2010102116 -9999 -9999 -9999 0.5
C0G620 2010102117 -9999 -9999 -9999 0.0
C0G620 2010102118 -9999 -9999 -9999 0.0
C0G620 2010102119 -9999 -9999 -9999 0.0
C0G620 2010102120 -9999 -9999 -9999 0.0
C0G620 2010102121 -9999 -9999 -9999 0.0
C0G620 2010102122 -9999 -9999 -9999 0.0
C0G620 2010102123 -9999 -9999 -9999 0.0
C0G620 2010102124 -9999 -9999 -9999 0.0
C0G620 2010102201 -9999 -9999 -9999 0.0
C0G620 2010102202 -9999 -9999 -9999 0.0
C0G620 2010102203 -9999 -9999 -9999 0.0
C0G620 2010102204 -9999 -9999 -9999 0.0
C0G620 2010102205 -9999 -9999 -9999 0.0
C0G620 2010102206 -9999 -9999 -9999 0.0
C0G620 2010102207 -9999 -9999 -9999 0.0
C0G620 2010102208 -9999 -9999 -9999 0.0
C0G620 2010102209 -9999 -9999 -9999 0.0
C0G620 2010102210 -9999 -9999 -9999 0.0
C0G620 2010102211 -9999 -9999 -9999 0.0
C0G620 2010102212 -9999 -9999 -9999 0.0
C0G620 2010102213 -9999 -9999 -9999 0.0
C0G620 2010102214 -9999 -9999 -9999 0.0
C0G620 2010102215 -9999 -9999 -9999 0.0
C0G620 2010102216 -9999 -9999 -9999 0.0
C0G620 2010102217 -9999 -9999 -9999 0.0
C0G620 2010102218 -9999 -9999 -9999 0.0
C0G620 2010102219 -9999 -9999 -9999 0.0
C0G620 2010102220 -9999 -9999 -9999 0.0
C0G620 2010102221 -9999 -9999 -9999 0.0
C0G620 2010102222 -9999 -9999 -9999 0.0
C0G620 2010102223 -9999 -9999 -9999 0.0
C0G620 2010102224 -9999 -9999 -9999 0.0
C0G620 2010102301 -9999 -9999 -9999 0.0
C0G620 2010102302 -9999 -9999 -9999 0.0
C0G620 2010102303 -9999 -9999 -9999 0.0
C0G620 2010102304 -9999 -9999 -9999 0.0
C0G620 2010102305 -9999 -9999 -9999 0.0
C0G620 2010102306 -9999 -9999 -9999 0.0
C0G620 2010102307 -9999 -9999 -9999 0.0
C0G620 2010102308 -9999 -9999 -9999 0.0
C0G620 2010102309 -9999 -9999 -9999 0.0
C0G620 2010102310 -9999 -9999 -9999 0.0
C0G620 2010102311 -9999 -9999 -9999 0.0
C0G620 2010102312 -9999 -9999 -9999 0.0
C0G620 2010102313 -9999 -9999 -9999 0.0
C0G620 2010102314 -9999 -9999 -9999 0.0
C0G620 2010102315 -9999 -9999 -9999 0.0
C0G620 2010102316 -9999 -9999 -9999 0.0
C0G620 2010102317 -9999 -9999 -9999 0.0
C0G620 2010102318 -9999 -9999 -9999 0.0
C0G620 2010102319 -9999 -9999 -9999 0.0
C0G620 2010102320 -9999 -9999 -9999 0.0
C0G620 2010102321 -9999 -9999 -9999 0.0
C0G620 2010102322 -9999 -9999 -9999 0.0
C0G620 2010102323 -9999 -9999 -9999 0.0
C0G620 2010102324 -9999 -9999 -9999 0.0
C0G620 2010102401 -9999 -9999 -9999 0.0
C0G620 2010102402 -9999 -9999 -9999 0.0
C0G620 2010102403 -9999 -9999 -9999 0.0
C0G620 2010102404 -9999 -9999 -9999 0.0
C0G620 2010102405 -9999 -9999 -9999 0.0
C0G620 2010102406 -9999 -9999 -9999 0.0
C0G620 2010102407 -9999 -9999 -9999 0.0
C0G620 2010102408 -9999 -9999 -9999 0.0
C0G620 2010102409 -9999 -9999 -9999 0.0
C0G620 2010102410 -9999 -9999 -9999 0.0
C0G620 2010102411 -9999 -9999 -9999 0.0
C0G620 2010102412 -9999 -9999 -9999 0.0
C0G620 2010102413 -9999 -9999 -9999 0.0
C0G620 2010102414 -9999 -9999 -9999 0.0
C0G620 2010102415 -9999 -9999 -9999 0.0
C0G620 2010102416 -9999 -9999 -9999 0.0
C0G620 2010102417 -9999 -9999 -9999 0.0
C0G620 2010102418 -9999 -9999 -9999 0.0
C0G620 2010102419 -9999 -9999 -9999 0.0
C0G620 2010102420 -9999 -9999 -9999 0.0
C0G620 2010102421 -9999 -9999 -9999 0.0
C0G620 2010102422 -9999 -9999 -9999 0.0
C0G620 2010102423 -9999 -9999 -9999 0.0
C0G620 2010102424 -9999 -9999 -9999 0.0
C0G620 2010102501 -9999 -9999 -9999 0.0
C0G620 2010102502 -9999 -9999 -9999 0.0
C0G620 2010102503 -9999 -9999 -9999 0.0
C0G620 2010102504 -9999 -9999 -9999 0.0
C0G620 2010102505 -9999 -9999 -9999 0.0
C0G620 2010102506 -9999 -9999 -9999 0.0
C0G620 2010102507 -9999 -9999 -9999 0.0
C0G620 2010102508 -9999 -9999 -9999 0.0
C0G620 2010102509 -9999 -9999 -9999 0.0
C0G620 2010102510 -9999 -9999 -9999 0.0
C0G620 2010102511 -9999 -9999 -9999 0.0
C0G620 2010102512 -9999 -9999 -9999 0.0
C0G620 2010102513 -9999 -9999 -9999 0.0
C0G620 2010102514 -9999 -9999 -9999 0.0
C0G620 2010102515 -9999 -9999 -9999 0.0
C0G620 2010102516 -9999 -9999 -9999 0.0
C0G620 2010102517 -9999 -9999 -9999 0.0
C0G620 2010102518 -9999 -9999 -9999 0.0
C0G620 2010102519 -9999 -9999 -9999 0.0
C0G620 2010102520 -9999 -9999 -9999 0.0
C0G620 2010102521 -9999 -9999 -9999 0.0
C0G620 2010102522 -9999 -9999 -9999 0.0
C0G620 2010102523 -9999 -9999 -9999 0.0
C0G620 2010102524 -9999 -9999 -9999 0.0
C0G620 2010102601 -9999 -9999 -9999 0.0
C0G620 2010102602 -9999 -9999 -9999 0.0
C0G620 2010102603 -9999 -9999 -9999 0.0
C0G620 2010102604 -9999 -9999 -9999 0.0
C0G620 2010102605 -9999 -9999 -9999 0.0
C0G620 2010102606 -9999 -9999 -9999 0.0
C0G620 2010102607 -9999 -9999 -9999 0.0
C0G620 2010102608 -9999 -9999 -9999 0.0
C0G620 2010102609 -9999 -9999 -9999 0.0
C0G620 2010102610 -9999 -9999 -9999 0.0
C0G620 2010102611 -9999 -9999 -9999 0.0
C0G620 2010102612 -9999 -9999 -9999 0.0
C0G620 2010102613 -9999 -9999 -9999 0.0
C0G620 2010102614 -9999 -9999 -9999 0.0
C0G620 2010102615 -9999 -9999 -9999 0.0
C0G620 2010102616 -9999 -9999 -9999 0.0
C0G620 2010102617 -9999 -9999 -9999 0.0
C0G620 2010102618 -9999 -9999 -9999 0.0
C0G620 2010102619 -9999 -9999 -9999 0.0
C0G620 2010102620 -9999 -9999 -9999 0.0
C0G620 2010102621 -9999 -9999 -9999 0.0
C0G620 2010102622 -9999 -9999 -9999 0.0
C0G620 2010102623 -9999 -9999 -9999 0.0
C0G620 2010102624 -9999 -9999 -9999 0.0
C0G620 2010102701 -9999 -9999 -9999 0.0
C0G620 2010102702 -9999 -9999 -9999 0.0
C0G620 2010102703 -9999 -9999 -9999 0.0
C0G620 2010102704 -9999 -9999 -9999 0.0
C0G620 2010102705 -9999 -9999 -9999 0.0
C0G620 2010102706 -9999 -9999 -9999 0.0
C0G620 2010102707 -9999 -9999 -9999 0.0
C0G620 2010102708 -9999 -9999 -9999 0.0
C0G620 2010102709 -9999 -9999 -9999 0.0
C0G620 2010102710 -9999 -9999 -9999 0.0
C0G620 2010102711 -9999 -9999 -9999 0.0
C0G620 2010102712 -9999 -9999 -9999 0.0
C0G620 2010102713 -9999 -9999 -9999 0.0
C0G620 2010102714 -9999 -9999 -9999 0.0
C0G620 2010102715 -9999 -9999 -9999 0.0
C0G620 2010102716 -9999 -9999 -9999 0.0
C0G620 2010102717 -9999 -9999 -9999 0.0
C0G620 2010102718 -9999 -9999 -9999 0.0
C0G620 2010102719 -9999 -9999 -9999 0.0
C0G620 2010102720 -9999 -9999 -9999 0.0
C0G620 2010102721 -9999 -9999 -9999 0.0
C0G620 2010102722 -9999 -9999 -9999 0.0
C0G620 2010102723 -9999 -9999 -9999 0.0
C0G620 2010102724 -9999 -9999 -9999 0.0
C0G620 2010102801 -9999 -9999 -9999 0.0
C0G620 2010102802 -9999 -9999 -9999 0.0
C0G620 2010102803 -9999 -9999 -9999 0.0
C0G620 2010102804 -9999 -9999 -9999 0.0
C0G620 2010102805 -9999 -9999 -9999 0.0
C0G620 2010102806 -9999 -9999 -9999 0.0
C0G620 2010102807 -9999 -9999 -9999 0.0
C0G620 2010102808 -9999 -9999 -9999 0.0
C0G620 2010102809 -9999 -9999 -9999 0.0
C0G620 2010102810 -9999 -9999 -9999 0.0
C0G620 2010102811 -9999 -9999 -9999 0.0
C0G620 2010102812 -9999 -9999 -9999 0.0
C0G620 2010102813 -9999 -9999 -9999 0.0
C0G620 2010102814 -9999 -9999 -9999 0.0
C0G620 2010102815 -9999 -9999 -9999 0.0
C0G620 2010102816 -9999 -9999 -9999 0.0
C0G620 2010102817 -9999 -9999 -9999 0.0
C0G620 2010102818 -9999 -9999 -9999 0.0
C0G620 2010102819 -9999 -9999 -9999 0.0
C0G620 2010102820 -9999 -9999 -9999 0.0
C0G620 2010102821 -9999 -9999 -9999 0.0
C0G620 2010102822 -9999 -9999 -9999 0.0
C0G620 2010102823 -9999 -9999 -9999 0.0
C0G620 2010102824 -9999 -9999 -9999 0.0
C0G620 2010102901 -9999 -9999 -9999 0.0
C0G620 2010102902 -9999 -9999 -9999 0.0
C0G620 2010102903 -9999 -9999 -9999 0.0
C0G620 2010102904 -9999 -9999 -9999 0.0
C0G620 2010102905 -9999 -9999 -9999 0.0
C0G620 2010102906 -9999 -9999 -9999 0.0
C0G620 2010102907 -9999 -9999 -9999 0.0
C0G620 2010102908 -9999 -9999 -9999 0.0
C0G620 2010102909 -9999 -9999 -9999 0.0
C0G620 2010102910 -9999 -9999 -9999 0.0
C0G620 2010102911 -9999 -9999 -9999 0.0
C0G620 2010102912 -9999 -9999 -9999 0.0
C0G620 2010102913 -9999 -9999 -9999 0.0
C0G620 2010102914 -9999 -9999 -9999 0.0
C0G620 2010102915 -9999 -9999 -9999 0.0
C0G620 2010102916 -9999 -9999 -9999 0.0
C0G620 2010102917 -9999 -9999 -9999 0.0
C0G620 2010102918 -9999 -9999 -9999 0.0
C0G620 2010102919 -9999 -9999 -9999 0.0
C0G620 2010102920 -9999 -9999 -9999 0.0
C0G620 2010102921 -9999 -9999 -9999 0.0
C0G620 2010102922 -9999 -9999 -9999 0.0
C0G620 2010102923 -9999 -9999 -9999 0.0
C0G620 2010102924 -9999 -9999 -9999 0.0
C0G620 2010103001 -9999 -9999 -9999 0.0
C0G620 2010103002 -9999 -9999 -9999 0.0
C0G620 2010103003 -9999 -9999 -9999 0.0
C0G620 2010103004 -9999 -9999 -9999 0.0
C0G620 2010103005 -9999 -9999 -9999 0.0
C0G620 2010103006 -9999 -9999 -9999 0.0
C0G620 2010103007 -9999 -9999 -9999 0.0
C0G620 2010103008 -9999 -9999 -9999 0.0
C0G620 2010103009 -9999 -9999 -9999 0.0
C0G620 2010103010 -9999 -9999 -9999 0.0
C0G620 2010103011 -9999 -9999 -9999 0.0
C0G620 2010103012 -9999 -9999 -9999 0.0
C0G620 2010103013 -9999 -9999 -9999 0.0
C0G620 2010103014 -9999 -9999 -9999 0.0
C0G620 2010103015 -9999 -9999 -9999 0.0
C0G620 2010103016 -9999 -9999 -9999 0.0
C0G620 2010103017 -9999 -9999 -9999 0.0
C0G620 2010103018 -9999 -9999 -9999 0.0
C0G620 2010103019 -9999 -9999 -9999 0.0
C0G620 2010103020 -9999 -9999 -9999 0.0
C0G620 2010103021 -9999 -9999 -9999 0.0
C0G620 2010103022 -9999 -9999 -9999 0.0
C0G620 2010103023 -9999 -9999 -9999 0.0
C0G620 2010103024 -9999 -9999 -9999 0.0
C0G620 2010103101 -9999 -9999 -9999 0.0
C0G620 2010103102 -9999 -9999 -9999 0.0
C0G620 2010103103 -9999 -9999 -9999 0.0
C0G620 2010103104 -9999 -9999 -9999 0.0
C0G620 2010103105 -9999 -9999 -9999 0.0
C0G620 2010103106 -9999 -9999 -9999 0.0
C0G620 2010103107 -9999 -9999 -9999 0.0
C0G620 2010103108 -9999 -9999 -9999 0.0
C0G620 2010103109 -9999 -9999 -9999 0.0
C0G620 2010103110 -9999 -9999 -9999 0.0
C0G620 2010103111 -9999 -9999 -9999 0.0
C0G620 2010103112 -9999 -9999 -9999 0.0
C0G620 2010103113 -9999 -9999 -9999 0.0
C0G620 2010103114 -9999 -9999 -9999 0.0
C0G620 2010103115 -9999 -9999 -9999 0.0
C0G620 2010103116 -9999 -9999 -9999 0.0
C0G620 2010103117 -9999 -9999 -9999 0.0
C0G620 2010103118 -9999 -9999 -9999 0.0
C0G620 2010103119 -9999 -9999 -9999 0.0
C0G620 2010103120 -9999 -9999 -9999 0.0
C0G620 2010103121 -9999 -9999 -9999 0.0
C0G620 2010103122 -9999 -9999 -9999 0.0
C0G620 2010103123 -9999 -9999 -9999 0.0
C0G620 2010103124 -9999 -9999 -9999 0.0
C0G650 2010100101 26.2 -9997 0.0 0.0
C0G650 2010100102 26.1 -9997 0.0 0.0
C0G650 2010100103 25.6 -9997 0.0 0.0
C0G650 2010100104 25.5 -9997 0.0 0.0
C0G650 2010100105 25.3 -9997 0.0 0.0
C0G650 2010100106 25.7 -9997 0.0 0.0
C0G650 2010100107 26.6 -9997 0.0 0.0
C0G650 2010100108 28.3 -9997 0.0 0.0
C0G650 2010100109 29.2 -9997 0.1 0.0
C0G650 2010100110 30.6 -9997 0.2 0.0
C0G650 2010100111 31.7 -9997 0.2 0.0
C0G650 2010100112 32.6 -9997 0.5 0.0
C0G650 2010100113 32.1 -9997 0.4 0.0
C0G650 2010100114 33.3 -9997 0.7 0.0
C0G650 2010100115 33.0 -9997 0.9 0.0
C0G650 2010100116 31.9 -9997 0.8 0.0
C0G650 2010100117 31.0 -9997 0.1 0.0
C0G650 2010100118 29.3 -9997 0.0 0.0
C0G650 2010100119 28.3 -9997 0.2 0.0
C0G650 2010100120 27.7 -9997 0.0 0.0
C0G650 2010100121 27.1 -9997 0.0 0.0
C0G650 2010100122 27.0 -9997 0.1 0.0
C0G650 2010100123 26.4 -9997 0.4 0.0
C0G650 2010100124 26.2 -9997 0.0 0.0
C0G650 2010100201 26.0 -9997 0.0 0.0
C0G650 2010100202 25.6 -9997 0.0 0.0
C0G650 2010100203 25.5 -9997 0.0 0.0
C0G650 2010100204 25.3 -9997 0.0 0.0
C0G650 2010100205 25.1 -9997 0.0 0.0
C0G650 2010100206 25.1 -9997 0.0 0.0
C0G650 2010100207 26.3 -9997 0.1 0.0
C0G650 2010100208 29.7 -9997 0.0 0.0
C0G650 2010100209 30.2 -9997 0.4 0.0
C0G650 2010100210 31.4 -9997 1.1 0.0
C0G650 2010100211 33.0 -9997 1.0 0.0
C0G650 2010100212 33.6 -9997 1.3 0.0
C0G650 2010100213 33.0 -9997 1.0 0.0
C0G650 2010100214 31.7 -9997 0.6 0.0
C0G650 2010100215 30.0 -9997 0.0 1.0
C0G650 2010100216 31.0 -9997 1.4 0.0
C0G650 2010100217 29.6 -9997 0.7 0.0
C0G650 2010100218 28.6 -9997 0.0 0.0
C0G650 2010100219 27.6 -9997 0.0 0.0
C0G650 2010100220 27.0 -9997 0.0 0.0
C0G650 2010100221 26.2 -9997 0.0 0.0
C0G650 2010100222 26.0 -9997 0.0 0.0
C0G650 2010100223 25.8 -9997 0.0 0.0
C0G650 2010100224 26.4 -9997 0.0 0.0
C0G650 2010100301 25.8 -9997 0.0 0.0
C0G650 2010100302 25.7 -9997 0.0 0.0
C0G650 2010100303 25.5 -9997 0.0 0.0
C0G650 2010100304 25.4 -9997 0.0 0.0
C0G650 2010100305 25.4 -9997 0.0 0.0
C0G650 2010100306 25.7 -9997 0.0 0.0
C0G650 2010100307 26.0 -9997 0.0 0.0
C0G650 2010100308 27.5 -9997 0.0 0.0
C0G650 2010100309 30.2 -9997 0.0 0.0
C0G650 2010100310 30.6 -9997 0.0 0.0
C0G650 2010100311 31.1 -9997 0.3 0.0
C0G650 2010100312 31.0 -9997 0.3 0.0
C0G650 2010100313 32.0 -9997 0.3 0.0
C0G650 2010100314 31.3 -9997 1.6 0.0
C0G650 2010100315 31.7 -9997 0.2 0.0
C0G650 2010100316 30.1 -9997 2.0 0.0
C0G650 2010100317 29.8 -9997 0.2 0.0
C0G650 2010100318 29.0 -9997 0.0 0.0
C0G650 2010100319 26.9 -9997 0.0 0.0
C0G650 2010100320 27.1 -9997 0.0 0.0
C0G650 2010100321 26.4 -9997 0.2 0.0
C0G650 2010100322 25.9 -9997 0.0 0.0
C0G650 2010100323 25.5 -9997 0.0 0.0
C0G650 2010100324 25.2 -9997 0.0 0.0
C0G650 2010100401 24.6 -9997 0.2 0.0
C0G650 2010100402 24.4 -9997 0.5 0.0
C0G650 2010100403 23.7 -9997 0.0 0.0
C0G650 2010100404 24.0 -9997 0.0 0.0
C0G650 2010100405 24.6 -9997 0.1 0.0
C0G650 2010100406 24.0 -9997 0.0 0.0
C0G650 2010100407 24.7 -9997 0.4 0.0
C0G650 2010100408 25.7 -9997 0.5 0.0
C0G650 2010100409 26.5 -9997 1.1 0.0
C0G650 2010100410 27.7 -9997 1.1 0.0
C0G650 2010100411 30.0 -9997 0.4 0.0
C0G650 2010100412 29.9 -9997 1.3 0.0
C0G650 2010100413 30.4 -9997 1.9 0.0
C0G650 2010100414 31.9 -9997 0.6 0.0
C0G650 2010100415 30.4 -9997 1.4 0.0
C0G650 2010100416 28.8 -9997 1.3 0.0
C0G650 2010100417 27.3 -9997 2.4 0.0
C0G650 2010100418 25.9 -9997 1.0 0.0
C0G650 2010100419 25.0 -9997 0.5 0.0
C0G650 2010100420 24.5 -9997 0.0 0.0
C0G650 2010100421 24.0 -9997 0.0 0.0
C0G650 2010100422 23.4 -9997 0.2 0.0
C0G650 2010100423 22.9 -9997 0.0 0.0
C0G650 2010100424 22.3 -9997 0.0 0.0
C0G650 2010100501 22.6 -9997 0.0 0.0
C0G650 2010100502 22.5 -9997 0.1 0.0
C0G650 2010100503 22.8 -9997 0.0 0.0
C0G650 2010100504 22.6 -9997 0.1 0.0
C0G650 2010100505 22.7 -9997 0.1 0.0
C0G650 2010100506 22.7 -9997 0.6 0.0
C0G650 2010100507 23.1 -9997 0.1 0.0
C0G650 2010100508 23.9 -9997 0.1 0.0
C0G650 2010100509 24.8 -9997 0.3 0.0
C0G650 2010100510 25.2 -9997 0.7 0.0
C0G650 2010100511 26.1 -9997 0.4 0.0
C0G650 2010100512 27.3 -9997 0.1 0.0
C0G650 2010100513 28.5 -9997 0.0 0.0
C0G650 2010100514 28.2 -9997 0.0 0.0
C0G650 2010100515 28.6 -9997 0.0 0.0
C0G650 2010100516 28.9 -9997 0.0 0.0
C0G650 2010100517 27.7 -9997 0.0 0.0
C0G650 2010100518 26.4 -9997 0.0 0.0
C0G650 2010100519 25.6 -9997 0.0 0.0
C0G650 2010100520 24.8 -9997 0.0 0.0
C0G650 2010100521 24.5 -9997 0.0 0.0
C0G650 2010100522 23.8 -9997 0.0 0.0
C0G650 2010100523 23.9 -9997 0.0 0.0
C0G650 2010100524 23.2 -9997 0.0 0.0
C0G650 2010100601 23.0 -9997 0.0 0.0
C0G650 2010100602 22.5 -9997 0.0 0.0
C0G650 2010100603 22.7 -9997 0.0 0.0
C0G650 2010100604 22.6 -9997 0.0 0.0
C0G650 2010100605 22.4 -9997 0.0 0.0
C0G650 2010100606 22.2 -9997 0.0 0.0
C0G650 2010100607 23.4 -9997 0.0 0.0
C0G650 2010100608 24.7 -9997 0.0 0.0
C0G650 2010100609 26.6 -9997 0.1 0.0
C0G650 2010100610 27.5 -9997 0.1 0.0
C0G650 2010100611 27.7 -9997 0.7 0.0
C0G650 2010100612 28.7 -9997 0.7 0.0
C0G650 2010100613 29.8 -9997 0.5 0.0
C0G650 2010100614 31.1 -9997 0.6 0.0
C0G650 2010100615 29.8 -9997 0.1 0.0
C0G650 2010100616 28.4 -9997 0.1 0.0
C0G650 2010100617 27.5 -9997 0.0 0.0
C0G650 2010100618 26.7 -9997 0.0 0.0
C0G650 2010100619 25.9 -9997 0.0 0.0
C0G650 2010100620 25.4 -9997 0.0 0.0
C0G650 2010100621 25.5 -9997 0.0 0.0
C0G650 2010100622 25.0 -9997 0.0 0.0
C0G650 2010100623 24.9 -9997 0.0 0.0
C0G650 2010100624 24.6 -9997 0.0 0.0
C0G650 2010100701 24.3 -9997 0.0 0.0
C0G650 2010100702 24.2 -9997 0.0 0.0
C0G650 2010100703 24.5 -9997 0.0 0.0
C0G650 2010100704 24.3 -9997 0.0 0.0
C0G650 2010100705 24.1 -9997 0.0 0.0
C0G650 2010100706 24.2 -9997 0.0 0.0
C0G650 2010100707 25.4 -9997 0.0 0.0
C0G650 2010100708 27.2 -9997 0.1 0.0
C0G650 2010100709 27.8 -9997 0.4 0.0
C0G650 2010100710 29.3 -9997 1.2 0.0
C0G650 2010100711 30.4 -9997 1.0 0.0
C0G650 2010100712 31.9 -9997 0.5 0.0
C0G650 2010100713 32.5 -9997 0.8 0.0
C0G650 2010100714 31.3 -9997 0.5 0.0
C0G650 2010100715 30.3 -9997 0.8 0.0
C0G650 2010100716 30.2 -9997 0.1 0.0
C0G650 2010100717 28.4 -9997 0.9 0.0
C0G650 2010100718 27.0 -9997 0.1 0.0
C0G650 2010100719 26.4 -9997 0.3 0.0
C0G650 2010100720 26.2 -9997 0.0 0.0
C0G650 2010100721 26.1 -9997 0.4 0.0
C0G650 2010100722 25.6 -9997 0.0 0.0
C0G650 2010100723 26.0 -9997 0.1 0.0
C0G650 2010100724 25.3 -9997 0.0 0.0
C0G650 2010100801 25.1 -9997 0.0 0.0
C0G650 2010100802 25.3 -9997 0.1 0.0
C0G650 2010100803 25.0 -9997 0.1 0.0
C0G650 2010100804 25.1 -9997 0.0 0.0
C0G650 2010100805 25.0 -9997 0.0 0.0
C0G650 2010100806 24.8 -9997 0.0 0.0
C0G650 2010100807 25.1 -9997 0.2 0.0
C0G650 2010100808 26.3 -9997 0.6 0.0
C0G650 2010100809 27.4 -9997 0.5 0.0
C0G650 2010100810 29.1 -9997 1.4 0.0
C0G650 2010100811 29.2 -9997 1.6 0.0
C0G650 2010100812 29.6 -9997 1.1 0.0
C0G650 2010100813 29.7 -9997 0.2 0.0
C0G650 2010100814 29.1 -9997 0.6 0.0
C0G650 2010100815 28.5 -9997 1.2 0.0
C0G650 2010100816 27.1 -9997 1.9 0.0
C0G650 2010100817 26.1 -9997 1.6 0.0
C0G650 2010100818 25.6 -9997 0.2 0.0
C0G650 2010100819 25.6 -9997 0.0 0.0
C0G650 2010100820 25.3 -9997 0.3 0.0
C0G650 2010100821 24.9 -9997 0.4 0.0
C0G650 2010100822 24.8 -9997 0.3 0.0
C0G650 2010100823 24.1 -9997 0.0 0.0
C0G650 2010100824 24.0 -9997 0.0 0.0
C0G650 2010100901 24.1 -9997 0.6 0.0
C0G650 2010100902 23.6 -9997 0.1 0.0
C0G650 2010100903 24.0 -9997 0.4 0.0
C0G650 2010100904 23.7 -9997 0.0 0.0
C0G650 2010100905 24.0 -9997 0.1 0.0
C0G650 2010100906 23.8 -9997 0.0 0.0
C0G650 2010100907 24.5 -9997 0.0 0.0
C0G650 2010100908 25.3 -9997 0.4 0.0
C0G650 2010100909 27.5 -9997 0.0 0.0
C0G650 2010100910 29.2 -9997 0.2 0.0
C0G650 2010100911 30.5 -9997 0.1 0.0
C0G650 2010100912 31.0 -9997 0.9 0.0
C0G650 2010100913 31.1 -9997 0.8 0.0
C0G650 2010100914 32.3 -9997 0.3 0.0
C0G650 2010100915 30.9 -9997 0.2 0.0
C0G650 2010100916 28.6 -9997 0.4 0.0
C0G650 2010100917 28.2 -9997 0.2 0.0
C0G650 2010100918 27.4 -9997 0.0 0.0
C0G650 2010100919 26.6 -9997 0.1 0.0
C0G650 2010100920 26.5 -9997 0.1 0.0
C0G650 2010100921 26.0 -9997 0.0 0.0
C0G650 2010100922 25.6 -9997 0.0 0.0
C0G650 2010100923 25.2 -9997 0.0 0.0
C0G650 2010100924 25.1 -9997 0.0 0.0
C0G650 2010101001 25.0 -9997 0.0 0.0
C0G650 2010101002 24.5 -9997 0.0 0.0
C0G650 2010101003 24.7 -9997 0.0 0.0
C0G650 2010101004 24.4 -9997 0.0 0.0
C0G650 2010101005 24.4 -9997 0.0 0.0
C0G650 2010101006 24.6 -9997 0.0 0.0
C0G650 2010101007 25.2 -9997 0.0 0.0
C0G650 2010101008 27.1 -9997 0.0 0.0
C0G650 2010101009 29.1 -9997 0.2 0.0
C0G650 2010101010 29.7 -9997 0.0 0.0
C0G650 2010101011 30.7 -9997 1.0 0.0
C0G650 2010101012 32.0 -9997 1.0 0.0
C0G650 2010101013 32.4 -9997 1.8 0.0
C0G650 2010101014 32.6 -9997 0.5 0.0
C0G650 2010101015 32.5 -9997 0.3 0.0
C0G650 2010101016 31.7 -9997 0.4 0.0
C0G650 2010101017 31.1 -9997 0.3 0.0
C0G650 2010101018 28.9 -9997 0.2 0.0
C0G650 2010101019 28.2 -9997 0.1 0.0
C0G650 2010101020 27.7 -9997 0.0 0.0
C0G650 2010101021 26.8 -9997 0.0 0.0
C0G650 2010101022 26.2 -9997 0.0 0.0
C0G650 2010101023 25.9 -9997 0.0 0.0
C0G650 2010101024 26.0 -9997 0.0 0.0
C0G650 2010101101 -9997 -9997 -9997 0.0
C0G650 2010101102 25.6 -9997 0.0 0.0
C0G650 2010101103 -9997 -9997 0.0 0.0
C0G650 2010101104 25.3 -9997 0.0 0.0
C0G650 2010101105 25.8 -9997 0.0 0.0
C0G650 2010101106 25.1 -9997 0.0 0.0
C0G650 2010101107 26.6 -9997 0.0 0.0
C0G650 2010101108 28.9 -9997 0.0 0.0
C0G650 2010101109 29.8 -9997 0.1 0.0
C0G650 2010101110 31.4 -9997 0.9 0.0
C0G650 2010101111 32.0 -9997 1.0 0.0
C0G650 2010101112 30.3 -9997 1.4 0.0
C0G650 2010101113 30.7 -9997 1.1 0.0
C0G650 2010101114 30.5 -9997 0.5 0.0
C0G650 2010101115 30.6 -9997 0.3 0.0
C0G650 2010101116 31.3 -9997 0.2 0.0
C0G650 2010101117 29.7 -9997 0.0 0.0
C0G650 2010101118 28.0 -9997 0.3 0.0
C0G650 2010101119 27.1 -9997 0.0 0.0
C0G650 2010101120 26.5 -9997 0.0 0.0
C0G650 2010101121 26.2 -9997 0.0 0.0
C0G650 2010101122 25.7 -9997 0.0 0.0
C0G650 2010101123 25.7 -9997 0.0 0.0
C0G650 2010101124 25.1 -9997 0.0 0.0
C0G650 2010101201 25.0 -9997 0.0 0.0
C0G650 2010101202 24.7 -9997 0.0 0.0
C0G650 2010101203 24.5 -9997 0.0 0.0
C0G650 2010101204 25.0 -9997 0.0 0.0
C0G650 2010101205 24.7 -9997 0.0 0.0
C0G650 2010101206 24.3 -9997 0.0 0.0
C0G650 2010101207 25.5 -9997 0.0 0.0
C0G650 2010101208 -9997 -9997 0.0 0.0
C0G650 2010101209 30.0 -9997 0.7 0.0
C0G650 2010101210 31.6 -9997 -9997 0.0
C0G650 2010101211 32.6 -9997 0.9 0.0
C0G650 2010101212 32.8 -9997 0.9 0.0
C0G650 2010101213 32.6 -9997 1.0 0.0
C0G650 2010101214 32.0 -9997 0.7 0.0
C0G650 2010101215 31.3 -9997 0.8 0.0
C0G650 2010101216 29.7 -9997 1.8 0.0
C0G650 2010101217 29.4 -9997 0.1 0.0
C0G650 2010101218 28.7 -9997 0.0 0.0
C0G650 2010101219 27.9 -9997 0.0 0.0
C0G650 2010101220 27.2 -9997 0.0 0.0
C0G650 2010101221 26.9 -9997 0.0 0.0
C0G650 2010101222 26.5 -9997 0.0 0.0
C0G650 2010101223 26.5 -9997 0.0 0.0
C0G650 2010101224 26.6 -9997 0.0 0.0
C0G650 2010101301 26.6 -9997 0.2 0.0
C0G650 2010101302 26.6 -9997 0.0 0.0
C0G650 2010101303 26.1 -9997 0.1 0.0
C0G650 2010101304 25.9 -9997 0.0 0.0
C0G650 2010101305 25.3 -9997 0.0 0.0
C0G650 2010101306 25.5 -9997 0.0 0.0
C0G650 2010101307 26.6 -9997 0.0 0.0
C0G650 2010101308 28.2 -9997 0.0 0.0
C0G650 2010101309 29.9 -9997 0.0 0.0
C0G650 2010101310 30.9 -9997 0.1 0.0
C0G650 2010101311 31.8 -9997 0.2 0.0
C0G650 2010101312 32.0 -9997 0.1 0.0
C0G650 2010101313 31.5 -9997 0.5 0.0
C0G650 2010101314 32.1 -9997 1.3 0.0
C0G650 2010101315 31.5 -9997 0.2 0.0
C0G650 2010101316 30.3 -9997 1.1 0.0
C0G650 2010101317 29.2 -9997 1.1 0.0
C0G650 2010101318 28.4 -9997 0.9 0.0
C0G650 2010101319 27.6 -9997 0.0 0.0
C0G650 2010101320 26.7 -9997 0.0 0.0
C0G650 2010101321 26.4 -9997 0.0 0.0
C0G650 2010101322 25.8 -9997 0.2 0.0
C0G650 2010101323 25.6 -9997 0.0 0.0
C0G650 2010101324 25.4 -9997 0.0 0.0
C0G650 2010101401 26.0 -9997 0.0 0.0
C0G650 2010101402 26.0 -9997 0.0 0.0
C0G650 2010101403 25.8 -9997 0.0 0.0
C0G650 2010101404 25.7 -9997 0.0 0.0
C0G650 2010101405 25.3 -9997 0.0 0.0
C0G650 2010101406 25.1 -9997 0.0 0.0
C0G650 2010101407 26.0 -9997 0.0 0.0
C0G650 2010101408 27.6 -9997 0.3 0.0
C0G650 2010101409 29.9 -9997 0.3 0.0
C0G650 2010101410 31.5 -9997 0.9 0.0
C0G650 2010101411 31.7 -9997 0.7 0.0
C0G650 2010101412 31.2 -9997 1.2 0.0
C0G650 2010101413 31.6 -9997 0.2 0.0
C0G650 2010101414 32.1 -9997 1.1 0.0
C0G650 2010101415 32.5 -9997 0.7 0.0
C0G650 2010101416 31.7 -9997 0.2 0.0
C0G650 2010101417 29.9 -9997 0.0 0.0
C0G650 2010101418 28.2 -9997 0.0 0.0
C0G650 2010101419 27.3 -9997 0.1 0.0
C0G650 2010101420 27.0 -9997 0.3 0.0
C0G650 2010101421 26.8 -9997 0.2 0.0
C0G650 2010101422 26.5 -9997 0.0 0.0
C0G650 2010101423 26.3 -9997 0.0 0.0
C0G650 2010101424 25.3 -9997 0.0 0.0
C0G650 2010101501 25.3 -9997 0.0 0.0
C0G650 2010101502 25.4 -9997 0.4 0.0
C0G650 2010101503 25.3 -9997 0.1 0.0
C0G650 2010101504 25.0 -9997 0.0 0.0
C0G650 2010101505 24.6 -9997 0.0 0.0
C0G650 2010101506 24.3 -9997 0.0 0.0
C0G650 2010101507 24.9 -9997 0.4 0.0
C0G650 2010101508 25.8 -9997 0.1 0.0
C0G650 2010101509 27.1 -9997 0.2 0.0
C0G650 2010101510 28.5 -9997 0.0 0.0
C0G650 2010101511 28.9 -9997 0.9 0.0
C0G650 2010101512 30.3 -9997 0.6 0.0
C0G650 2010101513 30.2 -9997 1.8 0.0
C0G650 2010101514 29.2 -9997 2.7 0.0
C0G650 2010101515 28.9 -9997 1.7 0.0
C0G650 2010101516 27.3 -9997 1.8 0.0
C0G650 2010101517 26.0 -9997 0.7 0.0
C0G650 2010101518 24.6 -9997 1.7 0.0
C0G650 2010101519 24.1 -9997 0.8 0.0
C0G650 2010101520 23.9 -9997 0.5 0.0
C0G650 2010101521 23.6 -9997 0.1 0.0
C0G650 2010101522 23.2 -9997 0.0 0.0
C0G650 2010101523 23.2 -9997 0.0 0.0
C0G650 2010101524 22.9 -9997 0.0 0.0
C0G650 2010101601 22.7 -9997 0.0 0.0
C0G650 2010101602 22.2 -9997 0.0 0.0
C0G650 2010101603 22.2 -9997 0.0 0.0
C0G650 2010101604 22.9 -9997 0.0 0.0
C0G650 2010101605 22.9 -9997 -9997 0.0
C0G650 2010101606 22.5 -9997 0.0 0.0
C0G650 2010101607 23.3 -9997 0.0 0.0
C0G650 2010101608 25.2 -9997 0.1 0.0
C0G650 2010101609 27.3 -9997 -9997 0.0
C0G650 2010101610 29.5 -9997 0.0 0.0
C0G650 2010101611 30.6 -9997 0.5 0.0
C0G650 2010101612 31.3 -9997 0.7 0.0
C0G650 2010101613 31.1 -9997 1.3 0.0
C0G650 2010101614 32.0 -9997 0.9 0.0
C0G650 2010101615 32.0 -9997 0.6 0.0
C0G650 2010101616 31.7 -9997 0.2 0.0
C0G650 2010101617 29.2 -9997 0.1 0.0
C0G650 2010101618 27.5 -9997 0.0 0.0
C0G650 2010101619 26.4 -9997 0.5 0.0
C0G650 2010101620 25.8 -9997 0.0 0.0
C0G650 2010101621 25.6 -9997 0.0 0.0
C0G650 2010101622 25.2 -9997 0.0 0.0
C0G650 2010101623 25.0 -9997 0.0 0.0
C0G650 2010101624 24.6 -9997 0.0 0.0
C0G650 2010101701 24.5 -9997 0.0 0.0
C0G650 2010101702 24.5 -9997 0.0 0.0
C0G650 2010101703 25.2 -9997 0.0 0.0
C0G650 2010101704 24.8 -9997 0.0 0.0
C0G650 2010101705 24.5 -9997 0.0 0.0
C0G650 2010101706 24.7 -9997 0.0 0.0
C0G650 2010101707 24.9 -9997 0.0 0.0
C0G650 2010101708 26.8 -9997 0.0 0.0
C0G650 2010101709 28.6 -9997 0.0 0.0
C0G650 2010101710 29.1 -9997 0.8 0.0
C0G650 2010101711 30.4 -9997 0.2 0.0
C0G650 2010101712 31.7 -9997 0.4 0.0
C0G650 2010101713 31.6 -9997 0.2 0.0
C0G650 2010101714 33.3 -9997 1.0 0.0
C0G650 2010101715 32.9 -9997 0.1 0.0
C0G650 2010101716 31.9 -9997 0.6 0.0
C0G650 2010101717 29.9 -9997 0.0 0.0
C0G650 2010101718 28.2 -9997 0.1 0.0
C0G650 2010101719 27.0 -9997 0.1 0.0
C0G650 2010101720 26.4 -9997 0.0 0.0
C0G650 2010101721 26.0 -9997 0.2 0.0
C0G650 2010101722 25.0 -9997 0.0 0.0
C0G650 2010101723 24.6 -9997 0.0 0.0
C0G650 2010101724 24.5 -9997 0.0 0.0
C0G650 2010101801 24.1 -9997 0.0 0.0
C0G650 2010101802 24.0 -9997 0.0 0.0
C0G650 2010101803 24.2 -9997 0.0 0.0
C0G650 2010101804 24.4 -9997 0.6 0.0
C0G650 2010101805 23.5 -9997 0.1 0.0
C0G650 2010101806 23.2 -9997 0.0 0.0
C0G650 2010101807 24.3 -9997 0.3 0.0
C0G650 2010101808 25.8 -9997 0.1 0.0
C0G650 2010101809 26.6 -9997 0.4 0.0
C0G650 2010101810 29.2 -9997 0.9 0.0
C0G650 2010101811 28.8 -9997 0.0 0.0
C0G650 2010101812 30.3 -9997 0.9 0.0
C0G650 2010101813 30.8 -9997 1.0 0.0
C0G650 2010101814 30.8 -9997 0.9 0.0
C0G650 2010101815 30.8 -9997 0.2 0.0
C0G650 2010101816 30.9 -9997 0.3 0.0
C0G650 2010101817 29.7 -9997 0.0 0.0
C0G650 2010101818 28.0 -9997 0.3 0.0
C0G650 2010101819 26.7 -9997 0.1 0.0
C0G650 2010101820 26.4 -9997 0.4 0.0
C0G650 2010101821 25.8 -9997 0.5 0.0
C0G650 2010101822 25.1 -9997 0.0 0.0
C0G650 2010101823 24.7 -9997 0.0 0.0
C0G650 2010101824 24.0 -9997 0.1 0.0
C0G650 2010101901 23.7 -9997 0.0 0.0
C0G650 2010101902 23.6 -9997 0.0 0.0
C0G650 2010101903 23.4 -9997 0.0 0.0
C0G650 2010101904 23.4 -9997 0.0 0.0
C0G650 2010101905 23.6 -9997 0.0 0.0
C0G650 2010101906 24.2 -9997 0.0 0.0
C0G650 2010101907 24.5 -9997 0.0 0.0
C0G650 2010101908 25.4 -9997 0.5 0.0
C0G650 2010101909 26.7 -9997 1.1 0.0
C0G650 2010101910 27.8 -9997 0.3 0.0
C0G650 2010101911 29.0 -9997 1.3 0.0
C0G650 2010101912 30.4 -9997 0.2 0.0
C0G650 2010101913 30.3 -9997 0.6 0.0
C0G650 2010101914 31.8 -9997 1.4 0.0
C0G650 2010101915 29.9 -9997 1.2 0.0
C0G650 2010101916 29.3 -9997 1.1 0.0
C0G650 2010101917 28.7 -9997 0.0 0.0
C0G650 2010101918 27.3 -9997 0.1 0.0
C0G650 2010101919 26.8 -9997 0.1 0.0
C0G650 2010101920 26.5 -9997 0.0 0.0
C0G650 2010101921 26.0 -9997 0.0 0.0
C0G650 2010101922 25.2 -9997 0.0 0.0
C0G650 2010101923 25.1 -9997 0.1 0.0
C0G650 2010101924 25.1 -9997 0.0 0.0
C0G650 2010102001 25.0 -9997 0.0 0.0
C0G650 2010102002 25.3 -9997 0.0 0.0
C0G650 2010102003 25.1 -9997 0.0 0.0
C0G650 2010102004 24.8 -9997 0.0 0.0
C0G650 2010102005 24.5 -9997 0.0 0.0
C0G650 2010102006 24.5 -9997 0.0 0.0
C0G650 2010102007 25.7 -9997 -9997 0.0
C0G650 2010102008 27.7 -9997 0.0 0.0
C0G650 2010102009 -9997 -9997 0.3 0.0
C0G650 2010102010 29.5 -9997 0.1 0.0
C0G650 2010102011 29.5 -9997 1.1 0.0
C0G650 2010102012 29.6 -9997 2.2 0.0
C0G650 2010102013 29.3 -9997 2.5 0.0
C0G650 2010102014 28.3 -9997 2.0 0.0
C0G650 2010102015 28.0 -9997 3.3 0.0
C0G650 2010102016 27.5 -9997 3.1 0.0
C0G650 2010102017 27.1 -9997 2.0 0.0
C0G650 2010102018 26.2 -9997 1.7 0.0
C0G650 2010102019 26.3 -9997 0.1 0.0
C0G650 2010102020 26.2 -9997 0.1 0.0
C0G650 2010102021 26.2 -9997 0.1 0.0
C0G650 2010102022 26.3 -9997 0.2 0.0
C0G650 2010102023 26.3 -9997 1.4 0.0
C0G650 2010102024 25.8 -9997 1.8 0.0
C0G650 2010102101 25.6 -9997 1.6 0.0
C0G650 2010102102 25.5 -9997 1.3 0.0
C0G650 2010102103 25.3 -9997 0.6 0.0
C0G650 2010102104 25.2 -9997 0.0 0.0
C0G650 2010102105 23.7 -9997 1.2 0.0
C0G650 2010102106 23.7 -9997 0.0 0.0
C0G650 2010102107 24.6 -9997 0.0 0.0
C0G650 2010102108 24.8 -9997 0.9 0.0
C0G650 2010102109 25.4 -9997 0.1 0.0
C0G650 2010102110 25.5 -9997 0.2 0.0
C0G650 2010102111 25.1 -9997 -9997 0.0
C0G650 2010102112 25.5 -9997 2.2 0.5
C0G650 2010102113 27.2 -9997 3.4 0.0
C0G650 2010102114 26.7 -9997 3.2 0.0
C0G650 2010102115 25.9 -9997 2.9 0.0
C0G650 2010102116 25.7 -9997 1.9 0.0
C0G650 2010102117 25.0 -9997 2.9 0.0
C0G650 2010102118 24.7 -9997 2.2 0.0
C0G650 2010102119 24.5 -9997 0.1 0.0
C0G650 2010102120 24.5 -9997 0.2 0.0
C0G650 2010102121 -9997 -9997 0.0 0.0
C0G650 2010102122 23.5 -9997 0.2 0.0
C0G650 2010102123 23.4 -9997 0.1 0.0
C0G650 2010102124 23.3 -9997 0.0 0.0
C0G650 2010102201 23.1 -9997 0.0 0.0
C0G650 2010102202 22.8 -9997 0.0 0.0
C0G650 2010102203 -9997 -9997 -9997 0.0
C0G650 2010102204 22.8 -9997 0.0 0.0
C0G650 2010102205 23.2 -9997 0.5 0.0
C0G650 2010102206 23.6 -9997 0.0 0.0
C0G650 2010102207 23.6 -9997 0.0 0.0
C0G650 2010102208 25.5 -9997 0.8 0.0
C0G650 2010102209 27.0 -9997 1.4 0.0
C0G650 2010102210 27.8 -9997 0.9 0.0
C0G650 2010102211 28.9 -9997 1.1 0.0
C0G650 2010102212 30.1 -9997 0.4 0.0
C0G650 2010102213 29.6 -9997 0.1 0.0
C0G650 2010102214 28.5 -9997 1.6 0.0
C0G650 2010102215 27.8 -9997 1.6 0.0
C0G650 2010102216 26.9 -9997 0.9 0.0
C0G650 2010102217 26.0 -9997 0.4 0.0
C0G650 2010102218 25.4 -9997 0.1 0.0
C0G650 2010102219 25.3 -9997 0.0 0.0
C0G650 2010102220 24.5 -9997 0.0 0.5
C0G650 2010102221 23.8 -9997 0.0 0.0
C0G650 2010102222 23.7 -9997 0.0 0.0
C0G650 2010102223 23.4 -9997 0.0 0.0
C0G650 2010102224 23.5 -9997 0.0 0.0
C0G650 2010102301 23.3 -9997 0.0 0.0
C0G650 2010102302 23.3 -9997 0.0 0.0
C0G650 2010102303 23.4 -9997 0.0 0.0
C0G650 2010102304 23.7 -9997 0.0 0.0
C0G650 2010102305 23.8 -9997 0.0 0.0
C0G650 2010102306 25.5 -9997 0.5 0.0
C0G650 2010102307 25.6 -9997 0.0 0.0
C0G650 2010102308 27.5 -9997 0.0 0.0
C0G650 2010102309 28.6 -9997 0.2 0.0
C0G650 2010102310 29.0 -9997 0.0 0.0
C0G650 2010102311 30.1 -9997 0.0 0.0
C0G650 2010102312 30.2 -9997 0.1 0.0
C0G650 2010102313 30.4 -9997 0.0 0.0
C0G650 2010102314 30.1 -9997 1.1 0.0
C0G650 2010102315 28.4 -9997 2.0 0.0
C0G650 2010102316 27.9 -9997 0.2 0.0
C0G650 2010102317 27.0 -9997 1.4 0.0
C0G650 2010102318 25.7 -9997 0.0 0.0
C0G650 2010102319 25.4 -9997 0.0 0.0
C0G650 2010102320 25.2 -9997 0.0 0.0
C0G650 2010102321 24.7 -9997 0.0 0.0
C0G650 2010102322 24.7 -9997 0.0 0.0
C0G650 2010102323 24.2 -9997 0.0 0.0
C0G650 2010102324 23.9 -9997 0.0 0.0
C0G650 2010102401 23.8 -9997 0.0 0.0
C0G650 2010102402 -9997 -9997 0.0 0.0
C0G650 2010102403 23.3 -9997 0.0 0.0
C0G650 2010102404 23.5 -9997 0.0 0.0
C0G650 2010102405 23.3 -9997 0.0 0.0
C0G650 2010102406 23.8 -9997 0.0 0.0
C0G650 2010102407 24.4 -9997 0.0 0.0
C0G650 2010102408 25.9 -9997 0.0 0.0
C0G650 2010102409 26.8 -9997 0.1 0.0
C0G650 2010102410 28.5 -9997 1.4 0.0
C0G650 2010102411 29.0 -9997 2.1 0.0
C0G650 2010102412 31.6 -9997 1.6 0.0
C0G650 2010102413 32.7 -9997 1.3 0.0
C0G650 2010102414 32.3 -9997 2.5 0.0
C0G650 2010102415 30.8 -9997 0.6 0.0
C0G650 2010102416 30.1 -9997 0.9 0.0
C0G650 2010102417 29.1 -9997 1.4 0.0
C0G650 2010102418 27.6 -9997 0.3 0.0
C0G650 2010102419 26.3 -9997 0.0 0.0
C0G650 2010102420 25.2 -9997 0.0 0.0
C0G650 2010102421 24.4 -9997 0.0 0.0
C0G650 2010102422 24.0 -9997 0.0 0.0
C0G650 2010102423 23.8 -9997 0.0 0.0
C0G650 2010102424 23.1 -9997 0.0 0.0
C0G650 2010102501 22.7 -9997 0.0 0.0
C0G650 2010102502 22.3 -9997 0.0 0.0
C0G650 2010102503 22.3 -9997 0.0 0.0
C0G650 2010102504 21.8 -9997 0.0 0.0
C0G650 2010102505 21.7 -9997 0.0 0.0
C0G650 2010102506 21.4 -9997 0.0 0.0
C0G650 2010102507 23.2 -9997 0.0 0.0
C0G650 2010102508 25.8 -9997 0.9 0.0
C0G650 2010102509 27.3 -9997 1.8 0.0
C0G650 2010102510 29.4 -9997 0.1 0.0
C0G650 2010102511 29.4 -9997 1.2 0.0
C0G650 2010102512 31.0 -9997 0.6 0.0
C0G650 2010102513 30.4 -9997 0.2 0.0
C0G650 2010102514 30.7 -9997 1.6 0.0
C0G650 2010102515 30.9 -9997 0.5 0.0
C0G650 2010102516 30.6 -9997 0.5 0.0
C0G650 2010102517 28.2 -9997 1.3 0.0
C0G650 2010102518 27.1 -9997 0.4 0.0
C0G650 2010102519 26.6 -9997 0.2 0.0
C0G650 2010102520 25.7 -9997 0.1 0.0
C0G650 2010102521 25.2 -9997 0.5 0.0
C0G650 2010102522 24.7 -9997 1.6 0.0
C0G650 2010102523 23.9 -9997 1.4 0.0
C0G650 2010102524 23.8 -9997 1.1 0.0
C0G650 2010102601 23.5 -9997 1.4 0.0
C0G650 2010102602 23.2 -9997 0.1 0.0
C0G650 2010102603 22.9 -9997 1.5 0.0
C0G650 2010102604 22.6 -9997 1.0 0.0
C0G650 2010102605 22.4 -9997 0.8 0.0
C0G650 2010102606 22.0 -9997 0.7 0.0
C0G650 2010102607 22.0 -9997 0.5 0.0
C0G650 2010102608 23.4 -9997 1.0 0.0
C0G650 2010102609 24.9 -9997 1.3 0.0
C0G650 2010102610 25.8 -9997 2.8 0.0
C0G650 2010102611 26.2 -9997 2.6 0.0
C0G650 2010102612 26.6 -9997 2.6 0.0
C0G650 2010102613 25.6 -9997 4.5 0.0
C0G650 2010102614 25.7 -9997 2.7 0.0
C0G650 2010102615 24.6 -9997 2.5 0.0
C0G650 2010102616 23.5 -9997 2.7 0.0
C0G650 2010102617 -9997 -9997 2.4 0.0
C0G650 2010102618 20.9 -9997 3.2 0.0
C0G650 2010102619 20.7 -9997 1.0 0.0
C0G650 2010102620 20.5 -9997 2.4 0.0
C0G650 2010102621 20.2 -9997 2.3 0.0
C0G650 2010102622 20.2 -9997 1.6 0.0
C0G650 2010102623 20.3 -9997 1.2 0.0
C0G650 2010102624 20.0 -9997 1.1 0.0
C0G650 2010102701 19.7 -9997 1.3 0.0
C0G650 2010102702 19.6 -9997 2.6 0.0
C0G650 2010102703 19.4 -9997 0.9 0.0
C0G650 2010102704 19.1 -9997 1.0 0.0
C0G650 2010102705 19.3 -9997 1.2 0.0
C0G650 2010102706 19.2 -9997 0.7 0.0
C0G650 2010102707 19.3 -9997 1.4 0.0
C0G650 2010102708 19.7 -9997 0.7 0.0
C0G650 2010102709 21.0 -9997 1.3 0.0
C0G650 2010102710 22.8 -9997 2.5 0.0
C0G650 2010102711 24.4 -9997 2.7 0.0
C0G650 2010102712 24.3 -9997 3.0 0.0
C0G650 2010102713 24.0 -9997 3.4 0.0
C0G650 2010102714 23.2 -9997 3.5 0.0
C0G650 2010102715 21.5 -9997 3.9 0.0
C0G650 2010102716 20.9 -9997 3.3 0.0
C0G650 2010102717 20.1 -9997 2.2 0.0
C0G650 2010102718 19.3 -9997 1.1 0.0
C0G650 2010102719 18.8 -9997 2.0 0.0
C0G650 2010102720 18.8 -9997 1.2 0.0
C0G650 2010102721 19.1 -9997 3.0 0.0
C0G650 2010102722 18.8 -9997 2.3 0.0
C0G650 2010102723 18.7 -9997 2.4 0.0
C0G650 2010102724 18.6 -9997 2.2 0.0
C0G650 2010102801 18.5 -9997 2.4 0.0
C0G650 2010102802 18.3 -9997 1.5 0.0
C0G650 2010102803 18.3 -9997 2.4 0.0
C0G650 2010102804 18.1 -9997 1.8 0.0
C0G650 2010102805 17.9 -9997 2.0 0.0
C0G650 2010102806 18.1 -9997 1.9 0.0
C0G650 2010102807 18.4 -9997 2.0 0.0
C0G650 2010102808 19.6 -9997 1.7 0.0
C0G650 2010102809 20.7 -9997 2.4 0.0
C0G650 2010102810 22.1 -9997 2.1 0.0
C0G650 2010102811 22.9 -9997 2.7 0.0
C0G650 2010102812 22.6 -9997 3.7 0.0
C0G650 2010102813 23.0 -9997 2.6 0.0
C0G650 2010102814 22.3 -9997 2.5 0.0
C0G650 2010102815 21.5 -9997 2.4 0.0
C0G650 2010102816 20.4 -9997 2.0 0.0
C0G650 2010102817 19.7 -9997 2.0 0.0
C0G650 2010102818 18.9 -9997 2.3 0.0
C0G650 2010102819 18.5 -9997 0.4 0.0
C0G650 2010102820 18.6 -9997 1.5 0.0
C0G650 2010102821 18.4 -9997 1.8 0.0
C0G650 2010102822 17.7 -9997 0.5 0.0
C0G650 2010102823 18.3 -9997 1.5 0.0
C0G650 2010102824 18.0 -9997 0.2 0.0
C0G650 2010102901 18.2 -9997 1.3 0.0
C0G650 2010102902 18.2 -9997 0.2 0.0
C0G650 2010102903 18.3 -9997 0.9 0.0
C0G650 2010102904 18.0 -9997 0.1 0.0
C0G650 2010102905 18.0 -9997 0.4 0.0
C0G650 2010102906 17.2 -9997 0.0 0.0
C0G650 2010102907 18.1 -9997 0.0 0.0
C0G650 2010102908 19.7 -9997 0.3 0.0
C0G650 2010102909 21.4 -9997 0.7 0.0
C0G650 2010102910 22.5 -9997 1.3 0.0
C0G650 2010102911 23.7 -9997 1.8 0.0
C0G650 2010102912 24.1 -9997 2.1 0.0
C0G650 2010102913 23.8 -9997 2.3 0.0
C0G650 2010102914 22.9 -9997 2.6 0.0
C0G650 2010102915 22.1 -9997 2.1 0.0
C0G650 2010102916 21.1 -9997 2.7 0.0
C0G650 2010102917 20.3 -9997 1.5 0.0
C0G650 2010102918 19.5 -9997 0.7 0.0
C0G650 2010102919 19.5 -9997 0.4 0.0
C0G650 2010102920 18.8 -9997 0.4 0.0
C0G650 2010102921 18.3 -9997 0.0 0.0
C0G650 2010102922 17.9 -9997 0.0 0.0
C0G650 2010102923 17.7 -9997 0.0 0.0
C0G650 2010102924 18.4 -9997 0.0 0.0
C0G650 2010103001 18.9 -9997 0.0 0.0
C0G650 2010103002 18.5 -9997 0.2 0.0
C0G650 2010103003 18.2 -9997 0.0 0.0
C0G650 2010103004 18.3 -9997 0.9 0.0
C0G650 2010103005 18.0 -9997 0.1 0.0
C0G650 2010103006 17.9 -9997 0.1 0.0
C0G650 2010103007 18.0 -9997 0.0 0.0
C0G650 2010103008 19.8 -9997 1.1 0.0
C0G650 2010103009 21.2 -9997 1.9 0.0
C0G650 2010103010 22.8 -9997 1.9 0.0
C0G650 2010103011 24.0 -9997 2.3 0.0
C0G650 2010103012 24.8 -9997 2.5 0.0
C0G650 2010103013 24.2 -9997 3.5 0.0
C0G650 2010103014 24.5 -9997 2.1 0.0
C0G650 2010103015 23.6 -9997 2.5 0.0
C0G650 2010103016 22.3 -9997 2.5 0.0
C0G650 2010103017 20.9 -9997 2.3 0.0
C0G650 2010103018 19.8 -9997 2.1 0.0
C0G650 2010103019 19.1 -9997 0.7 0.0
C0G650 2010103020 18.8 -9997 0.3 0.0
C0G650 2010103021 18.6 -9997 0.8 0.0
C0G650 2010103022 18.3 -9997 0.1 0.0
C0G650 2010103023 18.4 -9997 0.1 0.0
C0G650 2010103024 17.3 -9997 0.0 0.0
C0G650 2010103101 16.8 -9997 0.0 0.0
C0G650 2010103102 16.8 -9997 0.0 0.0
C0G650 2010103103 17.0 -9997 0.0 0.0
C0G650 2010103104 17.0 -9997 0.1 0.0
C0G650 2010103105 16.7 -9997 0.1 0.0
C0G650 2010103106 17.0 -9997 0.1 0.0
C0G650 2010103107 18.1 -9997 0.4 0.0
C0G650 2010103108 19.8 -9997 1.0 0.0
C0G650 2010103109 22.1 -9997 0.7 0.0
C0G650 2010103110 23.1 -9997 2.2 0.0
C0G650 2010103111 24.9 -9997 1.1 0.0
C0G650 2010103112 25.4 -9997 2.5 0.0
C0G650 2010103113 26.6 -9997 1.6 0.0
C0G650 2010103114 26.7 -9997 1.6 0.0
C0G650 2010103115 25.8 -9997 2.5 0.0
C0G650 2010103116 24.3 -9997 2.1 0.0
C0G650 2010103117 22.8 -9997 1.8 0.0
C0G650 2010103118 21.3 -9997 1.1 0.0
C0G650 2010103119 20.2 -9997 0.5 0.0
C0G650 2010103120 19.4 -9997 0.0 0.0
C0G650 2010103121 18.5 -9997 0.0 0.0
C0G650 2010103122 18.0 -9997 0.0 0.0
C0G650 2010103123 17.7 -9997 0.0 0.0
C0G650 2010103124 17.5 -9997 0.0 0.0
C0G660 2010100101 -9999 -9999 -9999 0.0
C0G660 2010100102 -9999 -9999 -9999 0.0
C0G660 2010100103 -9999 -9999 -9999 0.0
C0G660 2010100104 -9999 -9999 -9999 0.0
C0G660 2010100105 -9999 -9999 -9999 0.0
C0G660 2010100106 -9999 -9999 -9999 0.0
C0G660 2010100107 -9999 -9999 -9999 0.0
C0G660 2010100108 -9999 -9999 -9999 0.0
C0G660 2010100109 -9999 -9999 -9999 0.0
C0G660 2010100110 -9999 -9999 -9999 0.0
C0G660 2010100111 -9999 -9999 -9999 0.0
C0G660 2010100112 -9999 -9999 -9999 0.0
C0G660 2010100113 -9999 -9999 -9999 0.0
C0G660 2010100114 -9999 -9999 -9999 0.0
C0G660 2010100115 -9999 -9999 -9999 0.0
C0G660 2010100116 -9999 -9999 -9999 0.0
C0G660 2010100117 -9999 -9999 -9999 0.0
C0G660 2010100118 -9999 -9999 -9999 0.0
C0G660 2010100119 -9999 -9999 -9999 0.0
C0G660 2010100120 -9999 -9999 -9999 0.0
C0G660 2010100121 -9999 -9999 -9999 0.0
C0G660 2010100122 -9999 -9999 -9999 0.0
C0G660 2010100123 -9999 -9999 -9999 0.0
C0G660 2010100124 -9999 -9999 -9999 0.0
C0G660 2010100201 -9999 -9999 -9999 0.0
C0G660 2010100202 -9999 -9999 -9999 0.0
C0G660 2010100203 -9999 -9999 -9999 -9996
C0G660 2010100204 -9999 -9999 -9999 0.0
C0G660 2010100205 -9999 -9999 -9999 -9996
C0G660 2010100206 -9999 -9999 -9999 0.0
C0G660 2010100207 -9999 -9999 -9999 0.0
C0G660 2010100208 -9999 -9999 -9999 0.0
C0G660 2010100209 -9999 -9999 -9999 0.0
C0G660 2010100210 -9999 -9999 -9999 0.0
C0G660 2010100211 -9999 -9999 -9999 -9996
C0G660 2010100212 -9999 -9999 -9999 0.0
C0G660 2010100213 -9999 -9999 -9999 0.0
C0G660 2010100214 -9999 -9999 -9999 0.0
C0G660 2010100215 -9999 -9999 -9999 0.0
C0G660 2010100216 -9999 -9999 -9999 0.0
C0G660 2010100217 -9999 -9999 -9999 0.0
C0G660 2010100218 -9999 -9999 -9999 0.0
C0G660 2010100219 -9999 -9999 -9999 0.0
C0G660 2010100220 -9999 -9999 -9999 0.0
C0G660 2010100221 -9999 -9999 -9999 -9996
C0G660 2010100222 -9999 -9999 -9999 0.0
C0G660 2010100223 -9999 -9999 -9999 0.0
C0G660 2010100224 -9999 -9999 -9999 0.0
C0G660 2010100301 -9999 -9999 -9999 0.0
C0G660 2010100302 -9999 -9999 -9999 0.0
C0G660 2010100303 -9999 -9999 -9999 0.0
C0G660 2010100304 -9999 -9999 -9999 0.0
C0G660 2010100305 -9999 -9999 -9999 0.0
C0G660 2010100306 -9999 -9999 -9999 0.0
C0G660 2010100307 -9999 -9999 -9999 0.0
C0G660 2010100308 -9999 -9999 -9999 0.0
C0G660 2010100309 -9999 -9999 -9999 0.0
C0G660 2010100310 -9999 -9999 -9999 0.0
C0G660 2010100311 -9999 -9999 -9999 0.0
C0G660 2010100312 -9999 -9999 -9999 0.0
C0G660 2010100313 -9999 -9999 -9999 0.0
C0G660 2010100314 -9999 -9999 -9999 0.0
C0G660 2010100315 -9999 -9999 -9999 -9996
C0G660 2010100316 -9999 -9999 -9999 0.0
C0G660 2010100317 -9999 -9999 -9999 0.0
C0G660 2010100318 -9999 -9999 -9999 0.0
C0G660 2010100319 -9999 -9999 -9999 0.0
C0G660 2010100320 -9999 -9999 -9999 0.0
C0G660 2010100321 -9999 -9999 -9999 0.0
C0G660 2010100322 -9999 -9999 -9999 0.0
C0G660 2010100323 -9999 -9999 -9999 0.0
C0G660 2010100324 -9999 -9999 -9999 0.0
C0G660 2010100401 -9999 -9999 -9999 0.0
C0G660 2010100402 -9999 -9999 -9999 0.0
C0G660 2010100403 -9999 -9999 -9999 0.0
C0G660 2010100404 -9999 -9999 -9999 0.0
C0G660 2010100405 -9999 -9999 -9999 -9996
C0G660 2010100406 -9999 -9999 -9999 -9996
C0G660 2010100407 -9999 -9999 -9999 0.0
C0G660 2010100408 -9999 -9999 -9999 0.0
C0G660 2010100409 -9999 -9999 -9999 0.0
C0G660 2010100410 -9999 -9999 -9999 0.0
C0G660 2010100411 -9999 -9999 -9999 0.0
C0G660 2010100412 -9999 -9999 -9999 0.0
C0G660 2010100413 -9999 -9999 -9999 0.0
C0G660 2010100414 -9999 -9999 -9999 0.0
C0G660 2010100415 -9999 -9999 -9999 0.0
C0G660 2010100416 -9999 -9999 -9999 0.0
C0G660 2010100417 -9999 -9999 -9999 0.0
C0G660 2010100418 -9999 -9999 -9999 0.0
C0G660 2010100419 -9999 -9999 -9999 0.0
C0G660 2010100420 -9999 -9999 -9999 0.0
C0G660 2010100421 -9999 -9999 -9999 0.0
C0G660 2010100422 -9999 -9999 -9999 0.0
C0G660 2010100423 -9999 -9999 -9999 0.0
C0G660 2010100424 -9999 -9999 -9999 -9996
C0G660 2010100501 -9999 -9999 -9999 0.0
C0G660 2010100502 -9999 -9999 -9999 0.0
C0G660 2010100503 -9999 -9999 -9999 0.0
C0G660 2010100504 -9999 -9999 -9999 0.0
C0G660 2010100505 -9999 -9999 -9999 0.0
C0G660 2010100506 -9999 -9999 -9999 0.0
C0G660 2010100507 -9999 -9999 -9999 0.0
C0G660 2010100508 -9999 -9999 -9999 0.0
C0G660 2010100509 -9999 -9999 -9999 0.0
C0G660 2010100510 -9999 -9999 -9999 0.0
C0G660 2010100511 -9999 -9999 -9999 0.0
C0G660 2010100512 -9999 -9999 -9999 0.0
C0G660 2010100513 -9999 -9999 -9999 0.0
C0G660 2010100514 -9999 -9999 -9999 0.0
C0G660 2010100515 -9999 -9999 -9999 0.0
C0G660 2010100516 -9999 -9999 -9999 0.0
C0G660 2010100517 -9999 -9999 -9999 0.0
C0G660 2010100518 -9999 -9999 -9999 0.0
C0G660 2010100519 -9999 -9999 -9999 0.0
C0G660 2010100520 -9999 -9999 -9999 -9996
C0G660 2010100521 -9999 -9999 -9999 0.0
C0G660 2010100522 -9999 -9999 -9999 0.0
C0G660 2010100523 -9999 -9999 -9999 0.0
C0G660 2010100524 -9999 -9999 -9999 0.0
C0G660 2010100601 -9999 -9999 -9999 0.0
C0G660 2010100602 -9999 -9999 -9999 0.0
C0G660 2010100603 -9999 -9999 -9999 0.0
C0G660 2010100604 -9999 -9999 -9999 0.0
C0G660 2010100605 -9999 -9999 -9999 0.0
C0G660 2010100606 -9999 -9999 -9999 0.0
C0G660 2010100607 -9999 -9999 -9999 0.0
C0G660 2010100608 -9999 -9999 -9999 0.0
C0G660 2010100609 -9999 -9999 -9999 0.0
C0G660 2010100610 -9999 -9999 -9999 0.0
C0G660 2010100611 -9999 -9999 -9999 0.0
C0G660 2010100612 -9999 -9999 -9999 0.0
C0G660 2010100613 -9999 -9999 -9999 0.0
C0G660 2010100614 -9999 -9999 -9999 -9996
C0G660 2010100615 -9999 -9999 -9999 0.0
C0G660 2010100616 -9999 -9999 -9999 0.0
C0G660 2010100617 -9999 -9999 -9999 0.0
C0G660 2010100618 -9999 -9999 -9999 -9996
C0G660 2010100619 -9999 -9999 -9999 0.0
C0G660 2010100620 -9999 -9999 -9999 0.0
C0G660 2010100621 -9999 -9999 -9999 0.0
C0G660 2010100622 -9999 -9999 -9999 0.0
C0G660 2010100623 -9999 -9999 -9999 0.0
C0G660 2010100624 -9999 -9999 -9999 0.0
C0G660 2010100701 -9999 -9999 -9999 -9996
C0G660 2010100702 -9999 -9999 -9999 0.0
C0G660 2010100703 -9999 -9999 -9999 0.0
C0G660 2010100704 -9999 -9999 -9999 0.0
C0G660 2010100705 -9999 -9999 -9999 -9996
C0G660 2010100706 -9999 -9999 -9999 0.0
C0G660 2010100707 -9999 -9999 -9999 0.0
C0G660 2010100708 -9999 -9999 -9999 0.0
C0G660 2010100709 -9999 -9999 -9999 0.0
C0G660 2010100710 -9999 -9999 -9999 0.0
C0G660 2010100711 -9999 -9999 -9999 0.0
C0G660 2010100712 -9999 -9999 -9999 0.0
C0G660 2010100713 -9999 -9999 -9999 0.0
C0G660 2010100714 -9999 -9999 -9999 0.0
C0G660 2010100715 -9999 -9999 -9999 0.0
C0G660 2010100716 -9999 -9999 -9999 0.0
C0G660 2010100717 -9999 -9999 -9999 0.0
C0G660 2010100718 -9999 -9999 -9999 0.0
C0G660 2010100719 -9999 -9999 -9999 0.0
C0G660 2010100720 -9999 -9999 -9999 0.0
C0G660 2010100721 -9999 -9999 -9999 0.0
C0G660 2010100722 -9999 -9999 -9999 0.0
C0G660 2010100723 -9999 -9999 -9999 0.0
C0G660 2010100724 -9999 -9999 -9999 0.0
C0G660 2010100801 -9999 -9999 -9999 0.0
C0G660 2010100802 -9999 -9999 -9999 0.0
C0G660 2010100803 -9999 -9999 -9999 0.0
C0G660 2010100804 -9999 -9999 -9999 0.0
C0G660 2010100805 -9999 -9999 -9999 0.0
C0G660 2010100806 -9999 -9999 -9999 0.0
C0G660 2010100807 -9999 -9999 -9999 0.0
C0G660 2010100808 -9999 -9999 -9999 0.0
C0G660 2010100809 -9999 -9999 -9999 0.0
C0G660 2010100810 -9999 -9999 -9999 0.0
C0G660 2010100811 -9999 -9999 -9999 0.0
C0G660 2010100812 -9999 -9999 -9999 0.0
C0G660 2010100813 -9999 -9999 -9999 0.0
C0G660 2010100814 -9999 -9999 -9999 0.0
C0G660 2010100815 -9999 -9999 -9999 0.0
C0G660 2010100816 -9999 -9999 -9999 0.0
C0G660 2010100817 -9999 -9999 -9999 0.0
C0G660 2010100818 -9999 -9999 -9999 0.0
C0G660 2010100819 -9999 -9999 -9999 0.0
C0G660 2010100820 -9999 -9999 -9999 0.0
C0G660 2010100821 -9999 -9999 -9999 0.0
C0G660 2010100822 -9999 -9999 -9999 0.0
C0G660 2010100823 -9999 -9999 -9999 0.0
C0G660 2010100824 -9999 -9999 -9999 0.0
C0G660 2010100901 -9999 -9999 -9999 0.0
C0G660 2010100902 -9999 -9999 -9999 0.0
C0G660 2010100903 -9999 -9999 -9999 0.0
C0G660 2010100904 -9999 -9999 -9999 0.0
C0G660 2010100905 -9999 -9999 -9999 0.0
C0G660 2010100906 -9999 -9999 -9999 0.0
C0G660 2010100907 -9999 -9999 -9999 0.0
C0G660 2010100908 -9999 -9999 -9999 0.0
C0G660 2010100909 -9999 -9999 -9999 0.0
C0G660 2010100910 -9999 -9999 -9999 0.0
C0G660 2010100911 -9999 -9999 -9999 0.0
C0G660 2010100912 -9999 -9999 -9999 0.0
C0G660 2010100913 -9999 -9999 -9999 0.0
C0G660 2010100914 -9999 -9999 -9999 0.0
C0G660 2010100915 -9999 -9999 -9999 0.0
C0G660 2010100916 -9999 -9999 -9999 0.0
C0G660 2010100917 -9999 -9999 -9999 0.0
C0G660 2010100918 -9999 -9999 -9999 0.0
C0G660 2010100919 -9999 -9999 -9999 0.0
C0G660 2010100920 -9999 -9999 -9999 0.0
C0G660 2010100921 -9999 -9999 -9999 0.0
C0G660 2010100922 -9999 -9999 -9999 0.0
C0G660 2010100923 -9999 -9999 -9999 0.0
C0G660 2010100924 -9999 -9999 -9999 0.0
C0G660 2010101001 -9999 -9999 -9999 0.0
C0G660 2010101002 -9999 -9999 -9999 0.0
C0G660 2010101003 -9999 -9999 -9999 0.0
C0G660 2010101004 -9999 -9999 -9999 0.0
C0G660 2010101005 -9999 -9999 -9999 0.0
C0G660 2010101006 -9999 -9999 -9999 0.0
C0G660 2010101007 -9999 -9999 -9999 0.0
C0G660 2010101008 -9999 -9999 -9999 0.0
C0G660 2010101009 -9999 -9999 -9999 0.0
C0G660 2010101010 -9999 -9999 -9999 0.0
C0G660 2010101011 -9999 -9999 -9999 0.0
C0G660 2010101012 -9999 -9999 -9999 0.0
C0G660 2010101013 -9999 -9999 -9999 0.0
C0G660 2010101014 -9999 -9999 -9999 0.0
C0G660 2010101015 -9999 -9999 -9999 0.0
C0G660 2010101016 -9999 -9999 -9999 0.0
C0G660 2010101017 -9999 -9999 -9999 0.0
C0G660 2010101018 -9999 -9999 -9999 0.0
C0G660 2010101019 -9999 -9999 -9999 0.0
C0G660 2010101020 -9999 -9999 -9999 0.0
C0G660 2010101021 -9999 -9999 -9999 0.0
C0G660 2010101022 -9999 -9999 -9999 0.0
C0G660 2010101023 -9999 -9999 -9999 0.0
C0G660 2010101024 -9999 -9999 -9999 0.0
C0G660 2010101101 -9999 -9999 -9999 0.0
C0G660 2010101102 -9999 -9999 -9999 0.0
C0G660 2010101103 -9999 -9999 -9999 0.0
C0G660 2010101104 -9999 -9999 -9999 0.0
C0G660 2010101105 -9999 -9999 -9999 0.0
C0G660 2010101106 -9999 -9999 -9999 0.0
C0G660 2010101107 -9999 -9999 -9999 0.0
C0G660 2010101108 -9999 -9999 -9999 0.0
C0G660 2010101109 -9999 -9999 -9999 0.0
C0G660 2010101110 -9999 -9999 -9999 0.0
C0G660 2010101111 -9999 -9999 -9999 0.0
C0G660 2010101112 -9999 -9999 -9999 0.0
C0G660 2010101113 -9999 -9999 -9999 0.0
C0G660 2010101114 -9999 -9999 -9999 0.0
C0G660 2010101115 -9999 -9999 -9999 0.0
C0G660 2010101116 -9999 -9999 -9999 0.0
C0G660 2010101117 -9999 -9999 -9999 0.0
C0G660 2010101118 -9999 -9999 -9999 0.0
C0G660 2010101119 -9999 -9999 -9999 0.0
C0G660 2010101120 -9999 -9999 -9999 0.0
C0G660 2010101121 -9999 -9999 -9999 0.0
C0G660 2010101122 -9999 -9999 -9999 0.0
C0G660 2010101123 -9999 -9999 -9999 0.0
C0G660 2010101124 -9999 -9999 -9999 0.0
C0G660 2010101201 -9999 -9999 -9999 0.0
C0G660 2010101202 -9999 -9999 -9999 0.0
C0G660 2010101203 -9999 -9999 -9999 0.0
C0G660 2010101204 -9999 -9999 -9999 0.0
C0G660 2010101205 -9999 -9999 -9999 0.0
C0G660 2010101206 -9999 -9999 -9999 0.0
C0G660 2010101207 -9999 -9999 -9999 0.0
C0G660 2010101208 -9999 -9999 -9999 0.0
C0G660 2010101209 -9999 -9999 -9999 0.0
C0G660 2010101210 -9999 -9999 -9999 0.0
C0G660 2010101211 -9999 -9999 -9999 0.0
C0G660 2010101212 -9999 -9999 -9999 0.0
C0G660 2010101213 -9999 -9999 -9999 0.0
C0G660 2010101214 -9999 -9999 -9999 0.0
C0G660 2010101215 -9999 -9999 -9999 0.0
C0G660 2010101216 -9999 -9999 -9999 0.0
C0G660 2010101217 -9999 -9999 -9999 0.0
C0G660 2010101218 -9999 -9999 -9999 0.0
C0G660 2010101219 -9999 -9999 -9999 0.0
C0G660 2010101220 -9999 -9999 -9999 0.0
C0G660 2010101221 -9999 -9999 -9999 0.0
C0G660 2010101222 -9999 -9999 -9999 0.0
C0G660 2010101223 -9999 -9999 -9999 0.0
C0G660 2010101224 -9999 -9999 -9999 0.0
C0G660 2010101301 -9999 -9999 -9999 0.0
C0G660 2010101302 -9999 -9999 -9999 0.0
C0G660 2010101303 -9999 -9999 -9999 0.0
C0G660 2010101304 -9999 -9999 -9999 0.0
C0G660 2010101305 -9999 -9999 -9999 0.0
C0G660 2010101306 -9999 -9999 -9999 0.0
C0G660 2010101307 -9999 -9999 -9999 0.0
C0G660 2010101308 -9999 -9999 -9999 0.0
C0G660 2010101309 -9999 -9999 -9999 0.0
C0G660 2010101310 -9999 -9999 -9999 0.0
C0G660 2010101311 -9999 -9999 -9999 0.0
C0G660 2010101312 -9999 -9999 -9999 0.0
C0G660 2010101313 -9999 -9999 -9999 0.0
C0G660 2010101314 -9999 -9999 -9999 0.0
C0G660 2010101315 -9999 -9999 -9999 0.0
C0G660 2010101316 -9999 -9999 -9999 0.0
C0G660 2010101317 -9999 -9999 -9999 0.0
C0G660 2010101318 -9999 -9999 -9999 0.0
C0G660 2010101319 -9999 -9999 -9999 0.0
C0G660 2010101320 -9999 -9999 -9999 0.0
C0G660 2010101321 -9999 -9999 -9999 0.0
C0G660 2010101322 -9999 -9999 -9999 0.0
C0G660 2010101323 -9999 -9999 -9999 0.0
C0G660 2010101324 -9999 -9999 -9999 0.0
C0G660 2010101401 -9999 -9999 -9999 0.0
C0G660 2010101402 -9999 -9999 -9999 0.0
C0G660 2010101403 -9999 -9999 -9999 0.0
C0G660 2010101404 -9999 -9999 -9999 0.0
C0G660 2010101405 -9999 -9999 -9999 0.0
C0G660 2010101406 -9999 -9999 -9999 0.0
C0G660 2010101407 -9999 -9999 -9999 0.0
C0G660 2010101408 -9999 -9999 -9999 0.0
C0G660 2010101409 -9999 -9999 -9999 0.0
C0G660 2010101410 -9999 -9999 -9999 0.0
C0G660 2010101411 -9999 -9999 -9999 0.0
C0G660 2010101412 -9999 -9999 -9999 0.0
C0G660 2010101413 -9999 -9999 -9999 0.0
C0G660 2010101414 -9999 -9999 -9999 0.0
C0G660 2010101415 -9999 -9999 -9999 0.0
C0G660 2010101416 -9999 -9999 -9999 0.0
C0G660 2010101417 -9999 -9999 -9999 0.0
C0G660 2010101418 -9999 -9999 -9999 0.0
C0G660 2010101419 -9999 -9999 -9999 0.0
C0G660 2010101420 -9999 -9999 -9999 0.0
C0G660 2010101421 -9999 -9999 -9999 0.0
C0G660 2010101422 -9999 -9999 -9999 0.0
C0G660 2010101423 -9999 -9999 -9999 0.0
C0G660 2010101424 -9999 -9999 -9999 0.0
C0G660 2010101501 -9999 -9999 -9999 0.0
C0G660 2010101502 -9999 -9999 -9999 0.0
C0G660 2010101503 -9999 -9999 -9999 0.0
C0G660 2010101504 -9999 -9999 -9999 0.0
C0G660 2010101505 -9999 -9999 -9999 0.0
C0G660 2010101506 -9999 -9999 -9999 0.0
C0G660 2010101507 -9999 -9999 -9999 0.0
C0G660 2010101508 -9999 -9999 -9999 0.0
C0G660 2010101509 -9999 -9999 -9999 0.0
C0G660 2010101510 -9999 -9999 -9999 0.0
C0G660 2010101511 -9999 -9999 -9999 0.0
C0G660 2010101512 -9999 -9999 -9999 0.0
C0G660 2010101513 -9999 -9999 -9999 0.0
C0G660 2010101514 -9999 -9999 -9999 0.0
C0G660 2010101515 -9999 -9999 -9999 0.0
C0G660 2010101516 -9999 -9999 -9999 0.0
C0G660 2010101517 -9999 -9999 -9999 0.0
C0G660 2010101518 -9999 -9999 -9999 0.0
C0G660 2010101519 -9999 -9999 -9999 0.0
C0G660 2010101520 -9999 -9999 -9999 0.0
C0G660 2010101521 -9999 -9999 -9999 0.0
C0G660 2010101522 -9999 -9999 -9999 0.0
C0G660 2010101523 -9999 -9999 -9999 0.0
C0G660 2010101524 -9999 -9999 -9999 0.0
C0G660 2010101601 -9999 -9999 -9999 0.0
C0G660 2010101602 -9999 -9999 -9999 0.0
C0G660 2010101603 -9999 -9999 -9999 0.0
C0G660 2010101604 -9999 -9999 -9999 0.0
C0G660 2010101605 -9999 -9999 -9999 0.0
C0G660 2010101606 -9999 -9999 -9999 0.0
C0G660 2010101607 -9999 -9999 -9999 0.0
C0G660 2010101608 -9999 -9999 -9999 0.0
C0G660 2010101609 -9999 -9999 -9999 0.0
C0G660 2010101610 -9999 -9999 -9999 0.0
C0G660 2010101611 -9999 -9999 -9999 0.0
C0G660 2010101612 -9999 -9999 -9999 0.0
C0G660 2010101613 -9999 -9999 -9999 0.0
C0G660 2010101614 -9999 -9999 -9999 0.0
C0G660 2010101615 -9999 -9999 -9999 0.0
C0G660 2010101616 -9999 -9999 -9999 0.0
C0G660 2010101617 -9999 -9999 -9999 0.0
C0G660 2010101618 -9999 -9999 -9999 0.0
C0G660 2010101619 -9999 -9999 -9999 0.0
C0G660 2010101620 -9999 -9999 -9999 0.0
C0G660 2010101621 -9999 -9999 -9999 0.0
C0G660 2010101622 -9999 -9999 -9999 0.0
C0G660 2010101623 -9999 -9999 -9999 0.0
C0G660 2010101624 -9999 -9999 -9999 0.0
C0G660 2010101701 -9999 -9999 -9999 0.0
C0G660 2010101702 -9999 -9999 -9999 0.0
C0G660 2010101703 -9999 -9999 -9999 0.0
C0G660 2010101704 -9999 -9999 -9999 0.0
C0G660 2010101705 -9999 -9999 -9999 0.0
C0G660 2010101706 -9999 -9999 -9999 0.0
C0G660 2010101707 -9999 -9999 -9999 0.0
C0G660 2010101708 -9999 -9999 -9999 0.0
C0G660 2010101709 -9999 -9999 -9999 0.0
C0G660 2010101710 -9999 -9999 -9999 0.0
C0G660 2010101711 -9999 -9999 -9999 0.0
C0G660 2010101712 -9999 -9999 -9999 0.0
C0G660 2010101713 -9999 -9999 -9999 0.0
C0G660 2010101714 -9999 -9999 -9999 0.0
C0G660 2010101715 -9999 -9999 -9999 0.0
C0G660 2010101716 -9999 -9999 -9999 0.0
C0G660 2010101717 -9999 -9999 -9999 0.0
C0G660 2010101718 -9999 -9999 -9999 0.0
C0G660 2010101719 -9999 -9999 -9999 0.0
C0G660 2010101720 -9999 -9999 -9999 0.0
C0G660 2010101721 -9999 -9999 -9999 0.0
C0G660 2010101722 -9999 -9999 -9999 0.0
C0G660 2010101723 -9999 -9999 -9999 0.0
C0G660 2010101724 -9999 -9999 -9999 0.0
C0G660 2010101801 -9999 -9999 -9999 0.0
C0G660 2010101802 -9999 -9999 -9999 0.0
C0G660 2010101803 -9999 -9999 -9999 0.0
C0G660 2010101804 -9999 -9999 -9999 0.0
C0G660 2010101805 -9999 -9999 -9999 0.0
C0G660 2010101806 -9999 -9999 -9999 0.0
C0G660 2010101807 -9999 -9999 -9999 0.0
C0G660 2010101808 -9999 -9999 -9999 0.0
C0G660 2010101809 -9999 -9999 -9999 0.0
C0G660 2010101810 -9999 -9999 -9999 0.0
C0G660 2010101811 -9999 -9999 -9999 0.0
C0G660 2010101812 -9999 -9999 -9999 0.0
C0G660 2010101813 -9999 -9999 -9999 0.0
C0G660 2010101814 -9999 -9999 -9999 0.0
C0G660 2010101815 -9999 -9999 -9999 0.0
C0G660 2010101816 -9999 -9999 -9999 0.0
C0G660 2010101817 -9999 -9999 -9999 0.0
C0G660 2010101818 -9999 -9999 -9999 0.0
C0G660 2010101819 -9999 -9999 -9999 0.0
C0G660 2010101820 -9999 -9999 -9999 0.0
C0G660 2010101821 -9999 -9999 -9999 0.0
C0G660 2010101822 -9999 -9999 -9999 0.0
C0G660 2010101823 -9999 -9999 -9999 0.0
C0G660 2010101824 -9999 -9999 -9999 0.0
C0G660 2010101901 -9999 -9999 -9999 0.0
C0G660 2010101902 -9999 -9999 -9999 0.0
C0G660 2010101903 -9999 -9999 -9999 0.0
C0G660 2010101904 -9999 -9999 -9999 0.0
C0G660 2010101905 -9999 -9999 -9999 0.0
C0G660 2010101906 -9999 -9999 -9999 0.0
C0G660 2010101907 -9999 -9999 -9999 0.0
C0G660 2010101908 -9999 -9999 -9999 0.0
C0G660 2010101909 -9999 -9999 -9999 0.0
C0G660 2010101910 -9999 -9999 -9999 0.0
C0G660 2010101911 -9999 -9999 -9999 0.0
C0G660 2010101912 -9999 -9999 -9999 0.0
C0G660 2010101913 -9999 -9999 -9999 0.0
C0G660 2010101914 -9999 -9999 -9999 0.0
C0G660 2010101915 -9999 -9999 -9999 0.0
C0G660 2010101916 -9999 -9999 -9999 0.0
C0G660 2010101917 -9999 -9999 -9999 0.0
C0G660 2010101918 -9999 -9999 -9999 0.0
C0G660 2010101919 -9999 -9999 -9999 0.0
C0G660 2010101920 -9999 -9999 -9999 0.0
C0G660 2010101921 -9999 -9999 -9999 0.0
C0G660 2010101922 -9999 -9999 -9999 0.0
C0G660 2010101923 -9999 -9999 -9999 0.0
C0G660 2010101924 -9999 -9999 -9999 0.0
C0G660 2010102001 -9999 -9999 -9999 0.0
C0G660 2010102002 -9999 -9999 -9999 0.0
C0G660 2010102003 -9999 -9999 -9999 0.0
C0G660 2010102004 -9999 -9999 -9999 0.0
C0G660 2010102005 -9999 -9999 -9999 0.0
C0G660 2010102006 -9999 -9999 -9999 0.0
C0G660 2010102007 -9999 -9999 -9999 0.0
C0G660 2010102008 -9999 -9999 -9999 0.0
C0G660 2010102009 -9999 -9999 -9999 0.0
C0G660 2010102010 -9999 -9999 -9999 0.0
C0G660 2010102011 -9999 -9999 -9999 0.0
C0G660 2010102012 -9999 -9999 -9999 0.0
C0G660 2010102013 -9999 -9999 -9999 0.0
C0G660 2010102014 -9999 -9999 -9999 0.0
C0G660 2010102015 -9999 -9999 -9999 0.0
C0G660 2010102016 -9999 -9999 -9999 0.0
C0G660 2010102017 -9999 -9999 -9999 0.0
C0G660 2010102018 -9999 -9999 -9999 0.0
C0G660 2010102019 -9999 -9999 -9999 0.0
C0G660 2010102020 -9999 -9999 -9999 0.0
C0G660 2010102021 -9999 -9999 -9999 0.0
C0G660 2010102022 -9999 -9999 -9999 0.0
C0G660 2010102023 -9999 -9999 -9999 0.0
C0G660 2010102024 -9999 -9999 -9999 0.0
C0G660 2010102101 -9999 -9999 -9999 0.0
C0G660 2010102102 -9999 -9999 -9999 0.0
C0G660 2010102103 -9999 -9999 -9999 0.0
C0G660 2010102104 -9999 -9999 -9999 0.0
C0G660 2010102105 -9999 -9999 -9999 0.0
C0G660 2010102106 -9999 -9999 -9999 0.0
C0G660 2010102107 -9999 -9999 -9999 0.0
C0G660 2010102108 -9999 -9999 -9999 0.0
C0G660 2010102109 -9999 -9999 -9999 0.0
C0G660 2010102110 -9999 -9999 -9999 0.0
C0G660 2010102111 -9999 -9999 -9999 0.0
C0G660 2010102112 -9999 -9999 -9999 0.0
C0G660 2010102113 -9999 -9999 -9999 0.0
C0G660 2010102114 -9999 -9999 -9999 0.0
C0G660 2010102115 -9999 -9999 -9999 0.0
C0G660 2010102116 -9999 -9999 -9999 0.0
C0G660 2010102117 -9999 -9999 -9999 0.0
C0G660 2010102118 -9999 -9999 -9999 0.0
C0G660 2010102119 -9999 -9999 -9999 0.0
C0G660 2010102120 -9999 -9999 -9999 0.0
C0G660 2010102121 -9999 -9999 -9999 0.0
C0G660 2010102122 -9999 -9999 -9999 0.0
C0G660 2010102123 -9999 -9999 -9999 0.0
C0G660 2010102124 -9999 -9999 -9999 0.0
C0G660 2010102201 -9999 -9999 -9999 0.0
C0G660 2010102202 -9999 -9999 -9999 0.0
C0G660 2010102203 -9999 -9999 -9999 0.0
C0G660 2010102204 -9999 -9999 -9999 0.0
C0G660 2010102205 -9999 -9999 -9999 0.0
C0G660 2010102206 -9999 -9999 -9999 0.5
C0G660 2010102207 -9999 -9999 -9999 0.0
C0G660 2010102208 -9999 -9999 -9999 0.0
C0G660 2010102209 -9999 -9999 -9999 0.0
C0G660 2010102210 -9999 -9999 -9999 0.0
C0G660 2010102211 -9999 -9999 -9999 0.0
C0G660 2010102212 -9999 -9999 -9999 0.0
C0G660 2010102213 -9999 -9999 -9999 0.0
C0G660 2010102214 -9999 -9999 -9999 0.0
C0G660 2010102215 -9999 -9999 -9999 0.0
C0G660 2010102216 -9999 -9999 -9999 0.0
C0G660 2010102217 -9999 -9999 -9999 0.0
C0G660 2010102218 -9999 -9999 -9999 0.0
C0G660 2010102219 -9999 -9999 -9999 0.0
C0G660 2010102220 -9999 -9999 -9999 0.0
C0G660 2010102221 -9999 -9999 -9999 0.0
C0G660 2010102222 -9999 -9999 -9999 0.0
C0G660 2010102223 -9999 -9999 -9999 0.0
C0G660 2010102224 -9999 -9999 -9999 0.0
C0G660 2010102301 -9999 -9999 -9999 0.0
C0G660 2010102302 -9999 -9999 -9999 0.0
C0G660 2010102303 -9999 -9999 -9999 0.0
C0G660 2010102304 -9999 -9999 -9999 0.0
C0G660 2010102305 -9999 -9999 -9999 0.0
C0G660 2010102306 -9999 -9999 -9999 0.0
C0G660 2010102307 -9999 -9999 -9999 0.0
C0G660 2010102308 -9999 -9999 -9999 0.0
C0G660 2010102309 -9999 -9999 -9999 0.0
C0G660 2010102310 -9999 -9999 -9999 0.0
C0G660 2010102311 -9999 -9999 -9999 0.0
C0G660 2010102312 -9999 -9999 -9999 0.0
C0G660 2010102313 -9999 -9999 -9999 0.0
C0G660 2010102314 -9999 -9999 -9999 0.0
C0G660 2010102315 -9999 -9999 -9999 0.0
C0G660 2010102316 -9999 -9999 -9999 0.0
C0G660 2010102317 -9999 -9999 -9999 0.0
C0G660 2010102318 -9999 -9999 -9999 0.0
C0G660 2010102319 -9999 -9999 -9999 0.0
C0G660 2010102320 -9999 -9999 -9999 0.0
C0G660 2010102321 -9999 -9999 -9999 0.0
C0G660 2010102322 -9999 -9999 -9999 0.0
C0G660 2010102323 -9999 -9999 -9999 0.0
C0G660 2010102324 -9999 -9999 -9999 0.0
C0G660 2010102401 -9999 -9999 -9999 0.0
C0G660 2010102402 -9999 -9999 -9999 0.0
C0G660 2010102403 -9999 -9999 -9999 0.0
C0G660 2010102404 -9999 -9999 -9999 0.0
C0G660 2010102405 -9999 -9999 -9999 0.0
C0G660 2010102406 -9999 -9999 -9999 0.0
C0G660 2010102407 -9999 -9999 -9999 0.0
C0G660 2010102408 -9999 -9999 -9999 0.0
C0G660 2010102409 -9999 -9999 -9999 0.0
C0G660 2010102410 -9999 -9999 -9999 0.0
C0G660 2010102411 -9999 -9999 -9999 0.0
C0G660 2010102412 -9999 -9999 -9999 0.0
C0G660 2010102413 -9999 -9999 -9999 0.0
C0G660 2010102414 -9999 -9999 -9999 0.0
C0G660 2010102415 -9999 -9999 -9999 0.0
C0G660 2010102416 -9999 -9999 -9999 0.0
C0G660 2010102417 -9999 -9999 -9999 0.0
C0G660 2010102418 -9999 -9999 -9999 0.0
C0G660 2010102419 -9999 -9999 -9999 0.0
C0G660 2010102420 -9999 -9999 -9999 0.0
C0G660 2010102421 -9999 -9999 -9999 0.0
C0G660 2010102422 -9999 -9999 -9999 0.0
C0G660 2010102423 -9999 -9999 -9999 0.0
C0G660 2010102424 -9999 -9999 -9999 0.0
C0G660 2010102501 -9999 -9999 -9999 0.0
C0G660 2010102502 -9999 -9999 -9999 0.0
C0G660 2010102503 -9999 -9999 -9999 0.0
C0G660 2010102504 -9999 -9999 -9999 0.0
C0G660 2010102505 -9999 -9999 -9999 0.0
C0G660 2010102506 -9999 -9999 -9999 0.0
C0G660 2010102507 -9999 -9999 -9999 0.0
C0G660 2010102508 -9999 -9999 -9999 0.0
C0G660 2010102509 -9999 -9999 -9999 0.0
C0G660 2010102510 -9999 -9999 -9999 0.0
C0G660 2010102511 -9999 -9999 -9999 0.0
C0G660 2010102512 -9999 -9999 -9999 0.0
C0G660 2010102513 -9999 -9999 -9999 0.0
C0G660 2010102514 -9999 -9999 -9999 0.0
C0G660 2010102515 -9999 -9999 -9999 0.0
C0G660 2010102516 -9999 -9999 -9999 0.0
C0G660 2010102517 -9999 -9999 -9999 0.0
C0G660 2010102518 -9999 -9999 -9999 0.0
C0G660 2010102519 -9999 -9999 -9999 0.0
C0G660 2010102520 -9999 -9999 -9999 0.0
C0G660 2010102521 -9999 -9999 -9999 0.0
C0G660 2010102522 -9999 -9999 -9999 0.0
C0G660 2010102523 -9999 -9999 -9999 0.0
C0G660 2010102524 -9999 -9999 -9999 0.0
C0G660 2010102601 -9999 -9999 -9999 0.0
C0G660 2010102602 -9999 -9999 -9999 0.0
C0G660 2010102603 -9999 -9999 -9999 0.0
C0G660 2010102604 -9999 -9999 -9999 0.0
C0G660 2010102605 -9999 -9999 -9999 0.0
C0G660 2010102606 -9999 -9999 -9999 0.0
C0G660 2010102607 -9999 -9999 -9999 0.0
C0G660 2010102608 -9999 -9999 -9999 0.0
C0G660 2010102609 -9999 -9999 -9999 0.0
C0G660 2010102610 -9999 -9999 -9999 0.0
C0G660 2010102611 -9999 -9999 -9999 0.0
C0G660 2010102612 -9999 -9999 -9999 0.0
C0G660 2010102613 -9999 -9999 -9999 0.0
C0G660 2010102614 -9999 -9999 -9999 0.0
C0G660 2010102615 -9999 -9999 -9999 0.0
C0G660 2010102616 -9999 -9999 -9999 0.0
C0G660 2010102617 -9999 -9999 -9999 0.0
C0G660 2010102618 -9999 -9999 -9999 0.0
C0G660 2010102619 -9999 -9999 -9999 0.0
C0G660 2010102620 -9999 -9999 -9999 0.0
C0G660 2010102621 -9999 -9999 -9999 0.0
C0G660 2010102622 -9999 -9999 -9999 0.0
C0G660 2010102623 -9999 -9999 -9999 0.0
C0G660 2010102624 -9999 -9999 -9999 0.0
C0G660 2010102701 -9999 -9999 -9999 0.0
C0G660 2010102702 -9999 -9999 -9999 0.0
C0G660 2010102703 -9999 -9999 -9999 0.0
C0G660 2010102704 -9999 -9999 -9999 0.0
C0G660 2010102705 -9999 -9999 -9999 0.0
C0G660 2010102706 -9999 -9999 -9999 0.0
C0G660 2010102707 -9999 -9999 -9999 0.0
C0G660 2010102708 -9999 -9999 -9999 0.0
C0G660 2010102709 -9999 -9999 -9999 0.0
C0G660 2010102710 -9999 -9999 -9999 0.0
C0G660 2010102711 -9999 -9999 -9999 0.0
C0G660 2010102712 -9999 -9999 -9999 0.0
C0G660 2010102713 -9999 -9999 -9999 0.0
C0G660 2010102714 -9999 -9999 -9999 0.0
C0G660 2010102715 -9999 -9999 -9999 0.0
C0G660 2010102716 -9999 -9999 -9999 0.0
C0G660 2010102717 -9999 -9999 -9999 0.0
C0G660 2010102718 -9999 -9999 -9999 0.0
C0G660 2010102719 -9999 -9999 -9999 0.0
C0G660 2010102720 -9999 -9999 -9999 0.0
C0G660 2010102721 -9999 -9999 -9999 0.0
C0G660 2010102722 -9999 -9999 -9999 0.0
C0G660 2010102723 -9999 -9999 -9999 0.0
C0G660 2010102724 -9999 -9999 -9999 0.0
C0G660 2010102801 -9999 -9999 -9999 0.0
C0G660 2010102802 -9999 -9999 -9999 0.0
C0G660 2010102803 -9999 -9999 -9999 0.0
C0G660 2010102804 -9999 -9999 -9999 0.0
C0G660 2010102805 -9999 -9999 -9999 0.0
C0G660 2010102806 -9999 -9999 -9999 0.0
C0G660 2010102807 -9999 -9999 -9999 0.0
C0G660 2010102808 -9999 -9999 -9999 0.0
C0G660 2010102809 -9999 -9999 -9999 0.0
C0G660 2010102810 -9999 -9999 -9999 0.0
C0G660 2010102811 -9999 -9999 -9999 0.0
C0G660 2010102812 -9999 -9999 -9999 0.0
C0G660 2010102813 -9999 -9999 -9999 0.0
C0G660 2010102814 -9999 -9999 -9999 0.0
C0G660 2010102815 -9999 -9999 -9999 0.0
C0G660 2010102816 -9999 -9999 -9999 0.0
C0G660 2010102817 -9999 -9999 -9999 0.0
C0G660 2010102818 -9999 -9999 -9999 0.0
C0G660 2010102819 -9999 -9999 -9999 0.0
C0G660 2010102820 -9999 -9999 -9999 0.0
C0G660 2010102821 -9999 -9999 -9999 0.0
C0G660 2010102822 -9999 -9999 -9999 0.0
C0G660 2010102823 -9999 -9999 -9999 0.0
C0G660 2010102824 -9999 -9999 -9999 0.0
C0G660 2010102901 -9999 -9999 -9999 0.0
C0G660 2010102902 -9999 -9999 -9999 0.0
C0G660 2010102903 -9999 -9999 -9999 0.0
C0G660 2010102904 -9999 -9999 -9999 0.0
C0G660 2010102905 -9999 -9999 -9999 0.0
C0G660 2010102906 -9999 -9999 -9999 0.0
C0G660 2010102907 -9999 -9999 -9999 0.0
C0G660 2010102908 -9999 -9999 -9999 0.0
C0G660 2010102909 -9999 -9999 -9999 0.0
C0G660 2010102910 -9999 -9999 -9999 0.0
C0G660 2010102911 -9999 -9999 -9999 0.0
C0G660 2010102912 -9999 -9999 -9999 0.0
C0G660 2010102913 -9999 -9999 -9999 0.0
C0G660 2010102914 -9999 -9999 -9999 0.0
C0G660 2010102915 -9999 -9999 -9999 0.0
C0G660 2010102916 -9999 -9999 -9999 0.0
C0G660 2010102917 -9999 -9999 -9999 0.0
C0G660 2010102918 -9999 -9999 -9999 0.0
C0G660 2010102919 -9999 -9999 -9999 0.0
C0G660 2010102920 -9999 -9999 -9999 0.0
C0G660 2010102921 -9999 -9999 -9999 0.0
C0G660 2010102922 -9999 -9999 -9999 0.0
C0G660 2010102923 -9999 -9999 -9999 0.0
C0G660 2010102924 -9999 -9999 -9999 0.0
C0G660 2010103001 -9999 -9999 -9999 0.0
C0G660 2010103002 -9999 -9999 -9999 0.0
C0G660 2010103003 -9999 -9999 -9999 0.0
C0G660 2010103004 -9999 -9999 -9999 0.0
C0G660 2010103005 -9999 -9999 -9999 0.0
C0G660 2010103006 -9999 -9999 -9999 0.0
C0G660 2010103007 -9999 -9999 -9999 0.0
C0G660 2010103008 -9999 -9999 -9999 0.0
C0G660 2010103009 -9999 -9999 -9999 0.0
C0G660 2010103010 -9999 -9999 -9999 0.0
C0G660 2010103011 -9999 -9999 -9999 0.0
C0G660 2010103012 -9999 -9999 -9999 0.0
C0G660 2010103013 -9999 -9999 -9999 0.0
C0G660 2010103014 -9999 -9999 -9999 0.0
C0G660 2010103015 -9999 -9999 -9999 0.0
C0G660 2010103016 -9999 -9999 -9999 0.0
C0G660 2010103017 -9999 -9999 -9999 0.0
C0G660 2010103018 -9999 -9999 -9999 0.0
C0G660 2010103019 -9999 -9999 -9999 0.0
C0G660 2010103020 -9999 -9999 -9999 0.0
C0G660 2010103021 -9999 -9999 -9999 0.0
C0G660 2010103022 -9999 -9999 -9999 0.0
C0G660 2010103023 -9999 -9999 -9999 0.0
C0G660 2010103024 -9999 -9999 -9999 0.0
C0G660 2010103101 -9999 -9999 -9999 0.0
C0G660 2010103102 -9999 -9999 -9999 0.0
C0G660 2010103103 -9999 -9999 -9999 0.0
C0G660 2010103104 -9999 -9999 -9999 0.0
C0G660 2010103105 -9999 -9999 -9999 0.0
C0G660 2010103106 -9999 -9999 -9999 0.0
C0G660 2010103107 -9999 -9999 -9999 0.0
C0G660 2010103108 -9999 -9999 -9999 0.0
C0G660 2010103109 -9999 -9999 -9999 0.0
C0G660 2010103110 -9999 -9999 -9999 0.0
C0G660 2010103111 -9999 -9999 -9999 0.0
C0G660 2010103112 -9999 -9999 -9999 0.0
C0G660 2010103113 -9999 -9999 -9999 0.0
C0G660 2010103114 -9999 -9999 -9999 0.0
C0G660 2010103115 -9999 -9999 -9999 0.0
C0G660 2010103116 -9999 -9999 -9999 0.0
C0G660 2010103117 -9999 -9999 -9999 0.0
C0G660 2010103118 -9999 -9999 -9999 0.0
C0G660 2010103119 -9999 -9999 -9999 0.0
C0G660 2010103120 -9999 -9999 -9999 0.0
C0G660 2010103121 -9999 -9999 -9999 0.0
C0G660 2010103122 -9999 -9999 -9999 0.0
C0G660 2010103123 -9999 -9999 -9999 0.0
C0G660 2010103124 -9999 -9999 -9999 0.0
