C0G650 2010010101 12.2 -9997 0.0 0.0
C0G650 2010010102 12.5 -9997 0.0 0.0
C0G650 2010010103 12.6 -9997 0.0 0.5
C0G650 2010010104 12.7 -9997 0.0 0.0
C0G650 2010010105 12.6 -9997 0.0 0.0
C0G650 2010010106 13.1 -9997 0.0 0.0
C0G650 2010010107 13.2 -9997 0.6 0.0
C0G650 2010010108 13.6 -9997 0.9 0.0
C0G650 2010010109 14.8 -9997 0.0 0.0
C0G650 2010010110 16.9 -9997 0.0 0.0
C0G650 2010010111 18.6 -9997 0.0 0.0
C0G650 2010010112 20.2 -9997 0.0 0.0
C0G650 2010010113 21.2 -9997 0.8 0.0
C0G650 2010010114 21.8 -9997 0.7 0.0
C0G650 2010010115 21.7 -9997 0.0 0.0
C0G650 2010010116 20.9 -9997 0.0 0.0
C0G650 2010010117 18.6 -9997 0.0 0.0
C0G650 2010010118 17.9 -9997 0.0 0.0
C0G650 2010010119 17.5 -9997 0.0 0.0
C0G650 2010010120 17.3 -9997 0.4 0.0
C0G650 2010010121 16.9 -9997 0.1 0.0
C0G650 2010010122 17.1 -9997 0.1 0.0
C0G650 2010010123 16.7 -9997 -9997 0.0
C0G650 2010010124 15.4 -9997 0.0 0.0
C0G650 2010010201 14.8 -9997 0.0 0.0
C0G650 2010010202 15.1 -9997 0.0 0.0
C0G650 2010010203 15.1 -9997 0.3 0.0
C0G650 2010010204 15.6 -9997 0.0 0.0
C0G650 2010010205 14.6 -9997 0.0 0.0
C0G650 2010010206 14.1 -9997 0.0 0.0
C0G650 2010010207 13.7 -9997 0.0 0.0
C0G650 2010010208 15.9 -9997 0.4 0.0
C0G650 2010010209 17.4 -9997 0.2 0.0
C0G650 2010010210 19.6 -9997 0.0 0.0
C0G650 2010010211 20.5 -9997 0.1 0.0
C0G650 2010010212 21.2 -9997 0.0 0.0
C0G650 2010010213 21.6 -9997 0.6 0.0
C0G650 2010010214 21.6 -9997 0.2 0.0
C0G650 2010010215 21.1 -9997 0.2 0.0
C0G650 2010010216 20.9 -9997 0.0 0.0
C0G650 2010010217 19.3 -9997 0.2 0.0
C0G650 2010010218 18.6 -9997 0.2 0.0
C0G650 2010010219 18.0 -9997 0.6 0.0
C0G650 2010010220 16.9 -9997 1.4 0.0
C0G650 2010010221 16.5 -9997 1.2 1.5
C0G650 2010010222 16.4 -9997 1.6 0.5
C0G650 2010010223 16.2 -9997 1.5 0.5
C0G650 2010010224 16.3 -9997 0.9 0.0
C0G650 2010010301 16.2 -9997 0.6 0.0
C0G650 2010010302 16.1 -9997 -9997 0.0
C0G650 2010010303 15.3 -9997 0.0 1.0
C0G650 2010010304 15.3 -9997 1.1 0.5
C0G650 2010010305 15.7 -9997 0.0 3.0
C0G650 2010010306 15.3 -9997 0.1 2.0
C0G650 2010010307 15.1 -9997 0.0 1.0
C0G650 2010010308 15.9 -9997 1.2 0.0
C0G650 2010010309 15.6 -9997 0.6 0.5
C0G650 2010010310 16.2 -9997 1.6 0.0
C0G650 2010010311 17.6 -9997 0.7 0.0
C0G650 2010010312 19.7 -9997 0.0 0.0
C0G650 2010010313 22.1 -9997 1.6 0.0
C0G650 2010010314 22.0 -9997 0.2 0.0
C0G650 2010010315 20.8 -9997 0.6 0.0
C0G650 2010010316 20.5 -9997 0.1 0.0
C0G650 2010010317 20.7 -9997 0.0 0.0
C0G650 2010010318 18.7 -9997 0.0 0.0
C0G650 2010010319 18.2 -9997 0.0 0.0
C0G650 2010010320 17.9 -9997 0.0 0.0
C0G650 2010010321 17.6 -9997 0.0 0.0
C0G650 2010010322 17.1 -9997 0.0 0.0
C0G650 2010010323 17.2 -9997 0.0 0.0
C0G650 2010010324 17.0 -9997 0.0 0.0
C0G650 2010010401 17.0 -9997 0.0 0.0
C0G650 2010010402 17.0 -9997 0.0 0.0
C0G650 2010010403 16.8 -9997 0.0 0.0
C0G650 2010010404 16.3 -9997 0.0 0.0
C0G650 2010010405 16.3 -9997 0.0 0.0
C0G650 2010010406 16.0 -9997 0.0 0.0
C0G650 2010010407 16.1 -9997 0.0 0.0
C0G650 2010010408 17.0 -9997 0.0 0.0
C0G650 2010010409 18.2 -9997 0.0 0.0
C0G650 2010010410 20.2 -9997 0.0 0.0
C0G650 2010010411 20.8 -9997 0.0 0.0
C0G650 2010010412 21.5 -9997 0.5 0.0
C0G650 2010010413 22.6 -9997 0.2 0.0
C0G650 2010010414 23.0 -9997 0.0 0.0
C0G650 2010010415 21.8 -9997 0.3 0.0
C0G650 2010010416 20.1 -9997 0.0 0.0
C0G650 2010010417 19.0 -9997 0.3 0.0
C0G650 2010010418 18.0 -9997 0.0 0.0
C0G650 2010010419 17.2 -9997 0.0 0.0
C0G650 2010010420 16.4 -9997 0.0 0.0
C0G650 2010010421 16.1 -9997 0.0 0.0
C0G650 2010010422 15.6 -9997 0.0 0.0
C0G650 2010010423 15.6 -9997 0.0 0.0
C0G650 2010010424 14.6 -9997 0.0 0.0
C0G650 2010010501 14.0 -9997 0.0 0.0
C0G650 2010010502 14.6 -9997 0.0 0.0
C0G650 2010010503 14.7 -9997 0.0 0.0
C0G650 2010010504 14.2 -9997 0.0 0.0
C0G650 2010010505 14.2 -9997 0.0 0.0
C0G650 2010010506 13.8 -9997 0.0 0.0
C0G650 2010010507 13.9 -9997 0.0 0.0
C0G650 2010010508 15.3 -9997 1.2 0.0
C0G650 2010010509 16.6 -9997 0.6 0.0
C0G650 2010010510 18.0 -9997 2.0 0.0
C0G650 2010010511 19.4 -9997 0.3 0.0
C0G650 2010010512 20.8 -9997 1.0 0.0
C0G650 2010010513 21.3 -9997 0.3 0.0
C0G650 2010010514 21.4 -9997 0.3 0.0
C0G650 2010010515 21.2 -9997 1.0 0.0
C0G650 2010010516 20.3 -9997 1.4 0.0
C0G650 2010010517 18.7 -9997 0.0 0.0
C0G650 2010010518 17.4 -9997 0.0 0.0
C0G650 2010010519 16.5 -9997 0.3 0.0
C0G650 2010010520 15.6 -9997 0.0 0.0
C0G650 2010010521 15.1 -9997 0.1 0.0
C0G650 2010010522 14.8 -9997 0.4 0.0
C0G650 2010010523 14.2 -9997 0.1 0.0
C0G650 2010010524 14.5 -9997 0.0 0.0
C0G650 2010010601 14.4 -9997 0.2 0.0
C0G650 2010010602 14.7 -9997 0.0 0.0
C0G650 2010010603 14.7 -9997 0.0 0.0
C0G650 2010010604 14.8 -9997 0.0 0.0
C0G650 2010010605 14.6 -9997 0.0 0.0
C0G650 2010010606 14.7 -9997 0.0 0.0
C0G650 2010010607 14.9 -9997 0.1 0.0
C0G650 2010010608 15.0 -9997 0.2 0.0
C0G650 2010010609 15.4 -9997 0.5 0.0
C0G650 2010010610 16.0 -9997 0.8 0.5
C0G650 2010010611 15.3 -9997 1.3 0.0
C0G650 2010010612 15.4 -9997 1.2 0.0
C0G650 2010010613 16.8 -9997 0.4 1.0
C0G650 2010010614 15.8 -9997 0.8 0.5
C0G650 2010010615 16.7 -9997 0.6 0.0
C0G650 2010010616 17.1 -9997 1.6 0.0
C0G650 2010010617 16.6 -9997 1.7 0.0
C0G650 2010010618 15.9 -9997 1.2 0.0
C0G650 2010010619 15.1 -9997 0.5 0.0
C0G650 2010010620 14.1 -9997 0.0 0.0
C0G650 2010010621 14.2 -9997 0.0 0.0
C0G650 2010010622 14.5 -9997 0.8 0.0
C0G650 2010010623 14.3 -9997 0.2 0.0
C0G650 2010010624 14.3 -9997 0.0 0.0
C0G650 2010010701 14.3 -9997 0.1 0.0
C0G650 2010010702 14.5 -9997 0.0 0.0
C0G650 2010010703 14.3 -9997 0.0 0.0
C0G650 2010010704 14.1 -9997 0.0 0.5
C0G650 2010010705 14.2 -9997 0.0 0.0
C0G650 2010010706 14.1 -9997 0.0 0.0
C0G650 2010010707 14.1 -9997 0.0 2.0
C0G650 2010010708 14.2 -9997 0.2 1.5
C0G650 2010010709 14.9 -9997 0.0 0.5
C0G650 2010010710 15.6 -9997 0.5 0.0
C0G650 2010010711 16.0 -9997 0.3 0.0
C0G650 2010010712 17.5 -9997 0.0 0.0
C0G650 2010010713 18.9 -9997 0.5 0.0
C0G650 2010010714 20.0 -9997 0.2 0.0
C0G650 2010010715 19.7 -9997 0.2 0.0
C0G650 2010010716 19.5 -9997 0.3 0.0
C0G650 2010010717 16.8 -9997 0.4 0.0
C0G650 2010010718 16.1 -9997 0.6 0.0
C0G650 2010010719 15.9 -9997 0.0 0.0
C0G650 2010010720 15.8 -9997 0.0 0.0
C0G650 2010010721 15.5 -9997 0.4 0.0
C0G650 2010010722 15.2 -9997 0.0 0.0
C0G650 2010010723 14.9 -9997 0.0 0.0
C0G650 2010010724 15.0 -9997 0.5 0.0
C0G650 2010010801 14.9 -9997 0.0 0.0
C0G650 2010010802 14.2 -9997 0.1 0.0
C0G650 2010010803 13.9 -9997 0.0 1.0
C0G650 2010010804 13.5 -9997 0.0 2.0
C0G650 2010010805 13.5 -9997 0.0 1.0
C0G650 2010010806 13.6 -9997 0.0 3.0
C0G650 2010010807 13.7 -9997 0.0 1.5
C0G650 2010010808 13.8 -9997 0.0 0.0
C0G650 2010010809 14.2 -9997 0.1 0.0
C0G650 2010010810 14.7 -9997 0.1 0.5
C0G650 2010010811 15.0 -9997 0.8 0.0
C0G650 2010010812 15.6 -9997 0.4 0.0
C0G650 2010010813 15.1 -9997 0.9 0.0
C0G650 2010010814 14.9 -9997 1.9 0.0
C0G650 2010010815 15.3 -9997 1.3 0.0
C0G650 2010010816 15.1 -9997 1.4 0.0
C0G650 2010010817 14.6 -9997 1.3 0.0
C0G650 2010010818 14.1 -9997 0.1 0.0
C0G650 2010010819 14.3 -9997 0.2 0.0
C0G650 2010010820 13.4 -9997 0.0 0.0
C0G650 2010010821 12.6 -9997 0.0 0.0
C0G650 2010010822 13.0 -9997 0.0 0.0
C0G650 2010010823 12.9 -9997 0.0 0.0
C0G650 2010010824 12.9 -9997 0.0 0.0
C0G650 2010010901 13.3 -9997 0.0 0.0
C0G650 2010010902 13.6 -9997 0.0 0.0
C0G650 2010010903 13.5 -9997 0.0 0.0
C0G650 2010010904 13.4 -9997 0.0 0.0
C0G650 2010010905 12.7 -9997 0.0 0.0
C0G650 2010010906 13.0 -9997 0.0 0.0
C0G650 2010010907 12.0 -9997 0.1 0.0
C0G650 2010010908 13.6 -9997 0.0 0.0
C0G650 2010010909 15.9 -9997 0.0 0.0
C0G650 2010010910 -9997 -9997 -9997 0.0
C0G650 2010010911 19.5 -9997 0.1 0.0
C0G650 2010010912 21.5 -9997 0.7 0.0
C0G650 2010010913 22.0 -9997 0.0 0.0
C0G650 2010010914 21.7 -9997 0.5 0.0
C0G650 2010010915 20.2 -9997 1.9 0.0
C0G650 2010010916 18.8 -9997 1.2 0.0
C0G650 2010010917 17.2 -9997 0.8 0.0
C0G650 2010010918 17.0 -9997 0.3 0.0
C0G650 2010010919 16.8 -9997 1.0 0.0
C0G650 2010010920 16.6 -9997 0.3 0.0
C0G650 2010010921 16.2 -9997 0.0 0.0
C0G650 2010010922 16.2 -9997 0.0 0.0
C0G650 2010010923 16.5 -9997 0.0 0.0
C0G650 2010010924 16.1 -9997 0.6 0.0
C0G650 2010011001 16.2 -9997 1.0 0.0
C0G650 2010011002 15.8 -9997 0.1 0.0
C0G650 2010011003 15.4 -9997 0.1 0.0
C0G650 2010011004 14.7 -9997 0.0 0.0
C0G650 2010011005 14.5 -9997 0.3 0.0
C0G650 2010011006 14.6 -9997 0.4 0.0
C0G650 2010011007 13.4 -9997 0.0 0.0
C0G650 2010011008 14.2 -9997 0.0 0.0
C0G650 2010011009 18.3 -9997 0.2 0.0
C0G650 2010011010 20.5 -9997 0.0 0.0
C0G650 2010011011 23.8 -9997 0.0 0.0
C0G650 2010011012 27.0 -9997 0.0 0.0
C0G650 2010011013 22.0 -9997 0.5 0.0
C0G650 2010011014 19.9 -9997 3.3 0.0
C0G650 2010011015 21.6 -9997 1.9 0.0
C0G650 2010011016 21.6 -9997 2.5 0.0
C0G650 2010011017 18.5 -9997 0.1 0.0
C0G650 2010011018 17.4 -9997 0.0 0.0
C0G650 2010011019 16.9 -9997 0.0 0.0
C0G650 2010011020 17.1 -9997 0.9 0.0
C0G650 2010011021 16.1 -9997 0.0 0.0
C0G650 2010011022 16.6 -9997 0.8 0.0
C0G650 2010011023 16.9 -9997 0.1 0.0
C0G650 2010011024 16.3 -9997 0.0 0.0
C0G650 2010011101 15.0 -9997 0.0 0.0
C0G650 2010011102 13.9 -9997 0.0 0.0
C0G650 2010011103 14.7 -9997 0.5 0.0
C0G650 2010011104 14.9 -9997 0.6 0.0
C0G650 2010011105 14.7 -9997 0.2 0.0
C0G650 2010011106 14.3 -9997 0.0 0.0
C0G650 2010011107 14.2 -9997 0.0 0.0
C0G650 2010011108 14.8 -9997 0.0 0.0
C0G650 2010011109 17.4 -9997 0.9 0.0
C0G650 2010011110 19.6 -9997 1.3 0.0
C0G650 2010011111 20.6 -9997 0.1 0.0
C0G650 2010011112 22.0 -9997 0.2 0.0
C0G650 2010011113 21.6 -9997 1.3 0.0
C0G650 2010011114 21.2 -9997 0.5 0.0
C0G650 2010011115 21.4 -9997 0.4 0.0
C0G650 2010011116 19.3 -9997 1.5 0.0
C0G650 2010011117 18.1 -9997 1.7 0.0
C0G650 2010011118 17.2 -9997 0.9 0.0
C0G650 2010011119 16.9 -9997 1.5 0.0
C0G650 2010011120 16.7 -9997 0.6 0.0
C0G650 2010011121 16.3 -9997 0.3 0.0
C0G650 2010011122 15.8 -9997 0.6 0.0
C0G650 2010011123 15.9 -9997 0.4 0.0
C0G650 2010011124 15.4 -9997 0.1 0.0
C0G650 2010011201 14.6 -9997 1.3 0.0
C0G650 2010011202 14.0 -9997 0.4 0.5
C0G650 2010011203 13.4 -9997 1.4 0.0
C0G650 2010011204 13.0 -9997 0.4 0.0
C0G650 2010011205 12.5 -9997 2.1 0.0
C0G650 2010011206 12.1 -9997 1.9 0.0
C0G650 2010011207 11.9 -9997 1.7 0.0
C0G650 2010011208 12.3 -9997 1.6 0.0
C0G650 2010011209 12.3 -9997 3.1 0.0
C0G650 2010011210 11.8 -9997 2.4 0.0
C0G650 2010011211 12.7 -9997 2.6 0.0
C0G650 2010011212 13.7 -9997 2.5 0.0
C0G650 2010011213 13.2 -9997 3.9 0.0
C0G650 2010011214 13.5 -9997 2.9 0.0
C0G650 2010011215 13.0 -9997 3.2 0.0
C0G650 2010011216 11.4 -9997 4.5 0.0
C0G650 2010011217 11.0 -9997 1.5 0.0
C0G650 2010011218 10.4 -9997 0.4 0.0
C0G650 2010011219 10.0 -9997 0.6 0.0
C0G650 2010011220 9.3 -9997 0.0 0.0
C0G650 2010011221 9.2 -9997 0.1 0.0
C0G650 2010011222 8.6 -9997 0.0 0.0
C0G650 2010011223 8.6 -9997 0.0 0.0
C0G650 2010011224 7.6 -9997 0.0 0.0
C0G650 2010011301 6.9 -9997 0.0 0.0
C0G650 2010011302 6.8 -9997 0.0 0.0
C0G650 2010011303 -9997 -9997 0.0 0.0
C0G650 2010011304 6.6 -9997 0.0 0.0
C0G650 2010011305 5.8 -9997 0.0 0.0
C0G650 2010011306 5.9 -9997 0.0 0.0
C0G650 2010011307 5.7 -9997 0.0 0.0
C0G650 2010011308 8.0 -9997 0.0 0.0
C0G650 2010011309 12.0 -9997 0.0 0.0
C0G650 2010011310 -9997 -9997 -9997 0.0
C0G650 2010011311 -9997 -9997 1.4 0.0
C0G650 2010011312 18.2 -9997 1.7 0.0
C0G650 2010011313 19.0 -9997 1.3 0.0
C0G650 2010011314 18.7 -9997 2.7 0.0
C0G650 2010011315 18.1 -9997 2.9 0.0
C0G650 2010011316 17.4 -9997 2.4 0.0
C0G650 2010011317 15.8 -9997 1.6 0.0
C0G650 2010011318 13.9 -9997 0.7 0.0
C0G650 2010011319 13.0 -9997 0.3 0.0
C0G650 2010011320 12.1 -9997 0.1 0.0
C0G650 2010011321 11.3 -9997 0.0 0.0
C0G650 2010011322 9.3 -9997 0.0 0.0
C0G650 2010011323 -9997 -9997 -9997 0.0
C0G650 2010011324 7.5 -9997 0.0 0.0
C0G650 2010011401 7.1 -9997 0.0 0.0
C0G650 2010011402 6.7 -9997 0.0 0.0
C0G650 2010011403 6.5 -9997 0.0 0.0
C0G650 2010011404 6.4 -9997 0.0 0.0
C0G650 2010011405 -9997 -9997 -9997 0.0
C0G650 2010011406 6.1 -9997 0.0 0.0
C0G650 2010011407 6.2 -9997 0.0 0.0
C0G650 2010011408 -9997 -9997 -9997 0.0
C0G650 2010011409 12.9 -9997 -9997 0.0
C0G650 2010011410 14.9 -9997 -9997 0.0
C0G650 2010011411 17.3 -9997 0.1 0.0
C0G650 2010011412 20.0 -9997 0.5 0.0
C0G650 2010011413 19.8 -9997 0.2 0.0
C0G650 2010011414 19.6 -9997 0.1 0.0
C0G650 2010011415 19.7 -9997 0.4 0.0
C0G650 2010011416 18.8 -9997 0.0 0.0
C0G650 2010011417 17.1 -9997 0.8 0.0
C0G650 2010011418 15.7 -9997 0.0 0.0
C0G650 2010011419 13.0 -9997 0.0 0.0
C0G650 2010011420 11.9 -9997 0.0 0.0
C0G650 2010011421 11.3 -9997 0.0 0.0
C0G650 2010011422 10.4 -9997 0.0 0.0
C0G650 2010011423 10.0 -9997 0.0 0.0
C0G650 2010011424 9.2 -9997 0.0 0.0
C0G650 2010011501 8.7 -9997 0.0 0.0
C0G650 2010011502 8.1 -9997 0.0 0.0
C0G650 2010011503 7.8 -9997 0.0 0.0
C0G650 2010011504 7.7 -9997 0.0 0.0
C0G650 2010011505 7.4 -9997 0.0 0.0
C0G650 2010011506 7.1 -9997 0.0 0.0
C0G650 2010011507 7.0 -9997 0.0 0.0
C0G650 2010011508 -9997 -9997 0.0 0.0
C0G650 2010011509 15.0 -9997 0.0 0.0
C0G650 2010011510 17.2 -9997 0.0 0.0
C0G650 2010011511 19.4 -9997 0.5 0.0
C0G650 2010011512 21.1 -9997 0.1 0.0
C0G650 2010011513 20.9 -9997 0.6 0.0
C0G650 2010011514 21.3 -9997 0.3 0.0
C0G650 2010011515 20.4 -9997 0.1 0.0
C0G650 2010011516 18.2 -9997 0.3 0.0
C0G650 2010011517 16.5 -9997 0.0 0.0
C0G650 2010011518 15.6 -9997 0.0 0.0
C0G650 2010011519 13.7 -9997 0.0 0.0
C0G650 2010011520 12.8 -9997 0.0 0.0
C0G650 2010011521 11.9 -9997 0.0 0.0
C0G650 2010011522 11.6 -9997 0.0 0.0
C0G650 2010011523 11.1 -9997 0.0 0.0
C0G650 2010011524 10.9 -9997 0.0 0.0
C0G650 2010011601 10.6 -9997 0.0 0.0
C0G650 2010011602 10.3 -9997 0.0 0.0
C0G650 2010011603 9.8 -9997 0.0 0.0
C0G650 2010011604 9.4 -9997 0.0 0.0
C0G650 2010011605 8.9 -9997 0.0 0.0
C0G650 2010011606 8.8 -9997 0.0 0.0
C0G650 2010011607 8.4 -9997 0.0 0.0
C0G650 2010011608 10.8 -9997 0.0 0.0
C0G650 2010011609 15.8 -9997 0.0 0.0
C0G650 2010011610 17.8 -9997 0.5 0.0
C0G650 2010011611 19.8 -9997 0.1 0.0
C0G650 2010011612 21.3 -9997 0.0 0.0
C0G650 2010011613 23.5 -9997 0.1 0.0
C0G650 2010011614 23.4 -9997 0.4 0.0
C0G650 2010011615 21.5 -9997 0.7 0.0
C0G650 2010011616 20.7 -9997 0.3 0.0
C0G650 2010011617 19.2 -9997 0.7 0.0
C0G650 2010011618 17.7 -9997 0.0 0.0
C0G650 2010011619 16.3 -9997 0.0 0.0
C0G650 2010011620 15.0 -9997 0.0 0.0
C0G650 2010011621 13.9 -9997 0.0 0.0
C0G650 2010011622 13.3 -9997 0.0 0.0
C0G650 2010011623 12.7 -9997 0.0 0.0
C0G650 2010011624 12.1 -9997 0.0 0.0
C0G650 2010011701 11.6 -9997 0.0 0.0
C0G650 2010011702 11.0 -9997 0.0 0.0
C0G650 2010011703 10.8 -9997 0.0 0.0
C0G650 2010011704 10.4 -9997 0.0 0.0
C0G650 2010011705 10.3 -9997 0.0 0.0
C0G650 2010011706 9.9 -9997 0.0 0.0
C0G650 2010011707 9.9 -9997 0.0 0.0
C0G650 2010011708 11.8 -9997 0.0 0.0
C0G650 2010011709 15.7 -9997 0.0 0.0
C0G650 2010011710 -9997 -9997 -9997 0.0
C0G650 2010011711 20.1 -9997 0.0 0.0
C0G650 2010011712 23.3 -9997 0.3 0.0
C0G650 2010011713 22.7 -9997 0.1 0.0
C0G650 2010011714 24.4 -9997 0.5 0.0
C0G650 2010011715 24.1 -9997 0.2 0.0
C0G650 2010011716 22.3 -9997 0.2 0.0
C0G650 2010011717 20.8 -9997 0.4 0.0
C0G650 2010011718 18.6 -9997 0.0 0.0
C0G650 2010011719 16.8 -9997 0.0 0.0
C0G650 2010011720 15.7 -9997 0.0 0.0
C0G650 2010011721 14.8 -9997 0.0 0.0
C0G650 2010011722 14.3 -9997 0.0 0.0
C0G650 2010011723 13.8 -9997 0.0 0.0
C0G650 2010011724 13.5 -9997 0.0 0.0
C0G650 2010011801 13.0 -9997 0.0 0.0
C0G650 2010011802 12.6 -9997 0.0 0.0
C0G650 2010011803 12.2 -9997 0.0 0.0
C0G650 2010011804 11.6 -9997 0.0 0.0
C0G650 2010011805 11.5 -9997 0.0 0.0
C0G650 2010011806 11.1 -9997 0.0 0.0
C0G650 2010011807 11.1 -9997 0.0 0.0
C0G650 2010011808 13.1 -9997 0.0 0.0
C0G650 2010011809 17.8 -9997 0.0 0.0
C0G650 2010011810 19.4 -9997 0.1 0.0
C0G650 2010011811 21.3 -9997 0.4 0.0
C0G650 2010011812 22.4 -9997 0.6 0.0
C0G650 2010011813 22.2 -9997 0.7 0.0
C0G650 2010011814 22.4 -9997 1.0 0.0
C0G650 2010011815 21.9 -9997 0.5 0.0
C0G650 2010011816 20.5 -9997 0.5 0.0
C0G650 2010011817 19.1 -9997 0.1 0.0
C0G650 2010011818 17.9 -9997 0.5 0.0
C0G650 2010011819 16.9 -9997 0.0 0.0
C0G650 2010011820 15.8 -9997 0.0 0.0
C0G650 2010011821 14.9 -9997 0.0 0.0
C0G650 2010011822 14.6 -9997 -9997 0.0
C0G650 2010011823 15.5 -9997 0.0 0.0
C0G650 2010011824 16.1 -9997 0.0 0.0
C0G650 2010011901 15.9 -9997 0.1 0.0
C0G650 2010011902 15.8 -9997 0.0 0.0
C0G650 2010011903 15.7 -9997 0.0 0.0
C0G650 2010011904 15.6 -9997 0.0 0.0
C0G650 2010011905 15.4 -9997 0.1 0.0
C0G650 2010011906 14.9 -9997 0.9 0.0
C0G650 2010011907 15.0 -9997 0.1 0.0
C0G650 2010011908 16.3 -9997 0.4 0.0
C0G650 2010011909 18.2 -9997 1.1 0.0
C0G650 2010011910 20.3 -9997 0.4 0.0
C0G650 2010011911 23.3 -9997 -9997 0.0
C0G650 2010011912 24.7 -9997 0.3 0.0
C0G650 2010011913 24.9 -9997 0.2 0.0
C0G650 2010011914 25.2 -9997 0.7 0.0
C0G650 2010011915 25.9 -9997 0.5 0.0
C0G650 2010011916 25.9 -9997 0.4 0.0
C0G650 2010011917 23.7 -9997 0.0 0.0
C0G650 2010011918 21.4 -9997 -9997 0.0
C0G650 2010011919 19.4 -9997 -9997 0.0
C0G650 2010011920 17.7 -9997 0.0 0.0
C0G650 2010011921 16.9 -9997 0.0 0.0
C0G650 2010011922 16.2 -9997 0.0 0.0
C0G650 2010011923 15.7 -9997 0.0 0.0
C0G650 2010011924 15.5 -9997 0.0 0.0
C0G650 2010012001 15.6 -9997 0.0 0.0
C0G650 2010012002 15.0 -9997 0.0 0.0
C0G650 2010012003 14.7 -9997 0.0 0.0
C0G650 2010012004 14.5 -9997 0.0 0.0
C0G650 2010012005 14.3 -9997 0.0 0.0
C0G650 2010012006 13.8 -9997 0.0 0.0
C0G650 2010012007 13.8 -9997 0.0 0.0
C0G650 2010012008 16.1 -9997 0.0 0.0
C0G650 2010012009 -9997 -9997 -9997 0.0
C0G650 2010012010 -9997 -9997 -9997 0.0
C0G650 2010012011 25.9 -9997 0.2 0.0
C0G650 2010012012 27.2 -9997 0.0 0.0
C0G650 2010012013 27.9 -9997 0.1 0.0
C0G650 2010012014 27.3 -9997 0.3 0.0
C0G650 2010012015 26.5 -9997 0.4 0.0
C0G650 2010012016 26.6 -9997 0.0 0.0
C0G650 2010012017 23.9 -9997 0.1 0.0
C0G650 2010012018 22.4 -9997 0.1 0.0
C0G650 2010012019 21.9 -9997 0.0 0.0
C0G650 2010012020 21.7 -9997 0.0 0.0
C0G650 2010012021 20.8 -9997 0.0 0.0
C0G650 2010012022 -9997 -9997 0.0 0.0
C0G650 2010012023 19.5 -9997 0.0 0.0
C0G650 2010012024 19.7 -9997 0.0 0.0
C0G650 2010012101 19.3 -9997 0.0 0.0
C0G650 2010012102 18.9 -9997 0.0 0.0
C0G650 2010012103 18.6 -9997 0.0 0.0
C0G650 2010012104 18.8 -9997 0.0 0.0
C0G650 2010012105 18.7 -9997 0.0 0.0
C0G650 2010012106 19.4 -9997 0.0 0.0
C0G650 2010012107 19.2 -9997 0.0 0.0
C0G650 2010012108 20.5 -9997 0.0 0.0
C0G650 2010012109 22.2 -9997 0.0 0.0
C0G650 2010012110 25.1 -9997 0.0 0.0
C0G650 2010012111 27.4 -9997 0.3 0.0
C0G650 2010012112 25.7 -9997 1.1 0.0
C0G650 2010012113 26.9 -9997 1.2 0.0
C0G650 2010012114 27.6 -9997 1.1 0.0
C0G650 2010012115 24.6 -9997 1.3 0.0
C0G650 2010012116 24.0 -9997 0.6 0.0
C0G650 2010012117 23.1 -9997 1.3 0.0
C0G650 2010012118 22.3 -9997 0.7 0.0
C0G650 2010012119 20.7 -9997 0.2 0.0
C0G650 2010012120 19.6 -9997 0.0 0.0
C0G650 2010012121 19.4 -9997 0.4 0.0
C0G650 2010012122 19.2 -9997 0.9 0.0
C0G650 2010012123 18.6 -9997 1.1 0.0
C0G650 2010012124 17.8 -9997 0.5 0.0
C0G650 2010012201 17.7 -9997 1.2 0.0
C0G650 2010012202 17.3 -9997 0.2 0.0
C0G650 2010012203 17.6 -9997 0.9 0.0
C0G650 2010012204 17.2 -9997 0.0 0.0
C0G650 2010012205 17.2 -9997 0.5 0.0
C0G650 2010012206 16.9 -9997 0.5 0.0
C0G650 2010012207 17.0 -9997 0.1 0.0
C0G650 2010012208 17.4 -9997 0.7 0.0
C0G650 2010012209 18.0 -9997 0.6 0.0
C0G650 2010012210 18.8 -9997 0.2 0.0
C0G650 2010012211 20.2 -9997 0.7 0.0
C0G650 2010012212 19.9 -9997 1.2 0.0
C0G650 2010012213 18.6 -9997 2.4 0.0
C0G650 2010012214 19.8 -9997 1.3 0.0
C0G650 2010012215 19.1 -9997 1.3 0.0
C0G650 2010012216 18.2 -9997 1.6 0.0
C0G650 2010012217 17.5 -9997 1.2 0.0
C0G650 2010012218 16.9 -9997 0.2 0.0
C0G650 2010012219 16.3 -9997 1.6 0.0
C0G650 2010012220 16.5 -9997 -9997 0.0
C0G650 2010012221 16.2 -9997 0.3 0.0
C0G650 2010012222 16.1 -9997 0.6 0.0
C0G650 2010012223 16.1 -9997 0.0 0.0
C0G650 2010012224 15.8 -9997 0.1 0.0
C0G650 2010012301 15.5 -9997 0.5 0.0
C0G650 2010012302 15.5 -9997 0.4 0.0
C0G650 2010012303 15.5 -9997 0.0 0.0
C0G650 2010012304 15.3 -9997 0.5 0.0
C0G650 2010012305 15.1 -9997 1.0 0.0
C0G650 2010012306 15.1 -9997 0.2 0.0
C0G650 2010012307 15.1 -9997 0.6 0.0
C0G650 2010012308 15.4 -9997 0.3 0.0
C0G650 2010012309 16.2 -9997 0.5 0.0
C0G650 2010012310 17.1 -9997 0.1 0.0
C0G650 2010012311 18.2 -9997 0.3 0.0
C0G650 2010012312 18.2 -9997 0.4 0.0
C0G650 2010012313 18.3 -9997 0.6 0.0
C0G650 2010012314 18.1 -9997 1.6 0.0
C0G650 2010012315 18.3 -9997 0.4 0.0
C0G650 2010012316 18.1 -9997 0.4 0.0
C0G650 2010012317 17.6 -9997 0.3 0.0
C0G650 2010012318 17.0 -9997 0.4 0.0
C0G650 2010012319 16.8 -9997 0.1 0.0
C0G650 2010012320 16.7 -9997 0.5 0.0
C0G650 2010012321 16.7 -9997 0.2 0.0
C0G650 2010012322 16.3 -9997 0.0 0.0
C0G650 2010012323 16.4 -9997 0.0 0.0
C0G650 2010012324 16.4 -9997 0.0 0.0
C0G650 2010012401 16.2 -9997 0.0 0.0
C0G650 2010012402 16.3 -9997 0.0 0.0
C0G650 2010012403 16.2 -9997 0.0 0.0
C0G650 2010012404 16.1 -9997 0.0 0.0
C0G650 2010012405 16.0 -9997 0.0 0.0
C0G650 2010012406 16.0 -9997 -9997 0.0
C0G650 2010012407 16.3 -9997 0.1 0.0
C0G650 2010012408 16.7 -9997 0.5 0.0
C0G650 2010012409 18.1 -9997 0.7 0.0
C0G650 2010012410 19.3 -9997 0.5 0.0
C0G650 2010012411 21.4 -9997 0.6 0.0
C0G650 2010012412 23.4 -9997 0.6 0.0
C0G650 2010012413 23.1 -9997 0.4 0.0
C0G650 2010012414 23.7 -9997 0.5 0.0
C0G650 2010012415 23.1 -9997 0.3 0.0
C0G650 2010012416 21.8 -9997 0.2 0.0
C0G650 2010012417 20.5 -9997 0.2 0.0
C0G650 2010012418 18.7 -9997 0.8 0.0
C0G650 2010012419 18.1 -9997 0.6 0.0
C0G650 2010012420 18.3 -9997 0.0 0.0
C0G650 2010012421 18.0 -9997 0.0 0.0
C0G650 2010012422 17.7 -9997 0.0 0.0
C0G650 2010012423 17.5 -9997 0.0 0.0
C0G650 2010012424 17.5 -9997 0.0 0.0
C0G650 2010012501 17.3 -9997 0.0 0.0
C0G650 2010012502 17.2 -9997 0.0 0.0
C0G650 2010012503 16.9 -9997 0.0 0.0
C0G650 2010012504 17.2 -9997 0.0 0.0
C0G650 2010012505 16.9 -9997 0.0 0.0
C0G650 2010012506 16.8 -9997 0.0 0.0
C0G650 2010012507 16.9 -9997 0.0 0.0
C0G650 2010012508 17.4 -9997 0.1 0.0
C0G650 2010012509 18.9 -9997 0.9 0.0
C0G650 2010012510 20.4 -9997 0.5 0.0
C0G650 2010012511 19.9 -9997 -9997 0.0
C0G650 2010012512 19.2 -9997 0.1 2.0
C0G650 2010012513 19.4 -9997 0.2 2.0
C0G650 2010012514 19.9 -9997 0.6 0.0
C0G650 2010012515 20.9 -9997 1.1 0.0
C0G650 2010012516 20.5 -9997 0.2 0.0
C0G650 2010012517 18.3 -9997 0.7 0.0
C0G650 2010012518 -9997 -9997 -9997 0.0
C0G650 2010012519 16.2 -9997 1.9 0.0
C0G650 2010012520 15.5 -9997 2.0 0.0
C0G650 2010012521 14.9 -9997 3.0 0.0
C0G650 2010012522 14.6 -9997 1.6 0.0
C0G650 2010012523 14.8 -9997 0.3 0.0
C0G650 2010012524 14.7 -9997 0.4 0.0
C0G650 2010012601 14.5 -9997 0.2 0.0
C0G650 2010012602 14.5 -9997 0.6 0.0
C0G650 2010012603 14.5 -9997 0.3 0.0
C0G650 2010012604 14.5 -9997 0.1 0.0
C0G650 2010012605 14.5 -9997 0.7 0.0
C0G650 2010012606 14.5 -9997 0.1 0.0
C0G650 2010012607 14.6 -9997 0.0 0.0
C0G650 2010012608 15.0 -9997 0.1 0.0
C0G650 2010012609 15.9 -9997 0.4 0.0
C0G650 2010012610 17.2 -9997 0.4 0.0
C0G650 2010012611 18.5 -9997 0.0 0.0
C0G650 2010012612 20.1 -9997 0.0 0.0
C0G650 2010012613 21.1 -9997 0.1 0.0
C0G650 2010012614 21.4 -9997 0.0 0.0
C0G650 2010012615 20.0 -9997 0.2 0.0
C0G650 2010012616 20.1 -9997 0.0 0.0
C0G650 2010012617 19.4 -9997 0.0 0.0
C0G650 2010012618 18.9 -9997 0.0 0.0
C0G650 2010012619 17.7 -9997 0.0 0.0
C0G650 2010012620 16.8 -9997 0.0 0.0
C0G650 2010012621 16.9 -9997 0.2 0.0
C0G650 2010012622 15.5 -9997 0.0 0.0
C0G650 2010012623 15.1 -9997 0.0 0.0
C0G650 2010012624 15.2 -9997 0.0 0.0
C0G650 2010012701 14.9 -9997 0.2 0.0
C0G650 2010012702 15.5 -9997 0.0 0.0
C0G650 2010012703 15.9 -9997 0.0 0.0
C0G650 2010012704 16.1 -9997 0.0 0.0
C0G650 2010012705 16.1 -9997 0.0 0.0
C0G650 2010012706 16.1 -9997 0.0 0.0
C0G650 2010012707 15.1 -9997 0.0 0.0
C0G650 2010012708 16.5 -9997 0.0 0.0
C0G650 2010012709 18.2 -9997 0.2 0.0
C0G650 2010012710 20.1 -9997 0.1 0.0
C0G650 2010012711 20.4 -9997 0.7 0.0
C0G650 2010012712 22.3 -9997 0.1 0.0
C0G650 2010012713 24.4 -9997 0.8 0.0
C0G650 2010012714 24.2 -9997 0.4 0.0
C0G650 2010012715 25.7 -9997 0.3 0.0
C0G650 2010012716 24.8 -9997 0.2 0.0
C0G650 2010012717 23.1 -9997 0.0 0.0
C0G650 2010012718 21.7 -9997 0.0 0.0
C0G650 2010012719 20.4 -9997 0.0 0.0
C0G650 2010012720 19.1 -9997 0.1 0.0
C0G650 2010012721 18.2 -9997 0.0 0.0
C0G650 2010012722 17.8 -9997 0.0 0.0
C0G650 2010012723 17.2 -9997 -9997 0.0
C0G650 2010012724 17.4 -9997 -9997 0.0
C0G650 2010012801 17.3 -9997 0.0 0.0
C0G650 2010012802 17.4 -9997 0.0 0.0
C0G650 2010012803 17.1 -9997 0.0 0.0
C0G650 2010012804 16.4 -9997 0.0 0.0
C0G650 2010012805 16.2 -9997 0.0 0.0
C0G650 2010012806 16.3 -9997 0.0 0.0
C0G650 2010012807 16.7 -9997 0.0 0.0
C0G650 2010012808 18.5 -9997 0.0 0.0
C0G650 2010012809 21.1 -9997 0.0 0.0
C0G650 2010012810 24.8 -9997 0.0 0.0
C0G650 2010012811 28.2 -9997 0.0 0.0
C0G650 2010012812 -9997 -9997 1.5 0.0
C0G650 2010012813 24.9 -9997 1.7 0.0
C0G650 2010012814 26.0 -9997 0.4 0.0
C0G650 2010012815 25.3 -9997 1.3 0.0
C0G650 2010012816 24.6 -9997 1.0 0.0
C0G650 2010012817 23.3 -9997 0.5 0.0
C0G650 2010012818 21.5 -9997 0.7 0.0
C0G650 2010012819 21.4 -9997 0.1 0.0
C0G650 2010012820 20.9 -9997 0.1 0.0
C0G650 2010012821 19.6 -9997 0.0 0.0
C0G650 2010012822 18.8 -9997 0.0 0.0
C0G650 2010012823 18.4 -9997 0.0 0.0
C0G650 2010012824 18.0 -9997 0.0 0.0
C0G650 2010012901 17.4 -9997 0.0 0.0
C0G650 2010012902 18.0 -9997 0.8 0.0
C0G650 2010012903 18.1 -9997 0.3 0.0
C0G650 2010012904 18.3 -9997 0.3 0.0
C0G650 2010012905 18.3 -9997 1.1 0.0
C0G650 2010012906 18.3 -9997 0.4 0.0
C0G650 2010012907 18.4 -9997 0.0 0.0
C0G650 2010012908 19.2 -9997 0.1 0.0
C0G650 2010012909 19.9 -9997 0.3 0.0
C0G650 2010012910 -9997 -9997 1.1 0.0
C0G650 2010012911 23.4 -9997 1.0 0.0
C0G650 2010012912 25.7 -9997 0.3 0.0
C0G650 2010012913 26.0 -9997 0.2 0.0
C0G650 2010012914 28.4 -9997 1.2 0.0
C0G650 2010012915 25.5 -9997 0.7 0.0
C0G650 2010012916 25.2 -9997 0.2 0.0
C0G650 2010012917 21.9 -9997 0.2 0.0
C0G650 2010012918 20.5 -9997 1.6 0.0
C0G650 2010012919 19.2 -9997 0.0 0.0
C0G650 2010012920 -9997 -9997 0.0 0.0
C0G650 2010012921 18.0 -9997 0.0 0.0
C0G650 2010012922 17.4 -9997 0.0 0.0
C0G650 2010012923 17.6 -9997 0.0 0.0
C0G650 2010012924 17.0 -9997 0.0 0.0
C0G650 2010013001 16.4 -9997 0.0 0.0
C0G650 2010013002 16.0 -9997 0.0 0.0
C0G650 2010013003 15.6 -9997 0.0 0.0
C0G650 2010013004 15.4 -9997 0.0 0.0
C0G650 2010013005 16.2 -9997 0.0 0.0
C0G650 2010013006 16.7 -9997 0.0 0.0
C0G650 2010013007 17.1 -9997 0.0 0.0
C0G650 2010013008 17.9 -9997 0.0 0.0
C0G650 2010013009 18.4 -9997 0.2 0.0
C0G650 2010013010 19.9 -9997 0.2 0.0
C0G650 2010013011 21.4 -9997 0.1 0.0
C0G650 2010013012 22.1 -9997 1.0 0.0
C0G650 2010013013 22.9 -9997 1.4 0.0
C0G650 2010013014 23.9 -9997 0.3 0.0
C0G650 2010013015 24.2 -9997 0.1 0.0
C0G650 2010013016 22.2 -9997 0.2 0.0
C0G650 2010013017 22.0 -9997 0.2 0.0
C0G650 2010013018 18.8 -9997 0.0 0.0
C0G650 2010013019 18.2 -9997 0.0 0.0
C0G650 2010013020 17.7 -9997 0.0 0.0
C0G650 2010013021 17.3 -9997 0.0 0.0
C0G650 2010013022 16.5 -9997 0.0 0.0
C0G650 2010013023 16.4 -9997 0.0 0.0
C0G650 2010013024 16.7 -9997 0.0 0.0
C0G650 2010013101 17.2 -9997 0.0 0.0
C0G650 2010013102 16.7 -9997 0.0 0.0
C0G650 2010013103 16.0 -9997 0.0 0.0
C0G650 2010013104 15.7 -9997 0.0 0.0
C0G650 2010013105 15.9 -9997 0.0 0.0
C0G650 2010013106 15.1 -9997 0.0 0.0
C0G650 2010013107 14.7 -9997 0.0 0.0
C0G650 2010013108 17.5 -9997 0.0 0.0
C0G650 2010013109 20.8 -9997 0.1 0.0
C0G650 2010013110 24.4 -9997 1.5 0.0
C0G650 2010013111 26.5 -9997 1.5 0.0
C0G650 2010013112 26.5 -9997 1.6 0.0
C0G650 2010013113 26.6 -9997 0.8 0.0
C0G650 2010013114 26.1 -9997 0.5 0.0
C0G650 2010013115 26.7 -9997 0.1 0.0
C0G650 2010013116 26.4 -9997 0.2 0.0
C0G650 2010013117 24.4 -9997 0.0 0.0
C0G650 2010013118 22.7 -9997 0.0 0.0
C0G650 2010013119 22.1 -9997 0.0 0.0
C0G650 2010013120 21.3 -9997 0.0 0.0
C0G650 2010013121 20.5 -9997 0.0 0.0
C0G650 2010013122 20.6 -9997 0.0 0.0
C0G650 2010013123 19.7 -9997 0.0 0.0
C0G650 2010013124 18.6 -9997 0.0 0.0
C0G660 2010010101 -9999 -9999 -9999 0.0
C0G660 2010010102 -9999 -9999 -9999 0.0
C0G660 2010010103 -9999 -9999 -9999 0.0
C0G660 2010010104 -9999 -9999 -9999 0.0
C0G660 2010010105 -9999 -9999 -9999 0.0
C0G660 2010010106 -9999 -9999 -9999 0.0
C0G660 2010010107 -9999 -9999 -9999 0.0
C0G660 2010010108 -9999 -9999 -9999 0.0
C0G660 2010010109 -9999 -9999 -9999 0.0
C0G660 2010010110 -9999 -9999 -9999 0.0
C0G660 2010010111 -9999 -9999 -9999 0.0
C0G660 2010010112 -9999 -9999 -9999 0.0
C0G660 2010010113 -9999 -9999 -9999 0.0
C0G660 2010010114 -9999 -9999 -9999 0.0
C0G660 2010010115 -9999 -9999 -9999 0.0
C0G660 2010010116 -9999 -9999 -9999 0.0
C0G660 2010010117 -9999 -9999 -9999 0.0
C0G660 2010010118 -9999 -9999 -9999 0.0
C0G660 2010010119 -9999 -9999 -9999 0.0
C0G660 2010010120 -9999 -9999 -9999 0.0
C0G660 2010010121 -9999 -9999 -9999 0.0
C0G660 2010010122 -9999 -9999 -9999 0.0
C0G660 2010010123 -9999 -9999 -9999 0.0
C0G660 2010010124 -9999 -9999 -9999 0.0
C0G660 2010010201 -9999 -9999 -9999 0.0
C0G660 2010010202 -9999 -9999 -9999 0.0
C0G660 2010010203 -9999 -9999 -9999 0.0
C0G660 2010010204 -9999 -9999 -9999 0.0
C0G660 2010010205 -9999 -9999 -9999 0.0
C0G660 2010010206 -9999 -9999 -9999 0.0
C0G660 2010010207 -9999 -9999 -9999 0.0
C0G660 2010010208 -9999 -9999 -9999 0.0
C0G660 2010010209 -9999 -9999 -9999 0.0
C0G660 2010010210 -9999 -9999 -9999 0.0
C0G660 2010010211 -9999 -9999 -9999 0.0
C0G660 2010010212 -9999 -9999 -9999 0.0
C0G660 2010010213 -9999 -9999 -9999 0.0
C0G660 2010010214 -9999 -9999 -9999 0.0
C0G660 2010010215 -9999 -9999 -9999 0.0
C0G660 2010010216 -9999 -9999 -9999 0.0
C0G660 2010010217 -9999 -9999 -9999 0.0
C0G660 2010010218 -9999 -9999 -9999 0.0
C0G660 2010010219 -9999 -9999 -9999 0.0
C0G660 2010010220 -9999 -9999 -9999 0.0
C0G660 2010010221 -9999 -9999 -9999 0.5
C0G660 2010010222 -9999 -9999 -9999 0.0
C0G660 2010010223 -9999 -9999 -9999 0.0
C0G660 2010010224 -9999 -9999 -9999 0.0
C0G660 2010010301 -9999 -9999 -9999 0.0
C0G660 2010010302 -9999 -9999 -9999 0.0
C0G660 2010010303 -9999 -9999 -9999 0.0
C0G660 2010010304 -9999 -9999 -9999 1.5
C0G660 2010010305 -9999 -9999 -9999 2.5
C0G660 2010010306 -9999 -9999 -9999 1.0
C0G660 2010010307 -9999 -9999 -9999 1.0
C0G660 2010010308 -9999 -9999 -9999 0.0
C0G660 2010010309 -9999 -9999 -9999 0.0
C0G660 2010010310 -9999 -9999 -9999 0.0
C0G660 2010010311 -9999 -9999 -9999 0.0
C0G660 2010010312 -9999 -9999 -9999 0.0
C0G660 2010010313 -9999 -9999 -9999 0.0
C0G660 2010010314 -9999 -9999 -9999 0.0
C0G660 2010010315 -9999 -9999 -9999 0.0
C0G660 2010010316 -9999 -9999 -9999 0.0
C0G660 2010010317 -9999 -9999 -9999 0.0
C0G660 2010010318 -9999 -9999 -9999 0.0
C0G660 2010010319 -9999 -9999 -9999 0.0
C0G660 2010010320 -9999 -9999 -9999 0.0
C0G660 2010010321 -9999 -9999 -9999 0.0
C0G660 2010010322 -9999 -9999 -9999 0.0
C0G660 2010010323 -9999 -9999 -9999 0.0
C0G660 2010010324 -9999 -9999 -9999 0.0
C0G660 2010010401 -9999 -9999 -9999 0.0
C0G660 2010010402 -9999 -9999 -9999 0.0
C0G660 2010010403 -9999 -9999 -9999 0.0
C0G660 2010010404 -9999 -9999 -9999 0.0
C0G660 2010010405 -9999 -9999 -9999 0.0
C0G660 2010010406 -9999 -9999 -9999 0.0
C0G660 2010010407 -9999 -9999 -9999 0.0
C0G660 2010010408 -9999 -9999 -9999 0.0
C0G660 2010010409 -9999 -9999 -9999 0.0
C0G660 2010010410 -9999 -9999 -9999 0.0
C0G660 2010010411 -9999 -9999 -9999 0.0
C0G660 2010010412 -9999 -9999 -9999 0.0
C0G660 2010010413 -9999 -9999 -9999 0.0
C0G660 2010010414 -9999 -9999 -9999 0.0
C0G660 2010010415 -9999 -9999 -9999 0.0
C0G660 2010010416 -9999 -9999 -9999 0.0
C0G660 2010010417 -9999 -9999 -9999 0.0
C0G660 2010010418 -9999 -9999 -9999 0.0
C0G660 2010010419 -9999 -9999 -9999 0.0
C0G660 2010010420 -9999 -9999 -9999 0.0
C0G660 2010010421 -9999 -9999 -9999 0.0
C0G660 2010010422 -9999 -9999 -9999 0.0
C0G660 2010010423 -9999 -9999 -9999 0.0
C0G660 2010010424 -9999 -9999 -9999 0.0
C0G660 2010010501 -9999 -9999 -9999 0.0
C0G660 2010010502 -9999 -9999 -9999 0.0
C0G660 2010010503 -9999 -9999 -9999 0.0
C0G660 2010010504 -9999 -9999 -9999 0.0
C0G660 2010010505 -9999 -9999 -9999 0.0
C0G660 2010010506 -9999 -9999 -9999 0.0
C0G660 2010010507 -9999 -9999 -9999 0.0
C0G660 2010010508 -9999 -9999 -9999 0.0
C0G660 2010010509 -9999 -9999 -9999 0.0
C0G660 2010010510 -9999 -9999 -9999 0.0
C0G660 2010010511 -9999 -9999 -9999 0.0
C0G660 2010010512 -9999 -9999 -9999 0.0
C0G660 2010010513 -9999 -9999 -9999 0.0
C0G660 2010010514 -9999 -9999 -9999 0.0
C0G660 2010010515 -9999 -9999 -9999 0.0
C0G660 2010010516 -9999 -9999 -9999 0.0
C0G660 2010010517 -9999 -9999 -9999 0.0
C0G660 2010010518 -9999 -9999 -9999 0.0
C0G660 2010010519 -9999 -9999 -9999 0.0
C0G660 2010010520 -9999 -9999 -9999 0.0
C0G660 2010010521 -9999 -9999 -9999 0.0
C0G660 2010010522 -9999 -9999 -9999 0.0
C0G660 2010010523 -9999 -9999 -9999 0.0
C0G660 2010010524 -9999 -9999 -9999 0.0
C0G660 2010010601 -9999 -9999 -9999 0.0
C0G660 2010010602 -9999 -9999 -9999 0.0
C0G660 2010010603 -9999 -9999 -9999 0.0
C0G660 2010010604 -9999 -9999 -9999 0.0
C0G660 2010010605 -9999 -9999 -9999 0.0
C0G660 2010010606 -9999 -9999 -9999 0.0
C0G660 2010010607 -9999 -9999 -9999 0.0
C0G660 2010010608 -9999 -9999 -9999 0.0
C0G660 2010010609 -9999 -9999 -9999 0.5
C0G660 2010010610 -9999 -9999 -9999 0.0
C0G660 2010010611 -9999 -9999 -9999 0.0
C0G660 2010010612 -9999 -9999 -9999 0.0
C0G660 2010010613 -9999 -9999 -9999 1.0
C0G660 2010010614 -9999 -9999 -9999 0.5
C0G660 2010010615 -9999 -9999 -9999 0.0
C0G660 2010010616 -9999 -9999 -9999 0.0
C0G660 2010010617 -9999 -9999 -9999 0.0
C0G660 2010010618 -9999 -9999 -9999 0.0
C0G660 2010010619 -9999 -9999 -9999 0.0
C0G660 2010010620 -9999 -9999 -9999 0.0
C0G660 2010010621 -9999 -9999 -9999 0.0
C0G660 2010010622 -9999 -9999 -9999 0.0
C0G660 2010010623 -9999 -9999 -9999 0.0
C0G660 2010010624 -9999 -9999 -9999 0.0
C0G660 2010010701 -9999 -9999 -9999 0.0
C0G660 2010010702 -9999 -9999 -9999 0.0
C0G660 2010010703 -9999 -9999 -9999 0.0
C0G660 2010010704 -9999 -9999 -9999 0.0
C0G660 2010010705 -9999 -9999 -9999 0.0
C0G660 2010010706 -9999 -9999 -9999 0.0
C0G660 2010010707 -9999 -9999 -9999 1.0
C0G660 2010010708 -9999 -9999 -9999 0.0
C0G660 2010010709 -9999 -9999 -9999 0.0
C0G660 2010010710 -9999 -9999 -9999 0.0
C0G660 2010010711 -9999 -9999 -9999 0.0
C0G660 2010010712 -9999 -9999 -9999 0.0
C0G660 2010010713 -9999 -9999 -9999 0.0
C0G660 2010010714 -9999 -9999 -9999 0.0
C0G660 2010010715 -9999 -9999 -9999 0.0
C0G660 2010010716 -9999 -9999 -9999 0.0
C0G660 2010010717 -9999 -9999 -9999 0.0
C0G660 2010010718 -9999 -9999 -9999 0.0
C0G660 2010010719 -9999 -9999 -9999 0.0
C0G660 2010010720 -9999 -9999 -9999 0.0
C0G660 2010010721 -9999 -9999 -9999 0.0
C0G660 2010010722 -9999 -9999 -9999 0.0
C0G660 2010010723 -9999 -9999 -9999 0.0
C0G660 2010010724 -9999 -9999 -9999 0.0
C0G660 2010010801 -9999 -9999 -9999 0.0
C0G660 2010010802 -9999 -9999 -9999 0.5
C0G660 2010010803 -9999 -9999 -9999 0.0
C0G660 2010010804 -9999 -9999 -9999 1.0
C0G660 2010010805 -9999 -9999 -9999 2.0
C0G660 2010010806 -9999 -9999 -9999 5.0
C0G660 2010010807 -9999 -9999 -9999 0.5
C0G660 2010010808 -9999 -9999 -9999 0.5
C0G660 2010010809 -9999 -9999 -9999 0.0
C0G660 2010010810 -9999 -9999 -9999 0.0
C0G660 2010010811 -9999 -9999 -9999 0.0
C0G660 2010010812 -9999 -9999 -9999 0.0
C0G660 2010010813 -9999 -9999 -9999 0.0
C0G660 2010010814 -9999 -9999 -9999 0.0
C0G660 2010010815 -9999 -9999 -9999 0.0
C0G660 2010010816 -9999 -9999 -9999 0.0
C0G660 2010010817 -9999 -9999 -9999 0.0
C0G660 2010010818 -9999 -9999 -9999 0.0
C0G660 2010010819 -9999 -9999 -9999 0.0
C0G660 2010010820 -9999 -9999 -9999 0.0
C0G660 2010010821 -9999 -9999 -9999 0.0
C0G660 2010010822 -9999 -9999 -9999 0.0
C0G660 2010010823 -9999 -9999 -9999 0.0
C0G660 2010010824 -9999 -9999 -9999 0.0
C0G660 2010010901 -9999 -9999 -9999 0.0
C0G660 2010010902 -9999 -9999 -9999 0.0
C0G660 2010010903 -9999 -9999 -9999 0.0
C0G660 2010010904 -9999 -9999 -9999 0.0
C0G660 2010010905 -9999 -9999 -9999 0.0
C0G660 2010010906 -9999 -9999 -9999 0.0
C0G660 2010010907 -9999 -9999 -9999 0.0
C0G660 2010010908 -9999 -9999 -9999 0.0
C0G660 2010010909 -9999 -9999 -9999 0.0
C0G660 2010010910 -9999 -9999 -9999 0.0
C0G660 2010010911 -9999 -9999 -9999 0.0
C0G660 2010010912 -9999 -9999 -9999 0.0
C0G660 2010010913 -9999 -9999 -9999 0.0
C0G660 2010010914 -9999 -9999 -9999 0.0
C0G660 2010010915 -9999 -9999 -9999 0.0
C0G660 2010010916 -9999 -9999 -9999 0.0
C0G660 2010010917 -9999 -9999 -9999 0.0
C0G660 2010010918 -9999 -9999 -9999 0.0
C0G660 2010010919 -9999 -9999 -9999 0.0
C0G660 2010010920 -9999 -9999 -9999 0.0
C0G660 2010010921 -9999 -9999 -9999 0.0
C0G660 2010010922 -9999 -9999 -9999 0.0
C0G660 2010010923 -9999 -9999 -9999 0.0
C0G660 2010010924 -9999 -9999 -9999 0.0
C0G660 2010011001 -9999 -9999 -9999 0.0
C0G660 2010011002 -9999 -9999 -9999 0.0
C0G660 2010011003 -9999 -9999 -9999 0.0
C0G660 2010011004 -9999 -9999 -9999 0.0
C0G660 2010011005 -9999 -9999 -9999 0.0
C0G660 2010011006 -9999 -9999 -9999 0.0
C0G660 2010011007 -9999 -9999 -9999 0.0
C0G660 2010011008 -9999 -9999 -9999 0.0
C0G660 2010011009 -9999 -9999 -9999 0.0
C0G660 2010011010 -9999 -9999 -9999 0.0
C0G660 2010011011 -9999 -9999 -9999 0.0
C0G660 2010011012 -9999 -9999 -9999 0.0
C0G660 2010011013 -9999 -9999 -9999 0.0
C0G660 2010011014 -9999 -9999 -9999 0.0
C0G660 2010011015 -9999 -9999 -9999 0.0
C0G660 2010011016 -9999 -9999 -9999 0.0
C0G660 2010011017 -9999 -9999 -9999 0.0
C0G660 2010011018 -9999 -9999 -9999 0.0
C0G660 2010011019 -9999 -9999 -9999 0.0
C0G660 2010011020 -9999 -9999 -9999 0.0
C0G660 2010011021 -9999 -9999 -9999 0.0
C0G660 2010011022 -9999 -9999 -9999 0.0
C0G660 2010011023 -9999 -9999 -9999 0.0
C0G660 2010011024 -9999 -9999 -9999 0.0
C0G660 2010011101 -9999 -9999 -9999 0.0
C0G660 2010011102 -9999 -9999 -9999 0.0
C0G660 2010011103 -9999 -9999 -9999 0.0
C0G660 2010011104 -9999 -9999 -9999 0.0
C0G660 2010011105 -9999 -9999 -9999 0.0
C0G660 2010011106 -9999 -9999 -9999 0.0
C0G660 2010011107 -9999 -9999 -9999 0.0
C0G660 2010011108 -9999 -9999 -9999 0.0
C0G660 2010011109 -9999 -9999 -9999 0.0
C0G660 2010011110 -9999 -9999 -9999 0.0
C0G660 2010011111 -9999 -9999 -9999 0.0
C0G660 2010011112 -9999 -9999 -9999 0.0
C0G660 2010011113 -9999 -9999 -9999 0.0
C0G660 2010011114 -9999 -9999 -9999 0.0
C0G660 2010011115 -9999 -9999 -9999 0.0
C0G660 2010011116 -9999 -9999 -9999 0.0
C0G660 2010011117 -9999 -9999 -9999 0.0
C0G660 2010011118 -9999 -9999 -9999 0.0
C0G660 2010011119 -9999 -9999 -9999 0.0
C0G660 2010011120 -9999 -9999 -9999 0.0
C0G660 2010011121 -9999 -9999 -9999 0.0
C0G660 2010011122 -9999 -9999 -9999 0.0
C0G660 2010011123 -9999 -9999 -9999 0.0
C0G660 2010011124 -9999 -9999 -9999 0.0
C0G660 2010011201 -9999 -9999 -9999 0.5
C0G660 2010011202 -9999 -9999 -9999 0.0
C0G660 2010011203 -9999 -9999 -9999 0.0
C0G660 2010011204 -9999 -9999 -9999 0.0
C0G660 2010011205 -9999 -9999 -9999 0.0
C0G660 2010011206 -9999 -9999 -9999 0.0
C0G660 2010011207 -9999 -9999 -9999 0.0
C0G660 2010011208 -9999 -9999 -9999 0.0
C0G660 2010011209 -9999 -9999 -9999 0.0
C0G660 2010011210 -9999 -9999 -9999 0.0
C0G660 2010011211 -9999 -9999 -9999 0.5
C0G660 2010011212 -9999 -9999 -9999 0.0
C0G660 2010011213 -9999 -9999 -9999 0.0
C0G660 2010011214 -9999 -9999 -9999 0.0
C0G660 2010011215 -9999 -9999 -9999 0.0
C0G660 2010011216 -9999 -9999 -9999 0.0
C0G660 2010011217 -9999 -9999 -9999 0.0
C0G660 2010011218 -9999 -9999 -9999 0.0
C0G660 2010011219 -9999 -9999 -9999 0.0
C0G660 2010011220 -9999 -9999 -9999 0.0
C0G660 2010011221 -9999 -9999 -9999 0.0
C0G660 2010011222 -9999 -9999 -9999 0.0
C0G660 2010011223 -9999 -9999 -9999 0.0
C0G660 2010011224 -9999 -9999 -9999 0.0
C0G660 2010011301 -9999 -9999 -9999 0.0
C0G660 2010011302 -9999 -9999 -9999 0.0
C0G660 2010011303 -9999 -9999 -9999 0.0
C0G660 2010011304 -9999 -9999 -9999 0.0
C0G660 2010011305 -9999 -9999 -9999 0.0
C0G660 2010011306 -9999 -9999 -9999 0.0
C0G660 2010011307 -9999 -9999 -9999 0.0
C0G660 2010011308 -9999 -9999 -9999 0.0
C0G660 2010011309 -9999 -9999 -9999 0.0
C0G660 2010011310 -9999 -9999 -9999 0.0
C0G660 2010011311 -9999 -9999 -9999 0.0
C0G660 2010011312 -9999 -9999 -9999 0.0
C0G660 2010011313 -9999 -9999 -9999 0.0
C0G660 2010011314 -9999 -9999 -9999 0.0
C0G660 2010011315 -9999 -9999 -9999 0.0
C0G660 2010011316 -9999 -9999 -9999 0.0
C0G660 2010011317 -9999 -9999 -9999 0.0
C0G660 2010011318 -9999 -9999 -9999 0.0
C0G660 2010011319 -9999 -9999 -9999 0.0
C0G660 2010011320 -9999 -9999 -9999 0.0
C0G660 2010011321 -9999 -9999 -9999 0.0
C0G660 2010011322 -9999 -9999 -9999 0.0
C0G660 2010011323 -9999 -9999 -9999 0.0
C0G660 2010011324 -9999 -9999 -9999 0.0
C0G660 2010011401 -9999 -9999 -9999 0.0
C0G660 2010011402 -9999 -9999 -9999 0.0
C0G660 2010011403 -9999 -9999 -9999 0.0
C0G660 2010011404 -9999 -9999 -9999 0.0
C0G660 2010011405 -9999 -9999 -9999 0.0
C0G660 2010011406 -9999 -9999 -9999 0.0
C0G660 2010011407 -9999 -9999 -9999 0.0
C0G660 2010011408 -9999 -9999 -9999 0.0
C0G660 2010011409 -9999 -9999 -9999 0.0
C0G660 2010011410 -9999 -9999 -9999 0.0
C0G660 2010011411 -9999 -9999 -9999 0.0
C0G660 2010011412 -9999 -9999 -9999 0.0
C0G660 2010011413 -9999 -9999 -9999 0.0
C0G660 2010011414 -9999 -9999 -9999 0.0
C0G660 2010011415 -9999 -9999 -9999 0.0
C0G660 2010011416 -9999 -9999 -9999 0.0
C0G660 2010011417 -9999 -9999 -9999 0.0
C0G660 2010011418 -9999 -9999 -9999 0.0
C0G660 2010011419 -9999 -9999 -9999 0.0
C0G660 2010011420 -9999 -9999 -9999 0.0
C0G660 2010011421 -9999 -9999 -9999 0.0
C0G660 2010011422 -9999 -9999 -9999 0.0
C0G660 2010011423 -9999 -9999 -9999 0.0
C0G660 2010011424 -9999 -9999 -9999 0.0
C0G660 2010011501 -9999 -9999 -9999 0.0
C0G660 2010011502 -9999 -9999 -9999 0.0
C0G660 2010011503 -9999 -9999 -9999 0.0
C0G660 2010011504 -9999 -9999 -9999 0.0
C0G660 2010011505 -9999 -9999 -9999 0.0
C0G660 2010011506 -9999 -9999 -9999 0.0
C0G660 2010011507 -9999 -9999 -9999 0.0
C0G660 2010011508 -9999 -9999 -9999 0.0
C0G660 2010011509 -9999 -9999 -9999 0.0
C0G660 2010011510 -9999 -9999 -9999 0.0
C0G660 2010011511 -9999 -9999 -9999 0.0
C0G660 2010011512 -9999 -9999 -9999 0.0
C0G660 2010011513 -9999 -9999 -9999 0.0
C0G660 2010011514 -9999 -9999 -9999 0.0
C0G660 2010011515 -9999 -9999 -9999 0.0
C0G660 2010011516 -9999 -9999 -9999 0.0
C0G660 2010011517 -9999 -9999 -9999 0.0
C0G660 2010011518 -9999 -9999 -9999 0.0
C0G660 2010011519 -9999 -9999 -9999 0.0
C0G660 2010011520 -9999 -9999 -9999 0.0
C0G660 2010011521 -9999 -9999 -9999 0.0
C0G660 2010011522 -9999 -9999 -9999 0.0
C0G660 2010011523 -9999 -9999 -9999 0.0
C0G660 2010011524 -9999 -9999 -9999 0.0
C0G660 2010011601 -9999 -9999 -9999 0.0
C0G660 2010011602 -9999 -9999 -9999 0.0
C0G660 2010011603 -9999 -9999 -9999 0.0
C0G660 2010011604 -9999 -9999 -9999 0.0
C0G660 2010011605 -9999 -9999 -9999 0.0
C0G660 2010011606 -9999 -9999 -9999 0.0
C0G660 2010011607 -9999 -9999 -9999 0.0
C0G660 2010011608 -9999 -9999 -9999 0.0
C0G660 2010011609 -9999 -9999 -9999 0.0
C0G660 2010011610 -9999 -9999 -9999 0.0
C0G660 2010011611 -9999 -9999 -9999 0.0
C0G660 2010011612 -9999 -9999 -9999 0.0
C0G660 2010011613 -9999 -9999 -9999 0.0
C0G660 2010011614 -9999 -9999 -9999 0.0
C0G660 2010011615 -9999 -9999 -9999 0.0
C0G660 2010011616 -9999 -9999 -9999 0.0
C0G660 2010011617 -9999 -9999 -9999 0.0
C0G660 2010011618 -9999 -9999 -9999 0.0
C0G660 2010011619 -9999 -9999 -9999 0.0
C0G660 2010011620 -9999 -9999 -9999 0.0
C0G660 2010011621 -9999 -9999 -9999 0.0
C0G660 2010011622 -9999 -9999 -9999 0.0
C0G660 2010011623 -9999 -9999 -9999 0.0
C0G660 2010011624 -9999 -9999 -9999 0.0
C0G660 2010011701 -9999 -9999 -9999 0.0
C0G660 2010011702 -9999 -9999 -9999 0.0
C0G660 2010011703 -9999 -9999 -9999 0.0
C0G660 2010011704 -9999 -9999 -9999 0.0
C0G660 2010011705 -9999 -9999 -9999 0.0
C0G660 2010011706 -9999 -9999 -9999 0.0
C0G660 2010011707 -9999 -9999 -9999 0.0
C0G660 2010011708 -9999 -9999 -9999 0.0
C0G660 2010011709 -9999 -9999 -9999 0.0
C0G660 2010011710 -9999 -9999 -9999 0.0
C0G660 2010011711 -9999 -9999 -9999 0.0
C0G660 2010011712 -9999 -9999 -9999 0.0
C0G660 2010011713 -9999 -9999 -9999 0.0
C0G660 2010011714 -9999 -9999 -9999 0.0
C0G660 2010011715 -9999 -9999 -9999 0.0
C0G660 2010011716 -9999 -9999 -9999 0.0
C0G660 2010011717 -9999 -9999 -9999 0.0
C0G660 2010011718 -9999 -9999 -9999 0.0
C0G660 2010011719 -9999 -9999 -9999 0.0
C0G660 2010011720 -9999 -9999 -9999 0.0
C0G660 2010011721 -9999 -9999 -9999 0.0
C0G660 2010011722 -9999 -9999 -9999 0.0
C0G660 2010011723 -9999 -9999 -9999 0.0
C0G660 2010011724 -9999 -9999 -9999 0.0
C0G660 2010011801 -9999 -9999 -9999 0.0
C0G660 2010011802 -9999 -9999 -9999 0.0
C0G660 2010011803 -9999 -9999 -9999 0.0
C0G660 2010011804 -9999 -9999 -9999 0.0
C0G660 2010011805 -9999 -9999 -9999 0.0
C0G660 2010011806 -9999 -9999 -9999 0.0
C0G660 2010011807 -9999 -9999 -9999 0.0
C0G660 2010011808 -9999 -9999 -9999 0.0
C0G660 2010011809 -9999 -9999 -9999 0.0
C0G660 2010011810 -9999 -9999 -9999 0.0
C0G660 2010011811 -9999 -9999 -9999 0.0
C0G660 2010011812 -9999 -9999 -9999 0.0
C0G660 2010011813 -9999 -9999 -9999 0.0
C0G660 2010011814 -9999 -9999 -9999 0.0
C0G660 2010011815 -9999 -9999 -9999 0.0
C0G660 2010011816 -9999 -9999 -9999 0.0
C0G660 2010011817 -9999 -9999 -9999 0.0
C0G660 2010011818 -9999 -9999 -9999 0.0
C0G660 2010011819 -9999 -9999 -9999 0.0
C0G660 2010011820 -9999 -9999 -9999 0.0
C0G660 2010011821 -9999 -9999 -9999 0.0
C0G660 2010011822 -9999 -9999 -9999 0.0
C0G660 2010011823 -9999 -9999 -9999 0.0
C0G660 2010011824 -9999 -9999 -9999 0.0
C0G660 2010011901 -9999 -9999 -9999 0.0
C0G660 2010011902 -9999 -9999 -9999 0.0
C0G660 2010011903 -9999 -9999 -9999 0.0
C0G660 2010011904 -9999 -9999 -9999 0.0
C0G660 2010011905 -9999 -9999 -9999 0.0
C0G660 2010011906 -9999 -9999 -9999 0.0
C0G660 2010011907 -9999 -9999 -9999 0.0
C0G660 2010011908 -9999 -9999 -9999 0.0
C0G660 2010011909 -9999 -9999 -9999 0.0
C0G660 2010011910 -9999 -9999 -9999 0.0
C0G660 2010011911 -9999 -9999 -9999 0.0
C0G660 2010011912 -9999 -9999 -9999 0.0
C0G660 2010011913 -9999 -9999 -9999 0.0
C0G660 2010011914 -9999 -9999 -9999 0.0
C0G660 2010011915 -9999 -9999 -9999 0.0
C0G660 2010011916 -9999 -9999 -9999 0.0
C0G660 2010011917 -9999 -9999 -9999 0.0
C0G660 2010011918 -9999 -9999 -9999 0.0
C0G660 2010011919 -9999 -9999 -9999 0.0
C0G660 2010011920 -9999 -9999 -9999 0.0
C0G660 2010011921 -9999 -9999 -9999 0.0
C0G660 2010011922 -9999 -9999 -9999 0.0
C0G660 2010011923 -9999 -9999 -9999 0.0
C0G660 2010011924 -9999 -9999 -9999 0.0
C0G660 2010012001 -9999 -9999 -9999 0.0
C0G660 2010012002 -9999 -9999 -9999 0.0
C0G660 2010012003 -9999 -9999 -9999 0.0
C0G660 2010012004 -9999 -9999 -9999 0.0
C0G660 2010012005 -9999 -9999 -9999 0.0
C0G660 2010012006 -9999 -9999 -9999 0.0
C0G660 2010012007 -9999 -9999 -9999 0.0
C0G660 2010012008 -9999 -9999 -9999 0.0
C0G660 2010012009 -9999 -9999 -9999 0.0
C0G660 2010012010 -9999 -9999 -9999 0.0
C0G660 2010012011 -9999 -9999 -9999 0.0
C0G660 2010012012 -9999 -9999 -9999 0.0
C0G660 2010012013 -9999 -9999 -9999 0.0
C0G660 2010012014 -9999 -9999 -9999 0.0
C0G660 2010012015 -9999 -9999 -9999 0.0
C0G660 2010012016 -9999 -9999 -9999 0.0
C0G660 2010012017 -9999 -9999 -9999 0.0
C0G660 2010012018 -9999 -9999 -9999 0.0
C0G660 2010012019 -9999 -9999 -9999 0.0
C0G660 2010012020 -9999 -9999 -9999 0.0
C0G660 2010012021 -9999 -9999 -9999 0.0
C0G660 2010012022 -9999 -9999 -9999 0.0
C0G660 2010012023 -9999 -9999 -9999 0.0
C0G660 2010012024 -9999 -9999 -9999 0.0
C0G660 2010012101 -9999 -9999 -9999 0.0
C0G660 2010012102 -9999 -9999 -9999 0.0
C0G660 2010012103 -9999 -9999 -9999 0.0
C0G660 2010012104 -9999 -9999 -9999 0.0
C0G660 2010012105 -9999 -9999 -9999 0.0
C0G660 2010012106 -9999 -9999 -9999 0.0
C0G660 2010012107 -9999 -9999 -9999 0.0
C0G660 2010012108 -9999 -9999 -9999 0.0
C0G660 2010012109 -9999 -9999 -9999 0.0
C0G660 2010012110 -9999 -9999 -9999 0.0
C0G660 2010012111 -9999 -9999 -9999 0.0
C0G660 2010012112 -9999 -9999 -9999 0.0
C0G660 2010012113 -9999 -9999 -9999 0.0
C0G660 2010012114 -9999 -9999 -9999 0.0
C0G660 2010012115 -9999 -9999 -9999 0.0
C0G660 2010012116 -9999 -9999 -9999 0.0
C0G660 2010012117 -9999 -9999 -9999 0.0
C0G660 2010012118 -9999 -9999 -9999 0.0
C0G660 2010012119 -9999 -9999 -9999 0.0
C0G660 2010012120 -9999 -9999 -9999 0.0
C0G660 2010012121 -9999 -9999 -9999 0.0
C0G660 2010012122 -9999 -9999 -9999 0.0
C0G660 2010012123 -9999 -9999 -9999 0.0
C0G660 2010012124 -9999 -9999 -9999 0.0
C0G660 2010012201 -9999 -9999 -9999 0.0
C0G660 2010012202 -9999 -9999 -9999 0.0
C0G660 2010012203 -9999 -9999 -9999 0.0
C0G660 2010012204 -9999 -9999 -9999 0.0
C0G660 2010012205 -9999 -9999 -9999 0.0
C0G660 2010012206 -9999 -9999 -9999 0.0
C0G660 2010012207 -9999 -9999 -9999 0.0
C0G660 2010012208 -9999 -9999 -9999 0.0
C0G660 2010012209 -9999 -9999 -9999 0.0
C0G660 2010012210 -9999 -9999 -9999 0.0
C0G660 2010012211 -9999 -9999 -9999 0.0
C0G660 2010012212 -9999 -9999 -9999 0.0
C0G660 2010012213 -9999 -9999 -9999 0.0
C0G660 2010012214 -9999 -9999 -9999 0.0
C0G660 2010012215 -9999 -9999 -9999 0.0
C0G660 2010012216 -9999 -9999 -9999 0.0
C0G660 2010012217 -9999 -9999 -9999 0.0
C0G660 2010012218 -9999 -9999 -9999 0.0
C0G660 2010012219 -9999 -9999 -9999 0.0
C0G660 2010012220 -9999 -9999 -9999 0.0
C0G660 2010012221 -9999 -9999 -9999 0.0
C0G660 2010012222 -9999 -9999 -9999 0.0
C0G660 2010012223 -9999 -9999 -9999 0.0
C0G660 2010012224 -9999 -9999 -9999 0.0
C0G660 2010012301 -9999 -9999 -9999 0.0
C0G660 2010012302 -9999 -9999 -9999 0.0
C0G660 2010012303 -9999 -9999 -9999 0.0
C0G660 2010012304 -9999 -9999 -9999 0.0
C0G660 2010012305 -9999 -9999 -9999 0.0
C0G660 2010012306 -9999 -9999 -9999 0.0
C0G660 2010012307 -9999 -9999 -9999 0.0
C0G660 2010012308 -9999 -9999 -9999 0.0
C0G660 2010012309 -9999 -9999 -9999 0.0
C0G660 2010012310 -9999 -9999 -9999 0.0
C0G660 2010012311 -9999 -9999 -9999 0.0
C0G660 2010012312 -9999 -9999 -9999 0.0
C0G660 2010012313 -9999 -9999 -9999 0.0
C0G660 2010012314 -9999 -9999 -9999 0.0
C0G660 2010012315 -9999 -9999 -9999 0.0
C0G660 2010012316 -9999 -9999 -9999 0.0
C0G660 2010012317 -9999 -9999 -9999 0.0
C0G660 2010012318 -9999 -9999 -9999 0.0
C0G660 2010012319 -9999 -9999 -9999 0.0
C0G660 2010012320 -9999 -9999 -9999 0.0
C0G660 2010012321 -9999 -9999 -9999 0.0
C0G660 2010012322 -9999 -9999 -9999 0.0
C0G660 2010012323 -9999 -9999 -9999 0.0
C0G660 2010012324 -9999 -9999 -9999 0.0
C0G660 2010012401 -9999 -9999 -9999 0.0
C0G660 2010012402 -9999 -9999 -9999 0.0
C0G660 2010012403 -9999 -9999 -9999 0.0
C0G660 2010012404 -9999 -9999 -9999 0.0
C0G660 2010012405 -9999 -9999 -9999 0.0
C0G660 2010012406 -9999 -9999 -9999 0.0
C0G660 2010012407 -9999 -9999 -9999 0.0
C0G660 2010012408 -9999 -9999 -9999 0.0
C0G660 2010012409 -9999 -9999 -9999 0.0
C0G660 2010012410 -9999 -9999 -9999 0.0
C0G660 2010012411 -9999 -9999 -9999 0.0
C0G660 2010012412 -9999 -9999 -9999 0.0
C0G660 2010012413 -9999 -9999 -9999 0.0
C0G660 2010012414 -9999 -9999 -9999 0.0
C0G660 2010012415 -9999 -9999 -9999 0.0
C0G660 2010012416 -9999 -9999 -9999 0.0
C0G660 2010012417 -9999 -9999 -9999 0.0
C0G660 2010012418 -9999 -9999 -9999 0.0
C0G660 2010012419 -9999 -9999 -9999 0.0
C0G660 2010012420 -9999 -9999 -9999 0.0
C0G660 2010012421 -9999 -9999 -9999 0.0
C0G660 2010012422 -9999 -9999 -9999 0.0
C0G660 2010012423 -9999 -9999 -9999 0.0
C0G660 2010012424 -9999 -9999 -9999 0.0
C0G660 2010012501 -9999 -9999 -9999 0.0
C0G660 2010012502 -9999 -9999 -9999 0.0
C0G660 2010012503 -9999 -9999 -9999 0.0
C0G660 2010012504 -9999 -9999 -9999 0.0
C0G660 2010012505 -9999 -9999 -9999 0.0
C0G660 2010012506 -9999 -9999 -9999 0.0
C0G660 2010012507 -9999 -9999 -9999 0.0
C0G660 2010012508 -9999 -9999 -9999 0.0
C0G660 2010012509 -9999 -9999 -9999 0.0
C0G660 2010012510 -9999 -9999 -9999 0.0
C0G660 2010012511 -9999 -9999 -9999 0.0
C0G660 2010012512 -9999 -9999 -9999 2.0
C0G660 2010012513 -9999 -9999 -9999 1.0
C0G660 2010012514 -9999 -9999 -9999 0.0
C0G660 2010012515 -9999 -9999 -9999 0.0
C0G660 2010012516 -9999 -9999 -9999 0.0
C0G660 2010012517 -9999 -9999 -9999 0.0
C0G660 2010012518 -9999 -9999 -9999 0.0
C0G660 2010012519 -9999 -9999 -9999 0.0
C0G660 2010012520 -9999 -9999 -9999 0.0
C0G660 2010012521 -9999 -9999 -9999 0.0
C0G660 2010012522 -9999 -9999 -9999 0.0
C0G660 2010012523 -9999 -9999 -9999 0.0
C0G660 2010012524 -9999 -9999 -9999 0.0
C0G660 2010012601 -9999 -9999 -9999 0.0
C0G660 2010012602 -9999 -9999 -9999 0.0
C0G660 2010012603 -9999 -9999 -9999 0.0
C0G660 2010012604 -9999 -9999 -9999 0.0
C0G660 2010012605 -9999 -9999 -9999 0.0
C0G660 2010012606 -9999 -9999 -9999 0.0
C0G660 2010012607 -9999 -9999 -9999 0.0
C0G660 2010012608 -9999 -9999 -9999 0.0
C0G660 2010012609 -9999 -9999 -9999 0.0
C0G660 2010012610 -9999 -9999 -9999 0.0
C0G660 2010012611 -9999 -9999 -9999 0.0
C0G660 2010012612 -9999 -9999 -9999 0.0
C0G660 2010012613 -9999 -9999 -9999 0.0
C0G660 2010012614 -9999 -9999 -9999 0.0
C0G660 2010012615 -9999 -9999 -9999 0.0
C0G660 2010012616 -9999 -9999 -9999 0.0
C0G660 2010012617 -9999 -9999 -9999 0.0
C0G660 2010012618 -9999 -9999 -9999 0.0
C0G660 2010012619 -9999 -9999 -9999 0.0
C0G660 2010012620 -9999 -9999 -9999 0.0
C0G660 2010012621 -9999 -9999 -9999 0.0
C0G660 2010012622 -9999 -9999 -9999 0.0
C0G660 2010012623 -9999 -9999 -9999 0.0
C0G660 2010012624 -9999 -9999 -9999 0.0
C0G660 2010012701 -9999 -9999 -9999 0.0
C0G660 2010012702 -9999 -9999 -9999 0.0
C0G660 2010012703 -9999 -9999 -9999 0.0
C0G660 2010012704 -9999 -9999 -9999 0.0
C0G660 2010012705 -9999 -9999 -9999 0.0
C0G660 2010012706 -9999 -9999 -9999 0.0
C0G660 2010012707 -9999 -9999 -9999 0.0
C0G660 2010012708 -9999 -9999 -9999 0.0
C0G660 2010012709 -9999 -9999 -9999 0.0
C0G660 2010012710 -9999 -9999 -9999 0.0
C0G660 2010012711 -9999 -9999 -9999 0.0
C0G660 2010012712 -9999 -9999 -9999 0.0
C0G660 2010012713 -9999 -9999 -9999 0.0
C0G660 2010012714 -9999 -9999 -9999 0.0
C0G660 2010012715 -9999 -9999 -9999 0.0
C0G660 2010012716 -9999 -9999 -9999 0.0
C0G660 2010012717 -9999 -9999 -9999 0.0
C0G660 2010012718 -9999 -9999 -9999 0.0
C0G660 2010012719 -9999 -9999 -9999 0.0
C0G660 2010012720 -9999 -9999 -9999 0.0
C0G660 2010012721 -9999 -9999 -9999 0.0
C0G660 2010012722 -9999 -9999 -9999 0.0
C0G660 2010012723 -9999 -9999 -9999 0.0
C0G660 2010012724 -9999 -9999 -9999 0.0
C0G660 2010012801 -9999 -9999 -9999 0.0
C0G660 2010012802 -9999 -9999 -9999 0.0
C0G660 2010012803 -9999 -9999 -9999 0.0
C0G660 2010012804 -9999 -9999 -9999 0.0
C0G660 2010012805 -9999 -9999 -9999 0.0
C0G660 2010012806 -9999 -9999 -9999 0.0
C0G660 2010012807 -9999 -9999 -9999 0.0
C0G660 2010012808 -9999 -9999 -9999 0.0
C0G660 2010012809 -9999 -9999 -9999 0.0
C0G660 2010012810 -9999 -9999 -9999 0.0
C0G660 2010012811 -9999 -9999 -9999 0.0
C0G660 2010012812 -9999 -9999 -9999 0.0
C0G660 2010012813 -9999 -9999 -9999 0.0
C0G660 2010012814 -9999 -9999 -9999 0.0
C0G660 2010012815 -9999 -9999 -9999 0.0
C0G660 2010012816 -9999 -9999 -9999 0.0
C0G660 2010012817 -9999 -9999 -9999 0.0
C0G660 2010012818 -9999 -9999 -9999 0.0
C0G660 2010012819 -9999 -9999 -9999 0.0
C0G660 2010012820 -9999 -9999 -9999 0.0
C0G660 2010012821 -9999 -9999 -9999 0.0
C0G660 2010012822 -9999 -9999 -9999 0.0
C0G660 2010012823 -9999 -9999 -9999 0.0
C0G660 2010012824 -9999 -9999 -9999 0.0
C0G660 2010012901 -9999 -9999 -9999 0.0
C0G660 2010012902 -9999 -9999 -9999 0.0
C0G660 2010012903 -9999 -9999 -9999 0.0
C0G660 2010012904 -9999 -9999 -9999 0.0
C0G660 2010012905 -9999 -9999 -9999 0.0
C0G660 2010012906 -9999 -9999 -9999 0.0
C0G660 2010012907 -9999 -9999 -9999 0.0
C0G660 2010012908 -9999 -9999 -9999 0.0
C0G660 2010012909 -9999 -9999 -9999 0.0
C0G660 2010012910 -9999 -9999 -9999 0.0
C0G660 2010012911 -9999 -9999 -9999 0.0
C0G660 2010012912 -9999 -9999 -9999 0.0
C0G660 2010012913 -9999 -9999 -9999 0.0
C0G660 2010012914 -9999 -9999 -9999 0.0
C0G660 2010012915 -9999 -9999 -9999 0.0
C0G660 2010012916 -9999 -9999 -9999 0.0
C0G660 2010012917 -9999 -9999 -9999 0.0
C0G660 2010012918 -9999 -9999 -9999 0.0
C0G660 2010012919 -9999 -9999 -9999 0.0
C0G660 2010012920 -9999 -9999 -9999 0.0
C0G660 2010012921 -9999 -9999 -9999 0.0
C0G660 2010012922 -9999 -9999 -9999 0.0
C0G660 2010012923 -9999 -9999 -9999 0.0
C0G660 2010012924 -9999 -9999 -9999 0.0
C0G660 2010013001 -9999 -9999 -9999 0.0
C0G660 2010013002 -9999 -9999 -9999 0.0
C0G660 2010013003 -9999 -9999 -9999 0.0
C0G660 2010013004 -9999 -9999 -9999 0.0
C0G660 2010013005 -9999 -9999 -9999 0.0
C0G660 2010013006 -9999 -9999 -9999 0.0
C0G660 2010013007 -9999 -9999 -9999 0.0
C0G660 2010013008 -9999 -9999 -9999 0.0
C0G660 2010013009 -9999 -9999 -9999 0.0
C0G660 2010013010 -9999 -9999 -9999 0.0
C0G660 2010013011 -9999 -9999 -9999 0.0
C0G660 2010013012 -9999 -9999 -9999 0.0
C0G660 2010013013 -9999 -9999 -9999 0.0
C0G660 2010013014 -9999 -9999 -9999 0.0
C0G660 2010013015 -9999 -9999 -9999 0.0
C0G660 2010013016 -9999 -9999 -9999 0.0
C0G660 2010013017 -9999 -9999 -9999 0.0
C0G660 2010013018 -9999 -9999 -9999 0.0
C0G660 2010013019 -9999 -9999 -9999 0.0
C0G660 2010013020 -9999 -9999 -9999 0.0
C0G660 2010013021 -9999 -9999 -9999 0.0
C0G660 2010013022 -9999 -9999 -9999 0.0
C0G660 2010013023 -9999 -9999 -9999 0.0
C0G660 2010013024 -9999 -9999 -9999 0.0
C0G660 2010013101 -9999 -9999 -9999 0.0
C0G660 2010013102 -9999 -9999 -9999 0.0
C0G660 2010013103 -9999 -9999 -9999 0.0
C0G660 2010013104 -9999 -9999 -9999 0.0
C0G660 2010013105 -9999 -9999 -9999 0.0
C0G660 2010013106 -9999 -9999 -9999 0.0
C0G660 2010013107 -9999 -9999 -9999 0.0
C0G660 2010013108 -9999 -9999 -9999 0.0
C0G660 2010013109 -9999 -9999 -9999 0.0
C0G660 2010013110 -9999 -9999 -9999 0.0
C0G660 2010013111 -9999 -9999 -9999 0.0
C0G660 2010013112 -9999 -9999 -9999 0.0
C0G660 2010013113 -9999 -9999 -9999 0.0
C0G660 2010013114 -9999 -9999 -9999 0.0
C0G660 2010013115 -9999 -9999 -9999 0.0
C0G660 2010013116 -9999 -9999 -9999 0.0
C0G660 2010013117 -9999 -9999 -9999 0.0
C0G660 2010013118 -9999 -9999 -9999 0.0
C0G660 2010013119 -9999 -9999 -9999 0.0
C0G660 2010013120 -9999 -9999 -9999 0.0
C0G660 2010013121 -9999 -9999 -9999 0.0
C0G660 2010013122 -9999 -9999 -9999 0.0
C0G660 2010013123 -9999 -9999 -9999 0.0
C0G660 2010013124 -9999 -9999 -9999 0.0
