C0G650 2010050101  -9997   19.9  -9997    0.0    0.0    0.0    0.0
C0G650 2010050102  -9997   19.6  -9997    0.0    0.0    0.0    0.0
C0G650 2010050103  -9997   19.2  -9997    0.0    0.0    0.0    0.0
C0G650 2010050104  -9997   18.8  -9997    0.0    0.0    0.0    0.0
C0G650 2010050105  -9997   18.7  -9997    0.0    0.0    0.0    0.0
C0G650 2010050106  -9997   19.3  -9997    0.0    0.0    0.0    0.0
C0G650 2010050107  -9997   20.3  -9997    0.0    0.0    0.0    0.0
C0G650 2010050108  -9997   25.1  -9997    0.0  -9997    0.0   -9.6
C0G650 2010050109  -9997   27.1  -9997    0.3  180.0    0.0    2.0
C0G650 2010050110  -9997   27.9  -9997    0.7  260.0    0.0    1.0
C0G650 2010050111  -9997   29.2  -9997    0.8  260.0    0.0    1.0
C0G650 2010050112  -9997   29.5  -9997    0.6  200.0    0.0    1.0
C0G650 2010050113  -9997   29.3  -9997    0.2    0.0    0.0   -9.6
C0G650 2010050114  -9997   27.9  -9997  -9997   20.0    0.0    1.9
C0G650 2010050115  -9997   28.1  -9997    0.1    0.0    0.0    0.8
C0G650 2010050116  -9997   26.9  -9997    0.1    0.0    0.0    0.5
C0G650 2010050117  -9997   25.2  -9997    0.1    0.0    0.0    0.0
C0G650 2010050118  -9997   24.3  -9997    0.0    0.0    0.0    0.0
C0G650 2010050119  -9997   23.3  -9997    0.0    0.0    0.0    0.0
C0G650 2010050120  -9997   22.9  -9997    0.0    0.0    0.0    0.0
C0G650 2010050121  -9997   22.3  -9997    0.0    0.0    0.0    0.0
C0G650 2010050122  -9997   21.6  -9997    0.0    0.0    0.0    0.0
C0G650 2010050123  -9997   20.9  -9997    0.0    0.0    0.0    0.0
C0G650 2010050124  -9997   20.7  -9997    0.0    0.0    0.0    0.0
C0G650 2010050201  -9997   20.4  -9997    0.0    0.0    0.0    0.0
C0G650 2010050202  -9997   19.8  -9997    0.0    0.0    0.0    0.0
C0G650 2010050203  -9997   19.8  -9997    0.0    0.0    0.0    0.0
C0G650 2010050204  -9997   19.6  -9997    0.0    0.0    0.0    0.0
C0G650 2010050205  -9997   19.5  -9997    0.0    0.0    0.0    0.0
C0G650 2010050206  -9997   20.1  -9997    0.0    0.0    0.0    0.0
C0G650 2010050207  -9997   22.4  -9997    0.0    0.0    0.0    0.0
C0G650 2010050208  -9997   24.7  -9997    0.1    0.0    0.0    0.3
C0G650 2010050209  -9997   26.7  -9997    0.0    0.0    0.0    0.8
C0G650 2010050210  -9997   28.4  -9997    0.1    0.0    0.0    0.8
C0G650 2010050211  -9997   27.6  -9997    1.3  360.0    0.0    0.8
C0G650 2010050212  -9997   29.3  -9997    0.3  290.0    0.0    0.9
C0G650 2010050213  -9997   29.2  -9997    0.5   40.0    0.0    0.9
C0G650 2010050214  -9997   30.2  -9997    0.7  270.0    0.0    1.0
C0G650 2010050215  -9997   29.8  -9997    0.1    0.0    0.0    1.0
C0G650 2010050216  -9997   28.6  -9997    0.1    0.0    0.0    1.0
C0G650 2010050217  -9997   27.2  -9997    1.7   20.0    0.0    1.0
C0G650 2010050218  -9997   26.5  -9997    0.0    0.0    0.0    0.6
C0G650 2010050219  -9997   25.3  -9997    0.0    0.0    0.0    0.0
C0G650 2010050220  -9997   24.5  -9997    0.0    0.0    0.0    0.0
C0G650 2010050221  -9997   23.4  -9997    0.0    0.0    0.0    0.0
C0G650 2010050222  -9997   22.5  -9997    0.0    0.0    0.0    0.0
C0G650 2010050223  -9997   22.0  -9997    0.0    0.0    0.0    0.0
C0G650 2010050224  -9997   22.5  -9997    0.0    0.0    0.0    0.0
C0G650 2010050301  -9997   21.4  -9997    0.0    0.0    0.0    0.0
C0G650 2010050302  -9997   21.1  -9997    0.0    0.0    0.0    0.0
C0G650 2010050303  -9997   20.8  -9997    0.0    0.0    0.0    0.0
C0G650 2010050304  -9997   20.7  -9997    0.0    0.0    0.0    0.0
C0G650 2010050305  -9997   21.0  -9997    0.0    0.0    0.0    0.0
C0G650 2010050306  -9997   21.6  -9997    0.0    0.0    0.0    0.0
C0G650 2010050307  -9997   23.1  -9997    0.0    0.0    0.0    0.0
C0G650 2010050308  -9997  -9997  -9997  -9997  -9997    0.0   -9.6
C0G650 2010050309  -9997   27.2  -9997    1.2  230.0    0.0   -9.6
C0G650 2010050310  -9997   28.2  -9997    0.3  250.0    0.0    2.4
C0G650 2010050311  -9997   30.2  -9997    1.2  180.0    0.0    1.0
C0G650 2010050312  -9997   30.9  -9997    0.4  250.0    0.0    0.9
C0G650 2010050313  -9997   29.8  -9997    0.7  310.0    0.0    0.6
C0G650 2010050314  -9997   30.8  -9997    1.4  260.0    0.0    0.9
C0G650 2010050315  -9997   29.7  -9997    0.3  280.0    0.0    0.8
C0G650 2010050316  -9997   29.1  -9997    0.5  280.0    0.0    1.0
C0G650 2010050317  -9997   28.0  -9997    0.5  270.0    0.0    0.9
C0G650 2010050318  -9997   26.5  -9997    0.1    0.0    0.0    0.0
C0G650 2010050319  -9997   25.2  -9997    0.0    0.0    0.0    0.0
C0G650 2010050320  -9997   24.3  -9997    0.0    0.0    0.0    0.0
C0G650 2010050321  -9997   23.8  -9997    0.0    0.0    0.0    0.0
C0G650 2010050322  -9997   23.3  -9997    0.0    0.0    0.0    0.0
C0G650 2010050323  -9997   23.0  -9997    0.0    0.0    0.0    0.0
C0G650 2010050324  -9997   22.8  -9997    0.0    0.0    0.0    0.0
C0G650 2010050401  -9997   22.6  -9997    0.0    0.0    0.0    0.0
C0G650 2010050402  -9997   22.1  -9997    0.0    0.0    0.0    0.0
C0G650 2010050403  -9997   21.8  -9997    0.0    0.0    0.0    0.0
C0G650 2010050404  -9997   21.3  -9997    0.0    0.0    0.0    0.0
C0G650 2010050405  -9997   20.7  -9997    0.0    0.0    0.0    0.0
C0G650 2010050406  -9997   21.5  -9997    0.0    0.0    0.0    0.0
C0G650 2010050407  -9997   23.8  -9997    0.3  200.0    0.0    0.0
C0G650 2010050408  -9997   25.3  -9997  -9997  -9997    0.0    0.7
C0G650 2010050409  -9997  -9997  -9997  -9997  -9997    0.0   -9.6
C0G650 2010050410  -9997   29.4  -9997    1.1  170.0    0.0    1.8
C0G650 2010050411  -9997   30.4  -9997    1.6  270.0    0.0    1.0
C0G650 2010050412  -9997   31.0  -9997    0.6  260.0    0.0    0.8
C0G650 2010050413  -9997   31.2  -9997    0.8  260.0    0.0    0.9
C0G650 2010050414  -9997   30.8  -9997    1.3  270.0    0.0    0.9
C0G650 2010050415  -9997   30.6  -9997    1.2  270.0    0.0    1.0
C0G650 2010050416  -9997   29.7  -9997    0.5  290.0    0.0    1.0
C0G650 2010050417  -9997   28.2  -9997    0.3  280.0    0.0    1.0
C0G650 2010050418  -9997   26.6  -9997    0.1    0.0    0.0    0.0
C0G650 2010050419  -9997   25.7  -9997    0.0    0.0    0.0    0.0
C0G650 2010050420  -9997   25.6  -9997    0.0    0.0    0.0    0.0
C0G650 2010050421  -9997   24.8  -9997    0.0    0.0    0.0    0.0
C0G650 2010050422  -9997   23.9  -9997    0.0    0.0    0.0    0.0
C0G650 2010050423  -9997   23.6  -9997    0.0    0.0    0.0    0.0
C0G650 2010050424  -9997   22.3  -9997    0.0    0.0    0.0    0.0
C0G650 2010050501  -9997   21.8  -9997    0.0    0.0    0.0    0.0
C0G650 2010050502  -9997   21.6  -9997    0.0    0.0    0.0    0.0
C0G650 2010050503  -9997   21.9  -9997    0.0    0.0    0.0    0.0
C0G650 2010050504  -9997   22.3  -9997    0.0    0.0    0.0    0.0
C0G650 2010050505  -9997   21.7  -9997    0.0    0.0    0.0    0.0
C0G650 2010050506  -9997   21.8  -9997    0.0    0.0    0.0    0.0
C0G650 2010050507  -9997   25.5  -9997    0.0    0.0    0.0   -9.6
C0G650 2010050508  -9997   28.5  -9997    0.0    0.0    0.0    0.9
C0G650 2010050509  -9997   29.0  -9997    0.8  230.0    0.0    1.0
C0G650 2010050510  -9997   30.7  -9997    0.1    0.0    0.0    0.9
C0G650 2010050511  -9997   31.8  -9997    0.1    0.0    0.0    1.0
C0G650 2010050512  -9997   32.6  -9997    0.2    0.0    0.0    1.0
C0G650 2010050513  -9997   32.6  -9997    0.2    0.0    0.0    0.3
C0G650 2010050514  -9997   29.6  -9997    0.8  260.0    0.0    0.1
C0G650 2010050515  -9997   30.1  -9997    0.2    0.0    0.0    0.0
C0G650 2010050516  -9997   29.5  -9997    0.9  270.0    0.0    0.0
C0G650 2010050517  -9997   28.8  -9997    1.1  270.0    0.0    0.0
C0G650 2010050518  -9997   28.2  -9997    0.8  260.0    0.0    0.0
C0G650 2010050519  -9997   27.8  -9997    0.1    0.0    0.0    0.0
C0G650 2010050520  -9997   27.4  -9997    0.0    0.0    0.0    0.0
C0G650 2010050521  -9997   27.2  -9997    0.0    0.0    0.0    0.0
C0G650 2010050522  -9997   27.0  -9997    0.1    0.0    0.0    0.0
C0G650 2010050523  -9997   26.6  -9997    0.0    0.0    0.0    0.0
C0G650 2010050524  -9997   26.3  -9997    0.1    0.0    0.0    0.0
C0G650 2010050601  -9997   26.0  -9997    0.0    0.0    0.0    0.0
C0G650 2010050602  -9997   25.7  -9997    0.0    0.0    0.0    0.0
C0G650 2010050603  -9997   25.5  -9997    0.0    0.0    0.0    0.0
C0G650 2010050604  -9997   25.4  -9997    0.0    0.0    0.0    0.0
C0G650 2010050605  -9997   25.1  -9997    0.0    0.0    0.0    0.0
C0G650 2010050606  -9997   25.4  -9997    0.0    0.0    0.0    0.0
C0G650 2010050607  -9997   26.7  -9997    0.7  220.0    0.0    0.0
C0G650 2010050608  -9997   27.0  -9997    0.9  200.0    0.0    0.0
C0G650 2010050609  -9997   27.2  -9997    1.2  210.0    0.0    0.0
C0G650 2010050610  -9997   28.5  -9997    1.5  220.0    0.0    0.0
C0G650 2010050611  -9997   28.3  -9997    0.8  260.0    0.0    0.0
C0G650 2010050612  -9997   30.2  -9997    0.5  260.0    0.0    0.1
C0G650 2010050613  -9997   28.5  -9997    1.5  270.0    0.0    0.0
C0G650 2010050614  -9997   28.2  -9997    1.3  260.0    0.0    0.0
C0G650 2010050615  -9997   28.1  -9997    0.7  280.0    0.0    0.0
C0G650 2010050616  -9997   28.3  -9997    0.0  -9997    0.0    0.0
C0G650 2010050617  -9997   28.2  -9997    0.0    0.0    0.0    0.0
C0G650 2010050618  -9997   27.4  -9997    0.0    0.0    0.0    0.0
C0G650 2010050619  -9997   26.7  -9997    0.0    0.0    0.0    0.0
C0G650 2010050620  -9997   26.5  -9997    0.3  270.0    0.0    0.0
C0G650 2010050621  -9997   26.2  -9997    0.0    0.0    0.0    0.0
C0G650 2010050622  -9997   25.7  -9997    0.0    0.0    0.0    0.0
C0G650 2010050623  -9997   25.5  -9997    0.0    0.0    0.0    0.0
C0G650 2010050624  -9997   25.2  -9997    0.0    0.0    0.0    0.0
C0G650 2010050701  -9997   25.6  -9997    0.0    0.0    0.0    0.0
C0G650 2010050702  -9997   25.4  -9997    0.0    0.0    0.0    0.0
C0G650 2010050703  -9997   25.5  -9997    0.0    0.0    0.0    0.0
C0G650 2010050704  -9997   24.9  -9997    0.0    0.0    0.0    0.0
C0G650 2010050705  -9997   24.6  -9997    0.0    0.0    0.0    0.0
C0G650 2010050706  -9997   24.7  -9997    0.0    0.0    0.0    0.0
C0G650 2010050707  -9997   26.8  -9997    0.0    0.0    0.0    0.0
C0G650 2010050708  -9997   27.8  -9997    0.2    0.0    0.0    0.0
C0G650 2010050709  -9997   28.3  -9997    1.0  200.0    0.0    0.0
C0G650 2010050710  -9997   29.6  -9997    0.4  190.0    0.0    0.0
C0G650 2010050711  -9997   29.1  -9997    0.9  220.0    0.0    0.0
C0G650 2010050712  -9997   29.2  -9997    0.4  190.0    0.0    0.0
C0G650 2010050713  -9997   29.6  -9997    0.9  230.0    0.0    0.0
C0G650 2010050714  -9997   28.9  -9997    0.4  270.0    0.0   -9.6
C0G650 2010050715  -9997   27.8  -9997    0.7   20.0    0.0    0.1
C0G650 2010050716  -9997   28.7  -9997    0.0    0.0    0.0    0.1
C0G650 2010050717  -9997   28.0  -9997    0.0    0.0    0.0    0.0
C0G650 2010050718  -9997   26.8  -9997    0.0    0.0    0.0    0.0
C0G650 2010050719  -9997   25.3  -9997    0.0    0.0    0.0    0.0
C0G650 2010050720  -9997   25.1  -9997    0.0    0.0    0.0    0.0
C0G650 2010050721  -9997   24.5  -9997  -9997    0.0    0.0    0.0
C0G650 2010050722  -9997   24.1  -9997    0.0    0.0    0.0    0.0
C0G650 2010050723  -9997   24.2  -9997    0.0    0.0    0.0    0.0
C0G650 2010050724  -9997   23.8  -9997    0.0    0.0    0.0    0.0
C0G650 2010050801  -9997   23.7  -9997    0.0    0.0    0.0    0.0
C0G650 2010050802  -9997   23.5  -9997    0.0    0.0    0.0    0.0
C0G650 2010050803  -9997   23.5  -9997    0.0    0.0    0.0    0.0
C0G650 2010050804  -9997   23.6  -9997    0.0    0.0    0.0    0.0
C0G650 2010050805  -9997   23.8  -9997    0.0    0.0    0.0    0.0
C0G650 2010050806  -9997   23.3  -9997    0.0    0.0    3.0    0.0
C0G650 2010050807  -9997   23.6  -9997    0.1    0.0    0.5    0.0
C0G650 2010050808  -9997   25.3  -9997    0.0    0.0    0.0    0.0
C0G650 2010050809  -9997   29.0  -9997    0.1    0.0    0.0   -9.6
C0G650 2010050810  -9997   30.0  -9997    0.1    0.0    0.0    1.6
C0G650 2010050811  -9997   30.7  -9997    1.1  270.0    0.0    0.3
C0G650 2010050812  -9997   30.6  -9997    0.8  270.0    0.0    0.3
C0G650 2010050813  -9997   29.2  -9997    0.0    0.0    0.0    0.0
C0G650 2010050814  -9997   28.5  -9997    0.2    0.0    0.0    0.0
C0G650 2010050815  -9997   29.1  -9997    0.5   60.0    0.0    0.4
C0G650 2010050816  -9997   29.7  -9997    0.1    0.0    0.0    0.1
C0G650 2010050817  -9997   28.7  -9997    0.0    0.0    0.0    0.1
C0G650 2010050818  -9997   27.9  -9997    0.0    0.0    0.0    0.0
C0G650 2010050819  -9997   26.5  -9997    0.0    0.0    0.0    0.0
C0G650 2010050820  -9997   25.7  -9997    0.0    0.0    0.0    0.0
C0G650 2010050821  -9997   26.0  -9997    0.0    0.0    0.0    0.0
C0G650 2010050822  -9997   25.7  -9997    0.0    0.0    0.0    0.0
C0G650 2010050823  -9997   25.7  -9997    0.0    0.0    0.0    0.0
C0G650 2010050824  -9997   25.3  -9997    0.0    0.0    0.0    0.0
C0G650 2010050901  -9997   24.8  -9997    0.0    0.0    0.5    0.0
C0G650 2010050902  -9997   24.7  -9997    0.0    0.0    0.0    0.0
C0G650 2010050903  -9997   24.9  -9997    0.0    0.0    0.0    0.0
C0G650 2010050904  -9997   25.0  -9997    0.0    0.0    0.0    0.0
C0G650 2010050905  -9997   25.3  -9997    0.0    0.0    0.0    0.0
C0G650 2010050906  -9997   25.3  -9997    0.0    0.0    0.0    0.0
C0G650 2010050907  -9997   25.6  -9997    0.0    0.0    0.0    0.0
C0G650 2010050908  -9997   25.9  -9997    0.7  240.0    0.0    0.0
C0G650 2010050909  -9997   26.0  -9997    0.7  260.0    0.0    0.0
C0G650 2010050910  -9997   27.7  -9997    0.9  240.0    0.0    0.0
C0G650 2010050911  -9997   29.8  -9997    1.2  200.0    0.0    0.2
C0G650 2010050912  -9997   30.8  -9997    2.0  220.0    0.0    0.7
C0G650 2010050913  -9997   32.3  -9997    3.0  190.0    0.0    1.0
C0G650 2010050914  -9997   33.0  -9997    0.5  260.0    0.0    0.9
C0G650 2010050915  -9997   32.5  -9997    1.4  230.0    0.0    0.3
C0G650 2010050916  -9997   31.8  -9997    0.7  280.0    0.0    0.4
C0G650 2010050917  -9997   29.5  -9997    0.3  260.0    0.0    0.4
C0G650 2010050918  -9997   28.5  -9997    0.0    0.0    0.0    0.0
C0G650 2010050919  -9997   28.0  -9997    0.0    0.0    0.0    0.0
C0G650 2010050920  -9997   27.5  -9997    0.0    0.0    0.0    0.0
C0G650 2010050921  -9997   26.9  -9997    0.0    0.0    0.0    0.0
C0G650 2010050922  -9997   26.6  -9997    0.0    0.0    0.0    0.0
C0G650 2010050923  -9997   26.5  -9997    0.0    0.0    0.0    0.0
C0G650 2010050924  -9997   26.2  -9997    0.0    0.0    0.0    0.0
C0G650 2010051001  -9997   26.0  -9997    0.0    0.0    0.0    0.0
C0G650 2010051002  -9997   26.0  -9997    0.0    0.0    0.0    0.0
C0G650 2010051003  -9997   25.6  -9997    0.0    0.0    0.0    0.0
C0G650 2010051004  -9997   25.6  -9997    0.0    0.0    0.0    0.0
C0G650 2010051005  -9997   25.6  -9997    0.1    0.0    0.0    0.0
C0G650 2010051006  -9997   25.7  -9997    0.4  260.0    0.0    0.0
C0G650 2010051007  -9997   26.4  -9997    0.5   30.0    0.0    0.0
C0G650 2010051008  -9997   28.9  -9997    0.6  180.0    0.0    0.7
C0G650 2010051009  -9997   30.7  -9997    1.1  200.0    0.0    1.0
C0G650 2010051010  -9997   31.8  -9997    0.4  250.0    0.0    0.5
C0G650 2010051011  -9997   33.5  -9997    0.6  290.0    0.0    0.9
C0G650 2010051012  -9997   31.2  -9997    0.4   30.0    0.0    0.9
C0G650 2010051013  -9997   30.5  -9997    1.2   20.0    0.0    1.0
C0G650 2010051014  -9997   31.0  -9997    0.3  320.0    0.0    1.0
C0G650 2010051015  -9997   31.8  -9997    0.2    0.0    0.0    0.6
C0G650 2010051016  -9997   29.4  -9997    0.4  260.0    0.0    0.2
C0G650 2010051017  -9997   26.7  -9997    0.0    0.0    0.0    0.0
C0G650 2010051018  -9997   25.6  -9997    0.1    0.0    0.0    0.0
C0G650 2010051019  -9997   25.0  -9997    0.2    0.0    0.0    0.0
C0G650 2010051020  -9997   24.0  -9997    0.1    0.0    0.0    0.0
C0G650 2010051021  -9997   23.8  -9997    0.3   50.0    0.0    0.0
C0G650 2010051022  -9997   23.6  -9997    0.0    0.0    0.0    0.0
C0G650 2010051023  -9997   24.0  -9997    0.0    0.0    0.0    0.0
C0G650 2010051024  -9997   23.3  -9997    0.0    0.0    0.0    0.0
C0G650 2010051101  -9997   22.4  -9997    0.1    0.0    0.0    0.0
C0G650 2010051102  -9997   22.5  -9997    0.0    0.0    0.0    0.0
C0G650 2010051103  -9997   22.4  -9997    0.0    0.0    0.0    0.0
C0G650 2010051104  -9997   22.2  -9997    0.0    0.0    0.0    0.0
C0G650 2010051105  -9997   22.3  -9997    0.0    0.0    0.0    0.0
C0G650 2010051106  -9997   22.2  -9997    0.0    0.0    0.0    0.0
C0G650 2010051107  -9997   24.1  -9997    0.0    0.0    0.0    0.0
C0G650 2010051108  -9997   26.3  -9997    0.1    0.0    0.0    0.2
C0G650 2010051109  -9997   25.7  -9997    0.0    0.0    0.0    0.3
C0G650 2010051110  -9997   27.9  -9997    0.1    0.0    0.0    1.0
C0G650 2010051111  -9997   29.4  -9997    0.4  240.0    0.0    0.3
C0G650 2010051112  -9997   31.1  -9997    0.6  260.0    0.0    0.3
C0G650 2010051113  -9997   29.6  -9997    0.4  290.0    0.0    0.1
C0G650 2010051114  -9997   29.2  -9997    0.3  340.0    0.0    0.0
C0G650 2010051115  -9997   28.4  -9997    0.5  320.0    0.0    0.0
C0G650 2010051116  -9997   27.7  -9997    0.4   20.0    0.0    0.0
C0G650 2010051117  -9997   27.0  -9997    0.8   10.0    0.0    0.0
C0G650 2010051118  -9997   26.6  -9997    0.2    0.0    0.0    0.0
C0G650 2010051119  -9997   25.4  -9997    0.0    0.0    0.0    0.0
C0G650 2010051120  -9997   24.8  -9997    0.0    0.0    0.0    0.0
C0G650 2010051121  -9997   24.2  -9997    0.0    0.0    0.0    0.0
C0G650 2010051122  -9997   23.8  -9997    0.0    0.0    0.0    0.0
C0G650 2010051123  -9997   23.7  -9997    0.0    0.0    0.0    0.0
C0G650 2010051124  -9997   23.2  -9997    0.0    0.0    0.0    0.0
C0G650 2010051201  -9997   22.8  -9997    0.0    0.0    0.0    0.0
C0G650 2010051202  -9997   22.8  -9997    0.0    0.0    0.0    0.0
C0G650 2010051203  -9997   22.8  -9997    0.0    0.0    0.0    0.0
C0G650 2010051204  -9997   22.6  -9997    0.0    0.0    0.0    0.0
C0G650 2010051205  -9997   22.7  -9997    0.0    0.0    0.0    0.0
C0G650 2010051206  -9997   22.8  -9997    0.0    0.0    0.0    0.0
C0G650 2010051207  -9997   24.1  -9997    0.0    0.0    0.0    0.0
C0G650 2010051208  -9997   25.7  -9997    0.1    0.0    0.0    0.2
C0G650 2010051209  -9997   27.9  -9997    0.0    0.0    0.0    0.9
C0G650 2010051210  -9997   29.5  -9997    0.7  260.0    0.0    0.7
C0G650 2010051211  -9997   30.7  -9997    0.6  260.0    0.0    0.9
C0G650 2010051212  -9997   30.6  -9997    0.1    0.0    0.0    0.8
C0G650 2010051213  -9997   30.0  -9997    0.3   10.0    0.0    0.7
C0G650 2010051214  -9997  -9997  -9997  -9997  -9997    0.0   -9.6
C0G650 2010051215  -9997  -9997  -9997  -9997  -9997    0.0   -9.6
C0G650 2010051216  -9997  -9997  -9997  -9997  -9997    0.0   -9.6
C0G650 2010051217  -9997   29.3  -9997    0.1    0.0    0.0    2.8
C0G650 2010051218  -9997   27.3  -9997    0.0  -9997    0.0    0.0
C0G650 2010051219  -9997   26.2  -9997    0.0    0.0    0.0    0.0
C0G650 2010051220  -9997   25.8  -9997    0.0    0.0    0.0    0.0
C0G650 2010051221  -9997   25.0  -9997    0.0    0.0    0.0    0.0
C0G650 2010051222  -9997   24.5  -9997    0.0    0.0    0.0    0.0
C0G650 2010051223  -9997   24.8  -9997    0.0    0.0    0.0    0.0
C0G650 2010051224  -9997   24.2  -9997    0.0    0.0    0.0    0.0
C0G650 2010051301  -9997   24.2  -9997    0.0    0.0    0.0    0.0
C0G650 2010051302  -9997   23.7  -9997    0.0    0.0    0.0    0.0
C0G650 2010051303  -9997   23.4  -9997    0.0    0.0    0.0    0.0
C0G650 2010051304  -9997   23.3  -9997    0.0    0.0    0.0    0.0
C0G650 2010051305  -9997   22.6  -9997    0.1    0.0    0.0    0.0
C0G650 2010051306  -9997   23.8  -9997    0.0    0.0    0.0    0.0
C0G650 2010051307  -9997   25.0  -9997    0.1    0.0    0.0    0.0
C0G650 2010051308  -9997   27.3  -9997    0.0    0.0    0.0    0.8
C0G650 2010051309  -9997   28.8  -9997    0.1    0.0    0.0    0.7
C0G650 2010051310  -9997   31.1  -9997    0.1    0.0    0.0    0.7
C0G650 2010051311  -9997  -9997  -9997  -9997  -9997    0.0   -9.6
C0G650 2010051312  -9997   31.3  -9997    0.1    0.0    0.0    1.4
C0G650 2010051313  -9997   30.5  -9997  -9997  320.0    0.0   -9.6
C0G650 2010051314  -9997   30.0  -9997    0.4  340.0    0.0    0.1
C0G650 2010051315  -9997   28.8  -9997    0.3  300.0    0.0    0.0
C0G650 2010051316  -9997   28.2  -9997    1.8   20.0    0.0    0.1
C0G650 2010051317  -9997   28.0  -9997    0.1    0.0    0.0    0.0
C0G650 2010051318  -9997   26.9  -9997    0.0    0.0    0.0    0.0
C0G650 2010051319  -9997   26.3  -9997    0.0    0.0    0.0    0.0
C0G650 2010051320  -9997   25.7  -9997    0.0    0.0    0.0    0.0
C0G650 2010051321  -9997   24.5  -9997    0.3   70.0    0.0    0.0
C0G650 2010051322  -9997   24.4  -9997    0.0    0.0    0.0    0.0
C0G650 2010051323  -9997   23.9  -9997    0.0    0.0    0.0    0.0
C0G650 2010051324  -9997   23.8  -9997    0.0    0.0    0.0    0.0
C0G650 2010051401  -9997   23.5  -9997    0.0    0.0    0.0    0.0
C0G650 2010051402  -9997   23.8  -9997    0.0    0.0    0.0    0.0
C0G650 2010051403  -9997   23.4  -9997    0.2    0.0    0.0    0.0
C0G650 2010051404  -9997   23.1  -9997    0.6   30.0    0.0    0.0
C0G650 2010051405  -9997   23.4  -9997    0.0    0.0    0.0    0.0
C0G650 2010051406  -9997   23.5  -9997    0.0    0.0    0.0    0.0
C0G650 2010051407  -9997   23.2  -9997    0.9   30.0    0.0    0.0
C0G650 2010051408  -9997   24.3  -9997    0.6   20.0    0.0    0.0
C0G650 2010051409  -9997   27.8  -9997    0.2    0.0    0.0    0.5
C0G650 2010051410  -9997   27.7  -9997    0.5  340.0    0.0    0.0
C0G650 2010051411  -9997   26.6  -9997    0.3   30.0    0.0    0.0
C0G650 2010051412  -9997   26.6  -9997    1.5   10.0    0.0    0.8
C0G650 2010051413  -9997   27.2  -9997    1.0   10.0    0.0    0.8
C0G650 2010051414  -9997   28.1  -9997    0.6   20.0    0.0    0.6
C0G650 2010051415  -9997   28.1  -9997    1.1   20.0    0.0    0.0
C0G650 2010051416  -9997   28.4  -9997    0.4   10.0    0.0    0.6
C0G650 2010051417  -9997   26.7  -9997    0.4   10.0    0.0    0.8
C0G650 2010051418  -9997   25.0  -9997    1.5   20.0    0.0    0.3
C0G650 2010051419  -9997   24.3  -9997    0.3   50.0    0.0    0.0
C0G650 2010051420  -9997   23.7  -9997    1.1   10.0    0.0    0.0
C0G650 2010051421  -9997   23.6  -9997    0.0    0.0    0.0    0.0
C0G650 2010051422  -9997   23.5  -9997    0.0    0.0    0.0    0.0
C0G650 2010051423  -9997   23.1  -9997    0.0    0.0    0.0    0.0
C0G650 2010051424  -9997   23.1  -9997    0.0    0.0    0.0    0.0
C0G650 2010051501  -9997   23.1  -9997    0.0    0.0    0.0    0.0
C0G650 2010051502  -9997   22.6  -9997    0.0    0.0    0.0    0.0
C0G650 2010051503  -9997   22.6  -9997    0.0    0.0    0.0    0.0
C0G650 2010051504  -9997   22.6  -9997    0.0    0.0    0.0    0.0
C0G650 2010051505  -9997   22.2  -9997    0.0    0.0    0.0    0.0
C0G650 2010051506  -9997   22.4  -9997    0.0    0.0    0.0    0.0
C0G650 2010051507  -9997   23.0  -9997    0.0    0.0    0.0    0.0
C0G650 2010051508  -9997   25.4  -9997    0.0    0.0    0.0    0.2
C0G650 2010051509  -9997   26.9  -9997    0.2    0.0    0.0    0.4
C0G650 2010051510  -9997   28.1  -9997    0.2    0.0    0.0    0.1
C0G650 2010051511  -9997   26.8  -9997    0.7  320.0    0.0    0.1
C0G650 2010051512  -9997   24.9  -9997    0.6   30.0    0.0    0.0
C0G650 2010051513  -9997   24.4  -9997    0.4   20.0    0.0    0.0
C0G650 2010051514  -9997   24.6  -9997    0.1    0.0    0.0    0.0
C0G650 2010051515  -9997   24.4  -9997    0.2    0.0    0.0    0.0
C0G650 2010051516  -9997   24.2  -9997    1.3   30.0    0.0    0.0
C0G650 2010051517  -9997   24.3  -9997    0.1    0.0    0.0    0.0
C0G650 2010051518  -9997   24.1  -9997    0.6   10.0    0.0    0.0
C0G650 2010051519  -9997   23.5  -9997    1.6   60.0    0.0    0.0
C0G650 2010051520  -9997   23.9  -9997    0.0    0.0    0.0    0.0
C0G650 2010051521  -9997   24.2  -9997    0.0    0.0    0.0    0.0
C0G650 2010051522  -9997   23.2  -9997    0.0    0.0    0.0    0.0
C0G650 2010051523  -9997   22.7  -9997    0.0    0.0    0.0    0.0
C0G650 2010051524  -9997   22.7  -9997    0.3   10.0    0.0    0.0
C0G650 2010051601  -9997   22.1  -9997    0.6   10.0    0.0    0.0
C0G650 2010051602  -9997   22.3  -9997    0.3   20.0    0.0    0.0
C0G650 2010051603  -9997   22.3  -9997    0.0    0.0    0.0    0.0
C0G650 2010051604  -9997   21.9  -9997    0.0    0.0    0.0    0.0
C0G650 2010051605  -9997   21.8  -9997    0.0    0.0    0.0    0.0
C0G650 2010051606  -9997   21.6  -9997    0.0    0.0    0.0    0.0
C0G650 2010051607  -9997   21.8  -9997    1.1   10.0    0.0    0.0
C0G650 2010051608  -9997   22.4  -9997    0.2    0.0    0.0    0.0
C0G650 2010051609  -9997   22.5  -9997    0.2    0.0    0.0    0.0
C0G650 2010051610  -9997   23.8  -9997    0.6   30.0    0.0    0.0
C0G650 2010051611  -9997   26.9  -9997    0.2    0.0    0.0    0.5
C0G650 2010051612  -9997   28.9  -9997    0.4  320.0    0.0    1.0
C0G650 2010051613  -9997   30.7  -9997    0.2    0.0    0.0    1.0
C0G650 2010051614  -9997   31.0  -9997    0.8  300.0    0.0    1.0
C0G650 2010051615  -9997   30.5  -9997    0.4   20.0    0.0    1.0
C0G650 2010051616  -9997   28.1  -9997    0.6  350.0    0.0    1.0
C0G650 2010051617  -9997   26.8  -9997    0.5   20.0    0.0    1.0
C0G650 2010051618  -9997   26.1  -9997    0.3   20.0    0.0    0.2
C0G650 2010051619  -9997   25.2  -9997    0.1    0.0    0.0    0.0
C0G650 2010051620  -9997   24.7  -9997    0.0    0.0    0.0    0.0
C0G650 2010051621  -9997   24.0  -9997    0.0    0.0    0.0    0.0
C0G650 2010051622  -9997   23.8  -9997    0.0    0.0    0.0    0.0
C0G650 2010051623  -9997   24.1  -9997    0.0    0.0    0.0    0.0
C0G650 2010051624  -9997   23.4  -9997    0.0    0.0    0.0    0.0
C0G650 2010051701  -9997   23.3  -9997    0.0    0.0    0.0    0.0
C0G650 2010051702  -9997   23.5  -9997    0.1    0.0    0.0    0.0
C0G650 2010051703  -9997   23.1  -9997  -9997    0.0    0.0    0.0
C0G650 2010051704  -9997   23.4  -9997    0.0    0.0    0.0    0.0
C0G650 2010051705  -9997   23.5  -9997    0.0    0.0    0.0    0.0
C0G650 2010051706  -9997   23.7  -9997    0.0    0.0    0.0    0.0
C0G650 2010051707  -9997   24.4  -9997    0.1    0.0    0.0    0.0
C0G650 2010051708  -9997   25.1  -9997    0.0    0.0    0.0    0.0
C0G650 2010051709  -9997   27.6  -9997    0.5  230.0    0.0    0.9
C0G650 2010051710  -9997   29.2  -9997    1.3  250.0    0.0    1.0
C0G650 2010051711  -9997   31.8  -9997    0.7  240.0    0.0    1.0
C0G650 2010051712  -9997   32.3  -9997    1.7  250.0    0.0    1.0
C0G650 2010051713  -9997   31.6  -9997    0.3  290.0    0.0    1.0
C0G650 2010051714  -9997   32.5  -9997    0.1    0.0    0.0    1.0
C0G650 2010051715  -9997   32.2  -9997    0.8  260.0    0.0    1.0
C0G650 2010051716  -9997   30.5  -9997    0.3  230.0    0.0    1.0
C0G650 2010051717  -9997   28.6  -9997    0.4  270.0    0.0    0.8
C0G650 2010051718  -9997   27.6  -9997    0.0    0.0    0.0    0.0
C0G650 2010051719  -9997   27.1  -9997    0.0    0.0    0.0    0.0
C0G650 2010051720  -9997   26.3  -9997    0.0    0.0    0.0    0.0
C0G650 2010051721  -9997   26.0  -9997    0.0    0.0    0.0    0.0
C0G650 2010051722  -9997   25.6  -9997    0.0    0.0    0.0    0.0
C0G650 2010051723  -9997   25.3  -9997    0.0    0.0    0.0    0.0
C0G650 2010051724  -9997   25.0  -9997    0.0    0.0    0.0    0.0
C0G650 2010051801  -9997   24.5  -9997    0.0    0.0    0.0    0.0
C0G650 2010051802  -9997   24.2  -9997    0.0    0.0    0.0    0.0
C0G650 2010051803  -9997   23.8  -9997    0.0    0.0    0.0    0.0
C0G650 2010051804  -9997   23.8  -9997    0.0    0.0    0.0    0.0
C0G650 2010051805  -9997   23.7  -9997    0.0    0.0    0.0    0.0
C0G650 2010051806  -9997   24.4  -9997    0.0    0.0    0.0    0.0
C0G650 2010051807  -9997   26.5  -9997    0.0    0.0    0.0    0.1
C0G650 2010051808  -9997   28.5  -9997    0.4  200.0    0.0    0.9
C0G650 2010051809  -9997   30.4  -9997    0.7  240.0    0.0    1.0
C0G650 2010051810  -9997   31.7  -9997    1.0  210.0    0.0    1.0
C0G650 2010051811  -9997   33.3  -9997    0.7  260.0    0.0    1.0
C0G650 2010051812  -9997   33.2  -9997    0.9  250.0    0.0   -9.6
C0G650 2010051813  -9997   33.1  -9997    0.7  270.0    0.0    1.7
C0G650 2010051814  -9997   33.4  -9997    1.3  270.0    0.0    1.0
C0G650 2010051815  -9997   33.2  -9997    1.3  280.0    0.0    1.0
C0G650 2010051816  -9997   31.9  -9997    1.5  270.0    0.0    0.8
C0G650 2010051817  -9997   30.8  -9997    0.2    0.0    0.0    0.8
C0G650 2010051818  -9997   29.1  -9997    1.0  270.0    0.0    0.0
C0G650 2010051819  -9997   27.7  -9997    0.5  270.0    0.0    0.0
C0G650 2010051820  -9997   26.5  -9997    0.2    0.0    0.0    0.0
C0G650 2010051821  -9997   25.9  -9997    0.2    0.0    0.0    0.0
C0G650 2010051822  -9997   25.9  -9997    0.4  190.0    0.0    0.0
C0G650 2010051823  -9997   26.1  -9997    0.1    0.0    0.0    0.0
C0G650 2010051824  -9997   25.7  -9997    0.0    0.0    0.0    0.0
C0G650 2010051901  -9997   25.1  -9997    0.0    0.0    0.0    0.0
C0G650 2010051902  -9997   24.3  -9997    0.0    0.0    0.0    0.0
C0G650 2010051903  -9997   24.2  -9997    0.0    0.0    0.0    0.0
C0G650 2010051904  -9997   23.6  -9997    0.0    0.0    0.0    0.0
C0G650 2010051905  -9997   23.2  -9997    0.0    0.0    0.0    0.0
C0G650 2010051906  -9997   23.5  -9997    0.5  190.0    0.0    0.1
C0G650 2010051907  -9997   27.7  -9997    0.4  180.0    0.0    0.7
C0G650 2010051908  -9997   28.5  -9997    1.4  210.0    0.0    0.9
C0G650 2010051909  -9997   30.1  -9997    0.6  210.0    0.0    1.0
C0G650 2010051910  -9997   31.1  -9997    1.4  240.0    0.0    1.0
C0G650 2010051911  -9997   32.9  -9997    1.1  200.0    0.0    1.0
C0G650 2010051912  -9997   32.0  -9997    1.8  230.0    0.0    0.9
C0G650 2010051913  -9997   34.0  -9997    0.8  260.0    0.0    0.9
C0G650 2010051914  -9997   33.1  -9997    0.6  270.0    0.0    0.7
C0G650 2010051915  -9997   33.3  -9997    1.1  270.0    0.0    1.0
C0G650 2010051916  -9997   32.2  -9997    1.2  270.0    0.0    0.8
C0G650 2010051917  -9997   30.0  -9997    1.0  270.0    0.0    0.1
C0G650 2010051918  -9997   28.7  -9997    0.7  240.0    0.0    0.0
C0G650 2010051919  -9997   27.8  -9997    0.4  250.0    0.0    0.0
C0G650 2010051920  -9997   26.9  -9997    0.5  210.0    0.0    0.0
C0G650 2010051921  -9997   26.7  -9997    0.0    0.0    0.0    0.0
C0G650 2010051922  -9997   26.8  -9997    0.1    0.0    0.0    0.0
C0G650 2010051923  -9997   26.7  -9997    0.0    0.0    0.0    0.0
C0G650 2010051924  -9997   26.2  -9997    0.0    0.0    0.0    0.0
C0G650 2010052001  -9997   25.8  -9997    0.0    0.0    0.0    0.0
C0G650 2010052002  -9997   25.3  -9997    0.0    0.0    0.0    0.0
C0G650 2010052003  -9997   24.9  -9997    0.0    0.0    0.0    0.0
C0G650 2010052004  -9997   24.8  -9997    0.0    0.0    0.0    0.0
C0G650 2010052005  -9997   24.4  -9997    0.0    0.0    0.0    0.0
C0G650 2010052006  -9997   24.7  -9997    0.7  120.0    0.0    0.0
C0G650 2010052007  -9997   27.2  -9997    0.8  130.0    0.0    0.0
C0G650 2010052008  -9997   30.6  -9997    0.0    0.0    0.0   -9.6
C0G650 2010052009  -9997   29.9  -9997    0.1    0.0    0.0    0.5
C0G650 2010052010  -9997   30.5  -9997    1.1  260.0    0.0    0.0
C0G650 2010052011  -9997   32.0  -9997    0.4  270.0    0.0    0.1
C0G650 2010052012  -9997   31.1  -9997    0.7  280.0    0.0    0.1
C0G650 2010052013  -9997   32.2  -9997    1.5  260.0    0.0    0.1
C0G650 2010052014  -9997   32.8  -9997    1.0  250.0    0.0    0.1
C0G650 2010052015  -9997   31.0  -9997    0.5  260.0    0.0    0.1
C0G650 2010052016  -9997   30.4  -9997    1.3  280.0    0.0    0.1
C0G650 2010052017  -9997   29.7  -9997    1.1  270.0    0.0    0.0
C0G650 2010052018  -9997   28.9  -9997    0.9  270.0    0.0    0.0
C0G650 2010052019  -9997   27.9  -9997    0.0    0.0    0.0    0.0
C0G650 2010052020  -9997   27.0  -9997    0.0    0.0    0.0    0.0
C0G650 2010052021  -9997   26.6  -9997    0.0    0.0    0.0    0.0
C0G650 2010052022  -9997   26.1  -9997    0.0    0.0    0.0    0.0
C0G650 2010052023  -9997   25.8  -9997    0.0    0.0    0.0    0.0
C0G650 2010052024  -9997   25.3  -9997    0.0    0.0    0.0    0.0
C0G650 2010052101  -9997   24.7  -9997    0.0    0.0    0.0    0.0
C0G650 2010052102  -9997   24.5  -9997    0.0    0.0    0.0    0.0
C0G650 2010052103  -9997   24.5  -9997    0.0    0.0    0.0    0.0
C0G650 2010052104  -9997   24.1  -9997    0.0    0.0    0.0    0.0
C0G650 2010052105  -9997   23.8  -9997    0.0    0.0    0.0    0.0
C0G650 2010052106  -9997   24.9  -9997    0.0    0.0    0.0    0.2
C0G650 2010052107  -9997   27.6  -9997    0.0    0.0    0.0    0.7
C0G650 2010052108  -9997   29.5  -9997    0.5  220.0    0.0    1.0
C0G650 2010052109  -9997   30.8  -9997    0.7  260.0    0.0    1.0
C0G650 2010052110  -9997   32.2  -9997    1.2  210.0    0.0    1.0
C0G650 2010052111  -9997   33.5  -9997    1.1  260.0    0.0    1.0
C0G650 2010052112  -9997   32.8  -9997    0.4  290.0    0.0    0.8
C0G650 2010052113  -9997   34.1  -9997    0.6  270.0    0.0    0.4
C0G650 2010052114  -9997   34.8  -9997    0.4  280.0    0.0    0.4
C0G650 2010052115  -9997   32.3  -9997    0.2    0.0    0.0    0.0
C0G650 2010052116  -9997   31.4  -9997    1.3  260.0    0.0    0.1
C0G650 2010052117  -9997   29.6  -9997    1.3  270.0    0.0    0.0
C0G650 2010052118  -9997   28.9  -9997    0.2    0.0    0.0    0.0
C0G650 2010052119  -9997   28.1  -9997    0.1    0.0    0.0    0.0
C0G650 2010052120  -9997   27.6  -9997    0.3  210.0    0.0    0.0
C0G650 2010052121  -9997   27.1  -9997    0.0    0.0    0.0    0.0
C0G650 2010052122  -9997   26.6  -9997    0.0    0.0    0.0    0.0
C0G650 2010052123  -9997   26.5  -9997    0.0    0.0    0.0    0.0
C0G650 2010052124  -9997   26.1  -9997    0.0    0.0    0.0    0.0
C0G650 2010052201  -9997   25.6  -9997    0.0    0.0    0.0    0.0
C0G650 2010052202  -9997   24.9  -9997    0.0    0.0    0.0    0.0
C0G650 2010052203  -9997   25.4  -9997    0.0    0.0    0.0    0.0
C0G650 2010052204  -9997   25.0  -9997    0.0    0.0    0.0    0.0
C0G650 2010052205  -9997   24.8  -9997    0.0    0.0    0.0    0.0
C0G650 2010052206  -9997   25.4  -9997    0.0    0.0    0.0    0.0
C0G650 2010052207  -9997   27.4  -9997    0.8  190.0    0.0    0.2
C0G650 2010052208  -9997   29.0  -9997    1.2  220.0    0.0    0.5
C0G650 2010052209  -9997   29.1  -9997    2.4  200.0    0.0    0.6
C0G650 2010052210  -9997   31.9  -9997    2.0  220.0    0.0    0.9
C0G650 2010052211  -9997   33.1  -9997    2.7  220.0    0.0    1.0
C0G650 2010052212  -9997   33.6  -9997    2.6  240.0    0.0    1.0
C0G650 2010052213  -9997   33.5  -9997    2.3  280.0    0.0    0.7
C0G650 2010052214  -9997   33.9  -9997    2.9  260.0    0.0    0.8
C0G650 2010052215  -9997   33.7  -9997    3.5  250.0    0.0    1.0
C0G650 2010052216  -9997   32.5  -9997    2.2  260.0    0.0    0.1
C0G650 2010052217  -9997   30.6  -9997    1.9  250.0    0.0    0.0
C0G650 2010052218  -9997   29.6  -9997    1.6  200.0    0.0    0.0
C0G650 2010052219  -9997   28.9  -9997    1.2  200.0    0.0    0.0
C0G650 2010052220  -9997   28.4  -9997    0.8  180.0    0.0    0.0
C0G650 2010052221  -9997   28.4  -9997    1.2  190.0    0.0    0.0
C0G650 2010052222  -9997   28.3  -9997    2.0  190.0    0.0    0.0
C0G650 2010052223  -9997   28.2  -9997    1.1  200.0    0.0    0.0
C0G650 2010052224  -9997   27.9  -9997    0.0    0.0    0.0    0.0
C0G650 2010052301  -9997   27.6  -9997    0.6  170.0    0.0    0.0
C0G650 2010052302  -9997   27.3  -9997    0.5  190.0    0.0    0.0
C0G650 2010052303  -9997   27.6  -9997    1.6  200.0    0.0    0.0
C0G650 2010052304  -9997   27.2  -9997    1.8  190.0    0.0    0.0
C0G650 2010052305  -9997   27.1  -9997    1.4  190.0    0.0    0.0
C0G650 2010052306  -9997   27.7  -9997    1.2  220.0    0.0    0.0
C0G650 2010052307  -9997   28.4  -9997    1.8  210.0    0.0    0.0
C0G650 2010052308  -9997   28.6  -9997    1.6  210.0    0.0    0.0
C0G650 2010052309  -9997   24.9  -9997    3.3  -9997    2.0    0.0
C0G650 2010052310  -9997   24.0  -9997    3.4  190.0    8.5    0.0
C0G650 2010052311  -9997   24.5  -9997    0.8  220.0   26.0    0.0
C0G650 2010052312  -9997   26.7  -9997    2.9  220.0   17.0    0.0
C0G650 2010052313  -9997   25.6  -9997    1.0  190.0    6.5    0.0
C0G650 2010052314  -9997   24.9  -9997    2.8  190.0    5.0    0.0
C0G650 2010052315  -9997   25.0  -9997    2.8  180.0    5.0    0.0
C0G650 2010052316  -9997   24.7  -9997    2.3  190.0    2.0    0.0
C0G650 2010052317  -9997   24.8  -9997    2.3  200.0    0.5    0.0
C0G650 2010052318  -9997   24.5  -9997    0.9  240.0    6.0    0.0
C0G650 2010052319  -9997   25.0  -9997    1.3  220.0    0.5    0.0
C0G650 2010052320  -9997   25.0  -9997    0.3  220.0    0.5    0.0
C0G650 2010052321  -9997   24.6  -9997    0.3  200.0    3.0    0.0
C0G650 2010052322  -9997   24.6  -9997    0.0    0.0    1.5    0.0
C0G650 2010052323  -9997   24.7  -9997    0.9  280.0    4.5    0.0
C0G650 2010052324  -9997   23.9  -9997    0.2    0.0    0.0    0.0
C0G650 2010052401  -9997   23.1  -9997    0.0    0.0    0.0    0.0
C0G650 2010052402  -9997   23.0  -9997    0.0    0.0    0.0    0.0
C0G650 2010052403  -9997   22.8  -9997    0.0    0.0    0.0    0.0
C0G650 2010052404  -9997   22.5  -9997    0.0    0.0    0.0    0.0
C0G650 2010052405  -9997   22.5  -9997    0.0    0.0    0.0    0.0
C0G650 2010052406  -9997   22.4  -9997    0.0    0.0    0.0    0.0
C0G650 2010052407  -9997   25.2  -9997    0.0    0.0    0.0    0.3
C0G650 2010052408  -9997   26.5  -9997    0.2    0.0    0.0    1.0
C0G650 2010052409  -9997   28.1  -9997    0.1    0.0    0.0    1.0
C0G650 2010052410  -9997   29.0  -9997    0.5   10.0    0.0    1.0
C0G650 2010052411  -9997   29.7  -9997    1.9  280.0    0.0    1.0
C0G650 2010052412  -9997   30.7  -9997    1.4  340.0    0.0    1.0
C0G650 2010052413  -9997   31.6  -9997    0.4  310.0    0.0    1.0
C0G650 2010052414  -9997   31.7  -9997    1.5  290.0    0.0    1.0
C0G650 2010052415  -9997   31.4  -9997    0.6  350.0    0.0    1.0
C0G650 2010052416  -9997   31.1  -9997    0.3  340.0    0.0    1.0
C0G650 2010052417  -9997   29.0  -9997    0.4  300.0    0.0    0.4
C0G650 2010052418  -9997   27.6  -9997    0.2    0.0    0.0    0.0
C0G650 2010052419  -9997   26.6  -9997    0.0    0.0    0.0    0.0
C0G650 2010052420  -9997   26.3  -9997    0.0    0.0    0.0    0.0
C0G650 2010052421  -9997   25.4  -9997    0.5  330.0    0.0    0.0
C0G650 2010052422  -9997   24.8  -9997    0.0    0.0    0.0    0.0
C0G650 2010052423  -9997   24.9  -9997    0.0    0.0    0.0    0.0
C0G650 2010052424  -9997   24.4  -9997    0.0    0.0    0.0    0.0
C0G650 2010052501  -9997   23.9  -9997    0.0    0.0    0.0    0.0
C0G650 2010052502  -9997   23.5  -9997    0.0    0.0    0.0    0.0
C0G650 2010052503  -9997   23.1  -9997    0.0    0.0    0.0    0.0
C0G650 2010052504  -9997   23.3  -9997    0.0    0.0    0.0    0.0
C0G650 2010052505  -9997   22.9  -9997    0.0    0.0    0.0    0.0
C0G650 2010052506  -9997   24.5  -9997    0.0    0.0    0.0    0.0
C0G650 2010052507  -9997   27.3  -9997    0.1    0.0    0.0    0.6
C0G650 2010052508  -9997   28.2  -9997    0.2    0.0    0.0    1.0
C0G650 2010052509  -9997   31.0  -9997    0.0    0.0    0.0    1.0
C0G650 2010052510  -9997   31.3  -9997    0.3  320.0    0.0    1.0
C0G650 2010052511  -9997   32.6  -9997    0.2    0.0    0.0    1.0
C0G650 2010052512  -9997   32.6  -9997    1.3  330.0    0.0    1.0
C0G650 2010052513  -9997   33.2  -9997    0.6  320.0    0.0    1.0
C0G650 2010052514  -9997   33.2  -9997    0.9  330.0    0.0    1.0
C0G650 2010052515  -9997   30.6  -9997    0.7   20.0    0.0    0.2
C0G650 2010052516  -9997   30.8  -9997    0.2    0.0    0.0    0.7
C0G650 2010052517  -9997   29.9  -9997    0.6   20.0    0.0    0.1
C0G650 2010052518  -9997   29.0  -9997    0.0    0.0    0.0    0.0
C0G650 2010052519  -9997   27.6  -9997    0.1    0.0    0.0    0.0
C0G650 2010052520  -9997   26.3  -9997    0.0    0.0    0.0    0.0
C0G650 2010052521  -9997   25.9  -9997    0.0    0.0    0.0    0.0
C0G650 2010052522  -9997   25.2  -9997    0.0    0.0    0.0    0.0
C0G650 2010052523  -9997   25.0  -9997    0.0    0.0    0.0    0.0
C0G650 2010052524  -9997   24.8  -9997    0.0    0.0    0.0    0.0
C0G650 2010052601  -9997   24.7  -9997    0.0    0.0    0.0    0.0
C0G650 2010052602  -9997   24.8  -9997    0.0    0.0    0.0    0.0
C0G650 2010052603  -9997   24.1  -9997    0.0    0.0    0.0    0.0
C0G650 2010052604  -9997   24.1  -9997    0.0    0.0    0.0    0.0
C0G650 2010052605  -9997   24.1  -9997    0.0    0.0    0.0    0.0
C0G650 2010052606  -9997   24.2  -9997    0.0    0.0    0.0    0.0
C0G650 2010052607  -9997   25.9  -9997    0.0    0.0    0.0    0.3
C0G650 2010052608  -9997   28.4  -9997    0.2    0.0    0.0    1.0
C0G650 2010052609  -9997   30.1  -9997    0.6   10.0    0.0    1.0
C0G650 2010052610  -9997   31.3  -9997    0.4   40.0    0.0    1.0
C0G650 2010052611  -9997   32.6  -9997    0.4  290.0    0.0    0.9
C0G650 2010052612  -9997   32.7  -9997    1.7  290.0    0.0    1.0
C0G650 2010052613  -9997   32.2  -9997    1.0  290.0    0.0    0.7
C0G650 2010052614  -9997   32.1  -9997    1.0   10.0    0.0    0.4
C0G650 2010052615  -9997   31.0  -9997    0.6  350.0    0.0    0.0
C0G650 2010052616  -9997   31.1  -9997    0.3   30.0    0.0    0.1
C0G650 2010052617  -9997   30.5  -9997    0.5  360.0    0.0    0.1
C0G650 2010052618  -9997   29.5  -9997    0.0    0.0    0.0    0.0
C0G650 2010052619  -9997   28.4  -9997    0.3  280.0    0.0    0.0
C0G650 2010052620  -9997   28.0  -9997    0.0    0.0    0.0    0.0
C0G650 2010052621  -9997   27.3  -9997    0.0    0.0    0.0    0.0
C0G650 2010052622  -9997   27.0  -9997    0.0    0.0    0.0    0.0
C0G650 2010052623  -9997   26.6  -9997    0.0    0.0    0.0    0.0
C0G650 2010052624  -9997   26.2  -9997    0.1    0.0    0.0    0.0
C0G650 2010052701  -9997   26.1  -9997    0.0    0.0    0.0    0.0
C0G650 2010052702  -9997   26.1  -9997    0.0    0.0    0.0    0.0
C0G650 2010052703  -9997   25.8  -9997    0.0    0.0    0.0    0.0
C0G650 2010052704  -9997   25.8  -9997    0.0    0.0    0.0    0.0
C0G650 2010052705  -9997   25.8  -9997    0.0    0.0    0.0    0.0
C0G650 2010052706  -9997   25.9  -9997    0.0    0.0    0.0    0.0
C0G650 2010052707  -9997   26.9  -9997    0.2    0.0    0.0    0.0
C0G650 2010052708  -9997   28.0  -9997    0.0    0.0    0.0    0.0
C0G650 2010052709  -9997   29.4  -9997    0.1    0.0    0.0    0.0
C0G650 2010052710  -9997   31.8  -9997    0.0    0.0    0.0    0.6
C0G650 2010052711  -9997   31.0  -9997    0.0    0.0    0.0    0.0
C0G650 2010052712  -9997   31.5  -9997    2.1  290.0    0.0    0.0
C0G650 2010052713  -9997   31.1  -9997    0.5   20.0    0.0    0.0
C0G650 2010052714  -9997   30.3  -9997    0.6  340.0    0.0    0.0
C0G650 2010052715  -9997   30.0  -9997    1.4   10.0    0.0    0.0
C0G650 2010052716  -9997   30.1  -9997    0.1    0.0    0.0    0.0
C0G650 2010052717  -9997   28.6  -9997    0.0    0.0    0.0    0.0
C0G650 2010052718  -9997   28.2  -9997    0.0    0.0    0.0    0.0
C0G650 2010052719  -9997   27.5  -9997    0.0    0.0    0.0    0.0
C0G650 2010052720  -9997   26.9  -9997    0.0    0.0    0.0    0.0
C0G650 2010052721  -9997   26.7  -9997    0.0    0.0    0.0    0.0
C0G650 2010052722  -9997   26.3  -9997    0.0    0.0    0.0    0.0
C0G650 2010052723  -9997   26.3  -9997    0.0    0.0    0.0    0.0
C0G650 2010052724  -9997   25.9  -9997    0.0    0.0    0.0    0.0
C0G650 2010052801  -9997   25.8  -9997    0.0    0.0    0.0    0.0
C0G650 2010052802  -9997   25.7  -9997    0.0    0.0    0.0    0.0
C0G650 2010052803  -9997   25.3  -9997    0.0    0.0    0.0    0.0
C0G650 2010052804  -9997   24.7  -9997    0.0    0.0    0.0    0.0
C0G650 2010052805  -9997   24.8  -9997    0.0    0.0    0.0    0.0
C0G650 2010052806  -9997   25.6  -9997    0.0    0.0    0.0    0.0
C0G650 2010052807  -9997   27.0  -9997    0.0    0.0    0.0   -9.6
C0G650 2010052808  -9997   28.6  -9997    0.0    0.0    0.0    0.1
C0G650 2010052809  -9997   31.1  -9997    0.4  160.0    0.0    0.1
C0G650 2010052810  -9997   29.9  -9997    1.5  230.0    0.0    0.0
C0G650 2010052811  -9997   30.2  -9997    1.4  240.0    0.0    0.0
C0G650 2010052812  -9997   30.5  -9997    0.9  250.0    0.0    0.1
C0G650 2010052813  -9997   30.7  -9997    1.8  260.0    0.0    0.1
C0G650 2010052814  -9997   31.1  -9997    1.2  200.0    0.0    0.0
C0G650 2010052815  -9997   30.4  -9997    0.9  260.0    0.0    0.0
C0G650 2010052816  -9997  -9997  -9997    1.2  250.0    0.0    0.0
C0G650 2010052817  -9997   29.5  -9997    1.7  230.0    0.0    0.0
C0G650 2010052818  -9997   28.7  -9997    1.0  240.0    0.0    0.0
C0G650 2010052819  -9997   28.3  -9997    0.0    0.0    0.0    0.0
C0G650 2010052820  -9997   28.1  -9997    0.0    0.0    0.0    0.0
C0G650 2010052821  -9997   27.1  -9997    0.3   60.0    0.0    0.0
C0G650 2010052822  -9997   27.2  -9997    0.0    0.0    0.0    0.0
C0G650 2010052823  -9997   27.0  -9997    0.0    0.0    0.0    0.0
C0G650 2010052824  -9997   25.2  -9997    2.6  180.0    1.5    0.0
C0G650 2010052901  -9997   24.8  -9997    1.4  170.0    7.0    0.0
C0G650 2010052902  -9997   24.8  -9997    3.1  200.0    2.5    0.0
C0G650 2010052903  -9997   24.7  -9997    1.9  220.0    0.0    0.0
C0G650 2010052904  -9997   24.3  -9997    0.3  210.0    3.5    0.0
C0G650 2010052905  -9997   24.0  -9997    0.9  270.0    2.5    0.0
C0G650 2010052906  -9997   23.6  -9997    0.4  260.0    0.0    0.0
C0G650 2010052907  -9997   23.5  -9997    0.0    0.0    0.0    0.0
C0G650 2010052908  -9997   23.7  -9997    0.0    0.0    0.0    0.0
C0G650 2010052909  -9997   24.8  -9997    0.0    0.0    0.0    0.0
C0G650 2010052910  -9997   26.3  -9997    0.0    0.0    0.0    0.0
C0G650 2010052911  -9997   27.9  -9997    0.0    0.0    0.0    0.0
C0G650 2010052912  -9997   28.7  -9997    0.0    0.0    0.0    0.0
C0G650 2010052913  -9997   29.5  -9997    1.0  270.0    0.0    0.3
C0G650 2010052914  -9997   29.5  -9997    0.1    0.0    0.0   -9.6
C0G650 2010052915  -9997  -9997  -9997    0.9  290.0    0.0    0.1
C0G650 2010052916  -9997   28.3  -9997    0.0    0.0    0.0    0.0
C0G650 2010052917  -9997   27.4  -9997    0.3  310.0    0.0    0.0
C0G650 2010052918  -9997   26.6  -9997    0.7  300.0    0.0    0.0
C0G650 2010052919  -9997   26.2  -9997    0.3   30.0    0.0    0.0
C0G650 2010052920  -9997   25.6  -9997    0.0    0.0    0.0    0.0
C0G650 2010052921  -9997   25.7  -9997    0.0    0.0    0.0    0.0
C0G650 2010052922  -9997   25.6  -9997    0.0    0.0    0.0    0.0
C0G650 2010052923  -9997   25.5  -9997    0.0    0.0    0.0    0.0
C0G650 2010052924  -9997   25.5  -9997    0.0    0.0    0.0    0.0
C0G650 2010053001  -9997   25.4  -9997    0.0    0.0    0.0    0.0
C0G650 2010053002  -9997   25.2  -9997    0.0    0.0    0.0    0.0
C0G650 2010053003  -9997   25.0  -9997    0.0    0.0    0.0    0.0
C0G650 2010053004  -9997   25.1  -9997    0.0    0.0    0.0    0.0
C0G650 2010053005  -9997   25.0  -9997    0.0    0.0    0.0    0.0
C0G650 2010053006  -9997   25.1  -9997    0.0    0.0    0.0    0.0
C0G650 2010053007  -9997   26.1  -9997    0.2    0.0    0.0    0.0
C0G650 2010053008  -9997   27.4  -9997    0.0    0.0    0.0   -9.6
C0G650 2010053009  -9997   28.1  -9997    0.0    0.0    0.0    0.1
C0G650 2010053010  -9997   28.8  -9997    0.0    0.0    0.0    0.0
C0G650 2010053011  -9997   29.0  -9997    0.1    0.0    0.0    0.0
C0G650 2010053012  -9997   30.1  -9997    0.2    0.0    0.0    0.0
C0G650 2010053013  -9997   28.8  -9997    0.1    0.0    0.0    0.0
C0G650 2010053014  -9997   27.9  -9997    0.3   10.0    0.0    0.0
C0G650 2010053015  -9997   27.4  -9997    0.6   60.0    0.0    0.0
C0G650 2010053016  -9997   25.7  -9997    1.3  290.0    0.5    0.0
C0G650 2010053017  -9997   24.1  -9997    0.1    0.0    0.0    0.0
C0G650 2010053018  -9997   23.5  -9997    0.4   40.0    1.0    0.0
C0G650 2010053019  -9997   23.2  -9997    0.0    0.0    0.5    0.0
C0G650 2010053020  -9997   23.0  -9997    0.0    0.0    0.5    0.0
C0G650 2010053021  -9997   23.2  -9997    0.2    0.0    0.0    0.0
C0G650 2010053022  -9997   22.9  -9997    0.0    0.0    0.0    0.0
C0G650 2010053023  -9997   22.5  -9997    0.0    0.0    0.0    0.0
C0G650 2010053024  -9997   22.5  -9997    0.0    0.0    0.0    0.0
C0G650 2010053101  -9997   22.4  -9997    0.0    0.0    0.0    0.0
C0G650 2010053102  -9997   22.8  -9997    0.0    0.0    0.0    0.0
C0G650 2010053103  -9997   22.4  -9997    0.0    0.0    0.0    0.0
C0G650 2010053104  -9997   22.3  -9997    0.3  290.0    0.0    0.0
C0G650 2010053105  -9997   22.2  -9997    0.0    0.0    0.0    0.0
C0G650 2010053106  -9997   22.4  -9997    0.0    0.0    0.0    0.0
C0G650 2010053107  -9997   22.8  -9997    0.0    0.0    0.0    0.0
C0G650 2010053108  -9997   23.9  -9997    0.0    0.0    0.0    0.0
C0G650 2010053109  -9997   24.2  -9997    0.1    0.0    0.0    0.0
C0G650 2010053110  -9997   25.4  -9997    0.0    0.0    0.0    0.0
C0G650 2010053111  -9997   27.0  -9997    0.3   70.0    0.0    0.4
C0G650 2010053112  -9997   30.0  -9997    0.4  320.0    0.0    0.9
C0G650 2010053113  -9997   30.4  -9997    1.4  290.0    0.0    1.0
C0G650 2010053114  -9997   29.6  -9997    2.0  310.0    0.0    1.0
C0G650 2010053115  -9997   29.7  -9997    1.0   30.0    0.0    1.0
C0G650 2010053116  -9997   29.3  -9997    0.7  310.0    0.0    0.8
C0G650 2010053117  -9997   28.4  -9997    0.2    0.0    0.0    1.0
C0G650 2010053118  -9997   27.1  -9997    0.0    0.0    0.0    0.0
C0G650 2010053119  -9997   25.1  -9997    0.0    0.0    0.0    0.0
C0G650 2010053120  -9997   24.2  -9997    0.0    0.0    0.0    0.0
C0G650 2010053121  -9997   23.4  -9997    0.0    0.0    0.0    0.0
C0G650 2010053122  -9997   23.5  -9997    0.0    0.0    0.0    0.0
C0G650 2010053123  -9997   22.8  -9997    0.0    0.0    0.0    0.0
C0G650 2010053124  -9997   23.0  -9997    0.0    0.0    0.0    0.0
C0G660 2010050101  -9999  -9999  -9999  -9999  -9999    0.0  -9999
C0G660 2010050102  -9999  -9999  -9999  -9999  -9999    0.0  -9999
C0G660 2010050103  -9999  -9999  -9999  -9999  -9999    0.0  -9999
C0G660 2010050104  -9999  -9999  -9999  -9999  -9999    0.0  -9999
C0G660 2010050105  -9999  -9999  -9999  -9999  -9999    0.0  -9999
C0G660 2010050106  -9999  -9999  -9999  -9999  -9999    0.0  -9999
C0G660 2010050107  -9999  -9999  -9999  -9999  -9999    0.0  -9999
C0G660 2010050108  -9999  -9999  -9999  -9999  -9999    0.0  -9999
C0G660 2010050109  -9999  -9999  -9999  -9999  -9999    0.0  -9999
C0G660 2010050110  -9999  -9999  -9999  -9999  -9999    0.0  -9999
C0G660 2010050111  -9999  -9999  -9999  -9999  -9999    0.0  -9999
C0G660 2010050112  -9999  -9999  -9999  -9999  -9999    0.0  -9999
C0G660 2010050113  -9999  -9999  -9999  -9999  -9999    0.0  -9999
C0G660 2010050114  -9999  -9999  -9999  -9999  -9999    0.0  -9999
C0G660 2010050115  -9999  -9999  -9999  -9999  -9999    0.0  -9999
C0G660 2010050116  -9999  -9999  -9999  -9999  -9999    0.0  -9999
C0G660 2010050117  -9999  -9999  -9999  -9999  -9999    0.0  -9999
C0G660 2010050118  -9999  -9999  -9999  -9999  -9999    0.0  -9999
C0G660 2010050119  -9999  -9999  -9999  -9999  -9999    0.0  -9999
C0G660 2010050120  -9999  -9999  -9999  -9999  -9999    0.0  -9999
C0G660 2010050121  -9999  -9999  -9999  -9999  -9999    0.0  -9999
C0G660 2010050122  -9999  -9999  -9999  -9999  -9999    0.0  -9999
C0G660 2010050123  -9999  -9999  -9999  -9999  -9999    0.0  -9999
C0G660 2010050124  -9999  -9999  -9999  -9999  -9999    0.0  -9999
C0G660 2010050201  -9999  -9999  -9999  -9999  -9999    0.0  -9999
C0G660 2010050202  -9999  -9999  -9999  -9999  -9999    0.0  -9999
C0G660 2010050203  -9999  -9999  -9999  -9999  -9999    0.0  -9999
C0G660 2010050204  -9999  -9999  -9999  -9999  -9999    0.0  -9999
C0G660 2010050205  -9999  -9999  -9999  -9999  -9999    0.0  -9999
C0G660 2010050206  -9999  -9999  -9999  -9999  -9999    0.0  -9999
C0G660 2010050207  -9999  -9999  -9999  -9999  -9999    0.0  -9999
C0G660 2010050208  -9999  -9999  -9999  -9999  -9999    0.0  -9999
C0G660 2010050209  -9999  -9999  -9999  -9999  -9999    0.0  -9999
C0G660 2010050210  -9999  -9999  -9999  -9999  -9999    0.0  -9999
C0G660 2010050211  -9999  -9999  -9999  -9999  -9999    0.0  -9999
C0G660 2010050212  -9999  -9999  -9999  -9999  -9999    0.0  -9999
C0G660 2010050213  -9999  -9999  -9999  -9999  -9999    0.0  -9999
C0G660 2010050214  -9999  -9999  -9999  -9999  -9999    0.0  -9999
C0G660 2010050215  -9999  -9999  -9999  -9999  -9999    0.0  -9999
C0G660 2010050216  -9999  -9999  -9999  -9999  -9999    0.0  -9999
C0G660 2010050217  -9999  -9999  -9999  -9999  -9999    0.0  -9999
C0G660 2010050218  -9999  -9999  -9999  -9999  -9999    0.0  -9999
C0G660 2010050219  -9999  -9999  -9999  -9999  -9999    0.0  -9999
C0G660 2010050220  -9999  -9999  -9999  -9999  -9999    0.0  -9999
C0G660 2010050221  -9999  -9999  -9999  -9999  -9999    0.0  -9999
C0G660 2010050222  -9999  -9999  -9999  -9999  -9999    0.0  -9999
C0G660 2010050223  -9999  -9999  -9999  -9999  -9999    0.0  -9999
C0G660 2010050224  -9999  -9999  -9999  -9999  -9999    0.0  -9999
C0G660 2010050301  -9999  -9999  -9999  -9999  -9999    0.0  -9999
C0G660 2010050302  -9999  -9999  -9999  -9999  -9999    0.0  -9999
C0G660 2010050303  -9999  -9999  -9999  -9999  -9999    0.0  -9999
C0G660 2010050304  -9999  -9999  -9999  -9999  -9999    0.0  -9999
C0G660 2010050305  -9999  -9999  -9999  -9999  -9999    0.0  -9999
C0G660 2010050306  -9999  -9999  -9999  -9999  -9999    0.0  -9999
C0G660 2010050307  -9999  -9999  -9999  -9999  -9999    0.0  -9999
C0G660 2010050308  -9999  -9999  -9999  -9999  -9999    0.0  -9999
C0G660 2010050309  -9999  -9999  -9999  -9999  -9999    0.0  -9999
C0G660 2010050310  -9999  -9999  -9999  -9999  -9999    0.0  -9999
C0G660 2010050311  -9999  -9999  -9999  -9999  -9999    0.0  -9999
C0G660 2010050312  -9999  -9999  -9999  -9999  -9999    0.0  -9999
C0G660 2010050313  -9999  -9999  -9999  -9999  -9999    0.0  -9999
C0G660 2010050314  -9999  -9999  -9999  -9999  -9999    0.0  -9999
C0G660 2010050315  -9999  -9999  -9999  -9999  -9999    0.0  -9999
C0G660 2010050316  -9999  -9999  -9999  -9999  -9999    0.0  -9999
C0G660 2010050317  -9999  -9999  -9999  -9999  -9999    0.0  -9999
C0G660 2010050318  -9999  -9999  -9999  -9999  -9999    0.0  -9999
C0G660 2010050319  -9999  -9999  -9999  -9999  -9999    0.0  -9999
C0G660 2010050320  -9999  -9999  -9999  -9999  -9999    0.0  -9999
C0G660 2010050321  -9999  -9999  -9999  -9999  -9999    0.0  -9999
C0G660 2010050322  -9999  -9999  -9999  -9999  -9999    0.0  -9999
C0G660 2010050323  -9999  -9999  -9999  -9999  -9999    0.0  -9999
C0G660 2010050324  -9999  -9999  -9999  -9999  -9999    0.0  -9999
C0G660 2010050401  -9999  -9999  -9999  -9999  -9999    0.0  -9999
C0G660 2010050402  -9999  -9999  -9999  -9999  -9999    0.0  -9999
C0G660 2010050403  -9999  -9999  -9999  -9999  -9999    0.0  -9999
C0G660 2010050404  -9999  -9999  -9999  -9999  -9999    0.0  -9999
C0G660 2010050405  -9999  -9999  -9999  -9999  -9999    0.0  -9999
C0G660 2010050406  -9999  -9999  -9999  -9999  -9999    0.0  -9999
C0G660 2010050407  -9999  -9999  -9999  -9999  -9999    0.0  -9999
C0G660 2010050408  -9999  -9999  -9999  -9999  -9999    0.0  -9999
C0G660 2010050409  -9999  -9999  -9999  -9999  -9999    0.0  -9999
C0G660 2010050410  -9999  -9999  -9999  -9999  -9999    0.0  -9999
C0G660 2010050411  -9999  -9999  -9999  -9999  -9999    0.0  -9999
C0G660 2010050412  -9999  -9999  -9999  -9999  -9999    0.0  -9999
C0G660 2010050413  -9999  -9999  -9999  -9999  -9999    0.0  -9999
C0G660 2010050414  -9999  -9999  -9999  -9999  -9999    0.0  -9999
C0G660 2010050415  -9999  -9999  -9999  -9999  -9999    0.0  -9999
C0G660 2010050416  -9999  -9999  -9999  -9999  -9999    0.0  -9999
C0G660 2010050417  -9999  -9999  -9999  -9999  -9999    0.0  -9999
C0G660 2010050418  -9999  -9999  -9999  -9999  -9999    0.0  -9999
C0G660 2010050419  -9999  -9999  -9999  -9999  -9999    0.0  -9999
C0G660 2010050420  -9999  -9999  -9999  -9999  -9999    0.0  -9999
C0G660 2010050421  -9999  -9999  -9999  -9999  -9999    0.0  -9999
C0G660 2010050422  -9999  -9999  -9999  -9999  -9999    0.0  -9999
C0G660 2010050423  -9999  -9999  -9999  -9999  -9999    0.0  -9999
C0G660 2010050424  -9999  -9999  -9999  -9999  -9999    0.0  -9999
C0G660 2010050501  -9999  -9999  -9999  -9999  -9999    0.0  -9999
C0G660 2010050502  -9999  -9999  -9999  -9999  -9999    0.0  -9999
C0G660 2010050503  -9999  -9999  -9999  -9999  -9999    0.0  -9999
C0G660 2010050504  -9999  -9999  -9999  -9999  -9999    0.0  -9999
C0G660 2010050505  -9999  -9999  -9999  -9999  -9999    0.0  -9999
C0G660 2010050506  -9999  -9999  -9999  -9999  -9999    0.0  -9999
C0G660 2010050507  -9999  -9999  -9999  -9999  -9999    0.0  -9999
C0G660 2010050508  -9999  -9999  -9999  -9999  -9999    0.0  -9999
C0G660 2010050509  -9999  -9999  -9999  -9999  -9999    0.0  -9999
C0G660 2010050510  -9999  -9999  -9999  -9999  -9999    0.0  -9999
C0G660 2010050511  -9999  -9999  -9999  -9999  -9999    0.0  -9999
C0G660 2010050512  -9999  -9999  -9999  -9999  -9999    0.0  -9999
C0G660 2010050513  -9999  -9999  -9999  -9999  -9999    0.0  -9999
C0G660 2010050514  -9999  -9999  -9999  -9999  -9999    0.0  -9999
C0G660 2010050515  -9999  -9999  -9999  -9999  -9999    0.0  -9999
C0G660 2010050516  -9999  -9999  -9999  -9999  -9999    0.0  -9999
C0G660 2010050517  -9999  -9999  -9999  -9999  -9999    0.0  -9999
C0G660 2010050518  -9999  -9999  -9999  -9999  -9999    0.0  -9999
C0G660 2010050519  -9999  -9999  -9999  -9999  -9999    0.0  -9999
C0G660 2010050520  -9999  -9999  -9999  -9999  -9999    0.0  -9999
C0G660 2010050521  -9999  -9999  -9999  -9999  -9999    0.0  -9999
C0G660 2010050522  -9999  -9999  -9999  -9999  -9999    0.0  -9999
C0G660 2010050523  -9999  -9999  -9999  -9999  -9999    0.0  -9999
C0G660 2010050524  -9999  -9999  -9999  -9999  -9999    0.0  -9999
C0G660 2010050601  -9999  -9999  -9999  -9999  -9999    0.0  -9999
C0G660 2010050602  -9999  -9999  -9999  -9999  -9999    0.0  -9999
C0G660 2010050603  -9999  -9999  -9999  -9999  -9999    0.0  -9999
C0G660 2010050604  -9999  -9999  -9999  -9999  -9999    0.0  -9999
C0G660 2010050605  -9999  -9999  -9999  -9999  -9999    0.0  -9999
C0G660 2010050606  -9999  -9999  -9999  -9999  -9999    0.0  -9999
C0G660 2010050607  -9999  -9999  -9999  -9999  -9999    0.0  -9999
C0G660 2010050608  -9999  -9999  -9999  -9999  -9999    0.0  -9999
C0G660 2010050609  -9999  -9999  -9999  -9999  -9999    0.0  -9999
C0G660 2010050610  -9999  -9999  -9999  -9999  -9999    0.0  -9999
C0G660 2010050611  -9999  -9999  -9999  -9999  -9999    0.0  -9999
C0G660 2010050612  -9999  -9999  -9999  -9999  -9999    0.0  -9999
C0G660 2010050613  -9999  -9999  -9999  -9999  -9999    0.0  -9999
C0G660 2010050614  -9999  -9999  -9999  -9999  -9999    0.0  -9999
C0G660 2010050615  -9999  -9999  -9999  -9999  -9999    0.0  -9999
C0G660 2010050616  -9999  -9999  -9999  -9999  -9999    0.0  -9999
C0G660 2010050617  -9999  -9999  -9999  -9999  -9999    0.0  -9999
C0G660 2010050618  -9999  -9999  -9999  -9999  -9999    0.0  -9999
C0G660 2010050619  -9999  -9999  -9999  -9999  -9999    0.0  -9999
C0G660 2010050620  -9999  -9999  -9999  -9999  -9999    0.0  -9999
C0G660 2010050621  -9999  -9999  -9999  -9999  -9999    0.0  -9999
C0G660 2010050622  -9999  -9999  -9999  -9999  -9999    0.0  -9999
C0G660 2010050623  -9999  -9999  -9999  -9999  -9999    0.0  -9999
C0G660 2010050624  -9999  -9999  -9999  -9999  -9999    0.0  -9999
C0G660 2010050701  -9999  -9999  -9999  -9999  -9999    0.0  -9999
C0G660 2010050702  -9999  -9999  -9999  -9999  -9999    0.0  -9999
C0G660 2010050703  -9999  -9999  -9999  -9999  -9999    0.0  -9999
C0G660 2010050704  -9999  -9999  -9999  -9999  -9999    0.0  -9999
C0G660 2010050705  -9999  -9999  -9999  -9999  -9999    0.0  -9999
C0G660 2010050706  -9999  -9999  -9999  -9999  -9999    0.0  -9999
C0G660 2010050707  -9999  -9999  -9999  -9999  -9999    0.0  -9999
C0G660 2010050708  -9999  -9999  -9999  -9999  -9999    0.0  -9999
C0G660 2010050709  -9999  -9999  -9999  -9999  -9999    0.0  -9999
C0G660 2010050710  -9999  -9999  -9999  -9999  -9999    0.0  -9999
C0G660 2010050711  -9999  -9999  -9999  -9999  -9999    0.0  -9999
C0G660 2010050712  -9999  -9999  -9999  -9999  -9999    0.0  -9999
C0G660 2010050713  -9999  -9999  -9999  -9999  -9999    0.0  -9999
C0G660 2010050714  -9999  -9999  -9999  -9999  -9999    0.0  -9999
C0G660 2010050715  -9999  -9999  -9999  -9999  -9999    0.0  -9999
C0G660 2010050716  -9999  -9999  -9999  -9999  -9999    0.0  -9999
C0G660 2010050717  -9999  -9999  -9999  -9999  -9999    0.0  -9999
C0G660 2010050718  -9999  -9999  -9999  -9999  -9999    0.0  -9999
C0G660 2010050719  -9999  -9999  -9999  -9999  -9999    0.0  -9999
C0G660 2010050720  -9999  -9999  -9999  -9999  -9999    0.0  -9999
C0G660 2010050721  -9999  -9999  -9999  -9999  -9999    0.0  -9999
C0G660 2010050722  -9999  -9999  -9999  -9999  -9999    0.0  -9999
C0G660 2010050723  -9999  -9999  -9999  -9999  -9999    0.0  -9999
C0G660 2010050724  -9999  -9999  -9999  -9999  -9999    0.0  -9999
C0G660 2010050801  -9999  -9999  -9999  -9999  -9999    0.0  -9999
C0G660 2010050802  -9999  -9999  -9999  -9999  -9999    0.0  -9999
C0G660 2010050803  -9999  -9999  -9999  -9999  -9999    0.0  -9999
C0G660 2010050804  -9999  -9999  -9999  -9999  -9999    0.0  -9999
C0G660 2010050805  -9999  -9999  -9999  -9999  -9999    0.5  -9999
C0G660 2010050806  -9999  -9999  -9999  -9999  -9999    0.0  -9999
C0G660 2010050807  -9999  -9999  -9999  -9999  -9999    0.0  -9999
C0G660 2010050808  -9999  -9999  -9999  -9999  -9999    0.0  -9999
C0G660 2010050809  -9999  -9999  -9999  -9999  -9999    0.0  -9999
C0G660 2010050810  -9999  -9999  -9999  -9999  -9999    0.0  -9999
C0G660 2010050811  -9999  -9999  -9999  -9999  -9999    0.0  -9999
C0G660 2010050812  -9999  -9999  -9999  -9999  -9999    0.0  -9999
C0G660 2010050813  -9999  -9999  -9999  -9999  -9999    0.0  -9999
C0G660 2010050814  -9999  -9999  -9999  -9999  -9999    0.0  -9999
C0G660 2010050815  -9999  -9999  -9999  -9999  -9999    0.0  -9999
C0G660 2010050816  -9999  -9999  -9999  -9999  -9999    0.0  -9999
C0G660 2010050817  -9999  -9999  -9999  -9999  -9999    0.0  -9999
C0G660 2010050818  -9999  -9999  -9999  -9999  -9999    0.0  -9999
C0G660 2010050819  -9999  -9999  -9999  -9999  -9999    0.0  -9999
C0G660 2010050820  -9999  -9999  -9999  -9999  -9999    0.0  -9999
C0G660 2010050821  -9999  -9999  -9999  -9999  -9999    0.0  -9999
C0G660 2010050822  -9999  -9999  -9999  -9999  -9999    0.0  -9999
C0G660 2010050823  -9999  -9999  -9999  -9999  -9999    0.0  -9999
C0G660 2010050824  -9999  -9999  -9999  -9999  -9999    0.0  -9999
C0G660 2010050901  -9999  -9999  -9999  -9999  -9999    0.0  -9999
C0G660 2010050902  -9999  -9999  -9999  -9999  -9999    0.0  -9999
C0G660 2010050903  -9999  -9999  -9999  -9999  -9999    0.0  -9999
C0G660 2010050904  -9999  -9999  -9999  -9999  -9999    0.0  -9999
C0G660 2010050905  -9999  -9999  -9999  -9999  -9999    0.0  -9999
C0G660 2010050906  -9999  -9999  -9999  -9999  -9999    0.0  -9999
C0G660 2010050907  -9999  -9999  -9999  -9999  -9999    0.0  -9999
C0G660 2010050908  -9999  -9999  -9999  -9999  -9999    0.0  -9999
C0G660 2010050909  -9999  -9999  -9999  -9999  -9999    0.0  -9999
C0G660 2010050910  -9999  -9999  -9999  -9999  -9999    0.0  -9999
C0G660 2010050911  -9999  -9999  -9999  -9999  -9999    0.0  -9999
C0G660 2010050912  -9999  -9999  -9999  -9999  -9999    0.0  -9999
C0G660 2010050913  -9999  -9999  -9999  -9999  -9999    0.0  -9999
C0G660 2010050914  -9999  -9999  -9999  -9999  -9999    0.0  -9999
C0G660 2010050915  -9999  -9999  -9999  -9999  -9999    0.0  -9999
C0G660 2010050916  -9999  -9999  -9999  -9999  -9999    0.0  -9999
C0G660 2010050917  -9999  -9999  -9999  -9999  -9999    0.0  -9999
C0G660 2010050918  -9999  -9999  -9999  -9999  -9999    0.0  -9999
C0G660 2010050919  -9999  -9999  -9999  -9999  -9999    0.0  -9999
C0G660 2010050920  -9999  -9999  -9999  -9999  -9999    0.0  -9999
C0G660 2010050921  -9999  -9999  -9999  -9999  -9999    0.5  -9999
C0G660 2010050922  -9999  -9999  -9999  -9999  -9999    0.0  -9999
C0G660 2010050923  -9999  -9999  -9999  -9999  -9999    0.0  -9999
C0G660 2010050924  -9999  -9999  -9999  -9999  -9999    0.0  -9999
C0G660 2010051001  -9999  -9999  -9999  -9999  -9999    0.5  -9999
C0G660 2010051002  -9999  -9999  -9999  -9999  -9999    0.0  -9999
C0G660 2010051003  -9999  -9999  -9999  -9999  -9999    0.0  -9999
C0G660 2010051004  -9999  -9999  -9999  -9999  -9999    0.0  -9999
C0G660 2010051005  -9999  -9999  -9999  -9999  -9999    0.0  -9999
C0G660 2010051006  -9999  -9999  -9999  -9999  -9999    0.0  -9999
C0G660 2010051007  -9999  -9999  -9999  -9999  -9999    0.0  -9999
C0G660 2010051008  -9999  -9999  -9999  -9999  -9999    0.0  -9999
C0G660 2010051009  -9999  -9999  -9999  -9999  -9999    0.0  -9999
C0G660 2010051010  -9999  -9999  -9999  -9999  -9999    0.0  -9999
C0G660 2010051011  -9999  -9999  -9999  -9999  -9999    0.0  -9999
C0G660 2010051012  -9999  -9999  -9999  -9999  -9999    0.0  -9999
C0G660 2010051013  -9999  -9999  -9999  -9999  -9999    0.0  -9999
C0G660 2010051014  -9999  -9999  -9999  -9999  -9999    0.0  -9999
C0G660 2010051015  -9999  -9999  -9999  -9999  -9999    0.0  -9999
C0G660 2010051016  -9999  -9999  -9999  -9999  -9999    0.0  -9999
C0G660 2010051017  -9999  -9999  -9999  -9999  -9999    0.0  -9999
C0G660 2010051018  -9999  -9999  -9999  -9999  -9999    0.0  -9999
C0G660 2010051019  -9999  -9999  -9999  -9999  -9999    0.0  -9999
C0G660 2010051020  -9999  -9999  -9999  -9999  -9999    0.0  -9999
C0G660 2010051021  -9999  -9999  -9999  -9999  -9999    0.0  -9999
C0G660 2010051022  -9999  -9999  -9999  -9999  -9999    0.0  -9999
C0G660 2010051023  -9999  -9999  -9999  -9999  -9999    0.0  -9999
C0G660 2010051024  -9999  -9999  -9999  -9999  -9999    0.0  -9999
C0G660 2010051101  -9999  -9999  -9999  -9999  -9999    0.0  -9999
C0G660 2010051102  -9999  -9999  -9999  -9999  -9999    0.0  -9999
C0G660 2010051103  -9999  -9999  -9999  -9999  -9999    0.0  -9999
C0G660 2010051104  -9999  -9999  -9999  -9999  -9999    0.0  -9999
C0G660 2010051105  -9999  -9999  -9999  -9999  -9999    0.0  -9999
C0G660 2010051106  -9999  -9999  -9999  -9999  -9999    0.0  -9999
C0G660 2010051107  -9999  -9999  -9999  -9999  -9999    0.0  -9999
C0G660 2010051108  -9999  -9999  -9999  -9999  -9999    0.0  -9999
C0G660 2010051109  -9999  -9999  -9999  -9999  -9999    0.0  -9999
C0G660 2010051110  -9999  -9999  -9999  -9999  -9999    0.0  -9999
C0G660 2010051111  -9999  -9999  -9999  -9999  -9999    0.0  -9999
C0G660 2010051112  -9999  -9999  -9999  -9999  -9999    0.0  -9999
C0G660 2010051113  -9999  -9999  -9999  -9999  -9999    0.0  -9999
C0G660 2010051114  -9999  -9999  -9999  -9999  -9999    0.0  -9999
C0G660 2010051115  -9999  -9999  -9999  -9999  -9999    0.0  -9999
C0G660 2010051116  -9999  -9999  -9999  -9999  -9999    0.0  -9999
C0G660 2010051117  -9999  -9999  -9999  -9999  -9999    0.0  -9999
C0G660 2010051118  -9999  -9999  -9999  -9999  -9999    0.0  -9999
C0G660 2010051119  -9999  -9999  -9999  -9999  -9999    0.0  -9999
C0G660 2010051120  -9999  -9999  -9999  -9999  -9999    0.0  -9999
C0G660 2010051121  -9999  -9999  -9999  -9999  -9999    0.0  -9999
C0G660 2010051122  -9999  -9999  -9999  -9999  -9999    0.0  -9999
C0G660 2010051123  -9999  -9999  -9999  -9999  -9999    0.0  -9999
C0G660 2010051124  -9999  -9999  -9999  -9999  -9999    0.0  -9999
C0G660 2010051201  -9999  -9999  -9999  -9999  -9999    0.0  -9999
C0G660 2010051202  -9999  -9999  -9999  -9999  -9999    0.0  -9999
C0G660 2010051203  -9999  -9999  -9999  -9999  -9999    0.0  -9999
C0G660 2010051204  -9999  -9999  -9999  -9999  -9999    0.0  -9999
C0G660 2010051205  -9999  -9999  -9999  -9999  -9999    0.0  -9999
C0G660 2010051206  -9999  -9999  -9999  -9999  -9999    0.0  -9999
C0G660 2010051207  -9999  -9999  -9999  -9999  -9999    0.0  -9999
C0G660 2010051208  -9999  -9999  -9999  -9999  -9999    0.0  -9999
C0G660 2010051209  -9999  -9999  -9999  -9999  -9999    0.0  -9999
C0G660 2010051210  -9999  -9999  -9999  -9999  -9999    0.0  -9999
C0G660 2010051211  -9999  -9999  -9999  -9999  -9999    0.0  -9999
C0G660 2010051212  -9999  -9999  -9999  -9999  -9999    0.0  -9999
C0G660 2010051213  -9999  -9999  -9999  -9999  -9999    0.0  -9999
C0G660 2010051214  -9999  -9999  -9999  -9999  -9999    0.0  -9999
C0G660 2010051215  -9999  -9999  -9999  -9999  -9999    0.0  -9999
C0G660 2010051216  -9999  -9999  -9999  -9999  -9999    0.0  -9999
C0G660 2010051217  -9999  -9999  -9999  -9999  -9999    0.0  -9999
C0G660 2010051218  -9999  -9999  -9999  -9999  -9999    0.0  -9999
C0G660 2010051219  -9999  -9999  -9999  -9999  -9999    0.0  -9999
C0G660 2010051220  -9999  -9999  -9999  -9999  -9999    0.0  -9999
C0G660 2010051221  -9999  -9999  -9999  -9999  -9999    0.0  -9999
C0G660 2010051222  -9999  -9999  -9999  -9999  -9999    0.0  -9999
C0G660 2010051223  -9999  -9999  -9999  -9999  -9999    0.0  -9999
C0G660 2010051224  -9999  -9999  -9999  -9999  -9999    0.0  -9999
C0G660 2010051301  -9999  -9999  -9999  -9999  -9999    0.0  -9999
C0G660 2010051302  -9999  -9999  -9999  -9999  -9999    0.0  -9999
C0G660 2010051303  -9999  -9999  -9999  -9999  -9999    0.0  -9999
C0G660 2010051304  -9999  -9999  -9999  -9999  -9999    0.0  -9999
C0G660 2010051305  -9999  -9999  -9999  -9999  -9999    0.0  -9999
C0G660 2010051306  -9999  -9999  -9999  -9999  -9999    0.0  -9999
C0G660 2010051307  -9999  -9999  -9999  -9999  -9999    0.0  -9999
C0G660 2010051308  -9999  -9999  -9999  -9999  -9999    0.0  -9999
C0G660 2010051309  -9999  -9999  -9999  -9999  -9999    0.0  -9999
C0G660 2010051310  -9999  -9999  -9999  -9999  -9999    0.0  -9999
C0G660 2010051311  -9999  -9999  -9999  -9999  -9999    0.0  -9999
C0G660 2010051312  -9999  -9999  -9999  -9999  -9999    0.0  -9999
C0G660 2010051313  -9999  -9999  -9999  -9999  -9999    0.0  -9999
C0G660 2010051314  -9999  -9999  -9999  -9999  -9999    0.0  -9999
C0G660 2010051315  -9999  -9999  -9999  -9999  -9999    0.0  -9999
C0G660 2010051316  -9999  -9999  -9999  -9999  -9999    0.0  -9999
C0G660 2010051317  -9999  -9999  -9999  -9999  -9999    0.0  -9999
C0G660 2010051318  -9999  -9999  -9999  -9999  -9999    0.0  -9999
C0G660 2010051319  -9999  -9999  -9999  -9999  -9999    0.0  -9999
C0G660 2010051320  -9999  -9999  -9999  -9999  -9999    0.0  -9999
C0G660 2010051321  -9999  -9999  -9999  -9999  -9999    0.0  -9999
C0G660 2010051322  -9999  -9999  -9999  -9999  -9999    0.0  -9999
C0G660 2010051323  -9999  -9999  -9999  -9999  -9999    0.0  -9999
C0G660 2010051324  -9999  -9999  -9999  -9999  -9999    0.0  -9999
C0G660 2010051401  -9999  -9999  -9999  -9999  -9999    0.0  -9999
C0G660 2010051402  -9999  -9999  -9999  -9999  -9999    0.0  -9999
C0G660 2010051403  -9999  -9999  -9999  -9999  -9999    0.0  -9999
C0G660 2010051404  -9999  -9999  -9999  -9999  -9999    0.0  -9999
C0G660 2010051405  -9999  -9999  -9999  -9999  -9999    0.0  -9999
C0G660 2010051406  -9999  -9999  -9999  -9999  -9999    0.0  -9999
C0G660 2010051407  -9999  -9999  -9999  -9999  -9999    0.0  -9999
C0G660 2010051408  -9999  -9999  -9999  -9999  -9999    0.0  -9999
C0G660 2010051409  -9999  -9999  -9999  -9999  -9999    0.0  -9999
C0G660 2010051410  -9999  -9999  -9999  -9999  -9999    0.0  -9999
C0G660 2010051411  -9999  -9999  -9999  -9999  -9999    0.0  -9999
C0G660 2010051412  -9999  -9999  -9999  -9999  -9999    0.0  -9999
C0G660 2010051413  -9999  -9999  -9999  -9999  -9999    0.0  -9999
C0G660 2010051414  -9999  -9999  -9999  -9999  -9999    0.0  -9999
C0G660 2010051415  -9999  -9999  -9999  -9999  -9999    0.0  -9999
C0G660 2010051416  -9999  -9999  -9999  -9999  -9999    0.0  -9999
C0G660 2010051417  -9999  -9999  -9999  -9999  -9999    0.0  -9999
C0G660 2010051418  -9999  -9999  -9999  -9999  -9999    0.0  -9999
C0G660 2010051419  -9999  -9999  -9999  -9999  -9999    0.0  -9999
C0G660 2010051420  -9999  -9999  -9999  -9999  -9999    0.0  -9999
C0G660 2010051421  -9999  -9999  -9999  -9999  -9999    0.0  -9999
C0G660 2010051422  -9999  -9999  -9999  -9999  -9999    0.0  -9999
C0G660 2010051423  -9999  -9999  -9999  -9999  -9999    0.0  -9999
C0G660 2010051424  -9999  -9999  -9999  -9999  -9999    0.0  -9999
C0G660 2010051501  -9999  -9999  -9999  -9999  -9999    0.0  -9999
C0G660 2010051502  -9999  -9999  -9999  -9999  -9999    0.0  -9999
C0G660 2010051503  -9999  -9999  -9999  -9999  -9999    0.0  -9999
C0G660 2010051504  -9999  -9999  -9999  -9999  -9999    0.0  -9999
C0G660 2010051505  -9999  -9999  -9999  -9999  -9999    0.0  -9999
C0G660 2010051506  -9999  -9999  -9999  -9999  -9999    0.0  -9999
C0G660 2010051507  -9999  -9999  -9999  -9999  -9999    0.0  -9999
C0G660 2010051508  -9999  -9999  -9999  -9999  -9999    0.0  -9999
C0G660 2010051509  -9999  -9999  -9999  -9999  -9999    0.0  -9999
C0G660 2010051510  -9999  -9999  -9999  -9999  -9999    0.0  -9999
C0G660 2010051511  -9999  -9999  -9999  -9999  -9999    0.0  -9999
C0G660 2010051512  -9999  -9999  -9999  -9999  -9999    0.0  -9999
C0G660 2010051513  -9999  -9999  -9999  -9999  -9999    0.0  -9999
C0G660 2010051514  -9999  -9999  -9999  -9999  -9999    0.0  -9999
C0G660 2010051515  -9999  -9999  -9999  -9999  -9999    0.0  -9999
C0G660 2010051516  -9999  -9999  -9999  -9999  -9999    0.0  -9999
C0G660 2010051517  -9999  -9999  -9999  -9999  -9999    0.0  -9999
C0G660 2010051518  -9999  -9999  -9999  -9999  -9999    0.5  -9999
C0G660 2010051519  -9999  -9999  -9999  -9999  -9999    0.0  -9999
C0G660 2010051520  -9999  -9999  -9999  -9999  -9999    0.0  -9999
C0G660 2010051521  -9999  -9999  -9999  -9999  -9999    0.0  -9999
C0G660 2010051522  -9999  -9999  -9999  -9999  -9999    0.0  -9999
C0G660 2010051523  -9999  -9999  -9999  -9999  -9999    0.0  -9999
C0G660 2010051524  -9999  -9999  -9999  -9999  -9999    0.0  -9999
C0G660 2010051601  -9999  -9999  -9999  -9999  -9999    0.0  -9999
C0G660 2010051602  -9999  -9999  -9999  -9999  -9999    0.0  -9999
C0G660 2010051603  -9999  -9999  -9999  -9999  -9999    0.0  -9999
C0G660 2010051604  -9999  -9999  -9999  -9999  -9999    0.0  -9999
C0G660 2010051605  -9999  -9999  -9999  -9999  -9999    0.0  -9999
C0G660 2010051606  -9999  -9999  -9999  -9999  -9999    0.0  -9999
C0G660 2010051607  -9999  -9999  -9999  -9999  -9999    0.0  -9999
C0G660 2010051608  -9999  -9999  -9999  -9999  -9999    0.0  -9999
C0G660 2010051609  -9999  -9999  -9999  -9999  -9999    0.0  -9999
C0G660 2010051610  -9999  -9999  -9999  -9999  -9999    0.0  -9999
C0G660 2010051611  -9999  -9999  -9999  -9999  -9999    0.0  -9999
C0G660 2010051612  -9999  -9999  -9999  -9999  -9999    0.0  -9999
C0G660 2010051613  -9999  -9999  -9999  -9999  -9999    0.0  -9999
C0G660 2010051614  -9999  -9999  -9999  -9999  -9999    0.0  -9999
C0G660 2010051615  -9999  -9999  -9999  -9999  -9999    0.0  -9999
C0G660 2010051616  -9999  -9999  -9999  -9999  -9999    0.0  -9999
C0G660 2010051617  -9999  -9999  -9999  -9999  -9999    0.0  -9999
C0G660 2010051618  -9999  -9999  -9999  -9999  -9999    0.0  -9999
C0G660 2010051619  -9999  -9999  -9999  -9999  -9999    0.0  -9999
C0G660 2010051620  -9999  -9999  -9999  -9999  -9999    0.0  -9999
C0G660 2010051621  -9999  -9999  -9999  -9999  -9999    0.0  -9999
C0G660 2010051622  -9999  -9999  -9999  -9999  -9999    0.0  -9999
C0G660 2010051623  -9999  -9999  -9999  -9999  -9999    0.0  -9999
C0G660 2010051624  -9999  -9999  -9999  -9999  -9999    0.0  -9999
C0G660 2010051701  -9999  -9999  -9999  -9999  -9999    0.0  -9999
C0G660 2010051702  -9999  -9999  -9999  -9999  -9999    0.0  -9999
C0G660 2010051703  -9999  -9999  -9999  -9999  -9999    0.0  -9999
C0G660 2010051704  -9999  -9999  -9999  -9999  -9999    0.0  -9999
C0G660 2010051705  -9999  -9999  -9999  -9999  -9999    0.0  -9999
C0G660 2010051706  -9999  -9999  -9999  -9999  -9999    0.0  -9999
C0G660 2010051707  -9999  -9999  -9999  -9999  -9999    0.0  -9999
C0G660 2010051708  -9999  -9999  -9999  -9999  -9999    0.0  -9999
C0G660 2010051709  -9999  -9999  -9999  -9999  -9999    0.0  -9999
C0G660 2010051710  -9999  -9999  -9999  -9999  -9999    0.0  -9999
C0G660 2010051711  -9999  -9999  -9999  -9999  -9999    0.0  -9999
C0G660 2010051712  -9999  -9999  -9999  -9999  -9999    0.0  -9999
C0G660 2010051713  -9999  -9999  -9999  -9999  -9999    0.0  -9999
C0G660 2010051714  -9999  -9999  -9999  -9999  -9999    0.0  -9999
C0G660 2010051715  -9999  -9999  -9999  -9999  -9999    0.0  -9999
C0G660 2010051716  -9999  -9999  -9999  -9999  -9999    0.0  -9999
C0G660 2010051717  -9999  -9999  -9999  -9999  -9999    0.0  -9999
C0G660 2010051718  -9999  -9999  -9999  -9999  -9999    0.0  -9999
C0G660 2010051719  -9999  -9999  -9999  -9999  -9999    0.0  -9999
C0G660 2010051720  -9999  -9999  -9999  -9999  -9999    0.0  -9999
C0G660 2010051721  -9999  -9999  -9999  -9999  -9999    0.0  -9999
C0G660 2010051722  -9999  -9999  -9999  -9999  -9999    0.0  -9999
C0G660 2010051723  -9999  -9999  -9999  -9999  -9999    0.0  -9999
C0G660 2010051724  -9999  -9999  -9999  -9999  -9999    0.0  -9999
C0G660 2010051801  -9999  -9999  -9999  -9999  -9999    0.0  -9999
C0G660 2010051802  -9999  -9999  -9999  -9999  -9999    0.0  -9999
C0G660 2010051803  -9999  -9999  -9999  -9999  -9999    0.0  -9999
C0G660 2010051804  -9999  -9999  -9999  -9999  -9999    0.0  -9999
C0G660 2010051805  -9999  -9999  -9999  -9999  -9999    0.0  -9999
C0G660 2010051806  -9999  -9999  -9999  -9999  -9999    0.0  -9999
C0G660 2010051807  -9999  -9999  -9999  -9999  -9999    0.0  -9999
C0G660 2010051808  -9999  -9999  -9999  -9999  -9999    0.0  -9999
C0G660 2010051809  -9999  -9999  -9999  -9999  -9999    0.0  -9999
C0G660 2010051810  -9999  -9999  -9999  -9999  -9999    0.0  -9999
C0G660 2010051811  -9999  -9999  -9999  -9999  -9999    0.0  -9999
C0G660 2010051812  -9999  -9999  -9999  -9999  -9999    0.0  -9999
C0G660 2010051813  -9999  -9999  -9999  -9999  -9999    0.0  -9999
C0G660 2010051814  -9999  -9999  -9999  -9999  -9999    0.0  -9999
C0G660 2010051815  -9999  -9999  -9999  -9999  -9999    0.0  -9999
C0G660 2010051816  -9999  -9999  -9999  -9999  -9999    0.0  -9999
C0G660 2010051817  -9999  -9999  -9999  -9999  -9999    0.0  -9999
C0G660 2010051818  -9999  -9999  -9999  -9999  -9999    0.0  -9999
C0G660 2010051819  -9999  -9999  -9999  -9999  -9999    0.0  -9999
C0G660 2010051820  -9999  -9999  -9999  -9999  -9999    0.0  -9999
C0G660 2010051821  -9999  -9999  -9999  -9999  -9999    0.0  -9999
C0G660 2010051822  -9999  -9999  -9999  -9999  -9999    0.0  -9999
C0G660 2010051823  -9999  -9999  -9999  -9999  -9999    0.0  -9999
C0G660 2010051824  -9999  -9999  -9999  -9999  -9999    0.0  -9999
C0G660 2010051901  -9999  -9999  -9999  -9999  -9999    0.0  -9999
C0G660 2010051902  -9999  -9999  -9999  -9999  -9999    0.0  -9999
C0G660 2010051903  -9999  -9999  -9999  -9999  -9999    0.0  -9999
C0G660 2010051904  -9999  -9999  -9999  -9999  -9999    0.0  -9999
C0G660 2010051905  -9999  -9999  -9999  -9999  -9999    0.0  -9999
C0G660 2010051906  -9999  -9999  -9999  -9999  -9999    0.0  -9999
C0G660 2010051907  -9999  -9999  -9999  -9999  -9999    0.0  -9999
C0G660 2010051908  -9999  -9999  -9999  -9999  -9999    0.0  -9999
C0G660 2010051909  -9999  -9999  -9999  -9999  -9999    0.0  -9999
C0G660 2010051910  -9999  -9999  -9999  -9999  -9999    0.0  -9999
C0G660 2010051911  -9999  -9999  -9999  -9999  -9999    0.0  -9999
C0G660 2010051912  -9999  -9999  -9999  -9999  -9999    0.0  -9999
C0G660 2010051913  -9999  -9999  -9999  -9999  -9999    0.0  -9999
C0G660 2010051914  -9999  -9999  -9999  -9999  -9999    0.0  -9999
C0G660 2010051915  -9999  -9999  -9999  -9999  -9999    0.0  -9999
C0G660 2010051916  -9999  -9999  -9999  -9999  -9999    0.0  -9999
C0G660 2010051917  -9999  -9999  -9999  -9999  -9999    0.0  -9999
C0G660 2010051918  -9999  -9999  -9999  -9999  -9999    0.0  -9999
C0G660 2010051919  -9999  -9999  -9999  -9999  -9999    0.0  -9999
C0G660 2010051920  -9999  -9999  -9999  -9999  -9999    0.0  -9999
C0G660 2010051921  -9999  -9999  -9999  -9999  -9999    0.0  -9999
C0G660 2010051922  -9999  -9999  -9999  -9999  -9999    0.0  -9999
C0G660 2010051923  -9999  -9999  -9999  -9999  -9999    0.0  -9999
C0G660 2010051924  -9999  -9999  -9999  -9999  -9999    0.0  -9999
C0G660 2010052001  -9999  -9999  -9999  -9999  -9999    0.0  -9999
C0G660 2010052002  -9999  -9999  -9999  -9999  -9999    0.0  -9999
C0G660 2010052003  -9999  -9999  -9999  -9999  -9999    0.0  -9999
C0G660 2010052004  -9999  -9999  -9999  -9999  -9999    0.0  -9999
C0G660 2010052005  -9999  -9999  -9999  -9999  -9999    0.0  -9999
C0G660 2010052006  -9999  -9999  -9999  -9999  -9999    0.0  -9999
C0G660 2010052007  -9999  -9999  -9999  -9999  -9999    0.0  -9999
C0G660 2010052008  -9999  -9999  -9999  -9999  -9999    0.0  -9999
C0G660 2010052009  -9999  -9999  -9999  -9999  -9999    0.0  -9999
C0G660 2010052010  -9999  -9999  -9999  -9999  -9999    0.0  -9999
C0G660 2010052011  -9999  -9999  -9999  -9999  -9999    0.0  -9999
C0G660 2010052012  -9999  -9999  -9999  -9999  -9999    0.0  -9999
C0G660 2010052013  -9999  -9999  -9999  -9999  -9999    0.0  -9999
C0G660 2010052014  -9999  -9999  -9999  -9999  -9999    0.0  -9999
C0G660 2010052015  -9999  -9999  -9999  -9999  -9999    0.0  -9999
C0G660 2010052016  -9999  -9999  -9999  -9999  -9999    0.0  -9999
C0G660 2010052017  -9999  -9999  -9999  -9999  -9999    0.0  -9999
C0G660 2010052018  -9999  -9999  -9999  -9999  -9999    0.0  -9999
C0G660 2010052019  -9999  -9999  -9999  -9999  -9999    0.0  -9999
C0G660 2010052020  -9999  -9999  -9999  -9999  -9999    0.0  -9999
C0G660 2010052021  -9999  -9999  -9999  -9999  -9999    0.0  -9999
C0G660 2010052022  -9999  -9999  -9999  -9999  -9999    0.0  -9999
C0G660 2010052023  -9999  -9999  -9999  -9999  -9999    0.0  -9999
C0G660 2010052024  -9999  -9999  -9999  -9999  -9999    0.0  -9999
C0G660 2010052101  -9999  -9999  -9999  -9999  -9999    0.0  -9999
C0G660 2010052102  -9999  -9999  -9999  -9999  -9999    0.0  -9999
C0G660 2010052103  -9999  -9999  -9999  -9999  -9999    0.0  -9999
C0G660 2010052104  -9999  -9999  -9999  -9999  -9999    0.0  -9999
C0G660 2010052105  -9999  -9999  -9999  -9999  -9999    0.0  -9999
C0G660 2010052106  -9999  -9999  -9999  -9999  -9999    0.0  -9999
C0G660 2010052107  -9999  -9999  -9999  -9999  -9999    0.0  -9999
C0G660 2010052108  -9999  -9999  -9999  -9999  -9999    0.0  -9999
C0G660 2010052109  -9999  -9999  -9999  -9999  -9999    0.0  -9999
C0G660 2010052110  -9999  -9999  -9999  -9999  -9999    0.0  -9999
C0G660 2010052111  -9999  -9999  -9999  -9999  -9999    0.0  -9999
C0G660 2010052112  -9999  -9999  -9999  -9999  -9999    0.0  -9999
C0G660 2010052113  -9999  -9999  -9999  -9999  -9999    0.0  -9999
C0G660 2010052114  -9999  -9999  -9999  -9999  -9999    0.0  -9999
C0G660 2010052115  -9999  -9999  -9999  -9999  -9999    0.0  -9999
C0G660 2010052116  -9999  -9999  -9999  -9999  -9999    0.0  -9999
C0G660 2010052117  -9999  -9999  -9999  -9999  -9999    0.0  -9999
C0G660 2010052118  -9999  -9999  -9999  -9999  -9999    0.0  -9999
C0G660 2010052119  -9999  -9999  -9999  -9999  -9999    0.0  -9999
C0G660 2010052120  -9999  -9999  -9999  -9999  -9999    0.0  -9999
C0G660 2010052121  -9999  -9999  -9999  -9999  -9999    0.0  -9999
C0G660 2010052122  -9999  -9999  -9999  -9999  -9999    0.0  -9999
C0G660 2010052123  -9999  -9999  -9999  -9999  -9999    0.0  -9999
C0G660 2010052124  -9999  -9999  -9999  -9999  -9999    0.0  -9999
C0G660 2010052201  -9999  -9999  -9999  -9999  -9999    0.0  -9999
C0G660 2010052202  -9999  -9999  -9999  -9999  -9999    0.0  -9999
C0G660 2010052203  -9999  -9999  -9999  -9999  -9999    0.0  -9999
C0G660 2010052204  -9999  -9999  -9999  -9999  -9999    0.0  -9999
C0G660 2010052205  -9999  -9999  -9999  -9999  -9999    0.0  -9999
C0G660 2010052206  -9999  -9999  -9999  -9999  -9999    0.0  -9999
C0G660 2010052207  -9999  -9999  -9999  -9999  -9999    0.0  -9999
C0G660 2010052208  -9999  -9999  -9999  -9999  -9999    0.0  -9999
C0G660 2010052209  -9999  -9999  -9999  -9999  -9999    0.0  -9999
C0G660 2010052210  -9999  -9999  -9999  -9999  -9999    0.0  -9999
C0G660 2010052211  -9999  -9999  -9999  -9999  -9999    0.0  -9999
C0G660 2010052212  -9999  -9999  -9999  -9999  -9999    0.0  -9999
C0G660 2010052213  -9999  -9999  -9999  -9999  -9999    0.0  -9999
C0G660 2010052214  -9999  -9999  -9999  -9999  -9999    0.0  -9999
C0G660 2010052215  -9999  -9999  -9999  -9999  -9999    0.0  -9999
C0G660 2010052216  -9999  -9999  -9999  -9999  -9999    0.0  -9999
C0G660 2010052217  -9999  -9999  -9999  -9999  -9999    0.0  -9999
C0G660 2010052218  -9999  -9999  -9999  -9999  -9999    0.0  -9999
C0G660 2010052219  -9999  -9999  -9999  -9999  -9999    0.0  -9999
C0G660 2010052220  -9999  -9999  -9999  -9999  -9999    0.0  -9999
C0G660 2010052221  -9999  -9999  -9999  -9999  -9999    0.0  -9999
C0G660 2010052222  -9999  -9999  -9999  -9999  -9999    0.0  -9999
C0G660 2010052223  -9999  -9999  -9999  -9999  -9999    0.0  -9999
C0G660 2010052224  -9999  -9999  -9999  -9999  -9999    0.0  -9999
C0G660 2010052301  -9999  -9999  -9999  -9999  -9999    0.0  -9999
C0G660 2010052302  -9999  -9999  -9999  -9999  -9999    0.0  -9999
C0G660 2010052303  -9999  -9999  -9999  -9999  -9999    0.0  -9999
C0G660 2010052304  -9999  -9999  -9999  -9999  -9999    0.0  -9999
C0G660 2010052305  -9999  -9999  -9999  -9999  -9999    0.0  -9999
C0G660 2010052306  -9999  -9999  -9999  -9999  -9999    0.0  -9999
C0G660 2010052307  -9999  -9999  -9999  -9999  -9999    0.0  -9999
C0G660 2010052308  -9999  -9999  -9999  -9999  -9999    0.0  -9999
C0G660 2010052309  -9999  -9999  -9999  -9999  -9999    7.0  -9999
C0G660 2010052310  -9999  -9999  -9999  -9999  -9999    8.0  -9999
C0G660 2010052311  -9999  -9999  -9999  -9999  -9999   16.0  -9999
C0G660 2010052312  -9999  -9999  -9999  -9999  -9999    5.0  -9999
C0G660 2010052313  -9999  -9999  -9999  -9999  -9999    2.0  -9999
C0G660 2010052314  -9999  -9999  -9999  -9999  -9999    1.0  -9999
C0G660 2010052315  -9999  -9999  -9999  -9999  -9999    1.5  -9999
C0G660 2010052316  -9999  -9999  -9999  -9999  -9999    2.0  -9999
C0G660 2010052317  -9999  -9999  -9999  -9999  -9999    0.5  -9999
C0G660 2010052318  -9999  -9999  -9999  -9999  -9999    4.0  -9999
C0G660 2010052319  -9999  -9999  -9999  -9999  -9999    0.0  -9999
C0G660 2010052320  -9999  -9999  -9999  -9999  -9999    4.0  -9999
C0G660 2010052321  -9999  -9999  -9999  -9999  -9999    1.5  -9999
C0G660 2010052322  -9999  -9999  -9999  -9999  -9999    0.5  -9999
C0G660 2010052323  -9999  -9999  -9999  -9999  -9999    1.0  -9999
C0G660 2010052324  -9999  -9999  -9999  -9999  -9999    0.0  -9999
C0G660 2010052401  -9999  -9999  -9999  -9999  -9999    0.0  -9999
C0G660 2010052402  -9999  -9999  -9999  -9999  -9999    0.0  -9999
C0G660 2010052403  -9999  -9999  -9999  -9999  -9999    0.0  -9999
C0G660 2010052404  -9999  -9999  -9999  -9999  -9999    0.0  -9999
C0G660 2010052405  -9999  -9999  -9999  -9999  -9999    0.0  -9999
C0G660 2010052406  -9999  -9999  -9999  -9999  -9999    0.0  -9999
C0G660 2010052407  -9999  -9999  -9999  -9999  -9999    0.0  -9999
C0G660 2010052408  -9999  -9999  -9999  -9999  -9999    0.0  -9999
C0G660 2010052409  -9999  -9999  -9999  -9999  -9999    0.0  -9999
C0G660 2010052410  -9999  -9999  -9999  -9999  -9999    0.0  -9999
C0G660 2010052411  -9999  -9999  -9999  -9999  -9999    0.0  -9999
C0G660 2010052412  -9999  -9999  -9999  -9999  -9999    0.0  -9999
C0G660 2010052413  -9999  -9999  -9999  -9999  -9999    0.0  -9999
C0G660 2010052414  -9999  -9999  -9999  -9999  -9999    0.0  -9999
C0G660 2010052415  -9999  -9999  -9999  -9999  -9999    0.0  -9999
C0G660 2010052416  -9999  -9999  -9999  -9999  -9999    0.0  -9999
C0G660 2010052417  -9999  -9999  -9999  -9999  -9999    0.0  -9999
C0G660 2010052418  -9999  -9999  -9999  -9999  -9999    0.0  -9999
C0G660 2010052419  -9999  -9999  -9999  -9999  -9999    0.0  -9999
C0G660 2010052420  -9999  -9999  -9999  -9999  -9999    0.0  -9999
C0G660 2010052421  -9999  -9999  -9999  -9999  -9999    0.0  -9999
C0G660 2010052422  -9999  -9999  -9999  -9999  -9999    0.0  -9999
C0G660 2010052423  -9999  -9999  -9999  -9999  -9999    0.0  -9999
C0G660 2010052424  -9999  -9999  -9999  -9999  -9999    0.0  -9999
C0G660 2010052501  -9999  -9999  -9999  -9999  -9999    0.0  -9999
C0G660 2010052502  -9999  -9999  -9999  -9999  -9999    0.0  -9999
C0G660 2010052503  -9999  -9999  -9999  -9999  -9999    0.0  -9999
C0G660 2010052504  -9999  -9999  -9999  -9999  -9999    0.0  -9999
C0G660 2010052505  -9999  -9999  -9999  -9999  -9999    0.0  -9999
C0G660 2010052506  -9999  -9999  -9999  -9999  -9999    0.0  -9999
C0G660 2010052507  -9999  -9999  -9999  -9999  -9999    0.0  -9999
C0G660 2010052508  -9999  -9999  -9999  -9999  -9999    0.0  -9999
C0G660 2010052509  -9999  -9999  -9999  -9999  -9999    0.0  -9999
C0G660 2010052510  -9999  -9999  -9999  -9999  -9999    0.0  -9999
C0G660 2010052511  -9999  -9999  -9999  -9999  -9999    0.0  -9999
C0G660 2010052512  -9999  -9999  -9999  -9999  -9999    0.0  -9999
C0G660 2010052513  -9999  -9999  -9999  -9999  -9999    0.0  -9999
C0G660 2010052514  -9999  -9999  -9999  -9999  -9999    0.0  -9999
C0G660 2010052515  -9999  -9999  -9999  -9999  -9999    0.0  -9999
C0G660 2010052516  -9999  -9999  -9999  -9999  -9999    0.0  -9999
C0G660 2010052517  -9999  -9999  -9999  -9999  -9999    0.0  -9999
C0G660 2010052518  -9999  -9999  -9999  -9999  -9999    0.0  -9999
C0G660 2010052519  -9999  -9999  -9999  -9999  -9999    0.0  -9999
C0G660 2010052520  -9999  -9999  -9999  -9999  -9999    0.0  -9999
C0G660 2010052521  -9999  -9999  -9999  -9999  -9999    0.0  -9999
C0G660 2010052522  -9999  -9999  -9999  -9999  -9999    0.0  -9999
C0G660 2010052523  -9999  -9999  -9999  -9999  -9999    0.0  -9999
C0G660 2010052524  -9999  -9999  -9999  -9999  -9999    0.0  -9999
C0G660 2010052601  -9999  -9999  -9999  -9999  -9999    0.0  -9999
C0G660 2010052602  -9999  -9999  -9999  -9999  -9999    0.0  -9999
C0G660 2010052603  -9999  -9999  -9999  -9999  -9999    0.0  -9999
C0G660 2010052604  -9999  -9999  -9999  -9999  -9999    0.0  -9999
C0G660 2010052605  -9999  -9999  -9999  -9999  -9999    0.0  -9999
C0G660 2010052606  -9999  -9999  -9999  -9999  -9999    0.0  -9999
C0G660 2010052607  -9999  -9999  -9999  -9999  -9999    0.0  -9999
C0G660 2010052608  -9999  -9999  -9999  -9999  -9999    0.0  -9999
C0G660 2010052609  -9999  -9999  -9999  -9999  -9999    0.0  -9999
C0G660 2010052610  -9999  -9999  -9999  -9999  -9999    0.0  -9999
C0G660 2010052611  -9999  -9999  -9999  -9999  -9999    0.0  -9999
C0G660 2010052612  -9999  -9999  -9999  -9999  -9999    0.0  -9999
C0G660 2010052613  -9999  -9999  -9999  -9999  -9999    0.0  -9999
C0G660 2010052614  -9999  -9999  -9999  -9999  -9999    0.0  -9999
C0G660 2010052615  -9999  -9999  -9999  -9999  -9999    0.0  -9999
C0G660 2010052616  -9999  -9999  -9999  -9999  -9999    0.0  -9999
C0G660 2010052617  -9999  -9999  -9999  -9999  -9999    0.0  -9999
C0G660 2010052618  -9999  -9999  -9999  -9999  -9999    0.0  -9999
C0G660 2010052619  -9999  -9999  -9999  -9999  -9999    0.0  -9999
C0G660 2010052620  -9999  -9999  -9999  -9999  -9999    0.0  -9999
C0G660 2010052621  -9999  -9999  -9999  -9999  -9999    0.0  -9999
C0G660 2010052622  -9999  -9999  -9999  -9999  -9999    0.0  -9999
C0G660 2010052623  -9999  -9999  -9999  -9999  -9999    0.0  -9999
C0G660 2010052624  -9999  -9999  -9999  -9999  -9999    0.0  -9999
C0G660 2010052701  -9999  -9999  -9999  -9999  -9999    0.0  -9999
C0G660 2010052702  -9999  -9999  -9999  -9999  -9999    0.0  -9999
C0G660 2010052703  -9999  -9999  -9999  -9999  -9999    0.0  -9999
C0G660 2010052704  -9999  -9999  -9999  -9999  -9999    0.0  -9999
C0G660 2010052705  -9999  -9999  -9999  -9999  -9999    0.0  -9999
C0G660 2010052706  -9999  -9999  -9999  -9999  -9999    0.0  -9999
C0G660 2010052707  -9999  -9999  -9999  -9999  -9999    0.0  -9999
C0G660 2010052708  -9999  -9999  -9999  -9999  -9999    0.0  -9999
C0G660 2010052709  -9999  -9999  -9999  -9999  -9999    0.0  -9999
C0G660 2010052710  -9999  -9999  -9999  -9999  -9999    0.0  -9999
C0G660 2010052711  -9999  -9999  -9999  -9999  -9999    0.0  -9999
C0G660 2010052712  -9999  -9999  -9999  -9999  -9999    0.0  -9999
C0G660 2010052713  -9999  -9999  -9999  -9999  -9999    0.0  -9999
C0G660 2010052714  -9999  -9999  -9999  -9999  -9999    0.0  -9999
C0G660 2010052715  -9999  -9999  -9999  -9999  -9999    0.0  -9999
C0G660 2010052716  -9999  -9999  -9999  -9999  -9999    0.0  -9999
C0G660 2010052717  -9999  -9999  -9999  -9999  -9999    0.0  -9999
C0G660 2010052718  -9999  -9999  -9999  -9999  -9999    0.0  -9999
C0G660 2010052719  -9999  -9999  -9999  -9999  -9999    0.0  -9999
C0G660 2010052720  -9999  -9999  -9999  -9999  -9999    0.0  -9999
C0G660 2010052721  -9999  -9999  -9999  -9999  -9999    0.0  -9999
C0G660 2010052722  -9999  -9999  -9999  -9999  -9999    0.0  -9999
C0G660 2010052723  -9999  -9999  -9999  -9999  -9999    0.0  -9999
C0G660 2010052724  -9999  -9999  -9999  -9999  -9999    0.0  -9999
C0G660 2010052801  -9999  -9999  -9999  -9999  -9999    0.0  -9999
C0G660 2010052802  -9999  -9999  -9999  -9999  -9999    0.0  -9999
C0G660 2010052803  -9999  -9999  -9999  -9999  -9999    0.0  -9999
C0G660 2010052804  -9999  -9999  -9999  -9999  -9999    0.0  -9999
C0G660 2010052805  -9999  -9999  -9999  -9999  -9999    0.0  -9999
C0G660 2010052806  -9999  -9999  -9999  -9999  -9999    0.0  -9999
C0G660 2010052807  -9999  -9999  -9999  -9999  -9999    0.0  -9999
C0G660 2010052808  -9999  -9999  -9999  -9999  -9999    0.0  -9999
C0G660 2010052809  -9999  -9999  -9999  -9999  -9999    0.0  -9999
C0G660 2010052810  -9999  -9999  -9999  -9999  -9999    0.0  -9999
C0G660 2010052811  -9999  -9999  -9999  -9999  -9999    0.0  -9999
C0G660 2010052812  -9999  -9999  -9999  -9999  -9999    0.0  -9999
C0G660 2010052813  -9999  -9999  -9999  -9999  -9999    0.0  -9999
C0G660 2010052814  -9999  -9999  -9999  -9999  -9999    0.0  -9999
C0G660 2010052815  -9999  -9999  -9999  -9999  -9999    0.0  -9999
C0G660 2010052816  -9999  -9999  -9999  -9999  -9999    0.0  -9999
C0G660 2010052817  -9999  -9999  -9999  -9999  -9999    0.0  -9999
C0G660 2010052818  -9999  -9999  -9999  -9999  -9999    0.0  -9999
C0G660 2010052819  -9999  -9999  -9999  -9999  -9999    0.0  -9999
C0G660 2010052820  -9999  -9999  -9999  -9999  -9999    0.0  -9999
C0G660 2010052821  -9999  -9999  -9999  -9999  -9999    0.0  -9999
C0G660 2010052822  -9999  -9999  -9999  -9999  -9999    0.0  -9999
C0G660 2010052823  -9999  -9999  -9999  -9999  -9999    0.0  -9999
C0G660 2010052824  -9999  -9999  -9999  -9999  -9999    0.5  -9999
C0G660 2010052901  -9999  -9999  -9999  -9999  -9999    0.5  -9999
C0G660 2010052902  -9999  -9999  -9999  -9999  -9999    0.0  -9999
C0G660 2010052903  -9999  -9999  -9999  -9999  -9999    0.0  -9999
C0G660 2010052904  -9999  -9999  -9999  -9999  -9999    2.0  -9999
C0G660 2010052905  -9999  -9999  -9999  -9999  -9999    1.0  -9999
C0G660 2010052906  -9999  -9999  -9999  -9999  -9999    0.0  -9999
C0G660 2010052907  -9999  -9999  -9999  -9999  -9999    0.0  -9999
C0G660 2010052908  -9999  -9999  -9999  -9999  -9999    0.0  -9999
C0G660 2010052909  -9999  -9999  -9999  -9999  -9999    0.0  -9999
C0G660 2010052910  -9999  -9999  -9999  -9999  -9999    0.0  -9999
C0G660 2010052911  -9999  -9999  -9999  -9999  -9999    0.0  -9999
C0G660 2010052912  -9999  -9999  -9999  -9999  -9999    0.0  -9999
C0G660 2010052913  -9999  -9999  -9999  -9999  -9999    0.0  -9999
C0G660 2010052914  -9999  -9999  -9999  -9999  -9999    0.0  -9999
C0G660 2010052915  -9999  -9999  -9999  -9999  -9999    0.0  -9999
C0G660 2010052916  -9999  -9999  -9999  -9999  -9999    0.0  -9999
C0G660 2010052917  -9999  -9999  -9999  -9999  -9999    0.0  -9999
C0G660 2010052918  -9999  -9999  -9999  -9999  -9999    0.0  -9999
C0G660 2010052919  -9999  -9999  -9999  -9999  -9999    0.0  -9999
C0G660 2010052920  -9999  -9999  -9999  -9999  -9999    0.0  -9999
C0G660 2010052921  -9999  -9999  -9999  -9999  -9999    0.0  -9999
C0G660 2010052922  -9999  -9999  -9999  -9999  -9999    0.0  -9999
C0G660 2010052923  -9999  -9999  -9999  -9999  -9999    0.0  -9999
C0G660 2010052924  -9999  -9999  -9999  -9999  -9999    0.0  -9999
C0G660 2010053001  -9999  -9999  -9999  -9999  -9999    0.0  -9999
C0G660 2010053002  -9999  -9999  -9999  -9999  -9999    0.0  -9999
C0G660 2010053003  -9999  -9999  -9999  -9999  -9999    0.0  -9999
C0G660 2010053004  -9999  -9999  -9999  -9999  -9999    0.0  -9999
C0G660 2010053005  -9999  -9999  -9999  -9999  -9999    0.0  -9999
C0G660 2010053006  -9999  -9999  -9999  -9999  -9999    0.0  -9999
C0G660 2010053007  -9999  -9999  -9999  -9999  -9999    0.0  -9999
C0G660 2010053008  -9999  -9999  -9999  -9999  -9999    0.0  -9999
C0G660 2010053009  -9999  -9999  -9999  -9999  -9999    0.0  -9999
C0G660 2010053010  -9999  -9999  -9999  -9999  -9999    0.0  -9999
C0G660 2010053011  -9999  -9999  -9999  -9999  -9999    0.0  -9999
C0G660 2010053012  -9999  -9999  -9999  -9999  -9999    0.0  -9999
C0G660 2010053013  -9999  -9999  -9999  -9999  -9999    0.0  -9999
C0G660 2010053014  -9999  -9999  -9999  -9999  -9999    0.0  -9999
C0G660 2010053015  -9999  -9999  -9999  -9999  -9999    0.0  -9999
C0G660 2010053016  -9999  -9999  -9999  -9999  -9999    0.0  -9999
C0G660 2010053017  -9999  -9999  -9999  -9999  -9999    0.0  -9999
C0G660 2010053018  -9999  -9999  -9999  -9999  -9999    1.5  -9999
C0G660 2010053019  -9999  -9999  -9999  -9999  -9999    1.0  -9999
C0G660 2010053020  -9999  -9999  -9999  -9999  -9999    0.5  -9999
C0G660 2010053021  -9999  -9999  -9999  -9999  -9999    0.5  -9999
C0G660 2010053022  -9999  -9999  -9999  -9999  -9999    0.0  -9999
C0G660 2010053023  -9999  -9999  -9999  -9999  -9999    0.0  -9999
C0G660 2010053024  -9999  -9999  -9999  -9999  -9999    0.0  -9999
C0G660 2010053101  -9999  -9999  -9999  -9999  -9999    0.0  -9999
C0G660 2010053102  -9999  -9999  -9999  -9999  -9999    0.0  -9999
C0G660 2010053103  -9999  -9999  -9999  -9999  -9999    0.0  -9999
C0G660 2010053104  -9999  -9999  -9999  -9999  -9999    0.0  -9999
C0G660 2010053105  -9999  -9999  -9999  -9999  -9999    0.0  -9999
C0G660 2010053106  -9999  -9999  -9999  -9999  -9999    0.0  -9999
C0G660 2010053107  -9999  -9999  -9999  -9999  -9999    0.0  -9999
C0G660 2010053108  -9999  -9999  -9999  -9999  -9999    0.0  -9999
C0G660 2010053109  -9999  -9999  -9999  -9999  -9999    0.0  -9999
C0G660 2010053110  -9999  -9999  -9999  -9999  -9999    0.0  -9999
C0G660 2010053111  -9999  -9999  -9999  -9999  -9999    0.0  -9999
C0G660 2010053112  -9999  -9999  -9999  -9999  -9999    0.0  -9999
C0G660 2010053113  -9999  -9999  -9999  -9999  -9999    0.0  -9999
C0G660 2010053114  -9999  -9999  -9999  -9999  -9999    0.0  -9999
C0G660 2010053115  -9999  -9999  -9999  -9999  -9999    0.0  -9999
C0G660 2010053116  -9999  -9999  -9999  -9999  -9999    0.0  -9999
C0G660 2010053117  -9999  -9999  -9999  -9999  -9999    0.0  -9999
C0G660 2010053118  -9999  -9999  -9999  -9999  -9999    0.0  -9999
C0G660 2010053119  -9999  -9999  -9999  -9999  -9999    0.0  -9999
C0G660 2010053120  -9999  -9999  -9999  -9999  -9999    0.0  -9999
C0G660 2010053121  -9999  -9999  -9999  -9999  -9999    0.0  -9999
C0G660 2010053122  -9999  -9999  -9999  -9999  -9999    0.0  -9999
C0G660 2010053123  -9999  -9999  -9999  -9999  -9999    0.0  -9999
C0G660 2010053124  -9999  -9999  -9999  -9999  -9999    0.0  -9999
